-0.0267357
-0.212104
0.196807
-0.0584554
-0.177663
-0.00304447
0.185625
0.119079
0.348213
0.0588451
-0.17732
-0.204167
-0.158702
-0.0598779
0.070336
-0.324504
-0.185865
-0.200149
0.123104
-0.0838908
0.124205
0.217398
0.121218
-0.474692
-0.0297572
-0.0431873
0.218482
-0.0482369
-0.149005
0.101849
0.0396252
-0.120047
0.0290997
-0.0933369
0.0517232
-0.164665
0.0272555
0.0197207
0.0185537
0.17469
-0.377661
-0.0322782
-0.126725
0.346679
0.0977027
-0.0210947
-0.0552219
-0.142018
-0.28655
-0.210792
-0.00360037
-0.0890582
-0.10923
-0.116372
-0.149119
0.277479
-0.207561
0.0241603
0.022924
0.26287
-0.18841
0.0171743
-0.0145686
-0.131017
-0.339691
0.169205
0.309805
-0.0303519
0.0237426
-0.162337
-0.119366
0.0129576
-0.0780809
-0.0959956
0.107134
-0.00809054
-0.182111
-0.0661604
-0.0697553
-0.00825193
0.210325
-0.195576
-0.246816
0.0488847
-0.0564039
-0.217216
-0.0499347
0.0369611
-0.0277209
0.123604
0.0326542
-0.12854
-0.0691492
-0.205164
0.145217
0.15729
0.179212
-0.0137137
0.129921
-0.379423
-0.138415
-0.125527
0.0164044
0.0454218
0.101275
-0.0945005
-0.359156
0.120742
0.00798833
-0.181954
-0.396791
-0.350948
-0.47276
-0.234322
-0.307704
-0.038803
-0.388157
0.0503101
-0.0853058
-0.168049
0.0452156
-0.173752
0.269785
-0.25827
-0.188119
-0.434908
-0.00838616
-0.0873758
-0.271299
-0.233923
-0.122308
0.0459845
-0.337806
0.192853
-0.0791043
-0.117176
-0.0945936
-0.140977
-0.090733
-0.149323
0.197022
-0.258251
-0.392633
-0.116918
-0.111425
0.188263
-0.162139
-0.277135
-0.203579
-0.257954
-0.116495
-0.14431
-0.214271
-0.172658
0.168817
0.0172169
-0.11955
-0.0706542
0.0621514
-0.143942
-0.0771638
-0.0344145
0.0284966
-0.148359
0.205997
-0.299784
-0.190791
0.188019
-0.106479
-0.0232469
0.302192
0.0174323
-0.103467
0.113686
-0.292553
-0.124941
0.0759346
0.155938
-0.141234
0.0553305
-0.398598
-0.0252387
0.0795818
-0.216916
-0.26095
-0.455903
-0.189271
-0.116847
-0.00159667
0.000999795
-0.16192
0.0768163
-0.218083
-0.216406
-0.417095
0.0144892
-0.158916
-0.00258605
-0.145425
-0.0675626
-0.337954
-0.227781
-0.204194
-0.23552
-0.0722699
-0.0403042
-0.28081
-0.373636
-0.0726968
-0.244778
-0.225655
0.0693608
0.31433
-0.226249
-0.152718
0.0754871
0.242686
0.0426418
-0.0676501
-0.304996
-0.15997
-0.271222
-0.00450329
-0.164606
-0.235713
0.0117232
-0.131186
-0.00570966
-0.0894039
-0.172338
-0.163205
-0.219647
-0.192326
-0.323153
-0.170797
0.0417085
-0.0657383
-0.0841469
-0.15839
-0.261595
-0.307532
-0.0528422
0.128677
-0.114771
0.267272
-0.0745012
-0.416619
-0.071724
-0.0439728
-0.164255
0.0451392
-0.208771
-0.146714
-0.212272
-0.487695
-0.0899636
-0.0309785
-0.0370436
-0.000829018
-0.374268
-0.210094
-0.106619
-0.183862
-0.384001
-0.26193
-0.40079
0.0602546
-0.298041
-0.133851
-0.571801
-0.425604
-0.0729379
-0.434976
-0.104288
0.129009
-0.204381
-0.473315
-0.204685
-0.332426
-0.0992602
-0.257199
0.00579575
-0.292354
-0.37368
-0.530023
-0.259116
0.0226501
-0.21094
-0.163962
-0.158324
-0.103869
-0.0157746
-0.51252
-0.297
-0.234208
-0.298636
-0.182918
-0.203547
-0.0325026
-0.260548
-0.712855
0.0139996
-0.593179
-0.14469
-0.142951
-0.168705
0.00421878
-0.27636
-0.502526
-0.102769
-0.314154
-0.309172
-0.153782
-0.417547
-0.321278
-0.0106162
-0.255401
-0.409532
0.367214
-0.124519
-0.0798844
-0.326067
-0.164406
-0.180657
-0.0398714
0.114174
-0.0168021
0.000342618
-0.16994
-0.359408
-0.0219714
-0.228972
-0.310899
-0.411539
-0.307361
-0.068897
0.169809
-0.0823696
-0.293025
0.0130948
-0.0482395
0.0506143
-0.267369
-0.196967
-0.0285249
-0.1733
-0.246304
0.020446
-0.394161
-0.3178
-0.0361758
-0.402043
-0.231229
0.00459688
-0.145642
-0.141879
-0.172126
-0.0937654
-0.125844
0.220623
-0.00371178
-0.0914367
-0.0122426
-0.191291
-0.285085
-0.0788106
-0.369122
-0.305194
-0.105912
-0.0681214
0.0808916
-0.426972
0.0255165
-0.0849779
0.0813384
-0.043143
-0.116418
-0.151879
-0.0104271
-0.101749
-0.199186
-0.318334
-0.238736
-0.177816
-0.0015213
-0.373452
0.0146867
-0.157918
-0.0836252
0.0222559
0.14249
-0.0635515
-0.162612
-0.0395834
0.132998
-0.0512445
0.0422154
-0.047527
-0.271148
0.292853
-0.165122
-0.210679
0.270587
-0.250023
-0.0648601
-0.173911
-0.179804
-0.0606556
-0.141343
-0.201485
-0.0655197
-0.200728
0.0699153
0.00721393
-0.166359
-0.0353152
-0.146509
-0.186718
-0.241001
-0.128829
-0.0961997
-0.161809
-0.00189373
-0.0578329
-0.21383
0.0449604
-0.25257
-0.197525
-0.144642
-0.292021
0.0943796
-0.4328
0.171449
-0.3493
-0.174654
0.0760498
-0.348864
0.0696492
-0.0637859
-0.405841
0.0324412
-0.0716418
-0.151616
-0.0975509
-0.0746838
0.144491
0.0961723
-0.0802265
-0.115038
-0.506737
-0.0290311
0.0326968
-0.187387
-0.136634
0.0618919
-0.268872
0.0490661
-0.453084
-0.174825
-0.467298
-0.192576
-0.123234
0.0704646
-0.187964
-0.0823558
0.0330184
-0.0812206
0.0191636
0.253362
0.0665909
-0.237601
-0.0574055
-0.676092
0.14696
0.296145
0.0251211
-0.0663085
-0.366118
-0.273693
-0.232406
0.0293102
-0.322129
-0.25815
-0.0412247
-0.182577
-0.0991533
-0.508056
-0.507367
-0.219003
-0.296837
-0.0566875
-0.267884
-0.317963
0.0768455
-0.0213112
0.032735
-0.0558694
-0.196869
-0.0538358
0.104797
-0.171695
0.0184594
-0.0727781
-0.105362
-0.398439
-0.494963
-0.245966
0.143008
-0.158509
-0.0992322
-0.0236715
-0.093336
0.018107
-0.254105
-0.148371
-0.13765
0.0218562
-0.109005
-0.166182
-0.0767972
-0.135579
-0.116183
-0.132267
-0.0846153
0.0612226
-0.0264858
0.0285066
0.165093
-0.291095
-0.000942369
-0.207895
-0.0721175
-0.0858127
-0.260734
-0.194819
0.309853
-0.298116
0.199082
-0.110216
0.0973848
-0.411126
-0.0836905
-0.1385
0.0727994
-0.0465229
-0.0546631
-0.0241926
0.0521987
-0.0512487
-0.409432
-0.38051
-0.250693
-0.129137
-0.105996
-0.0380978
0.32952
-0.145202
-0.124895
-0.00266588
-0.251213
-0.12317
0.157603
-0.105742
0.170669
-0.296249
-0.308105
0.261444
-0.160873
0.0974289
-0.151021
-0.0856364
0.0268546
-0.367811
-0.0695692
-0.429302
0.102022
0.269946
-0.0822507
-0.0928929
-0.0740283
-0.315429
-0.159161
-0.383415
0.0400251
-0.360519
-0.315816
-0.0493738
-0.288328
-0.434626
-0.0894555
0.0751297
-0.0753537
-0.314992
0.0626632
-0.01231
-0.0122387
0.0431404
0.0879442
-0.00179703
-0.405635
-0.0102114
-0.127119
-0.23479
0.0426809
-0.221225
-0.0623082
-0.193689
-0.228483
0.161984
0.116342
0.228841
-0.308312
-0.499507
0.23068
0.003062
0.0710606
-0.0233719
0.031251
-0.0425905
-0.00121716
-0.140479
-0.0599461
-0.00896999
0.0136944
-0.263016
0.0815887
0.32118
-0.156397
0.329628
-0.22356
0.0295115
-0.27342
0.0758575
-0.0583492
-0.181632
-0.149671
-0.321172
0.0895976
-0.260527
-0.163275
0.00582435
-0.0602404
-0.176098
-0.104247
-0.0686665
-0.261393
-0.071169
-0.488417
-0.104208
-0.635285
-0.298256
-0.430233
-0.102992
-0.354747
-0.0620084
-0.0502524
-0.291371
0.233068
-0.272106
-0.131414
-0.109687
-0.275475
-0.0662237
-0.19987
-0.140457
-0.0184628
-0.0338186
0.00911771
-0.144422
-0.0866481
-0.151421
0.121645
-0.267313
-0.177087
-0.0345214
-0.136484
0.0412923
-0.269993
-0.135962
-0.284239
0.116527
0.0939545
-0.162855
-0.242028
0.0508868
-0.136758
0.0872678
-0.0890153
0.167318
-0.304519
-0.269309
-0.403634
-0.24664
-0.290939
0.0192504
-0.243846
0.136324
0.00527364
0.000544913
0.0724974
-0.233105
-0.0279821
0.310244
0.0362922
-0.0179733
-0.0774357
0.191717
-0.0847309
-0.214924
-0.202214
-0.207846
-0.0993204
-0.182791
-0.256175
-0.39544
0.201458
0.0898979
-0.290522
-0.075488
0.0594328
0.184707
-0.220226
-0.226237
0.0558111
-0.177783
-0.0989054
-0.249272
-0.122005
-0.158158
-0.0336342
0.0116275
-0.00666983
-0.0807207
-0.260611
0.0125126
-0.0662577
-0.122692
-0.145297
0.185981
-0.140558
0.134121
-0.117064
-0.147656
-0.133453
-0.188205
0.186972
0.12632
-0.350936
-0.0478198
-0.124656
-0.0766353
-0.461445
-0.284821
-0.105039
-0.0491136
-0.200807
-0.0900267
-0.235023
0.0138333
-0.177435
-0.215021
-0.20739
-0.190656
-0.283456
-0.0196716
-0.126103
-0.0450962
0.00935182
-0.23342
-0.237121
-0.280467
-0.227434
0.0402658
-0.654643
-0.249965
0.0256867
-0.260311
-0.315175
0.00915569
-0.195717
0.154791
-0.459942
-0.00820276
-0.26129
-0.10725
-0.27836
-0.205684
-0.332788
-0.691328
-0.662207
-0.269989
-0.0673762
-0.368707
-0.211404
-0.558342
-0.372313
-0.326019
-0.223756
-0.376336
-0.30127
-0.164499
0.0713595
-0.369193
-0.411936
-0.323709
-0.328808
0.0658649
-0.215434
-0.0527511
-0.225912
-0.46087
0.0118841
-0.167764
-0.247849
0.150272
-0.13277
-0.121796
-0.0443772
-0.0145739
-0.105194
-0.0492844
0.0723405
0.330521
-0.138678
-0.103845
-0.156116
-0.0383842
-0.319068
0.0968197
-0.18021
0.0366567
0.00227574
0.0408971
0.045729
0.0909346
-0.235643
-0.235222
0.150091
-0.147059
-0.266234
-0.275218
-0.135153
-0.0111467
-0.0729605
-0.514967
-0.0162662
0.051339
-0.146356
-0.131934
-0.458103
-0.338957
-0.203852
-0.110839
0.130332
0.107636
0.0834101
-0.175945
-0.074156
-0.174851
-0.0275606
0.00312505
-0.0340538
-0.12803
0.0338966
0.148241
-0.0633757
0.0482886
-0.0705743
-0.318886
-0.174667
-0.314844
-0.104404
0.0575435
-0.0322154
-0.0391996
-0.164246
0.121832
-0.43542
-0.148878
0.0707932
-0.315581
-0.368849
0.0412207
-0.116951
-0.210513
-0.0466582
-0.324072
-0.0322469
-0.26799
-0.12271
0.00371283
-0.170028
-0.0649194
-0.129744
0.0602633
0.13908
-0.131068
-0.186018
-0.164271
-0.433839
-0.03213
-0.362653
-0.279971
-0.151318
-0.0919488
-0.102829
-0.13666
-0.174759
0.290402
0.211413
-0.412859
-0.387835
-0.0555412
-0.108302
-0.0876636
-0.512812
-0.0228688
-0.213477
-0.237953
-0.343319
-0.335897
-0.191722
-0.0503768
-0.371316
-0.107463
-0.299777
-0.0522198
0.189259
-0.636256
-0.427776
-0.35618
-0.310494
0.10821
-0.184109
-0.176399
-0.0893177
-0.419854
-0.197944
-0.141065
-0.283983
-0.176988
-0.224991
-0.357587
0.137077
0.222731
-0.289339
0.20358
-0.278597
-0.476809
0.018935
-0.207563
-0.0587425
-0.129734
-0.187497
-0.247316
0.0452801
-0.126134
-0.349633
-0.099146
0.00223204
-0.0675754
-0.452331
-0.184208
0.0366936
-0.0864611
-0.270682
-0.197293
-0.209598
-0.115908
-0.0468102
-0.211921
-0.668572
0.202567
-0.224558
-0.303294
-0.224163
-0.314608
0.125719
0.00676367
-0.404995
-0.0688053
0.0956669
0.0416505
0.116683
0.188985
-0.0932465
0.0129952
0.0675237
0.204943
-0.198257
0.0317302
-0.0944835
0.0102826
0.00437934
-0.179011
-0.155187
-0.23804
0.0278613
-0.239529
0.0228512
-0.442532
-0.0530251
-0.432184
-0.152516
-0.105523
0.00342834
-0.0730405
0.085294
0.332584
-0.218353
0.0529076
-0.207191
-0.108482
0.299253
-0.0889455
-0.119946
-0.384424
-0.176553
-0.178479
0.119021
-0.16649
0.135618
0.11359
0.314522
-0.0421324
0.104958
0.103017
0.0125844
-0.205031
-0.0341374
0.403862
0.122648
-0.0258051
0.126728
-0.0725175
0.316493
0.0608484
0.0762172
0.0864446
-0.123638
0.014307
0.0740707
-0.180764
0.348719
0.0235316
0.0796461
0.112802
-0.183173
-0.057636
-0.237344
-0.0520235
-0.00590981
0.42676
0.203269
0.222695
-0.0899572
0.238777
-0.245713
0.227679
0.0113742
0.124408
-0.315679
0.0454472
0.0993856
0.260738
0.078722
0.1227
0.139329
-0.0352433
0.110748
-0.00683614
0.0837864
-0.0544674
-0.167038
-0.316969
-0.0373673
-0.346337
-0.119639
-0.154069
0.166813
-0.219661
-0.223285
0.0280029
-0.0907379
-0.0155969
0.195326
-0.0736223
-0.341262
-0.254322
-0.0250262
-0.0223232
-0.0358909
-0.076228
0.120696
-0.0579799
-0.300673
-0.233446
0.0848911
0.0411471
0.205115
0.0252856
0.627917
-0.278308
-0.45407
-0.588257
0.139714
0.116089
-0.305639
0.0340946
0.395819
-0.224009
-0.0502485
-0.00481363
0.321958
-0.117132
-0.42994
-0.0243364
0.37862
-0.305714
0.205347
0.403833
0.566106
-0.431335
0.472296
0.0321958
-0.169974
0.895274
0.34887
0.0774741
0.233562
-0.0365815
0.347439
-0.110914
0.0452601
0.354487
0.175848
-0.0173342
0.43849
-0.00556237
0.0458135
0.6895
0.641977
-0.251523
0.504698
0.772312
-0.124975
0.395213
0.141454
-0.105926
-0.399054
0.535299
0.4143
-0.574176
-0.737121
0.764103
0.189836
-0.685099
0.113862
-0.0631502
-0.0912399
-0.660795
-0.3954
0.141076
0.180021
0.0529846
0.0848591
-0.109736
-0.216038
-0.174015
0.174109
-0.307666
-0.320046
-0.405633
-0.00221007
-0.165742
-0.0945371
-0.603355
-0.0737001
-0.31326
0.409536
0.0987238
0.103563
0.708163
0.397459
0.0071476
-0.417157
0.679046
0.0145628
-0.335066
0.234033
0.543054
0.0363863
-0.0884337
0.0893484
0.20287
-0.246643
-0.673052
-0.582551
0.546049
-0.181
-0.358135
0.172295
0.134388
-0.522536
-0.218299
0.732164
0.929644
-0.162122
0.523606
0.448227
-0.105259
0.396408
-0.131721
0.306932
0.0903759
-0.114661
-0.00358416
0.490666
0.138955
-0.409071
0.128667
0.17392
-0.208979
-0.737806
-0.223946
-0.444224
-0.0713391
0.43909
0.195872
-0.0727144
-0.652812
-0.461505
-0.274058
-0.743285
-0.154802
0.192079
-0.254974
-0.076355
-0.631767
-0.823661
-0.270112
-0.100619
-0.314251
-0.112957
-0.300872
0.0652805
-0.224388
0.317749
0.604612
-0.160461
0.0602457
-0.246099
0.130257
0.0223176
0.12174
0.257638
0.318301
0.579364
0.498758
-0.491166
0.0524952
0.0910426
-0.375359
-0.23827
0.177607
-0.290329
-0.361141
0.233042
0.34537
-0.35849
-0.356552
-0.376232
-0.21437
-0.051651
0.0901486
-0.119889
0.106245
-0.360659
-0.155837
-0.117914
-0.231203
-0.244373
0.0161649
-0.631022
0.297535
0.38754
0.037541
-0.414023
0.154017
0.127158
0.235142
-0.07672
0.0403511
0.840943
0.323892
-0.21306
0.405785
0.614476
0.444357
-0.115025
-0.112235
0.249504
0.368896
-0.221236
0.094423
0.133332
-0.0234924
0.372386
-0.189422
-0.0611234
0.15412
-0.204447
0.364159
0.382124
-0.0923505
0.219721
0.417836
0.268903
0.513863
0.187519
-0.0403475
0.228013
0.287739
-0.0467872
0.0472128
0.261787
0.28957
0.540278
-0.137366
-0.252347
0.278445
0.164689
-0.139886
-0.0114797
-0.238727
0.105252
0.0945866
-0.201094
-0.13739
0.239425
0.241103
-0.011346
-0.450872
0.252693
0.16286
-0.199932
0.146433
0.739639
0.0686098
-0.218423
0.332102
0.380035
-0.276838
-0.0601772
0.740341
0.645091
-0.137521
0.385311
1.07677
-0.373178
0.439265
0.549402
0.374591
-0.563697
0.303964
0.41348
-0.383901
0.152127
0.419618
-0.444155
-0.16531
0.214301
0.226043
-0.454753
0.33546
-0.211112
-0.0808765
-0.264521
0.263713
-0.442529
-0.389721
0.441248
0.0829705
-0.311092
0.719101
-0.185135
-0.0576035
-0.278795
0.0411213
0.0803907
0.475436
-0.109304
0.35831
-0.102368
0.107862
-0.363243
-0.162625
-0.193369
-0.276327
-0.309882
-0.433061
0.425561
0.0789738
-0.35394
-0.413556
-0.194443
0.0830714
0.49604
-0.927778
0.195022
0.31894
-0.198229
-0.00344362
0.33073
-0.129326
-0.032883
0.3902
-0.0277468
-0.0679958
0.339087
0.696917
0.0351665
0.619542
-0.235394
0.257343
0.120478
-0.194858
0.0999773
0.393051
0.150856
-0.156843
-0.122251
-0.55478
0.0712651
-0.180323
-0.0807855
-0.0834162
0.206549
0.341885
0.434639
-0.049424
-0.164218
0.122511
0.283478
-0.10343
0.0235009
-0.114586
0.428637
0.412401
-0.166112
-0.0408404
-0.131924
0.3643
0.497485
-0.153603
-0.480391
0.104281
0.278582
0.146206
0.36738
-0.277517
-0.254028
0.0792988
-0.061452
-0.220348
0.0136827
-0.313945
0.104755
-0.0641765
-0.142381
0.105877
-0.346174
0.123335
0.390018
-0.102731
0.573855
0.100225
0.246024
0.311653
0.0688263
0.100428
-0.37125
0.280664
0.0640198
0.299891
0.0373664
0.044465
0.583921
0.161485
-0.159825
0.108833
-0.175732
-0.386083
-0.0286981
0.13004
0.165101
0.0527865
0.0620577
0.245639
0.164999
0.653864
0.0795901
0.138339
0.0925975
-0.339784
0.126286
0.463209
0.178942
-0.170348
0.364485
0.477388
-0.200339
0.352542
0.0325609
-0.2898
0.74189
0.197863
0.177245
0.245717
-0.189594
-0.0561726
0.296035
0.19238
0.0863718
0.489413
-0.0633157
0.0370032
0.369401
-0.367044
-0.313087
0.0842634
0.325414
-0.0900028
0.070463
0.456795
-0.074312
-0.0881989
0.459847
-0.0895996
-0.192495
0.0127344
0.301145
-0.245334
-0.705251
0.248333
0.0461934
0.537367
0.291718
0.192833
0.0550736
-0.166624
-0.0831908
0.672739
0.299736
0.026123
1.04169
0.33991
0.310682
-0.0612777
0.401548
-0.270848
-0.181836
-0.218008
1.07572
-0.071525
-0.406263
-0.281415
0.140133
-0.263885
-0.603952
0.025269
0.64216
0.556994
-0.404635
-0.0609296
-0.0165951
-0.154444
0.00725929
0.59156
0.327235
-0.0938692
-0.0916294
0.373583
-0.258257
0.401307
0.682897
1.01509
-0.227506
0.385359
0.378929
-0.372185
0.443565
1.70991
0.691936
-0.616809
-0.0670438
0.450145
-0.464725
-1.01769
1.4808
0.849411
-0.856759
-0.190715
-0.0234072
-0.440569
-0.467872
0.697932
0.26936
-1.11207
-0.426108
0.163698
-0.957141
-0.664089
1.11733
1.6802
-0.142405
-0.451668
0.718188
0.211122
-0.00760114
0.783992
0.955202
0.706873
0.127409
0.0516779
-0.0965835
-0.534712
0.076899
0.380454
0.0702399
-0.0404448
0.54076
0.169698
-0.844372
-0.583346
0.0322753
-0.0835945
-0.614193
-0.577697
0.578147
-0.670999
0.092475
0.665749
0.520013
-0.299504
-0.154159
-0.126637
-0.691411
-0.34377
0.0860919
0.10516
-0.10371
-0.0885944
-0.138499
-0.652392
-0.0799905
-0.0172809
0.0138795
0.249413
-0.00749221
-0.407127
0.647318
0.233985
-0.493847
-0.26022
0.151437
-0.555282
0.0168349
0.502432
-0.366306
-0.234145
-0.242845
-0.280008
0.413249
0.16462
-0.16422
-0.0546501
0.146334
-0.0883217
0.332752
0.0833
-0.125583
-0.201342
-0.315302
0.472943
-0.230574
-0.548232
-0.500864
1.00702
0.407426
-0.422047
0.724053
0.198576
-0.446069
-0.32212
0.0500505
0.147276
0.136253
-0.245142
0.302807
0.28798
-0.552243
0.340388
0.866472
0.0478377
0.746408
0.836778
-0.696784
-0.71897
0.552862
-0.571659
0.0359369
0.522407
0.376841
-0.465207
-0.338017
0.277891
0.542994
0.53233
0.353361
-0.0107497
0.0768536
0.663188
-0.143019
-0.581849
-0.00785983
0.314114
-0.62999
-0.181164
0.378875
-0.123616
-0.0351953
-0.185836
-0.387035
0.0316547
-0.609551
-0.456032
0.234879
-0.121659
-0.420319
0.000119427
0.536563
-0.574496
0.103139
0.218543
0.425092
0.12909
-0.147071
0.120703
-0.0551801
-0.0427887
0.19016
0.367754
-0.0669038
0.0852799
0.40751
0.0529922
-0.741568
0.652446
0.152065
-0.22526
-0.252035
0.547505
0.121919
-0.296875
0.0495085
0.139807
-0.0293143
0.161075
0.229295
-0.024331
-0.213373
0.1811
0.29816
-0.0025831
0.557467
0.313033
0.162416
-0.171628
-0.035956
0.270638
-0.0928389
0.619856
0.408752
0.259224
-0.0100489
0.444234
0.10722
0.321297
0.335701
0.0138661
0.282627
-0.16141
-0.310992
0.532636
0.139914
0.481114
0.00255828
0.23203
-0.430735
0.186326
0.012141
0.27318
0.273768
-0.118586
-0.2382
-0.023521
-0.228092
-0.321076
-0.00934837
0.0521257
0.153468
-0.185266
-0.14547
-0.27821
0.0215627
-0.0641671
-0.163716
-0.0858166
0.161679
-0.0486521
-0.168719
0.137865
-0.317229
-0.28698
0.0601863
-0.220948
0.00771895
-0.488181
0.0540864
-0.198549
0.290728
-0.068199
-0.0608129
0.24832
-0.234085
0.189086
0.152531
0.269544
0.112188
-0.106131
-0.167989
-0.0975015
0.149105
-0.116598
0.234437
0.0784094
0.289627
0.277957
-0.192681
-0.118508
-0.0260829
-0.32331
-0.269269
0.0724221
-0.0374314
-0.136606
-0.261825
-0.221357
0.010333
0.0244241
0.269916
0.0664352
0.0103672
0.121785
-0.0123017
-0.0302154
0.0620053
-0.0257178
-0.0749327
-0.188062
0.0935043
-0.251055
-0.361658
-0.158527
-0.177704
-0.265428
-0.250885
0.0037029
-0.102032
-0.328976
-0.20221
-0.117466
0.0698518
-0.0290789
-0.188018
0.159792
-0.314914
0.0677193
0.0241527
-0.133446
-0.206378
0.0278322
0.0122834
-0.384087
0.00758861
-0.0540813
0.136335
-0.177314
-0.155904
-0.19125
0.043002
-0.1887
0.23154
-0.139844
-0.327765
0.0600029
-0.227705
0.32969
0.081088
-0.105164
-0.0233309
-0.191607
-0.167092
-0.0879248
-0.242867
-0.285639
-0.0298873
-0.140073
-0.185888
-0.397175
0.037967
0.275112
-0.184059
-0.0398179
-0.133655
0.158658
-0.245069
-0.0720081
-0.231431
-0.111837
-0.161261
-0.279194
-0.219853
-0.0578872
-0.379567
-0.246756
-0.103726
-0.157295
-0.230858
-0.419716
0.22611
-0.10727
-0.243466
-0.304494
-0.518778
0.129372
-0.427052
-0.152325
0.184461
-0.201333
-0.209717
-0.138802
-0.230573
0.152108
0.2733
-0.0754264
-0.0257158
-0.139764
0.111872
-0.132007
-0.094081
-0.0337689
-0.145997
0.0844092
-0.0518559
0.0683766
-0.202046
-0.0149861
-0.018958
-0.296595
-0.056199
-0.112488
0.0402157
0.399326
0.0850334
-0.221155
-0.0857853
0.115801
0.113676
-0.263991
-0.126333
0.0358894
0.212104
-0.150283
-0.100285
-0.168503
0.0294307
-0.244368
0.127385
0.255631
-0.227268
-0.113672
-0.0247931
0.0121747
-0.0724234
0.119983
0.0357305
0.0273299
-0.342445
-0.207907
0.0458525
0.0233014
-0.108976
0.392385
0.0193961
0.0721428
0.0614241
0.10649
-0.233743
-0.051881
-0.166238
0.0295966
-0.384547
0.07053
-0.137007
0.0192261
-0.181759
-0.141712
-0.204595
-0.276293
0.0597651
-0.273344
0.079218
0.120032
-0.190227
0.246662
-0.246493
-0.0501611
-0.137997
-0.243052
-0.302617
-0.177307
-0.103255
-0.499013
-0.112941
0.123313
-0.0844863
-0.125934
-0.0355816
-0.196485
-0.170832
-0.123318
-0.0293526
-0.390359
-0.36844
-0.066032
-0.09569
0.119028
-0.294053
-0.000998203
-0.25842
-0.0281643
-0.262928
-0.181567
0.0056464
-0.129552
-0.0317346
-0.184451
0.0305663
0.0323008
-0.188498
-0.135255
-0.0891749
-0.317038
-0.193409
-0.23669
-0.252899
-0.0523126
0.148429
-0.0183875
0.00918778
0.0695469
-0.231624
0.0390405
-0.0627415
-0.198481
-0.0500788
0.118478
-0.0530187
0.137234
-0.148809
0.235126
0.0333222
-0.064241
-0.246116
-0.0155664
-0.0794284
-0.123996
-0.0574928
-0.128868
-0.225282
0.145358
-0.0764322
0.180705
-0.0255363
0.0377955
0.0316676
0.0425611
-0.13803
-0.395732
-0.167818
0.165014
0.000264055
-0.213119
-0.00454802
-0.0581949
-0.575047
0.134841
0.0179924
-0.184173
-0.157551
0.0909048
-0.113702
0.0580108
-0.18943
-0.266875
-0.0425114
0.188308
-0.0375806
-0.49388
-0.0643216
-0.0233026
-0.348104
-0.208383
-0.0626292
-0.129929
0.0705895
-0.276741
-0.287436
0.238228
-0.211277
0.101989
-0.256167
-0.253273
-0.258848
-0.398391
-0.172968
-0.104573
0.298424
-0.315254
-0.0492015
-0.136073
-0.125043
0.0811172
-0.325639
-0.162494
0.172563
0.540761
-0.116433
0.181517
-0.181303
0.506389
0.507125
-0.0322028
0.594975
0.485601
-0.296853
-0.47714
0.786548
0.200198
-0.243063
-0.11126
0.296501
-0.480961
-0.912588
0.65052
-0.335226
-0.377015
-0.0273648
0.378233
-0.0765451
0.488549
-0.251675
0.460387
-0.272487
-0.1017
0.340656
-0.287468
0.466017
0.44718
0.342015
0.401097
0.400101
-0.482423
-0.600868
0.171375
0.27246
-0.732568
-0.895966
1.02372
-0.425046
-0.326619
0.308687
0.82659
-0.161912
1.12533
0.153109
0.388207
0.0723432
0.228326
0.118315
-0.0963074
0.436108
0.0511376
-0.0999645
-0.52531
0.401522
0.0904272
0.0449231
-0.288507
-0.0541427
1.18757
-0.341175
0.476497
-0.0347435
0.477927
-0.160452
-0.0284117
-0.0841095
0.442638
-0.378472
0.0807281
0.277514
0.0225175
0.277946
0.106854
-0.0711016
-0.124366
-0.0559255
-0.533949
-0.0945657
0.752894
-0.581919
-0.25884
1.04055
0.977952
-0.686528
0.280351
1.29367
-0.317723
0.0249004
0.580385
0.714106
-0.182262
0.329392
0.234109
0.228489
-0.0581146
0.632576
-0.369251
0.0393433
0.153575
-0.0943862
-0.162351
0.194905
0.214212
0.301659
0.890366
0.142589
0.0699036
-0.0565203
-0.0599903
0.204159
0.434652
-0.00469414
0.0945955
0.32329
0.676095
0.237022
-0.507788
0.893288
0.235479
-0.259447
-0.304846
0.288396
-0.838038
-0.261729
0.690272
-0.316947
-0.186528
0.226638
1.07295
-0.457599
0.0077227
0.399955
0.819795
-0.16033
-0.00594969
0.708298
0.0741007
-0.172929
1.46304
0.94427
-0.413297
0.723199
0.735902
-0.543236
-0.241756
0.348057
1.08907
0.404264
-0.201872
0.29473
0.296265
-0.21651
-0.854879
1.20343
0.895228
-0.0276505
-0.382116
0.686526
-0.151618
-0.82168
-0.0730442
1.98163
-0.492712
-0.296074
1.00886
0.959195
-0.160103
0.275563
1.7754
0.959609
-1.26407
1.1742
0.835133
-0.579297
-1.5346
1.53913
0.364635
-0.937886
-0.286727
0.668725
-0.727549
-0.704783
-0.547442
0.646793
-0.0966435
0.262669
0.441134
0.0506887
-0.325842
-0.581936
0.109834
-0.511734
0.241393
0.478606
0.713172
0.0263577
0.0306661
-0.498631
0.42623
0.132526
-0.251599
0.368871
0.321892
-0.316281
-0.160535
0.397945
0.856237
0.290106
0.231748
0.556176
-0.0462847
-0.015046
0.0422091
0.117918
-0.0316545
-0.169081
0.64396
-0.370188
-0.176567
0.772932
0.865438
-0.371609
0.482773
0.882865
0.526146
-0.0782509
0.702083
0.686482
0.399656
0.431124
0.0235295
0.292949
0.264338
-0.00193277
-0.0693983
0.1141
0.0887609
0.0691878
0.466833
0.517228
-0.0317408
0.18117
-0.00878467
0.0586023
-0.0819455
0.241847
0.408198
0.57262
0.0665908
0.162002
-0.0385388
0.0234637
0.204768
0.0639248
0.149215
0.298572
0.370043
0.0621215
-0.199097
0.1644
-0.0965222
-0.057369
0.202473
0.474661
0.0328403
-0.226359
0.101527
0.293614
0.00387825
0.415183
0.169178
0.224759
0.336439
-0.201787
0.0339936
0.22344
0.190556
0.095003
0.22177
0.205543
-0.0591305
0.179775
0.173957
0.285999
0.441874
0.248271
0.205182
-0.184423
0.195951
0.277729
0.350785
0.346586
0.528788
0.654463
0.327109
0.555812
0.120186
0.061471
-0.0270884
0.233834
0.303251
0.473825
0.392613
0.071217
0.110383
0.427325
0.0960828
0.428315
0.3699
0.0772766
0.0679873
-0.166579
0.154725
-0.0824478
0.359746
0.243138
0.22171
0.220634
0.134471
0.203475
0.585995
0.532986
0.232939
0.285255
0.442145
0.343275
0.192932
0.146319
0.283171
0.401546
0.486009
0.19559
-0.0312398
0.252877
-0.14678
0.285895
0.404707
0.356159
-0.0135458
0.242205
0.0301943
0.000505948
0.236334
0.0209498
0.225352
0.419571
-0.0313375
0.173954
-0.0888776
0.631762
0.373594
0.0422025
0.393441
0.119252
0.176226
0.420508
0.614871
0.296156
0.473214
0.231082
0.323055
0.347005
0.117066
0.477437
0.333845
0.148002
0.404443
0.435394
0.440537
0.343407
0.355653
0.408974
0.301609
0.105543
0.345616
0.284109
-0.247967
0.170231
0.248764
0.0249148
0.030627
0.102409
-0.34641
0.46323
0.0892043
0.11752
-0.00965214
0.173955
0.143547
0.062428
0.543942
0.0254785
0.093165
0.184177
0.383773
0.878716
0.232859
0.146507
0.015467
0.335947
0.294978
0.474533
0.0812118
0.405258
0.939823
0.107161
0.133734
0.538324
-0.0160121
0.706655
0.730405
0.25036
0.20799
0.661085
0.461411
0.123802
0.3873
0.343415
-0.056915
0.344065
0.801781
-0.109924
0.383328
0.431299
0.187272
0.290599
0.215073
0.686751
0.324831
0.46056
0.873653
0.670605
0.323073
0.513947
0.350934
-0.506199
0.174389
0.306948
0.455393
-0.174772
0.587528
-0.355014
-0.561265
0.179372
0.542233
0.212983
-0.127433
0.0324379
0.206283
-0.182311
0.0467712
-0.166148
-0.500163
0.0206131
0.163494
0.522664
0.360145
0.0564141
-0.047969
-0.0871243
0.372947
0.0390041
0.0159328
0.781908
-0.625184
0.103508
0.215986
0.159722
0.0804322
-0.431075
0.440694
-0.282195
0.126773
0.233645
0.64584
-0.275432
0.340987
0.647
-0.493841
-0.431786
0.57904
-0.279576
0.0316258
0.347053
0.4809
-0.145503
0.307955
-0.475177
0.168809
0.343023
0.075805
0.671443
-0.564553
0.383498
-0.16367
0.46577
0.361629
0.00220578
0.238587
0.612023
-0.0937144
0.17078
0.697844
0.136762
0.472675
0.653252
-0.111602
-0.19322
0.319181
-0.030179
-0.214459
-0.169318
0.150759
0.218993
0.1603
0.309713
0.145744
0.0724146
0.0988054
0.137701
0.033051
-0.0935794
0.269131
0.0489946
0.242823
0.377946
0.362956
0.455322
0.331605
0.265921
0.182359
1.10296
0.507913
0.430925
0.53874
0.343875
0.161774
0.414448
0.508385
0.650928
0.40412
0.217741
0.282127
0.494127
0.401562
0.560203
0.265767
0.127748
0.201508
0.719174
0.457904
-0.385469
0.0235289
0.411479
-0.0481806
-0.0955029
0.00929442
0.0872264
0.025889
-0.305533
0.3298
0.265881
-0.0786032
-0.171415
0.15542
0.316592
-0.156051
0.251253
-0.198159
0.169264
0.0526987
-0.201554
0.154538
0.468702
0.129696
0.357867
0.0274949
0.0946824
0.0564261
0.0122959
0.15302
0.204239
0.516921
0.401198
0.368883
0.0242995
0.24721
0.402014
0.341857
0.0893705
0.190817
0.340339
0.334748
0.0590266
0.354003
0.529106
-0.0347961
0.550618
0.0177699
0.427069
0.499904
0.449777
0.593574
0.279649
0.306852
0.687487
0.603182
0.22791
0.489671
0.23775
0.637888
0.104382
0.0357311
-0.277958
0.357219
0.370678
-0.18476
0.117888
0.145706
0.287832
-0.310898
0.00797924
0.565851
0.141348
-0.571024
-0.0948868
0.546511
0.459605
0.0465541
0.193282
0.0259438
-0.116947
0.134537
0.26522
-0.0108774
0.0142819
0.337489
0.262618
0.295551
0.382913
0.167039
0.360959
0.428847
0.0717119
0.294676
-0.121446
0.340118
0.110654
0.284155
-0.124124
-0.189766
0.189328
0.324826
0.548199
0.484339
0.137238
0.0936366
-0.122925
0.193077
-0.0646317
0.484278
-0.0455672
0.273719
0.323196
0.308445
0.147268
0.616228
0.189562
0.12074
0.135826
0.176797
0.447741
-0.0878973
0.377547
0.386736
0.596022
0.306055
0.0758901
0.342609
0.193828
0.136517
0.315743
-0.0908246
0.0365164
0.479468
-0.229476
-0.0243545
-0.0645982
0.416581
0.149167
-0.174664
-0.46245
-0.0388976
0.233117
0.00195528
-0.0832374
0.132313
0.136
0.269089
0.315986
0.416817
-0.0759298
0.123421
-0.212957
0.16272
0.217283
-0.0985416
0.239794
0.206484
0.0999547
0.394538
0.102887
0.380206
0.278698
-0.0137419
0.032989
0.271424
0.520312
0.302235
0.17742
-0.168834
0.682211
0.322061
-0.172462
0.632253
0.320644
0.415961
-0.187819
0.52869
0.682498
-0.312685
0.58059
0.56617
0.444042
-0.188426
0.519841
0.299393
0.205406
0.137974
0.502751
0.590526
0.247167
-0.354972
0.562613
0.530532
-0.0304062
-0.536488
0.599782
0.32284
-0.376271
-0.533182
0.693138
0.0872003
0.139884
0.483992
0.122614
-0.37198
0.174446
0.936092
-0.569331
-0.0637378
0.203484
0.775733
-0.584122
0.00382945
0.410317
0.384094
0.232917
0.167634
0.273376
0.589246
-0.243892
0.289716
0.904506
0.40311
-0.0854758
0.365086
0.0402828
0.100172
0.012349
0.496086
0.131032
-0.142144
0.380394
-0.0742502
-0.234238
0.411773
0.00789586
0.375317
0.325252
0.117706
0.188702
0.268188
0.392071
0.293832
-0.199532
0.21887
0.593019
0.0800236
0.439665
0.376882
0.181317
0.155823
0.837909
0.49938
-0.207928
0.077027
0.210721
0.0791596
-0.140269
0.236482
0.512779
0.073668
0.675843
0.997507
0.0837583
0.0273576
0.0166441
0.389287
-0.0312957
0.124293
0.342212
0.328424
0.0326637
0.473231
0.469052
-0.194459
0.423096
0.371172
-0.298615
-0.155338
0.481857
0.173309
-0.243796
0.0740421
0.482453
0.0554463
-0.236059
0.163896
0.395406
-0.430064
-0.438653
0.465399
-0.480746
0.270915
0.610566
0.378595
-0.0611273
-0.0305757
0.283699
0.461626
0.295527
0.108701
0.697835
0.495512
-0.126845
0.334724
0.215498
0.00227654
-0.0534751
0.109523
-0.293456
0.530781
0.433147
0.0904266
-0.177701
0.349286
0.492943
-0.0944387
0.343556
0.266667
0.0947923
0.492143
0.609361
0.153246
-0.0915487
0.29993
0.305593
0.0601475
-0.125929
0.237656
0.487139
0.439128
0.565843
0.291709
0.799097
0.734381
0.3325
0.204214
0.264623
0.464149
0.506737
0.0391562
-0.294746
0.355758
0.269295
-0.00230427
-0.0506658
0.121328
0.506246
-0.137981
0.145024
0.424335
0.544426
-0.164301
0.405462
1.16071
0.0659198
0.12246
0.322999
0.608164
0.0258287
0.154509
0.400491
0.179414
0.354153
0.274172
0.0624271
0.0616723
0.254802
-0.0248365
0.213504
0.422389
0.34371
-0.289515
-0.084845
0.764077
0.804828
-0.0241334
0.686409
0.651481
0.318633
0.341896
0.517128
0.408862
-0.0427167
-0.114391
0.370093
-0.0252617
-0.708294
0.685682
0.636074
0.137952
-0.0914319
0.41866
0.120364
-0.307107
-0.217755
0.730188
-0.277406
-0.264567
0.585107
0.140462
-0.474482
0.155879
0.383799
-0.102975
0.650906
0.379162
-0.393786
0.277629
0.67756
-0.00317592
-0.75291
0.358175
0.688958
-0.544854
-0.131303
0.493051
-0.00733087
0.145484
0.29002
0.314744
-0.107395
-0.0199993
-0.0419307
0.0395689
0.230939
-0.035872
0.233291
0.19474
-0.0231599
-0.230522
-0.0438331
0.671665
0.394539
-0.191341
0.302068
0.187118
-0.131766
0.194523
0.446512
0.697672
0.337146
0.362745
-0.0813832
-0.154916
0.321524
0.226163
0.323866
0.117587
0.125531
0.745367
0.617482
0.193861
-0.279547
0.20706
0.505812
0.114893
-0.126466
0.343839
0.295013
0.0476982
-0.207307
0.493793
0.738123
0.0682409
-0.150322
0.483958
0.543508
0.0702131
0.0342199
0.614004
0.344046
-0.00185717
-0.127993
0.443048
0.676974
-0.217475
-0.367173
0.36894
0.556443
-0.197341
-0.33198
0.0367768
0.423809
0.0841629
0.12733
0.0664302
0.364234
0.0763717
0.00866974
0.359192
-0.0636113
0.0636232
0.209266
0.308484
0.565907
0.173983
0.170094
0.703734
0.127017
0.347292
0.340215
0.512141
0.284604
0.583963
0.306269
0.234946
-0.0625472
0.354148
0.0573139
-0.185449
0.279299
0.19967
0.378792
0.305953
0.268921
-0.0881634
0.302738
-0.218633
-0.0074238
0.605758
0.892091
-0.0601649
-0.0465373
0.779153
0.0134094
0.133828
0.560436
1.12124
0.458115
0.39831
0.751292
0.405093
-0.257998
0.985154
0.00296038
0.175912
-0.033385
0.107816
0.229458
0.347689
0.309312
-0.320817
0.0787823
0.198783
0.774733
0.055612
0.687007
0.167933
0.417061
0.0521471
-0.147419
-0.1003
0.110651
0.209891
0.0318694
0.747687
0.315687
-0.375161
0.127403
0.323712
0.199644
-0.569763
0.220865
0.401053
0.0680943
0.144774
0.288291
0.0796946
-0.288823
0.498138
0.56851
-0.293479
-0.313409
0.418226
0.437561
0.0236792
0.863519
0.320255
-0.568998
0.218082
0.840787
-0.162682
-0.325131
0.446207
0.680395
-0.248817
0.36511
0.381408
0.461354
-0.132031
0.161399
0.472149
-0.160908
0.0142916
0.538381
0.147603
-0.0458012
0.264596
0.41171
0.0472356
-0.308635
0.818421
0.474699
-0.0707503
-0.207629
0.548641
0.294716
0.393941
0.245336
0.111813
0.381504
0.106137
-0.0870544
0.0405763
0.0234682
0.277317
0.736527
0.54891
0.137961
0.0659512
-0.308106
0.679928
0.254841
0.365194
0.400532
0.416328
-0.0899527
-0.666329
0.609384
0.0505925
-0.35858
0.0715064
0.63389
0.05854
0.048295
0.173223
0.732096
-0.127553
-0.14974
-0.118507
0.395246
-0.0437583
0.681656
0.591604
0.812975
0.0481391
0.507715
0.434873
0.83143
0.208822
0.333915
0.452261
0.00512071
0.47922
0.700295
0.717167
0.104598
0.475404
0.383218
-0.0719999
-0.17086
0.508476
0.325341
0.306596
0.092725
0.573662
0.260118
-0.209666
0.0465104
0.549997
0.105322
0.0331212
0.329186
0.191886
0.294738
0.877746
0.63947
0.059868
0.545068
0.464105
0.299483
0.296294
0.285591
0.622686
0.306737
0.155168
0.120254
-0.062737
0.288831
0.215479
-0.157669
0.331482
0.300978
0.031746
0.116419
-0.172033
0.437408
0.303526
-0.180655
0.0667581
0.36169
0.118151
-0.0183661
0.370319
0.219752
-0.022654
0.190521
0.137045
0.218718
-0.0624736
-0.305852
0.042564
0.33198
0.723087
-0.393918
0.113189
0.569547
0.1665
-0.432031
-0.286903
0.212095
0.153507
-0.187588
0.446944
0.086407
-0.0159733
0.0760945
0.072251
0.241425
0.304732
-0.0338799
0.174033
0.620031
0.146919
0.222298
0.397436
0.140442
-0.0229937
0.153404
0.114508
0.344037
0.864749
0.235635
-0.226103
0.0158912
0.343397
-0.108659
0.0735644
0.281941
0.632769
0.271854
0.805222
0.530815
0.0983768
0.346737
0.200739
-0.102948
0.0592274
0.281539
0.663128
0.846337
0.459553
0.607453
-0.110673
0.379351
0.482233
-0.370917
-0.200616
0.425253
0.375899
-0.292155
0.762668
-0.167739
-0.273485
-0.548761
0.387508
0.636761
-0.11703
0.0376227
-0.0177198
0.101607
0.0339257
0.179708
0.0542332
0.124143
0.130542
-0.333285
0.154181
0.321495
0.23792
-0.302934
0.1672
0.190863
0.0402022
0.357174
0.287091
0.245775
0.0539457
-0.16944
-0.261432
0.528836
0.796733
0.419483
0.383882
0.444229
0.595459
-0.00730835
-0.293827
0.61299
0.77575
0.657393
-0.342951
0.321436
0.371915
-0.0540676
0.0642726
0.24888
0.718207
0.359706
0.439193
0.464486
0.953478
0.22353
0.326946
0.327175
0.411626
0.390542
-0.294094
1.22456
0.970237
-0.171127
0.0743477
0.79498
0.541485
0.167884
-0.227234
1.26716
0.632177
0.0642305
-0.075908
0.403421
-0.0440249
-0.281265
-0.141663
1.12323
0.00927144
-0.400214
0.281805
0.0855394
-0.151442
-0.156949
0.796786
0.534266
-0.5634
0.371721
0.877838
-0.134862
-0.489476
0.665699
1.34241
0.00742718
0.00586302
0.0675978
0.871743
-0.887703
0.203253
0.692911
0.254529
0.592813
0.637554
0.0490041
-0.155696
-0.351974
0.591422
0.383612
0.162081
-0.451446
0.465262
0.225055
-0.477179
-0.133659
0.274987
-0.499299
-0.00876402
0.809055
-0.520731
-0.0333578
0.683063
0.173699
0.0702362
0.0227144
-0.147391
-0.167525
0.175598
0.435425
-0.22512
-0.16674
0.160971
0.257685
-0.0232615
0.256391
-0.304607
-0.209378
0.425427
0.667666
-0.0922726
0.469197
0.654397
0.160796
0.329604
-0.0045018
0.0266808
-0.298709
0.398775
0.914946
0.716715
0.0729518
0.763921
0.148966
-0.145548
-0.300909
0.931676
1.31296
0.305398
-0.313915
0.0285142
-0.043913
-1.08058
-0.420251
0.996952
-0.599165
-0.55854
0.254501
1.18055
-0.558946
0.456696
1.49611
0.213572
0.347553
0.934161
0.261652
-0.643297
0.403474
1.01484
-0.378125
-0.316622
0.652628
0.19928
-0.429775
-0.223537
0.73941
-0.222306
-0.234235
0.416002
-0.290581
-0.498721
-0.151528
1.10754
0.0178223
-0.163036
0.322374
0.189205
-0.619691
0.127455
1.01735
-0.580685
-0.00275067
0.480942
0.343315
-0.369007
0.393226
0.621392
-0.349367
0.0502226
0.623249
-0.0778841
0.158901
0.301266
-0.0763216
-0.129057
-0.14959
0.138152
0.684886
0.301445
0.364656
0.34413
0.68476
0.912635
0.400486
0.156226
0.61107
-0.365687
0.299248
0.504759
0.374625
0.349599
0.870183
0.244035
0.486536
0.160878
0.331777
0.47694
0.159586
0.597447
0.214574
0.189925
0.426073
0.380404
0.203461
0.56813
0.324785
0.0231876
0.253166
0.826914
0.746106
0.329376
0.162243
0.530429
-0.139042
0.430706
0.435167
0.690305
0.0820313
0.2004
0.649063
0.118485
0.874596
0.241452
0.64259
0.562462
0.355033
0.573145
0.147016
-0.11972
0.626527
-0.0363905
0.100559
0.63378
-0.0408906
0.188132
0.140017
0.267772
0.24159
-0.133465
-0.0522738
0.50738
0.0232372
0.106557
0.539175
0.587642
-0.0190151
0.0839447
0.141244
0.125742
0.0464578
0.00292357
0.150292
0.583966
0.20592
-0.0199754
0.519982
0.33881
0.186939
-0.114399
0.652661
0.369331
-0.095053
0.55748
0.927195
0.637373
0.191051
0.0891347
0.153723
0.346856
-0.069197
0.452337
0.383219
0.167658
0.290305
1.05968
-0.253044
0.432751
0.00896358
0.4739
0.211014
0.682182
1.18325
0.299839
0.23251
0.580939
0.0791119
0.622777
0.0195482
0.949931
0.115924
0.0416979
0.573527
0.245026
0.13178
0.0459575
0.710287
1.04626
-0.0314773
0.394197
0.51369
-0.182602
0.218484
1.10182
0.552024
0.467596
0.38802
0.476478
-0.0834785
-0.415785
0.53093
0.599018
0.166524
-0.157891
0.54171
0.144925
-0.381875
-0.469446
0.922079
0.245718
-0.169981
0.0473834
0.337949
-0.352591
-0.432474
-0.132844
0.107811
0.0837373
-0.152714
0.276873
0.187614
-0.112913
0.552418
0.502802
-0.454027
-0.0640722
0.360263
-0.00818682
-0.163337
0.493963
-0.118981
0.344868
-0.238005
0.0318791
0.406657
-0.254941
1.06038
0.96426
0.108939
0.373841
0.0531869
-0.242279
0.251269
-0.0817376
0.562953
0.728379
-0.330121
-0.19019
0.837023
0.166179
-0.203221
0.993318
0.325025
0.218462
0.765156
0.142068
0.212005
-0.243032
0.130266
0.962365
0.0950969
-0.160145
0.580944
0.341183
0.146991
1.23705
0.348005
-0.0052078
0.404598
0.00456558
0.157288
0.40098
0.380166
0.100406
0.321815
0.605864
-0.339872
-0.160428
0.266208
0.509694
-0.234782
0.308366
0.612269
0.67384
0.079112
0.142385
0.318866
0.211014
0.438875
0.331138
0.759967
0.357864
0.629761
0.487394
0.230289
0.0385803
-0.112668
0.0286237
0.466241
0.746446
0.296235
0.48655
0.317419
-0.0894571
-0.0909657
0.259959
0.175377
0.29927
-0.141293
0.288406
0.5852
-0.0192209
0.483584
0.426393
-0.00193042
0.513328
0.770311
-0.0774894
-0.16673
0.473444
0.427547
-0.519507
-0.11325
0.411642
0.182186
-0.124087
0.110226
0.289798
0.471641
0.882474
0.358968
-0.215433
0.331583
0.146988
-0.439143
-0.163032
0.31535
0.2785
-0.0233699
0.21876
-0.305073
-0.417628
-0.0253497
0.165354
0.200627
-0.266529
0.167157
-0.418029
-0.394636
-0.0301686
0.248866
0.0400768
0.291137
-0.200516
0.0435954
0.397257
0.0242025
0.771297
0.0573553
0.0862894
-0.00450735
0.200512
-0.377634
-0.170721
0.273616
0.0185924
0.128033
0.142085
0.273429
0.135135
0.373515
-0.265047
0.102938
0.121497
-0.0763378
-0.244774
-0.0956625
0.895014
0.145849
0.187253
0.238943
0.125052
-0.627677
-0.280663
0.748818
-0.339609
-0.266904
-0.15505
0.215877
-0.218022
0.835248
0.417691
0.0685885
0.526934
0.299068
0.175914
0.25348
0.491785
0.153453
0.00688835
-0.100119
0.113205
0.277532
0.473818
0.320252
0.485659
0.749175
0.159003
-0.0151976
0.526828
0.390946
0.930115
0.570018
0.860245
0.106206
0.499522
0.382341
0.290978
0.549359
0.873659
0.926157
0.577367
0.982464
1.22996
0.505332
1.03914
1.16162
1.12073
0.385884
0.106001
0.935897
0.111712
0.501734
0.148593
0.663518
0.710373
1.05053
0.594511
0.122072
0.44016
0.547286
0.201476
-0.180236
0.249089
1.22102
0.329202
0.154593
0.455049
0.655657
-0.45997
0.00549127
1.12692
-0.224372
-0.458318
0.0851684
0.247852
-0.0670845
-0.0476957
-0.337727
-0.0868129
-0.00716159
0.347732
0.522414
0.469555
-0.327883
0.0814067
0.143991
-0.654395
-0.778956
0.854636
0.499769
-0.760091
0.0198726
0.024276
-0.667798
-0.395019
0.0213398
-0.0796506
0.0796356
0.121511
0.184998
-1.0059
-0.63329
0.197231
0.328897
-0.723787
-0.299854
-0.405198
-0.425462
-0.160824
-0.437845
-0.677669
-0.567668
-0.304056
-0.20042
-0.176284
0.270101
-0.378721
0.383276
0.00297831
0.31315
0.0610405
0.204789
-0.0245273
0.375193
0.32303
0.351443
0.0455105
0.137351
0.104819
-0.0505987
-0.0338065
0.382328
0.371723
0.499789
0.48487
0.471078
0.151066
0.521032
0.777897
0.404621
0.0238067
0.52721
0.809047
0.352451
0.673643
0.672852
0.450723
0.726642
0.437821
0.625524
0.593002
0.386561
0.336949
0.377321
0.856371
0.689803
0.281461
0.446238
0.807073
0.554413
0.359975
0.779884
0.556737
-0.0733131
-0.111588
0.35916
0.30348
0.11008
-0.082696
0.455202
0.347388
0.210041
0.156669
-0.0726078
-0.170739
0.106105
-0.128568
-0.189368
0.31181
0.21409
-0.203334
0.167728
0.258693
0.27997
-0.593337
0.179121
0.326567
0.0426394
-0.036278
0.123853
-0.0269283
0.0203785
0.322385
0.61853
0.196615
0.0124442
-0.154742
0.380049
-0.039644
-0.43405
-0.114974
0.166712
-0.0504093
-0.176421
-0.186462
-0.13682
-0.335665
-0.103941
0.00840773
-0.252613
-0.331529
-0.456791
-0.32192
-0.302048
-0.294146
-0.418344
-0.316995
0.267649
0.104219
-0.000118838
0.384922
-0.00326166
-0.154971
-0.305036
0.0525344
0.574066
-0.385713
-0.100316
0.71002
0.0756363
-0.379857
-0.421247
-0.156938
-0.08012
-0.607255
0.514848
-0.0541856
-0.437279
0.104383
0.819091
-0.523846
0.204131
0.269095
1.05871
0.187595
-0.0220973
0.37381
0.247684
-0.0151904
-0.211027
0.553883
0.102662
-0.0240089
0.794017
0.949692
0.259128
0.474624
0.571858
0.678232
0.504202
0.655961
0.448856
0.794751
0.123533
0.254875
0.921197
0.814868
0.505292
-0.183136
0.535726
0.403523
0.384089
1.26958
1.01133
-0.139731
0.51377
0.520375
0.295276
0.0547835
0.606314
0.704189
-0.480667
-0.132309
0.771786
-0.253399
-0.13306
0.689798
0.669346
0.0285315
0.476473
0.342297
0.192949
0.771459
1.05868
-0.148303
-0.368535
0.750572
0.0887614
-0.486003
-0.0882043
0.712894
0.327945
-0.381767
-0.238831
-0.213698
-0.222504
-0.76918
-0.120296
-0.125514
-0.552485
-0.181651
-0.120108
-0.504049
-0.336865
-0.388176
-0.312559
-0.433319
-0.49469
-0.315903
-0.424148
-0.425599
0.142992
-0.764542
-0.79922
-0.467525
0.141309
-0.302624
-0.516524
-0.0365568
-0.412539
-0.783239
-0.959308
0.231602
0.499658
-0.135238
0.119047
-0.487042
-0.0205892
0.360343
0.453225
0.530794
-0.155066
0.219167
0.410361
0.769353
0.00603383
0.371703
0.602343
0.493437
0.0902584
0.594591
0.382644
0.178639
0.415055
0.121789
0.0588779
0.461249
0.695634
0.257866
0.133454
-0.112028
0.543079
0.160445
-0.28452
0.512204
0.209774
0.274515
0.128855
0.446069
-0.0937251
0.14647
0.160062
0.0639628
0.141322
0.70761
0.441869
0.0832582
0.425867
0.447005
-0.190166
-0.534726
1.07407
0.00634978
-0.395601
-0.151202
0.120224
-0.26217
-0.599676
0.0154817
0.182926
-0.740511
-0.697928
0.188798
-0.738103
0.608145
0.50876
0.547286
-0.183441
0.46243
0.310427
-0.375062
0.411843
0.425924
0.4667
-0.367986
0.148552
-0.0533462
-0.260193
-0.630354
0.00858744
-0.719652
-0.989886
-0.611267
-0.419361
-0.542408
-0.440823
-0.578055
-0.450746
-0.253731
-0.133251
-0.477651
-0.463054
0.23289
0.0790706
-0.508827
0.794282
0.163128
-0.0779816
0.0953245
0.175021
0.105298
-0.198735
0.122079
0.169945
-0.199436
-0.278985
-0.294516
-0.249687
0.097806
0.481153
0.894217
0.295761
0.211236
0.332005
0.259029
0.289207
0.0582838
1.08734
0.638854
-0.0255866
0.873806
0.844844
0.0230705
0.686901
0.474262
0.139638
0.311707
0.404224
0.193561
0.836166
0.685363
0.383178
0.550209
0.762656
0.504872
0.334039
0.871061
0.413341
0.680659
0.268855
0.136322
-0.153343
0.249285
0.473221
-0.277823
-0.118235
0.925729
-0.0667388
-0.152762
0.768653
0.903175
-0.311629
0.777256
0.693943
-0.0307354
0.383474
0.0585141
0.541993
0.361866
0.603232
0.799654
-0.459371
-0.0721125
0.085285
-0.121441
-0.456848
0.194517
0.307208
-0.551772
-0.229253
0.0831687
-0.0978737
0.179775
-0.223041
-0.0381298
-0.277204
-0.487832
-0.194982
-0.396914
0.149902
0.182483
-0.412992
-0.511769
-0.124941
-0.228272
-0.473267
-0.53378
-0.301821
-0.932185
-0.474804
0.00521456
0.452784
0.186321
-0.132253
-0.16484
-0.00222926
0.13697
-0.324567
0.285974
0.453626
-0.350978
-0.217358
-0.515615
-0.253699
-0.120389
0.0627417
0.293672
0.190003
0.232569
0.387056
-0.102732
0.302353
0.0682813
0.059035
0.515858
0.450686
0.583124
0.479648
0.765497
0.346925
0.381487
0.752192
0.206091
-0.03979
0.597594
0.374613
-0.499814
0.42484
0.260139
-0.542201
0.165895
1.05514
0.187377
0.154925
0.466408
0.592644
0.281612
-0.0650472
0.668953
0.858859
0.286433
-0.120427
-0.0518782
0.589094
0.552914
0.146597
0.306362
0.645401
0.0676442
-0.245076
-0.568124
0.0215243
0.313126
0.123444
0.839324
-0.155619
0.153486
0.645645
0.889317
-0.584417
0.119512
0.905092
0.551773
-0.677739
-0.160693
-0.00453575
-0.0507237
-0.0344939
0.86659
0.613299
0.340001
0.32598
0.787324
-0.43756
-0.896225
0.321733
0.447816
-0.236153
-0.1987
0.596719
-0.462276
-0.703299
-0.362962
-0.486375
-0.563788
-0.302332
0.392522
-0.0556704
-1.01846
-0.475703
-0.286158
-0.207579
-0.294688
0.279338
0.243448
-0.0728635
-0.242036
-0.00617863
0.1124
-0.414241
0.140318
0.0863987
0.305884
-0.0168899
-0.275271
-0.173534
-0.723235
0.300221
0.106755
-0.110366
0.6066
-0.0345272
0.107705
0.121952
-0.0730645
-0.382214
0.533295
0.577237
0.192622
-0.313234
0.846026
0.125123
-0.0596175
0.653651
-0.210852
0.36079
0.278016
-0.246601
-0.255385
0.689656
0.630303
-0.103824
0.304359
0.853293
0.343724
-0.0480208
0.458807
0.751682
0.495445
0.843132
0.446834
0.114543
0.12184
0.380918
0.0391281
0.154364
0.50477
-0.26892
-0.00663916
-0.159302
0.53951
-0.386571
-0.291083
0.459674
0.811645
0.137631
0.562618
0.799772
-0.0811875
0.0832111
0.422029
0.463638
0.0906885
0.175922
1.04238
0.430659
-0.549958
0.329077
0.30828
-0.6551
-0.434391
1.22606
0.686343
-0.653683
-0.431647
0.414185
-0.393644
-0.779705
0.648985
-0.253285
-0.660959
0.135357
0.69137
-0.681026
-0.606529
0.586054
-0.0989211
-0.649608
0.0974616
0.359437
-0.897575
-0.585129
0.308055
0.231034
-0.429663
-0.196144
-0.0375056
-0.233196
-0.700141
-0.100636
-0.304214
-0.850597
-0.0661798
-0.572693
-0.177047
0.0355376
-0.45666
-0.482472
-0.397976
-0.59758
-0.423164
0.0234494
-0.21042
-0.517371
-0.446075
-0.024265
-0.257059
-0.512485
-0.186089
-0.298139
-0.559607
-0.0108582
1.60478
-0.342945
0.0265822
0.411614
0.870811
-0.648209
0.545845
0.930832
0.41184
-0.354858
0.195859
0.771727
0.25208
0.327937
0.714613
0.579825
0.531298
1.07834
0.572056
0.662039
1.13528
0.495841
0.456297
0.847787
0.905442
-0.202462
0.250607
1.00555
1.24026
0.340849
0.734407
0.766315
0.486769
0.0604913
0.761141
0.629851
0.385881
0.682327
-0.0381303
-0.0572798
0.680458
0.527841
0.151524
0.589289
0.806522
1.15147
0.0830165
0.443473
1.53498
1.04613
0.242682
0.465357
0.917762
-0.15552
0.183519
1.26516
1.29642
-0.552725
0.388874
1.28159
0.107922
0.0177547
0.215628
-0.0373412
-0.444959
0.117784
0.259142
0.52086
-0.442413
-0.219854
0.376628
-0.263159
-0.17344
0.464775
-0.639532
0.0224376
0.161177
0.0084527
-0.540079
-0.0771345
-0.112243
0.242914
-0.439429
-0.016361
-0.363894
-0.906784
-0.401813
-0.208522
0.031913
-0.00117692
-0.561131
0.0444216
-0.508946
-0.342326
0.0221512
-0.60638
-0.745187
-0.698819
0.039442
0.10063
-0.213636
-0.582115
0.188716
0.116787
-0.463901
-0.385402
0.614631
0.206686
0.350462
-0.00508227
-0.427386
-0.036637
-0.258121
0.253612
0.461453
0.109392
0.396541
0.530914
-0.123164
0.492286
0.066467
0.695499
-0.016115
0.0643747
0.674487
1.22533
0.269933
0.855413
1.24491
0.606636
0.0188101
0.270498
0.250848
0.55564
0.556989
0.425212
0.60026
0.331341
0.568084
0.270802
0.554595
0.783818
0.447396
0.00385626
0.777517
0.814412
0.23278
-0.0627627
0.466864
-0.301193
0.0533873
0.244323
-0.0388061
-0.000178128
-0.312491
-0.0267421
0.327682
0.254587
0.543767
-0.38509
0.565197
-0.288588
-0.433024
-0.4388
0.469058
0.123586
0.181444
-0.742326
0.118039
-0.733271
-0.468519
-0.292771
0.27748
-0.0818697
-0.438494
0.264765
-0.336302
-0.25535
-0.187535
-0.066915
-0.185672
0.202621
0.0492464
-0.378245
-0.553411
0.0120582
0.196944
-0.623558
-0.301239
-0.0686549
-0.689326
-0.707226
-0.117851
0.372942
-0.110908
-0.44304
-0.323103
-0.132299
-0.451105
-0.75856
-0.0130682
0.194097
0.187713
-0.117481
-0.407041
-0.267745
-0.0817255
-0.441038
-0.338677
-0.445647
0.0534563
0.21075
-0.0669974
-0.0692544
0.314932
0.357292
-0.197271
0.509359
0.568323
0.131182
0.417898
0.838045
-0.00521242
0.437875
0.457977
0.245622
0.297118
0.535956
0.15533
0.437013
0.685346
0.474243
0.309025
1.04709
-0.519331
-0.0763295
0.611955
0.710562
0.296819
0.900697
0.880014
1.08618
-0.0799786
0.264
0.758474
0.279786
0.126861
1.26823
0.540825
-0.0169953
0.540186
-0.428793
-0.420694
0.756305
0.513582
-0.447291
0.622994
1.1914
-0.0618142
-0.0110346
0.727234
0.32855
-0.106624
0.675455
1.58368
0.703527
0.320057
0.78915
0.530965
-0.325362
0.642003
1.08772
-0.00812432
0.0369927
0.706253
0.0447424
-0.800545
1.36227
0.0935406
-0.331929
-0.112882
0.499407
-0.338576
-0.00562582
0.408005
-0.637627
-0.0983541
0.340109
-0.0421926
-0.848842
-0.118301
-0.153605
-0.358864
0.242194
-0.0213833
-0.178294
-0.843523
-0.615539
-0.0524272
-0.47095
-0.348709
-0.210528
-0.146851
-0.37816
-0.411641
-0.66988
-0.639762
0.122031
-0.881923
-0.175513
-0.00138463
-0.347573
-0.587066
-0.0250596
0.351777
-0.190443
-0.428771
-0.636785
-0.277303
-0.407113
-0.13659
-0.0718814
-0.109051
-0.393033
0.0106936
-0.0428327
0.110631
0.115651
0.345975
1.32536
0.0978831
0.077599
0.495058
0.319747
0.190301
0.806196
0.97121
0.0842326
0.726813
0.838553
0.390572
-0.164003
0.552882
0.484791
0.792055
0.791514
0.912467
0.515456
0.515051
0.495165
0.3774
0.0721784
0.58351
0.93908
0.197543
0.52362
0.965839
0.678032
-0.515753
0.830417
1.31882
0.313101
0.837185
1.23336
0.127935
-0.134763
0.693788
-0.055407
-0.0578553
-0.273742
0.986459
0.32344
0.178075
-0.486065
0.632108
0.293847
0.00672266
-0.431392
0.96937
0.585285
0.297244
-0.325961
0.4308
0.122192
-0.611174
-0.149308
0.178862
0.272361
0.683651
0.319904
0.403935
-0.407998
-0.344472
0.229905
-0.221217
-0.203787
0.0445363
0.218009
-0.262852
-0.399559
-0.417482
-0.12411
-0.209404
-0.611546
-0.432502
-0.0133893
-0.225808
-0.0635767
-0.294608
-0.539227
-0.475106
-0.287385
-0.643605
-0.204065
0.00751288
-0.528072
-0.250641
-0.295159
-0.585566
-0.938138
-0.225947
0.349044
0.623431
0.440841
0.606048
0.196786
-0.0211905
0.118843
0.870211
0.537092
0.191632
0.206852
0.435546
0.130781
-0.698995
0.397838
0.524528
-0.385605
0.449806
1.53444
-0.474264
-0.183112
0.584907
1.46752
0.357781
0.966209
1.32619
0.094637
0.182605
0.630953
0.44138
0.461791
0.519219
0.323695
0.667263
0.678975
0.231202
0.457328
0.390355
0.373833
0.26244
0.770951
0.536657
0.133557
0.193453
1.18643
0.33559
0.404076
0.0603057
0.525785
-0.155097
0.562106
0.234055
0.201403
0.84071
0.940406
-0.109787
0.203712
0.137048
-0.0586167
-0.21261
1.38589
0.554649
-0.177433
0.326427
0.414242
-0.31829
0.023975
0.498485
0.845551
0.457556
-0.340652
0.320768
0.0839132
-0.832328
-0.188535
0.425558
-0.39827
-0.161547
-0.597344
0.0578031
-0.571232
-0.180294
-0.0993594
0.273401
-0.323442
0.100546
0.15039
-0.545332
-0.38574
0.326528
0.374534
-0.139524
0.438876
0.249864
-0.528954
-0.955276
0.0486964
-0.195646
-0.506698
-0.467273
0.44149
0.456674
-0.554484
-0.0584808
-0.0953995
0.313518
-0.196195
-0.321569
0.553691
1.01889
0.0827936
-0.0879502
0.389938
0.084849
-0.208004
0.322414
0.368776
0.462664
0.566957
0.852095
0.143943
0.406958
0.164848
0.306991
0.225626
0.69055
0.224383
0.645306
1.10675
0.365718
-0.0683568
0.339588
0.630805
0.406981
0.549382
0.465838
0.484175
0.114416
0.463677
0.490155
-0.0715432
0.360419
0.976108
0.37495
-0.00724763
0.928052
0.791254
-0.150359
0.0555598
0.620571
0.468164
-0.125685
0.762112
1.25693
0.389887
-0.274115
0.374835
-0.0172895
-0.22283
-0.0712875
0.226206
-0.0889762
0.307862
-0.050066
0.180167
0.141209
0.334514
0.178056
0.438813
0.648378
0.211379
0.126487
-0.454728
0.172796
0.468707
-0.0269555
-0.0964146
0.242626
-0.0947526
-0.478253
-0.523258
-0.134634
0.137004
0.167576
0.132903
-0.112231
0.420115
0.108166
0.0957753
0.143352
0.0527586
0.187767
0.665444
-0.0450044
-0.137236
-0.497261
0.119849
0.490964
0.0974539
-0.020848
0.450416
-0.252873
-0.613367
-0.0751181
0.453274
0.378232
0.866859
0.746521
0.712511
-0.236684
0.13989
0.418669
0.529753
0.151634
0.317851
0.722698
0.414633
0.614552
0.709742
0.652823
0.836499
0.428382
0.584099
0.572603
0.295959
0.511827
1.03244
0.787513
0.738683
0.855173
0.583093
0.610046
0.213725
0.801205
0.460289
0.319881
1.0401
0.725195
0.342746
-0.0612754
-0.613244
0.184092
-0.121152
-0.128737
0.257461
0.448482
-0.295842
0.13605
0.426587
0.47115
0.258662
0.20926
0.361305
0.272861
-0.347863
-0.114439
0.0655841
-0.0030397
0.0138856
0.255725
-0.221248
-0.311517
-0.574875
0.366338
-0.22639
-0.446043
-0.73613
-0.236302
-0.307127
-0.121113
0.219887
-0.13031
-0.0535804
-0.464551
-0.587875
-0.906914
-0.280339
0.770552
-0.0415722
-0.375177
-0.247324
-0.201507
-0.0638655
-0.170431
0.56616
0.411983
0.046221
0.188934
0.237268
0.198206
-0.0708189
-0.234676
0.436011
0.0345671
-0.107604
-0.312192
-0.128849
0.0854093
-0.0956873
-0.461532
0.312866
0.676196
-0.128242
0.30237
0.485
0.508462
0.34048
-0.0600267
0.470755
0.740167
0.0492914
-0.130144
0.677039
0.585164
0.49864
0.689008
0.204078
0.446411
0.34151
0.0736603
0.164564
0.367838
0.448116
0.288121
0.852028
0.35766
0.600747
0.592387
-0.0762703
0.0387199
0.561219
-0.371446
-0.588202
0.164728
0.6853
-0.453138
-0.0929252
0.241424
0.562149
-0.783374
0.18672
1.1696
0.467235
0.259485
1.17213
0.746481
-0.256593
0.019059
0.027297
0.162419
0.565955
-0.252453
0.495167
0.349656
-0.579634
-0.0778792
0.213042
-0.456957
-0.382978
-0.343821
-0.480206
0.0486282
0.140767
0.0409287
-0.320367
0.0650436
-0.0589756
-0.353213
-0.911216
-0.594452
-0.31075
-0.302365
0.0841414
-0.0449365
-0.804969
-0.270031
0.0892496
-0.431044
-0.414781
0.113376
0.212362
-0.397775
0.114846
-0.0156656
0.0492563
-0.103007
-0.359404
0.0242577
-0.0537053
-0.0695755
0.296245
0.304149
0.237202
-0.200345
-0.448693
0.010153
0.369244
0.142691
0.236007
0.487138
0.0182224
-0.0676256
0.678552
0.566426
0.16403
0.0215248
0.258551
0.0427828
-0.131011
0.820206
0.846887
-0.242738
-0.351601
0.481604
0.240747
0.479077
-0.203362
0.547448
1.07442
-0.0331046
-0.490284
0.955728
0.708265
0.213169
0.573761
0.0620641
0.175251
0.149528
0.137892
0.637709
0.527651
0.282762
0.142799
0.290622
0.70267
0.724987
-0.104336
-0.473882
0.40181
0.212359
-0.0255087
0.470145
0.636391
0.177024
0.348356
0.214835
0.327739
-0.0299554
0.490085
0.51755
0.477125
0.0722358
0.387811
0.0410187
0.251922
0.308013
0.28061
0.05774
0.19112
0.0684334
0.0616801
0.220978
0.0745366
0.152454
0.261806
-0.321418
0.147735
0.267273
-0.183367
0.268315
0.447885
0.252587
0.365343
-0.0365359
0.22363
0.228645
-0.112571
0.135816
0.27574
0.213413
-0.0362899
-0.0821558
-0.105078
0.0063712
0.0106902
0.367231
0.418079
-0.0106888
-0.0820281
-0.089861
0.030901
0.0366694
0.0168121
0.407619
0.225887
-0.180568
-0.0211319
0.222794
0.117477
0.259033
0.49287
0.491327
0.110555
0.0843584
0.190504
0.243732
0.0463328
-0.0239264
0.0760754
0.16491
-0.207081
-0.0725639
0.170403
-0.17473
-0.255067
0.395204
0.330591
0.0464233
0.230091
0.379575
0.235687
-0.279486
0.348733
0.0554796
0.0332936
-0.0226426
0.0587461
0.118932
0.120356
0.173891
0.0943978
0.217969
0.345499
-0.013929
-0.0132232
0.219677
0.00240795
-0.0127307
0.145321
0.166127
-0.00496978
-0.0342807
-0.0185576
0.0645994
0.157869
0.290278
0.307129
0.126377
0.0342981
-0.00451179
0.537255
-0.378585
-0.116639
0.238424
0.10533
0.042791
0.23908
0.134995
0.327413
0.364072
-0.214284
0.0384649
-0.153872
-0.115177
-0.150578
0.0534041
0.147578
0.323157
0.283451
-0.0481316
0.231593
-0.00750416
0.118792
0.49258
0.00671156
0.237372
0.239689
0.0732959
0.471622
-0.0710022
0.0143204
0.0978855
0.135762
0.38144
0.326539
0.00490652
0.258621
0.33825
0.585023
0.207133
0.359709
-0.124419
0.177964
0.281158
-0.00271002
0.358616
0.141865
0.138663
0.286244
0.0265131
0.168378
0.0777039
0.364753
0.351354
0.605414
-0.0079848
0.119318
0.0226389
0.121512
0.298823
0.170789
0.0598999
0.308951
0.0851463
0.00533161
-0.163185
0.559468
-0.0241451
0.138804
0.295537
0.134352
0.184435
0.401438
0.115715
0.0207766
0.143497
0.322031
0.308916
0.231354
0.2226
-0.0185803
0.506459
0.134944
0.329889
0.281076
0.33118
0.200387
0.357998
0.264842
0.12512
0.186936
0.637819
0.107737
0.150473
0.354215
0.408927
0.354617
0.256839
0.119774
-0.13968
-0.168308
0.322489
0.312305
0.290786
0.285217
0.0320315
-0.0799258
0.334228
0.266882
-0.0362282
0.156857
0.0475559
0.329196
0.23058
0.0955121
-0.014754
0.10592
0.12575
-0.0587323
-0.288804
0.0318046
-0.173407
-0.264765
0.301848
0.0796709
-0.207714
-0.461789
-0.103976
0.415585
0.172092
0.224458
-0.113557
0.197954
0.204962
0.0424607
0.0774464
0.105477
-0.059864
0.0637177
0.081119
0.087016
0.103904
0.212824
0.218425
-0.0625231
-0.438198
-0.0504456
0.352056
-0.0908019
0.264018
0.14122
-0.0143786
-0.163425
0.0174922
0.205192
-0.146625
0.172603
0.194246
0.174936
0.43635
0.064791
0.187362
-0.230619
0.0396638
-0.116537
0.0881531
-0.235627
0.182091
0.210503
0.213901
0.0366201
0.0556534
0.235158
0.182819
-0.0094631
0.145923
-0.0760299
0.305079
0.118558
0.0537465
0.0930933
0.0359227
0.268765
0.289325
-0.0457272
0.18772
-0.248242
0.0509867
-0.0309732
-0.241378
0.232393
-0.217747
-0.102322
-0.245353
-0.0561616
0.32149
0.171575
-0.0145676
0.423124
0.111241
0.0831451
0.11314
0.312092
0.0862331
0.0626666
-0.123675
-0.443029
-0.038811
0.249485
0.0102558
0.00403071
0.144678
0.0168114
0.272541
0.1656
0.2658
0.360833
0.13988
0.287544
0.233984
-0.0135932
0.154255
0.236286
0.119849
0.310914
0.087716
0.309481
-0.0010091
0.391172
-0.103091
0.114102
0.125066
0.0348734
0.0900343
0.0962739
0.0690679
0.270068
0.065151
0.14229
0.21116
-0.269702
0.137683
-0.126041
0.128422
-0.0331258
0.0802478
0.0810889
0.485382
-0.120868
0.112233
-0.0624543
-0.173447
0.280762
0.0358282
0.394656
-0.213838
0.049419
0.184869
0.254566
0.123196
0.197392
0.0397619
-0.105558
0.157753
0.173533
0.167339
0.0686793
0.178549
0.069593
-0.334101
0.184744
0.0699585
0.0844515
-0.0241764
-0.0257977
0.0248326
0.236062
0.000296473
-0.175249
0.0792635
0.31844
-0.12252
0.0647797
0.491495
0.292328
0.0394029
0.251171
0.268863
0.359454
-0.0536831
0.0411568
0.133278
0.29916
0.32199
0.128909
0.20266
-0.0598935
0.115462
-0.0176012
0.199669
0.17107
0.381072
0.167399
0.0730127
-0.00785011
0.127518
0.101157
0.239715
0.403037
0.236514
0.103337
0.0987685
0.0880685
0.086228
0.273408
0.0373994
0.168861
0.22673
-0.00846032
0.0214448
0.0802936
0.194737
0.28981
0.241337
0.100155
0.0104273
0.109264
-0.0786734
0.199646
-0.0500776
-0.100325
0.176932
0.166779
0.0831681
0.142856
-0.125513
0.0946728
0.160398
0.246713
0.285888
-0.0624219
0.215807
0.23812
0.110897
0.347973
0.350815
0.445395
0.169917
0.0659345
0.154574
-0.065823
0.0530393
0.187954
0.245066
-0.102507
0.115888
0.425462
-0.178213
0.167879
0.0313045
0.094665
0.073565
0.136959
0.523069
0.311849
0.254827
0.254354
-0.022559
0.207803
0.259563
0.0676792
0.0923579
-0.0505513
-0.252512
0.338361
0.0965909
0.235815
0.159286
0.00801834
0.340266
0.0191335
0.237013
-0.00243268
0.056754
0.0796798
0.172574
0.0847393
0.162431
0.236556
0.0158194
0.327513
-0.100606
0.288411
-0.146933
0.0155041
0.0408049
0.179836
0.19047
0.0892389
0.245514
0.0673947
-0.152282
0.103352
0.222786
-0.00513588
-0.104332
-0.163618
0.138486
0.0996992
0.0459319
0.431657
-0.052071
-0.00254786
0.179458
0.210024
0.241052
0.329947
-0.0825986
0.333465
-0.165553
0.434747
-0.176265
0.108388
0.25695
-0.134036
0.0140462
-0.121536
0.280198
0.10105
-0.0760733
0.259661
0.184438
0.211431
-0.106942
0.486425
0.24392
0.00954429
0.0408278
0.0610953
0.295017
0.171167
0.291441
-0.168482
0.193131
0.184406
0.0131033
-0.286762
0.16527
0.297153
0.266948
0.062164
0.178292
-0.1742
-0.0196831
0.195008
0.215021
0.177747
0.362606
-0.0988476
0.0306408
0.237112
0.612469
0.171442
0.0876475
0.180126
0.0591502
-0.134755
0.0182587
0.291584
0.0567003
-0.178769
0.149779
0.112563
0.144821
0.28711
0.0154096
0.364696
0.447414
0.250993
-0.0547135
0.112119
0.340586
0.130175
0.466627
0.277111
0.257882
0.304536
0.329061
-0.0237063
0.242996
0.169385
0.285755
0.534081
0.242866
0.179237
0.422875
0.250179
-0.260735
0.14514
0.221459
0.275579
0.223951
0.222742
0.188731
0.332473
-0.0417748
0.098885
-0.113476
0.149993
0.190801
0.248628
0.0636512
0.0927005
0.342851
0.195007
0.0562341
0.179714
0.0985541
0.112236
0.170261
-0.180794
0.195193
0.165576
