0.164535
0.000299974
0.244681
-0.0969962
-0.0598518
0.145514
0.281784
0.0600384
0.438655
0.088711
0.142499
0.154284
-0.0646538
-0.131953
0.173517
0.0845595
0.0564331
0.0110979
-0.0343628
0.274916
0.230985
-0.0460794
0.228307
0.0442801
0.106983
0.264478
0.200374
0.153517
0.132774
0.232577
0.188405
0.406253
0.0965929
0.162965
0.121484
-0.0596784
0.1189
0.294041
0.218398
0.130224
0.23273
0.0773456
-0.209517
0.260061
-0.186076
-0.122442
0.209013
0.265837
0.0993607
0.082492
-0.0604757
-0.0750841
0.0874265
0.368262
0.0365659
0.154029
0.204434
0.0741155
-5.65422e-05
0.0611146
0.134048
-0.221664
0.179008
0.0390733
-0.119919
0.154221
0.203934
-0.232736
0.204189
0.0713035
0.316697
0.460595
-0.00559857
0.256733
0.217894
0.0933378
-0.0145979
0.315905
0.0600383
0.143932
0.165675
0.295942
0.334251
-0.0216164
-0.0236758
0.204876
0.175162
0.255699
0.304939
0.142925
0.161589
0.402977
0.0251848
0.143359
0.152505
0.229658
0.295755
0.100279
0.136107
0.179544
0.296901
0.2524
0.16499
0.145319
-0.102969
0.0135434
0.225078
0.219006
-0.0888947
0.245538
0.251041
0.0978583
0.286675
0.160867
0.147255
0.402586
0.0129969
0.249233
0.288118
0.369191
0.173653
0.532013
0.334824
0.242294
-0.06551
0.221138
-0.204245
0.205915
0.103276
0.172302
0.121676
0.315749
-0.0318357
-0.064299
0.410085
0.013332
0.0665359
0.119157
0.163362
0.402212
0.305433
0.247238
0.0571266
0.261506
0.0840978
0.254383
0.453136
0.120859
0.198186
0.315724
0.222137
0.105491
0.0595166
0.328808
0.194774
0.230922
0.237756
0.0982333
0.419032
-0.0704224
0.757263
-0.0432123
0.066308
0.13325
-0.371432
0.134885
0.0299844
0.193131
-0.218486
-0.0036677
-0.122851
0.0951089
0.070721
0.257923
0.185009
0.0508821
-0.157395
0.309947
-0.127878
0.108489
-0.0176283
0.211412
-0.0799342
0.439949
0.00143405
0.0605477
0.217794
0.0111373
0.0770494
-0.0519813
0.165683
-0.135378
0.0489584
-0.0753899
0.0430173
0.173752
-0.13724
0.0920915
0.0692898
-0.0362213
0.511114
0.0927094
-0.00773606
0.325768
-0.0131857
-0.239427
0.0516591
0.0174372
0.219967
-0.283622
-0.171827
-0.231477
-0.0965577
0.0290045
0.224247
-0.0883702
0.0468011
0.0666244
-0.0913326
0.289599
-0.203167
0.238259
-0.14204
0.218075
0.0980108
0.00318011
-0.029465
-0.185893
0.317287
0.252466
0.00806733
0.165666
0.302796
0.207985
0.0360922
0.175057
0.0523178
0.0607067
0.241498
0.0570484
-0.355586
0.145474
0.0247689
0.318926
0.224295
0.235771
0.234076
0.111061
0.452399
0.273952
0.327601
-0.0450124
0.0249248
-0.141143
0.0289772
0.177848
-0.122425
0.359123
0.105299
0.190151
-0.0322799
0.130064
0.131602
0.23229
0.290491
0.074428
0.398049
0.136811
0.164338
0.3739
0.129426
-0.02767
0.163061
0.195908
0.191543
0.0089666
0.295823
0.491947
0.222349
0.0724566
0.107128
0.472595
0.0951575
0.235337
-0.0140321
0.200741
0.0767155
0.0599278
0.419656
0.317076
0.112563
-0.000604275
-0.041836
0.50615
-0.00568611
0.254558
0.0839163
0.0945752
0.303771
0.254251
0.31021
-0.134993
0.0469419
-0.169227
-0.117312
0.0125771
0.164031
-0.0592256
-0.150686
-0.00673016
0.520284
0.228071
-0.131849
0.121433
-0.0638359
0.417576
0.242118
0.326291
-0.0663635
0.0265234
0.245055
-0.100182
0.0596639
-0.0152873
0.0079544
0.246159
0.347207
0.125299
0.145348
0.234828
0.111021
0.346427
0.0348764
0.193092
0.0448162
-0.137247
0.25964
0.184654
0.196299
-0.00522935
0.129025
0.0825355
-0.0916521
0.0327268
0.0401312
0.219083
0.0920825
-0.115885
0.0622879
0.396178
0.159558
0.0424655
0.0714798
0.248678
0.0859247
0.252583
-0.0783779
0.168894
0.156257
0.0480777
0.0468081
-0.145853
-0.0616009
0.000519483
0.265121
0.327299
0.200268
0.0137504
0.225184
0.532756
0.262734
-0.260192
0.28409
-0.0412696
0.0754301
0.167821
0.0684846
0.11615
-0.204151
0.272888
0.089579
0.204513
0.0591319
0.145083
-0.0325693
0.202897
0.355427
-0.100531
0.151049
0.143725
-0.0612132
0.422416
0.1268
0.183829
0.177067
0.253312
0.253451
0.297929
0.23471
0.452693
0.233217
-0.0234748
0.213989
-0.165047
0.371176
-0.017901
0.441854
0.204406
0.0182327
0.264057
0.365877
0.365247
0.301536
-0.0812217
0.161871
-0.130269
0.307526
0.310881
0.167677
0.375837
0.075311
0.129996
0.0695233
0.119753
0.34765
0.180161
0.267988
0.246486
0.100301
0.351256
0.00669897
0.140382
0.280333
-0.114459
0.295512
0.222154
0.411214
0.113659
-0.0834004
0.346607
0.0447758
-0.308293
-0.0417929
0.151749
0.243707
0.361396
-0.0982585
0.401391
0.329979
0.18923
-0.330199
0.131442
0.254041
-0.0645591
0.291634
0.431477
0.181051
0.1451
-0.0222789
0.252394
-0.1466
-0.0906731
0.110935
0.132232
0.295527
0.324009
0.356216
0.237002
0.0927918
0.109995
0.25185
-0.0936478
0.338508
0.30443
0.285113
0.137658
0.158138
0.147907
0.765809
0.0731623
0.576831
0.202099
0.279955
0.0763425
-0.0639766
0.382662
0.188656
0.102164
0.0685627
0.134561
0.107528
0.188333
0.064942
0.150596
0.314636
0.16844
0.32709
0.255662
0.110298
0.325935
0.345952
0.320043
0.334852
0.000990877
0.48339
0.215923
0.202234
0.443305
0.422293
0.544711
0.330279
0.364146
0.358529
0.15573
0.447807
0.219352
0.176836
0.408158
0.13835
0.147312
0.272436
0.263113
0.384115
0.264034
0.399271
0.331092
0.250246
0.344751
0.404291
0.00310345
0.162418
0.516451
0.186523
-0.0677209
0.139747
0.0556788
0.29286
0.172532
0.00558948
0.322679
0.44522
0.0987712
0.29693
0.255084
0.083121
0.266035
0.206274
0.02405
0.293068
0.274879
0.339471
0.420283
0.0562011
0.114891
-0.00819336
0.348526
0.290696
0.472816
0.62337
0.390162
0.596123
-0.0517069
0.215474
0.384411
0.201047
0.119327
0.306081
-0.118712
0.187269
-0.124393
0.24359
0.1461
0.120114
-0.154252
0.123933
0.286667
0.157727
0.211969
0.343587
-0.0311844
0.127503
0.161354
0.0945835
0.154182
0.194386
-0.0652007
0.266385
0.258877
0.333296
-0.0103968
0.204913
0.268238
0.420947
0.0707575
0.111176
0.138842
0.0813814
0.26874
0.198502
-0.0217588
0.25869
0.086887
0.235956
0.241021
0.0841183
0.0110008
0.0499722
-0.138173
0.25497
0.16036
0.266174
0.0976919
0.219563
0.221237
0.202689
0.000335663
-0.102016
0.175587
0.267226
0.0218803
0.216504
-0.00887151
0.0185343
-0.118937
0.31878
-0.0213389
0.0748444
0.0210945
0.258254
0.0818793
0.225393
0.321849
-0.0992995
0.138583
0.192697
0.0255041
0.196875
0.10844
0.184514
0.18782
0.101512
0.0361376
0.144676
-0.228557
-0.0457259
-0.0374552
-0.0407386
0.0458443
-0.0980416
0.0330355
0.259348
-0.119081
0.190242
0.0441384
0.16389
-0.0276955
0.235422
0.27279
0.205842
0.0477071
0.293158
0.0915066
-0.243887
-0.0384047
0.258215
0.10081
0.273811
0.0487647
-0.0103278
-0.0150241
0.25492
0.117011
0.0440633
0.225482
0.00644319
0.0412816
0.0302585
0.144208
0.0128314
0.0314953
0.297481
0.580585
0.0144328
-0.130088
0.11361
0.155447
0.0920945
0.122395
0.00888648
0.115374
-0.00299479
0.193676
0.022528
-0.0291614
0.349282
-0.117323
-0.0524168
-0.086577
0.274124
0.22809
-0.000447598
-0.0785236
0.0163216
0.0797343
-0.0804225
0.237175
0.119064
0.0827946
0.418551
0.12615
-0.00952611
0.287895
-0.176815
0.260399
0.0867732
0.295945
0.199147
0.215999
0.406748
0.0512787
-0.0231066
-0.0121262
0.302615
0.290652
0.259626
-0.0273154
0.245935
0.139709
-0.395605
0.137956
0.149207
0.00924758
0.229307
0.139492
0.217023
-0.017804
0.0308427
0.010408
-0.0802296
0.0128174
0.049006
-0.153737
0.282342
0.192401
-0.0242024
0.0630869
0.0351155
-0.00397585
0.0857123
-0.0423415
0.297489
0.36624
-0.175436
-0.128335
0.116046
0.150775
0.229921
-0.00787072
0.0657561
0.349062
0.0704535
-0.0232502
0.0802782
-0.171953
-0.00719212
0.164677
0.101361
0.164543
0.0466572
0.332813
-0.246439
-0.152013
0.120644
0.276895
0.408482
0.346725
0.321919
0.537221
0.226187
-0.0687252
0.1998
0.298275
-0.277789
0.264462
0.0147988
0.251505
0.22135
0.192589
0.390996
0.00140076
0.216574
0.516187
0.448738
0.343107
0.135013
0.181787
0.183772
-0.0742148
0.261696
-0.0446517
-0.267307
0.310769
0.495464
-0.112096
0.0970381
0.343974
0.0394041
0.239462
-0.0103539
0.184173
0.0722128
0.0978958
0.095248
0.201913
0.186824
0.238068
0.0643408
0.152279
0.133351
-0.0959494
0.105648
0.028045
-0.0703459
0.255593
0.314163
0.0894539
0.244733
0.263127
0.223295
0.254876
0.222541
0.20757
0.121533
0.408391
0.150944
0.29529
0.119404
0.344058
0.0344497
0.0557921
0.269133
0.207622
0.167938
0.41245
0.276543
-0.00371013
0.144662
-0.0203929
0.0354544
0.168948
0.460232
0.263316
0.154473
0.160891
0.316646
-0.101902
0.119883
0.151315
0.246974
-0.0706564
0.205941
0.262647
-0.0623938
0.104168
-0.0808898
0.091224
0.0782784
-0.0383374
0.0771204
0.202671
-0.0893767
0.13516
-0.0103748
-0.0010165
0.132087
0.285644
0.556865
0.230866
0.0415116
-0.346607
0.0750525
0.459658
0.0938449
0.281318
0.26694
0.136117
-0.297654
-0.022022
-0.025072
0.259992
-0.0714614
-0.0530089
0.302995
0.256009
0.0174639
-0.0438358
0.134055
0.233249
0.0159235
-0.0546462
0.408539
0.0368754
-0.0972727
0.228107
-0.0401558
0.126026
0.201017
0.171434
-0.0151026
0.133063
-0.0473624
0.0836557
-0.0981601
0.090983
0.211525
0.0876137
0.468482
-0.0442125
0.276315
0.171291
0.0814129
-0.108805
0.0843178
-0.0955244
-0.121978
-0.0391374
0.58412
-0.126756
-0.00714644
0.0431633
0.211703
-0.0224011
0.0929909
-0.328469
-0.0159287
0.188769
0.197092
-0.122551
0.313437
-0.179259
0.0888495
0.12959
0.056278
0.0643366
0.109045
-0.142465
-0.127065
0.184233
-0.134169
0.016359
-0.0674056
-0.135501
-0.0781231
0.306226
0.446137
0.15864
0.377527
0.173374
0.0934069
0.287908
-0.0116362
0.21443
0.132085
-0.0990457
0.0116149
0.351086
0.178765
0.231713
0.241844
-0.107309
0.156833
-0.0789392
-0.0885832
-0.0755015
0.20142
0.0574901
0.354803
0.109858
0.12649
0.118709
0.0670356
0.065511
0.10959
-0.0587508
0.244316
0.064297
0.0441295
0.126673
-0.143772
-0.00283776
-0.00877245
0.149656
0.397151
0.105019
0.00170597
0.11702
0.0376988
-0.141869
0.153854
-0.0771744
0.301063
0.266167
0.0292621
0.166114
-0.102353
0.275817
0.228929
0.14948
0.0226
-0.0690048
0.113469
0.271271
0.288808
0.0328924
0.110271
0.0058704
-0.115227
0.156784
0.205489
0.295824
0.177383
0.277181
0.233418
0.0963446
0.0327003
-0.132407
-0.116961
-0.41706
-0.0827001
-0.00636496
0.186543
0.312763
0.130744
0.317355
0.074415
0.135103
0.150898
0.27341
-0.124953
-0.0279786
0.0649817
0.0205792
-0.0378111
-0.00287173
0.106546
-0.0382945
0.0228
0.3116
0.231658
0.013241
-0.0393322
0.0863489
0.136245
0.187246
-0.0102049
0.123892
0.345409
-0.0573373
0.19884
0.130494
-0.08165
0.224404
-0.199518
-0.0139299
0.281206
0.280806
-0.261128
0.0311201
0.22315
0.0299385
-0.111296
0.0274854
-0.166071
-0.0340837
0.268615
0.0733217
-0.00571586
0.107716
-0.0936383
-0.0234769
0.0389751
-0.290532
0.0650801
-0.0591758
-0.0975576
0.0919442
0.120127
-0.162838
0.449751
0.152306
0.445842
0.228303
0.0341368
0.296919
0.0996122
-0.0677218
0.262611
-0.0223207
0.0765944
0.224646
0.0782199
0.253872
0.0782432
-0.073769
0.0264905
0.408339
0.0932111
-0.0701148
0.163391
-0.181804
0.0338985
-0.0180881
0.0713038
0.264084
0.290366
0.209693
0.246444
0.197918
0.211204
0.0174409
0.0204235
0.111158
0.200615
0.159345
0.0459055
0.109212
0.0827901
0.105206
0.0739278
0.0427481
0.116072
-0.104309
0.359691
0.157388
0.0195409
0.0372543
0.161887
-0.0440905
0.0641974
-0.0303433
0.27048
0.436703
0.00397655
0.148462
0.103809
-0.0189958
-0.0825435
0.0482603
0.085605
0.0583168
0.266859
0.104169
0.112947
0.0965991
0.166841
0.19499
-0.0218572
-0.0718907
-0.088489
0.0231768
0.178217
0.128439
-0.0615501
-0.0252831
-0.0931817
0.313149
0.204643
0.380639
-0.0269953
-0.129097
0.30426
0.0974856
-0.0480009
0.209436
0.0444338
0.177704
-0.15699
0.0595753
0.291894
-0.0461057
0.444148
0.0432954
0.146671
0.203804
-0.0941521
0.193252
-0.17614
-0.172455
0.0163506
0.0940443
0.245626
-0.121407
0.290005
0.288381
0.0169787
0.328355
-0.336299
0.172196
-0.0555243
0.320379
-0.032092
0.206818
-0.00423071
0.332721
0.0905446
-0.0881953
0.133813
0.101886
0.0790118
0.0503971
0.283612
-0.048453
-0.0924939
0.145739
0.174568
0.0242256
0.0891457
-0.00527165
0.275586
-0.224858
0.050927
0.0318365
0.0683435
0.225967
0.219699
-0.156109
-0.198486
0.252616
0.117344
-0.0911865
0.238911
0.23892
0.204334
0.217632
-0.133921
-0.0658898
-0.0387724
-0.0533517
0.137535
-0.126097
-0.340104
0.360927
0.0509528
-0.00615042
0.000866622
-0.127672
-0.0468531
-0.12866
-0.352269
-0.0246151
0.0973801
0.188839
0.196872
-0.0861713
-0.136609
-0.0617953
0.064196
-0.0251574
0.00916101
0.152867
0.247243
0.16201
0.0617456
0.374528
0.178365
0.144351
0.130271
-0.0125625
0.0418939
-0.0999703
-0.263067
0.0790512
0.0872799
0.087521
-0.148555
-0.121634
-0.143766
-0.0717636
0.109823
0.212485
0.0227646
-0.0223346
-0.22078
0.17355
0.142245
0.0303362
-0.0604337
0.000264909
0.0308115
-0.0763217
0.00751963
0.109762
-0.11887
-0.240236
0.069251
0.372048
0.0449382
0.0813163
0.094963
-0.0184322
0.313738
-0.400808
0.156978
-0.11865
0.21646
0.232924
0.150717
-0.00726153
-0.161703
-0.00346657
-0.307761
0.0861106
-0.0415054
-0.0185905
-0.0120624
0.0393304
0.283759
0.140089
0.40985
0.0570184
0.213642
0.112359
-0.30048
0.144953
0.373006
-0.0209746
0.0417604
-0.183462
0.0590195
0.201848
0.323511
-0.143503
0.0777502
-0.136802
0.1004
0.131559
0.0645361
0.0340787
0.0872071
-0.0216794
-0.0561047
-0.089931
-0.0414795
0.355176
0.0980554
0.0916216
0.114157
-0.0245622
0.0990606
-0.12783
0.345698
0.0121672
0.0540553
-0.0539028
-0.118028
0.205257
-0.1789
0.0263234
0.0395873
0.151984
0.122074
0.282137
0.0998136
0.35773
0.144532
0.0187524
0.0735855
-0.176449
0.0876103
0.14871
0.121376
0.033192
-0.161886
-0.23404
0.0233468
0.199025
-0.289061
-0.510818
-0.251024
-0.376787
8.37349e-05
0.100821
0.144678
-0.334242
-0.299366
-0.174643
0.18458
-0.231601
0.115917
0.043098
-0.428794
-0.272706
0.188771
-0.142615
-0.288533
0.0140155
0.0608224
-0.220905
0.0145406
0.0788226
0.0509207
0.146095
0.137622
0.0124822
0.0527893
-0.172752
0.167989
0.342203
-0.0846609
-0.163932
-0.146075
-0.226505
0.0223627
-0.162714
-0.0656809
-0.34806
0.519271
0.0736961
0.286875
-0.0922275
0.212683
0.0616886
0.276931
0.0185864
0.0933722
0.0212238
0.0327075
-0.0480475
-0.121658
-0.197033
0.0023989
0.026657
-0.217573
-0.123013
-0.143256
0.0468755
0.0621582
-0.0628266
-0.00486889
-0.0377954
0.128974
-0.0845181
-0.000538038
-0.137594
-0.0926186
0.311336
-0.0440057
0.00128477
0.17781
0.224142
-0.0898068
0.0803195
-0.0707158
0.113056
-0.076172
0.237671
0.101894
-0.068675
0.186108
0.139428
0.0486528
0.0324833
0.0647642
-0.0671372
-0.0700716
0.176475
0.147502
-0.113472
0.24388
-0.0889502
-0.0532544
-0.379032
0.241923
0.196992
0.0755731
0.00135416
0.13409
-0.118615
-0.144884
0.104953
-0.0185431
0.170255
0.116504
0.525996
-0.102914
-0.245527
-0.0453233
0.107326
-0.0761083
0.0957993
0.0583902
0.100419
0.154159
-0.168626
0.298712
0.10762
0.13426
0.208603
0.0681481
-0.0504617
-0.105127
-0.131262
0.169877
0.0739448
0.0985572
-0.136251
0.249239
0.0604181
0.0262934
0.13593
-0.00521928
0.124611
0.142745
-0.0540589
0.346217
-0.220362
-0.117741
0.0333651
0.0157508
-0.0815978
-0.0725769
0.0201594
-0.133258
-0.00483481
-0.0755469
0.0740011
0.119401
-0.16111
0.0778441
0.37554
0.147433
0.124207
0.0301775
0.0128971
0.13595
0.184174
-0.159366
-0.0516811
0.126354
-0.0888773
0.0287967
-0.24121
-0.0552952
0.178945
-0.158854
0.172968
0.0852092
0.314841
-0.121472
0.148431
0.0107156
0.0966589
0.04546
0.19795
-0.0303561
0.35822
0.225825
0.132982
0.00205774
-0.121941
0.00721937
0.0802997
-0.0546914
0.00589963
-0.195786
0.0679551
0.19144
-0.0133041
-0.261517
0.125197
-0.265735
-0.0625793
0.410062
0.672128
0.166087
-0.28184
0.0270907
0.106872
-0.174762
0.0292587
0.126185
-0.10591
-0.0447999
0.127563
0.170994
0.069094
0.333673
0.179241
0.427824
0.109376
0.123694
0.298389
0.0778143
0.262819
0.0876017
0.278501
0.552696
0.113983
-0.0441217
0.0187439
0.116452
0.266297
-0.334727
0.113399
0.507874
-0.459554
0.0889615
0.555298
-0.0669628
-0.18275
0.270285
0.728138
0.301106
-0.142057
0.550429
0.620492
0.2717
-0.641055
0.55291
0.717409
0.0455891
0.32259
0.956412
0.428031
-0.60383
-0.111267
0.756822
-0.58177
-0.346384
0.168349
-0.21327
-0.67407
0.909416
0.615954
-0.281321
0.732649
0.797031
0.319184
0.243132
0.334245
0.315609
0.160889
0.413929
0.0524367
-0.127123
0.5972
-0.050984
0.536088
0.458376
0.781754
0.576718
0.485864
0.404794
0.981724
0.224768
0.385353
0.846587
0.346651
0.0580448
0.52195
-0.0253863
0.435542
0.420127
1.80872e-05
1.02039
0.114024
-0.244335
0.656184
0.681101
0.150152
0.385566
0.280246
0.505234
0.286995
0.0828768
0.289492
-0.0643839
0.154834
0.679437
0.40544
0.427267
0.545491
0.262881
0.533831
0.947376
0.123659
0.40062
0.597848
0.0192774
0.277233
0.464267
0.79868
-0.0919798
0.146139
0.771827
0.769583
0.29936
0.483354
0.58271
0.530759
0.853954
0.462715
0.464391
0.316167
0.620134
0.0734273
0.204726
0.392734
0.818469
0.626699
0.452143
0.287229
0.858519
0.627662
-0.163322
0.0707086
0.452204
0.696954
0.312496
0.561654
0.87904
0.49047
-0.156508
0.851626
0.460465
-0.223855
0.0734879
0.883705
0.202309
0.217233
0.643498
0.947828
0.882714
0.244099
0.513988
0.920337
0.749275
-0.688371
0.0224523
0.549856
0.342283
0.627385
0.396202
0.93131
0.395835
0.562319
-0.00226108
0.794849
0.255398
0.247949
0.601982
1.08069
-0.134474
0.758214
0.407092
0.789848
0.619868
0.74827
0.684938
0.408853
0.198626
0.43493
1.14124
0.403457
0.269332
0.863697
0.458599
0.176171
0.577892
0.822966
0.808766
0.632884
0.959668
0.631275
0.294576
0.789229
0.677453
0.270345
0.122777
0.954858
0.097397
0.39779
0.482978
0.350398
0.326898
0.451357
0.00565955
0.526581
0.284838
0.197765
0.339716
-0.261702
0.26143
0.267105
-0.0330411
0.047396
0.296872
0.499471
0.200062
0.156415
0.467887
0.126152
-0.252992
0.570433
0.797848
0.286339
0.495353
-0.0339708
0.413089
0.323811
0.281501
0.467831
-0.123356
0.300099
0.00292734
0.0947659
0.224987
0.405707
0.0211239
0.160667
0.0259382
0.107871
0.156084
0.127553
0.307828
0.304462
-0.0488895
0.11614
0.258253
0.0471591
0.0377403
0.289215
0.817536
0.34523
0.0730579
0.224652
0.824109
0.832119
0.0412091
-0.299439
-0.265164
0.406287
0.325706
-0.234666
0.120307
0.815641
-0.0321349
-0.0713773
0.409452
0.711921
-0.193665
0.0880371
0.864692
0.500518
-0.342111
0.250574
0.952402
0.304556
0.301487
0.569721
0.513036
0.190467
0.239116
0.889838
0.927857
0.123543
0.247628
0.396639
0.777863
0.247053
0.582885
0.723078
0.463565
0.768161
0.588716
0.111561
0.0716713
0.701221
0.83477
0.295443
0.184676
0.860192
0.503094
0.114358
0.00821266
0.555992
0.437129
0.0872315
0.461521
0.0765423
0.1494
-0.264236
0.233323
0.344093
-0.0912005
-0.243971
0.97834
0.0752903
0.0174817
0.0783329
0.01947
0.516176
0.403921
0.347672
0.206602
0.128511
0.384033
0.236696
-0.00739904
0.848762
0.571186
0.13204
0.0663703
0.600574
0.148459
-0.261211
-0.063163
0.603543
-0.0822936
0.103727
0.792862
-0.198055
0.0716101
0.330866
0.584817
-0.0725751
0.21635
0.139225
0.448943
-0.0416305
0.925626
1.02511
0.178925
0.208737
-0.0535722
0.610881
0.178134
0.134587
0.900538
0.784205
-0.198228
0.954188
0.860248
0.482289
0.61508
0.469698
0.568651
0.224794
0.115526
0.847344
0.518765
-0.14158
-0.249989
0.343819
0.275482
-0.0307728
-0.0754721
0.85752
0.239943
-0.724168
0.110063
0.187572
-0.623713
-0.201299
1.07215
0.1819
-0.13143
0.572646
0.320033
0.0695883
0.52554
0.54223
-0.30157
0.181229
0.0314771
0.205443
0.420607
0.302298
-0.10555
0.10011
0.27646
0.149593
0.193082
0.357788
0.277068
0.2239
0.159955
0.0895919
0.242581
0.641968
0.412333
0.240905
-0.0476029
0.255411
0.321735
0.4111
0.538772
0.33916
0.532457
0.487594
0.40465
0.353303
0.468692
-0.0019686
0.460397
0.619299
0.130215
0.210469
0.552551
0.465532
0.366124
0.116129
0.133455
0.147562
0.482961
-0.203264
0.150883
0.333736
0.422593
0.38586
0.315379
0.775878
0.154912
0.217228
0.409003
0.177277
0.204115
0.381075
0.583979
0.465345
0.455019
0.401582
0.417758
0.492074
0.973847
0.630071
0.188396
0.515129
0.540771
0.457017
0.202378
0.394414
0.466656
0.469604
0.387865
0.535634
0.322101
-0.049233
0.346341
0.391489
0.455272
0.408095
0.128473
-0.0892597
0.108036
0.622109
0.201386
0.562144
0.0684337
0.35163
0.313357
0.482419
0.371501
0.270994
-0.013186
-0.0609665
0.444881
0.143773
0.0784199
-0.197035
0.510849
0.283758
0.0520813
-0.0446165
-0.177756
0.0149304
0.308001
0.570516
0.200552
0.670373
0.382874
0.178415
0.396597
0.188128
-0.0940992
0.369604
0.706194
0.5294
0.297435
0.301711
0.0983034
0.219293
0.147404
0.385744
0.227711
0.550136
0.355361
0.203609
0.322304
0.272786
0.278906
0.265099
0.0067051
0.0486081
0.312209
0.0406409
0.12988
0.0540815
0.132338
0.333115
0.345261
0.383358
0.663672
0.371078
0.200936
0.469747
0.396777
0.573934
0.188536
0.160985
0.463699
0.483435
0.351901
-0.0531416
0.424424
0.385314
0.481124
0.416532
0.25929
0.403934
0.179227
0.497956
0.439836
0.306738
0.248001
0.204654
0.217348
0.328971
0.338625
0.393783
0.411359
0.27909
0.391029
0.328034
0.65832
0.070292
0.0363504
0.228922
0.435291
0.253698
0.439233
0.00218766
0.529028
0.326383
0.521069
0.418856
0.277366
0.550051
0.299254
0.543186
0.535897
0.220123
0.560855
0.204309
0.533398
0.261643
0.456787
0.611257
0.488425
0.302777
0.43518
0.404414
0.134764
0.243672
0.617511
0.551878
0.616345
0.41985
0.460579
0.481066
0.518101
0.434593
0.743284
0.526528
0.482119
0.408529
0.569945
0.454795
0.568076
0.578221
0.0936462
0.275449
0.226945
0.277141
0.210845
0.544959
0.282718
0.255081
0.257928
0.213081
-0.394326
0.0728396
0.0907603
-0.0305096
0.377283
0.443999
0.173563
0.0413504
0.0584987
0.657773
0.186642
0.0650537
0.126965
0.173416
0.350224
0.558403
0.0678614
0.33136
1.16567
0.286274
-0.351178
0.378095
0.769071
0.261884
-0.113573
0.5522
0.743455
0.285483
0.267537
0.912723
0.620784
-0.135433
0.190924
0.586922
0.183078
-0.121738
0.311538
0.26251
0.0246338
0.332093
0.848273
-0.0285389
0.487694
0.803454
1.26747
-0.352571
0.378291
0.983723
0.540282
0.0503763
0.767629
0.468061
0.0247731
-0.0753623
0.570946
-0.0070778
0.445874
0.457285
0.459361
-0.063792
0.291293
0.499953
0.33598
0.424388
0.651863
0.46169
0.181873
0.236887
0.124654
0.432721
0.396462
0.667483
0.533525
0.523748
0.673123
0.194557
0.227895
0.537525
0.532657
0.464921
0.39303
0.392129
0.452151
0.587102
0.493553
0.53957
0.365456
0.185451
0.37041
0.193909
0.306909
0.483764
0.597944
0.314055
0.607656
0.441828
0.274138
0.0872812
0.78823
0.358606
0.545862
0.169022
0.542334
0.144753
0.242073
0.443717
0.285036
0.444801
0.319193
0.534052
0.568631
0.325417
0.46618
0.571919
0.238739
0.354043
0.46684
0.461042
0.22799
0.200862
0.328868
0.320647
0.393712
0.368417
0.185532
0.557501
0.349807
0.423544
0.35854
0.31608
0.247802
0.358379
0.605902
0.665636
0.584252
0.49556
0.124138
0.594122
0.345911
0.557398
0.540427
0.531594
0.390043
0.346877
0.439012
0.221777
0.467751
0.459716
0.287105
0.342628
0.28165
0.303777
0.29084
0.499569
0.226363
0.273114
0.101805
0.0175071
0.51293
0.297156
0.163288
0.0497248
0.214294
0.159343
0.250088
0.36879
0.312387
0.537168
0.689387
0.14126
0.385811
0.133865
0.437191
0.12565
0.108915
0.337276
0.191128
-0.0993931
0.22855
0.111195
-0.36934
0.159181
-0.0774431
0.254113
0.325284
0.195661
0.361552
0.319791
-0.108068
0.543673
0.373902
0.381051
0.583234
-0.0665756
-0.0624028
0.2008
0.297736
0.254469
0.292112
0.0615862
0.24365
-0.282636
0.0236747
0.10763
0.327243
0.192847
0.482149
0.14598
-0.00502159
0.192344
0.26369
0.348986
0.40488
0.597598
0.470135
0.445701
0.353211
0.468558
0.147029
0.264413
0.328184
0.553072
0.453664
0.656147
0.414964
0.552878
0.359447
0.0275851
0.462309
0.278849
0.290861
0.205391
0.207084
0.250136
0.398535
0.574014
0.309387
0.5031
0.339148
0.651435
0.746122
0.500901
0.426731
0.689722
0.376242
0.536169
0.438962
0.742054
0.58435
0.459417
0.527596
0.34676
0.481515
0.391486
0.55766
0.34741
0.567357
0.319086
0.629757
0.145448
-0.0230974
0.350017
0.151837
0.00892435
0.100167
0.153952
0.358437
0.284233
-0.00345252
0.205956
-0.119913
0.222823
0.00695176
0.189935
0.164077
0.411394
0.170842
0.41597
0.290952
0.211543
-0.217672
0.618523
0.152493
0.306342
0.361381
0.179395
0.00651702
0.185695
0.418734
0.287774
0.277654
0.345964
0.111977
0.0117196
0.221811
0.42784
0.255044
-0.176675
0.240578
0.165076
0.0248214
0.174148
0.298313
0.203947
0.203833
0.203197
0.261393
0.381993
0.267548
0.148172
0.181015
0.31788
0.21898
0.0853679
0.235518
0.426682
0.116911
0.520365
0.522049
0.140317
0.271369
0.234499
-0.380304
0.557343
0.0821449
0.25577
-0.0528797
0.281444
0.194
-0.034057
0.522656
0.560701
0.174585
0.155122
0.22133
0.18441
0.179089
0.217093
0.0415695
0.195097
0.0870835
0.370444
0.225755
0.390966
0.607557
0.0967656
0.484525
0.383545
0.0545906
0.142003
0.00115344
0.0523113
0.189039
0.141518
0.241322
0.184139
0.268147
0.252085
0.203063
0.0743615
-0.050203
0.291435
0.215846
0.488599
0.287814
0.291385
-0.0295879
0.16267
0.321165
0.425013
0.499993
0.507309
0.512685
0.580878
0.330515
0.148801
0.567818
0.297468
0.387045
0.150127
-0.110024
0.249899
0.243315
0.341135
0.540571
0.401
0.186939
0.749955
0.232702
0.167436
0.152892
0.473829
0.280538
0.336279
0.451799
0.306396
0.220271
0.31777
0.360456
0.0342439
0.212927
0.227907
0.348613
0.160054
0.276726
0.282703
0.1936
0.0943167
0.251625
0.608178
0.589893
0.376584
0.311919
0.0920876
0.765407
0.364554
0.259837
0.465209
0.496305
0.295908
0.34859
0.733721
0.550709
0.691696
0.542429
0.638597
0.365545
0.689833
0.455616
0.552636
0.534718
0.505244
0.19263
0.502298
0.388003
0.559957
0.254655
0.365187
0.311407
0.444415
0.57458
0.733592
0.514066
0.262329
0.391783
0.278582
0.86335
0.537104
0.289457
0.298088
0.342166
0.330446
0.435619
0.458296
0.389081
0.490796
0.265081
0.186559
0.0688469
0.202187
0.0690691
0.277465
0.501657
0.326702
0.408775
0.428457
0.215938
0.122439
0.296
0.339255
0.117727
0.375876
0.039193
0.049445
0.222007
0.157887
0.466242
0.133392
0.155934
0.64086
0.181094
0.258506
0.465506
0.548975
0.337053
0.00452744
0.243868
0.180232
0.040744
0.330893
0.0231957
0.384027
0.0173818
0.353467
-0.0165229
0.0888578
0.139101
0.0847814
0.265923
0.277767
0.00642203
0.135777
0.267226
0.106081
0.101758
0.0145696
-0.00182295
-0.0808848
0.272687
0.455259
0.410243
0.144998
0.250209
0.210042
0.404522
0.299163
0.144331
0.262003
0.462215
0.034653
0.158007
0.0981264
0.258597
0.286775
0.324339
0.193795
0.381579
0.0608251
0.27397
0.342411
0.309124
0.14377
0.139778
0.392803
0.221317
0.260286
0.185859
0.30152
0.263887
0.0291323
0.110657
0.590313
-0.0738339
0.346943
0.371192
0.405029
0.388064
0.579297
0.112397
0.281824
0.12307
0.245714
0.111095
0.415184
0.251956
0.373727
0.00024278
0.389926
0.659859
0.565238
0.498072
0.207754
0.306922
0.517583
0.540767
0.155746
0.0745947
0.222441
0.280239
0.43089
0.378752
0.305431
0.264569
0.269423
0.218823
0.633995
0.377388
0.177915
0.5459
0.478597
0.296083
0.620967
0.406999
0.49284
0.218632
0.313495
0.371558
0.379155
0.361105
0.270941
0.330638
0.512555
0.207054
0.401746
0.638351
0.498174
0.454472
0.340575
0.407886
0.206456
0.547825
0.257278
0.601432
0.55515
0.474224
0.291313
-0.00253674
0.346996
0.673222
0.102293
0.900367
0.6738
0.452914
0.39021
0.194655
0.217644
0.328249
0.471799
0.243697
0.201204
0.184724
0.243331
0.405638
0.288274
0.321342
0.554007
0.269774
0.267315
0.106575
0.393197
0.25682
0.113423
0.156132
0.306597
0.546667
0.520938
0.446112
0.178641
0.167183
0.321501
0.193126
0.412035
0.448032
0.445399
0.279487
0.141468
0.00564722
0.626314
0.227588
0.325372
0.285668
0.219831
0.456496
0.298087
0.321548
0.429738
0.342622
0.155229
0.328338
0.433203
0.134818
0.204847
0.612912
0.0350109
0.236508
0.135673
0.191384
0.185938
0.290307
0.305215
-0.0764829
0.0206759
-0.135316
0.238611
0.350372
0.343688
0.406806
0.383486
0.349521
0.442593
0.148321
0.117461
0.296338
0.306998
0.314089
0.103689
0.340697
0.309795
0.0688759
0.291208
0.162723
0.372472
0.211773
0.213435
0.15068
0.504739
0.240966
0.091269
0.354283
0.273956
0.330833
0.250959
0.362972
0.319637
0.362586
0.434928
0.353131
0.357988
0.513451
0.38279
0.165133
0.171527
0.451861
0.223254
0.305687
0.429423
0.214665
0.185378
0.406018
0.237973
0.170576
0.132075
0.246235
0.445267
0.270394
0.513905
0.325013
0.353949
0.00730071
0.291462
0.248499
0.468861
0.385292
0.051378
0.193945
0.0171137
0.288707
0.114483
0.150345
0.246534
0.298084
0.1764
0.346323
0.281332
0.323052
0.147825
0.0884578
0.49134
0.0912956
0.123042
0.133102
0.0690835
0.264845
0.304228
0.0782479
0.312996
0.433821
0.0351493
0.2572
0.297843
0.474722
-0.0990682
0.370009
0.213446
0.287658
0.57372
0.212279
0.446035
0.312622
0.349292
0.225384
0.325199
0.281092
0.465777
0.301054
0.204585
0.6041
0.364642
0.301278
0.439875
0.211379
0.564098
0.360491
0.388516
0.62901
0.13206
-0.0100228
0.310559
-0.0366965
0.404087
0.62568
0.383647
0.210483
0.0689915
0.350688
0.391829
0.260357
0.510603
0.0369815
0.00507439
0.270746
0.230316
0.23692
0.408585
0.0865774
-0.123743
-0.0519454
0.24604
0.3196
0.249781
0.390199
0.188968
0.60981
0.397753
0.526762
0.485738
0.335352
0.136463
-0.0297518
0.109096
0.451968
0.0975813
0.211126
0.251425
0.588006
0.638514
0.263852
0.208286
0.45056
0.222763
0.372782
0.481375
0.575487
0.282573
0.348995
0.315177
0.152296
0.326274
0.404248
-0.0708867
0.588329
0.447888
0.299626
0.466651
0.21476
0.114663
0.092978
0.345612
0.377348
-0.16634
0.402007
-0.0812507
0.262444
0.205024
0.201384
0.0612299
0.600686
0.476604
0.125653
0.448174
0.441819
0.339413
0.364878
0.0720218
0.299091
0.337343
0.641616
0.079555
0.186552
-0.089727
0.386031
0.150137
0.297349
0.452952
0.549422
0.365271
0.167773
0.457743
0.185186
0.142236
0.209695
0.205919
0.332824
0.362089
0.203944
0.103495
0.533767
0.222047
0.408474
0.219367
0.011107
0.298726
0.435459
0.479609
0.287436
0.17826
0.299522
0.57614
0.0306598
0.520675
0.43361
0.387008
0.0295336
0.0341817
0.352157
0.399389
0.190131
0.39889
0.440137
0.0252616
0.272325
0.226937
0.15307
0.280548
0.311854
0.239685
0.178563
0.570887
0.358154
0.476899
0.241307
0.461922
0.524334
0.323784
0.278256
0.130809
0.441563
0.238724
0.629325
0.440557
0.366546
0.201759
0.22755
0.219131
0.415296
0.286428
0.384945
0.321842
0.110093
0.460616
0.145417
0.167836
0.574142
0.402865
0.240019
0.0295621
0.17851
0.23943
0.360216
0.488752
0.261022
0.516329
0.17436
0.36305
0.36155
0.326191
0.58606
0.0689985
0.322804
0.523746
0.35441
0.486684
0.14398
0.115449
0.0751846
0.123857
0.35452
0.361499
0.113869
0.309502
0.497174
0.130881
0.345351
0.649692
0.0572779
0.523378
0.44555
0.479135
0.147834
0.587141
0.45708
0.295952
0.333029
0.22887
0.305957
0.426267
0.301632
0.302886
0.44611
0.37922
0.20213
0.288528
0.350046
0.42445
0.473182
0.637309
0.627633
0.418625
0.481381
0.467587
0.22918
0.195687
0.431078
0.141497
0.126132
0.256117
0.369878
0.480123
0.307614
0.510812
0.28646
0.352826
0.312149
0.254725
0.341132
0.0168834
0.41869
0.410611
0.363725
0.26019
0.605862
0.374676
0.27573
0.315895
-0.00192562
0.166968
0.331547
0.0511107
0.262112
0.260209
0.331319
0.839484
0.277309
0.271582
0.219362
0.404533
-0.018116
0.319166
0.163941
0.305366
0.389886
0.344722
0.455164
0.166925
0.307735
0.0341166
0.0918141
0.176197
0.186336
0.523585
0.407854
0.140385
0.163664
0.163146
0.163132
0.214705
0.437259
0.494276
0.0782094
0.139897
0.439082
0.363626
0.142734
0.393385
0.313714
0.20681
0.275255
0.22588
0.227863
0.463611
0.424153
0.322134
0.0755625
0.404082
0.162272
0.424762
0.171901
0.497914
0.285143
0.393868
0.392924
0.350992
0.245946
0.442618
0.483567
0.391023
0.152712
0.324885
0.290018
0.246731
0.320409
0.603767
0.496854
0.222182
0.130879
0.397266
0.386946
0.298962
0.26585
0.0787352
0.460293
0.259951
0.490734
0.213662
0.272148
0.386399
-0.0461167
0.335715
0.368172
0.390572
0.159661
0.392443
0.450059
0.390623
0.334912
0.310287
0.0814582
0.567914
0.264997
0.212133
0.398569
0.0694432
0.17171
0.188685
0.381309
0.310406
0.200282
0.346316
0.484685
0.266748
0.356873
0.482887
0.320708
0.106307
0.375356
0.0973704
-0.0648927
0.377759
0.303567
0.4212
0.114313
0.470429
0.135819
0.663532
0.270124
0.115476
0.544272
0.323594
0.480687
0.351546
0.178946
0.263168
0.438116
0.0327469
0.065962
0.472853
0.241138
0.221719
0.478155
0.382393
0.200619
0.307709
0.397864
0.424952
0.386634
0.190613
0.536219
0.493011
0.477336
0.54766
0.121429
0.356729
0.191332
0.229753
0.236709
0.282125
0.374784
0.403489
0.201732
0.374822
0.310458
0.320508
0.270954
0.243768
0.218814
0.0707376
0.167633
0.0260228
0.394021
0.144418
0.245299
0.226824
0.12735
0.565402
0.252985
0.264863
0.487327
0.0727675
0.270636
0.324122
0.380968
0.280269
0.100237
0.177333
0.338371
0.462956
0.456961
0.368
0.288416
0.398141
0.0082518
-0.0764605
0.320715
0.07855
0.242471
0.540701
0.568173
0.424065
0.287066
0.39833
0.230034
0.355265
0.442576
0.0872424
0.28536
0.299243
0.247148
0.0572465
0.386355
0.0237163
0.308047
0.287704
0.313961
0.357082
-0.104813
0.198639
0.351116
0.291761
0.367691
-0.00798046
0.150221
0.354893
0.116584
0.232516
0.0466185
0.4508
0.0969676
0.248946
0.217482
0.106672
0.534946
0.454149
0.297427
0.22003
0.49229
0.28015
0.102269
0.363809
0.226478
0.298328
-0.0268517
0.156839
0.0359622
0.461912
0.146716
0.487375
-0.0352857
0.267524
0.163287
0.324201
0.19811
0.516984
0.55409
0.235288
0.539261
0.0151122
0.0801618
0.248495
0.526009
0.183039
0.180922
0.333563
0.247205
0.288297
0.528577
0.297104
0.374037
0.230909
0.523514
0.386711
0.164513
0.481334
0.314375
0.405679
0.345286
0.353979
0.4412
0.178598
0.306184
0.153873
0.461418
0.389634
0.487144
0.209171
0.266587
0.518797
0.561826
0.332285
-0.0404184
0.217777
0.40019
0.24483
0.113193
0.356864
-0.136426
0.181629
0.611132
0.419604
0.268411
0.00560883
0.33142
0.269426
0.153583
0.104519
0.129255
0.150937
0.270912
0.295783
0.0933756
0.217222
0.270685
0.36569
0.0994228
0.424519
0.211775
0.321683
0.0588186
0.388743
0.14821
-0.0224826
0.184246
0.183581
0.332603
0.244591
0.248443
0.0656608
0.215153
0.274566
0.212174
0.208048
0.131995
0.327049
0.318511
-0.0353212
0.148216
0.112483
0.336992
0.286228
0.0392408
0.250116
0.115515
0.265454
0.180738
0.288441
0.0896423
0.170876
0.202782
0.129214
0.421906
0.0570797
0.325141
0.186771
0.0447398
0.190618
0.360642
0.533334
0.450446
0.413382
0.100014
0.196492
0.530785
0.0898542
0.181543
0.135358
0.0908956
0.450446
0.185998
0.232299
0.366995
0.00211036
0.283197
0.322009
0.564331
0.537952
0.0647085
0.684347
0.439788
0.31234
0.282884
0.191576
0.374472
0.4704
0.256601
0.32514
0.234163
0.132488
0.07881
0.178683
0.41408
0.246986
0.278333
0.268672
0.166881
0.261181
0.301366
0.181095
0.0475606
0.348432
0.337372
0.183231
0.147936
0.189705
0.358677
0.25088
0.227335
0.224644
-0.0107527
-0.0104625
0.339653
0.00111807
0.0800751
0.315524
0.174647
0.315784
0.0429752
0.228979
0.188581
0.156411
0.390658
0.223813
0.393479
-0.0233357
0.502264
0.344376
0.335227
0.46989
0.199622
0.16414
0.3599
0.220722
0.515191
0.122206
0.408143
0.308677
-0.0868692
0.172711
0.339933
0.193447
0.160615
0.223734
0.459482
0.218183
0.566334
0.362494
0.191053
0.223976
0.3118
0.352737
0.184402
0.411849
0.133593
0.309808
0.399289
0.503154
0.100773
0.271378
0.338932
0.159873
0.280114
0.0519828
0.203068
0.118784
0.307264
0.420419
0.655248
0.351639
0.0151777
0.344853
0.343273
0.130468
0.0931326
0.391723
0.408562
0.207655
0.484456
0.228564
0.241562
0.394558
-0.125881
0.329212
0.0262204
0.187323
-0.0228371
-0.0415716
0.167883
0.318661
0.485031
-0.0503871
0.362452
0.15373
0.119904
0.070904
0.580095
0.319353
0.0173423
0.479919
0.0845926
0.362289
0.432406
0.0955139
0.26724
0.260377
0.229712
0.302355
0.504187
0.224091
0.208648
0.343857
0.317839
0.316847
0.455218
0.188434
0.15924
0.258254
0.310467
0.426382
0.105303
0.453643
-0.065177
0.253109
0.198397
0.138184
0.136693
0.33312
0.28978
0.372671
0.512357
0.354414
0.213456
0.062532
0.232162
0.340564
0.487242
0.179654
0.546519
0.31114
0.181161
0.0739935
0.454822
0.654442
0.210932
0.0993107
0.165145
0.36861
0.207824
0.208661
0.275574
0.215911
0.124052
0.291823
0.335566
0.491557
0.518475
0.0237947
0.204519
0.244001
0.475821
0.0519557
0.613482
0.252068
0.604698
0.375616
0.0735796
0.498987
0.406409
0.328972
0.59106
0.280325
0.525134
0.366317
0.0118136
0.21112
0.237821
0.29695
0.338536
0.461199
0.172805
0.0216871
0.181384
0.168001
0.300744
0.0880511
0.170763
0.0411344
0.0884226
0.318299
0.0707704
0.341156
0.359943
0.176919
0.465347
0.215395
0.275281
0.381197
0.561029
0.159646
0.198494
0.472308
-0.160744
0.478925
-0.000838448
0.554853
0.441257
0.318516
0.389153
0.339525
0.314902
0.0246445
0.3351
0.146436
0.410894
0.198626
0.182441
0.676083
0.305636
0.257308
0.477037
0.273654
0.104967
-0.125359
0.256425
0.482926
0.273151
0.306442
0.38638
0.0863831
0.482444
0.380681
0.303822
0.41315
0.526594
0.0400218
0.486187
0.316846
0.27593
0.42772
0.196972
0.34345
0.429244
0.554605
0.358112
0.409113
0.690123
0.569631
0.316397
0.114262
0.584523
0.321255
0.389317
0.4392
0.229171
0.61256
-0.0839909
0.405141
0.2543
0.367679
0.398482
0.382759
0.424114
0.301059
0.189117
0.303431
0.178561
0.15176
0.232947
0.0901184
0.483429
0.239386
0.447652
0.478409
0.262831
0.0134572
0.480882
0.232828
0.147803
0.0910374
0.283472
0.571072
0.0613903
0.10799
0.330771
0.332461
0.566139
0.393854
0.202274
0.755401
0.245915
0.0482908
0.284824
0.406815
0.299829
0.573756
0.186196
0.382132
0.517817
0.190098
0.0650488
0.425962
0.508609
0.450881
0.290676
0.152504
-0.0316924
0.3273
0.439401
0.33744
0.221306
0.228636
0.358543
0.543854
0.351387
0.4412
0.461517
0.280294
0.0250378
0.275553
0.459581
0.306617
0.391686
0.378352
0.136911
0.391889
0.112137
0.335534
0.161134
0.317304
0.33573
0.108097
0.323618
0.00144443
0.336758
0.3086
0.413355
0.0260719
0.406944
0.169656
0.403494
0.439061
0.121363
0.505214
0.137497
0.353146
0.193241
0.400964
0.450951
0.51518
0.389213
0.159361
0.322463
0.303688
0.0143351
0.558301
0.478983
0.353172
0.436848
0.496525
0.236248
0.322219
0.343758
0.312792
0.727809
0.26689
0.267271
0.336936
0.253257
0.308657
0.53599
0.386933
0.337879
0.451819
0.0496834
0.388177
0.447368
0.354359
0.330158
0.0560791
0.0601312
0.513397
0.380431
0.263207
0.35868
0.526113
0.553782
0.251745
0.234977
0.255475
0.414284
0.347923
0.319054
0.55482
-0.0546968
0.448446
0.43813
0.0891609
0.502038
0.330351
0.494349
0.372451
0.651531
0.427598
0.174952
0.478135
0.506286
0.341214
0.322733
0.50533
0.306986
0.289132
0.50982
0.596901
0.148986
0.130848
0.505144
0.201158
0.189738
0.0667099
0.0608677
0.325562
0.186271
0.278833
0.569995
0.387937
0.201666
0.121504
0.427648
0.393376
0.162678
0.571774
-0.0385681
0.52987
0.249157
0.608138
0.0460422
0.313943
0.250345
0.368943
0.475223
0.153869
0.343065
0.104574
0.569488
0.563634
0.239673
0.299708
0.146854
0.533633
0.495346
0.39434
0.430732
0.20814
-0.00941021
0.0939693
0.158632
-0.118876
0.0166619
0.248355
0.194511
0.164459
0.256229
0.195932
0.321841
0.150315
0.282365
0.0397526
0.360984
0.404249
0.244296
0.265937
0.521899
0.466672
0.34772
0.444646
0.399333
0.13674
0.127909
0.424604
0.225545
0.166169
0.26363
0.367395
0.246749
0.247049
0.565751
0.106688
0.347691
0.16556
0.445205
0.212477
-0.00871105
0.0192768
0.298649
-0.0723421
0.239623
0.275984
0.311364
0.442054
0.404156
0.202559
0.141225
-0.231022
0.357225
0.44639
0.39212
0.364298
0.360489
0.507608
0.203428
0.148715
0.451078
0.222775
0.421002
0.274902
0.294703
0.274874
0.0454246
0.274671
0.260747
0.446025
0.295504
0.250041
0.2586
0.381942
0.22516
0.50896
0.389172
0.520378
0.289358
0.333314
0.146271
-0.0116943
0.336441
0.0802011
0.192041
0.223521
0.254583
0.332008
0.345419
0.392732
0.153332
0.649046
0.415239
0.075162
0.0113361
0.610574
0.670481
0.238018
0.208657
0.389775
0.592011
0.388481
0.185813
0.42037
0.226081
0.208779
0.656198
0.448534
0.501759
0.179567
0.025162
0.6683
0.361176
0.528469
0.319032
0.127346
0.500182
0.175978
0.41497
0.0563104
0.260611
0.575836
0.129362
0.353706
0.29992
0.564255
-0.0233727
0.203335
0.0913932
0.227735
0.379249
0.242739
0.520279
0.474807
0.152096
0.0568628
0.229624
0.410182
0.353474
0.072973
0.144582
0.222199
0.392926
0.475124
0.3543
0.37088
0.0416361
0.112536
0.0952261
0.0839428
0.578935
0.24492
0.0795152
0.30381
0.315304
0.291632
0.391187
0.247348
0.366453
0.621941
0.403842
0.484575
-0.0295939
0.50198
0.328226
0.414188
0.418257
0.570937
0.220935
0.127659
0.218041
0.262059
0.360802
0.274592
0.174853
0.414943
0.408227
0.113958
0.349032
0.108477
0.505802
0.285061
0.41523
0.573927
0.225389
0.598114
0.448475
0.392012
0.517059
0.709253
0.401235
0.543843
0.485341
0.643258
0.354913
0.244455
0.279181
0.35543
0.399563
0.206544
0.405296
0.346864
0.0566513
0.579645
0.201923
0.160058
0.380073
0.384744
0.285624
0.114447
0.578674
0.269199
0.455204
0.262024
0.177271
0.466584
0.77205
0.637233
0.899179
0.103367
0.280787
0.492382
0.520644
0.224477
0.312011
0.507786
0.380768
0.492796
0.375595
0.388471
0.350905
0.38158
0.415648
0.276369
0.0959704
0.362437
0.355344
0.337324
0.614935
0.308885
0.0967668
0.358656
0.437713
0.433137
0.316472
0.00585463
0.588611
0.369764
0.344047
0.336346
0.494251
0.385842
0.439927
0.242254
0.286105
0.463152
0.368471
0.523727
0.442115
0.733714
0.168631
0.257274
0.324921
0.350934
0.506488
0.290776
0.35521
0.345214
0.493674
0.194791
0.161968
0.118024
0.423774
0.301837
0.237801
0.37875
0.201827
0.171501
0.364829
0.251714
0.379602
0.674564
0.00722693
0.150913
0.471795
0.552757
0.319163
0.194201
0.000216576
0.24382
0.326164
0.254257
0.33824
0.390808
0.390781
0.43076
0.629324
0.406631
0.358936
0.372913
0.351473
0.262258
0.484902
0.226889
0.507014
0.62329
0.366551
0.166824
0.140687
0.515545
0.204616
0.404927
0.306285
0.191929
0.459364
0.338824
0.279661
0.241158
0.389364
0.11591
0.288388
0.316667
0.434689
0.393389
0.455635
0.113369
0.244524
0.259438
0.551257
0.442971
0.29486
0.119
0.305557
0.437252
0.176798
0.42235
0.287028
0.804524
0.111679
0.408362
0.205294
0.438402
0.216653
0.0617539
0.51646
0.0700266
0.442509
0.34288
0.402389
0.274856
0.611942
0.423076
0.40724
0.412106
0.666482
0.449977
0.281447
0.596666
0.165262
0.396945
0.579835
0.572964
0.182471
0.0845978
0.361749
0.141337
0.398336
0.239287
0.318986
0.0267951
0.175139
0.622493
0.263646
0.190063
0.354786
0.179795
0.283856
0.0558389
0.277144
0.479583
0.108702
0.443028
-0.129845
0.298791
-0.0970267
0.604276
0.291541
0.477914
0.417334
0.459972
0.310222
0.305876
0.137017
-0.125615
0.28721
0.406535
0.343591
0.179976
0.452101
0.814696
0.47561
0.439209
0.163602
0.186013
0.0902014
0.0068488
0.364395
0.171312
0.105921
0.349582
0.205296
0.495471
0.585574
0.516093
0.342032
0.571627
0.241209
0.218522
0.38886
0.317613
0.298038
0.357495
0.151114
0.439766
0.429827
0.297731
0.626898
0.284002
0.619354
0.223891
0.429814
0.230796
0.289746
0.286116
0.765384
0.353151
0.418117
0.41484
0.865411
0.467991
0.329774
0.395048
0.259213
0.562229
0.071743
0.24126
0.492131
0.521205
0.492794
0.743465
0.721515
0.281525
0.651391
0.460757
0.409182
0.433537
0.0937008
0.223957
0.41837
0.490764
0.246514
0.0161925
0.270003
0.420509
0.381554
0.495076
0.253002
0.417841
0.385152
0.426455
0.22309
0.346653
0.346837
0.517672
0.720361
0.499612
0.458927
0.399574
0.586524
0.543124
0.468513
0.559874
0.551562
0.342316
0.447143
0.466496
0.285272
0.126343
0.341833
0.434749
0.435602
0.398569
0.287122
0.326453
0.48041
0.390449
0.587458
0.514309
0.556674
0.518369
0.281533
0.272512
0.369621
0.263494
0.337178
0.28267
0.321128
0.522528
0.554785
0.299283
0.447502
0.31405
0.177499
0.479898
0.569327
0.413355
0.621554
0.49164
0.43237
0.321638
0.44044
0.539336
0.046439
0.621619
0.69539
0.281123
0.412091
0.315119
0.497992
0.278534
0.159627
0.289353
0.269379
0.175756
0.615396
0.333291
0.408243
0.392605
0.440643
0.449209
0.354222
0.390201
0.302822
0.627169
0.329368
0.254301
0.512737
0.1897
0.739473
0.618387
0.310193
0.418229
0.348413
0.555733
0.265058
0.249657
0.392739
0.174709
0.568916
0.308518
0.581889
0.371538
0.577459
0.272085
0.306403
0.520611
0.387206
0.489207
0.523367
0.412061
0.605552
0.456288
0.156363
0.14248
0.591327
0.543967
0.319981
0.233078
0.737385
0.533296
0.144326
0.18344
0.32602
0.407643
0.499722
0.546495
0.463102
0.604655
0.508903
0.204183
0.533769
0.501687
0.46987
0.20975
0.548943
0.499265
0.326106
0.317517
0.258944
0.414186
0.398872
0.28096
0.375961
0.527233
0.510998
0.551436
0.624035
0.314994
0.59032
0.408318
0.683857
0.523673
0.178877
0.334563
0.230147
0.632851
0.123414
0.401316
0.414951
0.0887161
0.584994
0.168757
0.658191
0.465063
0.246514
0.229103
0.273171
0.303482
0.462692
0.602038
0.450761
0.722554
0.460096
0.492114
0.414699
0.552171
0.572163
0.500396
0.675526
0.24154
0.350093
0.556257
0.448684
0.287556
0.498392
0.275658
0.359075
0.193098
0.529098
0.580154
0.237526
0.493737
0.464455
0.477962
0.321496
0.367198
0.276093
0.370395
0.473316
0.502984
0.474879
0.271881
0.140924
0.305198
0.367345
0.524356
0.54673
0.377885
0.424886
0.292515
0.295052
0.273858
0.29987
0.721296
0.312558
0.222199
0.495226
0.311116
0.601311
0.245549
0.569929
0.73869
0.407087
0.582123
0.195262
0.334691
0.448161
0.359377
0.552284
0.301203
0.245157
0.52412
0.517155
0.37205
0.335496
0.374376
0.232441
0.398294
-0.16976
0.271186
0.0551551
0.349345
0.134514
0.551058
0.284881
0.377136
0.617229
0.140298
0.303759
0.378001
0.109666
0.295392
0.259837
0.320412
0.557057
0.264343
0.577031
0.562242
0.0813741
0.217364
0.374135
0.367284
0.304098
0.259454
-0.00970049
0.204602
0.3798
0.588842
0.772594
0.46896
0.418951
0.301055
0.259969
0.286647
0.452052
0.465518
0.216672
0.215976
0.392484
0.503128
0.462154
0.34955
0.106979
0.240263
0.509028
0.373579
0.617866
0.399096
0.51815
0.391386
0.0730568
0.445619
0.382634
0.30416
0.248183
0.509434
0.314592
0.150048
0.332479
0.452212
0.464645
0.255178
0.314301
0.403455
0.520179
0.326679
0.188356
0.116787
0.488779
0.217262
0.0208043
0.424638
0.434395
0.0814863
0.464485
0.124765
0.266723
0.465452
0.386092
0.32101
0.315468
0.0857674
0.154441
0.125317
0.657528
0.51865
0.465955
0.512239
0.302855
0.246401
0.187301
0.271721
0.272872
0.220838
-0.0392628
0.157167
0.0768606
0.405885
0.252961
0.194581
0.328921
0.166609
0.223411
0.189895
0.191308
0.288385
0.299476
0.543235
0.307692
-0.0597029
0.508507
0.442759
0.284282
0.0883161
0.246015
0.433196
0.64901
-0.013255
0.189646
0.230593
0.121507
0.624586
0.140835
0.296216
0.320483
0.226847
0.331328
0.0973615
0.445859
0.340152
0.327393
0.449657
0.058606
0.639967
0.62154
0.424566
0.376529
-0.0326134
0.254131
0.480945
0.299179
0.676092
0.220934
0.0732218
0.427226
0.152708
0.440729
0.380931
0.368201
0.543236
0.71136
0.780335
0.133916
0.178044
0.739521
0.429487
0.361533
0.21715
0.506398
0.406824
0.232332
0.505725
0.296083
0.530179
0.27342
0.46713
0.693839
0.146705
0.151224
0.58194
0.305944
0.281054
0.44451
0.468043
0.110888
0.443162
0.757435
0.440807
0.323032
0.454019
0.204698
0.199886
0.104833
0.403798
-0.0738616
0.174665
0.458155
-0.127566
0.567072
0.457387
0.343468
-0.0154885
0.27
0.512546
0.255089
0.381278
-0.0707603
0.110752
0.172119
0.339625
0.321276
0.327411
0.544104
0.261717
0.362434
0.120327
0.236816
0.11668
0.275183
-0.0406314
0.40496
0.211474
0.482799
0.403515
0.729816
0.306451
0.440414
0.316391
0.0883773
0.297696
0.0744446
0.142429
0.319988
-0.273846
0.284979
0.138785
0.240979
0.0537214
0.514015
0.24553
0.246459
0.237126
0.244574
0.554594
0.200225
0.19375
0.27043
0.603679
0.10554
0.661943
0.187967
0.429914
0.560924
0.410156
0.348621
0.280126
0.283015
0.705225
0.306707
0.617015
0.157394
0.185506
0.00442469
0.400403
0.225676
0.226336
0.480119
0.41411
0.581354
0.154611
0.337656
0.11193
0.361854
0.0908974
0.0954551
0.205672
0.431308
0.511964
0.322305
0.421438
0.124699
0.329305
0.0985133
0.156141
0.308776
0.332384
0.426753
0.110883
0.269035
0.413051
0.176744
0.270188
0.449062
0.239153
0.135285
0.530559
0.32946
0.56069
0.470422
0.247583
-0.0381619
0.412305
0.694535
0.134987
0.434579
0.326076
0.342534
0.325058
0.510239
0.210744
0.149626
0.359319
0.296528
0.0754991
0.337825
0.0498185
0.243557
0.112945
0.304017
0.567795
0.108622
0.200068
0.183259
0.297794
0.109462
0.601158
0.069116
0.431141
-0.227248
0.540832
0.132688
0.269945
0.413353
0.368723
0.290131
0.0601211
0.271979
0.209775
0.849347
0.401561
0.555577
0.180951
0.605082
0.44389
0.39735
0.342596
0.401578
0.196209
0.339216
0.350876
0.536903
0.282821
0.194917
0.287269
0.35671
0.00159077
0.181831
0.276693
0.481645
0.0344274
0.508736
0.169733
0.255527
0.510601
0.802488
0.195351
0.410602
0.372502
0.21236
0.149496
0.243756
0.20215
0.447158
0.136962
0.0472309
0.205427
0.494544
0.243219
0.0702389
0.574837
0.10393
0.436044
0.412253
0.295795
0.259799
0.623253
0.30055
0.280419
0.225678
0.390373
0.823627
0.382755
0.221627
0.249089
0.273493
0.58889
0.374421
0.438297
0.354843
0.283022
0.37901
0.486863
0.0329387
0.493934
0.528886
0.368844
0.317141
0.289764
0.303477
0.260588
0.449034
0.223279
0.492223
0.302363
0.109237
0.49891
0.375597
0.506481
0.370964
0.469549
-0.344549
0.336111
0.344689
0.525992
0.241303
0.210914
0.234549
0.337089
0.0240216
0.353314
0.125361
0.407021
0.484884
0.189759
0.348241
0.576982
0.362529
0.236023
0.079051
0.311317
0.160896
0.330436
0.39713
0.409395
0.318708
0.610942
0.316724
0.363357
0.0346468
0.426936
0.320351
0.346742
0.0201204
0.402458
0.373288
0.203513
0.252715
0.26022
0.501087
0.795114
0.47827
0.197259
0.646601
0.486425
0.29822
0.528084
0.0816877
0.123084
-0.0154972
0.398859
-0.133353
0.409702
0.268017
0.384983
0.147856
0.412432
0.444118
0.380331
0.6038
0.290992
0.0604126
0.280236
0.507106
0.546797
0.424553
0.310478
0.540252
0.0939506
0.436302
0.448562
0.245398
0.443452
0.27582
0.343266
0.467543
0.38737
0.278694
0.0226956
0.560986
0.564027
0.347885
0.303916
0.427806
0.108605
0.896032
0.504462
-0.00780989
0.290016
0.555504
0.339902
0.147924
0.181757
0.265505
0.591028
0.386672
0.340701
0.140291
0.274829
0.0466872
0.268603
0.288802
0.453252
0.598307
0.468574
0.567118
0.416433
0.391521
0.501854
0.0990802
0.479756
0.0578486
0.329412
0.495031
0.134947
0.365455
0.176673
0.590482
0.352914
0.402739
0.040615
0.293697
0.340369
0.546556
0.0843323
0.281944
0.347532
0.418588
0.0917978
0.226183
0.205401
0.337555
0.644653
0.430296
0.275636
0.319224
0.255345
0.0594403
0.262114
0.262679
0.132999
0.431973
0.436589
0.495299
0.431912
-0.132612
0.519554
0.379619
0.105176
0.259762
0.257239
0.461581
0.215377
0.202742
0.109011
0.214581
0.315958
0.026518
0.0697282
0.322351
0.00789968
0.544215
0.453587
0.184914
0.156749
0.476865
0.334231
0.278109
0.476804
0.312791
0.430279
0.297444
0.18668
0.45171
0.381392
0.198831
0.719906
0.450771
0.367964
0.372756
0.245335
0.338195
0.287088
0.683071
0.215067
0.439552
0.462689
-0.0330751
0.257497
0.477867
0.433195
0.384466
0.626948
0.315539
0.221926
0.209273
0.612961
0.440147
0.187505
0.584248
0.256176
0.712843
0.280454
0.542029
0.186836
0.154423
0.168049
0.266079
0.364319
0.393906
0.558845
0.224678
0.309054
0.074197
0.342609
0.66938
0.032133
0.444302
0.504866
0.417137
0.516526
0.393461
0.508908
0.413572
0.52632
0.258386
0.543592
0.298244
0.295143
0.231024
0.3285
0.0646686
0.453863
0.0687291
0.655015
0.429607
0.491766
0.251399
0.17968
0.311426
0.107615
0.23275
0.222412
0.518031
0.231718
0.454327
0.385832
0.308623
0.388881
0.148897
0.320222
0.615472
0.436539
0.363361
0.520784
0.50153
0.232432
0.192374
0.575072
0.706655
0.485768
0.343492
0.601313
0.178816
0.120107
0.446935
0.350612
0.468137
0.471465
0.291668
0.0963567
0.247336
0.381241
0.586129
0.301655
0.408887
0.285535
0.236595
0.446523
0.462319
0.206127
0.288918
0.265917
0.35531
0.414051
-0.0946932
0.215145
0.25222
0.142678
-0.108606
0.617438
0.312508
0.353577
0.443639
0.071083
0.577804
0.419734
0.359698
0.58969
-0.0338213
0.0858404
0.228461
0.383554
0.41958
0.368244
0.253411
0.226714
0.362909
0.22035
0.296313
0.558468
0.458571
0.698254
0.650535
0.559274
0.451083
0.134698
0.159789
0.333733
0.487862
0.30213
0.399104
0.182352
0.390028
0.409563
0.225546
0.127238
0.329722
0.582401
0.69222
0.807663
0.44994
0.319289
0.782705
0.50039
0.371463
0.208312
0.893327
0.554589
0.737953
0.254524
0.323422
0.45775
0.377295
0.452318
0.524265
0.295304
0.547906
0.471348
0.620811
0.539433
0.897101
0.533179
0.467835
0.58114
0.346094
0.487403
0.520792
0.536603
0.236108
0.631458
0.351907
0.648093
0.672023
0.299596
0.528066
0.513153
0.580642
0.463475
0.367792
0.51476
0.515753
0.370915
0.252545
0.383159
0.673662
0.585792
0.0897776
0.649126
0.151855
0.238254
0.382367
-0.173754
0.1073
0.198191
-0.12769
0.154699
0.307608
0.551284
6.49031e-05
0.228682
0.0813581
0.0993373
0.250521
0.182086
0.371637
0.450678
0.331741
0.274921
0.347302
0.158706
0.356624
0.201176
0.298957
0.356472
0.348515
0.336531
-0.0145425
0.504311
0.394248
0.38655
0.398175
0.291495
0.803911
-0.00186003
0.179631
0.226755
0.136063
0.215426
0.278188
0.1738
0.0937604
0.482893
0.275786
0.299941
0.377505
0.452839
0.159398
0.0979042
0.208813
0.119444
0.301364
0.34585
0.342432
0.268462
0.377691
0.41087
0.338568
0.493823
0.308919
0.436912
0.481852
0.0880549
0.257744
0.0800141
0.444114
0.277378
0.34685
0.382742
0.458549
0.153781
0.093215
0.16059
0.161374
-0.0196756
0.238135
0.0787422
-0.0156817
0.234325
0.0554274
0.318769
0.0547513
0.331225
0.309375
-0.130649
0.164757
0.205616
0.182953
0.00226715
0.226732
-0.0071145
0.253079
0.207569
0.244932
0.499079
0.258846
0.149547
-0.0531501
0.00180162
0.138558
0.311389
0.223115
0.338236
-0.063796
0.165249
0.294068
0.234809
0.489605
0.325654
0.168805
0.469775
0.152506
0.187131
0.585752
0.163384
0.453064
0.272653
0.547635
0.46714
0.356659
0.649076
0.248228
0.268173
0.500515
0.519439
0.508375
0.258027
0.523112
0.233002
0.318687
0.253007
0.239899
0.46066
0.160312
0.564889
0.312807
0.668638
0.487649
0.483393
0.271849
0.492915
-0.0130505
0.533044
0.506638
0.460782
0.369123
0.363496
0.675736
0.473069
0.685358
0.369206
0.446729
0.586032
0.586782
0.673905
0.430381
0.690393
0.380133
0.63195
0.401575
0.46546
0.361552
0.61333
0.432937
0.463321
0.520722
0.530522
0.393002
0.168668
0.342885
0.550543
0.385199
0.432984
0.701225
0.22178
0.414686
0.509069
0.911421
0.55396
0.807809
0.626574
0.567734
0.488952
0.645858
0.526562
0.571446
0.584361
0.536882
0.26511
0.33434
0.541977
0.570921
0.512531
0.747847
0.331208
0.447302
0.669271
0.483058
0.43115
0.844012
0.519346
0.101645
0.515086
0.535861
0.710186
0.585014
0.629327
0.513813
0.440692
0.558306
0.522577
0.775605
0.561041
0.394947
0.502348
0.31209
0.668242
0.375886
0.594737
0.349401
0.585865
0.538534
0.445425
0.365019
0.446692
0.527071
0.2471
0.527645
0.804633
0.478766
0.780836
0.248768
0.273661
0.431764
0.828183
0.582686
0.566246
0.414426
0.543707
0.590049
0.598626
0.380793
0.689432
0.619472
0.460829
0.658447
0.513363
0.637019
0.372275
0.492105
0.306463
0.503113
0.629106
0.544197
0.60675
0.559101
0.424785
0.341178
0.820367
0.688324
0.618564
0.38812
0.481451
0.460062
0.806599
0.852664
0.354259
0.732644
0.333705
0.589615
0.660763
0.791466
0.369044
0.59852
0.429562
0.309483
0.40909
0.506448
0.903045
0.406951
0.480423
0.853415
0.234799
0.386554
0.308617
0.299688
0.290182
0.559031
0.268136
0.41365
0.446311
0.768957
0.553955
0.280696
0.588483
0.265477
0.495695
0.534379
0.359931
0.24798
0.490527
0.707333
0.520155
0.46379
0.650018
0.571157
0.515822
0.304154
0.367478
0.255334
0.300674
0.446621
0.252192
0.0574563
0.196086
0.0295451
0.301421
0.170694
0.507342
0.306564
0.386279
0.51392
0.544593
0.309987
0.458573
0.390133
0.352735
0.52435
0.480215
0.362535
0.125113
0.240524
0.385356
0.0231477
0.570015
0.11531
0.227467
0.262049
0.260037
0.0716574
0.265673
0.390139
0.28752
0.64426
0.507062
0.302826
0.0664252
0.113127
0.589713
0.523604
0.442849
0.11935
0.104668
0.528762
0.443518
0.444943
0.29242
0.297735
0.23971
0.331366
0.286211
0.366033
0.368677
0.28674
-0.0457926
0.191611
0.433799
0.303716
0.62703
0.283043
0.220085
-0.0571071
0.201362
0.437573
0.192247
0.250319
0.307867
0.277392
0.132802
0.388479
0.488731
0.566477
0.454421
0.13074
0.155546
-0.0756476
0.329034
0.612917
0.29147
0.569688
0.829664
0.379384
0.262392
0.183782
0.376051
0.637518
0.315304
0.178835
0.557055
0.182558
0.342043
0.542242
0.425241
-0.113354
0.303351
0.58984
0.469055
0.404432
0.627659
0.319609
0.618977
0.349501
0.543342
0.474277
0.310859
0.272649
0.132755
0.534652
0.635512
0.150744
0.802819
0.231368
0.161974
0.365641
0.309773
0.447375
0.186782
0.37834
0.351342
0.333061
0.212875
0.533947
0.435396
0.322702
0.293541
0.393264
0.301269
0.192983
0.523779
0.268268
0.29471
0.152861
0.341926
0.348827
0.331541
0.327716
0.525264
0.236985
0.190587
0.537852
0.510252
0.454133
0.294617
0.189338
0.40404
0.314453
0.316467
0.0125733
0.224646
0.364485
0.0395914
-0.0489376
0.233563
0.298693
0.192102
0.303772
0.133256
0.077203
0.398643
0.320774
0.358769
0.34413
0.302801
0.238353
0.37062
0.297925
0.021832
0.312792
0.261831
0.0110441
-0.215783
0.0914461
0.468299
0.612309
0.152056
0.321671
0.411464
0.421556
0.185288
0.457657
0.0701735
0.178374
0.117018
0.479205
0.0830606
0.433893
0.154901
0.555243
0.532437
0.206214
0.309598
0.145037
0.672736
0.477548
0.441542
0.363678
0.423555
0.228488
0.259418
0.467693
0.436852
0.326798
0.443088
0.38607
-0.0292476
0.24385
0.27868
0.349701
0.178791
0.275217
0.31464
0.394345
0.374962
0.126491
0.33152
0.472184
0.420714
0.402082
0.536225
0.448414
0.16204
0.254509
0.29926
0.207979
0.202983
0.0262949
0.473282
0.69699
0.354482
0.681359
0.444576
0.576885
0.436459
0.491218
0.229761
0.610176
0.497957
0.267681
0.147838
0.227402
0.350877
0.199923
0.447946
0.462648
0.0984326
-0.0158707
0.5663
0.169632
0.387017
0.534462
0.116736
0.396891
0.387161
0.324393
0.547855
0.195252
0.435217
0.211986
0.367602
0.430737
0.758712
0.0197818
0.316972
0.247832
0.315573
0.335845
0.672408
0.356151
0.668382
0.413034
0.860386
0.540639
0.411775
0.193851
0.141684
-0.0157485
0.395042
-0.076478
0.232798
0.22052
0.142583
0.077616
0.344287
0.267648
0.075471
0.514265
0.122475
0.32934
0.302614
0.260335
0.188487
0.117814
0.0985016
0.149531
0.474703
-0.0456442
0.0533371
0.0814828
0.118067
0.218195
-0.10291
0.246057
0.028912
0.598652
0.329022
0.35901
0.114717
-0.121709
-0.142963
-0.111323
0.125463
0.0117371
0.146278
-0.0173202
0.279899
0.213804
0.105752
0.182947
-0.396616
0.027162
-0.242062
0.21886
-0.244833
-0.123358
-0.096803
-0.187371
0.0128198
-0.159482
0.131485
-0.0268713
-0.117141
-0.0859712
-0.071556
0.0117785
-0.0971477
0.0329015
0.215721
0.198785
-0.214467
-0.0871714
0.0129506
0.130885
0.106936
0.147698
-6.03698e-05
-0.104707
-0.311838
-0.173763
-0.24064
-0.0506328
-0.198397
-0.42247
-0.163558
-0.293924
-0.244517
-0.266879
-0.0415001
-0.386438
0.0856509
-0.344595
-0.179119
-0.0678276
-0.0472337
-0.278875
-0.194153
-0.191314
-0.218136
-0.0607881
-0.309121
-0.223311
-0.196387
-0.512729
-0.406863
-0.648372
-0.402175
-0.511684
-0.437935
-0.340307
-0.56322
-0.608952
-0.488501
-0.334694
-0.2742
-0.255321
-0.714633
-0.728731
-0.0243988
-0.455099
-0.400016
-0.714277
-0.381857
-0.491369
-0.367968
-0.437318
-0.523229
-0.532684
-0.6117
-0.286933
-0.697603
-0.665325
-0.508093
-0.645045
-0.562629
-0.621421
-0.841605
-0.384955
-0.407389
-0.425237
-0.515146
-0.439729
-0.619055
-0.510472
-0.632896
-0.373872
-0.658164
-0.593094
-0.443403
-0.466764
-0.298819
-0.856152
-0.293383
-0.245633
-0.479194
-0.690328
-0.376877
-0.620327
-0.491387
-0.450396
-0.415794
-0.207637
-0.606029
-0.625472
-0.569378
-0.31924
-0.678914
-0.718066
-0.842934
-0.632858
-0.650323
-0.498702
-0.887428
-0.497712
-0.38505
-0.627543
-0.696338
-0.503082
-0.582707
-0.957107
-0.49924
-0.41907
-0.536224
-0.51626
-0.612622
-0.444464
-0.494442
-0.261741
-0.0950381
-0.512771
-0.581866
-0.469073
-0.317826
-0.373244
-0.426488
-0.344256
-0.578319
-0.372782
-0.135169
-0.35884
-0.338455
-0.404838
-0.599334
-0.569564
-0.699764
-0.227257
-0.23179
-0.506608
-0.419122
-0.65608
-0.381579
-0.107403
-0.566541
-0.277737
-0.52338
-0.590706
-0.0871399
-0.488641
-0.475839
-0.133706
-0.577629
-0.137392
-0.520963
-0.42648
-0.386494
-0.441983
-0.669731
-0.154651
-0.531426
-0.407936
-0.109287
-0.219245
-0.238036
-0.30579
-0.331062
-0.336386
-0.104335
-0.428285
-0.0687648
-0.0984169
-0.0530816
-0.275377
-0.322723
-0.197855
-0.240033
-0.304749
-0.440957
-0.533715
0.00592866
-0.205182
-0.546231
-0.423198
-0.167701
-0.487393
-0.743811
-0.305182
-0.340513
-0.321352
-0.589768
-0.108199
-0.209326
-0.165524
-0.183539
-0.424278
-0.169717
-0.333357
-0.204281
-0.0730671
-0.0545644
-0.195482
-0.348222
-0.630716
-0.339377
0.0315714
-0.194326
-0.321745
-0.211746
-0.232774
-0.282099
-0.166568
-0.731066
-0.381007
-0.290548
-0.091839
-0.175719
-0.171905
-0.0888423
-0.110997
-0.515857
-0.281912
-0.325978
-0.159186
-0.276545
0.122115
0.0867963
-0.109024
-0.079888
-0.432791
-0.0644432
-0.0888171
-0.104691
-0.318608
-0.0804358
-0.218626
-0.429263
-0.515413
-0.241835
-0.135219
-0.0247922
-0.173381
-0.488843
-0.386976
-0.0522904
-0.111156
-0.223548
-0.480036
-0.135035
-0.0933166
-0.552794
-0.101741
-0.476178
-0.640239
-0.328528
-0.397509
-0.329535
-0.294392
-0.299748
-0.217919
0.0144009
-0.262992
-0.404376
-0.254613
-0.286853
0.0771424
-0.519281
-0.502747
-0.27743
-0.321988
-0.443322
-0.0979698
-0.42319
-0.509516
0.000105747
-0.298382
-0.219824
-0.0964791
-0.176465
-0.214346
-0.00501538
-0.202706
-0.340685
-0.189665
-0.0892796
-0.368018
-0.377289
0.100275
0.0272935
-0.114213
-0.378103
-0.230812
-0.227088
-0.0712593
-0.139335
-0.14017
-0.214348
0.0122647
0.0299687
-0.117028
0.15525
-0.144047
-0.0512007
0.0321407
-0.140056
-0.209733
-0.177364
-0.214295
-0.0515867
-0.23461
-0.1038
-0.102356
-0.106163
-0.580635
-0.0789269
0.156137
0.172897
-0.265816
-0.234605
-0.229892
-0.493741
-0.343497
-0.000636614
-0.125727
-0.272147
-0.0944535
0.00215906
0.120826
0.0138812
-0.0764048
-0.286108
0.147349
-0.107042
-0.0315131
-0.315991
-0.311611
-0.325662
-0.272786
-0.0159321
-0.208836
-0.10058
-0.144404
-0.113591
0.0588813
-0.16273
-0.0373891
-0.00942417
-0.194391
-0.202204
-0.218457
-0.351235
-0.00808624
0.103142
0.0451609
-0.237514
-0.304498
-0.172975
0.288236
-0.137105
0.155988
-0.0662829
0.0728714
0.0146299
0.0572574
-0.154646
-0.0464889
-0.1316
0.0296381
-0.0984828
0.00610652
0.0863047
-0.0761125
0.2575
-0.0202939
0.0942177
-0.181919
-0.202843
-0.0298043
0.0118985
0.257131
0.0315951
0.0528329
-0.15803
0.347815
0.255841
0.308868
-0.0772048
-0.00168685
0.0476696
0.0138503
0.0407954
0.0199753
0.00798197
0.00499961
-0.0960566
-0.0278245
-0.478673
-0.103603
-0.0040303
-0.377236
0.217476
-0.32081
-0.0316632
-0.0558384
-0.353872
-0.190491
-0.145737
0.12945
-0.281886
-0.0109133
-0.307909
-0.246355
-0.0394177
-0.232983
-0.194275
-0.283436
-0.213656
-0.138463
-0.271041
-0.12169
-0.360239
-0.372951
-0.394479
-0.128221
-0.137917
-0.241157
-0.18673
-0.191379
-0.199471
-0.174054
-0.0401674
-0.514774
-0.103322
-0.170099
-0.359015
0.0282774
-0.334348
-0.0815359
-0.204914
-0.265491
-0.285218
-0.212826
-0.53014
-0.415431
-0.157685
-0.09277
-0.133485
0.0610024
-0.299225
-0.269071
-0.446315
-0.24024
-0.499155
-0.303954
-0.434821
-0.296274
-0.410884
-0.222593
-0.0978324
-0.487706
-0.118449
-0.327554
-0.237294
0.14209
-0.0884165
-0.247391
-0.507347
-0.430248
-0.179431
-0.316313
-0.434078
-0.27742
-0.204625
0.224965
-0.36652
-0.168106
-0.0816455
-0.309403
-0.218242
-0.184019
0.189266
-0.161321
-0.386675
-0.436534
-0.332449
-0.319766
-0.218381
-0.152609
-0.274344
-0.240041
-0.0185654
-0.35897
-0.318299
-0.542972
-0.507891
-0.786106
-0.290751
-0.368473
-0.461099
-0.368508
-0.303701
-0.467303
-0.31976
-0.293406
-0.558163
-0.601049
-0.775207
-0.5668
-0.620482
-0.418307
-0.650487
-0.374882
-0.64847
-0.48554
-0.448242
-0.365008
-0.382169
-0.657127
-0.870878
-0.476244
-0.822245
-0.643814
-0.761065
-0.907823
-0.754401
-0.425882
-0.376032
-0.786374
-0.758232
-0.668547
-0.895669
-0.630692
-0.782678
-0.522103
-0.646628
-0.482278
-0.484098
-0.796959
-0.414102
-0.651122
-0.500571
-0.617551
-0.275594
-0.36646
-0.334408
-0.765771
-0.750063
-0.623311
-0.5324
-0.780835
-0.500834
-0.608606
-0.481284
-0.447359
-0.357943
-0.522795
-0.647547
-0.497523
-0.516616
-0.64006
-0.964342
-0.814752
-0.531751
-0.806713
-0.588555
-0.425774
-0.607548
-0.83511
-0.345086
-0.738622
-0.940176
-0.666885
-0.575145
-0.576514
-1.00731
-0.943688
-0.740636
-1.04264
-0.972518
-1.10774
-1.19844
-0.807349
-1.00841
-1.16697
-1.1271
-0.731994
-0.905442
-1.03247
-1.06082
-1.1782
-0.759109
-1.03565
-0.930182
-1.15925
-1.26287
-1.12533
-1.34981
-1.08011
-1.50901
-1.15445
-1.1207
-1.28492
-1.23
-1.17394
-1.06666
-1.21384
-1.62941
-1.35543
-1.25958
-1.56851
-1.08614
-1.65241
-1.40049
-1.24555
-1.61516
-1.57266
-1.50676
-1.31319
-1.09466
-1.47297
-1.62887
-1.29215
-1.51734
-1.42195
-1.55371
-1.69993
-1.35941
-1.3741
-1.09204
-1.54349
-1.50337
-1.50803
-1.56276
-1.36242
-1.44853
-1.14143
-1.72832
-1.5019
-1.49521
-1.40323
-1.22077
-1.53149
-1.427
-1.13017
-1.04309
-1.34237
-1.32869
-1.31217
-1.58662
-1.4244
-1.88241
-1.44655
-1.63715
-1.79988
-1.73766
-1.6607
-1.838
-1.60954
-1.52959
-1.51661
-1.49171
-1.68532
-1.78706
-1.64656
-1.5097
-2.05794
-1.91844
-1.99252
-1.83895
-1.69157
-1.79049
-1.93808
-1.64203
-1.89788
-2.17294
-1.79794
-1.61168
-1.76974
-1.74933
-1.94632
-1.95915
-1.89999
-1.82878
-1.41007
-1.7126
-1.51967
-1.94515
-1.58676
-1.80771
-1.47243
-1.76431
-1.95685
-1.79557
-1.60432
-1.39812
-1.62587
-1.34779
-1.6964
-1.78531
-1.68888
-1.33705
-1.49272
-1.62934
-1.53995
-1.39174
-1.26798
-1.70568
-1.65771
-1.48082
-1.40708
-1.75241
-1.50553
-1.55297
-1.51288
-1.50363
-1.45411
-1.51482
-1.55339
-1.58116
-1.4966
-1.56201
-1.61494
-1.86738
-1.61785
-1.32519
-1.53236
-1.52378
-1.77006
-1.74355
-1.65539
-1.41116
-1.17899
-1.47738
-1.55437
-1.36061
-1.7695
-1.41044
-1.2892
-1.21088
-1.16936
-1.36051
-1.06568
-1.36424
-0.935659
-1.36526
-1.22002
-1.35263
-1.1851
-1.25735
-1.05526
-1.36125
-1.20071
-1.16844
-1.09429
-1.39587
-0.901752
-1.29756
-1.0208
-1.31125
-1.2523
-1.45813
-1.37881
-1.40884
-1.41366
-1.42761
-1.66637
-1.11122
-1.43886
-1.46612
-1.87325
-1.28275
-1.61627
-1.73684
-1.69515
-1.51033
-1.37974
-1.58965
-1.69526
-1.34149
-1.56531
-1.44357
-1.70976
-1.5572
-1.4474
-1.47533
-1.43826
-1.59893
-1.63251
-1.59626
-1.31074
-1.34925
-1.37876
-1.26716
-1.50197
-1.22681
-1.25677
-1.1036
-1.38266
-0.93242
-0.97823
-0.957027
-0.960298
-1.11622
-1.16849
-0.846691
-1.32451
-1.00016
-1.42848
-1.30253
-0.974787
-1.21309
-1.35298
-1.1032
-1.24293
-1.36005
-1.03802
-0.969541
-1.13035
-0.688745
-0.805976
-0.87128
-0.996959
-1.28677
-0.79051
-1.00425
-0.755734
-1.13572
-0.571226
-0.849394
-0.828288
-0.779191
-0.925046
-0.583592
-0.977924
-1.058
-0.963053
-0.898247
-0.629423
-1.07621
-0.887224
-0.899599
-0.833442
-0.852203
-0.653513
-0.647227
-0.834707
-0.959297
-0.465082
-0.480587
-0.770031
-0.66723
-0.624923
-0.566772
-0.702209
-0.780527
-0.600634
-0.440145
-0.236362
-0.574527
-0.841778
-0.658764
-0.47914
-0.716366
-1.00406
-0.843258
-1.13904
-0.44131
-0.690579
-1.13352
-0.909307
-0.856846
-0.904002
-0.980267
-1.28445
-0.994931
-1.03365
-1.30009
-0.840292
-0.927081
-0.821002
-0.561128
-1.01955
-0.767966
-1.13188
-1.18408
-1.0079
-0.917694
-0.844736
-0.962496
-0.907557
-0.840767
-0.707551
-0.766477
-0.688627
-0.733976
-0.673547
-0.598191
-0.649307
-0.663043
-0.58426
-0.852948
-0.778996
-0.531873
-0.869079
-0.916678
-0.771048
-0.751067
-0.403262
-0.79018
-1.05258
-0.846518
-0.533803
-0.825134
-0.853462
-0.921282
-0.819604
-0.838588
-0.809464
-0.740422
-0.758866
-0.842475
-0.616805
-0.63767
-0.46556
-0.959907
-0.986747
-0.885679
-0.428984
-0.730983
-0.955391
-0.499532
-1.10364
-0.749258
-1.05336
-1.0909
-1.0474
-1.09054
-1.0281
-0.792376
-1.06096
-1.11271
-1.03256
-1.10125
-1.01782
-1.02563
-1.17064
-0.801223
-0.943384
-1.23058
-1.05682
-1.0701
-0.925924
-1.10597
-0.836422
-1.18743
-0.927867
-0.842691
-0.920696
-0.964112
-0.963174
-1.1423
-1.1957
-1.11295
-1.47724
-1.32704
-1.25531
-1.01922
-0.950114
-0.986674
-1.23193
-1.15352
-1.41413
-1.3687
-1.09431
-0.827685
-1.30104
-1.16728
-1.17021
-1.468
-1.03772
-1.1715
-1.31066
-1.12084
-1.15115
-1.38376
-0.866922
-1.2977
-1.25611
-1.39804
-0.941362
-0.99306
-1.16881
-1.17927
-1.08252
-1.06828
-1.23346
-1.10811
-1.19715
-1.55342
-1.3795
-1.38675
-0.922388
-1.02273
-1.15263
-1.38354
-1.33048
-1.1803
-1.16641
-1.40011
-1.65039
-1.29213
-1.33785
-1.56498
-1.38934
-1.23948
-1.06545
-1.39332
-1.19533
-0.970846
-1.14098
-1.41817
-1.05759
-1.22494
-1.00673
-1.18645
-1.2356
-1.28358
-1.13086
-1.63716
-1.05377
-1.12159
-1.2736
-1.44071
-1.61006
-1.36685
-1.29641
-1.32307
-1.31092
-1.60944
-1.31244
-1.51257
-1.30586
-1.15376
-1.21526
-1.57791
-1.51803
-1.46075
-1.66502
-1.29375
-1.29558
-1.1842
-1.2024
-1.17651
-1.34119
-1.65092
-1.43507
-1.01615
-1.3724
-1.54961
-1.28869
-1.65563
-1.68167
-1.45012
-1.41203
-1.77601
-1.84637
-1.49361
-1.9949
-1.84411
-1.64603
-1.64879
-1.74616
-1.49918
-1.77372
-1.52209
-1.79916
-1.40261
-1.42187
-1.43749
-1.64455
-1.4259
-1.49881
-1.73585
-1.69947
-1.75514
-1.50921
-1.5767
-1.67577
-1.6985
-1.58212
-1.3492
-1.61099
-1.58498
-1.56015
-1.70241
-1.66328
-1.84501
-1.49949
-1.71056
-1.701
-1.98332
-1.74136
-1.31417
-1.35486
-1.58225
-1.6308
-1.90536
-1.58193
-1.85449
-1.43588
-1.48054
-1.55069
-1.6192
-1.64445
-1.33757
-1.42373
-1.64033
-1.67316
-1.65945
-1.23752
-1.64625
-1.60537
-1.26532
-1.38595
-1.56507
-1.3536
-1.45583
-1.34352
-1.55664
-1.4418
-1.3753
-1.4497
-1.56719
-1.14748
-1.63758
-1.27641
-1.29029
-1.41524
-1.71567
-1.50573
-1.09382
-1.54548
-1.29863
-1.20444
-1.48995
-1.14807
-1.16653
-1.31435
-1.13109
-1.44904
-1.57647
-1.84966
-1.55481
-1.82388
-1.65954
-1.39143
-1.5548
-1.5045
-1.65237
-1.43942
-1.51292
-1.54026
-1.43032
-1.65071
-1.63462
-1.55253
-1.34158
-1.52918
-1.82732
-1.73229
-1.53995
-1.42543
-1.40207
-1.50229
-1.42728
-1.55204
-1.40274
-1.50429
-1.05069
-1.71649
-1.29244
-1.5536
-1.55641
-1.62675
-1.29556
-1.66013
-1.41981
-1.14213
-1.40664
-1.51233
-1.57978
-1.47466
-1.53263
-1.40737
-1.31849
-1.28546
-1.55421
-1.52084
-1.57084
-1.68575
-1.3657
-1.73106
-1.37223
-1.73028
-1.54941
-1.59035
-1.53195
-1.5979
-1.55652
-1.79362
-1.49372
-1.54499
-1.58746
-1.61758
-1.70302
-2.08319
-1.48257
-1.6236
-1.916
-1.59073
-1.60028
-1.44698
-1.78877
-1.98932
-1.67415
-1.80475
-1.81605
-2.17194
-1.73278
-1.94681
-2.26796
-1.72728
-1.96049
-1.77542
-1.95827
-1.97891
-1.92965
-2.18924
-2.03335
-1.8893
-1.82258
-1.99724
-2.00592
-2.05577
-2.13197
-2.28239
-1.87861
-2.20327
-2.19563
-1.88102
-2.06738
-2.07378
-2.14839
-2.23466
-2.16172
-2.08906
-2.3511
-2.60962
-2.37614
-2.15532
-2.29964
-2.44288
-2.29469
-2.3071
-2.27989
-2.0494
-2.0374
-2.29707
-2.05033
-2.06506
-2.06675
-2.20134
-2.10222
-2.43593
-1.9208
-2.13203
-2.25639
-1.96666
-1.94229
-2.15486
-1.85904
-2.13468
-2.18221
-1.94318
-2.34389
-2.05043
-2.47724
-2.19843
-2.36431
-2.07936
-2.07734
-2.0815
-1.98754
-2.01188
-1.8421
-1.87252
-2.1756
-1.87468
-2.20418
-2.10097
-1.87821
-1.93661
-2.08399
-1.98519
-2.04208
-2.04076
-2.04008
-1.84519
-1.74588
-2.05964
-1.4636
-1.69639
-1.7881
-1.70125
-1.50534
-1.66336
-1.76442
-1.68161
-1.77925
-1.70415
-1.96883
-1.83434
-1.7539
-1.57505
-1.96483
-2.27337
-1.79237
-1.94301
-2.15238
-2.13516
-1.92626
-1.92319
-1.99852
-1.86591
-1.85125
-1.8485
-2.29037
-1.976
-1.81286
-1.82106
-1.75454
-2.36266
-2.35775
-2.40854
-2.19778
-2.41336
-1.81163
-2.65051
-2.32371
-2.01651
-2.531
-1.75896
-2.39379
-2.18801
-2.09274
-2.39709
-2.20957
-2.39681
-2.29814
-2.08355
-2.66439
-2.14827
-2.60794
-2.58357
-2.39984
-2.34884
-2.51894
-2.34249
-2.32528
-2.18313
-2.24677
-2.5322
-2.74806
-2.22429
-2.68833
-2.30279
-2.72896
-2.46572
-2.37867
-2.50777
-2.52836
-2.23306
-2.56993
-2.47028
-2.39045
-2.56732
-2.30293
-2.20874
-2.30586
-2.26802
-2.4536
-2.46314
-1.95439
-2.03918
-2.14419
-2.02757
-2.21096
-2.15849
-1.94321
-2.44129
-2.06038
-2.26768
-2.38155
-2.19974
-2.17461
-2.19485
-2.29281
-2.32185
-2.06263
-1.91563
-2.30638
-2.04311
-2.1138
-2.22854
-2.12902
-2.28598
-2.28724
-2.35608
-2.37412
-2.32437
-2.11965
-2.18262
-1.75137
-2.15544
-2.32894
-1.89223
-2.24265
-2.09582
-2.27141
-2.28649
-2.37734
-2.00984
-2.28397
-1.82057
-2.36377
-2.39172
-2.52759
-2.57121
-2.52103
-2.62688
-2.43124
-2.65395
-2.65981
-2.58722
-2.52305
-2.57608
-2.29611
-2.58643
-2.37706
-2.55819
-2.90643
-2.71235
-2.67327
-2.62428
-2.53595
-2.66866
-2.77487
-3.10503
-2.56908
-2.63632
-3.0294
-2.89458
-3.0607
-3.15172
-3.07806
-3.2253
-2.48924
-3.06869
-2.71651
-2.83418
-2.93748
-3.10954
-2.97931
-2.68524
-2.88573
-2.98524
-3.11449
-3.105
-3.15222
-3.38262
-3.05533
-3.17474
-3.11017
-3.21481
-3.19315
-3.32976
-3.25899
-3.74602
-3.20659
-3.45822
-3.25145
-3.0309
-3.15479
-3.05079
-3.23249
-3.22864
-3.07124
-3.22231
-3.06194
-3.53913
-3.2243
-3.10391
-3.45502
-3.15579
-3.75354
-3.44484
-3.04278
-3.20682
-3.25711
-3.12463
-3.38843
-3.20967
-3.43672
-3.49785
-3.64341
-3.42981
-3.46666
-3.49199
-3.52941
-3.53931
-3.91133
-3.51482
-4.04421
-3.77204
-4.03151
-3.87016
-3.72633
-4.06551
-4.0934
-4.16657
-3.83528
-3.84233
-4.03923
-3.61269
-3.98956
-3.86401
-3.98072
-3.94172
-3.67556
-3.8893
-3.75413
-3.79477
-3.83818
-3.75013
-3.8581
-3.44396
-3.66958
-3.57843
-3.76505
-3.58938
-3.44357
-3.91452
-3.88594
-3.47472
-3.24421
-3.35538
-3.19381
-3.16539
-3.22372
-3.05921
-2.81425
-2.868
-3.18679
-3.2152
-3.07825
-3.00495
-2.93381
-3.08833
-2.90627
-2.93316
-3.05451
-3.03998
-2.77682
-2.8084
-2.98659
-2.99804
-3.00965
-2.58987
-3.18018
-3.08167
-3.0519
-3.06435
-2.87218
-3.01095
-2.71984
-2.8697
-2.72458
-3.17431
-3.24187
-3.12888
-2.75886
-3.33231
-2.68809
-2.90321
-2.45184
-2.54526
-2.5007
-2.44007
-2.634
-2.60392
-2.71053
-2.60851
-2.60129
-2.48777
-2.6048
-2.47959
-2.6333
-2.57107
-2.42976
-2.48464
-2.95768
-2.5254
-2.75403
-2.84895
-2.33286
-2.51713
-2.42111
-2.43275
-2.72883
-2.45511
-2.25491
-2.55264
-2.28516
-1.98215
-2.55036
-2.75518
-2.56995
-2.39671
-2.45935
-2.38926
-2.22435
-1.99958
-2.69069
-2.29229
-2.37366
-2.39182
-2.42941
-2.19111
-2.28818
-2.44605
-2.176
-2.17468
-2.41881
-2.10952
-2.09302
-2.41763
-2.26459
-2.48764
-2.16986
-2.09174
-2.10652
-2.36259
-2.42753
-2.61045
-2.55324
-2.53181
-2.23223
-2.14483
-2.21602
-2.11627
-2.16363
-2.5298
-2.34889
-2.25459
-1.97607
-2.53584
-2.34077
-2.12477
-2.09952
-2.18038
-2.55336
-1.99385
-2.11337
-2.63449
-2.25605
-2.28987
-2.11006
-2.3167
-2.27008
-2.45721
-2.44232
-2.48936
-2.59815
-2.85678
-2.43567
-2.57084
-2.7143
-2.33057
-2.29791
-2.45498
-2.34007
-2.33772
-2.05193
-2.48357
-2.10762
-2.59828
-2.10566
-2.33743
-2.3537
-1.99151
-2.28879
-2.59129
-2.27546
-2.34837
-2.32247
-2.41198
-2.52565
-2.20524
-2.28182
-2.39112
-2.68003
-2.30364
-2.27174
-2.40125
-2.24294
-2.02326
-2.45735
-2.10028
-2.44305
-2.46775
-2.31658
-2.35726
-2.48552
-2.56656
-2.74031
-2.32911
-2.25733
-2.45736
-2.20804
-1.87233
-2.3873
-2.45685
-2.27793
-2.4208
-2.50485
-2.53491
-2.29849
-1.99433
-1.92353
-2.02679
-2.06165
-2.07758
-2.16576
-1.8842
-1.81852
-1.96338
-2.02663
-1.74312
-1.72653
-1.65534
-1.76252
-1.6586
-1.95734
-1.88871
-2.0368
-1.77613
-1.9545
-2.53261
-1.94531
-2.19371
-1.81462
-1.73822
-1.68706
-2.14779
-2.22102
-2.20752
-2.00696
-1.74914
-1.95132
-2.17272
-2.05228
-1.81941
-1.99286
-2.13779
-1.77884
-1.72974
-1.71278
-1.78765
-2.02695
-1.97392
-2.13055
-2.02113
-1.99833
-1.8109
-1.94185
-1.86664
-1.83798
-2.00569
-2.16974
-2.35405
-2.15276
-1.84719
-1.97298
-1.98176
-1.84227
-2.03324
-2.15446
-1.84736
-2.01697
-1.89387
-2.05354
-2.24539
-1.76794
-1.77613
-1.92995
-2.1755
-1.8574
-1.6879
-1.89796
-1.84801
-1.68277
-1.94337
-1.80196
-1.98799
-1.88843
-1.6745
-1.85334
-1.68316
-1.69248
-1.88411
-1.64303
-1.54379
-1.48334
-1.62288
-2.08249
-1.90502
-2.03017
-1.74331
-1.71868
-1.67264
-2.00817
-1.59037
-1.84518
-2.00259
-1.77715
-1.59519
-1.45103
-1.69163
-1.56759
-1.73848
-1.52624
-1.58685
-1.89908
-1.70921
-1.95559
-1.99943
-2.06738
-2.2075
-1.84443
-1.56637
-1.80838
-1.75028
-1.81982
-1.75025
-1.82263
-1.90116
-2.16694
-1.9485
-2.02768
-1.73556
-2.06607
-1.77941
-1.78119
-1.7331
-1.91797
-1.82665
-1.89469
-2.015
-1.89688
-1.99616
-1.9791
-1.94983
-1.98215
-1.89653
-2.08871
-1.97466
-1.70122
-2.12252
-2.08255
-1.9849
-2.01551
-1.90295
-2.1092
-2.24986
-2.15785
-1.85354
-2.20156
-2.0693
-1.908
-2.09732
-2.21129
-1.80907
-1.9909
-2.05243
-2.00036
-2.26295
-2.3128
-1.99003
-2.01379
-1.73325
-2.03518
-1.64733
-2.16762
-2.12094
-2.20658
-1.79646
-2.07009
-2.03461
-2.25822
-2.17866
-2.18744
-1.76617
-2.22482
-1.86999
-2.32799
-1.99221
-2.24861
-2.05583
-2.01101
-2.05297
-1.9681
-1.85829
-2.22004
-1.99765
-2.26391
-1.98357
-1.84415
-1.97934
-1.78595
-2.1042
-2.09983
-1.87891
-1.75441
-1.90945
-1.76924
-1.86739
-2.11901
-2.41144
-1.90351
-2.15228
-2.07495
-2.25095
-2.04359
-2.04561
-1.69938
-2.1901
-2.36843
-2.06699
-2.26268
-2.29908
-2.05895
-2.13399
-2.10389
-2.1718
-2.27705
-2.1277
-2.03695
-1.99815
-2.13743
-2.09943
-1.98231
-2.40221
-2.47782
-2.56072
-2.0854
-2.20418
-2.15408
-2.14428
-2.40318
-2.19896
-2.19488
-2.1888
-2.26159
-2.28719
-2.21624
-2.41326
-2.28401
-2.13882
-2.29193
-2.24287
-2.06972
-2.05127
-2.09696
-2.22386
-1.93999
-2.38383
-2.2665
-2.38068
-2.17809
-1.69145
-2.29999
-2.13201
-1.83999
-2.2956
-1.89219
-1.97718
-1.90631
-2.34992
-1.89435
-1.64433
-1.92167
-2.22316
-1.93361
-2.12578
-2.25965
-2.35644
-2.00075
-2.23807
-2.20126
-1.94287
-2.04906
-1.69473
-1.90885
-2.13934
-1.94166
-2.1603
-2.26945
-1.9489
-1.95078
-2.02157
-2.17521
-1.84124
-2.16229
-2.03374
-2.11824
-1.89589
-1.78957
-1.96025
-1.34371
-1.67827
-1.5518
-1.75791
-1.68841
-1.60232
-1.49421
-1.63185
-1.39833
-1.62695
-1.57594
-1.35392
-1.42471
-1.47147
-1.75134
-1.68706
-1.6352
-1.03922
-1.21706
-1.22221
-1.32296
-1.20062
-1.41053
-1.42256
-1.02446
-1.40658
-1.55269
-1.2252
-1.1109
-1.23783
-1.47227
-0.945379
-1.34016
-1.19311
-1.07827
-1.23355
-1.02574
-1.05072
-0.969419
-1.36893
-1.03998
-0.926224
-0.839619
-1.07133
-1.10035
-0.98609
-0.919817
-0.818297
-1.00485
-1.05448
-1.05778
-1.2445
-1.02169
-0.929271
-0.880523
-0.830003
-0.920329
-0.822591
-0.68798
-1.02917
-0.914801
-0.953543
-0.698874
-0.755796
-0.458825
-0.385333
-0.516685
-0.861355
-0.618576
-0.525322
-0.734315
-0.962155
-0.554278
-0.681508
-0.371458
-0.171941
-0.554058
-0.454438
-0.484326
-0.199995
-0.713824
-0.314424
-0.392356
-0.466175
-0.366964
0.0143835
-0.328177
-0.141519
-2.67519e-06
0.0286574
0.0114366
-0.125319
-0.326608
-0.180778
-0.173409
-0.241109
-0.557741
-0.31906
-0.195892
-0.379704
-0.418018
-0.305418
-0.000518782
-0.0632469
-0.0478471
-0.167815
0.12843
-0.244983
-0.15471
-0.141288
-0.275177
-0.242317
-0.226412
-0.045017
-0.0264565
-0.134289
-0.330326
-0.111564
0.0169812
-0.106534
-0.34806
-0.363472
-0.297031
-0.338669
0.249243
-0.147333
-0.194492
-0.0143248
-0.151183
0.133213
0.0493291
-0.0065514
0.0780618
0.14854
0.12602
-0.00254602
0.0544739
0.174472
0.140973
0.0399442
0.102445
0.437921
-0.172551
0.268662
0.277551
0.201386
0.276013
0.442971
0.0734978
-0.0248463
0.382216
0.319085
0.359887
0.115235
0.683548
0.468991
0.512845
0.403571
0.353381
0.442541
0.290448
0.438038
0.453031
0.435354
0.390794
0.364239
0.273799
0.425728
0.694101
0.303868
0.219911
0.206707
0.464691
0.393083
0.0117066
-0.0194065
0.384373
0.414853
0.471704
0.266927
0.286592
0.11209
0.0159393
-0.0532942
0.204219
0.539182
0.139503
0.151582
0.107755
0.164387
0.042037
0.277264
-0.0163688
-0.07047
0.315906
0.0538162
0.0877268
0.0227413
0.0223995
-0.164674
-0.243992
-0.489822
0.0411137
-0.136189
-0.0821432
-0.238977
0.0821711
-0.200262
-0.275164
-0.216478
-0.306194
-0.158416
-0.31891
-0.428786
-0.239466
-0.114822
-0.590942
-0.495117
-0.344577
-0.320922
-0.49064
-0.322642
-0.631454
-0.354492
-0.380161
-0.213458
-0.292611
-0.408912
-0.379833
-0.55853
-0.387585
-0.688498
-0.793157
-0.61105
-0.368619
-0.623242
-0.430589
-0.369486
-0.428894
-0.503892
-1.00837
-0.609154
-0.756817
-0.757062
-1.00097
-0.677711
-0.642036
-0.663606
-0.674362
-1.032
-1.16432
-0.817947
-0.858214
-0.964038
-0.881173
-0.995232
-1.15017
-0.828193
-0.551194
-1.24604
-1.02005
-0.917431
-1.12072
-0.575063
-0.792336
-0.544879
-0.566413
-0.396138
-0.972526
-0.910818
-0.996912
-0.902125
-0.806797
-0.642256
-0.81439
-1.21455
-0.741464
-0.875285
-0.758689
-0.926909
-0.810854
-0.972874
-0.674234
-0.65258
-0.892226
-1.10658
-0.821668
-0.611393
-0.977376
-0.778168
-0.918903
-1.00873
-0.790575
-0.81587
-0.767924
-0.670727
-0.593871
-0.947282
-0.751482
-0.439639
-0.974027
-0.51715
-0.461996
-0.937597
-0.759274
-0.62779
-0.640086
-0.509111
-0.638427
-0.694046
-0.81125
-0.694854
-0.664335
-0.516609
-0.733685
-0.528654
-0.669816
-0.793732
-0.63563
-0.846448
-0.373116
-0.480177
-0.807346
-0.709859
-0.356587
-0.64094
-0.686814
-1.23998
-1.06768
-0.844579
-0.873134
-0.859366
-0.766741
-0.966968
-0.807355
-0.83851
-0.640315
-0.442252
-0.410864
-0.67061
-0.503121
-0.592148
-0.304899
-0.666984
-0.429266
-0.418292
-0.383369
-0.517717
-0.119632
-0.23854
-0.166389
-0.201307
-0.422272
-0.223473
-0.327323
-0.223032
-0.470455
-0.493769
-0.028115
-0.226072
-0.176218
-0.399994
-0.236574
-0.384507
-0.586136
-0.153887
-0.437295
-0.189175
-0.115276
-0.40369
0.0525139
-0.297266
0.0448103
-0.257728
-0.158444
0.0128831
-0.0358907
-0.324335
-0.192413
-0.153935
-0.134695
-0.242151
0.19902
-0.210517
-0.0159837
-0.162725
-0.110958
-0.218648
-0.00713602
0.144547
-0.104492
-0.0289477
-0.0700805
0.366407
-0.0268193
-0.00384711
0.342824
0.205684
0.23169
-0.150688
0.465154
0.00291219
0.144787
0.119058
0.201373
0.0749269
-0.140419
0.0184281
0.159673
0.208369
0.170554
-0.218495
0.0641883
0.133829
0.110374
0.00515968
0.106738
0.0392084
-0.0841677
0.464514
-0.07678
0.0590911
0.250845
-0.0998576
0.314317
0.425444
0.348906
0.1611
0.132553
-0.145653
0.0599565
0.465149
0.215332
0.158733
-0.146381
0.154607
0.0341363
0.352475
0.0388567
0.0795154
0.451421
0.411708
-0.107687
0.393167
0.355306
0.445219
0.402172
0.0908222
0.389152
0.388169
0.264519
0.132674
0.283354
0.267962
0.469085
0.317352
0.727815
0.356465
0.257301
0.50278
0.419977
-0.00816707
0.133758
0.230034
0.376935
0.381965
0.21905
0.35368
0.089587
-0.272777
0.40848
0.297786
0.348577
0.0219237
0.472139
0.681061
0.269352
0.55808
0.277487
0.267234
0.14111
0.194371
0.353636
0.33517
0.265072
0.183212
0.371775
0.450534
0.45399
0.212521
0.396085
0.517043
0.437511
0.397471
0.563261
0.743088
0.943998
0.475205
0.507086
0.438042
0.293644
0.502138
0.627909
0.675779
0.445959
0.57408
0.493127
0.000314227
0.306828
0.153771
0.188387
0.240334
0.547847
0.279004
0.212646
0.20977
0.174089
-0.0130659
-0.246109
0.00827158
0.448924
0.350122
0.378379
0.0726752
0.346099
0.257606
0.30724
0.678968
0.248501
0.18648
0.573738
0.319598
0.488468
0.449172
0.1655
0.435845
0.151964
0.68713
0.156225
0.389498
0.189579
0.40049
0.526087
0.460272
0.52619
0.397964
0.477054
0.327443
0.681148
0.534861
0.324113
0.357905
0.419628
0.13605
0.855519
0.57534
0.779941
0.511341
0.414958
0.53525
0.130768
0.495162
0.516582
0.537331
0.661087
0.419107
0.31474
0.300899
0.702967
0.412965
0.362009
0.62824
0.344442
0.212964
0.532096
0.243353
0.317982
0.434887
0.607242
0.0112114
0.473971
0.43666
0.0157602
0.16094
0.415828
0.313477
0.276678
0.278777
0.196444
0.579202
0.426286
0.611731
0.383714
0.384768
0.384141
0.267236
0.0524888
0.348213
0.274508
0.580529
0.627139
0.407618
0.367977
0.344511
0.465318
0.123854
0.411546
0.333008
0.372295
0.25264
0.637302
0.470814
0.47037
0.6074
0.55299
0.595996
0.375791
0.273964
0.324274
0.467717
0.39508
0.392734
0.251907
-0.00283603
0.0435423
0.241535
0.290404
0.456857
0.375597
0.274078
0.345775
0.465679
0.471325
0.39142
0.770003
0.476121
0.470322
0.273694
0.200238
0.394569
0.45842
0.271014
0.527199
0.0942005
0.339952
0.380194
0.229391
0.316449
0.234803
0.573866
0.312111
0.481219
0.572573
0.542305
0.436381
0.636086
0.477117
0.583888
0.599132
0.756711
0.508789
0.57275
0.414485
0.287297
0.451548
0.171888
0.24197
0.56196
0.375643
0.471885
0.108846
0.207337
0.471278
-0.0109325
0.177286
0.366489
0.504872
0.390445
0.34137
0.32032
0.423401
0.345697
0.59005
0.279137
0.25498
0.224646
0.147434
0.538582
0.254353
0.262084
0.661562
0.518815
0.219729
0.582498
0.899658
0.595424
0.55632
0.503761
0.687009
0.695346
0.801898
0.769297
0.798129
0.489399
0.262275
0.413554
0.53207
0.637278
0.764414
0.702197
0.79025
0.647066
0.572539
0.629088
0.589523
0.722308
0.769309
0.531013
0.5734
0.661106
0.467395
0.787234
0.573606
-0.013373
0.439965
0.313746
0.220336
0.249303
0.614065
0.685962
0.36469
0.469338
0.286383
0.45783
0.429014
0.0618049
0.545628
0.287873
0.343631
0.532471
0.207628
0.449405
0.534874
0.488912
0.523834
0.315733
0.403895
0.55178
0.445555
0.60545
0.347273
0.280593
0.260548
0.0715097
0.500133
0.216615
0.55656
0.681641
0.330348
0.259363
0.492615
0.317459
0.854309
0.584211
0.644941
0.562675
0.668391
0.761949
0.436644
0.457843
0.450679
0.348511
0.924143
0.201376
0.753876
0.306898
0.59032
0.411425
0.657524
0.772266
0.425153
0.655027
0.673762
0.791086
0.513737
0.377337
0.397591
0.0457274
0.475469
0.690282
0.668318
0.575297
0.829998
0.449162
0.493483
0.352061
0.650568
0.690638
0.772639
0.485668
0.326894
0.529086
0.834217
0.707175
0.671894
0.553034
0.648425
0.570901
0.399516
0.577274
0.747634
0.466629
0.441676
0.688058
0.539375
0.515069
0.730618
0.417158
0.543817
0.46544
0.406023
0.24811
0.426843
0.422964
0.373807
0.55451
0.803316
0.283625
0.26568
0.585577
0.389598
0.424827
0.547578
0.384177
0.570518
0.82304
0.334451
0.34653
0.440893
0.539498
0.701886
0.442333
0.456331
0.256142
0.356206
0.303754
0.188036
0.238922
0.418113
0.406054
0.261844
0.38413
0.267426
0.413516
0.647398
0.35953
0.37816
0.557969
0.692852
0.476042
0.583146
0.333693
0.566621
0.623471
0.332206
0.279767
0.804265
0.438963
0.388082
0.632997
0.365917
0.570171
0.477697
0.321577
0.508019
0.264292
0.384398
0.413105
0.550116
0.364656
0.534194
0.587296
0.635273
0.774475
0.235455
0.612464
0.802607
0.592272
0.506534
0.401531
0.401293
0.389078
0.410864
0.550638
0.729642
0.399519
0.507405
0.451319
0.389689
0.463898
0.267158
0.568573
0.521543
0.422956
0.562248
0.429907
0.819328
0.290181
0.55516
0.498629
0.252631
0.46536
0.324097
0.288064
0.47885
0.309055
0.3282
0.663605
0.361378
0.693286
0.7143
0.570686
0.554078
0.569034
0.407899
0.666605
0.525332
0.717719
0.519553
0.709484
0.762146
0.639787
0.506914
0.453759
0.460706
0.418145
0.476333
0.609691
0.444205
0.263597
0.6449
0.507413
0.852743
0.664201
0.390155
0.338702
0.342821
0.626819
0.346395
0.526057
0.689367
0.692881
0.488434
0.613399
0.603294
0.854655
0.384744
0.668666
0.596759
0.462438
0.551034
0.571285
0.386279
0.607832
0.443087
0.621158
0.896632
0.514712
0.746053
0.550696
0.40175
0.711866
0.767945
0.771477
0.568222
0.672976
0.543369
0.747314
0.654314
0.572251
0.408434
0.658758
0.498761
0.847375
0.720784
0.377522
0.296858
0.338131
0.644049
0.736246
0.85924
0.317515
0.624148
0.744763
0.442278
0.530421
0.558661
0.620589
0.608604
0.484561
0.222856
0.765838
0.455712
0.562919
0.265607
0.514836
0.490871
0.465224
0.592441
0.442085
0.680271
0.392949
0.446464
0.347336
0.430196
0.547619
0.637189
0.626543
0.382249
0.301667
0.620126
0.49287
0.206871
0.692494
0.48197
0.490205
0.327362
0.61696
0.679975
0.59248
0.405539
0.422944
0.466112
0.408366
0.516517
0.717588
0.755873
0.566292
0.301747
0.642903
0.598163
0.51457
0.616512
0.35974
0.428706
0.676891
0.749467
0.537123
0.457289
0.414695
0.561966
0.601884
0.242819
0.510211
0.524208
0.763107
0.406981
0.496931
0.57209
0.443133
0.571988
0.579602
0.57012
0.655083
0.655221
0.433841
0.422994
0.429849
0.554357
0.357133
0.545434
0.415657
0.551879
0.465897
0.708297
0.372163
0.680858
0.702699
0.45534
0.709227
0.548517
0.503772
0.600918
0.363024
0.882934
0.843463
0.776741
0.796373
0.870213
0.496987
0.720904
0.637728
0.66496
0.556441
0.704538
0.48611
0.522097
0.543097
0.485015
0.5622
0.599166
0.476407
0.619477
0.408097
0.819096
1.01182
0.835978
0.57668
0.754685
0.342373
0.786382
0.395752
0.920782
0.463575
0.756307
0.449424
0.510316
0.597958
0.345152
0.299973
0.615542
0.489324
0.588969
0.528452
0.459206
0.497583
0.426395
0.778665
0.135964
0.527741
0.373183
0.496031
0.850677
0.5624
0.601153
0.786231
0.522339
0.839498
0.448637
0.541914
0.63537
0.73884
0.675028
0.637368
0.548896
0.800014
0.56809
0.483906
0.64403
0.748014
0.770973
0.61653
0.463319
0.553365
0.673933
0.421666
0.526238
0.620954
0.633587
0.749832
0.42348
0.504013
0.625716
0.202645
0.342243
0.670159
0.83731
0.728544
0.493268
0.520281
0.603272
0.575353
0.430827
0.483201
0.77402
0.520774
0.814124
0.582919
0.748597
0.345299
0.782255
0.543753
0.286993
0.458511
0.604824
0.424895
0.290853
0.477989
0.361151
0.753546
0.364357
0.352485
0.853685
0.502996
0.689615
0.589751
0.432759
0.543115
0.690646
0.585269
0.47413
0.580485
0.737655
0.241874
0.677005
0.78065
0.43584
0.49811
0.600069
0.122627
0.560997
0.560786
0.624957
0.327984
0.464907
0.187117
0.304647
0.514251
0.594544
0.427934
0.376021
0.683628
0.491331
0.659645
0.96445
0.395727
0.318266
0.442633
0.526732
0.724901
0.56477
0.466498
0.477963
0.307603
0.526218
0.387798
0.656756
0.662681
0.532554
0.596041
0.508919
0.660868
0.635751
0.57493
0.345588
0.711894
0.602909
0.603245
0.608776
0.515792
0.587278
0.365933
0.712169
0.627466
0.661829
