-0.0418464
-0.20972
-0.422887
-0.0628539
-0.158799
0.0835414
0.108009
-0.316377
-0.100845
-0.0608351
-0.214787
-0.425631
-0.315815
-0.0331756
-0.198648
0.0490772
0.160464
0.194897
0.125104
-0.0847095
0.102568
0.0565121
-0.164232
0.0677511
-0.148983
0.140182
0.0462115
0.0820364
0.0576013
0.302497
0.0619592
-0.0405299
-0.0666267
0.253956
0.0333126
-0.0946873
0.0845321
0.155839
-0.0939403
-0.114608
0.175849
0.0517339
-0.129345
0.0162054
0.199078
0.0919801
-0.0516153
-0.10104
-0.0913727
0.0520893
-0.203604
-0.08839
0.298305
0.121406
0.202777
0.390618
0.0162694
0.214836
0.203531
0.666671
0.18819
0.0296705
0.247684
0.0271506
0.157397
0.201386
-0.0799044
0.178859
-0.0245544
0.182503
0.431768
0.238133
0.134975
0.352292
0.156886
0.320325
0.231843
0.0462625
-0.116943
0.00941685
0.0619943
0.130453
0.220406
0.480663
-0.134575
0.0907529
0.48181
0.321811
0.326688
0.266043
0.316224
0.157342
0.184225
0.206832
0.317051
0.40204
0.410551
0.269915
0.424223
0.237029
0.599279
0.237466
0.0642169
0.203059
0.220135
0.520272
0.53902
0.322525
0.412156
0.211518
0.22054
0.0494866
0.250527
0.429263
0.251008
0.0975404
0.285355
0.270565
0.0524661
0.191968
0.155088
0.302966
0.0235647
0.136006
0.210032
0.28272
0.0947425
0.601716
0.0451087
0.0047231
0.4514
-0.269569
0.171773
0.13268
0.177326
0.0831704
0.556905
0.05716
-0.0574797
0.148763
-0.00859836
0.144178
-0.116849
0.322539
-0.0445271
0.232633
-0.0861452
0.207394
0.1209
-0.0591205
0.0420452
-0.0885948
0.116516
0.0292336
0.116721
-0.221199
-0.0248065
-0.244518
0.124632
-0.229133
-0.0651535
0.276318
0.0958939
0.322329
-0.145399
-0.0315689
0.0230207
0.0406765
0.0322031
0.0108297
0.144766
-0.311779
-0.252571
-0.122551
-0.0168264
0.250877
-0.145233
0.12708
0.0767056
0.139619
0.288268
0.0886152
0.123223
0.143213
0.109853
-0.0481471
0.343624
0.0389781
0.0504052
0.0478008
0.638777
0.105379
0.116894
0.192907
0.106831
0.00661127
-0.148967
0.0320224
0.0181964
0.13699
0.127693
0.00781456
0.40632
0.124478
0.0823054
0.189052
-0.0499875
0.167532
0.0112395
0.392332
-0.00884784
0.0399008
-0.132905
-0.226113
0.144759
0.15209
0.0523402
0.281136
0.294914
0.288701
0.222204
0.0138673
0.268727
0.00482921
0.245705
0.30218
0.205782
0.0865789
0.101348
0.079
-0.0628535
0.288496
0.391254
0.0339606
0.173817
0.146117
0.527077
0.199022
0.184214
0.165596
0.338805
-0.187542
0.212872
0.0449609
-0.160832
0.0992472
0.290819
-0.0163481
0.305424
-0.0345941
0.126165
0.0468728
0.0192449
0.184449
0.261754
0.0381546
0.250739
0.0848398
-0.00942946
0.0325719
0.261138
-0.278383
0.182036
0.115931
0.282914
0.184441
-0.0553676
0.115357
0.0482963
0.269397
0.146164
-0.0973423
0.449601
0.17089
0.123134
-0.226152
0.124321
0.335095
-0.0197605
-0.130746
0.0260717
-0.142928
0.12531
0.00829749
-0.0204473
0.0796403
-0.077469
0.0641748
0.0793438
-0.0898377
0.0778955
0.0189093
-0.0943816
0.0130338
0.0979313
0.0720289
0.152915
-0.364188
0.113963
-0.0228681
-0.0411268
0.0675487
0.118289
-0.0339706
-0.131955
-0.102682
-0.00775957
-0.173413
0.210053
0.0789607
-0.28563
-0.260492
0.0316189
-0.0379845
0.0549876
-0.0244885
0.0533341
-0.00532902
0.176686
-0.0571798
-0.0596861
0.411881
0.23376
0.0871116
0.154555
-0.0799125
0.076518
0.0202024
-0.064862
0.0929108
0.402808
0.134337
-0.0327184
0.330674
0.237108
0.173479
0.071906
-0.0800624
0.015129
0.303079
-0.0688706
0.0389068
-0.0080605
0.0657011
0.0282351
-0.214941
-0.000982214
0.19487
-0.25021
0.299739
-0.0254271
0.226417
-0.0641818
0.0583348
-0.0941136
-0.392975
-0.320993
0.294051
-0.00317338
-0.0160851
0.0630897
-0.0752261
0.0271242
0.0878136
0.377124
0.176704
0.355106
-0.13502
0.106938
0.0300844
0.150342
0.158298
0.136333
0.0949978
-0.00658666
-0.145028
0.189028
0.0389623
0.00560549
0.302998
0.0282757
0.183826
0.175654
0.0523893
0.361245
-0.0392739
-0.184777
-0.0881534
0.0376452
-0.0694099
-0.00981962
0.37513
0.337445
-0.278703
-0.0459673
0.0183826
0.121879
0.135458
0.000216945
-0.20825
-0.03751
-0.189202
0.120089
0.0124236
-0.0343849
-0.11546
0.200907
0.0783661
-0.0389205
0.0634514
-0.156318
-0.397305
0.017756
-0.328988
0.187009
-0.12685
0.125729
-0.176534
-0.318132
-0.124263
-0.0351252
0.2851
-0.218047
0.21577
-0.00797774
-0.0755792
-0.114009
0.183947
-0.0726682
-0.0714593
-0.0566428
0.184461
0.0299167
-0.115616
0.108014
0.0881901
0.419309
-0.0922697
0.0686675
0.0406275
0.252455
0.00422317
0.0157356
-0.0481397
0.0147134
0.0482929
0.0374034
0.114267
-0.0832459
0.207449
0.019203
0.156743
0.0699894
-0.00174362
-0.0332688
0.127467
0.250577
0.126693
-0.0426243
0.501738
0.0407569
0.439707
0.271812
0.124875
0.100855
-0.253908
0.0283254
-0.112548
-0.16443
0.0893921
0.359541
0.233775
0.0434974
0.242092
0.189038
0.0707619
0.0404149
-0.00997932
0.451803
0.0327534
0.326086
-0.0110675
0.0668057
0.080922
0.19741
0.16044
0.109292
0.0188424
0.347014
0.0711936
-0.0927583
0.126436
-0.182403
-0.0242792
0.0130587
-0.12346
0.196937
-0.0229717
-0.304077
0.208713
0.0339766
-0.0256682
-0.226621
0.013165
-0.197537
0.0600052
-0.232252
-0.222951
-0.000898966
-0.313345
0.1394
0.263634
0.0728924
0.147749
0.0159904
0.357929
0.111791
0.0933259
-0.214005
-0.129945
-0.100639
0.106407
-0.064104
0.0240165
0.0813008
0.164332
0.532327
-0.0899492
0.173331
-0.134997
0.0681634
0.180562
-0.0877498
-0.123464
-0.350168
-0.0201249
0.198408
-0.0893123
0.14812
-0.0177588
0.0726408
0.0399635
0.0901317
-0.178446
-0.0770665
0.13614
0.160397
0.311794
0.00333063
0.111334
-0.17945
-0.104195
0.0596433
-0.248224
-0.0619836
0.297927
0.0252286
-0.17651
0.0284688
0.0871269
0.10691
0.127355
0.154467
0.0423413
-0.0389205
-0.183868
-0.029148
0.303289
-0.281387
0.193073
-0.261909
0.159242
0.0639438
0.0724793
0.311867
0.361838
0.241795
0.177556
-0.126111
0.0156275
0.253011
0.13139
0.00777137
0.0820392
0.148137
0.243253
-0.260926
-0.0209271
-0.0973477
0.130078
0.0069831
0.107198
0.171835
0.0923671
0.219305
0.122512
-0.0984114
0.132271
0.24988
0.171145
0.0251139
0.0466136
0.345865
0.0794929
0.227618
0.229883
0.0312054
0.282078
0.21338
0.138243
0.340523
0.41817
0.324354
-0.000237014
0.0385496
0.0540282
-0.146543
0.308604
0.117392
0.031264
0.0376741
0.246794
0.169413
0.169038
0.149242
0.330861
0.00641172
0.323334
0.224711
0.232985
0.0156036
0.161638
0.176586
0.22445
0.0601518
0.260287
-0.022541
0.142728
0.270301
0.276122
0.315738
0.377518
0.0433661
0.169909
0.105955
0.292197
0.206458
0.238807
-0.202339
0.271011
-0.0311025
0.177184
0.0841125
-0.0380134
0.180638
0.173684
0.204453
0.120876
0.238631
-0.0979077
0.205186
0.366794
0.145242
0.304579
0.126115
0.167439
-0.169298
0.0148484
0.0920086
0.0705033
0.0271236
0.205344
0.443853
0.235256
0.122412
0.210861
0.233762
0.14038
0.271707
0.193321
-0.0308204
-0.132692
-0.00680531
-0.0613276
0.0795103
0.373809
0.053724
-0.144316
0.248413
0.276466
0.036759
0.00648298
0.349819
0.0611911
-0.162288
-0.0953545
0.370202
-0.19116
0.0157768
0.146149
0.0573341
0.0559501
0.146326
0.0590434
0.0470093
0.0740852
0.0717332
0.0608106
0.351122
0.231936
0.156101
0.157567
0.115914
0.261667
0.164372
0.352257
0.0235764
0.0296498
-0.14399
-0.0747442
0.160258
0.102275
-0.07035
0.0751067
-0.0714609
0.406743
0.00474449
0.0586811
0.000874642
0.31679
0.0952729
-0.0365447
-0.0371589
-0.0660817
0.106774
0.235859
-0.062401
0.117991
-0.0878605
0.101492
0.19939
0.0695742
0.00429927
0.142684
0.298859
-0.143695
0.0975034
0.0632471
0.137985
0.047429
0.0289733
0.198894
0.0393622
0.317419
0.00513323
0.0386913
0.353916
-0.043072
0.0667367
0.0562146
-0.00979673
0.0531298
0.0343046
0.227526
-0.0575923
0.121499
-0.208736
-0.0781962
0.164798
0.388898
0.238366
0.123205
-0.117929
0.374501
-0.227049
0.104053
0.0744042
0.0612228
-0.0468683
0.240171
0.162187
0.208486
0.0591049
-0.142156
0.165686
0.296794
0.0164798
0.285172
0.227648
-0.21304
-0.035001
0.127044
0.119291
-0.0467436
0.107174
0.131972
-0.0765147
-0.0248401
0.20895
0.107511
0.22865
0.294846
-0.0581899
0.247853
0.128024
0.215446
0.0753047
0.232619
-0.230329
0.230332
0.174655
-0.0377283
0.0194064
0.207494
-0.173319
0.0762607
0.122531
0.113541
-0.00378491
-0.106344
-0.0891006
0.0401904
0.10305
0.32678
0.173812
-0.193599
0.237258
-0.0592445
0.149397
0.00469584
0.387388
0.109277
-0.00259686
-0.0298993
-0.00523485
0.237659
0.381048
0.0843502
0.217716
-0.0156326
-0.0940545
0.0187384
0.152854
0.137012
-0.0930133
0.017983
-0.0333698
0.0538975
-0.0207076
-0.172178
-0.1849
0.16342
-0.327669
0.181636
0.0970234
-0.0970952
0.21285
0.123735
0.273494
0.0385697
-0.0765309
0.191231
0.00265916
0.0109627
0.277825
0.310676
0.241227
0.126801
0.13362
0.160887
-0.0350096
0.147939
0.110537
0.0404034
-0.00526104
0.146585
0.0370571
0.392414
0.192911
-0.00339712
0.256696
0.168046
0.0404472
0.0641219
0.0949911
0.201577
-0.0642851
-0.143714
0.391111
-0.159796
-0.0445974
0.0629625
0.161269
0.432347
0.391111
0.381716
-0.0946033
0.0450336
-0.000228846
-0.0256808
0.0777537
0.256867
0.122912
0.145374
0.173054
0.16059
-0.0882394
0.234254
0.252065
0.167264
0.149685
0.21395
-0.0270052
0.380244
-0.141704
-0.0401479
0.0395881
0.107019
-0.129103
0.16552
0.416172
-0.0600776
0.124799
0.132202
0.191665
0.148969
0.321958
0.235575
0.224943
-0.130085
0.380826
0.150343
0.0886228
0.0407398
-0.102348
0.190061
0.137995
0.372835
-0.0613638
-0.0125956
-0.0618713
0.0171343
-0.0315354
0.192642
0.0168526
0.12772
0.140355
0.312858
0.107929
0.413897
0.0995983
-0.144822
-0.251994
0.195452
0.167456
-0.0962578
0.0528922
0.350936
-0.214753
0.16735
0.09223
0.0158818
0.317035
0.0123977
0.396119
0.0639937
0.000188144
0.22412
0.0455998
0.0421005
0.17396
0.279996
0.283468
0.00582325
0.055291
-0.218525
-0.0525001
0.0839242
0.00460213
-0.010862
-0.0598761
0.0103209
0.280164
-0.12919
0.0843511
-0.0743815
0.252537
0.196799
-0.0103636
-0.0413245
0.0356397
0.195594
0.166267
0.266938
-0.0716636
-0.0925199
0.237588
0.0512322
-0.0724964
0.219078
0.17163
0.104886
0.307722
0.409525
0.142104
-0.000359214
0.133039
-0.059478
-0.0214587
0.337003
0.0246732
-0.100382
0.194126
0.323309
0.1145
0.117635
-0.0322415
0.387794
0.167793
-0.0622496
0.0832693
-0.0655285
-0.189046
-0.0723311
-0.116332
0.0883268
0.0126924
0.030033
0.222848
-0.010346
-0.186216
-0.0219729
-0.0180414
0.179434
0.142798
0.207481
0.245454
0.256332
0.154342
0.113807
0.135339
0.0860421
0.104519
0.0700402
0.332688
0.0525164
0.256247
0.302077
-0.0307696
0.0344299
0.0528405
0.459302
-0.10147
0.253539
-0.156972
0.169176
0.109089
-0.0763457
-0.0419696
0.031975
0.0235763
-0.00446811
-0.0156115
-0.144542
0.0279696
-0.151954
0.0256497
-0.0261521
0.0242524
-0.199645
-0.0680275
0.122153
-0.149224
-0.159265
-0.0454808
0.148159
0.109936
0.11747
-0.128784
0.243355
0.225237
0.198779
0.147234
0.337205
0.212479
-0.319331
-0.0270013
0.253697
0.17608
0.0717958
0.244015
0.0834722
0.197895
0.217445
0.345393
0.314276
0.0890201
0.367247
0.382478
0.223539
-0.10812
0.1359
0.0712999
0.424564
0.136809
-0.199742
0.200847
0.149658
0.153188
0.126571
0.357441
0.157397
0.23259
0.0708043
0.264676
-0.082532
0.215358
0.0601946
0.0164794
0.304748
0.0649081
0.087981
0.327199
-0.0841475
0.158732
-0.14175
-0.0688816
-0.0606771
0.284669
0.0960139
0.111952
0.0967349
0.128602
0.036252
0.063944
0.0986777
0.0152647
0.127176
0.162223
0.283036
0.268094
0.0749352
-0.0733436
0.0131993
-0.0180639
0.125964
0.135625
0.0843947
-0.00800087
0.215798
0.246713
0.0775628
0.00283147
-0.181182
0.0598944
0.237976
0.245213
-0.0431479
0.495689
-0.112439
-0.0475301
-0.0468174
0.0981786
-0.0501992
-0.100464
0.016127
-0.0320219
-0.0114286
-0.0316878
0.261342
0.0780558
0.405766
0.267727
0.341754
0.0915977
-0.0979057
0.0533194
0.0120133
0.176226
0.239266
-0.0637858
0.0778815
0.145386
0.284381
0.285738
0.1131
0.148059
0.0589562
0.183938
0.203991
0.2544
-0.154927
0.0372886
-0.176047
-0.0168217
0.00586742
0.194723
0.240861
0.232849
0.185476
0.224302
0.193947
0.16331
-0.0234403
-0.16056
-0.090993
-0.151241
0.0230817
-0.0838333
-0.0560737
-0.301505
0.101322
-0.0931263
-0.0442044
-0.292622
0.0727811
0.137953
0.0490426
-0.135933
-0.212706
0.420873
-0.203209
-0.00205504
-0.0900241
0.341148
0.206373
-0.237597
0.237139
0.223875
0.253051
-0.0380946
0.133578
-0.18957
-0.081793
0.323575
0.0567389
0.10804
-0.0727121
-0.150797
0.503656
0.328467
-0.185714
0.0165549
-0.274525
-0.0636243
0.215119
-0.179081
0.11846
0.060447
-0.126965
-0.372693
-0.169358
0.35978
0.0582387
0.0274517
0.213873
0.244607
0.346466
0.48428
0.52251
0.31304
0.598836
0.287506
0.0935248
0.502471
0.416131
0.506433
0.293958
0.299486
0.506822
0.420654
0.452165
0.437778
0.423607
0.352846
0.409668
0.266162
-0.077278
-0.0854621
0.235959
0.190165
0.175271
0.0999351
0.0604334
0.324372
0.161964
0.0507533
0.0187911
0.108861
0.285807
-0.0742366
0.188192
-0.159917
0.250701
-0.0546443
-0.0883636
-0.0750392
-0.0819467
-0.0200151
0.103799
-0.164414
0.226674
-0.0297039
0.156151
0.024901
0.0606408
0.0581118
0.126678
-0.074841
0.120183
0.00309101
0.0897453
-0.0733236
0.257041
-0.169135
-0.0496243
0.12898
-0.0344295
-0.0208989
-0.0776803
0.0508696
0.139189
-0.00949962
0.027935
0.0245945
0.230861
-0.159081
0.113478
-0.0904752
-0.373005
-0.330755
0.164036
-0.0706048
0.122322
0.0173466
0.168816
0.146864
-0.35683
-0.0862579
-0.0193433
0.316691
-0.0599758
0.275679
0.136039
0.0842481
-0.00642889
0.170751
0.138504
0.11546
0.00781124
-0.328609
0.138623
-0.134044
0.0844322
0.10612
-0.161286
-0.0605718
0.120096
-0.0717525
-0.16421
-0.123036
-0.186386
-0.0700112
-0.263112
0.00705262
-0.295414
-0.0804089
0.140333
-0.0713765
0.101406
-0.0942442
-0.191938
-0.0308233
-0.197895
0.280426
-0.199935
0.163677
-0.0540821
0.0766316
-0.00534294
0.0652338
0.100855
0.148642
0.0565119
-0.143544
0.141951
-0.116003
0.15616
0.246636
0.0997209
0.0187428
-0.00217968
0.0249079
0.162329
0.180851
-0.139782
-0.016049
0.205014
0.0571514
0.0826381
0.0828276
0.042956
0.05704
0.0279395
0.0711738
-0.0136734
0.0486505
-0.112507
-0.00408792
-0.0352501
0.0388455
0.118052
-0.0735469
-0.0258249
-0.119763
0.148768
0.127022
0.0468208
-0.00472406
-0.181986
-0.0359922
0.00228473
-0.0724976
-0.142796
-0.297238
-0.14582
-0.236383
-0.128493
-0.0608994
0.197974
-0.279161
-0.0906145
-0.132364
-0.418186
-0.505483
-0.226398
0.0600293
-0.101035
-0.693688
-0.259816
-0.344053
-0.333034
-0.406944
-0.451337
-0.0921165
0.038605
-0.314477
-0.256053
-0.314243
-0.43958
-0.172068
-0.354314
-0.132515
-0.0208037
-0.129436
-0.157591
-0.130208
-0.206237
0.0711576
-0.306094
-0.0274974
-0.268393
-0.0202616
-0.0779293
-0.0694509
0.151684
-0.0899981
-0.148768
0.0906282
0.0511489
-0.0955449
0.136818
0.102343
0.0867387
-0.082341
-0.273257
0.409524
-0.164567
0.0243736
0.182345
0.0491179
0.22282
-0.0113361
0.288823
-0.194888
-0.0158192
0.025108
0.0125543
0.000567667
-0.232208
-0.277928
0.119174
-0.060233
-0.190478
-0.0237574
0.0562254
0.223228
0.17868
-0.00901758
-0.167305
0.105059
0.0284379
-0.0258028
0.370511
-0.192934
-0.122334
-0.422398
-0.127458
-0.0109978
0.111685
0.0592084
-0.155363
-0.119273
-0.147509
-0.0648602
0.099755
-0.00755371
0.169596
0.115115
0.0452097
0.287641
0.0600986
-0.137944
0.238053
0.347023
-0.0149501
0.218873
0.236856
-0.088317
-0.133129
-0.0907965
-0.263903
0.0577192
0.0984788
0.140459
0.2618
-0.0821554
-0.0544106
0.228887
-0.0402816
0.286173
-0.0280704
0.191302
-0.189167
0.0495299
-0.0183126
0.21531
0.159655
0.206075
0.0622694
0.127594
-0.0102189
0.184189
0.0441582
0.016913
0.234217
-0.018824
0.0115587
0.180717
0.359996
-0.0542105
0.240611
0.0220692
-0.0610103
0.0454353
0.186449
0.354499
0.0636546
0.211816
0.0294591
0.11097
0.184533
0.395814
0.0676669
0.315405
-0.158169
0.0115963
-0.114079
0.174322
0.305956
0.0776337
-0.129267
0.195943
0.190048
0.0885796
0.256211
-0.0661301
0.0214601
0.148187
0.415627
0.154698
-0.0497359
0.103926
0.142412
0.284903
0.0436795
-0.0463494
-0.16081
-0.0327315
-0.0116422
0.0875911
0.205676
0.0682528
-0.25171
-0.131626
-0.0037661
0.321837
0.0510674
0.205792
-0.127893
0.180038
-0.0051918
0.197613
-0.0562879
-0.209823
0.147134
0.0463639
0.119111
-0.225207
0.231914
-0.240772
-0.135755
-0.0175357
-0.132497
-0.0783513
-0.102623
0.415618
0.203704
0.106927
0.324009
-0.00913103
-0.318723
-0.0548008
0.312871
0.0664736
0.0544174
0.0952148
0.357459
-0.0717259
0.210486
0.328874
0.0682869
0.0429202
0.144631
0.0469246
0.0784081
0.121127
-0.0360517
0.0524353
-0.209331
-0.00127895
-0.0585743
-0.0221653
0.0914811
0.187882
0.0672261
-0.147073
0.0360427
0.200315
-0.180884
0.196342
0.270638
0.488086
0.11799
0.0722435
-0.058169
0.0502445
0.0141272
-0.041455
0.184355
0.104353
0.216399
-0.0468603
0.0917917
-0.163244
-0.106455
0.0808443
0.0729259
0.242703
0.407662
0.160107
0.0926064
0.196427
-0.0749431
0.210339
0.0897227
0.175322
-0.0153388
0.267281
-0.208627
0.239815
0.32191
-0.106036
-0.0201961
0.117792
-0.0122228
0.330987
-0.0518482
-0.00380217
0.206077
0.0998241
0.290646
0.0803429
0.351319
-0.00887638
0.046912
0.186344
0.340653
0.336556
0.073624
-0.0048672
-0.0371533
0.200381
0.0346509
0.101896
-0.0523184
0.130313
-0.327707
0.431381
-0.02224
-0.201793
0.0535804
0.387569
0.00389918
0.157513
0.248628
-0.210307
0.0359821
-0.100458
-0.197592
-0.133459
0.306509
0.34777
0.00397212
0.101673
-0.18542
0.288806
0.168486
-0.0185421
0.0181791
0.0634416
0.118485
0.241525
0.0909886
0.107146
0.126277
0.288892
-0.0218784
-0.0660633
0.257286
0.396862
0.0089793
-0.0601351
0.370623
-0.0395201
0.113028
0.362633
-0.236622
-0.165597
-0.0626318
0.110841
0.130005
0.259833
0.099622
0.0747034
-0.0378269
0.395105
0.242259
0.0919097
-0.0206422
0.0611237
0.16874
-0.0664765
-0.126156
0.052322
0.0955917
-0.0798615
0.234754
-0.167217
0.197361
0.236346
0.02871
0.0628929
0.147678
0.269789
0.21953
0.542039
0.278166
0.365251
0.372463
-0.0336238
0.0296471
0.193536
0.295884
0.310088
0.0897309
0.288555
0.127031
-0.103376
0.229046
0.185593
0.275889
-0.164556
0.0788004
0.0970765
0.460705
0.144424
0.00577097
0.297665
0.0891174
0.336068
0.169451
-0.0815579
-0.394018
-0.130125
0.0181049
0.132372
0.0476491
0.122822
0.0975418
0.181617
-0.0306395
0.274444
0.075767
0.375791
-0.0367248
0.186462
0.127911
-0.0669056
-0.00189487
0.0552088
-0.0550148
0.0813159
-0.0512673
-0.0752594
0.0144521
0.0813785
-0.03463
0.252162
-0.0465217
-0.0878164
0.300302
0.387494
-0.215389
0.255845
0.562658
0.358059
0.125922
-0.00793417
0.173212
0.411052
0.232837
0.379145
-0.0507121
0.132411
0.25382
0.105712
0.072559
0.234171
0.139727
0.138777
0.0525774
0.16102
-0.0196936
0.403556
-0.278492
0.540157
0.17638
0.299264
0.104078
0.117145
0.0431343
-0.0804322
0.260008
-0.128093
-0.116988
-0.157455
0.237347
0.108086
0.260572
0.0563417
-0.059817
0.202049
0.251144
-0.0356467
0.4879
0.120952
0.0508321
0.287074
0.12363
0.126394
0.160275
0.0713952
0.210128
0.241518
0.131366
-0.0863018
-0.0418573
0.230446
0.00850013
0.216845
0.130837
0.0605896
-0.179659
0.44899
0.0611283
0.114128
-0.159362
0.433722
0.240822
0.150919
0.00503905
0.186558
-0.0758517
0.0450653
0.0302915
0.15285
0.0715181
0.161523
0.294469
0.0631497
0.231122
0.102393
0.247243
0.318875
0.347014
0.465593
-0.186568
0.0700163
0.208606
-0.0189485
0.327719
-0.307513
0.0554608
0.257129
0.0713915
0.0960543
-0.00552587
0.0976685
0.215371
0.105559
-0.10735
0.0353663
-0.142491
-0.330225
0.188551
0.105667
0.0113396
0.0802512
0.28343
0.301138
-0.0144055
0.114667
0.353426
0.0917852
0.193495
0.27109
0.232545
-0.161177
-0.142559
0.0010351
0.325495
0.30398
0.266937
0.127649
0.286259
0.180435
0.141274
0.142449
0.116499
-0.0633008
0.278876
0.0270618
0.281048
0.107369
-0.0575075
-0.156096
0.345655
0.0809284
-0.0159581
0.220249
0.180793
-0.054569
0.0336819
-0.0994092
0.322081
0.195028
-0.00714489
0.268088
0.158369
0.116838
0.0821744
0.265573
0.211856
0.0574809
0.30652
0.0694017
0.337
0.336919
-0.115926
0.248712
0.382359
0.100351
0.151658
0.519658
0.120495
0.226979
0.201944
0.130331
0.132706
0.335231
-0.0539457
0.189136
0.0780399
-0.147312
-0.0225852
0.130656
0.375725
0.0734528
0.0630249
0.475084
0.134851
-0.0439394
0.255713
0.291326
0.304454
0.0350373
-0.100303
0.209662
0.108693
-0.125979
0.177135
0.21109
0.200081
0.0957657
0.0587657
-0.0693451
0.259937
0.460505
0.266897
0.162183
0.0138965
0.128203
0.187706
-0.040806
0.117618
0.138402
0.196024
0.40024
0.443672
0.118151
0.220607
0.209259
0.168394
-0.0749022
-0.0101514
0.374128
-0.0616915
-0.0754934
0.0668607
0.396064
0.0625651
0.126304
0.402217
0.335141
-0.257719
0.104899
0.20906
0.170954
-0.00490349
0.244069
0.164081
0.312641
0.17038
0.278714
0.122203
0.229936
0.163794
0.0393103
0.211378
-0.0854091
0.0380165
0.0346402
0.196484
0.302728
0.233541
-0.150418
-0.0184634
0.207413
0.209531
0.20885
0.336858
0.319355
-0.0314179
-0.00769127
0.0620658
0.0128989
0.16263
0.333468
0.155614
0.184831
0.408666
-0.091728
0.0188008
-0.0564079
0.222488
0.186488
0.523383
0.107758
0.0872123
0.110497
-0.1322
0.157096
-0.189431
0.262587
-0.282738
0.114519
0.231211
0.137088
0.253993
0.0786468
0.0952301
-0.045052
0.150993
0.126044
0.190405
0.1592
-0.023116
0.199792
0.133353
0.0741712
0.265486
0.0742552
0.32932
0.0455172
-0.32717
-0.010404
-0.0710294
0.0712688
-0.136635
0.0181639
0.0892642
-0.172282
0.204814
0.246847
0.416358
0.204788
0.303558
0.0417835
0.160059
-0.116406
0.0988425
-0.0914412
0.107246
0.0960796
0.180902
0.257103
0.155169
0.0883439
0.0254449
0.000648156
0.116437
0.104566
0.142526
-0.0059022
0.0269599
0.120891
0.113675
0.150175
0.19567
0.149175
-0.115632
0.379667
-0.0272518
-0.0343814
0.33745
0.294165
0.302863
-0.00503312
0.00884207
0.153966
0.25213
0.329061
0.235461
0.0447227
0.356613
-0.0860384
0.393082
0.17752
0.024189
-0.0528864
0.157327
0.304812
0.224692
0.177566
-0.0463307
0.00768733
0.271058
-0.15662
0.0876084
0.300057
0.0204424
0.160424
0.00992305
0.0425206
-0.0493128
0.215588
0.108674
0.0249041
-0.134417
0.102996
0.267555
0.120573
0.199217
-0.0834893
-0.281818
0.0620604
-0.0255803
0.143904
0.073484
0.128232
0.00562014
0.028094
-0.04436
0.488113
0.257478
0.139685
0.110881
0.100511
0.251044
-0.130459
0.124455
0.0124148
0.271761
0.0901374
-0.0534636
-0.0162748
-0.0336592
-0.01495
0.222541
-0.134289
0.376904
-0.0352281
0.0261268
0.0961434
-0.0110645
0.0277042
0.136539
-0.0823405
0.11328
0.112696
-0.259689
0.0552762
0.0778338
-0.0340778
0.16959
0.412273
0.231892
0.210083
0.129218
-0.0857273
-0.0985023
-0.093678
-0.011977
-0.0481374
0.266733
0.0541482
-0.23774
-0.12211
0.0362916
0.0505338
0.183865
0.0634293
-0.124733
0.0436741
-0.0186098
0.237276
0.128515
0.187581
0.0987984
0.0327259
0.236384
0.128899
0.0321645
0.144576
-0.00478499
0.0772221
0.202415
-0.0355369
-0.0622672
0.0587063
0.0415842
0.268264
0.0347661
-0.0189209
-0.174821
-0.0781125
-0.119514
0.0246188
0.0994755
-0.0427194
0.129481
0.241489
0.121764
-0.0485721
-0.121153
0.144073
0.309203
0.13441
-0.156204
0.179375
-0.199337
0.037918
0.0336598
0.0420815
0.0545873
0.23879
0.0351551
-0.0636612
0.467539
0.287078
-0.211769
-0.0379432
0.200692
0.0418674
0.253589
0.0822062
0.120344
0.131919
-0.281096
0.383184
-0.0472174
-0.061787
0.190007
0.022711
0.044159
-0.266034
0.212878
0.502956
0.159274
-0.0675511
-0.0269331
0.122441
0.0877443
-0.028006
0.122639
0.0297899
-0.105398
0.243581
0.140321
0.0730566
-0.00652484
0.127015
0.160645
-0.0356528
-0.129236
0.345605
0.134528
0.0776942
0.158174
0.309742
-0.0597084
-0.0845628
0.315072
0.0191258
0.189203
0.191396
0.171895
0.177671
-0.107717
0.022248
0.188501
0.133041
0.150156
-0.0718067
0.150201
0.0411073
-0.0510424
0.345674
0.225818
0.127213
-0.140335
0.0809147
-0.0012112
0.0903683
0.20697
0.0807289
0.2751
0.271198
0.0371162
0.1606
0.0147826
-0.0757588
0.172038
-0.0130533
0.352104
0.258359
0.00818909
0.187231
0.293827
0.110277
-0.0726855
0.109013
0.204813
0.218057
0.0612234
0.0994316
0.0837194
0.176703
0.1222
-0.0533901
0.0851019
0.146671
0.15668
0.175457
-0.142897
0.491694
0.145164
0.278957
0.213684
0.221835
-0.152073
0.122619
0.156949
0.00408614
-0.424115
-0.171422
-0.0686501
0.0155149
0.204528
0.214742
0.240402
-0.0767891
-0.0557954
0.0394483
0.282688
0.231477
0.208296
-0.0470546
0.358136
-0.31008
0.28255
0.189633
0.0737616
0.180181
-0.0567979
-0.00759981
-0.193873
0.00978459
0.0790766
0.209468
0.0700545
0.0465306
0.00389351
0.217005
0.177265
0.0992519
0.138302
0.185289
0.0257091
-0.074509
0.215515
0.0678702
0.155212
-0.106298
0.200766
-0.112857
-0.0215188
-0.281926
-0.174539
0.3734
-0.0797523
0.0580053
0.240989
0.202541
-0.0855191
-0.00363385
0.204483
-0.0675219
-0.361516
0.0411592
0.103067
0.0229717
0.217498
-0.056506
0.199713
0.104405
-0.0609886
0.0908518
-0.103669
0.155121
-0.0625646
0.00905653
-0.0834005
-0.0193479
0.087389
0.146575
-0.532254
-0.136353
0.0393804
0.246867
0.0538892
0.0815987
-0.18931
0.264997
0.178914
-0.1921
0.0308733
0.16174
0.250444
-0.219025
0.115066
-0.0403114
0.22158
-0.0427664
0.382512
0.124087
0.0613586
-0.232311
-0.015489
0.156448
-0.0119244
0.105613
0.317158
-0.0511993
-0.0140239
0.21028
0.255907
0.232103
0.0872915
0.0637985
0.0756937
0.147048
-0.0271996
0.0199662
-0.168853
-0.0177462
0.255383
-0.0533019
-0.14027
0.0199872
0.125268
0.0596797
0.0244829
-0.0340913
-0.101228
0.124315
0.0132349
-0.0844724
-0.0309606
0.0351215
-0.198209
-0.13798
0.27332
0.253135
0.0332426
0.106318
-0.245858
0.238334
0.117982
-0.0353651
0.205759
-0.125769
-0.20277
-0.0131545
0.269946
-0.179573
0.145443
-0.0137045
-0.00314924
-0.073585
-0.0969307
-0.107855
0.222384
-0.181395
0.206164
0.207435
-0.00891721
-0.078212
-0.0309723
0.166434
0.0881858
0.145931
-0.0452451
0.120363
-0.178716
0.148164
0.0245063
-0.151523
0.224207
0.24287
0.274187
-0.069604
-0.0974809
-0.0115722
-0.0193329
0.219655
-0.201344
-0.199041
-0.0148817
0.0723624
-0.0615081
0.160159
-0.176978
0.226321
-0.0732352
-0.242244
-0.132665
0.22454
0.154004
-0.134793
-0.0791223
-0.24801
0.110722
0.0889067
0.272207
-0.138008
0.352804
0.218015
0.0444858
-0.0610763
0.0284174
0.186652
0.192582
-0.154063
-0.0280009
0.00578622
-0.0758622
-0.0846962
-0.178186
-0.0963176
-0.123636
-0.0483834
-0.0265985
0.0725339
-0.166104
0.0761414
0.239949
0.0370755
0.122203
-0.234335
-0.0097003
0.0685572
-0.039443
0.0455616
0.135611
0.235797
-0.226034
-0.262844
0.111356
-0.205869
0.10276
0.0660897
-0.258215
-0.277409
-0.167019
-0.162539
0.247703
-0.21848
0.258692
-0.0130314
-0.420051
-0.0820728
0.00261166
-0.100663
-0.0446764
0.254484
0.0203649
0.117652
-0.0706636
0.119288
0.0929137
-0.0410546
-0.0563971
0.167321
-0.207536
-0.270367
0.0821467
0.0196045
-0.00137856
-0.0771797
-0.447558
0.22598
-0.0867853
0.0764628
-0.118838
-0.204303
0.0060521
0.0360661
0.0133094
0.121557
0.141908
0.132851
-0.260744
-0.185576
-0.0558193
-0.0830242
0.0481243
0.0546203
-0.108708
0.14145
-0.0543563
-0.0173463
8.71596e-05
-0.173551
0.100699
-0.39405
0.126866
-0.269021
0.0407594
0.164885
-0.0129177
-0.0218699
-0.0283259
0.120146
0.00443562
0.0926936
0.171521
-0.19246
-0.154774
0.176239
0.0215428
-0.16593
-0.233545
0.0513324
0.0350277
0.143385
-0.044759
-0.0733461
0.0309012
0.126346
0.188626
-0.202802
-0.223997
0.0919673
-0.101311
-0.0900621
-0.0647176
-0.110383
-0.298885
0.0356002
0.16826
-0.135463
0.0368685
0.327759
0.121879
-0.107935
0.226583
0.134775
0.176306
0.116496
0.147683
0.0821837
-0.0761708
-0.0959084
0.191099
-0.0790176
0.00243737
0.255483
0.155433
-0.0575077
-0.11025
0.122113
-0.204334
-0.0977704
-0.11229
0.00415885
-0.118098
0.122511
0.0886795
0.0502332
0.0719475
0.191219
0.0689603
-0.0410377
-0.13859
0.116661
-0.153191
0.0610086
0.0177502
-0.0860239
0.256561
0.157231
-0.0326268
-0.0152425
-0.0463118
-0.326919
-0.344955
-0.000971912
-0.220197
0.111737
-0.329131
0.0113215
-0.10929
-0.235024
0.0302176
0.216125
0.0941724
0.0932479
0.137516
0.0322583
-0.244195
0.227223
0.15535
-0.114889
-0.0846074
-0.266549
-0.297727
0.073236
0.0104526
-0.0346046
-0.181762
-0.129003
-0.144052
-0.0381557
0.453649
-0.176541
0.216456
-0.0901099
-0.0658938
0.251425
0.035207
0.176334
-0.0280759
0.0213017
-0.166724
-0.0704494
-0.0296425
0.0543797
-0.0927422
0.0520941
0.036863
0.091046
0.141213
0.0322381
-0.0367822
0.0176377
0.0900229
0.0807785
0.219471
0.207566
0.196038
0.582376
-0.00560006
-0.0231231
-0.155458
0.304407
0.243068
-0.0495534
0.188391
-0.0700651
0.00645558
0.0569958
0.0975003
-0.169175
-0.0339191
0.0152861
-0.217281
-0.0150905
0.393774
0.445511
-0.0639422
0.186128
0.180477
-0.0831265
0.109935
-0.0533932
-0.149409
-0.184256
0.0332379
-0.219405
-0.407333
0.129494
0.162324
-0.270069
-0.0973194
0.234694
-0.0212194
0.185392
0.00631027
0.170406
-0.305957
0.0716287
0.0964799
0.0370989
-0.124397
0.160393
0.0489658
-0.0255003
0.12625
-0.139073
-0.00260244
-0.0207666
0.163736
-0.232003
0.344636
-0.0205149
0.101908
-0.0580791
0.048615
-0.0442415
-0.0823706
0.0786447
0.102936
0.217707
-0.241625
-0.0346213
-0.0720394
0.183115
0.00769805
0.122037
0.115451
-0.0684624
-0.0339735
-0.338287
-0.142972
-0.110434
-0.0584782
0.313901
0.0520831
-0.0939109
0.0882475
0.131512
-0.189909
-0.0708342
0.102134
-0.0641448
0.0965698
-0.040737
-0.162549
0.0384826
0.0648055
0.0739651
0.281054
-0.217926
0.0399661
0.104458
0.210925
-0.06856
-0.114713
0.251829
-0.318404
0.22916
-0.181762
0.00845611
0.0840352
-0.044165
0.311597
0.197591
-0.0238707
0.285673
-0.089593
0.23952
0.152754
-0.0209846
-0.0838864
-0.0465309
-0.236856
0.171753
0.00368661
-0.198706
0.100921
-0.1463
0.175198
-0.121157
0.100204
0.291003
0.0900532
-0.118653
-0.0783861
0.236492
0.239472
-0.095355
0.0301283
-0.128351
0.110436
-0.119944
-0.0601324
-0.137197
0.132509
-0.028947
0.176038
0.0330544
-0.0936345
0.267211
-0.048288
0.000470954
-0.0691862
0.176282
-0.100238
-0.214562
0.116022
0.0475034
0.320745
-0.054929
-0.207978
-0.0188484
-0.168365
-0.522375
0.0742104
-0.301279
-0.00907599
0.158435
-0.0254353
0.0532727
-0.0557661
-0.0654775
-0.00540837
0.0146574
0.212051
0.0413552
-0.0291653
0.112287
0.0597239
0.0860064
-0.30797
0.1384
0.0286496
-0.00709672
0.197316
-0.149377
-0.183861
0.0576606
-0.216166
0.109865
-0.124211
0.196975
0.107088
-0.0394582
-0.0572341
0.13601
0.0348941
0.0393929
-0.124857
-0.258678
-0.134549
-0.0208873
-0.151018
-0.0609047
0.263277
-0.0932966
0.259206
0.0222197
0.185821
0.233689
0.209401
-0.217813
0.292662
-0.303253
-0.113071
0.087617
0.170634
0.149586
0.171926
0.0696548
0.135807
0.0618905
-0.223729
0.159728
0.0401154
-0.0856612
0.000788282
0.0832051
0.299769
-0.135895
-0.0581422
0.109228
-0.31224
0.0591453
-0.0512806
-0.113459
-0.100306
0.140496
-0.140496
0.25724
-0.126944
0.159435
-0.279015
-0.0723259
0.0741381
0.0265157
-0.110691
0.211428
0.0962552
0.0545604
-0.216297
0.0927101
0.152586
0.154262
0.0351089
-0.246543
0.150422
-0.0219413
0.131217
-0.187284
-0.0928017
-0.00136402
-0.235312
-0.127594
-0.257515
0.0173018
-0.0853547
0.188114
-0.231286
0.209576
-0.156357
0.392902
-0.175827
0.0833904
-0.0658426
-0.319898
0.193737
0.109894
-0.042586
0.264869
-0.235232
-0.0913224
-0.145063
-0.0857967
0.257594
-0.000331339
0.211816
-0.0889843
-0.000246708
0.0576271
0.0305409
0.0343751
0.0634713
0.255958
0.0313797
-0.0911841
0.236206
-0.0745948
0.020439
0.0680248
-0.0375506
-0.137412
0.0319232
-0.134563
0.119222
0.0603828
-0.181298
-0.164638
-0.398259
-0.0633772
-0.184867
0.0609212
0.0104555
0.0442944
-0.0794142
0.31957
0.229882
-0.167661
0.0492954
-0.0399019
-0.153865
-0.273346
0.0187819
-0.273902
0.201819
0.0504646
0.0943314
0.0821819
-0.0173
0.1536
0.131331
0.0916163
0.075147
-0.197127
0.288742
-0.113331
0.2044
0.300202
0.0229902
0.0568722
0.316909
0.263645
0.0929891
0.247232
0.264288
0.214518
0.0655063
0.0072635
0.121529
0.0972578
0.0109544
0.18576
0.0394012
-0.0479358
0.161348
0.125446
0.0941091
0.134468
0.0732631
-0.0564761
-0.21411
0.0681554
0.106424
0.0865199
0.0982951
0.228493
0.154153
0.362477
-0.0334966
-0.0285278
0.00764633
0.058334
-0.0642038
0.199163
0.309058
0.12275
-0.0179641
0.126158
-0.0651567
0.176159
0.171124
-0.0805078
-0.234645
-0.110647
0.201745
0.137939
0.190682
-0.0868126
0.0524747
0.221685
0.0668125
0.100351
0.191351
-0.064991
-0.177358
-0.275575
-0.0486898
0.110449
0.0955519
0.00698271
-0.0229784
0.252542
0.0100397
0.23948
-0.0526213
0.0983501
-0.0115609
0.330583
0.0513257
0.0951382
0.111067
-0.0733392
0.36903
-0.235604
-0.13975
0.159074
0.026948
0.378446
0.0209539
0.219877
-0.0743992
0.151147
0.165494
-0.236177
0.00966741
0.180758
0.374401
0.475045
0.118682
0.381988
0.0595959
0.543617
0.27945
0.38988
0.540008
0.239001
0.119827
0.146497
-0.28126
0.0624374
-0.116279
-0.234762
0.0416507
0.24733
-0.240825
-0.0248416
-0.153385
-0.028707
0.109955
-0.00285979
0.128162
0.0863023
0.143043
-0.199913
-0.244712
0.328555
0.286379
-0.221921
0.0548957
0.913818
-0.188829
-0.513634
0.110276
0.418872
-0.0932101
0.0419481
0.195649
-0.385024
0.203407
0.370067
0.439684
-0.0106637
0.102296
0.584415
-0.066628
-0.6733
0.210156
0.0982549
-0.486563
-0.655018
0.457312
0.562672
-0.641878
-0.196847
0.479448
0.0394239
-0.247855
0.226298
0.369628
-0.604823
0.0595242
0.66278
0.259252
0.189686
0.148049
0.585824
-0.0516216
0.153193
0.357333
0.406661
0.0170702
0.0157932
0.680933
0.0654618
-0.240812
0.296932
0.381578
-0.107701
-0.413364
0.592141
0.174335
-0.0150393
0.211167
0.142434
0.359117
-0.448882
-0.194868
0.544578
-0.305199
0.0485505
0.410432
-0.0438448
0.0613602
-0.122
-0.326839
0.198948
0.14096
0.011087
-0.0350928
0.0292166
-0.31626
0.121681
0.222194
0.131097
-0.0721731
0.453606
0.569424
-0.157915
0.0699852
0.452201
0.137057
-0.736401
0.280952
0.106171
-0.116436
-0.497336
0.644609
0.985962
-0.502467
-0.0475475
0.582337
0.538601
-0.064814
0.407792
0.791513
0.410107
-0.101202
0.141712
0.253171
0.56546
0.248354
-0.120269
0.126253
0.458968
0.552049
0.404032
0.070894
0.0990267
0.398314
0.492557
0.209731
0.393686
0.247974
0.193468
0.66755
0.275456
0.407816
0.755578
0.538345
0.289866
0.0577507
0.29648
0.414773
0.383444
0.150556
0.234618
0.211269
0.424741
0.519084
-0.188671
0.288806
0.322237
0.0533082
0.226037
0.348206
0.120009
0.107304
0.0848571
0.0349561
0.192315
-0.104045
-0.0352215
0.0518112
0.0804878
0.49989
0.368253
0.179191
0.13568
0.111757
0.195197
-0.11001
0.139277
0.339424
0.388943
0.012091
0.374685
-0.176754
0.287307
0.258715
0.510926
0.00634833
-0.0270288
0.0928529
0.229674
0.08012
-0.339365
0.116613
0.0147071
-0.0835055
0.290716
0.00266401
0.276649
0.274794
-0.179165
0.0709915
0.0584419
-0.268872
0.116434
0.608609
0.11721
0.0603942
0.164728
-0.259775
0.119194
-0.0670354
-0.12761
0.416331
0.639782
0.444853
0.344336
0.123161
0.244353
-0.0371215
0.0782514
0.191556
0.385219
0.385039
0.156118
-0.00345733
0.228842
0.290638
0.326831
0.243682
0.0918972
0.288428
-0.144955
0.356569
0.0853028
0.241422
0.378891
0.14678
0.10686
0.145754
0.0665404
0.137368
0.366717
0.233093
0.146382
0.288842
0.135684
-0.282421
-0.0370222
-0.21659
-0.33137
-0.156983
-0.291497
0.226558
0.395877
0.169564
0.0354791
-0.153646
-0.0400771
-0.013911
-0.0529584
0.271064
0.165384
0.273217
0.169924
0.442016
-0.0324893
-0.136797
0.018542
-0.0872666
-0.158632
0.213822
0.181507
0.129027
0.104052
-0.120382
0.314816
0.0998417
-0.0288474
0.178553
0.0748413
0.0542481
0.144935
0.290523
-0.0262635
-0.0563075
0.186264
0.139736
0.171704
-0.0266545
0.253767
0.312399
-0.108672
-0.113013
0.188296
0.0889949
0.0179927
-0.172262
0.102524
-0.101881
0.185099
-0.0144528
0.0683891
0.148525
-0.172201
-0.0554605
-0.264668
-0.0240876
0.0862074
0.259631
0.136057
0.0745355
-0.0400431
-0.0145689
0.0192377
0.167923
0.147073
0.119809
0.0348939
0.268585
0.276879
0.0346468
0.235541
0.194167
0.0771662
0.338695
0.0848603
0.191679
0.224021
0.164184
0.0439371
0.222165
0.235448
0.0968753
0.0489289
0.157473
0.0427834
0.0955635
0.251509
0.252585
0.362648
0.118577
-0.0119857
0.172735
0.227926
0.147553
0.0943644
0.303567
0.217194
0.39661
-0.0380662
0.244179
0.235619
0.223873
0.155299
0.269964
0.0473936
0.295441
0.124427
0.117765
0.156769
0.226121
0.280453
0.180438
0.242535
0.13787
0.350696
0.041494
0.0845199
0.0329089
0.0559476
0.344598
0.220924
-0.328126
0.202422
0.302056
0.0995887
0.226892
0.2508
0.0638234
0.110031
-0.028129
0.240122
0.223032
-0.0521242
0.199803
0.109855
0.451538
0.390751
0.0303994
0.0876769
-0.00901063
-0.168053
-0.0782941
0.0461726
0.0836285
0.0909281
0.262173
-0.162336
0.166101
0.201006
0.148872
0.0563747
0.32059
0.0445583
0.171486
0.092927
-0.0597495
-0.0632261
0.116175
0.313576
0.0201215
0.0197939
0.129559
0.0690984
0.092985
-0.108136
0.324834
0.18843
-0.176698
0.135601
0.245115
-0.255692
-0.021785
0.203011
0.237423
0.121768
0.297724
0.150433
0.218927
0.257269
0.256512
-0.204925
-0.0935823
0.1198
0.155819
0.0348026
0.364749
0.207099
0.373246
0.23175
-0.149433
0.365549
0.150086
0.458181
-0.0874332
0.05185
0.172579
0.241728
0.31256
-0.214234
0.0111708
0.0225118
0.51073
0.242698
-0.0890925
0.175369
0.327472
0.18576
0.274149
0.289512
0.1428
0.182065
-0.0896994
-0.170342
-0.120536
0.132987
0.243937
0.167074
0.0641701
0.37964
0.179651
0.0878619
0.0381765
0.142716
0.132562
0.345044
0.272045
0.0308082
0.0890007
0.0539609
-0.0197168
0.107058
0.0627231
0.393228
0.342325
0.138569
0.157611
0.0362024
0.222541
0.0189278
0.441779
-0.0457691
0.0728908
0.0441417
0.165763
0.120749
0.0985823
-0.0432004
-0.0605487
0.257196
0.428811
0.298033
0.0595546
0.302782
0.225686
0.152298
0.0818592
0.364848
0.222736
0.239075
0.148311
-0.0770668
0.283898
0.140694
0.0416236
0.0738535
0.126237
0.0191446
0.26125
0.236224
-0.0871016
0.0996583
0.154673
0.252145
0.363746
0.16729
-0.157785
0.0641165
0.177187
0.0926405
-0.244384
0.00618105
0.362281
0.0209287
0.313902
0.0762892
0.106853
0.231948
0.0615498
-0.0104282
0.132853
0.0892421
0.113651
0.220706
0.00547077
0.177689
0.050728
0.313778
0.0679274
0.339383
0.0895404
-0.071078
0.123625
0.489446
0.236528
0.346896
0.0500054
-0.0821452
0.344173
0.268454
0.2103
-0.0514399
0.239949
0.0480855
0.356789
0.0602634
0.12825
0.256253
0.111739
0.260129
0.1321
0.377254
0.0437974
0.206862
0.297046
0.226066
0.377343
0.145692
0.311304
0.0375184
0.150648
-0.0214981
0.0482043
0.130254
0.257648
0.120099
0.0913377
0.196695
0.340682
0.389951
0.109677
0.349311
0.286344
0.0382038
0.279256
0.375632
0.300321
0.37863
0.180696
0.117966
0.151607
0.344465
0.240021
-0.00896668
0.412444
0.383963
-0.00195347
-0.164677
0.458244
0.214399
0.0387956
0.420677
0.144403
0.263268
0.178917
0.32596
0.0983647
0.187774
0.257504
0.0789933
0.0435907
0.112327
0.27541
0.111752
0.0416374
0.185344
0.150588
0.0208596
0.389748
0.0486795
0.451074
0.035587
0.335346
0.119453
0.0256419
0.0642534
0.382645
0.210363
0.138002
0.0855131
0.264756
0.26378
0.152332
0.0543435
0.227608
0.318633
0.540302
0.212411
0.10584
0.111047
0.0662527
0.136045
0.316446
0.370069
0.356973
0.291842
-0.0418465
0.411896
0.194269
-0.0964967
0.0523183
0.09229
0.413299
0.41363
0.011609
0.196164
0.213831
0.141666
0.151943
0.310687
0.400599
0.471639
0.392748
0.273331
0.281646
0.446969
0.431471
0.342494
-0.0291054
0.324755
0.403523
0.549319
-0.0289165
0.230667
0.425058
-0.0803897
0.0814049
0.0718547
-0.0377951
0.224875
0.287044
0.0978398
0.217073
0.0544151
0.182698
0.0914483
0.343703
0.0449596
0.237313
0.324357
0.209903
0.197637
0.211615
0.175989
0.319568
0.092373
0.216477
-0.103247
-0.0304292
0.285481
0.12861
0.0986041
0.0982653
0.567459
0.186771
0.10748
-0.0444426
0.237433
0.210758
0.154457
-0.0334717
0.0298885
0.337932
0.496896
0.151934
0.449625
0.106791
0.119759
0.0599393
0.366287
0.213452
0.183822
0.149984
0.239562
0.0924002
0.354358
0.304514
0.41506
0.491083
0.13931
0.311312
-0.00763362
0.122456
0.197646
0.313234
0.323431
-0.0638799
0.306354
0.454109
0.0946396
0.370534
0.0989556
0.470057
0.384863
0.231416
-0.117861
0.412478
0.124068
0.0588441
0.257489
0.346751
0.384188
-0.0850893
-0.0556436
0.0918395
-0.107353
0.196135
0.015717
0.191722
0.0490241
0.24733
0.355063
0.322763
0.355562
0.0450261
0.0225261
0.0804993
-0.00784775
0.38428
0.0106271
0.318736
0.318354
0.244436
0.120016
0.105268
0.111127
0.376445
0.335331
0.0773119
0.276514
0.440385
0.11559
-0.155397
0.12439
0.0565363
0.0309056
-0.0241814
0.069162
0.166918
0.291393
-0.113817
-0.046548
0.231054
-0.253749
0.372904
0.0770476
0.107881
0.174798
0.396664
0.123105
0.00394632
0.0147655
-0.0776251
0.236017
-0.172718
-0.0766759
0.372076
0.307555
0.0332112
0.489885
0.483301
0.0447665
-0.072911
0.320893
-0.275623
0.0308179
0.159552
-0.190744
0.0527073
-0.249584
0.0284193
0.218801
-0.171944
0.0742645
0.135476
-0.174895
0.0876426
0.127537
-0.0781482
0.345476
0.126397
-0.0870017
0.0970647
0.190718
0.178706
-0.0236478
0.169447
-0.441431
-0.0533307
0.462822
0.161229
0.25731
-0.122395
0.240863
0.09006
-0.0195152
0.208857
0.0749958
0.0655337
-0.0916836
0.186868
-0.219915
0.162801
0.150077
0.216486
0.547511
0.115879
0.0728299
0.0606504
-0.0431371
0.225939
0.304916
0.294353
0.155466
-0.265029
0.129656
0.00375367
-0.296107
0.262124
0.244427
-0.0761315
-0.373328
-0.0934656
-0.123033
-0.364317
0.0340779
0.318054
-0.24378
0.018259
-0.29321
-0.00215448
0.00796181
-0.0131437
0.131023
0.136009
-0.0966615
-0.156962
0.269055
0.0150063
0.142938
0.203837
0.0611964
0.437194
0.40653
-0.00915083
0.388106
0.127939
-0.0246753
-0.0752813
0.0382692
0.120719
0.222184
0.164792
-0.0336671
0.0744165
-0.0673585
0.00640368
0.0829313
-0.0691291
0.164021
-0.0195085
0.202845
0.426646
0.362171
0.182233
0.401385
-0.0606216
0.0259217
0.350833
-0.0380091
0.156266
0.293712
0.276556
0.277109
0.146831
0.348333
-0.133312
0.143549
-0.133755
0.225866
0.0927184
-0.0342036
0.264274
0.0782561
0.156258
0.0304649
0.0905837
0.11359
0.190875
-0.291091
-0.308146
0.0188796
-0.206112
0.0286979
0.221706
0.0858115
0.0452754
-0.160628
-0.045514
0.346854
0.183936
0.0310263
-0.0711654
0.133087
0.0428341
-0.0131828
-0.0320726
-0.0105257
-0.145821
-0.00781062
0.0519957
-0.00926349
-0.0335768
-0.206489
-0.218472
-0.0141036
-0.139504
-0.0337333
-0.0700029
-0.172149
-0.220898
0.212172
-0.228471
-0.112061
-0.320369
0.0590213
-0.00291554
0.0502305
-0.133633
0.0775112
0.219863
0.1062
0.19434
0.326547
-0.155369
0.189119
0.0260578
0.201992
-0.0633246
0.241332
-0.0449558
0.2313
0.0762187
-0.146817
-0.0501862
0.0697758
0.162401
0.212348
0.0165875
-0.328846
-0.0641404
0.113242
-0.1545
-0.165439
0.00798766
-0.251018
0.269972
0.188886
0.294533
0.0458614
0.229277
0.154563
0.460171
0.336549
-0.0191857
0.442458
-0.302763
0.0105672
0.153847
0.0634057
0.175685
-0.0527183
0.409774
0.0626314
0.357007
0.108965
-0.00042935
0.0187178
0.307214
0.232592
-0.154157
0.0213807
-0.00147188
0.194666
0.0578335
0.120721
0.181634
0.495813
0.123074
0.462746
-0.108907
0.125186
0.147648
0.497106
0.240083
0.0682556
0.298943
0.0275811
0.17523
0.214746
0.298813
0.1123
0.19191
-0.0122925
0.17833
0.170695
0.432385
0.198646
0.0845908
0.275423
0.0152717
-0.030643
0.255877
0.0183301
-0.0128471
0.096434
0.166707
0.046336
0.00399157
0.0702388
0.196942
-0.116961
0.0257921
0.387593
0.230962
0.061266
0.198641
0.0619231
0.348161
0.141755
0.411544
0.0310211
0.35457
0.0743274
0.148872
0.41119
0.190579
0.0292034
0.224365
-0.127885
-0.019771
-0.146809
-0.103389
-0.172501
0.244085
0.484957
0.0197027
0.0706367
-0.00567873
0.170924
0.032928
0.0616147
0.0108089
-0.000203188
-0.130802
0.112245
0.158491
-0.217044
0.0530004
0.13995
0.064041
0.217596
-0.0333519
-0.158202
-0.22022
0.0230939
0.0807849
-0.186288
0.436823
0.266719
0.0736466
-0.111516
-0.12566
0.360965
-0.0351714
-0.0864028
0.0751552
-0.241344
-0.102111
-0.0925309
0.0164593
0.360204
0.426027
0.044485
-0.031034
-0.12065
0.157061
0.0577261
0.123087
-0.0269047
-0.0612525
0.172363
0.00890047
-0.16555
-0.214735
-0.0855821
0.00699344
-0.234937
0.237765
-0.034333
0.0427448
-0.123099
0.155241
0.00916795
0.157013
0.200817
0.290295
0.111972
0.285959
-0.0251896
0.0281569
0.057704
-0.0906522
-0.0151053
0.0561292
0.211489
0.00663302
0.0713973
0.0425692
-0.25625
0.137269
-0.0449943
0.172436
0.0109492
0.337025
0.142932
0.0339748
0.253709
0.232354
-0.150998
0.1652
-0.0482948
-0.00434109
-0.125797
0.293186
0.331824
0.0691084
0.115061
0.31619
0.279892
0.23419
-0.0343257
0.0110307
0.0267719
0.0612995
0.210919
0.112142
0.198658
0.110168
0.299972
0.435475
0.253513
-0.139923
0.0929132
-0.0136364
0.238181
0.215654
0.30346
-0.151205
0.00561073
-0.0383318
-0.0482601
-0.0511745
0.164056
-0.400654
0.0946712
0.0201635
-0.255961
-0.00457207
-0.368296
-0.262638
-0.196973
-0.194826
-0.0212568
-0.0477761
-0.187193
-0.246015
-0.0224012
-0.160708
0.0571384
-0.0886248
0.201397
0.120093
0.0538501
0.0261668
0.180709
0.045709
0.0208565
0.0465133
0.224097
-0.273101
0.0177278
-0.028355
-0.154841
-0.139916
-0.113654
0.0602772
0.335796
-0.0612587
0.0588391
0.197102
-0.023503
0.229233
-0.263922
0.121833
0.0435555
-0.0769883
0.137535
-0.0296154
0.100677
-0.218888
-0.0160039
0.159668
0.208286
0.250783
0.0492509
0.208032
0.141977
-0.160201
0.375865
0.0391998
0.256813
-0.0489397
0.207019
0.124979
0.0449374
-0.0321301
-0.0159506
-0.0382302
0.164605
0.18773
0.0546336
0.0326637
-0.203237
-0.0116347
-0.000829242
-0.0322618
-0.195612
0.126523
0.0733729
-0.109143
-0.0573078
-0.0920294
-0.338882
0.0136818
-0.0149021
0.0341744
0.228593
-0.201015
-0.0218067
-0.0800156
0.18483
-0.0280353
-0.257653
-0.165337
0.0294264
0.200794
0.18522
-0.25523
0.0175429
-0.0631157
0.305122
0.153512
-0.0737414
-0.00191178
-0.150808
-0.000953978
-0.261735
-0.122906
-0.0509458
-0.216718
0.0377684
-0.226399
0.0182276
0.0732423
-0.28947
-0.388611
-0.343111
-0.0958949
-0.071258
-0.429118
-0.459793
-0.0208734
-0.075175
-0.401263
-0.370757
-0.723384
-0.578532
-0.615386
-0.503383
-0.263803
-0.751869
-0.519061
-0.495363
-0.565361
-0.406279
-0.524669
-0.519016
-0.601541
-0.555457
-0.61052
-0.62155
-0.643523
-0.6113
-0.519982
-0.701268
-0.692248
-0.704152
-0.461442
-0.490461
-0.521073
-0.544884
-0.670649
-0.808926
-0.756938
-0.843804
-1.00716
-0.556038
-0.92579
-0.944222
-1.00899
-0.750779
-1.11885
-1.08876
-0.899949
-0.799457
-1.19334
-1.15602
-0.630834
-1.10904
-0.887824
-1.07258
-1.11066
-0.78044
-0.772039
-0.834134
-0.687851
-0.692529
-0.730155
-0.587859
-0.807965
-0.879647
-0.832874
-1.0615
-0.939584
-0.689373
-0.805996
-0.695589
-0.783188
-0.84795
-0.555082
-0.931357
-0.771279
-0.726943
-0.871467
-0.721195
-0.775346
-0.88569
-0.660344
-0.666595
-0.863945
-1.10883
-0.940642
-1.00254
-0.806632
-1.17029
-0.880309
-0.987228
-0.821887
-0.752784
-0.746131
-1.02951
-0.864214
-0.779264
-1.18528
-0.97259
-0.997059
-0.96463
-0.840829
-0.898116
-1.10241
-1.07831
-0.885876
-1.16693
-0.648258
-1.0367
-1.05301
-1.0315
-0.808813
-0.851633
-0.970337
-1.36697
-1.28952
-1.01259
-1.12436
-1.51546
-1.20106
-1.24748
-1.11013
-1.35561
-1.19289
-1.23467
-1.29541
-1.25813
-1.4089
-1.33061
-1.41891
-1.57277
-1.48109
-1.07785
-1.34553
-1.37404
-1.43762
-1.42183
-1.33784
-1.448
-1.25817
-1.33141
-1.23963
-1.44109
-1.55559
-1.44973
-1.38564
-1.30183
-1.22182
-1.56195
-1.31552
-1.45457
-1.56011
-1.334
-1.51203
-1.36466
-1.49017
-1.40389
-1.67203
-1.5807
-1.31376
-1.45236
-1.55558
-1.59628
-1.62656
-1.5347
-1.65969
-1.55685
-1.57841
-1.5355
-1.38799
-1.92934
-1.68657
-1.82016
-1.6403
-1.60008
-1.53928
-1.37504
-1.60231
-1.59214
-1.41869
-1.45849
-1.77984
-1.59035
-1.68539
-1.73662
-1.53373
-1.62144
-1.50048
-1.75368
-1.40052
-1.58214
-1.944
-1.46119
-1.71755
-1.68934
-1.71066
-1.87995
-1.91978
-1.7415
-1.60261
-1.8498
-1.7266
-1.76284
-1.69587
-1.80351
-1.62993
-2.13303
-2.01308
-2.01147
-2.04784
-2.2362
-2.15027
-1.939
-2.1175
-2.35807
-2.30722
-2.13757
-2.45995
-2.64719
-2.80909
-2.58495
-2.40661
-2.57089
-2.2583
-2.33301
-2.13663
-2.46551
-2.83874
-2.56363
-2.39744
-2.51464
-2.69454
-2.17949
-2.24893
-2.40696
-2.3351
-2.58169
-2.60861
-2.51117
-2.56509
-2.5179
-2.44155
-2.1603
-2.55611
-2.49335
-2.49449
-2.63674
-2.66726
-2.36617
-2.60558
-2.14023
-2.33232
-2.59015
-2.56134
-2.43115
-2.72839
-2.53968
-2.24895
-2.26176
-2.33196
-2.24297
-2.4584
-2.6195
-2.76636
-2.33731
-2.28195
-2.25934
-2.04877
-2.04421
-2.33196
-2.21046
-2.64894
-2.19482
-2.32894
-2.13133
-1.919
-2.12881
-2.3547
-2.24264
-2.69761
-2.55308
-2.46822
-2.38377
-2.37093
-2.1839
-2.3775
-2.36075
-2.59627
-2.59358
-2.61927
-2.55743
-2.30099
-2.08901
-2.46491
-2.58742
-2.7189
-2.6172
-2.458
-2.37482
-2.33617
-2.38557
-2.68552
-2.69005
-2.98886
-2.69848
-2.36407
-2.48765
-2.53779
-2.40765
-2.68603
-3.10673
-3.00735
-2.75507
-2.68152
-2.49344
-2.79357
-2.59329
-2.74854
-2.87503
-2.78975
-2.716
-2.7144
-2.39085
-2.84413
-2.65458
-2.58744
-2.58808
-2.81859
-2.84219
-2.6848
-2.93618
-3.01758
-3.08
-2.76363
-3.17607
-2.93818
-2.56686
-2.73602
-2.74751
-2.92284
-2.73984
-3.16531
-2.90176
-2.82975
-2.91179
-2.82652
-3.06247
-2.71632
-2.90435
-2.97804
-3.14591
-2.89561
-3.09063
-3.03452
-2.98332
-2.88273
-3.18666
-2.9723
-3.31339
-3.28916
-3.32473
-3.22054
-3.76527
-3.63838
-3.36253
-3.41461
-3.45224
-3.31735
-3.45443
-3.60527
-3.59469
-3.71522
-3.35036
-3.27552
-3.44498
-3.86594
-3.41253
-3.37613
-3.72097
-3.68536
-3.64082
-3.52975
-3.61983
-3.78467
-3.82733
-3.73144
-3.80473
-3.81459
-3.47522
-3.59133
-3.92202
-3.89667
-3.72739
-3.98953
-3.98137
-3.81847
-4.09328
-4.19818
-4.18108
-4.01981
-3.97873
-3.9002
-3.77047
-3.93382
-3.74882
-4.09317
-4.33584
-4.37242
-4.59424
-4.31012
-4.56275
-4.3944
-4.43415
-4.2986
-4.65681
-4.33788
-4.3198
-4.15182
-4.33199
-4.24193
-4.17604
-4.32692
-4.60449
-4.54646
-4.47373
-4.52236
-4.53928
-4.22107
-4.56256
-4.59985
-4.69553
-4.39618
-4.54132
-4.59519
-4.40419
-4.70283
-4.62487
-4.88388
-5.00517
-5.00359
-5.03596
-4.93786
-5.03478
-4.77945
-4.69723
-4.86804
-4.8069
-5.09609
-5.09282
-4.92038
-5.17992
-5.1633
-4.86692
-5.37734
-4.97468
-5.08074
-5.28442
-5.36857
-5.41722
-5.70508
-5.48783
-5.57582
-5.5209
-5.89893
-5.83849
-5.40181
-5.41355
-5.73054
-6.15269
-6.08689
-5.77353
-5.93735
-5.79409
-5.71947
-5.78609
-5.73661
-6.12883
-5.99192
-6.12384
-6.08792
-6.2812
-6.12691
-6.10066
-5.93618
-6.11389
-6.27455
-6.35301
-6.45745
-6.16416
-6.48826
-6.46381
-6.53817
-6.36035
-6.44023
-6.5482
-6.81577
-7.06386
-7.06535
-7.20453
-7.21788
-6.83831
-7.07016
-7.29508
-7.32034
-7.67687
-7.41734
-7.94483
-7.62879
-7.72343
-7.72429
-7.61676
-7.87688
-7.88647
-8.0471
-7.98579
-7.60947
-8.06947
-7.98033
-7.66371
-7.75295
-7.49114
-7.45671
-7.93978
-8.37267
-7.6414
-7.56577
-7.82243
-7.72637
-7.70741
-7.87303
-7.80281
-7.92419
-7.7698
-7.95929
-7.9571
-8.03112
-7.99799
-8.24697
-8.34655
-7.90924
-8.33092
-8.13549
-8.21342
-8.13027
-8.67599
-8.49117
-8.48761
-8.36848
-8.61138
-8.4532
-8.75777
-8.63211
-8.81737
-8.6012
-8.82488
-8.98071
-8.83439
-9.01579
-8.94935
-8.99587
-8.95242
-9.00809
-8.8625
-8.8446
-8.78535
-8.94129
-9.03204
-8.65827
-9.07527
-9.27804
-9.32305
-9.52284
-9.41278
-9.68534
-9.60113
-9.62842
-9.86565
-9.52479
-9.6574
-9.7791
-9.56638
-10.2951
-10.0239
-9.90334
-9.94051
-10.2203
-10.0773
-10.0749
-10.121
-10.118
-10.0526
-10.1303
-9.82601
-9.8223
-9.77586
-9.88758
-9.49287
-9.79263
-9.76838
-9.81904
-9.98245
-9.77557
-9.54617
-9.58946
-9.47009
-9.3162
-9.14976
-9.24179
-8.89429
-9.15017
-9.25454
-9.10994
-9.14148
-9.28236
-9.17309
-9.3093
-9.0615
-9.05336
-9.2592
-9.22221
-9.09167
-9.06736
-9.1698
-9.10435
-9.26344
-8.92581
-9.16888
-9.02096
-8.88095
-9.14317
-9.31845
-8.9307
-9.27301
-9.33177
-9.22798
-9.14014
-9.46557
-9.48735
-9.43546
-9.67528
-9.43141
-9.49408
-9.76814
-9.44694
-9.45349
-9.87461
-9.62422
-10.1289
-9.69595
-10.0398
-9.67279
-10.3454
-10.0383
-10.2957
-10.0435
-10.4293
-10.085
-10.3576
-10.2663
-10.0765
-10.072
-10.3232
-10.3415
-10.2015
-10.1894
-10.3697
-10.3471
-10.5054
-10.6088
-10.6056
-10.5968
-10.6824
-10.4399
-10.729
-10.931
-10.7893
-10.8615
-10.5989
-10.6997
-10.9408
-10.9191
-10.7539
-10.7251
-10.9117
-10.9572
-10.9457
-11.1326
-10.9147
-10.8753
-10.8889
-11.0188
-11.1017
-10.9289
-10.8622
-10.9239
-11.2749
-10.825
-10.7111
-10.8706
-11.0138
-10.793
-10.9818
-10.7483
-10.8498
-10.8873
-10.956
-11.0339
-10.8884
-10.9652
-11.1487
-11.1631
-11.0598
-11.0987
-11.1472
-10.8778
-10.9951
-10.9783
-11.132
-11.1978
-11.2522
-11.302
-11.3361
-11.1883
-10.7547
-10.8372
-11.1108
-11.4463
-10.841
-11.1863
-10.8584
-10.9143
-11.1595
-11.0063
-11.0057
-10.9651
-11.0685
-11.4623
-11.2203
-11.3847
-11.2027
-11.2784
-11.3013
-11.3574
-11.3104
-11.5261
-11.5172
-11.4366
-11.389
-11.6462
-11.5537
-11.3988
-11.6117
-11.5802
-11.3921
-11.7317
-11.674
-11.3475
-11.6168
-11.5422
-11.4745
-11.5528
-11.5913
-11.5508
-11.7966
-11.7873
-11.9279
-12.2385
-12.1937
-12.0488
-12.1172
-12.1564
-12.2369
-12.1542
-12.1637
-12.6647
-12.5197
-12.6667
-13.1265
-12.5167
-12.8854
-12.6857
-12.9233
-12.7105
-12.6544
-12.7679
-13.3147
-13.36
-13.489
-13.5364
-13.6216
-13.8107
-13.7774
-13.7595
-13.6241
-13.8004
-13.6474
-14.0106
-13.916
-14.0637
-14.1008
-13.8423
-13.6826
-14.0293
-13.9039
-13.9394
-14.1635
-13.9814
-14.4483
-14.5015
-14.1891
-14.1808
-14.4857
-14.1609
-14.5451
-14.1899
-14.3402
-14.2001
-14.1609
-13.9312
-14.0798
-14.3503
-14.2892
-14.0909
-14.3163
-14.4106
-14.263
-14.208
-14.1633
-14.2003
-14.3563
-14.4216
-14.7847
-14.4168
-14.7496
-14.3975
-14.8174
-14.9388
-14.7843
-15.2767
-15.1416
-14.8078
-15.227
-14.7578
-15.2718
-15.1875
-15.434
-15.5026
-15.4852
-15.4956
-15.3178
-15.3361
-15.6349
-15.3565
-15.0844
-15.2838
-15.1142
-15.3403
-15.2108
-15.0737
-15.346
-15.213
-15.2376
-15.3091
-15.4508
-15.2554
-15.5914
-15.2005
-15.6459
-15.4692
-15.4783
-15.4821
-15.5225
-15.4944
-15.413
-15.395
-15.3578
-15.4362
-15.5415
-15.6217
-15.3669
-15.5974
-15.431
-15.7502
-15.7364
-15.4758
-15.5693
-15.6658
-15.4292
-15.396
-15.6187
-15.7864
-16.0489
-15.7486
-16.2362
-16.1246
-16.0506
-16.4226
-16.169
-16.1102
-16.1988
-16.1145
-15.8287
-16.3258
-16.0735
-15.9933
-16.303
-16.0131
-16.3527
-16.0926
-15.8014
-16.3735
-16.0131
-16.0647
-16.0425
-15.9401
-16.0464
-16.2736
-16.1372
-16.2427
-16.4637
-16.2813
-16.071
-16.5178
-16.0748
-16.0859
-16.0732
-16.3393
-16.2782
-16.2982
-15.9772
-15.963
-16.0751
-16.0821
-15.9987
-15.9709
-15.9047
-16.2198
-16.0898
-16.2957
-16.1892
-15.976
-16.2295
-15.944
-16.0211
-16.1151
-16.1133
-16.2089
-16.2858
-16.5718
-16.289
-15.9626
-16.3641
-16.5289
-16.2767
-16.6034
-16.1972
-16.5326
-16.4836
-16.523
-16.7559
-16.6256
-16.6111
-16.4911
-16.5615
-16.5926
-16.486
-16.3444
-16.5693
-16.5594
-16.3425
-16.483
-16.4682
-16.3224
-16.3127
-16.304
-16.2034
-16.3682
-16.1357
-16.6025
-16.3444
-16.437
-16.2687
-16.4604
-16.5449
-16.469
-16.467
-16.1754
-16.1708
-16.4698
-16.2004
-16.3983
-16.3468
-16.4159
-16.3788
-16.6213
-16.2656
-16.5025
-16.3363
-16.413
-16.385
-16.4903
-16.841
-16.9518
-16.7388
-16.6253
-16.7888
-17.2047
-16.489
-16.5452
-16.2781
-16.5192
-16.7944
-17.026
-17.0548
-16.5706
-16.7253
-16.7651
-16.6755
-16.5813
-16.4838
-16.5848
-17.0704
-16.8573
-17.1044
-16.7672
-16.4468
-16.5712
-16.8984
-17.0949
-17.112
-17.1675
-16.8885
-16.5657
-16.422
-16.9503
-16.9081
-17.187
-17.0042
-16.9285
-17.1179
-17.0933
-17.1861
-17.1609
-17.5359
-17.7194
-17.1047
-17.0493
-17.1098
-17.1601
-17.4623
-17.2317
-17.0691
-16.5447
-17.2025
-16.9306
-16.8709
-17.0664
-16.7473
-16.9957
-17.0627
-16.7353
-16.8584
-16.9689
-16.6169
-17.0067
-17.4367
-17.2881
-17.3164
-17.1953
-17.1084
-17.5099
-17.6069
-17.5284
-17.8197
-17.6474
-17.8174
-17.507
-17.8661
-18.1182
-17.6513
-17.7357
-17.5582
-17.7471
-17.7933
-17.9211
-17.6906
-17.3811
-17.2946
-17.4099
-17.4485
-17.8183
-17.8276
-17.8555
-17.9432
-17.9481
-17.687
-17.2108
-17.7299
-18.1575
-18.4005
-18.4126
-18.5569
-18.4016
-18.5072
-18.3172
-18.2099
-18.2389
-18.2078
-18.387
-18.1973
-18.365
-18.4492
-18.2405
-18.7031
-18.5175
-18.6924
-18.5784
-18.8162
-18.6407
-18.4548
-18.8459
-18.9978
-19.1579
-19.3603
-18.9847
-19.1525
-19.1801
-19.2466
-19.295
-19.1626
-19.1345
-18.9668
-19.1913
-19.1069
-19.2393
-19.2653
-19.4301
-19.1767
-19.7645
-19.5856
-19.4526
-19.6576
-19.5792
-19.9016
-19.8823
-19.983
-19.9077
-19.8713
-19.6353
-20.167
-20.2062
-20.0265
-20.251
-19.9775
-20.1359
-19.9589
-20.019
-20.1204
-20.1883
-20.4241
-19.7153
-19.9036
-19.7968
-19.8818
-19.3974
-19.7129
-19.5026
-19.4956
-19.4956
-19.4956
-19.4956
-19.4956
-19.4956
-19.4956
-19.4956
-19.4956
-19.4956
-19.4956
-19.4956
-19.4956
-19.4956
-19.4956
-19.4956
-19.4956
-19.4956
-19.4956
-19.4956
-19.4956
-19.4956
-19.4956
-19.4956
-19.4956
-19.4956
-19.4956
-19.4956
-19.4956
-19.4956
-19.4956
-19.4956
-19.4956
-19.4956
-19.4956
-19.4956
-19.1124
-19.7618
-19.585
-19.585
-19.585
-19.585
-19.585
-19.585
-19.585
-19.585
-19.585
-19.585
-19.585
-19.585
-19.585
-19.585
-19.585
-19.585
-19.585
-19.585
-19.585
-19.585
-19.585
-19.585
-19.585
-19.585
-19.585
-19.585
-19.585
-19.585
-19.585
-19.585
-19.585
-19.585
-19.585
-19.585
-19.585
-19.585
-19.585
-19.585
-19.585
-19.585
-19.585
-19.585
-19.585
-19.585
-19.585
-19.585
-19.585
-19.585
-19.585
-19.585
-19.585
-19.585
-19.585
-19.585
-19.585
-19.585
-19.585
-19.585
-19.585
-19.585
-19.585
-19.585
-19.585
-19.585
-19.585
-19.585
-19.585
-19.585
-19.585
-19.585
-19.585
-19.585
-19.585
-19.585
-19.585
-19.585
-19.585
-19.585
-19.585
-19.585
-19.585
-19.585
-19.585
-19.585
-19.585
-19.585
-19.585
-19.585
-19.585
-19.585
-19.585
-19.585
-19.585
-19.585
-19.585
-19.585
-19.585
-19.585
-19.585
-19.585
-19.585
-19.585
-19.585
-19.585
-19.585
-19.585
-19.585
-19.585
-19.585
-19.585
-19.585
-19.585
-19.585
-19.585
-19.585
-19.585
-19.585
-19.585
-19.585
-19.585
-19.585
-19.585
-19.585
-19.585
-19.585
-19.585
-19.585
-19.585
-19.585
-19.585
-19.585
-19.585
-19.585
-19.585
-19.585
-19.585
-19.585
-19.585
-19.585
-19.585
-19.585
-19.585
-19.585
-19.585
-19.585
-19.585
-19.585
-19.585
-19.585
-19.585
-19.585
-19.585
-19.585
-19.585
-19.585
-19.585
-19.585
-19.585
-19.585
-19.585
-19.585
-19.585
-19.585
-19.585
-19.585
-19.585
-19.585
-19.585
-19.585
-19.585
-19.585
-19.585
-19.585
-19.585
-19.585
-19.585
-19.585
-19.585
-19.585
-19.585
-19.585
-19.585
-19.585
-19.585
-19.585
-19.585
-19.585
-19.585
-19.585
-19.585
-19.585
-19.585
-19.585
-19.585
-19.585
-19.585
-19.585
-19.585
-19.585
-19.585
-19.585
-19.585
-19.585
-19.585
-19.585
-19.585
-19.585
-19.585
-19.585
-19.585
-19.585
-19.585
-19.585
-19.585
-19.585
-19.585
-19.585
-19.585
-19.585
-19.585
-19.585
-19.585
-19.585
-19.585
-19.585
-19.585
-19.585
-19.585
-19.585
-19.585
-19.585
-19.585
-19.585
-19.585
-19.585
-19.585
-19.585
-19.585
-19.585
-19.585
-19.585
-19.585
-19.585
-19.585
-19.585
-19.585
-19.585
-19.585
-19.585
-19.585
-19.585
-19.585
-19.585
-19.585
-19.585
-19.585
-19.585
-19.585
-19.585
-19.585
-19.585
-19.585
-19.585
-19.585
-19.585
-19.585
-19.585
-19.585
-19.585
-19.585
-19.585
-19.585
-19.585
-19.585
-19.585
-19.585
-19.585
-19.585
-19.585
-19.585
-19.585
-19.585
-19.585
-19.585
-19.585
-19.585
-19.585
-19.585
-19.585
-19.585
-19.585
-19.585
-19.585
-19.585
-19.585
-19.585
-19.585
-19.585
-19.585
-19.585
-19.585
-19.585
-19.585
-19.585
-19.585
-19.585
-19.585
-19.585
-19.585
-19.585
-19.585
-19.585
-19.585
-19.585
-19.585
-19.585
-19.585
-19.585
-19.585
-19.585
-19.585
-19.585
-19.585
-19.585
-19.585
-19.585
-19.585
-19.585
-19.585
-19.585
-19.585
-19.585
-19.585
-19.585
-19.585
-19.585
-19.585
-19.585
-19.585
-19.585
-19.585
-19.585
-19.585
-19.585
-19.585
-19.585
-19.585
-19.585
-19.585
-19.585
-19.585
-19.585
-19.585
-19.585
-19.585
-19.585
-19.585
-19.585
-19.585
-19.585
-19.585
-19.585
-19.585
-19.585
-19.585
-19.585
-19.585
-19.585
-19.585
-19.585
-19.585
-19.585
-19.585
-19.585
-19.585
-19.585
-19.585
-19.585
-19.585
-19.585
-19.585
-19.585
-19.585
-19.585
-19.585
-19.585
-19.585
-19.585
-19.585
-19.585
-19.585
-19.585
-19.585
-19.585
-19.585
-19.585
-19.585
-19.585
-19.585
-19.585
-19.585
-19.585
-19.585
-19.585
-19.585
-19.585
-19.585
-19.585
-19.585
-19.585
-19.585
-19.585
-19.585
-19.585
-19.585
-19.585
-19.585
-19.585
-19.585
-19.585
-19.585
-19.585
-19.585
-19.585
-19.585
-19.585
-19.585
-19.585
-19.585
-19.585
-19.585
-19.585
-19.585
-19.585
-19.585
-19.585
-19.585
-19.585
-19.585
-19.585
-19.585
-19.585
-19.585
-19.585
-19.585
-19.585
-19.585
-19.585
-19.585
-19.585
-19.585
-19.585
-19.585
-19.585
-19.585
-19.585
-19.585
-19.585
-19.585
-19.585
-19.585
-19.585
-19.585
-19.585
-19.585
-19.585
-19.585
-19.585
-19.585
-19.585
-19.585
-19.585
-19.585
-19.585
-19.585
-19.585
-19.585
-19.585
-19.585
-19.585
-19.585
-19.585
-19.585
-19.585
-19.585
-19.585
-19.585
-19.585
-19.585
-19.585
-19.585
-19.585
-19.585
-19.585
-19.585
-19.585
-19.585
-19.585
-19.585
-19.585
-19.585
-19.585
-19.585
-19.585
-19.585
-19.585
-19.585
-19.585
-19.585
-19.585
-19.585
-19.585
-19.585
-19.585
-19.585
-19.585
-19.585
-19.585
-19.585
-19.585
-19.585
-19.585
-19.585
-19.585
-19.585
-19.585
-19.585
-19.585
-19.585
-19.585
-19.585
-19.585
-19.585
-19.585
-19.585
-19.585
-19.585
-19.585
-19.585
-19.585
-19.585
-19.585
-19.585
-19.585
-19.585
-19.585
-19.585
-19.585
-19.585
-19.585
-19.585
-19.585
-19.585
-19.585
-19.585
-19.585
-19.585
-19.585
-19.585
-19.585
-19.585
-19.585
-19.585
-19.585
-19.585
-19.585
-19.585
-19.585
-19.585
-19.585
-19.585
-19.585
-19.585
-19.585
-19.585
-19.585
-19.585
-19.585
-19.585
-19.585
-19.585
-19.585
-19.585
-19.585
-19.585
-19.585
-19.585
-19.585
-19.585
-19.585
-19.585
-19.585
-19.585
-19.585
-19.585
-19.585
-19.585
-19.585
-19.585
-19.585
-19.585
-19.585
-19.585
-19.585
-19.585
-19.585
-19.585
-19.585
-19.585
-19.585
-19.585
-19.585
-19.585
-19.585
-19.585
-19.585
-19.585
-19.585
-19.585
-19.585
-19.585
-19.585
-19.585
-19.585
-19.585
-19.585
-19.585
-19.585
-19.585
-19.585
-19.585
-19.585
-19.585
-19.585
-19.585
-19.585
-19.585
-19.585
-19.585
-19.585
-19.585
-19.585
-19.585
-19.585
-19.585
-19.585
-19.585
-19.585
-19.585
-19.585
-19.585
-19.585
-19.585
-19.585
-19.585
-19.585
-19.585
-19.585
-19.585
-19.585
-19.585
-19.585
-19.585
-19.585
-19.585
-19.585
-19.585
-19.585
-19.585
-19.585
-19.585
-19.585
-19.585
-19.585
-19.585
-19.585
-19.585
-19.585
-19.585
-19.585
-19.585
-19.585
-19.585
-19.585
-19.585
-19.585
-19.585
-19.585
-19.585
-19.585
-19.585
-19.585
-19.585
-19.585
-19.585
-19.585
-19.585
-19.585
-19.585
-19.585
-19.585
-19.585
-19.585
-19.585
-19.585
-19.585
-19.585
-19.585
-19.585
-19.585
-19.585
-19.585
-19.585
-19.585
-19.585
-19.585
-19.585
-19.585
-19.585
-19.585
-19.585
-19.585
-19.585
-19.585
-19.585
-19.585
-19.585
-19.585
-19.585
-19.585
-19.585
-19.585
-19.585
-19.585
-19.585
-19.585
-19.585
-19.585
-19.585
-19.585
-19.585
-19.585
-19.585
-19.585
-19.585
-19.585
-19.585
-19.585
-19.585
-19.585
-19.585
-19.585
-19.585
-19.585
-19.585
-19.585
-19.585
-19.585
-19.585
-19.585
-19.585
-19.585
-19.585
-19.585
-19.585
-19.585
-19.585
-19.585
-19.585
-19.585
-19.585
-19.585
-19.585
-19.585
-19.585
-19.585
-19.585
-19.585
-19.585
-19.585
-19.585
-19.585
-19.585
-19.585
-19.585
-19.585
-19.585
-19.585
-19.585
-19.585
-19.585
-19.585
-19.585
-19.585
-19.585
-19.585
-19.585
-19.585
-19.585
-19.585
-19.585
-19.585
-19.585
-19.585
-19.585
-19.585
-19.585
-19.585
-19.585
-19.585
-19.585
-19.585
-19.585
-19.585
-19.585
-19.585
-19.585
-19.585
-19.585
-19.585
-19.585
-19.585
-19.585
-19.585
-19.585
-19.585
-19.585
-19.585
-19.585
-19.585
-19.585
-19.585
-19.585
-19.585
-19.585
-19.585
-19.585
-19.585
-19.585
-19.585
-19.585
-19.585
-19.585
-19.585
-19.585
-19.585
-19.585
-19.585
-19.585
-19.585
-19.585
-19.585
-19.585
-19.585
-19.585
-19.585
-19.585
-19.585
-19.585
-19.585
-19.585
-19.585
-19.585
-19.585
-19.585
-19.585
-19.585
-19.585
-19.585
-19.585
-19.585
-19.585
-19.585
-19.585
-19.585
-19.585
-19.585
-19.585
-19.585
-19.585
-19.585
-19.585
-19.585
-19.585
-19.585
-19.585
-19.585
-19.585
-19.585
-19.585
-19.585
-19.585
-19.585
-19.585
-19.585
-19.585
-19.585
-19.585
-19.585
-19.585
-19.585
-19.585
-19.585
-19.585
-19.585
-19.585
-19.585
-19.585
-19.585
-19.585
-19.585
-19.585
-19.585
-19.585
-19.585
-19.585
-19.585
-19.585
-19.585
-19.585
-19.585
-19.585
-19.585
-19.585
-19.585
-19.585
-19.585
-19.585
-19.585
-19.585
-19.585
-19.585
-19.585
-19.585
-19.585
-19.585
-19.585
-19.585
-19.585
-19.585
-19.585
-19.585
-19.585
-19.585
-19.585
-19.585
-19.585
-19.585
-19.585
-19.585
-19.585
-19.585
-19.585
-19.585
-19.585
-19.585
-19.585
-19.585
-19.585
-19.585
-19.585
-19.585
-19.585
-19.585
-19.585
-19.585
-19.585
-19.585
-19.585
-19.585
-19.585
-19.585
-19.585
-19.585
-19.585
-19.585
-19.585
-19.585
-19.585
-19.585
-19.585
-19.585
-19.585
-19.585
-19.585
-19.585
-19.585
-19.585
-19.585
-19.585
-19.585
-19.585
-19.585
-19.585
-19.585
-19.585
-19.585
-19.585
-19.585
-19.585
-19.585
-19.585
-19.585
-19.585
-19.585
-19.585
-19.585
-19.585
-19.585
-19.585
-19.585
-19.585
-19.585
-19.585
-19.585
-19.585
-19.585
-19.585
-19.585
-19.585
-19.585
-19.585
-19.585
-19.585
-19.585
-19.585
-19.585
-19.585
-19.585
-19.585
-19.585
-19.585
-19.585
-19.585
-19.585
-19.585
-19.585
-19.585
-19.585
-19.585
-19.585
-19.585
-19.585
-19.585
-19.585
-19.585
-19.585
-19.585
-19.585
-19.585
-19.585
-19.585
-19.585
-19.585
-19.585
-19.585
-19.585
-19.585
-19.585
-19.585
-19.585
-19.585
-19.585
-19.585
-19.585
-19.585
-19.585
-19.585
-19.585
-19.585
-19.585
-19.585
-19.585
-19.585
-19.585
-19.585
-19.585
-19.585
-19.585
-19.585
-19.585
-19.585
-19.585
-19.585
-19.585
-19.585
-19.585
-19.585
-19.585
-19.585
-19.585
-19.585
-19.585
-19.585
-19.585
-19.585
-19.585
-19.585
-19.585
-19.585
-19.585
-19.585
-19.585
-19.585
-19.585
-19.585
-19.585
-19.585
-19.585
-19.585
-19.585
-19.585
-19.585
-19.585
-19.585
-19.585
-19.585
-19.585
-19.585
-19.585
-19.585
-19.585
-19.585
-19.585
-19.585
-19.585
-19.585
-19.585
-19.585
-19.585
-19.585
-19.585
-19.585
-19.585
-19.585
-19.585
-19.585
-19.585
-19.585
-19.585
-19.585
-19.585
-19.585
-19.585
-19.585
-19.585
-19.585
-19.585
-19.585
-19.585
-19.585
-19.585
-19.585
-19.585
-19.585
-19.585
-19.585
-19.585
-19.585
-19.585
-19.585
-19.585
-19.585
-19.585
-19.585
-19.585
-19.585
-19.585
-19.585
-19.585
-19.585
-19.585
-19.585
-19.585
-19.585
-19.585
-19.585
-19.585
-19.585
-19.585
-19.585
-19.585
-19.585
-19.585
-19.585
-19.585
-19.585
-19.585
-19.585
-19.585
-19.585
-19.585
-19.585
-19.585
-19.585
-19.585
-19.585
-19.585
-19.585
-19.585
-19.585
-19.585
-19.585
-19.585
-19.585
-19.585
-19.585
-19.585
-19.585
-19.585
-19.585
-19.585
-19.585
-19.585
-19.585
-19.585
-19.585
-19.585
-19.585
-19.585
-19.585
-19.585
-19.585
-19.585
-19.585
-19.585
-19.585
-19.585
-19.585
-19.585
-19.585
-19.585
-19.585
-19.585
-19.585
-19.585
-19.585
-19.585
-19.585
-19.585
-19.585
-19.585
-19.585
-19.585
-19.585
-19.585
-19.585
-19.585
-19.585
-19.585
-19.585
-19.585
-19.585
-19.585
-19.585
-19.585
-19.585
-19.585
-19.585
-19.585
-19.585
-19.585
-19.585
-19.585
-19.585
-19.585
-19.585
-19.585
-19.585
-19.585
-19.585
-19.585
-19.585
-19.585
-19.585
-19.585
-19.585
-19.585
-19.585
-19.585
-19.585
-19.585
-19.585
-19.585
-19.585
-19.585
-19.585
-19.585
-19.585
-19.585
-19.585
-19.585
-19.585
-19.585
-19.585
-19.585
-19.585
-19.585
-19.585
-19.585
-19.585
-19.585
-19.585
-19.585
-19.585
-19.585
-19.585
-19.585
-19.585
-19.585
-19.585
-19.585
-19.585
-19.585
-19.585
-19.585
-19.585
-19.585
-19.585
-19.585
-19.585
-19.585
-19.585
-19.585
-19.585
-19.585
-19.585
-19.585
-19.585
-19.585
-19.585
-19.585
-19.585
-19.585
-19.585
-19.585
-19.585
-19.585
-19.585
-19.585
-19.585
-19.585
-19.585
-19.585
-19.585
-19.585
-19.585
-19.585
-19.585
-19.585
-19.585
-19.585
-19.585
-19.585
-19.585
-19.585
-19.585
-19.585
-19.585
-19.585
-19.585
-19.585
-19.585
-19.585
-19.585
-19.585
-19.585
-19.585
-19.585
-19.585
-19.585
-19.585
-19.585
-19.585
-19.585
-19.585
-19.585
-19.585
-19.585
-19.585
-19.585
-19.585
-19.585
-19.585
-19.585
-19.585
-19.585
-19.585
-19.585
-19.585
-19.585
-19.585
-19.585
-19.585
-19.585
-19.585
-19.585
-19.585
-19.585
-19.585
-19.585
-19.585
-19.585
-19.585
-19.585
-19.585
-19.585
-19.585
-19.585
-19.585
-19.585
-19.585
-19.585
-19.585
-19.585
-19.585
-19.585
-19.585
-19.585
-19.585
-19.585
-19.585
-19.585
-19.585
-19.585
-19.585
-19.585
-19.585
-19.585
-19.585
-19.585
-19.585
-19.585
-19.585
-19.585
-19.585
-19.585
-19.585
-19.585
-19.585
-19.585
-19.585
-19.585
-19.585
-19.585
-19.585
-19.585
-19.585
-19.585
-19.585
-19.585
-19.585
-19.585
-19.585
-19.585
-19.585
-19.585
-19.585
-19.585
-19.585
-19.585
-19.585
-19.585
-19.585
-19.585
-19.585
-19.585
-19.585
-19.585
-19.585
-19.585
-19.585
-19.585
-19.585
-19.585
-19.585
-19.585
-19.585
-19.585
-19.585
-19.585
-19.585
-19.585
-19.585
-19.585
-19.585
-19.585
-19.585
-19.585
-19.585
-19.585
-19.585
-19.585
-19.585
-19.585
-19.585
-19.585
-19.585
-19.585
-19.585
-19.585
-19.585
-19.585
-19.585
-19.585
-19.585
-19.585
-19.585
-19.585
-19.585
-19.585
-19.585
-19.585
-19.585
-19.585
-19.585
-19.585
-19.585
-19.585
-19.585
-19.585
-19.585
-19.585
-19.585
-19.585
-19.585
-19.585
-19.585
-19.585
-19.585
-19.585
-19.585
-19.585
-19.585
-19.585
-19.585
-19.585
-19.585
-19.585
-19.585
-19.585
-19.585
-19.585
-19.585
-19.585
-19.585
-19.585
-19.585
-19.585
-19.585
-19.585
-19.585
-19.585
-19.585
-19.585
-19.585
-19.585
-19.585
-19.585
-19.585
-19.585
-19.585
-19.585
-19.585
-19.585
-19.585
-19.585
-19.585
-19.585
-19.585
-19.585
-19.585
-19.585
-19.585
-19.585
-19.585
-19.585
-19.585
-19.585
-19.585
-19.585
-19.585
-19.585
-19.585
-19.585
-19.585
-19.585
-19.585
-19.585
-19.585
-19.585
-19.585
-19.585
-19.585
-19.585
-19.585
-19.585
-19.585
-19.585
-19.585
-19.585
-19.585
-19.585
-19.585
-19.585
-19.585
-19.585
-19.585
-19.585
-19.585
-19.585
-19.585
-19.585
-19.585
-19.585
-19.585
-19.585
-19.585
-19.585
-19.585
-19.585
-19.585
-19.585
-19.585
-19.585
-19.585
-19.585
-19.585
-19.585
-19.585
-19.585
-19.585
-19.585
-19.585
-19.585
-19.585
-19.585
-19.585
-19.585
-19.585
-19.585
-19.585
-19.585
-19.585
-19.585
-19.585
-19.585
-19.585
-19.585
-19.585
-19.585
-19.585
-19.585
-19.585
-19.585
-19.585
-19.585
-19.585
-19.585
-19.585
-19.585
-19.585
-19.585
-19.585
-19.585
-19.585
-19.585
-19.585
-19.585
-19.585
-19.585
-19.585
-19.585
-19.585
-19.585
-19.585
-19.585
-19.585
-19.585
-19.585
-19.585
-19.585
-19.585
-19.585
-19.585
-19.585
-19.585
-19.585
-19.585
-19.585
-19.585
-19.585
-19.585
-19.585
-19.585
-19.585
-19.585
-19.585
-19.585
-19.585
-19.585
-19.585
-19.585
-19.585
-19.585
-19.585
-19.585
-19.585
-19.585
-19.585
-19.585
-19.585
-19.585
-19.585
-19.585
-19.585
-19.585
-19.585
-19.585
-19.585
-19.585
-19.585
-19.585
-19.585
-19.585
-19.585
-19.585
-19.585
-19.585
-19.585
-19.585
-19.585
-19.585
-19.585
-19.585
-19.585
-19.585
-19.585
-19.585
-19.585
-19.585
-19.585
-19.585
-19.585
-19.585
-19.585
-19.585
-19.585
-19.585
-19.585
-19.585
-19.585
-19.585
-19.585
-19.585
-19.585
-19.585
-19.585
-19.585
-19.585
-19.585
-19.585
-19.585
-19.585
-19.585
-19.585
-19.585
-19.585
-19.585
-19.585
-19.585
-19.585
-19.585
-19.585
-19.585
-19.585
-19.585
-19.585
-19.585
-19.585
-19.585
-19.585
-19.585
-19.585
-19.585
-19.585
-19.585
-19.585
-19.585
-19.585
-19.585
-19.585
-19.585
-19.585
-19.585
-19.585
-19.585
-19.585
-19.585
-19.585
-19.585
-19.585
-19.585
-19.585
-19.585
-19.585
-19.585
-19.585
-19.585
-19.585
-19.585
-19.585
-19.585
-19.585
-19.585
-19.585
-19.585
-19.585
-19.585
-19.585
-19.585
-19.585
-19.585
-19.585
-19.585
-19.585
-19.585
-19.585
-19.585
-19.585
-19.585
-19.585
-19.585
-19.585
-19.585
-19.585
-19.585
-19.585
-19.585
-19.585
-19.585
-19.585
-19.585
-19.585
-19.585
-19.585
-19.585
-19.585
-19.585
-19.585
-19.585
-19.585
-19.585
-19.585
-19.585
-19.585
-19.585
-19.585
-19.585
-19.585
-19.585
-19.585
-19.585
-19.585
-19.585
-19.585
-19.585
-19.585
-19.585
-19.585
-19.585
-19.585
-19.585
-19.585
-19.585
-19.585
-19.585
-19.585
-19.585
-19.585
-19.585
-19.585
-19.585
-19.585
-19.585
-19.585
-19.585
-19.585
-19.585
-19.585
-19.585
-19.585
-19.585
-19.585
-19.585
-19.585
-19.585
-19.585
-19.585
-19.585
-19.585
-19.585
-19.585
-19.585
-19.585
-19.585
-19.585
-19.585
-19.585
-19.585
-19.585
-19.585
-19.585
-19.585
-19.585
-19.585
-19.585
-19.585
-19.585
-19.585
-19.585
-19.585
-19.585
-19.585
-19.585
-19.585
-19.585
-19.585
-19.585
-19.585
-19.585
-19.585
-19.585
-19.585
-19.585
-19.585
-19.585
-19.585
-19.585
-19.585
-19.585
-19.585
-19.585
-19.585
-19.585
-19.585
-19.585
-19.585
-19.585
-19.585
-19.585
-19.585
-19.585
-19.585
-19.585
-19.585
-19.585
-19.585
-19.585
-19.585
-19.585
-19.585
-19.585
-19.585
-19.585
-19.585
-19.585
-19.585
-19.585
-19.585
-19.585
-19.585
-19.585
-19.585
-19.585
-19.585
-19.585
-19.585
-19.585
-19.585
-19.585
-19.585
-19.585
-19.585
-19.585
-19.585
-19.585
-19.585
-19.585
-19.585
-19.585
-19.585
-19.585
-19.585
-19.585
-19.585
-19.585
-19.585
-19.585
-19.585
-19.585
-19.585
-19.585
-19.585
-19.585
-19.585
-19.585
-19.585
-19.585
-19.585
-19.585
-19.585
