0.169807
0.0841469
-0.0584172
-0.145347
0.0978413
0.0169156
-0.127611
-0.028157
-0.000937724
0.179978
-0.199919
0.0611884
0.0240135
-0.00347008
0.118135
0.0626997
0.146444
-0.172773
0.255941
-0.144772
0.0847844
-0.101738
-0.0922136
0.131009
-0.219018
-0.0408432
-0.180032
-0.0639074
-0.110902
-0.00265049
0.0458905
0.204156
-0.0838652
-0.00478539
-0.0264238
0.00281349
-0.00108329
-0.290948
0.246058
0.0188828
-0.0708515
-0.154701
-0.00511915
0.215074
-0.0100752
-0.133385
0.0728331
0.0316154
4.92969e-05
-0.0853993
-0.186082
-0.332785
0.0645456
-0.222071
-0.0203107
-0.111848
-0.00165685
0.238692
0.117583
-0.172096
-0.129012
0.164301
-0.194331
-0.201714
-0.245701
-0.0629197
-0.214652
0.163472
-0.0971201
-0.178784
0.146266
-0.21693
0.418657
-0.10821
-0.231916
-0.16289
-0.064321
0.073947
-0.0422149
-0.168754
-0.00230725
-0.105113
-0.0562613
-0.018959
0.0435085
-0.0913875
-0.00979105
-0.198055
0.0775749
-0.0805051
0.163967
-0.156742
0.0376806
-0.0814852
-0.23953
0.0829724
-0.0153172
-0.0154574
0.0461585
-0.0963966
0.117931
0.115778
-0.0868598
-0.279479
-0.051586
-0.233233
-0.138748
-0.00923312
-0.158555
0.0661126
-0.128037
0.350134
-0.155071
-0.109774
-0.0251107
-0.0321768
-0.24797
-0.0952363
-0.0224303
0.0639605
0.177514
-0.191471
-0.091916
0.154642
0.0448668
0.258212
0.0912084
0.106039
-0.222317
0.183428
-0.0385713
-0.0532858
0.239883
-0.16525
0.172079
0.131164
0.290593
-0.0175291
0.141352
-0.0445653
0.196672
-0.0883133
-0.165628
0.127256
0.320994
-0.102017
0.322957
0.0403662
0.13457
0.00404534
0.00787599
-0.0652509
0.00571043
-0.14559
0.059186
0.0173096
-0.336387
0.206423
0.151967
0.311713
-0.0815792
0.131051
-0.203997
0.331506
0.0808094
0.150397
0.34969
0.00539771
0.0554155
-0.0150737
0.149489
0.0234429
-0.0839241
-0.0517386
-0.248441
0.0957731
0.10285
0.242126
-0.0199401
0.281678
0.266686
-0.00481468
-0.00810793
0.182702
-0.0201068
0.0346666
0.126837
0.25374
0.143526
0.166657
0.00868787
-0.26325
0.0410354
-0.0882994
-0.119459
0.196452
-0.196188
-0.146216
-0.0395136
-0.0209556
0.145552
0.0352038
-0.0854294
0.051623
0.0562647
0.00273123
-0.0258
0.122515
0.170453
-0.20124
-0.0246975
-0.0367735
0.150598
0.0589843
0.000497753
-0.192504
0.194375
0.116009
0.0833003
-0.0752676
-0.0715549
-0.0502863
0.35805
0.0437062
-0.0314178
0.126743
0.0718512
0.171686
-0.0874918
0.0853882
0.141639
-0.0911496
0.101074
0.104295
-0.216102
-0.434744
-0.262328
-0.102303
0.0883088
-0.0100154
-0.0422652
-0.188651
-0.220598
0.110824
0.258956
-0.00979458
0.153241
-0.317159
-0.195248
-0.039682
0.0870255
0.0123526
0.101042
0.0875387
0.172474
0.239729
-0.161213
0.261479
0.0225158
-0.0213922
0.0678853
-0.155589
-0.0609905
-0.228648
0.0596765
-0.0317757
0.050554
-0.244849
-0.159267
0.0371054
-0.0482122
0.0231069
-0.0122552
0.34775
0.0711847
0.0386497
0.154072
-0.169865
0.140693
-0.056207
0.0624401
0.218891
0.00885003
0.0681947
0.142975
0.14686
-0.116525
-0.0793657
-0.0226574
0.0342473
0.0153311
0.132657
0.0750745
0.13545
-0.0642802
0.158481
-0.0447652
-0.0303265
-0.00931903
-0.0922142
-0.32874
0.0464289
0.00917918
-0.15148
-0.0805168
-0.0272403
0.124983
-0.236284
0.0890311
-0.0457111
-0.0750201
-0.0978982
-0.0169909
0.0772427
-0.064242
0.0311479
0.0865506
0.103768
-0.0913085
-0.234286
0.141904
-0.102412
-0.146831
-0.00829553
0.0983933
-0.114349
-0.0850944
-0.0859994
-0.0326871
-0.0443235
-0.118376
0.093035
0.1885
0.234138
-0.0790667
-0.229345
0.294062
0.151755
-0.0530223
0.15854
0.286282
-0.119781
-0.187809
0.0324778
-0.016024
-0.0111855
-0.0972528
0.0863092
-0.00668127
-0.0235117
-0.0162275
-0.233338
-0.0420744
0.0263937
-0.0987666
0.0617393
-0.0309664
-0.160536
-0.0111613
0.0143145
-0.159469
-0.0518341
0.0508225
-0.0406979
-0.0102654
-0.163914
-0.0539004
0.236082
-0.143156
-0.0785757
-0.266654
-0.10469
0.159345
-0.183424
-0.0312491
-0.0368133
-0.118914
-0.0756288
-0.0676818
0.0958312
0.136068
-0.00560966
-0.150391
0.0568317
-0.0463939
-0.146998
-0.0146029
0.0494311
0.185375
-0.373472
0.201539
0.0500385
-0.273712
-0.103998
0.0981631
-0.0519666
0.133142
-0.181925
0.0418187
-0.071684
-0.314723
-0.0535297
0.0790354
-0.00135661
0.0944704
0.0571639
-0.213497
0.256736
0.236811
-0.0714237
0.199052
-0.131742
-0.0856211
-0.0521401
0.162591
0.123125
0.117115
0.0446148
0.0735489
-0.0587537
-0.2853
0.0496995
-0.104816
0.122577
0.0524175
0.0530855
0.105095
0.259681
0.244248
0.0519204
0.158276
0.364263
-0.00572599
-0.0328842
-0.0285041
0.0142231
0.121325
0.0676758
-0.104227
-0.190043
0.0509863
0.0260735
0.145473
-0.0685992
0.109612
0.126461
-0.0155814
0.246211
0.0806544
0.314474
-0.175946
0.151609
0.130217
0.196767
0.0921797
0.209547
0.100366
-0.0534997
0.089325
-0.0102128
-0.0167924
0.279357
-0.101676
0.465109
0.195291
0.0759745
-0.10856
0.275864
0.13634
0.149391
-0.0473844
-0.127426
-0.0468288
0.0797525
-0.0762445
0.00511269
0.0889379
-0.0627166
0.060007
0.101812
-0.0873424
0.115901
0.0112415
-0.0021458
0.110866
0.122403
0.210015
-0.341959
-0.0644165
0.233624
-0.074459
0.220639
0.29111
-0.00113554
0.199351
0.0657402
-0.219622
-0.080599
0.332791
0.30124
-0.141985
0.223792
0.076653
0.197251
-0.0736576
0.260066
-0.0746422
0.0173013
-0.0687172
0.176218
0.184967
0.209455
0.0928559
0.0693218
0.18777
-0.0019272
0.00483875
0.0267743
0.153101
0.0948777
0.266497
0.208172
0.126528
0.0306699
-0.0417242
-0.00392606
0.177702
0.16972
0.45038
-0.070206
-0.196033
0.204236
-0.0583986
-0.064527
-0.0579117
-0.0167415
-0.0258355
-0.0501405
0.147827
-0.0173619
0.0538377
0.104378
0.0336003
-0.0104507
0.197568
0.100228
0.0386137
-0.0224766
0.242574
0.111097
-0.0901815
-0.218985
0.0171084
0.0170538
0.0799173
-0.00817299
0.0401275
-0.0826055
0.399567
-0.0816262
0.125039
0.209809
-0.16149
-0.130358
0.0274284
-0.0719178
-0.00861884
0.080112
0.0660012
-0.332581
-0.0185537
-0.0124437
-0.0427215
0.124481
0.159319
0.402815
0.124159
0.0929438
-0.103067
0.0139458
-0.107424
0.115905
0.0818431
-0.20199
0.0641721
0.0785808
0.0852006
0.0156732
0.158935
0.0852733
0.0517213
0.217248
-0.124439
-0.0438971
0.176869
-0.00207758
-0.0833073
-0.112428
0.105089
0.111434
-0.046462
-0.0571306
0.0194253
0.104642
0.00484244
0.261962
-0.141329
0.0160326
0.0359011
-0.295824
0.0609698
0.0244108
0.135645
0.0842051
0.0323913
-0.0235746
0.163193
0.0720679
-0.140871
0.261155
0.207398
0.106058
0.111577
-0.11186
-0.0866458
-0.103183
0.181887
-0.0998543
0.00769579
-0.248745
-0.0242845
0.0237261
0.182009
0.124502
-0.0780589
-0.109928
-0.140437
0.0283742
-0.00552164
-0.0874771
-0.0348814
-0.0571786
-0.195168
-0.0705712
-0.186918
0.156727
-0.0456684
0.0118008
0.0204138
-0.242099
-0.100614
0.0287169
0.0982109
0.323114
0.119535
-0.102249
0.232473
0.0831009
-0.100294
0.255197
-0.12571
0.0758502
0.17191
0.424449
-0.0131337
0.105325
0.0865632
0.0448501
-0.201409
-0.0302762
0.0192356
-0.13304
0.0177824
-0.151707
-0.101758
0.198675
0.163881
-0.0133558
0.292509
0.0374842
0.0364395
0.124467
-0.159308
0.0611721
0.229639
-0.172146
-0.059816
0.214917
-0.0222075
-0.105774
0.236256
0.0329258
0.0706273
0.0630646
0.0785821
0.12964
0.0889256
0.166426
0.0496728
0.164132
-0.104314
0.133473
-0.140154
0.0606664
-0.0294094
-0.0319138
0.285693
0.0231854
-0.0165742
0.315741
0.117508
0.0340844
0.0487449
0.0999192
-0.00337018
-0.263299
-0.10438
-0.144514
-0.0836641
0.0943449
-0.139864
-0.0821272
0.0847584
0.0758078
-0.100482
-0.0849604
-0.132673
0.170033
-0.0108303
0.120086
0.0229536
-0.134571
-0.264215
-0.0774352
0.0201841
0.0447427
0.0694586
0.249492
0.0784488
0.0638483
0.270861
-0.108062
0.177904
0.362841
-0.0685657
0.00176248
0.00638383
-0.225417
-0.126189
0.254101
-0.0977044
0.21561
0.296201
0.164729
-0.145496
0.341308
0.0171761
-0.178546
-0.173687
-0.156422
0.0746923
-0.0424486
-0.171162
-0.272167
0.13987
-0.0411769
0.107728
0.292076
-0.0728926
-0.0343048
-0.0625092
-0.0942917
-0.0537256
-0.114295
-0.203544
-0.0279508
-0.234628
-0.0145245
-0.0196226
0.111511
-0.123091
0.206344
0.265842
-0.0810867
0.0288688
-0.0819998
0.0907958
-0.213636
-0.0808143
0.119966
-0.115082
0.202087
-0.0441158
-0.0613016
0.092621
0.0252944
0.0731707
-0.173509
0.0859565
-0.105632
0.0365537
-0.298306
-0.0619123
-0.28887
0.0637038
-0.140239
0.228428
-0.230116
0.0359833
-0.123271
-0.0137655
0.0110749
-0.0772931
0.0815963
-0.0657307
-0.121597
-0.012891
0.0526977
0.224787
0.0967566
-0.0746206
-0.0503472
-0.283832
-0.188035
-0.0393259
-0.132225
-0.290879
-0.122
0.0202956
-0.147089
0.253915
-0.0236152
0.167374
-0.135689
0.0249123
0.212787
0.141999
0.019131
0.219786
0.177404
0.00538412
0.050705
-0.136769
0.0937442
0.092303
0.0656739
0.0220355
-0.0307915
-0.246014
0.113206
-0.279133
-0.0643815
0.0431065
0.414377
-0.075743
-0.286073
-0.0743189
0.159099
-0.139729
0.117879
-0.0496677
-0.22957
0.243432
0.205736
-0.160123
0.0655039
0.202189
0.144625
-0.376719
-0.15908
0.00622111
0.0112721
-0.500928
0.0554898
0.0209414
-0.423222
-0.573662
-0.00835206
-0.269576
-0.219876
-0.0683887
0.0514377
0.128995
-0.413918
0.23092
-0.253543
0.148593
-0.268788
-0.253678
-0.194744
0.0618991
-0.198281
-0.0193505
0.034293
0.360167
0.216964
-0.102415
-0.515869
0.417181
-0.353314
-0.123515
-0.0581013
0.0538263
-0.202382
0.494775
0.427129
0.228826
-0.227152
0.264405
-0.00554207
-0.452525
0.171375
0.362377
0.216402
0.0536566
-0.329075
0.147498
0.090729
0.187439
0.127849
0.359977
0.295958
0.424168
0.0975487
0.301061
-0.203262
0.194502
0.299671
-0.11788
-0.13842
0.469814
0.0011454
0.179733
0.211238
-0.535852
-0.257284
0.122744
0.32707
-0.31564
-0.100045
0.129085
0.0374988
-0.224545
0.341761
0.53835
-0.104845
-0.543334
0.235078
0.0373202
-0.0313334
-0.407392
0.344317
0.120725
-0.0528595
-0.0180065
0.0545281
0.0340343
-0.0735432
0.0309784
0.431604
0.0547225
-0.0600629
0.251869
0.133106
-0.249444
-0.111821
0.146427
0.568104
-0.23846
-0.0919287
0.190469
0.385483
-0.0691545
0.0270962
0.0234882
-0.206635
-0.103267
-0.0266475
0.131636
-0.42932
0.279378
0.40844
0.13774
0.0227995
0.00579453
0.291983
0.059684
-0.153757
-0.0122624
-0.273265
0.216423
-0.167715
-0.382683
-0.187479
0.113464
0.0128848
-0.111612
0.0221817
0.144269
-0.154356
0.159038
0.022907
0.045576
0.0797318
0.132333
0.0645199
-0.180403
0.0227125
-0.00654406
0.234002
-0.00923146
-0.0598285
-0.00603256
0.0661563
0.335856
-0.192277
-0.115845
-0.128696
-0.0310402
0.0220279
-0.305275
0.247983
0.393678
0.0579501
-0.0078575
-0.00206019
0.0648205
-0.258401
-0.066988
0.0715121
0.035278
-0.00979169
-0.243839
0.037064
-0.0888477
0.152581
-0.0427083
0.315541
-0.213314
-0.151646
0.0823423
0.0907694
0.0346706
0.105678
0.395207
0.238085
0.0374655
-0.359536
0.419759
0.453844
0.385728
0.0353453
0.116977
-0.221457
0.566856
-0.0643933
0.0377161
-0.128444
-0.295864
-0.148652
-0.00825177
-0.266917
-0.21243
0.676303
-0.102035
0.446352
-0.154364
0.181645
-0.759184
-0.585072
0.54532
0.188271
0.339973
0.609415
0.206628
0.052948
-0.0381812
0.309517
0.141045
-0.378089
-0.295855
0.391903
0.314111
0.131354
0.209387
-0.195442
0.0123902
-0.0151853
-0.266578
-0.151903
0.0599777
-0.304763
0.225602
0.0624462
-0.417876
0.0365078
0.13319
-0.304871
-0.263629
-0.00400294
-0.0961544
-0.0590597
-0.00370043
-0.0102633
0.338757
-0.246028
-0.150929
-0.0612042
0.0112401
-0.347957
0.228786
0.0505362
-0.267265
-0.202734
0.0278963
-0.410442
-0.419435
0.0712142
-0.350223
-0.450427
0.348847
0.0458198
-0.398031
-0.366959
-0.0562079
-0.443845
0.0307512
-0.0984422
0.037139
0.302098
-0.221215
0.12307
0.221976
-0.339322
0.276034
0.236936
-0.0952682
0.142251
-0.049167
-0.278846
-0.25982
-0.232494
0.0917049
-0.279354
-0.552402
0.299121
-0.148836
-0.327316
-0.0319736
0.35784
0.028594
-0.0646401
0.0714896
0.305309
-0.44711
-0.171164
0.00101394
0.221099
0.00170945
0.0858744
0.233411
0.167745
0.0870923
0.00258864
0.319362
0.178447
-0.167275
-0.318725
-0.0298482
-0.116171
-0.388143
-0.0295871
0.0156915
0.0592127
-0.117053
0.0538069
0.102798
-0.106788
-0.258772
0.059873
0.194806
-0.0591225
-0.514294
-0.0893013
0.438033
-0.321512
-0.633756
0.811359
0.228969
-0.662488
0.187061
-0.125952
-0.132966
0.284489
-0.269981
-0.104343
0.409401
0.04345
-0.234809
-0.00665493
0.271821
0.425928
-0.471785
0.126668
0.821315
-0.358753
0.0249949
0.552073
-0.022453
0.545534
-0.388922
-0.521518
0.227677
0.797705
-0.0993816
0.120222
0.399842
-0.296466
-0.328589
0.442193
-0.396525
-0.893217
0.0148752
0.134268
-0.428206
-0.329897
-0.0945843
0.982181
-0.105834
-0.318542
-0.0911982
-0.322325
0.0725385
-0.0839191
-0.255639
-0.00612075
-0.246728
0.298151
0.117029
0.12047
0.0867879
0.00550775
0.336114
-0.0655579
-0.305112
-0.0705739
-0.535318
0.0262457
0.205393
-0.00140569
0.183757
0.219582
0.223186
0.0812675
0.45373
-0.243834
-0.129407
-0.122045
0.0737122
0.0946788
0.0592269
-0.0961812
0.157906
-0.00599803
0.165067
-0.142271
0.138421
0.0452458
0.254823
-0.22295
-0.156021
9.5927e-05
0.00847315
0.129259
0.0673017
0.237536
-0.0675374
0.13603
0.231924
0.196634
0.0307504
0.207365
0.096448
-0.100919
0.366776
0.158458
0.0924585
0.259426
0.013607
-0.169761
0.0103851
0.277265
-0.183923
-0.266772
-0.168178
-0.13272
0.0479558
0.226598
0.108812
-0.118411
0.0173528
-0.0599267
-0.12594
-0.0743298
0.0854156
-0.282415
-0.0955408
-0.301758
-0.314622
-0.035209
-0.176271
-0.162944
0.141593
-0.309095
0.214041
-0.250458
-0.265665
0.0271601
-0.110173
0.0468909
0.00211639
-0.125107
-0.178485
0.126857
-0.191169
0.0994474
-0.277861
-0.208627
-0.102294
0.0476109
0.0157385
-0.119991
0.0641141
-0.0840355
-0.178191
-0.10231
0.049968
-0.472674
0.0849508
-0.239442
-0.00380071
-0.282157
-0.203809
-0.235045
-0.141544
-0.123368
-0.0386991
-0.167142
0.00971987
-0.171237
0.119069
-0.390491
-0.139674
-8.79374e-06
0.0435207
0.0404153
-0.0320699
0.0160565
0.210235
0.0647972
-0.0951993
0.0182623
0.291907
0.00759698
-0.104625
-0.120778
-0.00743814
0.187675
0.125231
-0.103256
-0.049403
-0.0325267
0.284445
0.192732
0.0123116
-0.172345
0.258165
0.00125295
0.128222
-0.0211426
-0.110952
0.160695
-0.136091
-0.1857
-0.14162
-0.10001
-0.0798174
0.109621
0.198094
0.00688669
0.0632301
-0.00140216
-0.196114
-0.21663
0.17794
-0.158494
-0.0756877
-0.329525
-0.0870536
0.0347833
0.172029
-0.22841
-0.0667282
-0.172784
0.0959793
0.0213237
-0.193249
0.0756249
0.0400572
0.0883959
-0.0594191
-0.116879
-0.171133
0.238023
0.122698
-0.0369204
0.0870823
0.0240249
0.0459587
0.220109
0.0483068
0.142096
-0.154836
0.180906
-0.127077
-0.254709
0.150757
-0.0760908
0.105303
-0.0412913
0.318479
-0.212631
-0.0223404
0.123939
0.200231
0.19853
0.0449148
-0.115359
-0.123244
0.258628
-0.020303
0.243802
0.0637182
0.0136076
0.373338
-0.0205562
0.0980228
-0.021565
0.0180952
-0.387315
0.162025
-0.137774
0.129778
0.09941
0.00858015
0.114645
-0.0410243
0.207045
0.0677697
0.0776976
0.242958
-0.151097
-0.103773
0.145653
-0.225692
0.0189141
0.188308
0.0838162
-0.146604
-0.0659447
0.0589347
0.146038
-0.0352433
0.00909201
0.0691987
0.0293857
-0.224917
0.221146
-0.253592
0.167616
-0.0456421
-0.200463
0.0504464
0.298025
-0.0424815
0.164528
0.180702
-0.0710022
0.154931
0.0289257
0.310022
0.256226
0.174441
-0.19575
0.0655139
0.0440752
-0.0477958
-0.275868
0.0993468
-0.0500118
-0.393868
-0.0600711
0.0415775
-0.178739
0.105248
-0.193844
-0.146803
-0.21275
-0.0410722
-0.123574
-0.0827497
0.0263207
-0.19697
0.204812
0.204601
-0.149258
0.0624553
-0.227438
0.0101715
-0.00101567
0.17662
-0.0421241
-0.379692
0.000281479
-0.156548
-0.00954605
-0.194424
0.083463
-0.229789
-0.114456
-0.202773
-0.222298
-0.178074
-0.174887
-0.0923774
0.0361648
-0.0775259
0.209759
0.289455
-0.0992194
0.253799
-0.139758
0.0242748
0.0269628
-0.0915882
-0.0585327
-0.33797
-0.0693673
-0.070271
-0.120231
-0.0951452
-0.111638
-0.205575
-0.096
0.0239973
0.020075
-0.167252
-0.528908
0.00740802
-0.199683
-0.174852
-0.555142
-0.525317
-0.0242474
0.0627039
-0.135368
-0.432824
-0.091383
0.14092
0.101851
-0.223377
0.321873
0.161912
-0.573067
0.17123
0.761864
0.0810626
-0.54963
0.185241
-0.356142
-0.0937748
0.318218
0.27247
-0.065253
0.280003
-0.0493817
0.21124
-0.193964
0.242343
0.543278
-0.166241
-0.00567464
0.061237
0.293466
-0.31318
-0.184413
0.34724
0.0332411
0.131054
0.420198
-0.0395915
-0.193855
0.301775
-0.0571295
0.42343
0.152401
-0.222883
0.229286
0.148289
-0.499422
-0.188061
0.0282444
-0.0715974
-0.0205876
-0.124826
0.0160478
-0.356222
-0.356559
0.762127
0.52077
-0.0086418
0.222623
0.167007
-0.020944
0.37434
0.478734
0.505972
-0.16721
0.127501
0.208046
0.393401
-0.293782
0.374389
0.59898
-0.397148
0.445329
0.437542
-0.233592
-0.646014
-0.378218
0.139158
-0.0796264
-0.201359
0.195488
0.118865
-0.334176
0.220237
0.0445983
-0.532884
0.0648298
0.432856
-0.42725
0.0637154
0.583125
-0.17976
-0.383884
0.34907
0.26574
-0.328894
-0.118107
0.493396
-0.234721
-0.569527
-0.362763
-0.000241162
-0.138667
0.108835
-0.119336
-0.13997
0.458764
0.355545
-0.126929
-0.0462463
0.0724266
-0.132394
-0.0733143
-0.257229
-0.0747752
0.0488486
-0.103899
-0.0130035
0.0692468
-0.363507
-0.0698808
0.199914
-0.120801
-0.0948841
0.331001
0.116897
0.427224
0.183411
0.0384349
-0.125575
-0.415107
-0.221848
-0.187769
-0.0680138
-0.246239
0.101849
-0.22102
-0.150394
-0.39387
-0.391303
0.412299
0.183123
0.251819
-0.430142
0.240575
0.30534
-0.195942
0.394205
0.394186
0.0840793
-1.04889
0.106693
0.138569
-0.539207
-0.36872
0.357431
-0.00881916
0.000736312
-0.0540972
0.217386
0.124676
-0.0915027
-0.154141
0.27683
0.608375
-0.62659
0.138547
0.172674
-0.36333
-0.195619
-0.165352
-0.0597694
0.105401
-0.158551
0.136475
-0.125817
-0.112761
0.291245
0.190538
-0.0243421
0.411805
-0.404417
-0.625208
0.207147
-0.103204
-0.0809376
0.350382
0.204504
0.0169606
0.388611
0.0297238
-0.113938
0.319899
-0.226964
-0.123832
0.599204
-0.235779
-0.000586296
0.28084
0.407836
0.104913
0.590397
0.369362
-0.220557
0.576484
0.210462
-0.198044
0.164579
0.489722
0.0188491
0.0735284
0.0996233
0.04582
0.006959
-0.164304
0.143384
0.270602
0.216997
0.13259
0.302773
-0.512479
0.474849
0.200095
0.0247483
0.21496
0.349346
0.0736293
-0.534169
-0.163675
0.0924051
-0.383232
-0.0474283
-0.0605209
0.669661
0.25773
-0.354942
-0.0411825
0.0849479
-0.231446
0.369578
0.558418
-0.0629489
0.289157
0.0447691
-0.256029
-0.270497
0.355251
-0.0677688
-0.267642
0.276917
0.0978293
-0.433352
0.324773
0.446927
-0.556218
0.0312567
0.504006
0.473906
-0.437231
0.575089
0.526659
-0.14827
-0.112577
0.560945
0.535287
-0.757546
0.0524259
0.301688
0.292519
-0.0816927
0.143786
-0.0347413
-0.20112
0.225662
0.0698184
-0.185328
0.0539489
0.0419929
-0.0736233
0.033433
-0.0421953
0.0831144
-0.149352
-0.0801357
-0.236906
0.151101
0.149639
-0.0870535
0.0106288
-0.073268
0.254096
0.0468553
0.166514
0.0187246
0.302309
0.00385182
0.0802053
-0.446117
0.105149
0.0229522
0.32684
-0.110783
0.119265
-0.248566
-0.15205
-0.343302
-0.177262
-0.332908
-0.277113
-0.165094
-0.0862627
-0.201996
-0.230001
-0.311119
-0.294621
-0.507122
-0.204844
-0.261356
0.119856
-0.45762
-0.0408452
-0.124714
-0.123369
-0.26872
-0.221049
-0.373758
-0.570041
-0.346521
-0.14131
-0.330802
0.0478379
-0.185704
0.0219488
-0.314215
-0.159867
0.0779789
-0.13667
-0.049179
0.139154
0.160877
0.121138
0.0445107
0.121066
0.0221634
-0.0511551
0.080543
-0.336707
-0.109051
-0.127913
-0.226813
0.0353968
-0.10008
-0.419868
-0.0681813
0.0605532
-0.0234988
-0.14758
0.149518
-0.179059
0.0959429
-0.0392864
-0.0250836
-0.0634538
-0.10666
-0.0804161
0.225875
0.0704895
-0.0212079
0.17676
-0.0223399
0.314031
0.0178315
0.154112
0.0705458
-0.107488
0.364611
0.126784
-0.103614
0.272945
0.195699
0.172468
-0.0096995
0.0531879
0.0583301
-0.15496
0.222098
0.313051
0.292532
0.167443
0.160022
0.387426
0.155327
0.0365967
0.314262
0.13747
0.27471
0.170927
0.306915
0.380114
0.129286
0.125372
0.292885
0.309005
0.211161
0.113978
-0.0567949
0.266726
0.0285257
0.19441
0.1307
-0.00524123
-0.0898644
0.209027
0.16899
-0.0722509
-0.0359067
0.352771
0.192435
0.0684256
0.150718
0.188804
0.168297
-0.172956
-0.00349599
-0.0294395
0.360049
0.386859
0.0835015
0.116112
0.35272
0.203156
0.148353
-0.146254
0.0589937
0.357897
0.234064
0.0994294
-0.117674
0.0497073
-0.185753
0.243014
0.138547
-0.141414
0.0975307
0.00246
0.2164
0.0368515
0.00947549
0.0686203
0.280674
-0.0874526
0.321238
0.232591
0.309571
0.319671
0.264427
-0.169161
-0.0355508
0.064654
-0.0886804
0.118277
0.0833929
-0.110193
-0.118109
0.0132839
0.0330817
-0.0985333
0.14484
-0.0939993
-0.0636334
-0.129054
0.106355
-0.0708073
0.417147
0.304541
0.177928
0.054515
-0.0112149
0.0629096
0.217791
0.209553
-0.0237116
-0.0982693
0.0521719
0.0185689
0.246373
0.167629
-0.0675296
0.253853
-0.31285
0.0423013
0.0951199
-0.0164257
0.132592
0.243508
0.184222
0.150042
0.00656269
0.17083
0.261783
0.293035
0.182217
0.412041
0.244199
0.0929949
0.456851
0.411118
0.144635
0.0040089
0.287167
0.133248
0.0520545
0.133603
-0.0745567
0.224343
0.32821
0.232488
-0.101021
-0.0668194
-0.133806
0.161107
0.134656
0.125561
0.0467189
0.0501753
0.0886876
0.0404789
0.108824
-0.0414974
0.0503132
0.0325318
0.244783
0.167635
0.140118
0.198472
0.472567
0.187797
0.853657
0.324999
0.324188
0.409748
0.697298
0.635957
0.477761
0.825553
0.353671
0.414202
0.809329
0.781105
0.537408
0.339514
0.499144
0.528027
0.333452
0.410564
0.385861
0.53359
0.394671
0.421208
0.096185
0.118581
0.568991
0.370257
0.332268
0.397098
0.554298
0.623827
0.631649
0.537623
0.272047
0.578815
0.778154
1.06648
0.911873
0.435379
0.802528
0.719424
0.739502
0.920501
1.0229
1.10197
0.683702
0.859584
0.81915
0.697651
0.734445
0.807162
0.744741
0.994801
0.791
0.965241
0.816638
0.84799
0.707382
0.738849
0.617042
0.730083
0.809252
0.968807
0.900382
0.89481
0.99165
0.740945
1.30149
1.27857
1.29532
1.44134
1.4085
1.60891
1.52109
1.48184
1.64985
1.8007
1.70394
1.7102
2.08126
1.75894
1.89805
1.55578
1.61669
1.70042
1.3597
1.5575
1.35666
1.42228
1.35706
1.29506
1.39952
1.04569
1.27604
1.41196
1.16626
1.25431
1.32411
1.24115
1.24161
1.2548
1.61948
1.50377
1.83067
1.70952
1.88496
1.5591
1.76857
1.9623
1.74339
1.60749
1.74328
1.54368
1.60072
1.4691
1.54731
1.60124
1.59159
1.41838
1.35981
1.11302
1.24834
1.21177
1.23725
1.39455
0.881214
1.17746
0.736097
0.911569
1.02561
0.904777
0.852136
0.552774
0.750386
0.819437
0.71903
1.20668
1.0331
0.863687
0.526052
0.836845
1.03117
0.954661
0.991135
1.07458
1.20877
1.15634
1.20081
1.15571
1.24721
1.20458
1.06728
1.16218
1.09565
1.1784
1.01395
0.836277
1.02162
1.0822
1.04483
0.772777
0.745396
0.962581
1.08543
1.04844
1.16854
0.960204
0.859029
1.15956
1.33681
1.53611
1.64226
1.30423
1.42442
1.54084
1.73729
1.74755
1.92046
1.92266
1.60106
1.95596
1.68614
1.59831
1.7913
2.10461
1.97739
1.63309
1.94659
1.95866
2.00901
1.79417
1.97791
1.79891
1.82865
2.06852
2.25582
2.20547
1.98033
2.14527
2.28793
2.36994
2.52756
2.31164
2.59347
2.83087
2.63938
2.79417
3.00696
2.86159
2.84279
2.77833
2.94939
2.81186
2.83729
2.86903
2.96829
2.91564
3.06998
2.99949
3.02744
2.73842
2.46167
2.48064
2.58836
2.6324
2.24127
2.41996
2.3299
2.71792
2.17909
2.80606
2.80661
2.85814
2.79722
2.57133
3.00459
2.95589
3.05715
2.77318
3.09084
2.91882
3.16819
2.71973
3.04968
3.00677
3.10352
2.71209
3.07674
3.06491
2.92703
2.99313
3.11153
2.77824
2.58575
2.77326
2.42829
2.68227
2.77048
2.9289
2.8996
2.97645
3.1376
3.25846
3.04399
3.23042
3.11855
3.1647
3.08852
3.1535
3.33469
3.4049
3.48026
3.45691
3.61176
3.57296
3.60701
3.5952
3.76176
3.50189
3.68208
3.6576
3.38123
3.67672
3.33888
3.79082
3.29982
3.37474
3.38
3.19703
3.01906
3.11853
3.23889
3.45183
3.34989
3.68842
3.45856
3.39213
3.65145
3.77361
4.10363
3.93338
4.11782
4.19835
3.98991
4.04306
4.18815
3.99707
4.23635
4.27114
4.24164
4.20371
4.13061
4.21927
4.17937
4.05035
4.33488
4.21921
4.04346
4.09929
3.63742
4.31405
3.98239
4.1841
4.04488
4.18828
4.16044
4.3363
4.16162
4.35817
4.43067
4.7903
4.75682
4.84115
4.98925
4.83621
4.89745
5.06736
4.92412
5.06957
5.24235
4.95631
5.02455
5.24482
4.73639
5.17705
4.81853
4.60515
4.28589
4.30146
4.43073
4.05474
4.11977
4.09197
4.16369
3.80523
3.95639
4.23342
4.24047
4.16094
4.19411
4.17188
4.49182
4.64138
4.63022
4.58067
4.91151
4.93239
4.88617
5.17353
4.80814
5.03385
4.77038
4.71935
4.63336
4.55542
4.10737
4.26712
3.63448
3.85209
3.8811
3.53647
3.34374
2.99094
3.33945
3.19984
2.89022
2.93749
3.3452
3.18696
3.65656
3.90128
3.54018
3.72251
3.66105
4.09164
3.96421
3.81233
3.92738
4.20678
3.99368
3.79219
3.83249
4.16891
4.06514
3.78526
3.65795
3.51577
3.33505
3.45799
3.34516
3.14946
2.98045
3.16298
3.05763
3.19204
3.20393
2.91044
3.00048
2.73054
3.2048
2.98249
3.04152
3.08205
3.10915
3.51147
3.48935
3.35189
3.1947
3.55142
3.15183
3.55371
3.30242
3.15598
3.14379
3.22667
3.179
3.27672
3.16046
3.05828
2.80963
2.79608
2.88148
2.58791
2.61943
2.45732
2.6465
2.68723
2.57779
2.83847
2.82531
2.77551
2.98838
2.94379
3.07589
3.26329
3.142
3.08701
2.9988
3.16653
3.0743
3.52379
3.08564
3.47731
3.20849
3.42215
3.28188
3.23266
3.08046
3.07947
3.20417
3.28733
3.14958
3.20236
2.98156
2.63038
2.66879
2.56663
2.37239
2.44138
2.90667
2.6437
2.36083
2.70258
3.06218
3.04465
3.01492
3.28549
3.20847
3.1808
3.36292
3.57017
3.71398
3.65098
3.52606
3.4372
3.44922
3.56714
3.51531
3.57598
3.35595
3.38744
3.37317
3.47823
3.1051
2.99257
2.95201
2.75773
3.04397
3.09487
3.18811
3.24171
3.06578
3.58106
3.35382
3.40899
3.22314
3.36827
3.45865
3.69637
3.51897
3.76821
3.64935
3.99182
3.75843
3.75629
3.88979
3.6722
3.80429
3.75018
3.70893
3.78957
3.60696
3.60202
3.77692
4.1066
3.55397
3.50648
3.74604
3.75248
3.63159
3.51309
3.62106
3.55417
3.47302
3.32404
3.55027
3.50884
3.17511
3.51599
3.70176
3.49281
3.81404
3.86887
3.91044
3.91241
4.29652
3.95343
3.77377
4.09887
4.01679
3.90001
3.97763
4.09881
4.05433
3.92863
4.15059
4.03002
3.86645
3.60441
3.98534
4.11577
3.91923
4.10371
3.8837
4.24738
4.0132
3.85058
4.10629
3.97611
3.66347
3.94909
3.84006
3.88977
3.81323
3.79929
4.22837
4.33107
4.28322
4.46272
4.7317
4.889
4.56822
5.2592
4.85631
4.86942
4.92344
5.14796
5.0088
4.83994
5.01598
5.15639
4.88133
5.07675
4.73005
4.7803
4.69743
4.70967
5.15217
4.9669
4.76922
4.59626
4.94489
4.80277
4.40381
4.67332
4.75988
4.5528
4.80648
5.12673
5.1759
5.29745
5.21208
5.03841
5.08787
4.87458
4.98242
4.90461
5.15965
4.84962
5.06627
5.00358
4.94363
4.84376
5.11775
4.61036
5.04432
4.95762
4.71246
4.38692
4.68662
4.56542
4.37091
4.35684
4.69089
4.63692
4.5649
4.90341
5.02416
5.20639
5.14881
5.07404
5.53902
5.47562
4.99335
5.39053
4.96419
4.93313
5.11981
4.56476
5.00093
4.36502
4.61713
4.60358
4.89292
4.5893
4.83772
4.77261
4.78949
4.69479
4.70662
4.94289
4.88125
4.87645
4.97307
4.95343
4.77774
5.12607
5.06743
4.92534
4.74035
4.92379
5.02515
4.94422
4.52894
5.03422
4.43824
4.19696
4.36228
4.26463
3.97536
4.22438
4.46442
4.45433
4.56758
4.7619
4.937
5.15042
5.06044
5.50895
5.63672
5.53635
5.49064
5.72095
5.65437
5.89405
5.87988
6.12511
6.14144
6.19127
5.95711
6.15044
5.77652
5.87884
5.7769
5.64957
5.19271
4.98544
5.01907
4.59572
4.17572
4.26683
4.14939
3.95047
4.01518
4.29436
4.46897
4.24609
4.68595
4.54457
4.70015
5.16826
5.03051
5.37719
5.35577
5.74268
5.5181
5.93011
5.8358
5.70636
5.52301
6.05072
5.64848
5.70428
5.56205
5.58771
5.29573
5.27862
5.09155
4.99138
4.73208
4.49417
4.19729
4.42138
4.0739
4.38345
4.26031
4.368
4.42938
4.91433
5.25473
5.01973
5.88318
5.92847
5.96183
6.23834
6.47655
6.53915
6.42519
6.7544
6.9037
6.9647
6.82852
6.9491
6.89508
6.78628
6.43569
6.70563
6.3737
6.49279
6.00633
6.02724
5.91057
5.26913
5.40055
5.23633
5.30084
5.1117
5.23638
5.17634
5.30719
5.36056
5.87052
6.05833
5.73313
6.07703
6.18891
6.49407
6.40838
6.42462
7.09267
6.68957
7.16149
7.37291
7.30758
7.45688
7.63351
7.419
7.40222
7.21023
6.79961
6.95484
6.78964
6.80099
6.60018
6.67098
6.33852
5.99387
5.89396
5.85023
5.9649
5.97698
6.31181
6.25569
6.69941
6.67109
6.73722
6.95738
7.11873
7.5875
7.6234
7.95308
8.00851
7.93562
7.87961
7.98414
8.09765
7.68299
7.26269
7.23261
6.88523
7.03313
6.64075
6.63309
6.55368
6.23515
5.86765
5.93067
5.48196
5.69757
5.8769
5.79833
5.9555
5.90856
5.88672
5.9029
6.0648
5.72642
6.23322
6.42295
6.29328
5.87492
5.86663
6.04555
5.96572
5.40928
5.4691
5.17363
4.86517
4.20116
3.82984
3.95083
3.94619
3.38776
3.65606
3.36644
3.48014
3.48392
3.55339
3.7164
3.87759
4.24137
4.54523
4.72753
4.80282
5.18562
4.99696
5.20563
5.31963
5.10177
4.61189
4.97327
4.60829
4.52333
4.25268
4.34691
3.79537
3.42848
3.43076
3.00134
2.31961
2.40732
2.18281
1.72697
1.74539
1.91968
1.63715
1.72962
2.10869
2.564
2.86233
3.04204
3.28291
3.73849
4.06112
4.04072
4.03684
4.32501
4.39084
4.21771
4.44188
4.53948
3.93486
4.11843
3.62111
3.08772
3.21371
2.90836
2.86667
2.14702
2.12227
1.67572
1.95715
1.60843
1.38498
1.45184
1.64881
1.73459
1.70479
2.04605
2.11069
2.98371
3.03309
3.20279
4.14849
4.14132
4.40956
4.67106
4.99325
5.21403
5.1049
5.202
4.88662
5.32919
4.88015
5.04023
4.85308
4.42876
3.91606
3.97117
3.82975
3.69397
3.39815
3.14599
3.47909
3.22255
3.0229
3.17831
3.2137
3.29561
3.63537
3.72936
4.23714
4.38903
4.77229
4.81045
4.86468
5.27142
5.83315
5.58743
5.75524
5.84658
5.87979
5.67765
5.59886
5.39669
5.35365
5.0083
4.55722
4.7236
4.19114
4.40551
3.7962
3.75252
3.3398
3.50475
3.38375
3.39846
3.67349
4.06084
4.26846
4.86626
5.00797
5.14789
5.31529
5.57981
5.3974
5.74589
5.78788
5.66327
5.4251
5.5429
5.34631
5.40037
5.4022
4.86077
5.17579
4.77806
4.70613
4.1925
4.49482
3.98756
3.67477
3.49954
3.09652
3.22152
2.71783
2.57117
2.8284
2.66347
2.83486
2.99896
3.3102
3.78156
3.81247
3.91156
3.99173
4.44582
4.77307
4.9251
5.0407
5.23826
4.69546
4.89876
5.07447
4.72761
4.86427
4.47747
4.39262
3.91389
3.79683
3.62933
3.58312
3.22086
2.95392
2.7534
2.54403
2.81328
2.48062
2.44037
2.70765
2.73398
3.03765
3.23978
3.15638
3.52215
3.81384
4.07829
4.20912
4.39837
4.35036
4.00869
4.01207
4.10391
4.05481
3.87369
3.55209
3.36709
3.30514
3.0956
3.18825
3.16383
2.92509
2.81647
2.85259
2.51904
2.65491
2.80256
2.84976
3.10719
3.07727
3.39688
3.82072
3.67709
3.6226
3.59839
3.55469
3.63919
3.88779
3.75249
3.71018
3.75639
3.45027
3.58599
3.95132
3.52801
3.04671
2.94628
3.05321
2.66497
2.36134
2.62658
2.57793
2.3666
2.53683
2.76403
2.93509
3.25815
3.308
3.45725
3.21141
3.43738
3.20736
3.53632
3.25597
3.24157
3.22487
3.38708
3.02715
2.76341
2.21501
2.11339
2.30663
2.22811
1.77316
1.75687
1.81115
1.85502
1.70804
2.21117
2.39737
2.50597
2.28258
2.62624
2.92942
2.83685
3.27443
3.18446
3.1602
2.50781
2.73416
2.19785
2.56499
2.52029
2.14277
2.11764
2.24942
1.74345
1.32735
1.54815
1.13613
1.2043
1.16181
1.48593
1.55381
1.51358
2.35236
2.32973
2.30175
2.23029
2.72288
2.75658
3.04403
3.15469
3.0193
2.72813
2.83468
2.74491
2.69352
2.60112
2.36863
2.45328
2.38722
2.07029
2.02204
2.2181
1.91699
1.67094
1.90904
1.82474
1.77613
1.61832
1.90312
1.87573
1.9272
1.7998
1.79572
1.85315
2.08467
2.3091
2.4761
2.37118
2.65312
2.70339
2.69347
3.21427
3.22175
3.34244
3.34379
2.96637
3.03271
3.27127
2.84832
3.0314
2.66553
2.25927
2.3012
2.31118
2.07822
1.68218
1.67642
1.5382
1.43078
0.974847
0.827785
0.90814
0.998608
1.0949
1.40654
1.76622
2.03017
1.86623
2.07734
2.14647
2.82112
2.7678
2.72052
2.99547
2.77063
2.80782
2.92567
2.77596
2.38994
2.35498
2.13478
1.96316
1.9512
1.86483
1.75721
1.82314
1.31555
1.15871
0.844904
0.807426
0.585829
0.770444
0.456452
0.364554
0.742336
0.530572
0.484107
0.600068
0.92251
0.795566
1.37826
1.30565
1.43406
1.56161
1.38949
1.68538
1.69501
1.88394
1.56126
1.61121
1.22255
1.11827
1.58546
1.07451
1.12004
0.924282
0.902489
0.974602
0.406438
0.411458
0.174411
0.209062
0.329375
0.350504
0.271046
0.427967
0.546296
0.87004
0.602901
1.38695
0.995618
1.14359
1.25173
1.52887
1.13233
0.938333
1.2819
1.35813
1.35301
1.65003
1.45664
1.92212
1.76496
1.70668
1.52259
1.55071
1.63313
1.41511
1.4734
1.36063
1.30949
1.27847
1.36454
1.4589
1.44861
1.4112
1.72025
1.8385
1.85915
1.75298
1.98414
2.2416
2.17592
2.54926
2.75755
2.77028
2.6855
3.11922
3.1733
3.1286
3.09188
3.4806
3.27976
3.45254
2.93841
3.28706
3.39327
3.18415
3.36283
3.14893
2.95272
3.233
2.77994
2.59855
2.7337
2.48581
2.39031
2.34863
2.24501
2.12455
2.40287
1.81061
2.22713
1.99907
1.91138
1.70292
1.65324
1.67426
2.09269
2.00282
1.64727
1.57217
1.78029
1.79317
1.69777
1.66094
2.31681
1.96575
2.16965
2.0997
1.85519
1.90097
2.01158
1.74786
1.71404
1.74155
1.91782
1.91391
1.67377
1.60207
1.51072
1.28006
1.4854
1.4685
1.38031
1.5163
1.40285
1.0595
1.45212
1.61764
1.26744
1.03159
1.18977
1.38181
1.66532
1.48854
1.53949
1.65018
1.70839
1.54339
1.46486
1.40317
1.30375
1.85418
1.72744
1.99163
1.82724
2.08312
1.68949
2.15239
1.84018
2.33065
2.17382
2.07418
2.34362
2.37244
2.28587
2.28255
2.19364
2.04781
2.12969
2.08209
2.10341
2.0028
2.2064
2.27392
2.18319
2.04612
1.9654
2.04877
2.0083
2.02339
2.26798
2.11753
2.12963
1.90401
2.01423
1.81533
2.01979
2.42648
2.13418
2.20563
1.74122
2.195
2.10232
1.9052
2.19187
2.19586
2.0285
1.94432
2.27103
2.1178
2.29102
2.47828
2.66079
2.40206
2.39955
2.46442
2.43139
2.39684
2.57444
2.48251
2.32495
2.10672
2.65863
2.79033
2.68711
2.56613
2.58038
2.9356
2.69752
3.00588
3.22792
3.12298
2.60383
2.96222
3.45541
3.08448
2.96685
3.14057
2.94268
3.19027
3.31567
3.32794
3.03303
3.24727
3.19245
3.38391
3.39928
2.98082
3.42537
3.31905
3.45348
3.77286
3.5704
3.21164
3.41739
3.67334
3.37664
3.5988
3.52185
3.36874
3.41241
3.68399
3.30917
3.26566
3.47446
3.2725
3.2895
3.20918
3.44758
3.45546
3.44253
3.21628
3.27037
3.57677
3.15954
3.61088
3.43375
3.27564
3.66356
3.56573
3.30474
3.98451
3.43321
3.11807
3.81988
3.45528
3.83638
3.74736
3.69479
3.33433
3.55701
3.66309
3.95866
3.972
4.00774
3.83529
3.83708
3.85518
4.1101
4.32193
3.74492
4.12544
4.17336
4.32685
4.20064
4.44198
4.27295
3.93462
4.42032
4.61638
4.69262
4.03319
4.49235
4.59123
4.42519
4.20892
4.42156
4.63369
4.04064
4.18019
4.13393
3.97468
3.98059
4.16001
3.98952
4.00203
4.09973
4.42859
4.04659
4.1131
4.10281
3.82491
4.23503
4.15503
3.91459
3.97506
3.94031
3.7491
3.70467
3.42782
3.99697
3.6667
3.50097
3.77293
3.64393
3.26072
3.67821
4.09122
3.70019
3.87624
3.62529
3.62282
3.49823
3.57988
3.44843
3.46003
3.52817
3.42936
3.7606
3.60723
3.70335
3.66098
3.53587
3.39436
3.49331
3.38659
3.76307
3.55955
3.57338
3.44662
3.50192
3.35874
2.96933
3.25227
3.53165
3.04455
3.08574
3.13644
2.91564
2.85925
2.92134
2.9219
2.77034
2.76233
2.73275
2.71412
2.62412
2.41933
2.7673
2.483
2.45781
2.46358
2.42002
2.25887
2.05139
2.02368
2.06067
2.00422
2.03162
1.85156
1.86635
1.98475
1.81844
1.99302
1.96892
1.52031
1.73862
1.37304
1.46868
1.27298
0.86801
0.956925
1.22837
0.949433
1.12515
0.693953
0.826066
0.550884
0.571773
0.965171
0.549976
0.488412
0.584478
0.446798
0.499186
0.138896
-0.151847
0.152443
0.0987435
-0.0700816
0.384716
0.132438
-0.094985
0.081214
-0.0313182
-0.131802
0.124176
-0.132747
-0.125518
-0.0859316
-0.299104
-0.00351643
-0.061079
-0.0992481
-0.0372386
-0.124676
-0.0424518
-0.283363
-0.106325
-0.0884719
-0.260484
-0.0598851
0.127768
0.142846
-0.0341899
-0.0281642
0.121721
0.026089
0.0126255
-0.270682
-0.578566
-0.236683
-0.356053
-0.156835
-0.0530553
-0.029467
0.176954
-0.344347
-0.434926
-0.204222
-0.291537
-0.347075
-0.184056
-0.114665
-0.0972853
-0.303529
-0.160848
-0.474098
-0.421343
-0.44191
-0.276652
-0.0548688
-0.110815
0.0103998
-0.206297
-0.50464
-0.528308
-0.340051
-0.011964
-0.0456262
-0.241855
-0.0783827
-0.228465
-0.351834
-0.340967
-0.300346
-0.255201
-0.122107
-0.15419
-0.349227
-0.287099
-0.346277
-0.279203
-0.228678
-0.189911
-0.20768
-0.122536
-0.0602016
-0.288934
-0.316199
-0.0287302
-0.0484831
-0.197752
-0.231118
-0.303036
-0.139257
-0.333822
0.226502
0.186596
-0.0999663
-0.326421
-0.32342
-0.455197
-0.333563
-0.547003
0.221958
-0.140662
-0.262174
-0.596189
-0.596112
-0.498101
-0.0865056
0.0627474
0.0530184
-0.237792
-0.356307
-0.516674
-0.451033
-0.125544
0.0816486
0.119703
-0.557595
-0.307492
-0.366691
-0.291553
-0.281383
-0.021043
-0.119806
-0.491666
-0.429084
-0.248642
-0.170343
-0.363867
-0.413068
-0.256914
-0.63146
-0.189717
-0.0521361
-0.365739
-0.652012
-0.598626
-0.339197
-0.622771
-0.16569
-0.0863085
-0.6718
-0.509269
-0.365141
-0.582851
-0.51396
-0.242813
-0.354823
-0.571532
-0.574666
-0.775415
-0.422356
-0.274825
-0.495595
-0.669499
-0.701317
-0.484577
-0.854671
-0.470727
-0.161206
-0.0567892
-0.353283
-0.386407
-0.293264
-0.503355
-0.314851
0.0904282
-0.0979518
-0.110781
-0.397022
-0.10479
-0.515492
-0.303105
-0.42876
-0.10489
-0.0508598
0.212296
-0.209171
-0.507509
-0.451486
-0.77957
-0.0994294
-0.429497
-0.243833
-0.148381
-0.441858
-0.231514
-0.694493
-0.469699
-0.332227
-0.471258
-0.47623
-0.457186
-0.313811
-0.397903
-0.44486
-0.609133
-0.371012
-0.241372
-0.32837
-0.185432
-0.164391
-0.330262
-0.340747
-0.574736
-0.706504
-0.563776
-0.334658
-0.232798
-0.274234
-0.15417
-0.122777
-0.349475
-0.724352
-0.435596
-0.459577
-0.469038
-0.0547347
-0.29016
-0.135404
-0.302189
-0.572037
-0.707194
-0.51284
-0.452974
-0.278218
-0.242504
-0.287436
-0.48814
-0.1536
-0.260359
-0.601192
-0.916447
-0.557868
-0.682533
-0.569434
-0.281657
-0.526285
-1.02831
-0.40868
-0.146303
-0.323982
-0.639489
-0.312556
0.0348199
-0.595054
-0.663289
-0.601884
-0.410591
-0.466286
-0.592847
-0.397685
-0.1515
-0.515311
-0.773295
-0.579977
0.0479007
-0.672967
-0.788381
-0.42921
0.0111569
-0.298546
-0.794767
-0.365037
0.416311
-0.402437
-0.87084
0.125364
-0.0864571
-1.0134
0.497346
0.0331237
-1.06507
-0.69645
-0.429544
-0.835009
-0.66511
0.01012
-1.12346
-0.460171
0.0884073
-0.383745
-0.0743646
0.128798
-0.473318
-0.113399
-0.204609
-0.72743
-0.739704
-0.476717
-0.268647
-0.471112
-0.334101
-0.432677
-0.183415
-0.451349
-0.740558
-0.682129
-0.198672
-0.820189
-0.706594
0.0956703
-1.07539
-0.995917
0.311735
-1.03401
-0.318054
0.131941
-0.131268
-0.590306
0.1843
0.161938
-1.52973
0.100486
0.488533
-0.714272
-1.67141
-0.542739
-0.260792
-1.12017
-0.846156
-0.0578917
-0.545605
-1.22991
-1.00876
0.464357
-1.04586
-1.56469
-0.141066
0.639328
-1.22342
-0.639878
0.195323
-0.030798
-0.944921
-0.508308
-0.370653
-0.206429
-0.33648
-0.486951
-0.52017
-0.0533409
-0.512613
-0.604512
-0.289843
-0.142922
-0.429599
-0.296117
-0.383059
-0.399154
-0.652891
-0.506369
-0.327846
-0.385929
-0.66428
-0.623045
-0.664742
-0.459395
-0.267831
-0.227352
-0.382311
-0.78335
-0.44366
-0.759042
-0.488062
-0.317701
-0.146906
-0.99532
-0.61559
-0.704731
-0.501489
-0.642495
-0.198973
-0.119517
-0.217977
-0.551243
-0.651756
-0.517236
-0.634245
-0.242524
-0.18549
-0.624568
-0.26937
-0.408888
-0.365403
-0.617073
-0.404118
-0.680157
-0.591374
-0.445269
-0.440186
-0.472924
-0.665099
-0.391673
-0.395073
-0.590132
-0.782211
-0.147111
-0.684563
-0.653427
-0.731256
-0.85929
-0.519694
-0.415964
-0.453613
-0.546032
-0.414402
-0.545283
-0.421247
-0.44195
-0.437642
-0.144552
-0.518034
-0.400883
-0.393121
-0.993247
-0.882033
-0.90368
-0.611014
-0.994857
-0.389943
-0.605512
-0.51572
-0.334693
-0.4967
-0.546245
-0.81596
-0.598568
-0.515516
-0.648498
-0.713359
-0.478774
-0.797646
-0.394659
-0.167018
-0.347074
-0.843329
-0.885295
-0.79721
-0.584123
-0.496009
-0.616952
-0.474701
0.0336471
-0.36118
-0.390441
-0.747457
-0.917723
-0.495609
-0.594789
-0.256982
-0.382152
-0.600404
-0.328563
-0.644295
-0.79488
-0.159709
-0.599963
-0.34577
0.0791172
-0.353524
-0.283442
-0.302704
-0.322461
-0.576546
-0.44409
-0.539945
-0.40246
-0.106529
-0.130156
-0.475243
-0.162741
-0.219967
-0.39563
-0.0558754
-0.495022
-0.0652774
-0.358215
-0.397018
-0.03585
-0.135234
-0.154889
0.0425138
-0.236696
-0.509705
-0.449678
-0.548727
-0.185687
-0.586491
-0.16391
-0.315388
-0.502902
-0.328115
-0.239169
0.0396282
-0.099432
-0.0104339
-0.244052
-0.303088
-0.129501
-0.0235626
-0.374036
-0.306795
-0.360066
-0.48086
-0.227691
-0.293318
-0.65955
-0.455924
-0.519213
-0.311393
-0.301097
-0.371091
-0.135358
-0.512732
-0.52862
-0.532335
-0.476037
-0.170967
-0.0691297
-0.223692
-0.186859
0.00787041
-0.30243
0.128932
-0.321651
-0.337426
-0.231966
-0.205364
-0.341744
-0.579051
-0.718977
-0.461678
-0.618912
-0.164424
-0.500921
-0.363127
-0.460804
-0.431105
-0.459594
-0.076924
-0.449564
-0.541882
-0.211385
-0.775272
-0.188854
-0.654389
-0.687985
-0.591866
-0.579295
-0.602147
-0.485033
-0.686539
-0.182227
-0.391298
-0.420172
-0.413994
-0.450091
-0.293317
-0.528051
-0.378309
-0.365306
-0.184574
-0.236126
-0.273845
-0.514901
-0.620069
-0.492868
-0.552992
-0.536157
-0.308795
-0.241213
-0.281179
-0.359321
-0.674954
-0.432088
-0.535994
-0.697596
-0.291633
-0.411378
-0.544885
-0.523803
-0.709645
-0.506749
-0.524171
-0.702257
-0.442446
-0.768293
-0.681239
-0.471735
-0.728289
-0.560492
-0.745054
-0.401402
-0.572359
-0.73124
-0.380791
-0.583609
-0.385544
-0.563577
-0.407917
-0.476402
-0.370922
-0.678363
-0.432162
-0.654147
-0.542496
-0.408272
-0.364585
-0.5193
-0.311667
-0.380316
-0.503608
-0.420996
-0.209554
-0.335602
-0.250102
-0.318519
-0.214649
-0.478818
-0.592629
-0.506413
-0.481627
-0.583487
-0.440657
-0.572879
-0.385969
-0.369538
-0.253811
-0.345354
-0.376501
-0.228993
-0.439925
-0.320584
-0.128563
-0.633073
-0.449979
-0.371735
-0.500353
0.0496669
-0.593961
-0.457771
-0.432131
-0.469201
-0.559454
-0.282792
-0.591992
-0.902393
-0.518132
-0.15429
-0.431542
-0.298372
-0.692209
-0.549544
-0.311242
-0.707165
-0.687993
-0.278496
-0.355611
-0.400932
-0.524233
-0.4836
-0.377627
-0.46508
-0.517689
-0.493456
-0.530531
-0.37093
-0.50287
-0.402277
-0.307074
-0.432691
-0.234297
-0.503393
-0.155454
-0.573842
-0.416994
-0.146773
-0.408343
-0.344086
-0.247229
-0.436975
-0.142287
-0.633557
-0.425689
-0.467092
-0.354245
-0.338877
-0.758026
-0.437681
-0.398315
-0.474989
-0.243193
-0.34737
-0.501897
-0.355647
-0.462921
-0.318002
-0.530525
-0.631284
-0.679042
-0.577301
-0.400989
-0.362056
-0.387717
-0.591729
-0.473109
-0.472113
-0.334688
-0.257743
-0.190618
-0.269279
-0.475823
-0.163507
-0.487198
-0.345188
-0.434196
-0.215569
-0.30479
-0.4052
-0.38965
-0.334057
-0.322919
-0.261643
-0.49463
-0.415364
-0.183534
-0.178245
-0.242819
-0.230466
-0.293301
-0.258855
-0.253789
-0.302524
-0.101542
-0.277588
-0.385897
-0.389353
-0.473472
-0.237605
-0.225463
-0.422948
-0.454914
-0.34634
-0.362456
-0.253184
-0.138602
-0.376959
-0.378056
-0.0289665
-0.29477
-0.463552
-0.446502
-0.237846
-0.248968
-0.270519
-0.452228
-0.390779
-0.375056
-0.254793
-0.435687
-0.24302
-0.175891
-0.230989
-0.228279
-0.128734
-0.406197
-0.331523
-0.125851
0.0109586
-0.190856
-0.199915
-0.37471
-0.517198
-0.301201
-0.540624
-0.173258
-0.552088
-0.52209
-0.313804
-0.202349
-0.290278
-0.0978494
-0.358828
-0.334176
-0.32682
-0.273241
-0.381618
-0.330523
-0.478971
-0.314486
-0.524125
-0.596107
-0.114738
-0.216808
-0.435157
-0.457259
-0.17133
-0.496828
-0.249323
-0.103424
-0.280968
-0.365266
-0.128825
-0.558492
-0.340292
-0.348001
-0.42944
-0.329218
-0.484554
-0.254366
-0.0416749
-0.367109
-0.565808
-0.124456
-0.331565
-0.216086
-0.535051
-0.434805
-0.1849
-0.374103
-0.242339
-0.347238
-0.364336
-0.3922
-0.359524
-0.463866
-0.514488
-0.147194
-0.358075
-0.538479
-0.354846
-0.305342
-0.462133
-0.293996
-0.280386
-0.195142
-0.442598
-0.553469
-0.20015
-0.457149
-0.372282
-0.245633
-0.723023
-0.199104
-0.468817
-0.485622
-0.438608
-0.443431
-0.345685
-0.367533
-0.396506
-0.29885
-0.489574
-0.160592
-0.431613
-0.403163
-0.211887
-0.471758
-0.163536
-0.265363
-0.614953
-0.21452
-0.250543
-0.516037
-0.565607
-0.543871
-0.481106
-0.491702
-0.414395
-0.402694
-0.328899
-0.132579
-0.558765
-0.335139
-0.197185
-0.374312
-0.380141
-0.33669
-0.135277
-0.450203
-0.364034
-0.494858
-0.307816
-0.333767
-0.338954
-0.27186
-0.250596
-0.0377505
-0.589289
-0.21372
-0.524459
-0.450829
-0.485194
-0.422554
-0.319551
-0.122789
-0.191271
-0.117852
-0.411244
-0.239509
-0.46712
-0.311626
-0.330043
-0.234567
-0.429689
-0.340609
-0.526206
-0.358445
-0.300669
-0.461696
-0.196598
-0.411032
-0.266005
-0.442192
-0.298224
-0.534882
-0.454174
-0.477175
-0.375809
-0.380603
-0.573753
-0.548315
-0.475532
-0.530443
-0.440972
-0.633388
-0.75568
-0.454814
-0.55517
-0.578742
-0.687214
-0.603957
-0.474575
-0.225031
-0.296158
-0.415565
-0.709242
-0.499723
-0.569314
-0.399713
-0.754304
-0.415714
-0.0879209
-0.275116
-0.657045
-0.551042
-0.422421
-0.182031
-0.288518
-0.142796
-0.528813
-0.173794
-0.391166
-0.359243
-0.411483
-0.292339
-0.380821
-0.117694
-0.360191
-0.319196
-0.218529
-0.302354
-0.570316
-0.427577
-0.369914
-0.448111
-0.473414
-0.317068
-0.503506
-0.0115123
-0.202045
-0.220972
-0.493209
-0.463852
-0.304928
-0.348194
-0.431979
-0.345129
-0.340945
-0.23133
-0.279107
-0.370736
-0.436158
-0.365057
-0.198026
-0.358304
-0.341289
-0.197956
-0.470258
-0.32751
-0.592029
-0.406419
-0.27881
-0.272393
-0.53485
-0.338436
-0.625327
-0.232863
-0.218295
-0.605066
-0.362656
-0.0603782
-0.140321
-0.196567
-0.322711
-0.365217
-0.39515
-0.2147
-0.38455
-0.478191
-0.222712
-0.123329
-0.369546
-0.121413
-0.2784
-0.297156
-0.112658
-0.576116
-0.291889
-0.417474
-0.344538
-0.426997
-0.174914
-0.355068
-0.357762
-0.43009
-0.723535
-0.592594
-0.3725
-0.427365
-0.0999725
0.000476903
-0.488626
-0.240455
-0.42917
-0.323715
-0.332563
-0.201462
-0.57974
-0.411719
-0.215766
-0.631313
-0.530121
-0.717052
-0.202513
-0.549555
-0.611603
-0.416211
-0.638492
-0.854371
-0.489284
-0.561242
-0.296922
-0.292268
-0.156192
-0.279277
-0.600894
-0.370508
-0.405076
-0.424013
-0.583926
-0.523193
-0.319849
-0.656156
-0.27258
-0.522994
-0.218865
-0.424864
-0.420442
-0.676439
-0.220443
-0.270916
-0.205214
-0.577564
-0.245647
-0.457917
-0.284542
-0.334821
-0.396439
-0.439207
-0.531035
-0.379361
-0.401752
-0.500472
-0.522068
-0.251229
-0.22656
-0.414997
-0.440618
-0.27999
-0.330634
-0.209928
-0.450123
-0.388278
-0.321359
-0.40715
-0.311257
-0.0506966
-0.188678
-0.242002
-0.224723
-0.237439
-0.154187
-0.355775
-0.311945
-0.455645
-0.375406
-0.378628
0.057271
-0.249706
-0.505163
-0.28216
-0.672188
-0.35371
-0.543979
-0.308701
-0.388609
-0.275909
-0.634235
-0.450336
-0.206528
-0.521923
-0.414151
-0.428548
-0.364496
-0.808483
-0.1167
-0.263745
-0.449958
-0.359616
-0.465492
-0.364629
-0.565055
-0.379424
-0.181295
-0.348067
-0.49862
-0.392029
-0.640963
-0.459084
-0.346528
-0.452325
-0.653608
-0.385012
-0.336173
-0.405389
-0.0286262
-0.459761
-0.151397
-0.390458
-0.41464
-0.614523
-0.680616
-0.355532
-0.470811
-0.440629
-0.297492
-0.302925
-0.394179
-0.517483
-0.342518
-0.369003
-0.615171
-0.462505
-0.356541
-0.557817
-0.284027
-0.272751
-0.42845
-0.465012
-0.492609
-0.401335
-0.253541
-0.695289
-0.550359
-0.436323
-0.390599
-0.12203
-0.258676
-0.48542
-0.208031
-0.325362
-0.420888
-0.372137
-0.409025
-0.148366
-0.482578
-0.203457
-0.70894
-0.478244
-0.268392
-0.599417
-0.387712
-0.255323
-0.417122
-0.460146
-0.718672
-0.326794
-0.408935
-0.174059
-0.455058
-0.408148
-0.400562
-0.242555
-0.599364
-0.507958
-0.17519
-0.54534
-0.431071
-0.603041
-0.388077
-0.400073
-0.230744
-0.476162
-0.680917
-0.63677
-0.406731
-0.404546
-0.465502
-0.531592
-0.305016
-0.438642
-0.409988
-0.511653
-0.507374
-0.51071
-0.232139
-0.854696
-0.557907
-0.262959
-0.587938
-0.568511
-0.552175
-0.416267
-0.534908
-0.237986
-0.756679
-0.33017
-0.192735
-0.50066
-0.778398
-0.574064
-0.660684
-0.36467
-0.342214
-0.282688
-0.368183
-0.312697
-0.30361
-0.459137
-0.219526
-0.530999
-0.323562
-0.624064
-0.414752
-0.254913
-0.28888
-0.527725
-0.237289
-0.263618
-0.443546
-0.400326
-0.2578
-0.509579
-0.27033
-0.405058
-0.275674
-0.335487
-0.468969
-0.307868
-0.341093
-0.427931
-0.509421
-0.583871
-0.589902
-0.333164
-0.771097
-0.358908
-0.433129
-0.444879
-0.334916
-0.184645
-0.325436
-0.491748
-0.381249
-0.514402
-0.578724
-0.38092
-0.581886
-0.239996
-0.497361
0.113989
-0.490405
-0.541728
-0.787838
-0.260002
-0.379287
-0.430341
-0.369032
-0.306205
