0.127827
0.124235
0.367036
-0.0429602
0.0378914
0.370094
0.0990797
0.355469
0.194097
0.0547113
0.326265
0.23841
0.373526
0.147203
0.311489
0.230274
0.0880003
0.445763
0.0812795
0.418589
0.395619
0.134559
-0.144115
0.164894
0.213645
0.237557
0.214995
0.436037
0.220387
0.344684
0.296095
0.256524
0.146431
0.078722
0.485644
0.261603
0.0917367
-0.139215
0.22514
0.14475
0.186972
0.144222
0.108212
0.0759403
0.29928
0.123945
-0.0250112
-0.0628603
0.028435
0.185913
0.175466
0.0425544
0.228962
0.341334
0.240454
0.299175
0.0163533
-0.0656986
-0.0082717
0.193776
0.0483439
0.114173
0.00532357
-0.135566
0.319526
0.372261
-0.204962
0.105665
0.266788
0.0637402
0.0261514
0.0930326
0.279568
0.225524
0.231573
0.113425
0.238916
0.0812293
-0.0492233
0.0755981
0.119363
0.309062
0.155577
-0.0767411
0.156722
-0.0337824
0.164105
-0.0126179
-0.135768
-0.0369186
0.102133
0.111502
0.141457
0.0827236
-0.086733
0.0217064
0.110899
-0.0234241
0.0134273
0.345493
0.145051
0.062554
0.00249379
-0.00216257
-0.0862809
0.123027
-0.129842
0.100085
0.0788364
0.168343
0.20615
0.0908657
0.163259
-0.099401
0.270314
0.334909
0.103804
-0.158472
-0.029492
0.39956
0.0734494
0.191337
0.0083764
0.170172
0.123647
0.193213
0.318081
-0.0731559
0.261507
-0.0593683
0.272379
-0.194166
0.154048
0.0317172
0.210418
0.162242
-0.0518081
0.207668
-0.0212941
0.167886
0.27438
0.0109014
0.135765
0.060734
0.352865
0.144269
0.10616
0.17717
-0.0141594
-0.173658
0.167978
0.11044
0.275358
0.339876
0.314482
0.00164083
-0.169937
0.233091
0.106919
0.0399597
0.120601
0.226786
0.304983
-0.18973
-0.100397
0.31236
0.0709574
0.175084
0.0736784
0.201615
0.217514
0.250516
0.0654416
-0.0668565
0.356899
-0.0823934
-0.00709268
0.298789
0.131459
0.3234
-0.0086385
0.330457
0.144174
0.0685369
0.0102778
-0.250177
0.000301535
0.0485491
0.151415
0.280996
0.0447974
-0.0369762
0.0633511
0.140012
0.168429
0.206772
0.040305
0.26616
0.0470139
0.0220865
-0.0415095
0.15923
0.0514295
0.292494
0.0792789
0.256168
0.10861
0.269434
0.166991
0.481729
0.0742604
-0.0562408
-0.00816706
0.188176
0.34248
-0.0588194
0.134477
0.372858
0.0736254
0.139971
0.110949
0.18014
-0.0971655
-0.000439316
0.0326208
0.174324
0.387361
-0.0509087
0.190934
-0.0721884
0.0725052
0.136287
0.09413
0.236145
0.258181
0.224634
-0.0646436
0.181734
0.379082
-0.080415
0.282814
0.341455
0.136248
0.307755
0.310175
0.199274
-0.048566
0.210053
0.0945217
0.16594
0.210466
0.213561
0.107612
0.273109
0.2957
0.00343249
0.134643
0.388871
-0.111194
-0.0479865
0.167786
0.165979
0.46558
-0.0230707
0.269037
0.207891
0.0488443
0.0946948
0.052623
0.452839
-0.0740788
0.383251
0.224718
0.182734
0.247836
0.0485391
0.0737295
0.0552063
0.274495
0.171651
0.215823
0.298498
0.108684
0.324688
0.283193
0.0196016
-0.0903582
0.089825
0.128942
0.18437
0.237299
0.126721
0.299586
0.381941
0.086721
0.13712
0.143589
0.255368
0.100379
0.0876719
0.25942
0.259326
0.372815
0.101347
0.12269
0.319467
0.203181
0.275184
0.279697
0.143416
0.116985
0.357077
0.119525
0.311169
0.0322491
0.21211
0.154255
0.34925
0.336111
0.198456
-0.118426
0.106974
0.301033
0.527526
0.513007
0.283713
0.207499
-0.0541704
0.201636
0.23775
0.223726
-0.157297
0.25049
-0.150451
0.286294
0.437639
0.0781467
0.433727
-0.0472499
0.00507905
0.0370147
-0.0117575
0.111948
0.0499067
0.309488
0.162594
0.0181107
0.102107
-0.010608
0.211124
0.0165097
0.0404257
0.192592
0.0438035
-0.194447
0.0239254
0.2794
0.0482969
-0.0202231
0.305434
0.0820053
0.112221
-0.0535944
0.31973
0.00287231
0.288689
0.356312
0.10676
0.104735
0.155943
-0.176251
0.172314
0.0533212
0.334817
-0.120279
0.432575
0.571578
0.0766447
0.414976
-0.0679592
0.125094
0.11754
0.462111
0.175566
0.336568
0.247914
0.167788
0.177626
0.069449
0.148734
0.234594
0.328552
-0.0257508
0.14657
0.152247
0.187866
0.373068
0.187012
0.192899
0.543458
0.27902
0.0481434
0.250443
0.0227417
0.21307
0.144401
0.0142516
0.140341
0.0254716
0.3762
0.229708
0.064982
0.0722711
-0.0418589
0.0721148
0.0811995
0.207895
0.464473
0.030702
-0.117423
0.132462
0.164278
0.268226
0.454022
0.230741
0.176954
0.421038
-0.0227467
0.241251
0.0973821
-0.0323482
0.086396
0.151805
-0.0208418
0.387315
0.6112
0.16228
0.184593
-0.0933158
0.0891827
0.304479
-0.00757775
0.252252
0.0228984
-0.0671214
-0.00825759
0.106623
0.185166
0.124938
0.171111
0.318442
0.209528
0.123981
0.0508799
0.280263
0.194396
-0.0228598
0.0789736
-0.0406368
-0.039567
0.0135203
0.289002
0.158133
0.157465
-0.0426891
0.163411
0.296917
0.0383885
0.239539
0.143904
0.339666
0.227278
0.143384
0.419737
0.0810642
0.282451
0.0164265
0.264938
0.222345
0.335656
0.0416888
0.182707
0.080063
0.1528
0.250135
0.127276
-0.0697302
0.129246
-0.0914404
0.172886
-0.0516522
0.123821
0.107262
0.197454
0.166984
-0.0604048
0.152383
0.320652
-0.0425368
0.109664
0.27973
-0.0437435
0.140334
0.0435001
0.0369931
0.194161
-0.0172733
0.187604
0.0137175
0.212311
0.211267
0.35029
-0.187347
0.157413
-0.0327291
0.0552443
0.159259
0.266277
0.292603
0.391186
0.0510037
0.120877
-0.101792
0.0277828
0.259825
0.34165
0.239713
0.196516
0.144429
0.397189
0.381782
0.0454223
0.167389
0.0253261
0.0368862
0.0917192
-0.0175961
0.00129536
0.240594
0.0860868
0.0207386
-0.101134
0.233921
0.208569
-0.0104172
-0.135151
-0.132297
0.188975
0.279142
0.273669
0.0651641
0.240947
0.391829
0.110437
0.270635
0.137962
0.232957
0.375376
0.139494
-0.0280485
0.00990648
0.178874
0.234754
0.318768
-0.019466
0.278557
-0.0750233
0.0422549
0.13689
0.237147
0.161036
0.152653
-0.045959
0.412901
0.104501
0.34596
0.355469
0.331249
-0.085797
0.580246
-0.060757
0.113095
-0.165646
-0.233978
-0.180179
0.131014
0.093568
0.11673
0.249228
-0.236939
0.077274
0.384927
-0.11708
0.284268
0.31883
0.230102
0.086778
0.131568
0.221627
-0.152476
0.159912
0.315729
0.0731587
0.120121
0.281443
0.26691
0.147241
0.0677226
-0.198512
0.184709
0.0423818
0.371193
0.155165
0.214762
-0.0956212
-0.130121
-0.0511234
-0.0148216
0.229981
0.0932531
-0.212178
0.0255871
0.356342
0.17747
0.0662501
0.321287
0.383883
0.103082
0.144028
0.0784666
0.378758
0.110976
0.0669645
0.194018
0.174225
0.0789726
0.181009
-0.0995846
0.0891987
-0.146639
-0.128462
0.269154
0.143579
0.126415
0.13421
0.241212
0.0747141
0.0349098
0.0222837
0.1432
0.0212224
-0.0318888
-0.00581862
0.110139
0.210691
0.0814046
0.127749
0.0996832
0.213692
0.25666
-0.0329089
0.439155
0.389974
0.0723912
0.267185
0.163134
-0.026854
0.0530348
0.204401
0.40044
0.126599
0.33863
0.286201
0.173241
0.105234
0.2225
0.0590736
0.331918
0.361807
0.254125
0.255584
0.134322
0.0674256
0.147828
0.46415
0.387568
0.0360051
0.0643162
0.523664
-0.192507
0.248685
0.0155722
-0.0560909
0.159033
0.123456
0.309664
0.280238
0.270018
0.201192
0.0995091
0.139642
0.170233
0.294553
0.397155
0.312565
0.329416
0.0712332
0.250083
0.206901
-0.043493
0.0237055
0.184265
0.055281
0.115835
0.314475
-0.190863
0.189815
0.276605
0.255807
0.0298546
0.0832012
0.273133
0.204961
0.26525
-0.0599921
0.268813
0.0389911
0.181884
0.177645
0.18987
0.276697
0.189697
0.200979
0.155822
0.415626
0.383491
-0.0812835
0.156211
0.0114479
0.0910927
-0.186512
0.0820714
0.0805362
0.304378
0.249791
0.411706
0.207151
-0.0798994
0.144855
0.427935
0.455047
0.0329581
0.118729
0.127003
-0.0742524
0.182361
0.149758
-0.141133
0.077223
-0.031103
0.154031
0.0686139
0.124779
0.260278
-0.050976
0.238385
0.238799
0.137412
0.366157
0.216032
0.229185
0.0655532
-0.0204224
0.296137
-0.0124405
0.117035
0.244828
0.174277
0.259635
0.0890727
0.183618
0.14031
0.17992
0.203375
0.321749
-0.0767121
-0.0529029
-0.0888916
0.128976
0.197632
0.0177173
0.0938522
0.192104
0.0345965
-0.0103033
0.185915
-0.0954116
0.204975
0.00960862
0.232218
0.0634765
0.129491
0.0826268
0.0753599
0.438856
0.424598
0.103128
-0.0626519
0.145285
-0.155312
-0.0369753
0.147004
-0.0106812
0.0537788
-0.110956
0.211103
-0.083033
0.0016651
-0.00774674
0.00534369
-0.0712313
0.246573
0.0749563
0.478522
0.160519
0.101944
0.166412
-0.012239
0.0164225
-0.116521
0.15074
0.0930096
0.237496
0.138989
0.0797528
0.0490218
-0.133011
-0.103357
-0.199711
0.229598
0.0516321
0.415184
0.0455161
0.339472
-0.0518569
0.199935
0.0922024
-0.112721
-0.160878
0.251324
0.00908537
0.10183
0.259481
0.178943
-0.0217846
-0.0452726
-0.219445
0.134138
0.0387256
0.319395
-0.0976423
-0.201169
0.40608
0.118649
0.066501
0.118887
-0.0603107
-0.0562082
0.0686841
-0.102247
0.177039
0.133284
0.196336
0.190227
0.0479009
0.114562
-0.0430178
0.00306485
0.104117
-0.0190961
-0.0157693
-0.272754
0.0418365
-0.0216
0.231764
0.063677
-0.0494866
0.297473
0.0485063
0.23359
0.22359
0.226207
0.296109
0.129742
0.149794
0.135695
-0.0557534
0.0039271
0.226514
0.18762
0.265769
-0.226744
-0.121835
0.0144502
0.446914
0.246104
0.580869
0.0478303
0.059847
0.207508
0.334931
0.305133
0.33516
0.230535
0.422449
0.0177178
0.314043
0.36368
0.0261635
0.410117
0.0676066
0.143895
-0.0287403
0.490375
0.249139
0.24174
0.333429
0.436531
0.290716
0.259787
0.403559
0.340932
0.242515
0.107846
0.353939
0.032373
0.293258
0.286068
-0.201334
0.232954
-0.018266
0.159722
0.189614
0.066948
0.418509
0.314242
0.0785145
0.238257
0.451212
0.147004
0.200348
0.254319
-0.0207801
0.198202
0.218995
0.453644
0.134156
0.0606076
0.0202505
0.329538
0.365959
0.0705291
0.218233
0.418426
0.126697
0.205698
0.143517
0.415523
0.197659
0.115529
0.0504796
-0.0498574
0.172078
0.123929
0.191107
0.120816
0.106626
0.313867
0.249811
0.168487
0.17196
0.0256544
0.370737
-0.067476
0.290648
0.244333
-0.0132819
0.0846568
-0.0762047
0.322762
0.0623874
0.0802636
0.154602
0.307005
0.384182
0.430075
0.297396
0.355489
0.169431
-0.0411167
0.0388236
0.397058
0.10848
0.493635
0.140523
0.146936
0.383177
0.0142413
0.437303
0.249414
0.241558
0.150029
0.41588
0.288701
0.366928
0.124031
0.159227
0.31355
0.158005
0.406476
-0.156625
0.244414
0.310031
0.389444
0.309576
0.422408
0.156198
0.178886
0.303329
0.309965
0.102805
-0.0619732
0.281851
0.233945
0.254023
0.295497
0.0964844
0.32229
0.522192
0.267062
0.388687
0.38626
0.175538
0.0329484
0.0735565
0.1145
0.0466769
0.326092
0.309979
0.04704
0.190692
0.278206
0.187673
0.426639
0.00942262
0.090701
0.0456922
0.28054
0.0503707
0.232244
0.130032
0.108259
0.591883
0.261578
0.196817
0.0488399
0.175932
0.324463
0.122697
0.291888
0.418704
0.215369
0.20566
0.256685
0.288259
0.566951
0.269243
0.512789
0.195801
0.49716
0.0903247
0.270501
0.114829
0.32197
0.334413
0.0111863
0.139414
0.598384
0.0897333
0.28923
0.124986
0.26496
0.255068
0.143215
-0.0745145
0.199378
0.0563366
0.273122
0.131656
0.153939
0.230921
0.182718
0.292498
0.319561
0.287683
0.240703
0.167055
0.225872
-0.116577
0.504736
0.136376
0.344915
0.289315
0.451658
0.117295
0.33288
0.303868
0.262252
0.287115
0.151235
0.00530365
0.538975
0.319135
0.390065
0.263953
0.562374
0.162566
0.207948
0.00863791
0.381124
0.130066
0.19333
0.248454
0.321403
0.318081
0.14475
0.330948
0.103086
0.35986
0.0690367
0.273429
0.206988
-0.0879722
0.103174
0.2574
0.279381
0.279986
0.255082
0.00769302
0.129896
0.293472
0.415175
0.113651
0.350289
0.320711
0.20239
0.0671553
0.414601
0.0659715
0.192288
0.0330113
0.262826
0.152559
0.308163
0.229783
0.0896221
0.47258
0.409564
0.158741
0.371404
0.172872
0.0764294
0.0857608
0.329925
0.195285
0.121027
0.171898
0.209088
0.121886
0.461644
0.0468749
0.223564
0.298576
0.443131
0.183679
0.278881
0.206641
0.257754
0.489253
0.363115
0.0776506
0.517197
0.135061
0.647231
0.00898927
0.353692
0.449169
0.347632
0.217901
0.11801
0.344688
0.0405183
0.29265
0.117438
0.340018
0.250807
-0.0416328
0.236738
0.439021
0.231842
0.0768888
0.282832
-0.183798
0.39791
0.16161
0.551192
0.431807
0.208457
0.221977
0.195827
0.134725
0.173466
0.0755744
0.0191492
0.273482
-0.0138467
0.221835
0.25331
-0.030144
0.049334
-0.148256
0.167546
-0.0373358
0.406535
-0.17876
0.172144
0.193945
0.0732389
0.1061
0.324059
-0.0208362
0.231198
0.123917
0.091433
0.0671992
0.0932548
0.0463429
0.227498
0.471611
0.20832
0.430744
0.471105
0.206459
0.0247109
0.0997522
0.299652
0.126856
0.0579841
0.212308
0.18141
0.15266
0.0884476
0.0206292
0.693097
0.322935
0.35737
0.315471
0.306564
0.081265
0.0732953
0.141825
0.449088
0.147666
0.0958393
0.420534
0.129003
0.123172
0.463697
-0.0105559
0.192817
-0.0100811
0.11165
-0.109536
0.313317
0.297457
0.235759
-0.0141349
0.294418
0.16881
0.12307
0.435758
0.16584
0.368074
0.609505
0.4457
0.392988
0.294524
0.429003
0.404784
0.437499
0.447071
0.292068
0.183424
0.318657
0.364167
0.358257
0.447537
0.511281
0.0146491
0.187471
0.25226
0.475848
0.457367
0.0691107
0.463145
0.153516
0.273061
0.29445
0.404277
0.433382
0.231153
0.347939
0.243214
0.333225
0.301388
0.395303
0.335992
0.167794
0.327298
0.11924
0.362022
-0.110945
0.253729
0.359131
0.204032
0.520152
0.48524
0.447651
0.303733
0.366607
0.466449
0.324317
0.547878
0.0389396
0.390304
0.364309
0.333696
0.274881
0.68866
0.102246
0.358186
0.203502
0.231676
0.492896
0.351018
0.140697
-0.0316317
0.0336908
0.0326956
0.232428
0.162046
0.320646
0.264726
0.208088
0.172507
0.191104
0.14367
0.235103
0.253264
0.297403
0.294717
0.31366
0.263077
0.181224
0.404497
0.0549765
0.39782
0.184421
0.11114
0.272538
0.255001
0.34051
0.103241
0.4
0.198001
0.345236
0.0825928
0.352082
0.174412
0.493976
0.670669
0.243724
0.418843
0.26936
0.493331
0.253318
0.217124
0.256822
0.131226
0.236438
0.270542
0.365649
0.320029
0.191748
0.419716
0.279715
0.189602
0.138017
0.210145
-0.143492
0.275999
0.0820796
0.28036
0.141756
0.322503
-0.0508196
0.346783
0.0927802
0.245335
0.111142
0.169602
0.140881
0.526975
0.143668
0.215735
0.356349
0.305811
-0.100187
0.23808
0.0702399
0.311462
0.133192
0.313633
0.187514
0.342864
0.361504
0.120257
-0.0345343
0.124216
0.225842
0.179819
0.17013
0.286478
0.337289
0.315845
0.215564
0.327913
0.282872
0.317421
0.311153
0.162214
-0.0346305
0.195502
0.250055
0.206683
0.4887
0.217763
0.447983
0.140557
0.348938
0.206912
0.0835483
0.381246
0.245443
0.324768
0.15271
0.0303028
0.205602
0.284339
0.269456
0.221616
0.211924
0.112467
0.287553
0.0868282
-0.0030202
0.320716
0.25593
0.512614
0.311126
0.0622629
0.372085
0.162075
0.0724032
0.133477
0.302176
0.180659
0.108135
0.168946
0.222654
0.175064
0.381273
0.172358
-0.0346502
0.0634247
-0.0133433
0.0478224
-0.196433
0.233719
0.409516
0.273544
0.383463
0.159079
0.184445
0.328331
0.29328
0.341847
0.41012
0.191631
-0.0155532
0.152768
0.293907
0.389871
0.414918
0.114031
0.431082
-0.0560152
0.28235
0.101755
0.28306
0.28309
0.761593
0.0822939
-0.282991
0.47018
0.830535
-0.264818
-0.298439
0.15332
0.610119
0.470922
-0.315756
0.4899
0.744898
-0.170073
0.319403
0.710537
0.162578
-0.778426
0.646655
0.397195
-0.263634
0.274605
-0.226528
0.116852
0.150884
-0.0501177
0.419996
0.664702
0.177654
-0.0614107
0.0818816
0.504273
0.0520053
-0.527046
0.468029
0.376785
-0.0537486
-0.254114
-0.213444
0.455145
0.029451
-0.442375
0.614152
0.434821
-0.349141
-0.692018
0.545298
-0.267027
-0.214223
0.588002
-0.22362
-0.54669
0.526165
0.81787
-0.461919
0.0440164
0.744672
0.399851
0.0275417
0.279987
0.203213
-0.17332
0.146778
-0.149373
-0.0305392
0.0814174
0.143473
0.12709
0.132397
0.654369
0.284488
-0.519021
0.579744
0.379395
-0.14318
-0.00263538
-0.0564906
0.162017
-0.473517
-0.279725
0.14178
0.0490694
-0.197823
0.153933
0.76438
-0.289554
-0.10414
0.0952032
0.185524
0.152576
0.332306
0.630062
-0.171601
-0.650365
0.837719
0.168181
-0.400181
-0.0777821
0.950972
-0.456849
-0.521716
0.619593
0.4097
-0.0784031
0.305228
0.374819
0.858508
0.00138255
0.0502033
0.746452
-0.126517
0.583957
0.497093
0.236564
0.534756
0.773239
-0.0593836
0.499539
0.478301
-0.251276
0.151362
0.475203
0.0296025
-0.101083
0.365918
0.372865
-0.110388
-0.535159
0.465351
0.224733
0.0454253
0.382541
0.0865903
0.700104
0.257474
0.0950345
1.18365
0.230557
-0.241999
0.13399
0.690479
-0.445558
0.19059
0.608922
0.0238879
-0.301717
0.365817
1.03832
-0.592672
-0.23176
0.656214
-0.255389
0.932625
0.843062
0.442303
-0.0666408
1.11034
-0.0024877
-0.155258
0.242654
0.35856
-0.395555
0.14369
0.758871
0.351855
-0.580566
0.911921
0.145992
0.381275
0.753647
0.723782
0.129649
-0.0645002
0.28535
0.113736
-0.193226
0.446387
1.17084
0.153655
-0.0070493
0.936799
0.104185
0.438318
0.0439834
0.326152
0.60487
1.1459
0.72413
0.281224
1.65182
0.635934
0.309482
1.14405
0.208518
0.27482
0.708832
0.725131
0.487171
-0.0732312
0.0837508
0.862776
-0.0567986
0.651217
0.589873
-0.106206
0.730656
0.470963
0.453206
0.329055
0.622034
0.849171
0.184798
0.373307
0.871476
-0.0459136
0.226546
0.413985
0.623305
-0.238448
0.255856
0.830071
0.638148
0.453875
0.293254
0.19584
0.242943
0.440662
0.690315
0.272385
0.491446
0.620626
0.592343
0.0978551
0.584211
0.607221
0.350718
0.525
0.615128
0.494429
0.232782
0.206679
0.226713
0.144342
0.643815
0.567011
0.498462
0.455175
0.588651
0.417251
0.676325
0.459721
-0.0299164
0.369894
0.375218
0.544743
0.421846
0.627656
0.619356
0.366178
0.490689
0.254747
0.193794
0.403359
0.477612
0.217111
0.512429
0.462533
0.56757
0.813692
1.11845
0.407285
0.257987
0.13896
0.213829
0.204186
0.462239
0.69638
0.468681
0.587811
0.288551
0.476165
0.373233
0.146642
0.645924
0.169088
0.308822
0.673316
0.562397
0.462551
0.259668
0.235154
0.361953
0.460612
0.599693
0.14735
0.89109
0.387951
0.456268
0.334493
0.315616
0.55775
0.501954
0.214395
0.483119
0.378682
0.470813
0.77298
0.46169
0.471966
0.175907
0.366718
0.469749
0.521907
0.854494
0.875112
0.750838
0.394447
0.473339
0.750942
0.456047
0.527406
0.524445
0.420941
0.37754
0.543766
0.437516
0.416911
0.413415
0.763064
0.584862
0.34149
0.589703
0.648916
0.267653
0.230371
0.203387
0.515482
0.387195
0.421813
0.3777
0.218151
0.191311
0.346047
0.455881
0.627959
0.414414
0.462898
0.543546
0.585151
0.657342
0.582877
0.765957
0.560496
0.557369
0.614161
0.40394
0.37256
0.551493
0.676381
0.544302
0.40285
0.304042
0.560345
0.607
0.493638
0.537695
0.477996
0.338665
0.377829
0.527849
0.426378
0.13069
0.580022
0.527976
0.219929
0.457404
0.167543
0.20789
0.448109
0.355539
0.492299
0.477336
0.510439
0.156422
0.364367
0.341389
0.289742
0.444262
0.54137
0.319256
0.457896
0.667485
0.550399
0.221386
0.354972
0.493857
0.501831
0.372317
0.262563
0.256137
0.593211
0.343639
0.130162
0.187041
0.576197
0.738364
0.246784
0.281871
0.437251
0.291986
0.112829
0.391944
0.195163
0.384202
0.136876
0.18381
0.246251
0.343489
0.418409
0.0307413
0.413478
0.33093
0.442391
0.599035
0.191708
0.44512
0.353877
0.481943
0.436665
0.393286
0.431622
0.48914
0.424528
0.421568
0.184269
0.506502
0.386032
0.156538
0.347049
0.297196
0.391328
0.587956
0.486401
0.445705
0.343812
0.600388
0.525988
0.296262
0.349136
0.310471
0.45062
0.406977
0.282599
0.379185
0.390428
0.150463
0.377496
0.259661
0.426916
0.446663
0.322312
0.254566
0.197005
0.445841
0.370196
0.350613
0.187083
0.324142
0.710651
0.412867
0.162553
0.26303
0.568178
0.351356
0.0728799
0.156982
0.0851562
0.395034
0.276922
0.347788
0.562531
0.504976
0.378219
0.576842
0.394486
0.423213
0.523161
0.332679
0.314249
0.614818
0.514345
0.347762
0.824101
0.0958166
0.2814
0.411641
0.427944
0.235085
0.41588
0.57349
0.552892
0.435568
0.256568
0.293868
0.390175
0.472517
0.324427
0.512589
0.431413
0.371554
0.125861
0.466419
0.510236
0.425115
0.169445
0.674186
0.353247
0.282582
0.393743
0.139012
0.662939
0.387896
0.765061
0.880935
0.437868
0.368414
0.277004
0.709501
0.491285
0.431167
0.549241
0.684666
0.550988
0.402541
0.447001
0.46989
0.453383
0.294018
0.457463
0.323847
0.535156
0.433217
0.141867
0.224535
0.674325
0.217959
0.274418
0.428117
0.503943
0.283719
0.586476
0.487279
0.313044
-0.108394
0.298867
0.401461
0.42189
0.403609
0.617519
0.45186
0.363703
0.760805
0.523008
0.583565
0.651828
0.588295
0.495601
0.490413
0.767814
0.402366
0.474379
0.146294
0.600175
0.486154
0.361484
0.650466
0.39282
0.41145
0.471849
0.330989
0.31318
0.39367
0.459142
0.323208
0.5632
0.547096
0.42514
0.231788
0.302907
0.197398
0.419371
0.315704
0.649876
0.462306
0.317273
0.116582
0.378452
0.539117
0.350787
0.287359
0.880495
0.491017
0.329848
0.36607
0.478253
0.381392
0.248812
0.370395
0.621342
0.442992
0.33538
0.287465
0.322627
0.369543
0.398181
0.337531
0.438505
0.436565
0.580405
0.669669
0.336162
0.510805
0.372837
0.519957
0.0791731
0.512181
0.361532
0.553345
0.402879
0.618454
0.348645
0.254927
0.54168
0.269387
0.39847
0.377842
0.384198
0.486618
0.362165
0.446232
0.550808
0.506525
0.328506
0.280064
0.37564
0.485344
0.442779
0.243472
0.524342
0.581306
0.769449
0.419303
0.772199
0.578046
0.396123
0.432216
0.361441
0.631594
0.69108
0.205138
0.454081
0.601309
0.532086
0.250909
0.523392
0.294783
0.144808
0.349583
0.369818
0.332589
0.474866
0.57193
0.383609
0.228865
0.296101
0.602339
0.312855
0.472858
0.525216
0.750123
0.335156
0.626323
0.314324
0.263282
0.475237
0.420653
0.588775
0.53067
0.509727
0.540874
0.43893
0.184004
0.25623
0.450641
0.300009
0.472461
0.344872
0.398691
0.498235
0.399274
0.474077
0.202097
0.549713
0.358963
0.455014
0.658628
0.479896
0.43357
0.370139
0.615466
0.403876
0.409158
0.526333
0.608658
0.595025
0.283138
0.398864
0.479081
0.251984
0.606011
0.237664
0.410185
0.496985
0.740848
0.478291
0.155487
0.763024
0.426949
0.429292
0.439336
0.363215
0.505218
0.626898
0.53023
0.306521
0.544387
0.676157
0.513863
0.470589
0.332661
0.410381
0.135637
0.423826
0.260857
0.525387
0.259189
0.694083
0.321709
0.18484
0.544282
0.191228
0.573195
0.616596
0.721278
0.348826
0.45683
0.577236
0.424816
0.210397
0.435024
0.633199
0.495196
0.519431
0.67486
0.465308
0.625926
0.729563
0.317145
0.269169
0.481012
0.535856
0.549608
0.441077
0.54612
0.358514
0.676282
0.433504
0.447381
0.423814
0.656067
0.514167
0.494709
0.468233
0.639174
0.398198
0.718173
0.442386
0.344294
0.589985
0.323987
0.474174
0.239167
0.556344
0.725316
0.458761
0.726077
0.355923
0.420426
0.43428
0.494951
0.475338
0.293204
0.37786
0.629186
0.586636
0.169172
0.577718
0.449318
0.391255
0.551177
0.622483
0.510934
0.346417
0.257719
0.726688
0.057058
0.484906
0.666236
0.554108
0.47929
0.15362
0.38022
0.200645
0.378656
0.305546
0.637977
0.21509
0.312113
0.487538
0.435718
0.3379
0.290474
0.212419
0.496743
0.218245
0.500877
0.279858
0.231876
0.477067
0.421757
0.334346
0.505126
0.393704
0.364995
0.0661929
0.0432247
0.518718
0.339592
0.292539
0.260336
0.574587
0.390557
0.013681
0.304208
0.0953651
0.340891
0.186124
0.247383
0.368263
0.579401
0.710248
0.372789
0.396421
0.416265
0.432983
0.261043
0.327057
0.472838
0.187125
0.351399
0.546115
0.309551
0.204259
0.324784
0.482058
0.388444
0.372093
0.245131
0.443153
0.633233
0.523702
0.348681
0.281823
0.837338
0.251998
0.379667
0.419107
0.618273
0.351911
0.237549
0.406824
0.336496
0.364233
0.188957
0.0873751
0.402289
0.454825
0.422862
0.205601
0.0941289
0.675378
0.570036
0.391666
0.342528
0.384879
0.424234
0.34201
0.455047
0.173571
0.633846
0.371121
0.243378
0.558924
0.331724
0.440167
0.347134
0.473467
0.589329
0.495064
0.475504
0.30174
0.344135
0.424429
0.4999
0.569829
0.767888
0.767743
0.463902
0.64028
0.544566
0.439827
0.520109
0.508482
0.377942
0.419541
0.837918
0.382157
0.000797261
0.442883
0.217534
0.181078
0.600536
0.492213
0.906875
0.591082
0.442183
0.523877
0.513674
0.521254
0.508667
0.556308
0.447618
0.445191
0.463631
0.638444
0.272401
0.280764
0.355009
0.780393
0.349724
0.307107
0.319361
0.265265
0.304734
0.599617
0.298794
0.350807
0.190722
0.274844
0.496358
0.185116
0.442549
0.222467
0.446831
0.610142
0.686436
0.171598
0.553407
0.228033
0.5308
0.260534
0.347596
0.133852
0.209398
0.326334
0.353784
0.537559
0.279648
0.240556
0.416905
0.435643
0.165953
0.0318171
0.401728
0.41303
0.165755
0.368113
0.393854
0.46543
0.286217
0.230119
0.460037
0.333912
0.239889
0.497284
0.416576
0.322764
0.397445
0.322905
0.315447
0.470181
0.498864
0.0759053
0.284973
0.32371
0.696143
0.194595
0.545977
0.529095
0.387714
0.613811
0.299659
0.609645
0.379124
0.334249
0.41542
0.672959
0.543592
0.532414
0.686221
0.466141
0.478506
0.639305
0.326772
0.310323
0.32021
0.399806
0.628079
0.395129
0.215865
0.376696
0.672847
0.321895
0.518689
0.397438
0.418889
0.623611
0.396569
0.367951
0.165784
0.395242
0.844422
0.365826
0.401179
0.341994
0.455492
0.618356
0.71895
0.481495
0.455256
0.518776
0.635311
0.421215
0.609066
0.673196
0.592557
0.238843
0.709359
0.365608
0.486594
0.23275
0.226508
0.492712
0.642745
0.40167
0.411649
0.61175
0.231651
0.410408
0.391026
0.503036
0.501104
0.373131
0.259885
0.140516
0.363155
0.211849
0.280795
0.431412
0.650194
0.499428
0.612997
0.426999
0.426945
0.321193
0.418074
0.385908
0.643996
0.593417
0.46937
0.307464
0.267462
0.284401
0.301716
0.249536
0.105957
0.616884
0.434537
0.499828
0.80345
0.320934
0.674481
0.429368
0.273513
0.33471
0.33329
0.565868
0.301135
0.777987
0.602195
0.959791
0.805246
0.457226
0.701282
0.405291
0.260251
0.251829
0.214542
0.484613
0.417316
0.480541
0.507404
0.621938
0.52445
0.328414
0.495575
0.397521
0.626359
0.555417
0.436488
0.280428
0.339333
0.24068
0.610625
0.592636
0.458708
0.430885
0.750448
0.116257
0.141165
0.172984
0.216463
0.323885
0.225495
0.379066
0.625251
0.52157
0.15666
0.391743
0.30772
0.557295
0.297466
0.40665
0.656229
0.153357
0.456373
0.589613
0.649705
0.355752
0.516278
0.378669
0.283759
0.76714
0.437881
0.464465
0.390184
0.414113
0.320848
0.613126
0.714666
0.321502
0.182794
0.437754
0.509089
0.629672
0.445583
0.201835
0.350176
0.522252
0.539089
0.761221
0.490689
0.383724
0.548152
0.513833
0.419362
0.559039
0.430651
0.623787
0.436393
0.544374
0.651977
0.744899
0.760554
0.845973
0.61607
0.773763
0.725417
0.774253
0.570322
0.625202
0.446432
0.669268
0.695088
0.750708
0.489955
0.526256
0.917944
0.670114
1.11778
0.890497
0.998518
0.549167
0.884222
0.673459
0.975044
0.769861
1.11349
0.76033
1.20242
0.853904
0.874626
1.34755
1.08173
1.17365
1.06068
1.14995
0.831707
0.986527
1.04689
0.975438
1.01229
1.0064
1.02364
0.999071
1.16915
0.974605
1.08036
1.0411
1.19188
1.07385
0.919533
1.26925
0.755264
0.91657
1.14
0.857428
0.942962
0.955117
1.15587
0.906634
1.05653
0.598859
1.03018
1.09953
0.858413
0.888464
0.910324
0.911383
1.05927
0.885745
0.965927
0.967511
1.12859
1.02155
1.0008
1.34345
1.09791
1.28959
1.36551
1.53804
1.29112
1.49137
1.46888
1.34735
1.49958
1.68929
1.65554
1.91928
1.98061
2.11384
2.00227
1.87443
2.02282
2.06292
2.14528
2.03417
2.10427
1.75922
1.97465
1.96645
2.20585
1.96286
2.05715
1.88459
1.76941
2.1448
1.89386
2.00156
2.04375
2.12493
2.16999
2.12527
1.94398
2.41721
2.22628
2.50262
2.05766
2.16714
2.24491
2.28217
2.60405
2.35695
2.50457
2.52533
2.66868
2.39949
2.63008
2.80004
2.66922
2.67765
2.32843
2.81247
2.90989
2.34141
2.65183
2.40175
2.54238
2.37701
2.68465
2.27943
2.5369
2.38174
2.42251
2.7429
2.52429
2.58042
2.26469
2.37658
2.37799
2.63666
2.45398
2.41309
2.48789
2.82194
2.62492
3.19666
2.74386
2.78764
2.88158
2.84135
2.96926
2.73136
2.57685
2.53432
2.91236
2.9005
2.51305
2.97749
2.80164
2.75894
2.68054
2.88004
2.81228
3.04593
2.96526
2.9461
2.92913
2.95628
2.92909
3.05387
2.92615
2.89638
3.15649
2.8782
3.02076
2.83926
2.79227
2.69957
3.1478
3.04032
2.8401
2.72205
3.15768
3.0992
2.75339
3.12485
3.2919
3.03555
2.94314
3.0899
3.239
3.2528
3.14937
3.13691
3.13051
3.20062
3.0408
3.61625
3.21623
3.39074
3.13481
3.41324
3.35258
3.50946
3.2929
3.33373
3.04782
3.16792
3.20142
3.25459
3.1346
3.40176
3.42329
3.34412
3.22887
3.33079
3.04204
3.48432
3.65356
3.357
3.45457
3.35692
3.42984
3.68344
3.35271
3.25942
3.16856
3.29308
3.44507
3.34787
3.42726
3.61659
3.42677
3.38589
3.42597
3.70031
3.47246
3.24174
3.28234
3.52751
3.53339
3.57553
3.11523
3.4712
3.52193
3.22274
3.47572
3.37425
3.42674
3.33503
3.55338
3.62238
3.26801
3.37714
3.20813
3.32568
3.56386
3.7295
3.28572
3.38122
3.48207
3.37098
3.63857
3.46515
3.54836
3.16542
3.31617
3.37001
3.06457
3.18049
3.47989
3.59546
3.22927
3.26897
3.41645
3.54064
3.22678
3.20833
3.38961
3.18616
3.24066
3.23771
3.17787
3.1848
3.03378
3.38828
2.97028
2.78892
2.69715
2.97374
3.13579
2.97149
3.11724
2.94783
3.06586
2.88709
3.29286
3.00747
3.24424
2.86924
3.25203
3.02894
3.4213
3.12503
3.45814
3.43622
3.44461
3.44414
3.24707
3.50763
3.45927
3.63598
3.42791
3.40723
3.07896
3.58839
3.22995
3.59329
3.32831
3.52162
3.22283
3.27177
3.33843
3.20217
3.39301
3.13583
3.41859
3.33169
3.19172
3.25278
3.40647
2.85455
3.15482
3.45848
3.19531
3.28116
3.09838
3.1559
2.85959
3.00928
3.06862
3.43494
2.99769
3.1271
3.01101
3.1723
2.79894
2.71795
2.8164
2.79424
3.05535
2.86699
3.1239
2.87974
2.86248
2.71824
2.75355
2.52549
2.80734
2.62085
2.71534
2.69294
2.86034
2.79168
2.73712
2.64229
2.82786
2.6749
2.85436
3.00838
3.05502
3.05265
2.79939
3.45548
3.08447
3.29724
3.25668
3.72655
3.68826
3.58784
3.3507
3.93628
3.70773
3.49501
3.71979
3.75858
3.77797
3.49221
3.58087
3.6346
3.73716
3.48852
3.46237
3.6128
3.36823
3.589
3.28527
3.47816
3.19968
3.44751
2.97156
3.32401
2.96564
3.19944
3.56673
2.99793
3.04204
2.87428
2.94808
2.87655
3.10249
2.98234
2.76949
2.85994
3.0689
2.81385
2.78353
3.01235
3.08758
3.08066
3.3491
3.43123
3.14672
3.46991
3.18335
3.06641
3.37053
3.30491
3.82305
3.52
3.76488
3.37892
3.72704
3.37464
3.5827
3.70523
3.6647
3.32889
3.46058
3.44829
3.41251
3.65436
3.185
3.43075
3.61826
3.33717
3.30609
3.01162
3.31391
3.30695
3.06183
3.27011
3.25674
3.40771
3.68114
3.74004
3.78603
3.60087
3.95368
3.74895
3.83836
3.93479
4.31391
4.26072
4.39678
4.26432
4.52295
4.27566
4.599
4.7568
4.59858
4.2947
4.79662
4.5288
4.39678
4.27298
4.37237
4.2946
4.41092
4.38005
3.79518
4.15053
3.7788
4.04643
4.06574
4.16237
3.861
4.18776
4.13227
3.98289
4.23706
3.973
4.02651
4.13968
4.43884
4.1779
4.06105
4.25774
3.79799
3.92011
3.66378
3.68323
3.59967
3.79573
3.69241
3.67937
3.65838
3.42837
3.79906
3.46015
3.63022
3.34194
3.48475
3.87295
4.00323
3.74011
3.90097
4.17634
4.5865
4.49091
4.74501
4.56755
4.59159
5.03534
5.0289
5.43932
5.30696
5.4176
5.74058
5.7112
5.68594
5.88136
5.61013
6.04712
6.21295
5.87067
5.79162
5.97673
5.96469
5.91089
5.58466
5.4774
5.65092
5.17984
4.81855
5.21335
5.05875
5.17979
4.84494
4.9586
5.13609
5.15542
5.02572
5.60565
5.13264
5.36599
5.45316
5.66793
5.711
5.85656
5.75494
6.37048
6.2962
6.26343
6.17109
6.30024
6.41675
6.6042
6.2757
6.69692
6.43334
6.53753
6.54693
6.55046
6.58202
6.52598
6.52473
6.69344
6.59247
6.78206
6.51728
7.00876
6.95037
7.1245
7.01066
7.29351
7.24281
7.49149
7.40745
7.59732
8.13363
7.69477
7.84634
7.70186
7.98936
8.34206
8.3675
8.28491
8.0115
8.03906
7.96917
7.76479
7.91008
7.84868
7.72662
7.45092
7.20843
7.59559
7.0807
7.15614
7.02992
7.13243
7.48131
7.56949
7.39267
7.15405
7.95052
7.92229
7.66692
7.98815
8.29599
8.30951
8.40697
8.54612
8.41431
8.60808
8.51524
8.55522
8.67204
8.65189
9.0163
8.57612
8.61851
8.71161
8.74212
8.73751
8.60247
8.38243
8.67864
8.33801
8.47821
8.45271
8.51282
8.74335
8.71944
8.89583
8.77844
8.76819
8.93022
9.14298
9.06024
9.14032
8.99053
8.97982
8.95122
8.8905
8.90709
8.79814
9.14854
9.17309
8.98125
8.7296
8.98237
8.94713
8.74402
8.91181
8.74238
8.72895
8.6681
8.60327
8.68826
8.81661
8.60473
8.71282
9.4841
9.02819
9.39836
9.24888
9.45148
9.72485
9.71737
9.68296
9.70203
9.86159
9.65293
10.0349
9.86669
10.1811
9.79626
9.75877
9.80208
9.72981
9.69846
9.69287
9.47483
9.09302
9.32801
8.99564
9.10304
8.58448
8.40581
8.3439
8.05817
8.05079
8.00855
7.95865
8.05068
8.3395
8.40324
8.17602
8.18626
8.64301
8.8029
8.38331
8.84288
9.16127
9.44424
9.56899
9.70764
9.79385
9.53581
9.70017
9.61991
9.76554
9.66897
9.46534
9.68586
9.5695
9.12914
8.79728
9.05641
8.51035
8.20877
8.4209
8.08873
7.468
7.59439
7.45885
7.13204
7.01972
7.38538
6.99905
7.06126
7.074
6.80152
7.0055
7.09063
7.21746
7.48928
7.75137
8.22198
8.26481
8.30663
8.52124
8.59444
8.67512
8.94944
9.08863
8.94963
9.48965
9.11351
9.06955
9.02301
8.81157
8.8354
9.04128
8.75292
8.87466
8.27876
8.00751
8.24378
8.56301
8.37811
8.25291
8.58578
8.05458
8.33259
7.97057
8.31246
8.63305
8.18254
8.16864
8.30228
8.08513
7.75277
8.30982
8.18684
7.99928
8.03932
7.86393
7.73604
7.75922
7.56661
6.95796
7.12279
7.29142
6.844
7.18015
6.9336
7.05334
7.03397
6.97322
7.04963
7.51143
7.55606
7.76188
7.72537
7.90619
8.31724
8.22924
8.34938
8.24658
8.55623
8.63613
8.64956
8.40256
8.39992
8.57375
8.62271
8.5398
8.4923
8.35787
8.56614
8.37287
8.19386
8.02873
7.82526
7.64548
7.40628
7.43625
7.07787
7.44286
6.94292
6.93066
6.96797
6.64336
6.58458
6.78662
6.66993
6.98267
6.71446
7.13519
7.51343
7.60091
7.84216
7.78183
8.37161
8.20823
8.62229
8.67691
8.87472
8.87535
9.18173
8.98809
8.78019
9.18817
9.00383
9.0639
8.80617
8.5415
8.73442
8.38355
8.44527
8.13342
7.88811
7.56722
7.46566
7.40262
7.51352
7.57383
7.70902
7.33179
7.33019
7.6101
7.38857
7.495
7.52615
7.70558
7.82521
8.21646
8.14801
8.53523
8.68922
9.18075
8.91432
9.32327
9.17523
9.57063
9.42388
9.87374
9.62125
9.6259
9.34686
9.25999
9.49636
9.5267
9.46086
9.46356
9.43191
9.64632
9.42194
9.69923
9.85616
9.70375
9.81808
9.91193
9.82302
9.88915
10.0295
9.86571
10.1824
10.108
9.87229
9.52352
9.7458
9.5568
9.56789
9.23459
9.47823
9.38048
9.26039
9.11957
9.03433
8.95176
8.85609
8.96772
9.06338
9.02715
9.34755
9.61005
10.0609
10.0311
10.5387
10.4684
10.7598
10.9676
11.1425
11.0096
11.3944
11.3537
11.7507
11.5643
11.5085
11.6251
11.3451
11.5889
11.5361
11.3795
11.3931
11.4287
11.0508
11.0161
10.935
10.7737
10.5211
10.2871
10.6301
10.8061
10.5409
10.6861
10.8323
10.6864
11.0815
10.9795
11.2679
11.2622
11.5966
11.4352
11.9029
11.8173
11.9827
11.783
12.2102
11.8517
11.9427
11.8208
12.2539
11.7951
11.9802
11.9663
12.0041
11.8456
11.78
11.5947
11.9038
12.0525
12.3478
12.1651
12.4807
12.8021
12.5782
12.7845
12.7192
13.3804
13.4436
13.5735
13.7033
13.6336
13.9211
13.3261
13.0706
13.2791
12.8675
13.1375
13.0765
12.8812
12.7802
12.7119
12.2572
12.4843
12.4817
12.0019
12.1321
12.1223
11.7907
11.3965
11.7211
11.4165
12.1963
12.3865
12.6178
13.1586
13.1639
13.8877
13.9866
14.1904
14.3233
14.2994
14.5455
14.0218
13.7689
13.6093
13.4864
13.4379
13.0606
13.2508
12.8901
12.6494
12.8543
12.7186
12.9839
12.8251
13.4421
13.5716
13.5819
13.8079
14.1839
14.2624
14.2882
14.4673
14.7114
14.6621
14.487
14.4681
14.2281
14.2734
14.0831
14.164
13.6923
13.8384
13.5726
13.5198
13.1381
13.3791
13.0667
12.7067
12.973
12.8204
12.8393
12.8167
13.1424
13.2562
13.7989
13.8243
14.3027
14.1987
14.3095
14.4712
14.4885
14.1201
14.2974
13.9432
13.99
14.1367
13.5375
13.5453
13.4521
13.5021
13.2774
12.7165
12.938
13.0102
12.8894
12.5479
12.6927
12.1658
12.219
12.5958
12.536
13.2806
13.2467
13.6055
13.8478
14.2443
14.5992
14.3722
14.6142
14.857
14.6735
14.7943
14.8005
14.5794
14.4926
14.3256
14.1764
14.03
13.5847
13.3563
13.5039
13.5282
13.3264
12.7669
12.8161
13.2405
12.5725
12.7858
12.5032
12.6171
12.3847
12.2014
12.5722
12.4678
12.8822
13.4647
13.2868
13.8553
14.4318
14.0875
14.308
14.5221
14.8666
14.7461
15.1137
15.3424
15.3793
15.1858
15.1175
14.8506
14.6785
14.4164
14.3128
14.0606
13.8914
13.6874
13.5701
13.4289
13.1723
12.9204
13.1264
13.2419
13.3944
13.9114
13.8591
14.0846
14.1815
14.7008
14.4166
14.5624
14.6545
15.0193
15.2831
15.3664
15.219
15.438
15.2264
15.2998
15.0801
14.8955
14.8487
14.6518
14.7226
14.6352
14.3864
14.1728
13.9571
14.2483
13.9744
14.1167
13.9394
14.1606
14.4013
14.3018
14.4727
14.7076
15.2644
15.2205
15.4868
15.5966
15.8631
16.2585
16.5131
16.5144
16.681
17.0536
16.9663
17.0976
17.1394
17.027
16.8181
16.727
16.7705
16.442
16.2537
16.2535
15.9701
15.5977
15.5247
15.5815
15.2384
15.1108
14.796
15.3191
14.9564
14.7402
14.9686
14.5047
15.0525
15.1357
15.4385
15.324
15.9889
15.8057
16.1377
16.2319
16.6816
16.7731
17.0374
17.2488
16.9513
16.77
17.0187
16.9297
16.9743
16.494
16.5482
16.3302
16.0976
16.0546
16.0329
15.8727
15.8208
15.4359
15.0545
15.0583
14.9487
14.2879
14.4686
14.4477
14.4667
14.4884
14.702
14.9478
15.3171
15.8216
15.9875
16.2458
16.5048
16.7684
17.1318
16.9149
17.223
16.8889
17.2234
17.0919
17.0094
16.8679
16.8975
16.6071
16.6025
16.4567
16.4523
16.2311
16.2349
16.2585
16.2067
16.4737
15.9842
16.1402
16.2118
15.7481
16.0511
16.1185
16.2638
16.4004
16.8081
16.5629
16.8422
17.2761
17.4965
17.6519
17.7541
17.6448
17.6815
17.9116
17.8004
17.7201
17.7979
17.665
17.5022
17.6444
17.1199
17.1783
16.7762
16.7323
16.6223
16.2087
15.7999
15.7381
15.6425
15.3053
15.1693
14.7197
14.9668
15.0396
14.8687
14.9235
15.3003
15.6589
15.8642
16.3068
16.4324
16.7248
17.6026
17.8477
18.0705
18.1439
18.5058
18.3424
18.202
17.8689
17.3695
17.0227
16.7241
16.6146
15.8827
15.6693
15.2458
14.9373
15.6671
15.4333
13.6636
13.4792
13.4237
13.0632
13.379
13.7509
12.1883
11.8617
11.6273
11.2004
10.7216
10.7328
10.8081
10.6904
10.3514
10.5845
10.3241
9.99883
10.2978
10.7482
10.656
10.1756
10.3036
10.5738
11.1629
11.183
11.2044
11.1408
11.0825
10.7784
10.4947
10.0163
9.11657
7.70532
7.08453
5.98275
5.43518
4.76427
4.32155
3.38676
3.39475
3.13268
3.11687
3.10664
3.45325
3.57287
4.2747
4.41456
5.3043
5.70424
5.82815
6.13424
6.00071
6.54705
6.27666
5.92833
5.77781
5.58706
4.9353
4.92474
4.45044
3.97451
3.89446
3.86334
4.05835
4.09741
4.60074
5.00445
5.19606
5.67093
6.38415
6.3392
6.8354
6.71385
6.47612
6.39084
6.70817
6.62921
6.27141
6.5259
5.80018
6.05459
6.04831
5.67276
5.45994
5.14165
4.91965
5.11087
4.95167
4.65883
4.72732
4.502
4.08736
3.59909
3.37546
3.19643
2.65927
2.55027
2.34763
2.36042
1.79879
1.66937
1.68749
2.2019
2.18398
1.86743
2.12014
2.56175
2.72931
2.76127
3.00991
2.96322
3.16262
3.1112
3.22137
3.50336
3.11385
3.27293
3.2916
2.86709
3.07151
3.18425
3.10904
2.94495
2.40507
2.79562
2.5575
2.15414
2.20386
2.15394
1.99325
2.46342
1.87298
1.33595
1.73696
1.59338
1.19214
1.42544
0.974018
1.01664
0.874364
1.18332
0.949926
1.31791
0.91354
0.893862
0.718395
1.21291
1.19806
1.27637
0.866844
0.861457
1.28205
1.11181
1.01759
1.29691
1.20827
1.20441
1.50925
1.48842
1.34741
1.23734
1.3324
1.61254
1.93639
1.55893
1.78399
1.87413
1.90013
1.54091
1.42212
1.88286
2.02275
1.66168
1.70693
1.87484
1.65154
1.94283
1.95433
2.03216
1.60659
2.14233
2.22182
2.3319
2.11467
1.97794
2.01768
1.85901
1.70309
1.76369
2.00329
1.93945
1.67923
1.54988
1.36903
1.51322
1.66655
1.35445
1.64727
1.30979
1.32387
1.10574
1.32644
1.32662
0.993344
1.30067
0.839036
1.01862
0.876105
1.1758
0.767419
0.950978
0.996237
0.613761
0.935902
0.907462
0.897476
0.808822
0.866619
0.996836
0.91103
0.844203
0.376331
0.559524
0.679143
0.428071
0.432996
0.622626
0.378667
0.606336
0.471974
0.564161
0.418194
0.431049
0.368676
0.633419
0.408135
0.426829
0.445209
0.619949
0.829166
0.610298
0.40138
0.327808
0.477505
0.650533
0.77252
0.548711
0.528822
0.570198
0.440961
0.660362
0.507489
0.395233
0.377559
0.508335
0.505565
0.377964
0.501341
0.399019
0.6684
0.49763
0.523044
0.462832
0.572524
0.689844
0.414806
0.634748
0.707074
0.378508
0.343473
0.434537
0.459903
0.538081
0.453247
0.166555
0.91482
0.334853
0.457146
0.6306
0.468473
0.720489
0.800519
0.45487
0.513685
0.801016
0.409551
0.993696
0.712717
0.707445
0.377964
0.671065
0.737869
0.733956
0.517285
0.541021
0.15854
0.664683
0.4578
0.902451
0.328702
0.852474
0.544785
0.877862
0.590017
0.545831
0.518481
0.561842
0.395507
0.27285
0.350001
0.376624
0.546242
0.343997
0.684862
0.512451
0.68321
0.595082
0.750112
0.695285
0.538729
0.58002
0.735138
0.33218
0.225314
0.242344
0.518013
0.559446
0.477769
0.692341
0.786087
0.308621
0.305964
0.369664
0.494968
0.376516
0.408056
0.495502
0.532343
0.459283
0.636733
0.277304
0.357428
0.198369
0.759631
0.656941
0.298873
0.548095
0.446836
0.286265
0.340265
0.376372
0.439377
0.235135
0.310814
0.415953
0.46767
0.211254
0.357426
0.278336
0.519393
0.316459
0.626701
0.562126
0.411074
0.555008
0.439015
0.43352
0.298749
0.336261
0.616899
0.508819
0.676396
0.350811
0.580588
0.126249
0.474336
0.514397
0.483494
0.426881
0.706237
0.627217
0.490486
0.33122
0.683525
0.447256
0.658721
0.227192
0.482795
0.426773
0.550444
0.627156
0.699771
0.604567
0.821568
0.717448
0.421825
0.552769
0.617289
0.56099
0.46122
0.336168
0.863551
0.415591
0.54709
0.252598
0.229286
0.358226
0.601413
0.663513
0.530883
0.744181
0.60953
0.753278
0.492123
0.350138
0.444864
0.620116
0.285536
-0.00973229
0.137675
0.463762
0.24358
0.366269
0.419288
0.565878
0.465077
0.79113
0.377523
0.445137
0.738994
0.267648
0.486553
0.536568
0.609055
0.493083
0.267038
0.451717
0.449107
0.423884
0.521399
0.798023
0.909052
0.665215
0.536957
0.899396
0.364584
0.40455
0.700247
0.501827
0.491753
0.464839
0.573379
0.579428
0.586224
0.499838
0.756915
0.43055
0.634934
0.586776
0.829932
0.546434
0.631083
0.462008
0.702366
0.62654
0.772184
0.679241
0.385841
0.750666
0.355644
0.305788
0.635604
0.473103
0.554747
0.904666
0.391132
0.581218
0.346543
0.564088
0.846529
0.649689
0.58479
0.584789
0.76508
0.635188
0.850724
0.718135
0.77082
0.604208
0.538828
0.645504
0.338685
0.43567
0.85684
0.73197
0.586864
0.603454
0.616017
0.613126
0.414969
0.509209
0.746642
0.570183
0.309859
0.500377
0.566019
0.208459
0.497778
0.587746
0.451081
0.315459
0.492389
0.878958
0.500549
0.417806
0.265876
0.620037
0.481101
0.342397
0.462592
0.500887
0.487944
0.547368
0.434955
0.64905
0.578873
0.55278
0.407297
0.666954
0.376524
0.555372
0.39441
0.727393
0.320405
0.347469
0.540031
0.600615
0.517067
0.364277
0.525729
0.485442
0.487585
0.521223
0.588067
0.686757
0.553787
0.574779
0.612027
0.51992
0.501811
0.13074
0.521707
0.732459
0.665164
0.446123
0.562417
0.50078
0.342229
0.50178
0.830508
0.599442
0.896213
0.522248
0.510668
0.62184
0.258035
0.647939
0.836859
0.336057
0.484976
0.25659
0.266458
0.461286
0.215071
0.574368
0.482851
0.542604
0.392497
0.635975
0.680444
0.851688
0.246901
0.483668
0.685328
0.481117
0.309328
0.783027
0.637488
0.554596
0.475471
0.466761
0.548765
0.415845
0.651734
0.365407
0.852711
0.69387
0.526202
0.305501
0.712471
0.625198
0.396181
0.43438
0.495172
0.633465
0.171968
0.531026
0.667599
0.496837
0.474653
0.760923
0.44763
0.554397
0.862614
0.463439
0.262535
0.730348
0.774183
0.537527
0.211753
0.942299
0.511738
0.307261
0.521237
0.837502
0.287974
0.409262
0.208542
0.438767
0.607398
0.671269
0.204319
0.358646
0.675481
0.595277
0.477344
0.410957
0.519977
0.35877
0.570656
0.60658
0.551937
0.429808
0.390746
0.519117
0.374101
0.314055
0.652152
0.473195
0.577996
0.463992
0.545814
0.863111
0.829275
0.547509
0.380628
0.455506
0.480613
0.667866
0.602827
0.421899
0.47947
0.832054
0.312267
0.473296
0.640723
0.230556
0.555883
0.465873
0.288903
0.288068
0.598669
0.416158
0.587262
0.565407
0.105979
0.466011
0.859509
0.532266
0.610629
0.697685
0.371252
0.471573
0.291762
0.512074
0.399529
0.312216
0.470411
0.377193
0.727719
0.433102
0.419279
0.315345
0.545961
0.6614
0.621908
0.402058
0.447862
0.27844
0.436837
0.905949
0.439246
0.63181
0.265343
0.554657
0.752443
0.65773
0.25469
0.721348
0.261127
0.702295
0.740645
0.81078
0.734956
0.453958
0.621968
0.577157
0.798446
0.57052
0.276099
0.698739
0.529392
0.516056
0.681867
0.603438
0.603541
0.865142
0.822603
0.503194
0.376923
0.543351
0.866847
0.462304
0.701197
0.699083
0.695144
0.766965
0.396889
0.777274
0.302379
0.649843
0.693943
0.591246
0.294781
0.762506
0.396189
0.625494
0.805822
0.406805
0.677782
0.624162
0.234226
0.434917
0.665514
0.815423
0.463293
0.327264
0.517745
0.522464
0.525358
0.40888
0.522993
0.699378
0.418606
0.670302
0.399673
0.458187
0.490233
0.394041
0.830498
0.507238
0.550962
0.616482
0.537857
0.663645
0.542614
0.626048
0.420735
0.616142
0.447447
0.464678
0.281844
0.781859
0.517721
0.791057
0.655538
0.691056
0.510126
0.402202
0.538884
0.550163
0.408584
0.515805
0.456419
0.509827
0.364735
0.386281
0.476211
0.661252
0.394643
0.35401
0.75875
0.404828
0.539424
0.365031
0.307804
0.4405
0.29259
0.692643
0.32635
0.251026
0.780998
0.596502
0.644338
0.380815
0.498835
0.67136
0.579825
0.506456
0.865831
0.262227
0.725539
0.403173
0.658717
0.553125
0.748928
0.328898
0.403402
0.574608
0.575519
0.582581
0.798285
0.817483
0.782534
0.624376
0.722426
0.552556
0.63759
0.57189
0.794934
0.389384
0.80292
0.791775
0.587961
0.561717
0.840524
0.761121
0.793882
0.365398
0.63314
0.639611
0.296062
0.485055
0.75795
0.749419
0.526758
0.498921
0.485295
0.613755
0.716155
0.651284
0.772211
0.756648
0.4625
0.496421
0.202944
0.378317
0.210155
0.295054
0.741401
0.503554
0.714642
0.833396
0.496145
0.797853
0.321927
0.580106
0.418975
0.630988
0.407586
0.884753
0.448828
0.730625
0.458351
0.731826
0.321289
0.652295
0.599537
0.477186
0.765833
0.407556
0.859537
0.517164
0.501612
0.818742
0.649241
0.642339
0.684832
0.60102
0.865363
0.493922
0.434008
0.386029
0.493515
0.595852
0.530943
0.626171
0.710118
0.512202
0.851484
0.526645
0.547665
0.610612
0.707322
0.243904
0.745829
0.672339
0.447281
0.283489
0.650161
0.450251
0.775086
0.80398
0.741212
0.266478
0.702872
0.446267
0.451718
0.750013
0.720707
0.555823
0.422811
0.817106
0.656261
0.625117
0.72351
0.858836
0.440181
0.375068
0.679218
0.61488
0.940483
0.648399
0.916315
0.689862
0.466249
0.690552
0.873233
0.460805
0.663333
0.612693
0.597925
0.493089
0.520248
0.31581
0.61509
0.472714
0.839879
0.771328
0.833561
0.848992
0.585419
0.614025
0.664862
0.651979
0.457822
0.759791
0.957564
0.423527
0.760534
0.657885
0.903993
0.473081
0.727248
0.810128
0.61943
0.624798
0.668639
0.861015
0.431883
0.783619
0.658567
0.567339
0.435751
0.915018
0.527975
0.607366
0.935662
0.373909
0.62546
0.511411
0.783276
0.710753
0.631792
0.634167
0.691259
0.501274
0.646869
0.268378
0.604265
0.72572
0.862841
0.745529
0.702783
0.871267
0.810084
0.581722
0.781422
0.716371
0.838297
0.800707
0.695585
0.702887
1.09732
0.587569
0.614165
0.79841
0.776347
0.771335
0.72836
0.642074
0.543909
0.532555
0.552664
0.324256
0.762518
0.596132
0.672682
0.524155
0.772034
0.435325
0.552341
0.527386
0.490872
0.616386
0.252475
0.661048
0.65716
0.595496
0.562693
0.393636
0.731364
0.40541
0.663526
0.564534
0.662093
0.59154
0.330228
0.475582
