0.129883
0.198192
0.375566
0.181251
0.0832219
0.223534
0.227442
0.228736
0.459693
-0.00703399
0.402879
0.205842
0.408211
0.263646
0.334662
0.656251
0.165343
0.274298
0.256746
0.277642
0.481372
0.357033
0.373061
0.56298
0.545765
0.10589
0.371257
0.241475
0.2661
0.067647
0.265987
0.367979
0.416486
0.524135
0.591736
0.451358
0.399789
0.14988
0.0329516
0.349613
0.336834
0.324942
0.393768
0.0508238
0.537173
0.685593
0.367365
0.288315
0.313678
0.436642
0.482158
0.390593
0.232093
0.465291
0.340405
0.260897
0.158208
0.440298
0.000396594
0.551152
0.494581
0.0198398
0.194912
0.441403
0.234947
0.480042
0.0443079
0.537689
0.0651046
0.548892
0.407761
0.449273
0.356069
0.39333
0.115758
0.201709
0.140436
0.148251
0.206499
0.438218
0.293768
0.249117
0.303235
0.0781272
0.279817
0.237894
0.109683
0.0273369
0.144134
0.327165
0.097806
0.0856012
0.0546902
0.212837
0.0658675
0.231351
0.171505
0.213064
0.287678
-0.0330405
0.201217
0.205505
0.246402
0.273274
0.352929
0.471816
0.416624
0.107654
0.187281
0.0338091
0.350415
0.0180194
0.0433212
0.253396
0.0052575
0.149765
0.113384
0.294187
-0.0531241
0.439435
0.0569603
0.134286
0.266108
0.081304
-0.163933
0.208913
0.309648
0.0575406
0.275071
0.238767
-0.145077
0.0816974
0.124659
0.125325
0.260108
0.196491
0.139573
0.393377
0.0916896
0.2859
0.404902
0.356319
0.182322
0.49007
0.128969
-0.00955198
0.0467805
0.0546618
0.169159
0.076822
0.326078
0.251926
0.325991
0.101617
0.115191
0.252727
0.132605
0.344585
0.208704
0.181566
0.0600065
0.296526
0.377756
0.167676
0.205856
0.340124
0.147069
0.0961805
0.329592
0.197686
-0.0284831
0.327478
0.37028
0.247714
0.300066
0.149663
0.173172
0.21693
0.246414
0.281234
0.225706
0.234566
0.0802492
0.133571
0.378683
0.282907
0.0942791
0.137823
0.426137
0.158891
-0.0720397
0.378898
0.147122
0.113877
0.386056
-0.0570303
0.213942
0.246386
0.274409
0.0729258
-0.0361053
0.24315
0.528306
-0.189059
0.377567
0.0761226
0.139563
0.206095
-0.0577469
0.339718
0.202415
0.152894
0.51098
0.169479
0.0968053
0.234272
0.244121
0.342234
0.214463
0.0109623
0.0985228
0.282239
-0.238302
-0.26698
0.220753
0.233366
0.307676
0.307563
0.000818096
0.195347
-0.16142
0.0652536
-0.295439
-0.0301584
0.119446
0.0639424
0.106742
0.214822
0.167214
0.146306
0.245209
0.0124461
0.310323
0.151553
0.146328
-0.0674199
-0.215972
0.066154
0.130229
0.0730584
0.0900338
0.123972
0.0500723
-0.123968
0.194141
-0.0954492
0.143856
-0.0993388
-0.198896
-0.156707
-0.311228
-0.0227472
0.578176
0.300742
0.0498699
0.0193456
0.128199
0.0855215
0.284405
0.0469779
0.055745
0.0367088
0.168392
0.48678
-0.117415
-0.14923
0.0520991
0.00980404
0.0771877
-0.0702667
0.202331
-0.0372782
0.0648559
0.00498723
0.0843816
-0.0966051
-0.29698
-0.2295
0.16194
0.213707
-0.404672
0.0298682
-0.285313
-0.101207
-0.217866
0.0733575
-0.195059
0.164796
0.304152
0.072642
0.199105
0.0232541
-0.0692128
0.0839894
0.203923
0.30772
-0.182121
0.0683526
0.189288
0.0434954
0.080472
0.141601
-0.0294769
0.311086
0.176735
-0.156774
0.384269
0.177132
-0.143332
0.0999439
-0.225561
-0.128138
0.165155
-0.103956
0.0875534
0.0366469
0.0556052
-0.0209773
0.123414
-0.153686
0.108983
-0.0602036
0.157203
-0.0376262
0.151342
-0.0599366
-0.0312953
-0.0109508
-0.0709938
-0.0616312
0.131681
0.239329
0.142588
0.0250186
0.0868495
-0.00563796
0.145141
-0.159511
-0.107221
0.280827
0.0458734
-0.00467458
0.0823508
0.0772013
-0.0707174
0.0823508
0.104781
-0.142676
0.103486
0.128068
0.147911
0.0259623
-0.0702023
0.43636
-0.0639027
0.0660062
-0.228841
0.270143
0.02131
-0.0506601
-0.0957569
-0.117583
-0.0292656
0.162773
-0.0444337
0.0857425
0.224364
0.238705
0.271698
0.146781
-0.0867213
0.1471
0.352003
0.10856
-0.0443882
0.27334
0.150857
0.0217163
-0.0310612
0.107873
0.278444
0.0446299
0.101612
-0.00216958
-0.146374
0.181401
0.38383
-0.125616
0.0236692
0.197822
0.139819
0.338179
0.334283
0.108346
0.0109828
0.165095
-0.0989548
0.206059
0.283849
0.269383
0.418617
0.0768326
0.14888
0.209582
0.229611
0.230926
0.30223
0.125917
0.308035
0.00912878
0.137372
-0.176165
0.15898
0.242944
-0.05993
0.183283
0.191321
-0.064454
0.276534
0.0891982
0.0185554
0.106358
0.261907
-0.0225925
0.11292
0.486694
-0.206193
0.0177242
0.0129541
0.0406859
0.120943
-0.0582123
-0.134175
0.200066
0.155165
0.164737
0.226601
0.133416
-0.174184
0.306531
0.435525
0.294312
0.173369
0.20283
-0.220676
0.178593
0.150555
0.227141
-0.225508
0.120519
0.232649
0.382533
0.0507442
0.220585
0.103197
0.194355
0.672843
0.218521
0.316993
0.101363
0.115621
0.094669
0.222235
0.211267
0.327921
0.254844
0.131864
0.146876
0.229155
0.103003
-0.0203065
0.327433
0.154008
0.610961
0.212771
0.170656
0.420513
-0.0381099
0.374041
-0.18171
0.0343299
-0.0543423
0.299195
0.327015
-0.0450543
0.0604656
0.119778
0.25368
0.160718
-0.200566
0.301708
0.215189
0.219583
-0.142902
-0.197034
-0.104604
0.0305476
0.318514
-0.0219595
0.000648061
0.0695398
0.0860197
0.185657
0.402199
0.423556
0.254184
0.0637443
0.0694565
0.284979
0.238446
0.0204211
0.0760962
0.174148
-0.0347239
0.0808863
-0.0533149
0.264589
0.277431
0.119627
0.222962
0.313562
0.263945
0.200199
-0.0227352
0.218945
0.590895
0.0634986
0.0603223
-0.0550077
0.0969768
0.0637664
0.0401943
-0.170313
0.275789
0.33509
0.0997417
-0.221378
0.373467
0.373496
0.149473
0.133337
0.00815892
-0.0817933
0.0309245
0.0380579
-0.0989874
0.206971
0.350049
0.211776
-0.0473361
0.0427151
0.2619
-0.116017
0.0499819
0.218777
-0.0683574
0.0872809
0.113122
0.238485
0.178746
0.206601
0.186612
0.277826
0.0482079
0.0914861
-0.0640573
-0.0398736
0.206441
0.0973497
-0.0880311
0.0471257
0.304852
-0.0447829
0.0762813
0.147148
0.104797
-0.0933989
0.0501818
-0.103032
-0.0953893
0.313048
0.148397
-0.168666
-0.334376
-0.145573
-0.0205067
0.480626
-0.087343
0.237954
-0.214722
-0.292737
-0.151646
0.0356311
-0.134801
-0.0416266
0.0815403
-0.0066646
0.145857
0.0752061
0.149958
0.0962273
0.157852
-0.306048
0.204915
-0.292458
0.114647
0.0802463
0.0775181
0.0484701
-0.164771
0.0615106
-0.186466
0.135583
-0.0787178
0.0137718
0.239748
0.222886
0.149029
0.123217
-0.12206
-0.0759387
-0.196212
0.00229798
-0.114892
0.0128117
-0.0497551
-0.056301
-0.107203
-0.0656624
0.305867
0.208004
0.0303731
-0.0664613
0.209964
0.302767
-0.490155
-0.359189
0.56622
0.16741
-0.118653
-0.195221
0.196425
-0.393329
-0.198212
-0.202779
0.453327
0.274412
-0.337732
-0.010823
0.218706
0.158714
-0.00633475
0.00207957
0.211481
0.180179
-0.00472998
0.0506108
0.0754877
0.147371
-0.124986
0.440613
0.652652
0.467179
0.5192
0.519511
-0.230838
-0.464016
0.584887
0.365101
0.171483
-0.276438
0.223839
-0.506216
-0.432249
0.596702
0.479374
0.297294
-0.339291
0.275855
0.925067
-0.343864
0.710706
0.0495016
0.0568416
0.248301
-0.410631
0.0363225
0.266105
0.125705
0.328447
0.0472448
0.214868
0.315601
0.615935
0.553715
0.225015
0.0671709
-0.210468
0.876176
0.103495
0.237
0.556162
0.84101
-0.150308
-0.0554676
0.259863
0.165982
-0.135044
1.2354
0.417248
-0.12237
0.186843
0.624376
0.256368
0.302408
0.432143
0.0608871
0.186951
0.809546
0.812344
-0.0118341
0.767259
0.995682
0.701847
0.115407
1.18684
0.659026
0.20292
0.531815
0.834757
0.676593
0.725877
0.45466
0.599278
0.20816
0.593958
0.643665
0.315461
0.357921
0.628908
0.652466
0.550127
0.474417
0.303727
0.332583
0.154035
0.37638
0.320976
0.349733
0.708322
0.450681
0.589867
0.202613
-0.20218
-0.116624
0.711197
0.519727
0.204837
0.085905
-0.00629652
0.314746
0.695159
0.539322
-0.151126
-0.0773673
-0.095573
0.341177
-0.0445086
0.3167
0.0904786
0.259893
0.27637
0.0453446
0.406303
0.342943
0.196791
0.262632
0.284792
-0.0186868
-0.0457226
-0.118133
0.0500641
-0.21419
0.470686
0.210917
-0.0820671
-0.181605
0.256365
0.013567
-0.0288395
0.101339
-0.0377806
-0.165907
0.162902
0.0528426
0.177072
0.0374255
-0.0699016
-0.171383
-0.471351
-0.23214
-0.0619323
0.0709406
-0.00795849
0.138322
0.565404
-0.0930253
-0.338238
-0.233419
-0.393125
0.0679368
-0.0760083
0.0413078
0.00389195
-0.0870367
-0.106887
-0.175473
-0.378155
0.302665
0.224087
-0.0738453
0.0868805
0.166792
0.0194048
0.283248
0.331847
0.241139
-0.326984
-0.07024
0.153298
0.182187
0.133609
-0.264047
-0.0989729
-0.10956
-0.364095
-0.217712
0.0128985
-0.276431
-0.136316
-0.0293788
0.0513933
0.0695529
0.39894
0.0799503
-0.025268
0.0544774
0.227484
0.145266
0.154066
0.215317
0.025725
0.294957
-0.036524
0.0848236
0.1962
0.183563
0.358919
-0.137859
0.097377
0.209221
0.138732
-0.257069
0.394166
0.180414
0.254522
-0.101915
0.0670598
0.23735
0.244344
0.4537
0.0619374
0.339424
0.155673
0.280432
-0.0800919
0.0480616
0.160027
0.382919
0.164898
0.263334
0.176936
0.409013
0.00992275
0.353753
0.364048
0.213378
0.246747
-0.0131032
0.157848
0.434139
0.0456674
0.277309
0.200928
0.0347681
0.0395356
-0.120616
0.133132
0.210515
0.0510612
0.345591
-0.0343014
0.153381
0.237193
-0.155895
0.254575
0.159404
0.221932
0.232988
0.107288
0.0690891
0.40186
0.223088
-0.0471381
0.0710014
0.0692262
0.066401
0.409796
-0.00898357
0.122509
-0.154193
0.210465
0.0727922
-0.266357
0.148904
0.502671
-0.104208
0.107924
0.606061
0.0328925
0.268115
0.156289
0.217269
0.347406
0.133186
0.358534
0.0078206
0.154871
-0.148561
0.236813
0.266192
0.190082
-0.210318
-0.199078
0.100859
0.084776
0.0262104
0.0511928
0.0220201
0.207271
0.26255
0.00328681
0.185728
0.151474
0.319595
0.272814
-0.229737
0.536116
0.355021
0.398514
0.123998
0.356777
0.442534
0.12234
0.188692
0.458673
-0.0733817
0.0474361
0.465994
0.0653163
-0.00149642
0.0936644
0.221704
0.135317
-0.00474968
0.271271
-0.0312966
0.355226
-0.15538
0.498032
-0.0665684
0.390286
0.253676
0.16318
0.0879998
0.125979
-0.0626942
0.378181
0.0747266
0.218573
0.0284931
0.0816644
-0.132693
0.223587
-0.049919
0.0933475
0.0890341
0.0436744
-0.0928241
0.473422
0.126978
0.0580286
-0.107066
0.147644
0.0200473
0.0208235
0.0128885
0.0269196
-0.490087
0.0877345
0.0810298
0.233804
0.121928
-0.111252
0.126285
0.135863
-0.0875614
-0.354161
0.297292
0.0463306
-0.136295
0.245616
0.294714
0.350504
0.00419234
0.380968
0.0599737
0.252911
-0.0942298
0.16962
0.208002
0.18181
0.0595435
-0.0276897
-0.0847096
0.0481241
0.0541835
0.133013
0.143856
-0.124915
0.025571
-0.111184
0.0655225
0.295702
0.182878
0.358183
0.059215
0.137107
0.0580511
0.164163
0.158178
0.322207
0.00634466
-0.0244086
0.186487
0.250525
0.225955
-0.175738
0.0780412
0.0165182
0.0674151
0.123499
0.394876
0.0617005
0.14005
0.30137
0.245812
0.200436
-0.250259
0.27461
0.168199
0.0634802
-0.00250033
-0.0824935
0.0668526
0.100896
-0.0891367
-0.166586
0.36061
0.288176
0.0704315
0.154415
-0.222071
0.309832
0.111209
-0.0685269
0.103
-0.16678
-0.134871
-0.0960861
0.000235146
0.126188
-0.235638
-0.211725
-0.132795
0.222533
0.130122
-0.288003
0.284434
-0.272485
0.0916637
0.0879152
-0.0991225
0.115747
0.200112
0.279267
0.0875031
0.107135
-0.121492
0.038474
-0.036566
0.186918
-0.0950934
-0.128428
0.115455
0.131852
0.0156254
0.0219686
0.0594039
-0.0264648
0.131731
0.120246
-0.0816425
-0.240129
-0.166888
0.0100156
0.162385
0.02477
0.131257
-0.140435
0.0555889
0.192129
-0.198566
0.103585
0.0284839
0.0472852
-0.0532897
0.168314
-0.10498
0.100316
0.0840856
0.133963
0.132047
0.30591
0.246124
0.0075896
0.296932
-0.0248576
0.170775
0.231242
-0.0437862
0.43339
0.227648
0.310063
0.264689
0.275686
0.398005
-0.235751
-0.128306
0.053854
-0.0184057
-0.108071
-0.00304885
0.176135
0.436141
-0.00976899
0.262997
0.0977505
0.159589
0.0115918
0.0957245
0.207173
0.153693
0.276881
0.342709
0.162
0.213694
0.0626486
0.280285
-0.0918717
0.165793
0.366005
0.565104
0.396835
0.17899
0.307139
-0.182219
0.410762
0.130469
0.0430418
0.0214459
0.033604
0.203738
0.119896
0.32485
0.130727
0.30314
0.0530902
0.572196
0.103509
0.368291
-0.112718
0.416352
0.242988
-0.118777
0.0799757
0.49592
-0.0164102
0.271136
0.107462
0.0192191
-0.0518599
0.145616
0.116504
0.259578
0.224057
0.513361
0.381914
0.612028
0.353228
-0.165611
0.00345957
0.168089
0.399111
0.206315
0.0209154
-0.0107483
0.353611
0.201525
0.206766
0.052527
-0.155378
0.116016
0.24731
0.172044
0.111244
0.371855
0.0721686
0.00490234
0.318451
0.225653
-0.270179
-0.102747
0.148469
0.280963
-0.224606
0.244061
0.116336
-0.0657079
-0.129617
-0.217647
-0.10152
-0.152167
-0.108086
0.183539
0.274545
0.333185
-0.0123403
0.279536
-0.0130522
0.229356
0.113551
0.0346453
-0.0575353
0.279688
-0.0937445
0.323713
0.239919
0.325687
-0.147636
0.0642855
-0.0478833
-0.00535933
0.37833
-0.129272
-0.237318
-0.0920281
0.0714467
-0.0134472
-0.183677
-0.0342205
-0.489307
-0.00574243
0.157268
0.236303
-0.0315212
0.327742
-0.288992
-0.142892
0.0862265
-0.0146832
0.164303
0.00176012
-0.167707
0.0978744
0.204962
0.19001
0.22033
0.210227
0.123632
0.220802
0.248683
0.14642
0.275189
0.0978215
-0.00984557
0.337564
0.168518
0.292374
0.171753
0.359078
-0.222978
0.188224
0.244237
0.0869848
0.124278
0.266213
0.0784479
-0.174005
0.222552
-0.0232798
-0.260629
0.0643792
-0.0115171
0.0455279
-0.0935699
-0.074401
0.118856
0.12239
-0.0368906
-0.0690498
0.00843456
-0.0197892
0.320491
0.199725
0.0756973
0.0110843
-0.0714023
0.0603523
-0.00448164
-0.263575
-0.0959315
0.0439781
0.405527
0.202708
0.0869343
0.216993
-0.015234
0.116331
0.0922571
-0.135929
0.281723
-0.421165
-0.0810394
-0.20924
0.0972794
0.220506
-0.2696
0.172373
-0.127211
-0.186958
0.0853087
-0.0501787
-0.0793208
-0.183143
0.0253603
0.272115
-0.121952
-0.289327
0.514835
0.047065
0.600469
0.198082
0.00654663
0.0436447
0.599128
0.0301908
-0.0454696
0.0154634
0.0259466
-0.000299539
0.370494
0.0315942
0.0957103
-0.100083
-0.356841
0.0329347
0.163875
0.0264676
-0.156096
0.139954
0.0311393
-0.165284
0.0352886
0.11534
0.29872
0.00158984
0.193578
-0.599482
0.242964
-0.135567
-0.00263764
0.0901033
0.236617
-0.114321
0.0429688
0.225485
0.0796436
0.0595959
0.0348704
0.0874713
0.147543
-0.171799
0.123107
0.0643739
-0.399735
-0.173608
0.221824
0.0405051
0.289774
0.10748
0.192797
0.0846478
0.336876
0.418331
0.3386
0.131067
-0.011165
-0.00433228
0.0991339
0.278686
0.0231068
0.118724
0.3987
0.448203
0.0204607
0.214171
0.0944418
0.0698588
-0.00791689
0.120018
0.167893
0.220216
0.435566
0.19758
0.110027
0.0237535
-0.212245
0.0801439
-0.0607763
0.00248122
0.0311544
0.250956
0.0156619
0.0694904
0.0568229
0.148522
0.179283
-0.0622152
0.0722431
0.132237
0.196615
-0.451597
0.020702
0.0223217
0.0415441
0.23311
0.378774
-0.0372179
0.251502
-0.204221
0.031936
0.13739
-0.294436
-0.443723
-0.0755846
0.0102327
-0.0362047
-0.102623
0.313656
-0.0449987
-0.541855
-0.0880542
-0.22192
0.27866
-0.159304
0.0837614
0.270773
0.122275
0.407781
0.235169
-0.0503773
0.176554
0.0703169
0.374983
0.254159
0.519716
0.381786
0.101488
-0.0241132
-0.0995901
-0.0895433
-0.212072
0.180654
-0.134732
-0.192752
0.273733
0.137598
-0.182129
0.0408889
-0.0188408
0.02646
-0.0617594
0.226321
0.191494
0.0615449
0.258935
0.29744
-0.282399
0.218962
0.346031
0.332533
0.110266
0.0357251
-0.033895
0.0589963
0.224188
0.215391
-0.0600935
0.213242
-0.070521
-0.0629609
0.0384448
-0.168692
0.248633
0.249813
0.46124
0.102364
0.0846232
0.0463344
-0.108524
-0.0453698
0.278956
-0.0198822
0.382377
0.0500688
0.0141799
-0.0959567
0.135766
0.147239
0.179554
0.0201684
0.380581
0.490262
-0.0111923
0.221152
0.228776
-0.0927822
0.0104936
0.402941
0.132465
-0.144636
0.0692488
-0.0377126
0.115756
-0.0881868
0.1482
0.19265
-0.154865
-0.0967108
0.110123
-0.245773
0.0520444
-0.188963
0.0532161
-0.169399
0.252072
0.0691537
-0.101885
0.394691
0.211545
0.468985
0.310255
0.0721845
0.344971
-0.00249955
0.310384
0.434397
0.162447
0.245032
0.0892521
0.202321
-0.0953102
0.28001
0.437461
0.210631
0.104598
-0.171388
0.131346
0.236317
-0.201914
0.0157573
0.16816
0.353073
-0.0376483
-0.0256598
0.36719
0.153417
-0.134141
0.330211
0.141799
0.407091
-0.0994192
0.220775
0.120313
-0.0289236
0.354138
-0.276595
0.152304
0.0735113
0.0872183
0.0719079
0.406796
0.495109
0.206704
0.159579
0.534558
0.236674
0.47039
0.213279
0.155854
0.123385
0.0849073
0.314193
0.326319
0.221682
0.147633
0.185094
0.356494
0.228881
-0.0553727
0.155402
0.0770023
0.13966
0.363373
0.0275122
-0.0208905
0.0289795
0.0414494
0.188171
0.476343
0.260499
0.519617
0.0701069
0.102113
0.0349181
0.303368
0.174168
0.187923
0.0523435
0.254109
0.428929
0.0971698
-0.0136101
0.309987
0.338268
0.155083
0.159638
-0.0138322
0.159427
0.184515
0.00809377
-0.0766173
0.137025
-0.175172
-0.0304566
-0.0481706
-0.374003
0.0876073
-0.0643197
0.206234
0.0436315
0.00730333
-0.301205
0.235909
0.102561
0.229205
0.416761
0.133566
0.617741
0.0714687
0.155533
0.106487
0.157772
0.0339194
0.0762282
0.0644246
0.132833
0.32024
0.268729
-0.0284211
0.0634331
-0.133312
0.0962837
0.0565582
0.116737
0.133087
0.180645
0.123055
0.161342
0.373384
0.181575
0.00364076
0.0993736
0.582604
0.212104
0.163434
0.192009
0.245773
0.243522
0.290589
-0.0280977
-0.0328315
0.207761
0.297728
-0.268415
0.368529
-0.035654
0.519195
0.143648
0.389311
0.359221
0.256531
0.408089
0.235934
0.0421958
0.051099
0.191525
0.118193
0.222891
0.198781
0.171089
0.203086
0.141866
0.08088
0.0999794
0.031454
-0.0224369
0.184086
0.153519
0.236486
-0.0923029
0.19504
0.17141
-0.0660687
0.322934
-0.000736952
-0.0434581
0.354094
-0.0489132
0.334938
0.175517
0.225145
0.393952
0.168482
0.208069
0.119436
0.145175
0.0785343
0.0788891
0.200924
0.415643
0.40955
0.275378
0.237083
0.233589
0.223485
0.411614
0.146041
0.127415
0.274124
0.20744
0.284658
0.267607
0.485402
-0.141428
-0.00178169
-0.0621283
0.158678
0.362153
0.180535
0.0835655
0.185371
-0.0241512
0.147904
0.189557
0.289928
-0.156149
0.269283
-0.0836526
0.128423
0.136393
0.30306
0.353606
0.113653
0.191368
0.0144246
-0.0148797
0.249107
-0.0629216
0.0430783
0.00617643
0.0666991
0.137837
0.184336
0.308389
0.544465
-0.0621329
-0.0698965
0.0486726
0.256617
0.179481
0.290732
0.513314
0.168588
0.245073
0.342176
0.275742
0.0873396
0.0475648
0.210572
0.0843603
-0.142888
0.0932701
0.128413
-0.0193678
0.151612
0.213324
0.341751
0.275046
0.305636
0.0133042
0.0679424
-0.0049417
-0.0434421
0.114305
0.205615
0.0932336
0.525875
-0.0444641
0.156431
0.367034
0.275446
-0.0173449
0.115574
0.490037
0.362108
0.250582
0.0166375
0.445152
0.41182
0.367487
0.425365
0.18723
0.0894401
-0.0171911
-0.0217161
0.272785
0.378001
0.349041
0.252589
0.443659
0.436566
0.127128
0.177662
0.295485
-0.215354
0.24834
0.276088
0.360073
0.285339
0.23269
0.454091
-0.0188525
-0.0738035
0.137154
-0.0578341
0.00787161
0.090056
0.10798
0.259661
0.0696852
-0.0532739
0.0713573
0.242686
0.00311538
-0.0695258
0.162746
0.254177
0.0949744
0.356874
-0.216037
-0.0756927
0.0420677
-0.0330935
-0.192134
-0.0286876
0.320827
0.187289
0.0579175
-0.0373406
0.193973
-0.0924366
-0.0863234
0.452787
0.230248
0.281967
0.17318
0.0153506
0.1959
0.265154
0.168152
0.0966128
-0.0174419
0.165363
-0.0635207
0.0844388
0.146266
0.261351
0.148109
-0.100641
0.420177
-0.0319446
-0.0106828
0.218061
0.147869
0.187473
-0.0114648
-0.0235335
0.335582
0.225105
0.276996
0.36733
0.254973
-0.095173
0.259662
0.0830961
0.0238208
0.133365
0.571161
0.20253
0.212197
0.0576323
0.0245678
0.232813
-0.0187569
0.110754
0.00638897
0.00611919
0.362417
0.196913
-0.120312
-0.011609
-0.291573
0.156838
0.107664
0.281559
-0.285597
0.144158
0.0772003
0.0266286
-0.00169308
0.235823
0.0334478
0.305645
0.153188
0.250922
0.169798
-0.159147
0.295862
-0.184238
0.0739266
0.153326
0.138082
-0.096218
0.0853242
0.179987
-0.00372014
0.332598
0.231925
-0.0424373
0.476997
0.313327
0.148913
0.0286362
0.236866
0.0471132
0.167087
0.044006
-0.0518745
0.278027
-0.122293
-0.0834361
0.012966
0.175308
0.176988
0.216508
0.190626
0.145263
-0.106678
0.173069
0.0140324
0.184272
0.136156
-0.0193066
-0.0180283
0.30203
0.147513
0.194377
-0.0169654
0.27799
0.10869
0.108524
0.157814
0.336281
0.0990219
-0.0811743
0.129778
0.103143
0.343737
-0.0322319
0.131993
0.0311758
0.00882252
-0.0441008
0.0417141
0.128904
0.0768783
0.18573
0.123599
-0.0649685
0.109214
0.329647
-0.0524879
0.10674
0.014507
0.0532522
0.0243788
0.478543
0.0883165
0.468852
0.126123
0.236761
0.168837
-0.117968
-0.148205
-0.106368
0.103799
-0.0542008
0.143853
-0.0334589
-0.229182
-0.330612
0.216603
0.166944
-0.0612339
0.335448
0.0146414
0.132934
0.0671197
0.119905
0.0449378
0.114468
0.258183
0.147669
-0.0226011
-0.25933
-0.0767737
-0.180173
-0.0565118
0.0417777
-0.309464
0.0301579
0.0231692
0.0416462
0.181205
0.186258
0.0457764
-0.00383379
-0.000276298
0.0364447
-0.00203338
0.267386
-0.020026
-0.134107
-0.238301
-0.00395512
0.291356
-0.0448872
0.281845
0.405645
0.0714844
0.497555
0.243978
0.407141
0.657664
0.215271
0.364522
0.486093
0.343252
-0.0176449
0.104456
-0.0233335
0.444324
0.126846
0.315122
0.492533
-0.206572
0.259375
-0.0295868
0.122207
0.327799
0.149853
0.195904
0.434841
0.251373
-0.100526
0.12169
0.271438
0.18674
-0.0601117
0.0408634
0.231069
0.179732
-0.0112979
0.0659917
0.22455
0.312747
0.22497
-0.0525472
0.110692
0.153553
0.292174
0.186994
-0.100547
0.179819
0.0984564
-0.0525853
0.216433
0.263325
0.160842
0.378935
0.00286322
0.426573
0.231738
0.149882
0.0561325
0.184941
-0.0324495
0.197681
0.298132
0.210107
0.178543
0.00760235
0.120112
0.212079
-0.0690574
0.115512
-0.107291
0.0849639
0.303049
0.0358835
0.139223
-0.0572724
0.211744
0.182353
0.154032
0.477303
0.251695
0.136771
0.233735
0.303083
0.218928
0.14641
0.180909
-0.00462982
0.331502
0.454244
0.446871
0.194352
0.198176
0.348991
0.217293
0.288376
0.0949812
0.0466519
0.0941472
0.450465
-0.033254
0.00366635
0.556995
0.0305213
0.131259
0.359829
0.575734
0.105961
-0.0412755
0.278021
0.124646
0.311871
-0.0308526
0.0739333
0.134574
0.077105
0.149365
0.0457384
0.166444
0.11763
0.187058
0.0416544
0.0427273
-0.0267573
0.0483435
0.0530206
-0.0817981
0.25711
0.169625
0.178952
0.156639
0.160863
-0.022631
-0.203808
0.168757
0.13559
-0.046963
0.239821
0.13524
0.176204
0.47141
0.108722
0.225435
0.0387175
0.0923042
0.174366
0.188359
0.0771042
0.295485
0.217301
0.154215
-0.00405638
0.0323544
0.26814
0.137566
0.333289
0.0869455
0.361845
-0.0519953
-0.0346128
-0.26462
0.0121905
0.362368
-0.11257
0.115918
0.188677
0.0603261
0.328334
-0.170829
0.0877856
0.407442
0.0831946
0.124743
0.24448
-0.244962
0.025713
0.618092
0.693065
0.590141
0.16622
-0.134062
0.0551069
0.0321085
0.760599
0.732232
0.455778
0.453652
-0.073734
0.2275
0.125252
0.650503
0.094884
0.613599
0.210202
0.0144308
-0.112545
-0.0105635
0.226551
0.254859
0.110991
0.287978
0.296102
0.0229256
-0.0497233
0.318957
-0.0475102
0.113004
0.543288
0.270625
0.353804
0.140103
0.0218704
0.262903
-0.220951
0.45267
0.194249
0.245613
0.15515
0.0704527
0.282652
0.191473
0.165214
0.288749
0.231407
0.0813464
0.0917523
0.125085
-0.0710776
0.225436
0.0418073
-0.0971756
0.513795
0.137766
0.172355
0.184836
0.380409
0.178717
0.33335
0.38869
-0.0965357
0.273624
0.137406
0.0451754
0.322101
0.276382
0.131237
0.18856
0.178955
0.0814468
0.322594
-0.039832
0.769723
0.436537
0.25808
-0.0301343
0.180491
0.200745
0.224093
0.428784
0.240049
-0.0909741
0.115067
0.43371
0.183387
-0.0764743
0.2784
0.3027
0.144329
0.200063
0.637333
0.27898
0.102518
-0.266664
0.159536
0.0271831
0.180453
0.628588
0.478293
-0.276636
0.0360165
-0.177066
0.0703796
0.293242
0.701584
0.224975
0.297983
0.354456
-0.045599
0.198777
0.56531
0.0461819
0.362988
0.224267
-0.163134
0.0147059
-0.0275552
0.316805
0.309103
0.0756184
0.105873
-0.201893
-0.0356544
0.286603
0.192443
-0.171863
0.145475
0.315259
-0.0623044
0.0273076
0.3532
0.387897
0.515414
-0.11579
-0.211671
-0.287534
-0.154447
0.591242
0.263518
0.553337
0.107441
0.0333719
0.311782
0.478408
0.550813
0.345697
0.646814
0.6753
0.532752
0.875407
0.234186
0.131719
0.373524
0.766205
0.458589
0.410059
0.532308
0.47324
0.958781
0.851321
0.642849
0.827861
1.14484
1.25138
1.99046
1.87516
1.56643
2.00014
2.19485
2.37867
2.53752
2.24083
2.81699
2.49469
2.58789
2.60509
2.73946
2.26344
2.62542
2.71713
2.57077
2.63648
2.81918
2.97061
2.98443
3.21915
2.76356
3.37484
3.6441
3.53758
3.88865
3.90132
3.91565
4.40074
4.2541
4.23958
4.20142
4.57509
4.35591
4.41488
4.50445
4.79598
4.63974
4.79694
4.96627
4.90326
4.90561
5.04123
5.12725
5.23679
5.30015
5.27004
5.77417
5.36583
5.976
5.86954
6.00982
6.07692
5.877
6.09059
6.24789
6.40774
6.74513
6.86605
7.04555
7.12089
7.38791
7.57962
8.01562
7.6516
7.88088
8.17505
8.25112
8.49754
8.60949
8.64717
8.40755
8.51194
8.94659
9.09982
8.9231
9.16603
8.99327
9.2471
9.35143
9.47116
9.38012
9.76088
9.65136
9.57078
9.611
9.80579
9.61505
9.80485
10.1442
9.81904
10.0585
10.0097
9.97711
10.3635
10.8126
10.2971
10.7165
10.8363
10.8226
10.851
11.2619
11.0206
11.5121
11.3385
11.299
11.6984
11.6284
11.7511
11.5564
11.719
11.9259
11.8717
12.2249
12.0763
12.3402
12.2592
13.1152
12.7094
12.9351
13.1702
12.9491
13.1314
13.3062
13.8344
13.9668
14.5275
14.5384
14.3479
14.6467
14.8321
15.0165
15.2706
15.5997
15.7004
15.8015
16.1147
16.314
16.4517
16.4966
16.592
16.5508
16.8959
16.9408
17.2384
17.1578
17.0709
16.9055
17.005
17.3672
17.5974
17.6018
17.4244
17.8473
17.7822
17.5843
17.9405
18.162
18.3842
18.6316
18.8788
18.6689
18.4452
18.8853
19.3376
19.2812
19.1642
19.2485
19.7716
19.2172
18.8471
18.6236
19.9331
19.5742
18.9332
19.3454
19.6822
19.4922
19.0424
19.4278
20.1393
19.2473
19.3817
20.3573
20.0517
19.2215
19.8926
20.8834
19.5362
18.9756
19.4614
20.1069
19.2207
19.596
20.5194
20.6074
19.7931
20.2523
21.4062
21.0805
19.8354
21.0016
21.6278
20.9961
20.144
21.0587
21.7885
21.1997
20.2904
21.1543
21.3205
20.5817
19.8752
20.9328
21.6348
20.437
19.9468
20.5283
20.456
20.1099
20.012
19.8653
19.6876
19.2487
19.4134
18.883
18.4735
18.8672
18.7212
18.3615
18.2387
18.0561
17.8384
17.4543
17.3525
17.3536
17.3391
17.2211
16.9642
16.7241
16.4448
16.7508
16.1619
16.1952
15.8045
15.9643
16.0718
15.9647
15.7692
15.3122
15.3291
15.4135
15.0296
14.554
14.8871
14.5063
14.5557
14.655
14.4153
14.5746
14.1636
14.3531
14.4696
14.1516
14.7299
14.4647
14.4327
14.2056
14.7816
14.2379
14.3844
13.931
14.254
14.168
13.7721
13.617
13.8492
13.4416
13.515
13.2527
13.8936
13.4617
13.2291
13.2889
13.1546
13.1829
12.962
12.7442
13.038
12.4965
12.8521
12.4195
12.313
12.1649
12.1649
11.8872
12.0845
11.6313
11.7857
11.7048
11.6747
11.3179
11.0966
11.2756
10.6709
10.7671
10.4317
10.2254
9.97695
10.1423
10.6985
10.1526
10.0283
9.84548
10.0302
9.82292
9.56252
9.67134
9.67597
9.718
9.59763
9.4015
9.85663
9.45445
9.51911
9.18877
8.96464
8.81827
9.35598
9.13793
9.30807
8.82815
8.4695
8.4646
8.73577
8.97474
8.27255
8.24203
8.64365
8.4092
8.19353
8.35682
8.57379
8.53702
8.5757
8.44338
9.09686
8.85431
8.92587
8.92718
9.02801
8.74678
8.98951
8.98359
9.17045
8.96207
8.90005
9.0753
9.32885
9.03338
9.12195
9.30138
9.00615
8.54247
8.82368
9.17087
9.03679
9.23653
9.04778
9.08554
9.16199
8.86218
9.15788
8.86395
9.03004
9.22067
9.26794
9.20927
9.19085
9.30648
9.27534
9.55216
9.84793
9.68738
9.35037
9.79201
9.92564
9.92781
10.0447
10.2618
10.0547
10.0814
9.98501
10.1075
10.1103
10.3509
9.90726
9.89136
10.0633
9.49163
10.0805
10.0292
9.85949
9.78209
9.52475
9.57322
9.65309
9.32261
9.68436
9.53922
9.87483
9.72123
9.70393
10.0288
10.3145
10.0645
9.99128
9.92315
10.3124
10.1853
10.2801
10.0161
10.5232
10.3261
10.1778
10.1986
10.6064
10.208
10.4533
10.1576
9.87545
10.4411
10.1925
10.2645
10.0152
10.2147
10.0033
9.86462
10.1629
9.85105
10.2531
10.2369
9.89804
9.91833
10.0121
9.63275
9.99914
10.1566
9.96478
9.83903
10.1131
10.435
9.92955
9.6843
9.79694
9.93426
9.64111
10.2161
10.3335
9.96024
9.89832
10.0398
9.98814
9.80417
9.90051
10.1569
9.79097
9.95026
10.2551
9.76979
10.0445
10.0195
10.0271
9.78382
9.96111
10.1419
10.3917
10.2695
10.3277
9.96906
10.1814
10.2025
9.9229
10.3348
10.1664
10.0176
10.2369
9.89401
10.4645
9.68077
10.1058
9.78115
9.97598
9.99413
9.82779
10.1102
10.342
9.92545
10.1967
9.98863
10.2486
10.2503
10.2444
10.0183
10.1487
10.4083
10.3626
10.1509
10.2831
9.85641
10.2321
10.257
10.4135
10.4668
10.0261
10.2338
10.2202
10.2504
10.2589
10.1497
10.2935
10.2207
9.99101
10.1878
10.4134
10.2607
10.1622
10.1347
10.0134
10.2214
10.0955
10.2411
10.1733
10.3715
10.1674
10.3779
10.0834
10.383
9.99482
10.3039
9.99163
9.96048
10.3268
9.92368
9.94736
10.0505
10.1654
10.1509
9.81634
9.79817
9.95789
9.74836
9.84366
9.7826
9.90512
9.72088
9.7739
9.66567
9.75473
9.79214
9.78804
9.41111
9.54603
9.61724
9.35149
9.25267
9.74829
9.48868
9.37854
9.54063
9.53685
9.52833
9.4566
9.14375
9.46136
9.45109
9.24951
9.28974
9.11689
9.46123
9.15659
9.52577
9.28016
9.19401
9.56546
9.14061
9.44078
9.22128
9.33297
9.50974
9.21096
9.37086
9.51785
9.46431
9.14473
9.59119
9.42392
9.60834
9.6515
9.46217
9.35401
9.37376
9.30145
9.31008
9.27329
9.3421
9.12623
8.98896
9.46674
9.04756
9.23727
8.90838
9.55108
9.09535
9.01289
9.46525
9.21772
9.36454
9.38965
9.18457
9.7872
9.68408
9.58039
9.84522
9.5629
9.3952
9.49711
9.55797
9.835
9.47912
9.30484
9.50978
9.2666
9.52611
9.51967
9.40563
9.38926
9.47324
9.55637
9.34047
9.57833
9.24089
9.14781
9.55288
9.23556
9.3133
9.52984
9.29362
9.06137
9.76834
9.50916
9.42394
9.40102
9.39013
9.38421
9.72774
9.42113
9.24528
9.3999
9.81617
9.2562
9.65916
9.52907
9.76083
9.59538
9.90602
9.78378
9.84153
9.82687
9.57078
9.30388
9.80334
9.5394
9.46389
9.67012
9.64041
9.54439
9.79934
9.60631
9.38659
9.63348
9.67711
9.74361
9.27602
9.43157
9.32247
9.10242
8.99791
9.3249
9.42805
9.26849
9.60718
9.09378
9.09138
9.34076
9.19782
9.4712
9.03048
9.42412
9.35489
9.49115
9.51571
9.41526
9.64183
9.26177
9.73596
9.54328
9.23588
9.48955
9.56516
9.554
9.37679
9.32086
9.32561
9.74613
9.12572
9.30507
9.30277
8.94914
8.99056
9.46452
9.09534
9.2935
9.31611
9.68762
9.21564
9.23209
9.29425
9.53455
9.30984
9.47215
9.51412
9.77064
9.20265
9.12166
9.56352
9.1681
9.29188
9.37499
9.40266
9.32778
9.4861
9.61764
9.22739
9.31349
9.43393
9.47675
9.26697
9.3001
9.58558
9.31314
9.4354
9.44374
9.34047
9.38378
9.12013
9.33141
9.38563
9.57934
9.5998
9.48082
9.49296
9.18564
9.57133
9.59743
9.38239
9.42302
9.22335
9.59887
9.37457
9.45859
9.57723
9.30317
9.68465
9.4187
9.15251
9.55379
9.37692
9.38552
9.66649
9.59781
9.36523
9.57896
9.35141
9.17223
9.54349
9.19629
9.28315
9.4891
9.29631
9.15916
9.15326
9.44799
9.1725
9.11711
9.19675
8.73632
9.58475
9.32353
9.19153
9.2099
9.12109
9.11412
9.14515
9.22227
9.08007
9.17181
9.38544
9.33076
9.31748
9.17548
9.38356
9.42336
9.32188
9.35815
9.22402
9.24934
9.27713
9.44082
9.70487
9.49067
9.4475
9.21986
9.05678
9.15615
9.28456
9.31861
9.35653
9.24149
8.91618
8.99169
9.04039
9.43542
9.3945
9.12295
9.51363
9.35272
9.39176
9.19292
9.23083
8.93102
9.32534
9.22957
9.175
9.32939
9.48729
8.83352
9.20838
9.17797
9.10997
9.09316
9.25831
9.19664
9.17465
9.11813
9.33071
8.84095
9.01441
9.05038
9.22194
9.08064
8.90401
9.51937
9.13392
9.15825
9.26501
9.24194
9.073
9.12225
9.24164
9.21326
9.4151
9.0529
9.61718
9.14288
9.08984
9.39389
9.44677
9.44136
9.38105
9.29066
9.72526
9.20535
9.33654
9.5241
9.39636
9.45562
9.50867
9.18028
9.47275
9.76791
9.88345
9.65816
9.8978
9.81166
9.46184
9.63381
9.34882
9.59015
9.52199
9.41513
9.96733
9.84558
9.67876
9.65428
9.87935
9.60274
9.78485
9.93007
10.1086
10.0207
10.0599
9.81205
10.4875
10.4835
10.0041
10.6254
10.4972
11.0494
10.6456
11.1501
11.4328
11.0918
11.2255
11.411
11.4384
11.5878
11.2827
11.5665
11.4379
11.3901
11.7127
11.9581
11.3926
11.9439
11.9674
11.9109
12.1416
12.2752
12.086
12.3744
12.9674
12.7748
12.8357
13.1858
13.029
13.4494
13.723
13.6669
13.583
13.8672
14.2266
14.1034
13.8003
14.1592
14.1607
13.9204
14.2069
13.8195
13.9861
14.1614
14.3349
13.9721
14.1519
14.6311
14.7288
14.7885
15.2634
14.7607
15.2297
15.4061
15.3109
15.4731
15.8263
15.9935
16.0009
16.1502
16.3072
16.3655
16.3229
16.2047
16.4527
16.8632
16.776
17.0203
16.9466
17.0666
17.2208
17.0528
17.0936
17.4452
17.2104
17.3488
17.1461
17.1614
16.8954
17.3111
16.9978
16.8791
16.9009
17.1975
17.4436
17.2824
17.2122
17.3036
17.2827
17.1775
17.2433
17.5656
17.66
17.3693
17.5264
17.495
17.8186
17.7926
17.5489
18.1103
18.1362
18.2958
18.3248
18.5788
18.6847
18.9111
18.9755
18.6863
18.7442
18.5786
18.2607
18.3219
18.2882
18.5326
18.2587
18.0095
18.2686
17.9375
17.9513
18.2627
17.9292
18.0157
17.7625
18.2377
17.9961
17.9601
18.0695
18.2893
18.0021
18.2376
18.0314
18.1554
18.358
18.16
18.079
18.351
18.3346
18.3319
18.4108
18.0204
17.8698
18.1246
18.0935
18.0772
17.828
17.9123
17.9511
18.0721
17.7121
18.0024
17.8369
18.0228
18.0259
17.9294
18.4139
18.0267
17.628
17.7725
18.1735
17.9755
17.9975
18.0605
17.757
17.84
18.2347
18.4054
18.2248
18.3262
18.6044
18.835
18.4652
18.6196
18.3899
18.4831
18.4871
18.6054
18.572
18.3517
18.6787
18.2641
18.436
18.1741
18.1875
17.7934
18.1004
17.9667
18.215
18.0759
18.3599
18.8273
18.7532
18.7152
18.8344
18.9864
18.5386
19.0497
18.9252
18.9421
18.9039
19.0304
19.231
18.6891
18.9704
19.0406
18.8173
18.8822
19.0434
18.8669
19.0917
18.849
18.8181
19.0342
19.1343
19.1756
19.068
19.1181
18.9882
18.8945
19.3701
19.1688
19.3168
19.3583
19.345
19.5801
19.7654
19.1343
19.6636
19.4079
19.6581
19.7017
19.548
19.6024
19.3794
19.4938
19.4256
19.688
19.5908
19.5745
19.4213
19.3703
19.734
19.632
19.1782
19.4655
19.66
19.4765
19.6779
19.5361
19.6407
19.5906
19.7646
19.4833
19.5272
19.6082
19.2299
19.257
19.4994
19.4258
19.3125
19.6177
19.7199
19.5165
19.3166
19.367
19.3589
19.4636
19.3556
19.3406
19.4554
19.9165
19.5826
19.4583
19.9139
19.2032
19.4006
19.7087
19.5872
19.8907
19.645
19.7276
19.603
19.668
19.6057
19.5813
19.8735
19.6712
19.6005
19.776
19.3627
19.4345
19.6112
19.6461
19.3197
19.9659
19.9427
19.8198
19.9222
19.7519
19.8773
20.0775
20.1251
19.7903
19.8984
20.114
19.9023
19.9832
19.8941
19.8154
19.9705
19.9361
19.6243
19.8313
19.6595
19.9672
19.6244
20.0611
19.5689
19.7806
19.9128
19.6066
19.8121
20.036
19.9538
19.7985
19.7528
19.9395
20.0953
19.8562
19.8063
20.0424
19.9754
20.1146
19.983
20.1829
20.3299
20.412
19.8593
20.3906
20.4898
20.328
20.3542
20.4868
20.3732
20.0664
20.4123
20.529
20.1942
20.1224
20.0485
19.7232
19.662
19.7486
20.0208
19.7393
19.9957
19.9409
20.1207
20.1932
20.3238
20.3426
20.3666
20.2339
19.9279
20.1325
20.2685
20.0153
20.4764
20.4725
20.4137
20.4667
20.5646
20.1188
20.5952
20.5425
20.2761
20.2231
20.2118
20.5071
20.4731
20.3193
20.2595
20.2824
20.2852
20.3349
20.2597
20.4591
20.7159
20.352
20.3542
20.4901
20.5455
20.5326
20.4196
20.9345
20.8199
20.9545
20.973
20.8194
21.0417
20.9223
21.0414
21.0361
21.2659
21.0747
21.0597
20.7276
20.7436
20.6526
20.3966
20.9067
20.5556
20.4427
20.2752
20.2648
20.4369
20.003
20.1738
20.4995
20.2087
20.1391
20.5073
20.5652
20.7972
20.8812
20.7803
21.1712
20.9922
21.3095
20.7489
20.9653
20.9616
20.9502
21.0945
21.3223
21.0914
21.0554
20.6996
21.2285
20.9391
21.0912
21.0694
21.2575
20.7769
20.9997
21.1532
21.0138
20.9018
20.865
20.7846
21.0251
20.929
20.9474
20.9103
20.6139
20.7408
20.6226
20.9386
21.1226
20.7296
21.0544
20.7682
21.0442
20.8784
20.9887
21.2394
20.996
21.0331
20.9846
21.2503
20.7257
21.0175
20.9224
21.1724
21.1584
21.2647
21.2061
21.1566
21.2631
21.3678
21.3088
21.1973
21.442
21.5893
21.4546
21.7834
21.1939
21.5214
21.3637
21.0989
21.5616
21.6892
21.8766
21.7761
21.482
21.9132
21.4597
21.6589
21.5458
21.712
21.9275
21.9997
21.9221
21.9812
21.8325
21.8684
21.7373
21.84
22.0325
21.7112
21.5493
22.1947
21.6499
21.6731
21.5456
21.3212
21.7474
21.9416
21.7683
21.6419
21.6658
21.5487
21.9854
21.8338
22.0066
21.9924
22.0837
22.2404
21.8455
21.877
22.2179
22.6064
22.2926
22.1996
22.4066
22.399
22.5495
22.6362
22.668
22.6343
23.0356
22.7357
22.8233
23.1213
22.9286
23.1188
23.0578
23.0762
23.0156
22.8909
23.0084
23.2424
23.2861
23.421
23.4772
23.5493
23.7235
23.5673
23.7928
23.9323
23.7547
24.0055
24.2047
23.8316
24.1935
23.8977
24.232
24.1917
23.987
24.0127
24.3613
24.2656
24.2039
24.2516
23.983
24.0013
24.3451
24.1157
24.5889
24.2382
24.445
24.6466
24.4429
24.4654
24.4628
24.5358
24.641
24.7505
24.7358
24.5957
25.0461
25.2133
24.7867
24.9835
24.978
24.9395
25.0154
25.4518
25.4581
25.3289
25.4003
25.0532
24.8683
25.1998
25.2172
24.9358
24.8314
25.1555
24.9185
24.9934
24.8388
25.1563
25.2893
25.8639
25.3259
25.3781
25.3924
25.7884
25.8901
26.1042
26.1491
25.7254
26.2113
26.5152
26.085
25.8692
26.0235
26.1406
25.9058
25.7525
25.6517
25.7546
25.9137
25.749
25.891
26.0103
25.9019
26.4756
26.4541
26.9871
27.1749
26.7452
26.773
26.7077
26.9453
27.0882
26.9271
27.0779
26.8285
26.7552
26.4311
26.4946
26.935
26.6823
26.6083
26.5189
26.5209
26.2721
26.3574
26.9076
26.5725
26.1188
26.4742
25.9674
26.0429
26.3452
26.5054
26.4804
26.299
25.7754
25.8529
25.7492
25.7681
25.898
26.2276
26.0178
25.8478
25.728
25.2785
25.3194
25.7703
25.6115
25.156
25.6484
25.4672
25.2223
25.1404
25.1037
25.1932
24.6412
25.0167
24.9094
24.6417
24.6529
24.3705
24.2369
24.1008
24.2592
23.9596
23.9121
23.7893
23.8049
23.4883
23.5604
23.484
23.5731
23.6707
23.0508
23.6348
23.6294
23.6304
23.6403
23.329
23.2562
23.6631
23.4328
22.9892
23.3802
22.7031
23.0842
22.9367
22.8084
22.8938
22.4956
22.4975
22.0055
22.1212
22.2226
22.1193
22.1537
22.2023
21.9617
21.5975
21.6141
21.3876
21.6442
21.6295
21.5493
21.5435
21.2052
21.3285
21.1986
20.8056
20.9131
20.934
21.1865
20.8655
20.7734
20.7486
20.535
20.6596
20.2598
20.0682
20.2124
20.2616
19.5994
19.6689
19.7017
19.3645
18.8481
18.7677
18.7152
18.106
18.4
18.1019
17.6938
17.2086
16.9839
17.0016
17.0044
16.6695
16.3494
16.1428
15.6148
15.6947
15.5703
15.5093
15.4244
15.4854
15.4662
15.7105
15.444
15.6871
15.7417
15.5156
15.7416
15.6833
15.2675
14.9951
15.0622
14.5915
14.5662
14.6317
14.2871
13.8888
13.5019
13.2259
13.4024
13.2177
12.9683
12.5845
12.6364
12.1195
11.9396
11.8123
11.9077
11.5774
11.7412
11.597
11.7148
11.6371
11.6328
11.5709
11.4075
11.3989
11.6519
11.8055
11.4439
11.6985
12.0321
11.9375
11.64
12.059
11.7626
11.8187
12.169
11.7866
11.3392
11.6729
12.0921
11.5982
11.38
11.3661
11.0163
11.1877
10.7845
10.9073
10.9544
10.6421
10.7037
10.7965
10.6497
10.3075
10.4164
10.4176
9.99474
10.3365
10.1938
10.1996
10.123
10.1618
10.2721
10.1576
10.2939
10.2003
10.1814
10.351
10.545
10.8294
10.2854
10.4844
10.1447
10.4497
10.6214
10.5008
10.1613
10.4213
10.3167
10.0805
10.1411
10.37
10.3479
10.1671
10.4525
10.3591
10.0541
10.2876
10.073
10.1608
9.94761
9.90568
10.1772
10.0133
9.82663
10.0368
9.94095
9.64539
9.90707
9.21949
10.0409
9.62481
10.2346
9.73782
9.81292
10.0212
9.99386
10.0359
10.2175
10.4067
10.0581
9.91995
10.0512
10.0828
9.74555
9.97722
10.0634
9.96883
9.90361
9.73627
9.76422
9.83556
9.58159
9.64972
10.1586
9.69367
10.1496
9.95308
10.188
10.3608
10.3861
10.43
10.6629
10.4028
10.8372
10.7317
10.518
10.5441
10.8821
10.4759
10.7646
10.5514
11.0222
11.0471
10.683
10.9747
11.2737
11.3182
11.4519
10.8502
11.1574
11.0685
10.9549
11.1897
11.2396
11.3945
11.1251
10.9861
11.1496
11.0425
11.3802
11.1886
11.4197
11.2772
11.8473
11.7776
11.5458
11.689
11.6931
11.6913
11.8238
11.7342
12.1017
11.9052
11.9745
12.3993
12.4216
12.4655
12.6608
12.6482
12.874
12.8429
12.8439
13.337
13.1139
13.2342
13.2664
13.4381
13.357
13.0727
13.246
13.1024
13.2667
13.2419
13.0779
12.7707
13.1764
12.9816
13.1701
12.9748
13.2221
13.0747
13.3797
13.3351
13.0412
13.4879
13.7707
13.7167
13.7228
13.6695
13.7795
14.4886
14.2886
14.2664
14.207
14.8888
15.027
14.5193
14.6534
15.0322
15.0316
15.1008
15.2757
15.3485
15.2999
15.0879
15.2327
15.1563
15.0829
14.8531
14.841
15.2356
15.0423
15.0079
15.0909
14.946
14.7701
14.8232
14.7695
14.916
15.1321
14.9714
14.9925
15.2708
14.8481
15.2294
15.1012
15.1631
15.3577
15.397
15.3095
15.5644
15.6724
15.8054
16.0211
16.0025
16.2519
16.1977
16.0797
16.1204
16.5246
16.3834
16.4335
16.4812
16.4352
16.5757
16.2182
16.7735
16.4295
16.6503
16.4318
16.3556
16.7309
16.7674
16.5346
16.7531
16.763
16.8501
17.0732
17.1743
16.9583
17.4273
17.5393
18.0716
17.9582
18.2226
18.1601
18.2121
18.1304
18.2247
18.3265
18.2676
18.3659
18.2398
18.4008
18.3485
18.4868
18.4626
18.4675
18.09
17.9941
17.9861
17.7023
17.9229
18.0899
18.002
18.3539
17.8531
17.9211
18.2091
17.9326
18.0579
17.807
17.9358
18.4819
18.4644
18.4097
18.8529
18.5068
18.4337
18.2041
18.8905
18.8486
18.4742
18.5041
18.5201
18.3899
18.323
18.1061
18.0369
17.6836
17.902
18.1707
17.4216
17.1421
17.3302
17.3827
17.2666
17.1352
17.2562
17.0605
17.3981
17.5393
17.3522
17.3236
17.8492
17.9679
17.583
18.0996
17.9354
17.6602
17.5173
17.7965
17.4145
17.7852
17.9678
17.6075
17.4353
17.3848
17.2269
16.8031
16.6155
16.988
16.9073
16.7851
16.5294
16.5802
16.3629
16.5347
16.2149
16.6155
16.5401
16.5218
16.6877
16.1137
16.183
15.9109
16.5386
16.0499
16.1599
16.3674
16.654
16.2592
16.2483
16.1571
16.0556
16.014
15.969
16.3237
16.4376
16.3577
16.4418
16.4083
16.0353
16.1399
16.1483
16.4314
16.7185
16.6096
16.1488
16.0274
16.1779
16.0338
15.9408
16.0933
16.1293
15.8265
16.3437
16.0964
16.3046
16.2868
16.2868
16.351
16.176
16.4803
16.2379
16.4933
16.3345
16.3291
16.5978
16.473
16.7131
16.478
16.9471
16.9572
16.8135
16.8386
16.8058
16.9343
16.7336
17.0758
17.0596
16.6987
17.0261
16.8102
16.5681
16.5454
16.4027
16.3083
16.3339
16.1288
16.4292
16.172
15.6656
15.8799
15.8556
15.7467
15.9932
15.7002
15.6724
16.0268
15.5928
15.8647
15.5302
15.353
15.4776
15.7896
15.6538
15.464
15.5301
15.2776
15.3986
15.5197
15.2946
15.0711
15.0926
15.184
14.8359
14.6989
14.4453
14.2743
14.264
13.9066
14.0419
13.675
14.0942
13.5543
13.5272
13.8443
13.8102
13.0829
13.0084
13.0601
12.6871
12.7895
12.4736
12.4386
12.4029
12.0027
11.8777
11.5838
11.2137
11.2329
10.9197
10.7128
10.5244
10.4954
10.1736
10.0327
9.74222
9.78491
9.38406
9.14275
8.87233
8.38978
8.85814
8.59943
8.32582
7.79979
7.83028
7.7696
7.23221
7.05742
6.82741
6.61734
6.46653
5.99388
6.03982
5.72658
5.77429
5.05075
5.11699
4.99557
4.93102
4.59138
4.43078
4.29056
4.22566
3.91797
3.55579
3.38581
3.1721
3.36029
3.12555
2.74178
2.72286
2.78572
2.48115
2.30964
1.95096
2.14903
1.44742
1.77483
1.71327
1.61969
1.42917
1.53387
1.35918
0.879462
0.986143
0.939491
1.08452
0.90187
0.916925
0.954738
0.80751
0.864175
0.898825
0.636077
0.497018
0.321993
0.499087
0.412398
0.709375
0.856488
0.440589
0.480386
0.505284
0.162723
0.17492
0.235792
0.442097
0.333697
0.5408
0.848663
0.215639
0.371083
0.397572
0.459302
0.41472
0.429331
0.649003
0.588868
0.531531
0.505631
0.548457
0.495447
0.304149
0.0485661
0.618413
0.485534
0.698248
0.382778
0.510175
0.279048
0.468685
0.338695
0.441828
-0.120179
0.475897
0.258959
0.48807
0.16986
0.181181
0.249043
-0.0286811
-0.0885883
0.0532653
0.396826
0.417496
-0.0621834
0.200721
0.418828
0.0187567
0.0681194
0.475154
0.018826
0.376137
0.310785
0.327564
0.141112
0.238727
0.328737
0.170591
-0.0399988
0.0617291
-0.0148144
0.352094
0.121673
0.419893
0.670492
0.27611
0.70962
0.696218
0.245907
0.459639
0.362934
0.187192
-0.172156
0.358188
0.518958
0.276971
0.249191
0.267236
0.316336
-0.146918
0.357352
0.0304488
0.567092
0.318931
-0.0632471
0.284271
0.112974
0.247032
0.343122
0.446992
0.492985
0.444732
0.414467
0.452581
0.184064
0.597016
0.463084
0.473444
0.486375
0.443723
0.503103
0.404995
0.179013
0.60988
0.352542
0.33004
0.493921
0.668732
0.0352934
0.0597413
0.114274
0.153717
0.10844
0.469954
0.00720885
0.810066
0.339265
0.0220634
0.0918196
0.137716
0.0434128
0.125276
0.08348
0.110759
0.345969
0.439912
0.333576
0.264976
0.434882
0.135772
0.131067
0.518424
0.456669
0.147027
0.612013
-0.0450369
0.152395
0.265634
-0.0497276
-0.174181
0.285202
0.206874
0.220124
0.111941
0.326578
0.316644
0.211259
0.328725
0.228884
0.491598
0.45044
0.189512
0.183973
0.0430492
0.308564
0.331766
0.554282
0.0132425
-0.115576
0.490876
0.538651
0.325075
0.0750455
0.156706
0.243758
0.332959
0.0103339
-0.108386
0.287966
0.162657
-0.0520325
0.240563
0.267338
0.416852
0.11859
0.312819
-0.13641
0.210428
-0.0829312
0.0110728
0.107426
0.277435
0.0645262
0.153502
0.0683347
-0.0350033
0.172632
0.0659909
-0.198833
0.174826
0.437924
0.257459
0.708399
0.194339
0.454452
0.252784
0.43383
0.304937
-0.130215
0.522642
0.24831
0.160574
0.136333
-0.0150936
-0.195075
0.323726
0.146809
0.0902217
-0.0183587
-0.0789363
-0.101787
0.324766
0.489191
0.387538
0.201046
-0.0285295
-0.178748
0.30541
0.147397
0.189434
0.236885
0.735734
0.116099
-0.0621021
-0.147273
0.181498
-0.0591048
0.0673971
-0.311538
0.378042
-0.0323508
-0.226959
-0.101836
-0.0637782
0.163795
0.120271
0.0511199
0.16498
-0.140964
-0.17538
-0.0596754
0.577168
0.00154796
-0.374704
0.463583
0.236788
-0.286955
0.288823
0.532481
0.205401
0.0685427
0.210021
0.0622402
0.155764
0.243738
-0.15662
-0.271682
0.0336409
0.100762
0.40903
0.0721213
-0.13146
0.129505
0.12625
0.0341632
0.359162
0.0389778
0.182808
0.00213436
0.521744
0.290737
0.0404854
0.311434
0.853363
-0.0791226
-0.0826983
0.230097
0.265412
0.270686
0.16597
0.374236
0.189501
0.421452
-0.0268119
-0.170901
0.249099
0.0852649
0.359173
0.264123
-0.0691744
-0.220646
-0.0992001
-0.0987246
0.221321
0.246861
0.274999
0.137867
-0.380931
0.328923
0.136911
-0.0697607
0.212452
0.537147
0.251314
0.332562
0.221338
0.182223
0.41344
0.672417
0.393387
0.517371
0.153428
0.106265
-0.00431667
0.354855
0.00948897
-0.00259073
0.0791084
-0.177821
0.418754
0.313363
0.0435596
0.188259
0.121012
-0.0923895
0.0140082
0.00238406
0.0499007
-0.234634
0.210206
0.153777
0.276597
0.0919758
0.467244
0.157436
0.0682376
-0.19499
-0.0409331
0.0310934
0.0304369
0.078755
0.216229
-0.0745832
0.282642
0.321932
0.0913126
0.282876
0.399101
0.447407
0.0646692
0.377388
0.323055
0.305627
0.389788
-0.101368
0.0262003
0.0736534
0.210579
0.374714
0.140416
0.264932
0.0688354
-0.0622617
0.222492
0.00834141
-0.0242651
0.471481
0.125249
0.129574
0.382535
0.330895
-0.191962
0.111024
0.349695
0.0770433
0.0737139
0.171057
0.110775
0.502537
0.157259
0.0115304
0.219462
0.263766
-0.0829269
0.133517
0.11024
-0.0905866
0.233603
0.128152
0.303322
0.374504
0.264241
0.0103773
0.350364
0.414371
0.553639
0.419019
0.349548
0.146999
0.258703
0.439965
0.27467
0.27432
0.162106
0.465462
0.365337
0.0784835
0.338146
0.309267
0.240434
0.339342
0.458881
-0.0875514
0.125107
0.00091305
0.219047
-0.00655629
-0.0192732
0.350009
0.232378
-0.0931184
-0.113095
0.0700808
0.25131
0.12147
-0.14965
-0.206967
0.105595
0.144341
0.0510936
-0.0332481
0.468114
0.146947
-0.0709245
-0.027134
0.361483
0.046214
0.107953
0.20318
0.0967828
-0.0441382
0.428611
-0.534683
0.191387
-0.187798
-0.216671
0.0166664
0.220931
0.167135
-0.21796
0.0890232
0.138719
-0.100813
-0.0484527
0.178832
-0.132085
-0.0171487
0.31677
0.0761621
0.252119
-0.214123
0.0780502
0.0668367
-0.231917
0.0345488
0.239896
0.15879
0.238015
-0.127277
-0.108042
-0.0946402
0.00374154
-0.0111539
0.127688
0.072582
-0.158562
-0.0160703
0.028151
0.0575224
0.149376
0.39276
0.265693
0.0977103
0.117654
-0.193569
0.00705754
0.127413
0.069746
0.0620322
0.0509146
0.0805786
0.0173845
0.0618494
0.0844944
-0.188814
0.328764
-0.0153206
0.197101
0.227186
0.48628
0.088372
0.129682
0.302611
-0.105374
-0.0638144
0.104836
0.161017
0.397957
0.200505
0.36041
0.285665
0.0831844
-0.0754912
0.265124
0.243365
0.423489
0.280035
0.269487
0.5205
0.171526
-0.0259256
0.434837
0.182624
0.348382
0.267858
0.416317
0.273543
0.192969
0.0656741
0.499353
-0.0650242
0.408244
-0.0747201
0.160929
0.0552375
0.131159
0.34806
0.0446791
0.347658
0.0886391
0.425022
0.648312
0.45571
0.621964
0.22472
0.563206
0.380281
0.0235441
0.0171412
-0.108428
0.0152698
0.553907
0.246109
0.141593
0.400193
0.27053
0.291847
0.15465
0.158102
0.150065
0.704502
-0.201953
0.131661
0.075057
-0.077458
0.237887
0.161391
0.0582594
0.117804
-0.107208
0.644225
0.60139
0.254332
0.428446
-0.000955383
0.127308
0.3846
0.106085
0.0474995
0.123515
0.313468
0.117129
0.487429
0.444543
0.295182
0.555121
-0.0110419
0.028757
-0.0748207
0.26489
-0.243958
0.123158
0.32485
0.174508
0.190021
0.365855
-0.0448252
0.105663
0.046968
0.148593
0.267104
0.0740801
0.240263
0.369701
0.17551
0.0699129
0.324095
-0.102999
0.0392867
0.470966
0.366546
0.324861
0.0351656
0.0163401
0.300458
0.189199
0.391297
0.085639
0.0365471
0.261044
0.175182
0.212641
0.341897
0.117735
0.167637
-0.248592
0.271925
-0.165727
0.395807
0.179568
-0.0900256
0.262425
0.184694
0.210991
-0.122098
0.0947297
-0.0936681
0.274559
0.236696
-0.0699803
0.399207
0.102706
0.351897
0.0307498
-0.0731828
-0.0286928
0.343402
0.349578
0.523821
0.302646
0.291142
0.152225
0.00289256
0.515267
0.468668
0.515489
0.633518
0.500898
0.654744
0.482939
0.22131
0.648844
0.207171
0.118622
0.38993
0.19381
0.147465
0.379308
0.309035
0.431252
-0.03229
0.318777
0.100774
0.211571
0.0804894
0.513127
0.542613
0.467116
0.29685
0.0731384
0.288347
0.0219509
-0.0431938
0.137679
0.364878
0.248314
0.108535
-0.0470267
0.490208
0.31561
0.0320403
0.469881
0.126199
0.352871
0.0741354
-0.248843
0.087542
0.0463043
0.0746832
0.135239
0.0394411
0.241119
0.342719
0.185852
0.308083
0.202884
0.2363
0.19952
-0.196384
0.263861
0.309617
-0.0766467
0.191216
0.221721
0.255366
0.0499892
-0.0588025
0.32132
0.189951
0.39673
0.296343
-0.34258
0.0135576
-0.00627255
0.175458
-0.0781552
0.207817
0.202081
0.5551
0.0730524
-0.0673644
-0.359598
0.217117
0.159469
0.29183
0.0193815
0.00513971
0.291805
0.404888
-0.202163
-0.192874
0.160432
0.348507
0.0366533
0.0400402
0.149867
-0.213186
-0.126492
0.209125
-0.0545069
0.087367
0.206363
0.431258
0.618108
0.165849
0.512871
0.312925
0.463343
0.272888
0.186912
0.378239
0.195561
0.403004
0.593736
0.246049
0.376913
0.518729
-0.381401
0.187367
-0.00890098
-0.0917508
0.0107282
-0.180783
0.0951714
-0.0496009
0.360572
-0.0627211
-0.0129015
0.339882
0.278658
0.00690407
0.117658
0.152322
0.430235
-0.148092
0.173083
0.189655
-0.257017
-0.14104
-0.376132
0.451219
-0.0445019
0.443248
0.387724
0.166599
0.288849
-0.138489
0.0597967
0.00816174
0.16582
0.280031
-0.0198049
0.351727
0.175598
0.271847
0.381427
0.106443
0.337527
0.195028
0.414793
0.398288
0.17571
0.0946582
0.553252
0.34713
0.428864
0.164536
0.0696881
-0.191666
0.289018
0.323066
-0.034715
0.12277
0.288888
0.534352
0.338837
0.15819
0.177941
0.553054
-0.012474
0.0945204
0.439593
-0.048158
0.111265
0.431207
0.0420809
-0.0304899
0.376335
-0.21237
0.389056
0.573366
0.23366
0.310729
0.147848
0.136588
0.0151686
0.304155
0.469433
0.19924
0.243849
0.192466
0.0199104
0.148539
0.129346
0.14976
-0.145105
0.105632
0.295111
0.140729
0.493235
0.493196
0.247391
0.34892
0.156476
0.172249
0.602872
0.125618
0.352629
0.378981
0.099836
0.350804
0.071933
0.180202
-0.291011
0.264113
-0.308423
0.0769663
-0.0914665
0.154836
0.206679
-0.0102486
0.501453
0.226263
0.250802
0.127182
0.21694
0.399655
0.152494
0.0340736
0.266648
0.322421
0.443704
0.578652
0.0837616
0.14798
-0.00655054
0.0963503
0.0291256
0.268902
-0.10698
0.296179
0.0181902
0.0441282
0.295812
0.103511
-0.0431842
0.394491
0.386121
0.32453
0.398548
-0.208781
0.338066
0.317809
0.123393
0.437309
0.300983
0.0102676
0.565615
0.249056
-0.0688395
-0.102757
0.412177
-0.274421
0.309205
0.282254
0.466299
0.124765
0.196255
0.554126
0.39088
0.312281
0.269413
0.0800576
0.23129
0.0923302
0.278707
0.301633
0.450217
0.363591
0.216392
0.275634
-0.0393255
0.104137
0.225597
0.133986
-0.0755637
0.0520187
0.138677
0.285599
-0.234053
0.446494
0.602638
0.419406
0.213532
-0.382066
0.319546
-0.0885441
0.199437
0.14472
0.0582346
0.0797123
-0.0145884
0.308517
0.159186
0.403968
0.486293
0.201421
0.127649
0.200133
-0.125963
0.294969
-0.0136045
-0.0879094
0.178798
0.198196
0.0892403
-0.0356167
0.366179
0.442788
-0.0420015
-0.078823
-0.013515
0.0807229
0.147556
-0.222233
0.00458413
0.0383399
0.222231
0.148273
0.125591
0.00101856
0.0803029
0.0380765
0.274991
0.205466
0.33103
0.414475
-0.131307
0.455125
0.299305
-0.0508826
0.203323
0.147678
0.115589
0.303753
0.196086
-0.156665
0.159387
0.198197
0.348007
0.0393647
0.126519
0.245174
-0.0963806
0.0310517
0.0462727
0.230698
0.0933313
0.0222015
0.242501
-0.119622
0.192937
0.0681688
-0.228365
0.108098
-0.0210793
-0.0156149
0.140819
0.054466
0.0783267
-0.045572
-0.0135755
-0.22742
-0.0624789
-0.280264
0.108991
-0.170844
0.117297
0.321351
-0.0914877
-0.190784
0.128429
0.155634
0.0690804
0.206614
0.0696847
0.11008
0.113008
0.202226
-0.103309
-0.166124
-0.173474
-0.141666
0.0315796
0.0959039
0.0261509
-0.0366794
0.197802
-0.258924
-0.336473
-0.255746
0.0874733
0.0766274
0.124012
0.34068
0.0289521
0.175558
0.208525
0.29207
-0.0461484
0.100231
0.151779
-0.0678165
0.144209
0.193558
0.310456
0.32139
0.117792
0.164929
-0.0139742
0.36436
0.115664
0.231237
0.288714
0.28083
0.194751
0.324877
0.281934
0.267005
0.401516
-0.00166283
0.202749
0.114261
0.0589423
0.205063
0.345772
0.0851437
0.399425
-0.011877
0.300343
0.138053
0.0779034
0.316904
0.429121
0.213821
0.0463784
0.0488177
-0.110984
0.481743
0.338976
0.223268
0.170915
0.305284
0.14957
0.108362
0.393852
0.424404
0.113808
0.361501
