0.115071
0.0636479
0.113081
-0.0752999
0.242657
0.163443
0.0298896
0.234762
0.0144386
0.0745018
0.0146316
-0.270287
0.220712
-0.148084
0.0959601
0.049579
-0.0284449
-0.0389439
0.0776569
-0.00765158
-0.0769526
0.267811
0.237083
0.107946
-0.114429
-0.0996623
-0.00559285
-0.0628565
0.121932
-0.0893059
0.115879
-0.0533927
-0.0648057
0.0285885
-0.0720032
0.00909167
-0.0319974
-0.133999
0.342643
-0.290612
0.0556633
-0.0191058
0.182909
-0.273787
0.254107
0.162344
-0.170843
-0.0537244
-0.38906
-0.358569
0.0455749
0.0704836
0.0863482
-0.115095
0.139267
0.386317
0.227138
-0.0249446
-0.264355
-0.0389478
-0.197582
-0.281621
-0.452719
0.0731349
-0.147888
-0.294219
-0.114217
-0.275292
0.300351
0.0410889
0.108933
-0.352489
-0.0652577
-0.0049122
-0.258945
-0.102817
0.122121
-0.0766683
-0.0167595
0.260827
-0.132753
-0.059705
0.0378336
0.34191
0.0195881
-0.157872
-0.249862
-0.131399
-0.300539
-0.0688493
0.135303
0.0280121
-0.178443
-0.11839
-0.228832
-0.0141385
0.0301995
0.176621
0.107024
-0.0305393
-0.160343
0.223634
-0.225008
-0.169135
0.0509194
0.11126
0.0111923
0.244072
0.105083
-0.0446227
0.0850034
0.0668115
0.0224382
0.281725
0.127732
-0.139027
-0.0906688
-0.0275094
0.37247
-0.285132
-0.0279924
0.212381
-0.127366
-0.0431424
0.09981
-0.154734
-0.142396
0.134004
-0.107805
-0.0890535
0.0849215
-0.264152
0.115953
-0.0218962
-0.258316
-0.40585
-0.404173
0.224039
-0.176782
0.0257066
-0.0332277
-0.127423
-0.230098
0.0347833
-0.173681
-0.0717188
-0.254172
-0.169003
0.132945
-0.17633
0.06809
-0.16683
-0.355586
0.0539563
-0.0456955
-0.170845
-0.273764
0.066853
-0.000878372
-0.0624358
0.0666384
-0.0528014
0.0144677
0.324153
-0.0636685
-0.266117
-0.156921
-0.201336
0.124002
-0.0427478
0.212938
0.0561281
0.00945083
-0.166526
-0.27025
-0.00975997
-0.0899148
0.0581124
-0.268398
-0.0425555
0.0426857
-0.13853
-0.105432
-0.0110471
0.131337
-0.122744
-0.0205169
0.154617
0.0466134
-0.223017
-0.0300942
-0.408038
-0.162984
-0.335306
0.271327
0.135664
0.0881404
0.0484227
0.0119855
0.00410328
-0.172404
-0.040842
-0.0839957
-0.0257773
-0.176956
-0.261315
0.000242598
-0.0121172
-0.0735972
0.0655854
0.174493
0.212127
0.177809
-0.0232719
-0.169585
-0.0670503
0.0893463
0.114708
-0.0254962
-0.0234744
0.199941
0.0150097
-0.136396
0.14797
-0.155526
-0.0953837
-0.150396
-0.192082
0.0147128
-0.189026
-0.0924234
-0.0334533
-0.0766456
0.0558421
0.133855
-0.106829
0.211413
0.0350041
0.243929
-0.0019403
0.179242
0.113422
-0.223993
0.0490274
-0.0990164
-0.233187
0.236907
-0.134826
0.0652853
0.0446448
-0.249589
-0.0173445
-0.106379
-0.0267588
-0.220626
-0.365041
-0.0855296
-0.392204
0.00471885
-0.0759822
-0.0401847
-0.446754
0.137893
-0.235831
0.0209545
0.0629909
0.0826485
0.181212
0.0375252
0.279005
0.203488
0.0014612
0.189861
0.0746167
-0.172103
-0.0617164
0.170316
-0.175972
0.052855
0.0199011
-0.313064
-0.226156
0.16648
-0.0386911
-0.324885
0.217243
-0.0378039
-0.0928857
0.0219786
-0.373424
0.0396146
-0.156471
0.41663
-0.0579408
0.338744
-0.0493012
-0.0797615
0.347253
0.0273796
-0.0937726
-0.039056
0.173976
0.20884
-0.00575198
-0.121405
-0.00481542
0.0443867
-0.210973
-0.112762
-0.0795894
-0.0387262
-0.193986
-0.0389905
-0.0381792
-0.0549153
0.162891
-0.331989
0.279933
0.0374931
-0.363328
-0.186344
-0.0555915
-0.00180231
0.187345
0.0775065
-0.0704454
0.218559
-0.0100438
0.204664
-0.261056
0.322933
0.0768536
0.0233306
0.176928
0.00856409
0.061755
-0.190235
-0.0900412
-0.0878086
0.068847
-0.137776
-0.269709
0.0490512
-0.0741529
-0.045222
0.284162
-0.00347298
-0.22001
-0.294825
0.0966339
-0.023615
0.324342
-0.00954066
-0.142898
-0.0239974
-0.0284866
-0.0690303
-0.00909509
-0.353554
0.0853275
0.182971
-0.0731587
-0.0983453
0.0585015
0.181745
-0.0297709
0.128542
-0.120885
-0.00859124
-0.131354
-0.180744
0.0650063
-0.0329162
-0.141398
0.0750211
-0.268717
0.0277852
-0.331973
-0.236023
-0.142266
-0.209413
-0.0538548
-0.211634
-0.277866
-0.126387
-0.0181883
0.0446891
-0.0551038
-0.140896
-0.155692
0.169108
0.283112
-0.021205
-0.0193058
-0.0670716
0.0253565
0.0565067
-0.165244
-0.267303
-0.122472
0.148104
0.150158
-0.039837
-0.149722
-0.134256
-0.142972
0.0453488
0.242183
-0.230348
0.215341
-0.0927491
-0.193246
0.0489567
-0.273601
-0.046547
-0.108923
0.175765
-0.112989
-0.020116
-0.0513383
-0.0707268
0.0515395
-0.244242
0.0719224
-0.0604534
0.176913
-0.104157
-0.0693677
-0.0159198
0.00308261
-0.153917
0.208149
-0.119088
0.0347259
0.0688265
-0.240672
0.112298
-0.370147
-0.214317
-0.248773
-0.253659
-0.146964
0.104453
-0.423932
-0.210489
-0.110511
-0.0821626
-0.0922923
-0.368826
0.0858989
-0.244436
-0.0288764
0.111786
-0.0622167
0.0882494
-0.0432712
-0.0875216
-0.0486031
-0.0673513
0.0431918
-0.380165
0.119426
-0.0299434
-0.126386
0.299277
-0.0614601
-0.114764
-0.120889
-0.0134281
-0.281001
-0.118736
0.0737188
-0.404214
-0.113988
0.224135
0.0746538
-0.0948093
-0.330942
0.191955
-0.140177
-0.221294
0.0643106
0.106682
-0.0185799
-0.108675
-0.357203
-0.178444
0.0446447
-0.0835482
0.0798146
-0.128933
0.291105
0.137617
-0.0286198
0.0377527
-0.00391884
0.270499
0.227053
0.12919
-0.0915835
-0.0600791
-0.0846696
-0.149505
-0.0441539
-0.0608305
-0.0233284
-0.0157953
0.0114893
-0.000988617
-0.0796872
0.0233973
-0.0507578
-0.268817
-0.00289748
0.0205539
-0.0576341
-0.00641785
-0.0204517
-0.0224396
0.0670912
-0.175224
-0.228378
-0.0708813
-0.101721
-0.107893
0.321298
0.0726895
-0.0199345
0.101539
-0.0694958
-0.0644139
0.159358
-0.111145
0.0420523
-0.0804042
-0.0550606
-0.0176895
0.0154744
-0.369381
-0.107313
-0.181605
-0.192058
-0.134887
-0.190805
-0.0907446
0.0598109
-0.00915803
0.425009
0.0313048
0.193738
-0.0936466
-0.186846
-0.061263
-0.0285331
-0.0191169
-0.139703
-0.292114
0.00440313
-0.255481
0.185083
-0.161189
0.210913
-0.197786
0.114122
-0.16147
-0.256139
-0.108551
-0.0938183
-0.121513
0.0407627
-0.0945114
0.031054
0.211084
0.174214
-0.420883
0.0906324
-0.0253895
0.0396468
-0.232447
0.0882324
-0.309279
-0.194732
-0.0724518
-0.0515089
0.151114
-0.288928
-0.102018
0.170116
-0.00703729
-0.145618
-0.116635
0.0421579
-0.225744
0.00623931
-0.0271363
-0.00194105
-0.166998
-0.125328
-0.47463
-0.0779452
0.146908
-0.0545577
0.0371314
0.0154158
-0.179834
0.0201317
-0.0871775
-0.179568
-0.00327141
-0.140776
0.359464
-0.0320808
0.0932753
-0.404918
-0.21885
0.102666
-0.220494
-0.0630168
-0.166192
0.00959986
0.0110655
0.0914176
0.00788575
-0.170431
0.164502
0.0351856
0.0114185
-0.250693
0.152668
-0.194278
-0.171288
-0.0369175
-0.0493028
-0.0183569
-0.244128
-0.140753
0.0504168
0.0611036
0.0604499
-0.116347
-0.114601
0.307978
0.131367
-0.082834
0.0828913
0.00499811
0.186067
0.0967139
-0.0416655
-0.0290922
0.0941476
0.119273
-0.255927
0.00266315
0.171071
0.126841
0.141132
0.168372
0.161287
-0.128558
0.113334
0.184503
0.0750258
0.0206721
0.256173
-0.079707
0.213178
0.156312
-0.22572
-0.184114
-0.484455
-0.420174
-0.0363976
-0.0792573
-0.041845
0.0183104
-0.194988
-0.0507006
0.0553254
-0.226891
0.06638
0.0492283
0.267954
-0.148445
0.00996444
-0.40753
-0.158084
0.0123621
0.124783
-0.0586903
-0.216287
-0.133602
-0.332252
-0.205675
-0.0273442
-0.141152
-0.206457
-0.0080286
-0.172415
-0.0832185
-0.195817
0.284346
0.111743
-0.0265824
-0.0290867
-0.427425
-0.149004
-0.193504
0.139364
0.023102
-0.0631126
0.0441193
-0.218609
0.0452125
0.00809198
0.194834
-0.0840056
-0.0221447
0.243435
0.0734466
0.16991
-0.0656292
-0.0769252
-0.026128
-0.120283
-0.146657
0.0446532
0.0306999
0.00484425
0.0474766
-0.492854
0.0669655
0.0801342
-0.240674
-0.126994
-0.174469
-0.158011
-0.448682
0.0370138
-0.188068
-0.133253
0.194691
0.316501
-0.01473
-0.233711
-0.00746165
0.291834
0.307784
0.11303
-0.352419
-0.00884092
0.217207
-0.310099
0.174095
0.170394
0.0163164
0.0679885
0.0266789
-0.0572503
-0.42021
0.106438
-0.00267356
-0.117758
-0.106242
-0.120724
-0.0241461
-0.18204
-0.075438
-0.350134
-0.17343
0.0479767
0.422372
-0.220714
0.134593
0.112567
-0.178893
-0.0776861
0.0423172
-0.199762
-0.0632263
-0.0293797
-0.0320671
-0.0589465
0.155032
-0.156054
0.0842153
-0.305183
0.0338599
0.155173
-0.183107
0.271067
-0.028852
0.202868
0.0613778
0.0757894
-0.244549
-0.0977935
-0.0701396
-0.0775073
0.0229362
-0.270862
0.0580995
-0.14824
0.207001
-0.0128494
-0.170583
-0.186134
-0.198591
0.0643317
-0.0985533
-0.0388387
-0.051689
-0.157607
0.126489
0.120446
0.158617
-0.0355819
0.00253218
0.0694226
-0.159687
-0.177727
-0.0309505
-0.174266
-0.18657
-0.101813
0.0511492
-0.312001
0.152657
-0.10549
0.0893594
-0.0892794
-0.0957778
0.0750792
-0.145074
-0.282928
0.00208952
0.0686622
-0.0603923
0.0919648
-0.18589
-0.239397
-0.452849
-0.184167
-0.272048
-0.119098
-0.236714
-0.0325609
-0.191003
-0.0190167
0.264779
-0.0233532
0.101842
0.0869268
0.092394
0.120203
0.0607441
-0.040176
-0.269831
0.0974917
-0.0190054
-0.315945
-0.223749
-0.306399
-0.0852994
-0.264276
0.221596
-0.191164
0.0725035
-0.0823483
0.160483
-0.0971651
-0.106975
-0.430809
0.0614955
-0.130345
0.174128
0.167374
-0.228161
0.277596
-0.119373
0.0447312
0.049676
-0.0750248
-0.429459
0.176096
-0.0757685
-0.0924573
-0.115947
0.108599
-0.180603
-0.399163
-0.220643
-0.00368391
0.0267623
0.166638
-0.0920378
-0.0138679
-0.0718239
0.121166
0.057437
-0.0166556
-0.0242195
-0.225056
-0.123811
-0.244953
-0.126573
-0.19461
-0.0431999
-0.437689
-0.146466
-0.00565945
0.0221669
-0.488188
-0.222418
0.168741
-0.00671378
-0.0511336
-0.183171
-0.126488
-0.12194
0.150096
-0.0846587
-0.14806
-0.434636
-0.0456334
-0.146901
-0.132427
0.00338069
-0.0479669
-0.0167622
-0.0746378
-0.0129656
-0.330319
-0.0392315
-0.236492
0.0340828
0.0148492
-0.242445
-0.0497133
-0.0932943
-0.141615
0.0826863
0.0221952
-0.357137
-0.0671339
-0.111097
0.077765
0.201818
0.100304
-0.273675
0.512161
0.218633
-0.137786
-0.226945
-0.00789022
0.176867
0.0027075
-0.0140177
0.042934
-0.209816
0.02446
0.0841838
0.0577845
-0.0635059
-0.259322
0.032498
-0.269331
-0.281923
0.0405375
0.105391
-0.0348429
-0.155766
-0.249964
0.177768
-0.176461
0.231048
0.167752
-0.0802789
-0.114763
-0.0722332
0.221151
-0.252006
-0.173125
0.156304
-0.0591095
0.0122094
-0.228575
-0.310368
-0.303158
0.117671
0.0705945
0.0077207
-0.112554
0.0838429
-0.172682
-0.105895
-0.0459422
-0.0563575
-0.0521057
-0.298877
-0.126979
-0.222964
0.0324778
-0.143192
0.103742
0.163771
-0.109381
-0.0204779
-0.0134861
0.0650948
0.0745229
-0.0261359
0.287383
0.0142135
0.0624233
-0.060008
0.0881995
0.190574
0.276153
-0.0132122
-0.0470839
-0.240274
0.121224
-0.0310582
-0.0936869
-0.226052
-0.312419
0.0210302
0.151862
-0.0208661
-0.155988
-0.232186
-0.190122
-0.285893
-0.160365
-0.106809
-0.320541
-0.161846
-0.257624
0.0328468
-0.0382404
-0.131614
-0.0208894
-0.115273
-0.0367065
-0.161996
-0.0130333
-0.110926
-0.0661375
0.159574
0.297648
-0.204622
-0.420239
-0.0172238
-0.400739
0.153645
-0.0760692
0.122741
-0.184172
0.0825718
0.0453714
0.0648497
0.165033
-0.0372733
0.0430465
0.0586706
-0.197171
-0.0794856
-0.152498
-0.0547581
-0.0564512
0.167515
-0.446528
0.177819
0.282883
0.248771
0.0912088
0.0492507
-0.0171763
0.181404
0.2112
0.0224122
-0.0778321
-0.130195
0.232837
-0.164542
0.0835197
0.0246399
0.123846
0.0300207
-0.0625052
0.129636
-0.109533
-0.0100918
0.0465074
-0.12521
-0.198871
-0.024075
-0.142473
-0.200928
-0.156818
0.0572068
-0.149852
-0.146776
-0.303471
0.118274
-0.0792338
-0.0249546
-0.0635364
-0.0757686
-0.0946462
-0.120525
-0.108914
0.0297071
0.197716
0.137971
-0.0808895
-0.189468
-0.0129089
-0.158509
0.0665492
-0.0939272
0.11372
-0.175128
-0.144038
-0.118962
-0.104744
0.104471
-0.135181
0.138202
-0.0302662
-0.155157
0.069628
-0.125796
-0.104865
0.0692982
-0.0350047
-0.110576
-0.0394206
-0.0185492
-0.293765
-0.0790104
0.0924746
0.00469667
-0.0215218
-0.121204
0.0568953
-0.0274742
0.0160834
-0.237606
0.152619
-0.118637
0.0741437
-0.059796
-0.0401368
-0.0574383
-0.206437
0.0816023
-0.272744
0.1025
-0.065321
-0.1656
0.0724264
0.186019
0.12459
0.275271
-0.156618
0.0984791
0.384215
-0.0192301
0.0554763
-0.00476868
0.279863
0.18655
0.0526896
-0.265994
0.157955
0.326549
0.4317
-0.066969
-0.0124618
0.372517
-0.148528
0.199695
0.117828
-0.342201
-0.0750873
0.0228839
-0.0393306
-0.0289217
0.0524375
0.275085
0.35332
-0.00663014
0.140592
0.0621073
0.0589608
0.0470501
0.143188
-0.106491
0.00512114
-0.0572748
-0.459628
0.261549
0.0600007
-0.00850289
-0.011395
-0.00138936
0.0910717
0.0202235
0.00238183
-0.208082
0.120991
0.131079
-0.141424
0.152141
-0.338795
0.0127841
-0.0609713
0.196549
0.00540997
-0.121503
-0.0929866
-0.0731604
-0.228515
0.116827
-0.119899
-0.0393393
-0.168265
-0.102329
-0.112483
-0.0582231
-0.00832971
-0.401586
-0.195428
-0.168867
-0.149188
-0.278078
-0.226718
-0.102813
0.196854
-0.13257
-0.0888659
0.176758
0.0320544
0.200508
-0.122772
0.163326
-0.242141
0.154767
0.216696
-0.11727
-0.0680999
0.0858927
0.0519802
0.192115
0.220047
-0.0998662
0.0214083
0.176843
0.345739
0.242885
-0.0806636
-0.435034
-0.135605
0.0124487
0.0280644
0.0568598
0.140473
-0.0652335
0.0446801
-0.180954
-0.103678
0.0849739
0.263524
-0.0170791
-0.0621317
-0.000593878
-0.241485
-0.148108
-0.102132
-0.215816
-0.139023
0.088949
-0.217675
-0.0739361
-0.158505
0.0516154
0.0892875
0.236135
0.185621
-0.238093
-0.01567
0.173441
-0.107492
-0.0274228
0.331465
-0.117962
-0.174145
0.185359
0.168435
-0.0299698
0.0570588
0.176296
-0.401054
-0.245163
0.132634
-0.105956
-0.0511794
-0.209501
0.00621896
0.140449
-0.0656888
-0.211913
-0.17649
-0.0504773
0.144035
0.183041
-0.25217
-0.146361
-0.107184
-0.393148
0.282476
-0.0212576
0.140978
0.187322
0.102394
0.171437
-0.0674082
0.0187709
-0.03611
0.134103
-0.169144
-0.167482
-0.042847
0.194591
0.0828074
-0.101241
-0.0804168
-0.116533
-0.0378291
0.108221
-0.20324
-0.0435897
0.180439
-0.0658935
0.186991
0.106951
-0.00809302
-0.232599
-0.111643
0.0468195
0.0531229
0.00586379
-0.184337
0.0695301
0.0507458
-0.206611
-0.317572
0.289466
-0.227774
0.0494529
-0.159418
-0.111853
0.20562
0.0345392
-0.192447
0.343058
-0.317005
-0.199793
-0.199926
-0.101229
-0.0778594
0.0122933
0.124032
0.109176
-0.168924
-0.304194
0.0191538
-0.132608
-0.0310539
-0.0685184
-0.104976
-0.108584
0.177823
-0.0407192
0.0362798
-0.188093
0.105716
-0.140374
-0.323767
0.0272793
-0.177647
0.0605495
-0.127544
-0.0609414
-0.0195981
0.122867
-0.214079
-0.258428
-0.196739
0.098337
-0.222161
-0.0275647
-0.20507
-0.0931089
-0.163853
-0.02362
-0.0231638
-0.191666
-0.0439497
-0.267729
-0.261712
-0.119091
-0.0931897
0.180931
-0.0797231
0.192771
-0.00561642
-0.287159
-0.120254
0.224156
0.00863368
-0.247348
-0.218387
-0.00591113
-0.093613
-0.20723
-0.23582
-0.20542
-0.233912
0.000393114
-0.0437758
0.0461884
-0.0597299
-0.160571
-0.311704
-0.0372869
-0.23205
-0.0773534
0.0694429
0.138465
-0.0665517
-0.155657
0.131357
-0.011574
0.00853329
-0.0216396
-0.288621
0.287202
-0.0287251
0.0968205
0.168679
-0.165419
-0.313303
-0.0109249
-0.272881
0.00349794
-0.280983
-0.380557
-0.0183487
-0.267984
-0.128797
-0.00561039
-0.0915542
-0.250264
-0.0775412
-0.0600219
-0.0871778
0.0583766
0.278156
-0.0794346
-0.101395
-0.369436
-0.421249
-0.0637609
0.141717
0.0672284
-0.048695
-0.178882
-0.155761
0.096151
0.131707
-0.249803
0.0564835
-0.24499
-0.201173
-0.0417447
-0.149243
-0.0793949
-0.154162
-0.223789
0.000440196
-0.0349882
-0.314956
-0.403287
-0.20634
-0.0429351
0.12292
-0.197793
-0.115412
-0.199468
0.0628362
-0.281772
-0.292041
-0.155977
-0.0041095
-0.307176
-0.116666
0.0770408
-0.318286
-0.374091
-0.0262584
-0.182331
-0.460492
-0.129615
-0.317863
-0.0149937
-0.101983
-0.154118
0.0164823
-0.359149
0.200896
-0.208271
0.00733775
-0.121912
-0.281367
-0.0670745
0.269951
-0.130883
0.0221901
-0.0410013
-0.0288664
-0.139568
-0.29744
-0.234482
0.0339493
-0.200662
-0.0421317
0.21025
-0.00142112
-0.225178
-0.180817
-0.295433
0.23041
0.203421
-0.00568784
-0.228502
-0.106279
0.104922
-0.0652062
-0.0193885
-0.148747
-0.0190559
-0.195086
-0.113299
0.033971
0.00322325
0.0076955
0.113124
0.115957
-0.0698444
-0.099201
-0.0427892
0.100991
-0.226764
-0.097445
0.220319
-0.119442
0.126184
-0.0640283
0.0688868
-0.0654571
-0.375909
-0.171913
0.0104778
-0.18822
0.226473
-0.326112
-0.25859
0.0627823
-0.397658
-0.150396
-0.0615546
-0.217966
-0.0493482
-0.194211
0.148473
-0.176356
0.0481431
-0.176681
-0.136808
-0.289097
-0.125455
-0.285675
0.00202019
-0.27799
-0.20564
-0.394481
0.0534222
0.0379244
-0.182668
-0.11346
-0.0394375
0.0584133
-0.292641
-0.239209
0.00849826
-0.323611
-0.0014896
-0.30695
-0.390924
-0.0176687
-0.00532262
-0.307563
0.145402
-0.10177
-0.253481
-0.137279
-0.605343
-0.294983
0.0250181
-0.0296713
-0.00103623
-0.217631
0.0102
-0.0499104
0.24249
-0.0191079
-0.0311679
0.23278
-0.00419689
0.0915913
0.0866287
-0.0337731
0.125113
0.0722489
-0.0512414
0.306011
0.0218113
0.0901512
0.0799361
-0.383287
-0.141804
0.0410501
-0.313805
-0.0937797
-0.381629
-0.0983999
-0.262352
-0.133431
-0.178721
-0.396785
-0.276343
-0.300299
-0.0640223
-0.118481
-0.378057
-0.356344
-0.0340446
-0.269515
-0.0431079
-0.158768
-0.457322
0.0936644
-0.12502
-0.303287
-0.318828
-0.26127
-0.072628
0.142002
0.124253
-0.187174
0.12335
-0.134991
0.123546
-0.121435
-0.0421134
0.0905725
-0.049965
-0.0706116
0.125137
-0.0733848
0.192727
0.178212
-0.0837098
-0.02388
0.191793
0.0495904
-0.0865564
0.098336
-0.0637839
-0.0772888
-0.196153
-0.312986
-0.247882
-0.205183
-0.137029
-0.0840927
-0.0411785
0.189628
0.182278
-0.0410285
0.20737
0.277516
-0.169772
0.133156
0.0249032
-0.253742
-0.279595
-0.178437
0.188398
-0.0339835
0.16582
-0.0954232
0.199814
-0.144561
0.0760526
0.138317
0.233295
0.105616
0.380961
0.173215
0.174971
-0.186857
-0.311183
0.34959
-0.184372
-0.25781
-0.516724
-0.158396
-0.333083
-0.29414
-0.350765
-0.130648
-0.22251
-0.137949
-0.0526576
-0.460661
-0.360923
-0.27993
-0.445612
-0.171703
-0.450042
-0.530282
-0.559403
-0.0677482
-0.0668762
-0.311769
-0.148356
-0.0604201
-0.353421
-0.147235
-0.0705288
-0.273999
-0.453458
-0.300991
-0.260503
-0.0241003
-0.0592451
-0.318644
0.0148219
-0.184521
-0.218461
-0.370608
-0.439473
-0.132345
-0.372579
-0.0754555
-0.228549
-0.349543
-0.361455
-0.26388
-0.730117
-0.440493
-0.827441
-0.169629
-0.227387
-0.47772
-0.154084
-0.504682
-0.367812
-0.141548
-0.468689
-0.457958
-0.515287
-0.503232
-0.621387
-0.552659
-0.323161
-0.717071
-0.323982
-0.441141
-0.328938
-0.203802
-0.419052
-0.471695
-0.671014
-0.56096
-0.626933
-0.604669
-0.657992
-0.61715
-0.477883
-0.310893
-0.535929
-0.543093
-0.577968
-0.576637
-0.606258
-0.790704
-0.406031
-0.528009
-0.528758
-0.63955
-0.502181
-0.254823
-0.652503
-0.859134
-0.510501
-0.511249
-0.906077
-0.695489
-0.741608
-0.850913
-1.03932
-0.793745
-0.328775
-0.705377
-0.911295
-0.630143
-0.88367
-0.84695
-0.842812
-0.714033
-0.647561
-0.574769
-0.691865
-0.724073
-0.624875
-0.861374
-0.575388
-0.670149
-0.823846
-0.463259
-0.663802
-0.261501
-0.668908
-0.387971
-0.454678
-0.57625
-0.756264
-0.428219
-0.703476
-0.390765
-0.543109
-0.496051
-0.572025
-0.555661
-0.561748
-0.850752
-1.12103
-0.612408
-0.848773
-0.657571
-0.893894
-0.54463
-0.686673
-0.560853
-0.577404
-0.733806
-0.691178
-0.523525
-0.478294
-0.379631
-0.433596
-0.441396
-0.324402
-0.595898
-0.376717
-0.658664
-0.298807
-0.344369
0.0495158
-0.153961
-0.139279
-0.0770158
-0.285606
-0.10295
-0.0154839
-0.290887
-0.168499
-0.432931
-0.250575
-0.394574
-0.414032
-0.35834
-0.207192
-0.146796
-0.503516
-0.382258
-0.279836
-0.209668
-0.133576
-0.32675
-0.3103
-0.168663
0.0360156
-0.0720998
0.198172
-0.0639277
-0.550783
-0.0368549
0.0258664
-0.0889964
0.485577
0.710429
0.0950209
0.214134
0.361732
0.17945
-0.0478194
0.0289639
0.237631
0.299839
0.274771
0.0885207
0.672955
0.414636
0.254026
0.454676
0.683459
0.510563
0.740046
1.04036
0.632654
0.807995
0.732481
0.220626
0.802381
0.739309
0.78611
0.848752
0.403371
1.08116
0.532605
0.427091
0.433356
0.437955
0.225888
0.508769
0.544261
0.648223
0.579311
0.483344
0.311448
0.344546
0.487772
0.21276
0.3427
0.559018
0.817994
0.755683
0.534546
0.470671
1.07983
0.506886
0.551031
0.767456
0.593695
0.847596
0.542718
0.530363
0.323037
0.229273
0.223077
0.520164
0.40446
0.530056
0.493435
0.101171
0.232461
0.43328
0.654408
0.567122
0.742638
0.74344
0.665441
0.74545
0.605119
0.842271
0.949932
0.887141
1.05139
0.976245
0.961386
0.745553
0.698418
0.647559
0.676249
0.794505
1.17488
0.866657
0.834941
0.999397
0.468589
0.457999
0.801552
1.42906
0.698159
0.831895
0.719923
0.603432
0.541564
0.906863
0.68276
1.29234
0.819151
0.768726
0.750665
0.681572
0.763175
0.761839
0.880444
1.29561
1.6827
1.23999
1.25292
1.11358
1.15952
0.89552
1.12926
1.32109
1.54229
1.08103
1.02538
1.30202
1.17935
1.19137
0.846729
1.24209
1.2116
1.15364
1.3872
1.3254
1.10313
1.31973
1.5065
1.63548
1.62578
1.69036
1.72174
1.62353
1.72845
1.89122
2.10235
2.11854
1.60306
2.09219
2.0481
1.91587
1.71478
2.27644
2.2725
2.25205
2.30123
1.90138
1.93044
2.13375
2.1686
2.26375
2.23049
2.36903
2.13535
2.314
2.1899
2.23684
2.16013
2.16042
1.64519
1.57526
1.7102
1.70089
1.83171
1.7718
1.66261
1.93721
1.69031
1.70151
2.0052
1.66599
1.50207
1.60396
1.54171
1.49481
1.55986
1.60372
1.54626
1.62025
1.66245
1.56029
1.75917
1.52802
1.54762
2.10108
1.91616
1.69975
1.72671
1.65251
1.7616
1.69585
1.63853
1.90132
1.87079
1.70718
1.92081
1.48993
1.89567
1.5772
1.77143
1.68145
1.74133
1.66685
2.00221
1.56788
1.83931
1.7991
1.48572
1.78372
1.87923
1.6489
1.81234
1.67372
1.83229
1.79817
1.7148
2.04587
1.93552
2.07384
2.36984
1.91733
1.94284
2.12399
2.08063
1.54259
2.17436
1.71586
2.30525
1.96621
2.337
1.89804
1.98388
2.2986
2.26509
2.21366
2.26143
2.22964
1.94918
2.04381
2.46148
2.30231
2.38906
2.22002
2.3551
2.61038
2.70104
2.68846
2.69174
2.56641
2.90496
2.58939
2.54556
2.5961
2.54493
2.90319
2.57476
3.2187
2.7802
2.88605
3.15542
3.38736
3.11079
3.00987
3.21805
2.96125
3.08158
2.88441
2.95977
3.19864
3.02923
2.62581
2.97248
2.97363
3.24435
2.6727
2.81582
2.50203
2.86116
3.05341
2.47456
2.78217
2.73843
2.58729
2.92922
2.7836
3.15031
3.04949
3.03106
3.05375
3.08197
3.00079
3.11781
3.61705
3.77613
4.02499
3.46639
3.52981
3.70751
3.64039
3.55139
3.05676
3.64639
4.03757
4.0594
3.83528
3.89048
3.78061
4.19942
4.04061
4.11809
4.12097
4.57372
4.39977
4.20786
4.11592
4.04207
3.95298
4.19399
4.43341
4.61161
4.69209
4.08546
4.20158
4.10309
4.40439
4.24255
4.35556
4.35243
4.60481
4.53364
4.36873
4.47833
4.50518
4.24052
4.3591
4.44306
4.83579
4.13679
4.14494
4.26977
4.21633
4.15725
4.27046
4.34454
4.22726
4.38586
4.40716
4.57659
3.86606
4.22605
4.39964
4.26851
4.26718
4.53305
4.46378
4.30695
4.56951
4.65461
4.15525
4.3011
4.59749
4.66442
4.57521
4.6699
4.74658
4.38993
4.52119
4.87454
4.82586
4.45201
4.84038
4.79047
5.14943
5.02134
5.04733
4.73461
5.2553
4.88644
5.00445
5.17777
5.2677
5.16443
4.81038
5.31924
5.02132
4.96342
5.12695
5.2844
5.20877
5.08395
5.39286
5.43919
5.72889
5.49339
5.92374
5.68653
5.70853
5.69891
5.57792
5.84921
5.7252
5.79911
5.46519
5.57459
5.62455
5.6367
5.17845
5.50808
5.24493
5.54
5.26138
5.42719
5.33455
5.17792
5.20839
5.37303
5.56234
5.38995
5.14424
5.50684
5.11633
5.08314
5.28195
5.29724
5.40256
5.24511
5.23386
5.40081
5.42156
5.50939
5.25852
5.57973
5.50856
5.51267
5.43287
5.39674
5.74479
5.52631
5.29934
5.53025
5.2986
5.20774
4.95123
5.00719
5.00848
5.29236
5.20519
5.00355
5.27214
5.20509
5.57969
5.29573
5.2382
5.05677
5.22199
5.39728
5.24275
5.2804
5.34268
5.49555
5.30608
5.26225
5.17026
5.65802
5.35332
5.25884
5.22247
5.25723
5.21804
5.04801
5.42827
5.15404
4.96832
5.10246
4.86306
4.62035
4.95742
4.85468
5.03247
4.7964
4.782
4.33
4.47506
4.5903
4.52905
4.78246
4.63065
4.41722
4.58688
4.27314
4.33169
4.15194
3.99489
3.69072
3.58293
3.84082
3.57034
3.25634
3.26028
3.77841
3.68856
3.33953
3.71788
3.12982
3.16384
3.33089
3.28642
2.89886
2.97706
2.61718
2.58562
2.11277
2.45815
2.32801
2.07947
2.11529
2.26467
1.83697
2.0896
2.01767
2.00572
1.92688
1.89725
2.05118
2.11534
2.34485
1.87978
2.58581
2.29508
2.67295
2.50958
2.16341
2.28938
2.54896
2.62855
2.57206
2.30465
2.47816
2.41921
2.0756
2.1879
2.02407
2.00208
2.08187
2.10135
2.42082
1.81624
1.7241
1.89501
2.02694
1.4154
1.55607
1.51155
1.6059
1.77079
1.84466
1.52248
1.84412
1.45624
1.63721
1.82769
1.58059
1.36264
1.35254
1.18478
1.01388
1.34773
1.20505
1.25984
1.10658
1.24732
0.83221
1.02517
0.961632
0.998622
0.947705
0.956117
0.814864
1.03437
0.925173
1.06315
1.2368
0.91963
1.20195
1.57399
1.3633
1.06189
1.49915
1.35034
1.27611
1.3499
1.19672
1.00879
0.993647
1.26015
0.95944
1.02755
0.958207
0.614853
0.693878
0.78633
0.814849
0.92536
0.810203
0.806029
0.924389
0.764469
0.775538
0.906439
0.551509
0.405812
0.612903
0.473122
0.572894
0.977905
0.605843
0.998823
1.0049
0.835633
0.619988
0.711643
0.925767
1.17056
0.978619
0.713703
0.886835
0.744509
0.889432
0.789681
0.927699
1.14183
0.93087
0.923413
1.26506
1.00168
1.35619
1.17286
1.25879
1.42937
1.2438
1.17031
1.56446
1.33794
1.1603
1.16078
1.5488
1.27369
1.28324
1.24958
1.46623
1.24006
1.33478
1.2117
1.27741
1.43431
1.88848
1.76362
1.81678
1.99168
2.00605
1.81951
1.97179
1.9085
1.88512
2.16426
2.05293
2.02485
2.18634
2.03326
2.24361
2.06225
2.37824
2.33064
2.43109
2.10625
2.26299
2.17336
2.33498
1.8551
1.85648
2.30545
2.14225
2.1754
2.04141
2.04553
2.29418
1.99795
2.21151
2.00187
1.74753
2.0734
2.14393
2.12874
1.86022
1.60308
1.65468
2.18833
1.6127
1.88291
1.8075
1.8508
2.03938
1.80049
2.47532
2.01393
2.12192
1.99441
1.99975
2.38353
2.78253
2.50838
2.62323
2.66355
2.38224
2.24262
2.37263
2.22885
2.46064
2.23684
2.20561
2.42029
2.00829
2.14123
2.15444
2.46191
2.08787
2.03799
2.0906
2.04728
2.06265
2.23184
2.29928
2.43713
2.26117
2.31975
2.34232
2.23655
2.34784
2.24451
2.36009
2.45203
2.35756
2.46695
2.31161
2.29183
2.07502
2.37557
2.34143
2.1649
2.41161
2.80902
2.29776
2.1646
2.05215
2.10877
2.41621
2.0831
2.45861
2.29208
2.48428
2.21871
2.63928
2.58094
2.75247
2.59506
2.59706
2.49489
2.51179
2.35247
2.40459
2.48642
2.92854
2.59783
2.74189
2.36698
2.28316
2.29041
2.44714
2.75056
2.6536
2.57906
2.40173
2.21783
2.52644
2.62685
2.51788
2.56365
2.71873
2.76568
2.50487
2.73817
2.67543
2.41495
2.64218
2.62611
2.99163
2.73752
2.80677
2.71835
3.02795
2.85335
2.73015
2.69712
2.95514
2.93729
2.72149
2.67907
2.67344
2.40315
2.6619
2.74355
2.63753
2.79101
2.64903
2.25349
2.59608
2.94475
2.79047
2.63152
2.61079
2.93971
2.86221
2.71623
2.89068
2.87212
2.92341
2.80185
2.78122
3.07512
2.75695
2.4756
3.23898
3.03338
2.83654
2.53867
2.69055
2.64833
2.34825
2.49881
2.5981
2.76509
2.60782
2.83122
2.49444
2.46183
2.88207
2.90604
2.43083
2.5972
2.51294
2.43594
2.78851
2.26419
2.49347
2.38009
2.41196
2.28418
2.40138
2.3229
2.43879
2.28537
2.37811
2.1585
2.34813
2.31548
2.0673
2.11059
1.95348
2.2078
2.31127
2.0995
2.24098
2.04572
1.96159
1.81569
1.55821
1.64557
1.38842
1.72659
1.585
1.35116
1.43971
1.31376
1.37531
1.2493
1.36518
1.34055
1.10822
1.29855
1.2127
1.00513
0.948794
1.05705
1.01254
0.984382
1.06585
1.11913
1.08427
0.791021
0.677345
0.567999
0.881486
0.731189
0.851553
0.763777
0.715538
0.875676
0.871577
0.582566
0.611516
0.556503
0.618317
0.718908
0.52378
0.672099
0.344569
0.449385
0.275761
0.311106
0.647191
0.372383
0.761551
0.234766
0.480026
0.878805
0.297665
0.538395
0.400971
0.473737
0.797432
0.394462
0.667621
0.742903
0.287711
0.259769
0.339143
0.185086
0.36972
0.0100271
0.286977
0.0229239
0.298232
-0.164489
0.208288
-0.0257017
0.362784
0.00186973
0.0218242
0.0772139
-0.151392
-0.333387
0.0211273
-0.293777
-0.0669216
-0.0316008
-0.0380086
-0.347633
-0.215012
-0.418011
-0.261908
-0.331002
-0.351462
-0.601832
-0.350384
-0.147043
-0.0970488
-0.200479
-0.641475
-0.465583
-1.0148
-0.567003
-0.572269
-0.816198
-0.347537
-0.381986
-0.663985
-0.652202
-0.598152
-0.71249
-0.431409
-0.569834
-0.474213
-0.462953
0.04379
-0.585438
-0.519076
-0.179358
-0.147826
-0.349831
-0.496368
-0.465718
-0.0324403
-0.456028
-0.422229
-0.61662
-0.442343
-0.348973
-0.634227
-0.571524
-0.419037
-0.833325
-0.535846
-0.36166
-0.536125
-0.64404
-0.590875
-0.329276
-0.0200043
-0.107247
-0.0144923
-0.381797
-0.379322
0.0927327
0.115429
-0.0808124
-0.0765559
-0.128092
0.102493
-0.116883
0.22007
-0.162186
-0.295271
-0.352607
-0.107484
-0.442911
-0.395584
-0.0180429
-0.0954273
-0.463248
-0.338314
-0.203219
-0.158477
-0.366736
-0.109857
-0.523281
-0.153456
-0.177487
-0.0594833
0.00436088
-0.16486
-0.165391
-0.150878
-0.204397
-0.0171196
-0.214038
0.237102
0.0981103
0.114474
-0.167281
-0.0258453
-0.167587
-0.100987
-0.0191973
0.12735
-0.140061
-0.130241
-0.00178276
0.0716177
-0.352796
-0.0778182
0.0666179
-0.0192113
-0.0134896
0.195654
-0.0922376
0.382199
0.209612
0.254503
0.341836
0.0904923
0.00647351
0.0897993
0.167576
-0.139091
-0.0877048
-0.526874
-0.164846
0.0376648
0.0609836
0.139075
-0.154237
-0.293864
-0.31568
-0.366595
-0.360132
-0.553209
-0.463656
-0.0734639
0.00780362
-0.163462
-0.290794
0.0401444
-0.264287
0.25571
-0.0998177
-0.450448
0.1314
-0.186158
-0.156981
-0.104196
-0.265761
-0.43909
-0.248128
0.0870303
-0.311562
-0.141968
-0.104015
-0.111273
-0.0050655
-0.291666
-0.557514
-0.395541
-0.202043
-0.127638
-0.10241
-0.258916
-0.561405
-0.28261
-0.160269
-0.540872
-0.207416
-0.266639
-0.541592
0.117483
-0.246692
-0.17357
-0.496973
0.00504029
-0.27114
-0.100095
-0.12604
-0.292351
-0.645339
-0.468527
-0.0196407
-0.502082
-0.36742
-0.15481
0.250153
-0.236609
0.0219754
0.152378
-0.148304
-0.358832
-0.0996121
-0.0996867
-0.230276
-0.0179334
-0.379688
-0.0409432
-0.314579
-0.207603
-0.659057
-0.199513
0.143305
0.121804
-0.319913
-0.550965
-0.178051
-0.140228
-0.442994
0.0640496
-0.363846
-0.277948
-0.284904
-0.366007
-0.146215
-0.413352
-0.201237
-0.04014
-0.201283
-0.00848704
-0.223025
-0.252852
-0.315443
0.0582372
-0.34255
-0.246045
-0.392339
-0.143668
-0.0571747
-0.00986574
-0.466196
0.0411352
-0.00773056
-0.0117234
-0.245886
-0.0910266
-0.0801039
-0.0853051
-0.0958954
-0.253899
-0.464522
-0.446022
-0.756481
-0.480914
-0.226966
-0.318532
-0.271026
-0.32856
-0.348606
-0.0223257
-0.087055
-0.275032
0.0152192
-0.32662
-0.283285
-0.334917
-0.100894
-0.384618
-0.131046
0.0445761
-0.20834
-0.167551
-0.639283
-0.442724
-0.514162
-0.186172
-0.580276
-0.273708
-0.134635
-0.285285
0.199152
-0.409152
-0.109583
-0.154566
-0.0587356
0.107231
-0.217543
-0.0228457
-0.239876
-0.134877
-0.0319898
-0.50974
0.113495
0.213353
-0.0539038
-0.0355638
0.145777
-0.18108
-0.118999
-0.189018
-0.255661
-0.287658
-0.408846
-0.202444
-0.455818
-0.498087
-0.236209
-0.530817
-0.276501
-0.0564271
-0.358325
-0.376415
-0.0660401
-0.372585
-0.0946302
-0.256805
-0.0624644
-0.143328
-0.311653
-0.361837
-0.160002
-0.169894
-0.239424
-0.100035
-0.269704
-0.310087
-0.224862
-0.177426
-0.20496
-0.0497724
-0.829805
-0.411404
-0.590032
-0.630813
-0.317503
-0.662605
-0.226975
-0.0433735
-0.292069
-0.1945
-0.123385
-0.493681
-0.176033
-0.363073
-0.198229
-0.290796
-0.428316
-0.198155
-0.302264
-0.406965
-0.674333
-0.229957
-0.547785
-0.390057
-0.702046
-0.430416
-0.553758
-0.380481
-0.426835
-0.230341
-0.436149
-0.456308
-0.24659
-0.475256
-0.118179
-0.590306
-0.661966
-0.278334
-0.175512
-0.453325
-0.170899
-0.416009
-0.456222
-0.725557
-0.297749
-0.218055
-0.327767
-0.237359
-0.0490313
-0.505901
-0.487783
-0.379054
-0.459168
-0.136354
-0.284283
-0.610461
-0.282173
-0.292923
-0.645512
-0.676901
-0.183275
-0.508842
-0.228614
-0.233356
-0.215209
-0.530416
-0.345255
-0.460964
-0.150667
-0.328906
-0.350648
-0.131848
-0.45467
-0.28673
-0.490798
-0.364686
-0.193132
-0.428367
-0.628755
-0.169247
-0.655328
-0.60479
-0.124781
-0.165661
-0.153462
-0.529847
-0.297214
-0.629912
-0.311634
-0.44545
-0.332424
-0.160317
-0.377496
-0.298504
-0.608879
-0.28441
-0.351893
-0.636615
-0.192777
-0.415048
-0.105474
-0.0682461
-0.420534
-0.34419
-0.5847
-0.522367
-0.433673
-0.0437052
-0.18348
-0.273281
-0.291041
-0.152101
-0.462245
-0.343247
-0.0355496
-0.292288
-0.600757
-0.500921
-0.465356
-0.406834
-0.345957
-0.722786
-0.284286
0.0490049
-0.301661
-0.382687
-0.23614
-0.066751
-0.61214
-0.270757
-0.290429
-0.15542
-0.43287
-0.50966
-0.508044
-0.404766
-0.830393
-0.305248
-0.725182
-0.607205
-0.237556
-0.176741
-0.402813
-0.233147
-0.587628
-0.601195
-0.397804
-0.5568
-0.219642
-0.152928
-0.264532
-0.226513
-0.437372
-0.224567
-0.00600875
-0.0844622
-0.274437
-0.066937
-0.0685914
-0.177601
-0.326693
-0.271663
-0.0707645
-0.320945
-0.153113
-0.17974
-0.0955093
-0.167007
-0.330383
-0.338581
-0.0325301
-0.443257
-0.123893
-0.193693
-0.554595
-0.0165974
-0.17087
-0.231793
-0.428611
-0.118731
-0.337216
-0.55535
-0.399736
-0.504995
-0.191358
-0.601374
-0.24127
-0.388988
-0.449761
-0.082786
-0.48503
-0.286821
-0.120616
-0.354197
-0.45382
-0.0435005
-0.0874866
-0.285204
-0.548988
-0.322965
-0.391353
-0.231145
-0.240905
-0.405681
-0.562523
-0.257857
-0.196007
-0.592712
-0.536228
-0.450143
-0.349461
-0.352063
-0.262979
-0.583581
-0.323854
-0.862924
-0.384308
-0.365905
-0.401532
-0.373547
-0.548915
-0.487918
-0.82442
-0.48601
-0.535963
-0.552569
0.0595111
-0.22273
-0.43626
-0.264909
-0.718502
-0.525874
-0.126245
-0.378498
-0.428388
-0.406089
-0.29668
-0.234287
-0.114264
-0.212172
-0.289719
-0.425961
-0.304435
-0.331605
-0.225161
-0.408297
-0.31879
-0.321307
-0.279284
-0.158077
-0.223521
0.0723682
-0.233664
-0.0751687
-0.292425
-0.364247
-0.332063
-0.241361
-0.470543
-0.244607
-0.140543
-0.252379
-0.0535439
-0.258624
-0.295058
-0.25955
-0.312736
-0.303061
-0.60729
-0.12771
-0.344519
-0.505081
-0.27835
-0.0717755
-0.291598
-0.20654
-0.536128
-0.382277
-0.174314
-0.159217
-0.688006
-0.231485
-0.626488
-0.696539
-0.305251
-0.207683
-0.281961
-0.391862
-0.349471
-0.199676
-0.18362
-0.213746
-0.463868
-0.217377
-0.67869
-0.454603
-0.309796
-0.192399
-0.174518
-0.414061
-0.30335
-0.260799
-0.27936
-0.167364
-0.263326
-0.38625
-0.333637
-0.0396296
-0.471499
0.0146394
-0.224954
-0.123115
-0.551852
0.0969264
-0.0760998
-0.225988
-0.315454
-0.554232
-0.293759
-0.160002
-0.336348
-0.28634
-0.259659
0.0034755
-0.255719
0.156223
-0.370803
-0.218757
-0.222793
-0.0672003
-0.0678904
-0.57842
0.189134
0.141018
-0.00650591
-0.334655
-0.0733483
-0.0161107
-0.238127
-0.0651031
-0.220871
-0.00756207
-0.131892
0.0670226
0.0982002
0.0462164
-0.191612
-0.0861076
-0.296952
-0.224616
-0.082465
-0.150625
0.00628275
-0.322062
-0.334029
-0.205189
-0.060968
-0.294348
-0.328992
-0.358018
-0.400385
-0.514445
-0.529885
-0.48805
-0.327892
-0.290312
-0.419628
-0.334213
-0.391278
0.0530839
-0.361301
-0.602693
-0.396482
-0.332568
-0.157056
-0.0513077
-0.482986
-0.593091
-0.195003
-0.159576
-0.21453
-0.143758
-0.330047
-0.484658
-0.077656
-0.173828
-0.245206
-0.330186
-0.00165057
-0.0429642
-0.138031
0.0307892
-0.432857
-0.397892
-0.385225
-0.121084
-0.105195
-0.161471
-0.28841
-0.00671555
-0.0752999
-0.367635
-0.264628
-0.392592
-0.195775
-0.211811
-0.372523
-0.0829783
-0.0957128
-0.245087
-0.47146
-0.30934
-0.501724
-0.673589
-0.385108
-0.56009
-0.566785
-0.266188
-0.306341
0.0119767
-0.0248588
-0.274785
-0.259833
-0.328776
-0.29957
-0.407415
-0.378115
-0.068762
-0.427276
-0.214427
-0.497559
-0.327025
-0.530685
-0.0479698
-0.0625149
-0.428511
-0.546098
-0.341831
-0.349566
-0.284181
-0.00176621
-0.0158573
-0.0476055
-0.11985
-0.431898
-0.287311
-0.340451
-0.64215
-0.0274578
0.0315262
-0.296068
0.124541
-0.163146
-0.24889
-0.24742
-0.181909
-0.46232
0.0415842
-0.228021
-0.23578
-0.210129
-0.391078
0.248413
-0.270824
-0.503096
-0.315165
-0.326683
-0.0707779
-0.00260037
-0.167175
-0.257563
-0.100738
-0.250231
-0.117647
-0.126542
-0.272178
-0.485505
-0.491743
-0.310045
-0.28557
-0.200982
-0.501499
-0.111327
-0.195969
-0.266926
-0.182603
-0.0279227
-0.168053
-0.289073
-0.333166
-0.0835975
-0.428625
-0.336063
-0.357086
-0.640695
-0.339979
-0.284926
-0.585074
-0.564659
-0.559161
-0.217635
-0.190142
-0.25343
0.0227342
-0.217445
-0.285271
-0.0338902
-0.371843
-0.366655
-0.037929
-0.0976936
-0.406629
-0.454643
-0.36109
-0.33991
-0.40479
-0.00441026
-0.510465
-0.464829
-0.347064
-0.346286
-0.35095
-0.119968
-0.0679706
0.0257505
-0.393809
-0.422841
-0.309718
-0.198169
-0.568405
-0.0446985
-0.44944
-0.121888
0.026282
0.0370568
-0.0182547
-0.192953
-0.312624
-0.505601
-0.180126
-0.387642
-0.0997726
0.0596935
-0.379684
-0.161775
0.114481
0.0241078
-0.155362
0.171661
-0.00661208
0.267322
-0.170038
-0.270337
-0.312347
-0.183962
-0.29136
-0.142236
0.071718
-0.219726
0.0309751
-0.106968
-0.319906
-0.0625107
-0.243342
-0.0543871
0.0504371
-0.124472
-0.0282928
0.053348
-0.325998
-0.0730972
0.0103675
-0.348248
-0.0964528
0.231211
0.180195
-0.0844748
-0.32459
-0.0750984
-0.40571
-0.472616
-0.623467
-0.600316
-0.247365
-0.218812
-0.40208
-0.39377
-0.310544
-0.0114717
-0.370783
-0.000347486
0.00314222
-0.0840346
-0.208273
-0.146792
-0.210074
-0.321466
0.0259497
-0.291596
-0.206205
-0.645639
-0.390793
-0.31919
-0.085721
-0.128017
0.304099
0.0560391
-0.0472285
0.139984
-0.554818
0.102195
-0.0837575
-0.697288
0.071057
-0.0853632
-0.106416
-0.0351983
-0.432837
-0.272988
0.126137
-0.143757
0.407709
-0.0311233
-0.148351
0.1713
-0.524365
-0.233599
-0.0552214
-0.103577
-0.207237
-0.336193
-0.254906
0.0914566
-0.496939
0.028088
-0.530704
-0.403909
-0.198433
-0.233234
-0.285667
-0.45793
-0.432
-0.462689
-0.0583525
-0.146522
-0.0291681
-0.17218
-0.363328
-0.15715
-0.54862
-0.328372
-0.0883202
-0.13147
-0.301136
-0.383355
-0.335373
-0.301256
-0.238263
-0.414691
-0.372531
-0.192037
-0.11601
-0.26044
-0.22237
-0.176413
-0.431044
-0.588712
-0.324614
0.044562
-0.0827359
-0.211957
-0.188423
-0.0768542
-0.325397
-0.409845
-0.26151
-0.0883345
0.0814956
-0.202303
-0.135748
-0.134612
0.0154845
-0.0487271
-0.179248
0.215373
0.283969
0.0929493
0.135591
0.0161163
0.0458111
-0.141838
-0.0457592
0.0202484
-0.335736
-0.404826
-0.119244
-0.137811
0.173065
-0.105539
-0.164782
-0.182009
-0.270826
-0.209907
-0.327944
-0.260255
-0.174168
0.0607921
-0.51993
-0.46441
-0.221961
-0.425317
0.0947924
-0.212884
-0.318771
-0.181773
0.128629
-0.323506
-0.103878
-0.306923
-0.0979868
-0.254594
-0.227692
-0.275807
-0.522694
-0.225409
-0.138999
-0.288805
-0.29406
-0.216066
-0.22045
-0.320885
-0.37809
-0.293879
-0.391484
-0.0279844
-0.226626
-0.34462
-0.231328
0.166549
0.0378915
-0.0371988
0.0481733
0.207919
-0.0337353
0.0183204
0.269947
0.276823
-0.0689303
0.32673
0.0369989
0.438304
0.282717
0.960836
0.0434849
0.280409
0.0415993
0.414104
0.24521
0.0874211
0.513042
0.0812027
0.296706
0.23571
-0.115977
0.386963
0.145089
0.0627099
-0.156801
0.0502649
0.428168
0.063048
-0.15119
0.0308231
-0.421529
-0.191257
0.0371135
-0.0253458
-0.270312
-0.20501
-0.116696
-0.046111
0.0765952
0.0546571
-0.103209
-0.151978
-0.333411
-0.411567
-0.499773
-0.318772
-0.251589
-0.585702
-0.537867
-0.402484
-0.415496
-0.562779
-0.951354
-0.374535
-0.210331
-0.793883
-0.332319
-0.242125
0.0280361
-0.251619
-0.119043
-0.169606
-0.0128423
0.201117
0.145967
-0.00291041
0.0798924
0.243991
0.139138
0.394611
0.542814
0.0694439
0.0496359
0.214993
0.0305212
0.0978229
0.653642
-0.0961196
0.0514577
0.0496249
-0.167139
-0.211989
-0.00896671
-0.251094
-0.317631
-0.0489421
-0.302828
-0.334537
-0.293101
-0.321649
-0.34105
-0.11417
-0.339075
-0.130546
-0.322104
-0.323667
-0.512346
-0.322901
-0.326133
-0.303204
-0.724987
-0.576968
-0.445803
-0.606531
-0.588666
-0.376289
-0.378959
-0.488319
-0.684802
-0.334313
-0.387351
-0.654739
-0.9483
-0.576573
-0.60438
-0.153039
-0.680642
-0.645768
-0.807149
-0.610262
-0.46045
-0.817171
-0.87779
-0.641761
-0.718072
-0.756955
-0.671485
-0.698886
-0.623798
-1.055
-0.756297
-0.967506
-0.759262
-0.987289
-1.11327
-0.742385
-0.81154
-0.600459
-0.42233
-0.64065
-0.490898
-0.521312
-0.304227
-0.49996
-0.482654
-0.617535
-0.52345
-0.385589
-0.196988
-0.2729
-0.307132
-0.46812
-0.403952
0.038737
-0.0328292
-0.0810959
-0.0484989
-0.187758
-0.0157877
0.054189
-0.302984
-0.17567
-0.618096
-0.11512
-0.326309
-0.0829172
-0.163218
-0.122867
-0.00551496
-0.530425
0.0638739
-0.16666
-0.106928
0.302442
-0.0251908
0.00239812
-0.00135594
0.179497
0.444477
0.0544005
0.1202
0.107135
0.212711
0.165191
0.110913
0.0513553
0.203841
0.022406
0.0136985
-0.155488
-0.249531
0.172703
0.0143294
0.310248
0.372166
0.363265
0.155164
0.231506
0.632692
0.190002
0.696822
0.761005
0.577747
0.450949
0.722335
0.842898
1.35592
1.24681
1.07657
1.09024
1.17373
1.09105
1.37778
1.26738
1.13419
0.936521
1.38539
1.34419
1.42313
1.24453
1.46596
1.23072
1.28152
1.42367
1.50614
1.03029
1.2324
1.42424
1.2145
1.4498
1.49769
1.51662
1.53216
1.57578
1.2096
1.28237
1.26201
1.53817
1.48875
1.18469
1.40429
1.40877
1.24543
1.11624
1.46812
1.45815
1.23061
1.36
1.4651
1.29927
1.13942
1.26055
1.25013
1.10757
1.18418
1.27381
0.900238
1.01566
0.933504
0.925453
1.27943
1.08567
1.13346
1.17841
1.49142
1.68735
1.35321
1.67726
1.3518
1.5291
1.50231
1.4625
1.83019
1.66
1.6367
1.52964
1.3863
1.219
1.45284
1.14025
1.22902
1.62043
1.30262
1.36998
1.41771
1.26244
1.55029
1.34979
1.3403
1.6042
1.55586
1.30398
1.78781
1.68239
1.58135
1.74444
1.85952
1.74683
1.68243
1.83442
1.8463
1.83107
1.67455
1.57368
1.80502
1.66857
1.74998
1.8865
1.79582
1.40352
1.48982
1.58897
1.71296
1.71849
1.58237
1.7276
1.6584
1.65585
1.70678
1.70908
1.36839
1.80855
1.53644
1.63031
1.42266
1.3582
1.49895
1.283
1.06968
1.4935
1.23838
1.40968
1.30696
1.45655
1.45127
1.21383
1.04529
1.46154
1.05494
1.08696
1.27791
1.06576
1.08437
1.47689
1.29512
1.26499
1.07258
1.3161
1.28185
1.40283
1.22762
0.924543
1.27247
1.00408
1.01271
1.15924
1.28105
1.17785
0.820692
1.30352
1.24316
1.00566
1.07424
1.10577
1.10444
1.13321
1.11189
1.11923
1.31097
1.15505
0.970168
1.04485
1.12492
1.28993
1.34672
1.10089
1.24286
1.42671
0.994832
1.45009
1.46713
1.29476
1.4618
1.41603
1.26997
1.23396
1.38949
1.48228
1.30053
0.927547
1.09275
1.21694
1.10777
1.10731
1.75763
1.43128
1.43314
1.23255
1.4944
1.23944
1.33071
1.48269
1.26585
1.453
1.84825
1.76074
1.74999
1.75815
1.83821
1.90662
1.59246
1.62146
1.50397
1.7386
1.32841
1.32798
1.31482
1.04585
0.985307
1.27034
1.36483
1.42245
1.55336
1.55145
1.26773
1.44916
1.43087
1.40294
1.50965
1.2158
1.45544
1.37665
1.31498
1.45769
1.35393
1.37074
1.43527
1.30247
1.32541
1.08783
0.992357
1.00073
1.26999
1.39537
0.961106
1.22952
1.67761
1.44423
1.69338
1.33655
1.38481
1.89556
1.63577
1.67198
1.80526
1.77841
1.7678
1.78193
1.70678
1.68461
1.92209
1.89866
1.61038
1.72945
1.65962
2.02865
1.50768
1.80303
1.7858
1.65628
1.73071
1.55437
1.82472
1.4675
1.80943
1.80106
1.86001
1.74711
2.00244
2.00767
1.97792
1.98273
1.9035
2.02136
1.74476
1.58354
1.82337
1.95579
1.8436
1.86675
2.07321
1.90831
1.94164
1.84825
1.82108
1.87562
2.01958
2.16733
1.99648
1.9734
1.96967
1.92731
1.9352
1.73721
1.99629
1.80991
1.74308
1.81432
1.94648
1.79538
1.76996
1.70044
2.06001
1.98197
1.78251
2.35945
1.86487
1.76393
1.78639
1.70547
1.91963
1.98979
1.87886
2.08224
2.07305
2.05439
2.08049
1.83002
2.16539
2.1904
2.2411
2.10849
2.23559
1.95392
1.99835
1.69611
1.7254
1.79188
1.84033
1.58552
1.57945
1.66784
1.79084
1.5632
1.40387
1.84436
1.78606
1.80483
1.87111
1.45169
1.73628
1.95594
1.82753
2.06121
2.21552
1.80654
2.23115
2.07299
1.93999
1.87527
2.08751
2.02372
2.14843
2.17347
1.78516
2.12792
2.35803
1.92429
2.27425
1.92689
2.11622
2.06096
1.98038
1.97472
2.14585
1.86717
2.42189
2.38565
2.26068
2.41235
2.28905
2.30058
1.64339
2.11063
2.17579
2.19769
2.32092
2.48717
2.14039
2.43918
2.33827
2.57009
2.59978
2.36625
2.25178
2.35371
2.33187
2.35867
2.25945
2.26694
2.38811
2.53006
2.3686
2.53868
2.33695
2.49954
2.35616
2.36798
2.40369
2.2127
2.08497
2.05469
2.08618
2.35987
1.88953
1.98549
2.06908
2.15825
2.02254
2.42816
2.23854
2.28334
1.88959
2.2299
2.8065
2.39311
2.49838
2.43729
2.53009
2.6409
2.44444
2.50973
2.42132
2.27296
2.17481
2.39092
2.33382
2.37914
2.18712
2.01339
2.55539
2.42803
2.38054
2.51487
2.53408
2.54584
2.73137
2.74642
2.67834
2.59469
2.38823
2.33924
2.54049
2.56582
2.46824
2.13296
2.21973
2.3482
2.18522
1.97838
2.21526
1.89272
1.99226
1.95992
2.37784
2.47593
2.06712
2.02361
2.26814
2.29784
2.13635
2.08609
2.13356
2.09454
2.2645
2.16611
2.30734
2.12949
1.89531
1.80012
1.77761
1.31305
1.45999
1.58588
1.87986
1.8096
1.82917
1.62231
1.72972
1.4431
1.5487
1.8875
1.81006
1.64638
2.13709
2.20208
1.86946
2.14866
1.92707
1.68851
1.54628
1.76984
1.56021
1.46701
1.30628
1.07087
1.36645
1.4027
1.57732
1.25036
1.63413
1.44377
0.94103
1.4146
1.21662
1.19337
1.32814
1.55847
1.0605
1.18524
1.19384
1.227
1.35319
1.26399
1.29352
1.32968
1.60312
1.37436
1.54873
1.61047
1.32699
1.10084
1.46409
1.22982
1.12323
1.60813
0.950641
0.980877
1.38519
0.92021
1.08923
0.838329
0.848087
0.492333
1.04001
0.708915
0.277205
0.15532
0.541855
0.427866
-0.115098
-0.131626
0.117895
-0.228859
-0.0939326
-0.454267
-0.401662
-0.229329
-0.133552
-0.454824
-0.00534002
-0.0203447
0.04103
0.275593
0.162002
-0.098405
0.134336
0.373017
-0.2696
0.307879
0.282938
-0.391076
0.29458
0.0379095
0.0547328
-0.499203
-0.367167
0.0557438
-0.0858493
-0.429771
-0.182595
-0.427923
-0.505418
-0.371443
-0.521541
-0.222655
-0.499975
-0.507
-0.780517
-0.37297
-0.0388743
-0.435539
-0.366804
-0.33677
-0.406217
0.0594291
-0.312935
0.027231
-0.0430713
-0.0821869
-0.389644
-0.0716525
-0.179936
0.217015
0.271858
-0.204614
-0.0319432
-0.0920751
0.0823849
0.0143538
-0.15893
-0.0882851
0.0426481
-0.179504
0.116199
0.123778
-0.233586
0.0102155
-0.354698
-0.206446
-0.000425698
0.092621
-0.0573668
-0.314572
-0.370679
-0.300374
-0.577461
-0.296517
-0.169869
-0.113639
-0.286367
-0.0164735
-0.539232
-0.244989
-0.18903
-0.587991
-0.230665
-0.137854
-0.483538
-0.213154
-0.633591
-0.507949
-0.282985
0.14872
0.145024
-0.168369
-0.229252
-0.154467
-0.170663
-0.0652187
-0.0707277
0.0589878
-0.268191
-0.287123
-0.070689
-0.289293
-0.207926
-0.326566
-0.446667
-0.183199
-0.195034
-0.097881
-0.186574
-0.347466
0.0889986
0.0469171
-0.343569
-0.0372512
-0.754026
-0.0829331
-0.144747
-0.216292
-0.341239
-0.190815
-0.0295969
-0.439543
-0.260556
0.0565411
-0.0784591
-0.214408
0.444125
0.0170755
-0.201428
-0.109251
0.0799824
-0.118808
-0.26313
-0.147743
-0.340208
-0.456506
-0.306687
-0.147383
-0.154676
-0.0626881
-0.146998
-0.138879
-0.361196
-0.374791
-0.331233
-0.365767
-0.320897
-0.216234
-0.237037
-0.252522
-0.278643
-0.359316
0.0223975
-0.359858
-0.2043
-0.476221
-0.594298
-0.775548
0.140022
-0.205452
-0.209412
-0.370741
-0.0337393
-0.381273
-0.345667
-0.0848846
-0.306608
-0.287051
0.125864
-0.249104
0.0608535
-0.173603
0.185353
-0.220301
-0.201688
-0.0379035
-0.401018
-0.458015
-0.395445
-0.239644
-0.235106
-0.0808246
-0.0992329
-0.344197
-0.152817
-0.197234
-0.0156565
-0.00247343
-0.43569
-0.3815
-0.176709
-0.361244
0.0998669
-0.365167
-0.383205
-0.439686
-0.157138
-0.0739436
-0.255572
-0.47622
0.034109
-0.264611
-0.538574
-0.150997
-0.290616
-0.189834
-0.309174
-0.337446
-0.1976
-0.337534
0.0551062
-0.25599
-0.425393
-0.111042
0.00148651
-0.334813
-0.055957
-0.359725
-0.188365
-0.1345
-0.585058
-0.429293
-0.162748
-0.176013
-0.38396
-0.409201
0.0288764
0.0161465
-0.111335
-0.0424933
0.0641112
-0.296093
-0.345869
-0.473373
0.0483145
0.0205715
-0.248047
-0.130076
-0.187118
-0.4618
-0.167116
-0.151537
-0.253074
-0.348699
0.0627338
-0.167216
-0.0859865
-0.257313
-0.269816
0.101722
-0.501137
-0.162002
-0.233855
0.0555633
-0.145159
-0.0838719
-0.0555236
-0.296826
-0.123181
-0.219333
0.0668497
0.0196395
-0.428706
-0.0971574
-0.203989
0.119536
-0.356984
-0.0518747
0.00598902
-0.232878
0.20243
-0.16685
-0.343688
-0.349247
-0.309969
-0.102643
-0.330364
-0.00378061
-0.362197
-0.087129
0.172287
-0.409078
0.115405
-0.0816372
-0.1264
-0.30406
0.016138
-0.494605
-0.446438
-0.0913641
0.201543
-0.321607
0.188896
0.129689
0.121613
0.106562
-0.0424753
-0.441375
-0.383278
-0.279708
0.0283926
-0.450199
-0.414586
-0.00795569
-0.327161
-0.399721
-0.251637
0.0480912
0.0938465
-0.2101
-0.1341
-0.0235964
-0.321589
-0.239397
-0.340796
-0.117971
0.40091
0.289701
0.0555063
-0.119518
0.00469155
0.140216
0.165739
0.0305072
0.433504
-0.216802
0.133942
0.562838
0.171298
-0.222216
-0.0717035
-0.322913
0.00361365
-0.232544
0.0571711
-0.302737
0.0108868
0.171072
-0.357262
-0.409467
-0.0426878
-0.115429
-0.0218824
-0.261836
-0.270764
-0.163058
-0.289717
-0.436884
-0.142227
0.186085
-0.21719
0.0717018
-0.502802
-0.135518
0.100027
-0.318672
-0.434107
-0.346218
-0.218736
-0.0794975
-0.416534
0.35261
-0.268264
0.0173631
0.0773862
0.0636118
-0.185874
-0.236888
-0.0190047
-0.283565
0.223248
0.0297234
0.1253
-0.437157
-0.376056
-0.115062
0.229503
-0.0582657
-0.00700019
-0.225468
-0.168622
-0.300444
0.105471
-0.348208
-0.280053
-0.236026
-0.202176
0.153711
0.18605
-0.302021
-0.400432
0.021354
-0.259276
-0.344074
-0.0600741
0.372489
0.110146
-0.401157
0.252602
-0.131328
-0.332084
-0.101767
-0.12393
-0.410031
-0.0272268
-0.36293
-0.450924
-0.556812
0.114923
-0.196613
-0.17709
-0.196998
-0.0788186
-0.142837
-0.239145
-0.13695
-0.240843
-0.438164
-0.401161
-0.190365
-0.149551
-0.218165
-0.0682794
-0.0822578
-0.0908705
-0.325999
0.0720002
-0.399215
0.0311562
-0.0139953
-0.306978
0.0531689
-0.137088
0.197737
0.0374285
0.0246453
0.0735441
0.144618
-0.105899
-0.283612
-0.32655
-0.0408392
-0.374564
-0.324815
-0.0380281
-0.249231
-0.0343714
-0.248287
-0.0251205
-0.0825815
-0.171337
-0.101617
0.10384
-0.14738
-0.0458274
-0.146057
0.133804
0.236992
-0.0415352
-0.0595576
-0.107324
-0.0138767
0.202365
-0.166791
-0.468477
-0.424947
-0.00564601
-0.301377
0.101433
-0.0435085
-0.0421912
-0.00398382
-0.11872
-0.0561026
-0.282175
0.0495315
-0.0394041
-0.317387
-0.0652336
-0.0567155
0.0999799
-0.37311
-0.484585
-0.140948
-0.299571
0.0429111
-0.145768
-0.164532
-0.154681
-0.139692
-0.0823847
-0.213929
-0.233712
-0.295455
-0.153916
0.0338967
-0.0986746
-0.10705
-0.212817
-0.00861834
-0.220214
-0.337531
-0.188385
-0.0601885
-0.0919327
0.0897255
0.240896
-0.0323248
-0.176966
-0.065266
-0.269001
0.193829
-0.217203
0.260149
0.0151831
-0.471212
-0.126115
0.125752
-0.0551012
-0.0472422
-0.131919
0.00213013
0.000838459
-0.269927
-0.246521
0.0707585
0.0154921
-0.143121
-0.0637831
-0.173828
0.0700515
-0.0913843
0.235308
-0.0628508
-0.0723343
-0.262253
-0.0465625
-0.130761
0.00264477
0.0547023
-0.125744
-0.196899
0.0859345
-0.00408577
-0.150918
-0.0227482
0.101854
0.00574185
-0.212114
-0.243023
0.0257462
-0.134177
0.0561648
-0.117349
0.195054
0.0927313
-0.044294
-0.0730787
-0.0329622
0.264266
0.0864154
-0.132151
-0.229987
-0.0810822
-0.00902064
-0.0390198
0.109148
-0.14731
0.317412
0.215088
-0.183801
-0.17685
0.104468
-0.0630322
0.0558569
-0.177185
0.0334606
0.23225
-0.28341
-0.593072
0.132011
-0.136151
0.0108253
-0.217898
0.311718
-0.339786
-0.152167
-0.136407
-0.25911
-0.0789167
0.10392
-0.252039
-0.281108
0.262859
0.0996997
0.284268
-0.0253222
0.167283
0.287173
-0.0351487
0.54641
-0.256175
0.267678
-0.0737819
0.116008
-0.0939332
-0.381015
-0.0764158
0.162056
0.0324404
0.135166
-0.319156
-0.0228482
-0.270689
0.0975862
-0.149464
-0.0309685
-0.0354614
0.180228
0.0984364
0.0774495
-0.0215126
-0.115764
-0.0904877
0.178574
0.026294
0.00694416
-0.048969
-0.135047
0.110955
0.179088
-0.163627
0.216061
-0.234683
0.250119
-0.0854234
-0.179238
-0.267674
-0.102364
-0.225802
0.0168654
0.080049
0.283692
-0.0723275
-0.209936
0.0548858
0.277697
-0.0511944
-0.143651
0.0597402
-0.103353
-0.191878
-0.102226
0.150781
-0.0144273
0.00168542
-0.112579
-0.109627
-0.315202
-0.254289
-0.204364
-0.0640933
-0.196772
-0.192001
-0.0504354
-0.0552279
-0.374388
-0.177521
-0.255558
-0.0464716
-0.0198025
-0.101112
-0.270118
-0.348813
-0.0671551
0.150145
-0.353269
-0.156211
-0.536873
-0.222843
-0.0543578
-0.284982
0.165849
-0.138233
-0.0374278
-0.0505939
-0.0184584
-0.552202
-0.265407
-0.0505226
-0.0190744
-0.321681
0.14217
-0.047065
-0.115676
-0.216599
-0.0733578
0.172288
0.160467
-0.254973
0.160021
0.122513
0.0152589
-0.328552
-0.229103
-0.0647632
0.100655
0.00783475
0.136988
-0.132113
-0.0470301
0.181165
-0.0908338
0.0911665
-0.0667715
0.0304156
0.242948
0.255216
0.225426
-0.175622
0.0555167
0.00242439
0.16454
-0.1177
0.0904289
-0.0120064
0.169639
0.176206
-0.133261
-0.00766018
-0.414948
-0.178113
-0.394326
0.210301
0.01498
0.107773
-0.127383
0.0509401
0.0608311
0.224706
0.112919
-0.0217757
0.253616
-0.0155223
0.0930214
-0.42635
-0.129183
-0.241848
-0.0796394
0.0792176
0.057641
-0.324815
0.0809309
0.0589774
0.0759095
0.168075
0.145849
0.145952
0.177912
0.0101557
0.0284263
0.143931
-0.126985
0.0416197
0.410859
-0.284214
0.107706
-0.0456119
0.115182
0.172141
-0.159909
-0.39635
-0.0241376
-0.00374299
-0.204354
-0.168871
-0.00920095
-0.314164
0.32139
-0.085955
-0.119361
0.00249649
-0.0541266
-0.0533573
-0.0108504
-0.166934
-0.0295772
-0.262829
-0.121375
-0.228437
0.245946
-0.0886892
-0.102453
0.06962
-0.211918
0.0826462
-0.0204387
0.188942
-0.250911
-0.270601
-0.181504
0.222847
-0.22674
-0.0923642
-0.11434
-0.0469082
-0.108818
0.0791378
-0.0122191
0.0441283
0.148345
-0.0772526
-0.064919
0.0999107
0.0965027
-0.016483
-0.0586156
-0.128186
0.0145424
-0.154723
-0.0159222
0.320714
-0.209324
0.131716
-0.102028
-0.0507959
0.115242
0.0814733
0.103112
0.0367737
0.100799
0.139733
0.283742
0.0963159
-0.101179
0.381952
-0.280905
0.285476
0.2193
0.0500495
0.00867417
-0.19917
-0.290417
-0.0733355
0.00940464
-0.0250328
-0.0350988
0.283772
-0.271827
-0.245549
-0.0990719
-0.0910906
-0.0231357
-0.209205
-0.465949
0.268892
0.38658
-0.0121065
-0.145375
-0.384379
-0.349352
-0.17887
0.429862
0.0526564
0.004019
0.0326676
-0.0498622
0.0781212
0.145881
0.187274
-0.0612747
0.240909
-0.285257
0.12165
0.119404
0.090954
0.227565
0.3121
0.502798
-0.0552352
-0.0641839
-0.0229713
-0.0451421
0.108715
0.0407752
-0.23868
0.247282
0.145618
0.035453
0.132621
-0.462962
0.205515
0.0207988
-0.199112
-0.0037357
-0.0617451
-0.0766545
0.117708
-0.184873
0.110072
0.0694757
0.280631
-0.0929315
0.0561515
-0.000720942
0.0341621
-0.0457591
0.0118399
0.151401
-0.283568
-0.122686
-0.170851
-0.0977509
0.0904197
0.0538428
0.274839
-0.219046
-0.0418512
-0.365461
-0.225689
-0.167725
0.148568
0.208895
-0.00246506
0.0696166
0.276824
0.0878853
-0.0780877
0.0387983
0.0828312
0.0735514
0.0720753
0.0643725
0.199272
0.0712806
0.0922225
-0.134398
-0.155942
0.0964322
0.254793
-0.122081
0.168581
0.1211
0.320617
-0.234678
-0.0229161
0.294959
-0.0179359
0.0199113
0.059693
-0.0593085
-0.236252
0.0254262
-0.0744039
0.0755561
0.226889
-0.0692931
-0.139182
-0.193241
0.110713
-0.147782
0.221718
0.169535
0.168302
0.1992
0.112953
0.106362
-0.395802
-0.0948992
0.0531208
-0.0484446
-0.0590142
-0.103017
-0.111607
-0.00416109
-0.106216
-0.18883
0.100385
-0.240071
0.306458
0.032819
-0.258955
0.0157011
-0.0611251
-0.0181146
-0.126761
-0.155562
-0.0978388
0.00619765
0.0684958
-0.147597
-0.562722
0.0603021
0.122543
-0.152897
-0.228574
-0.204805
-0.0193523
-0.224789
0.376052
-0.111905
-0.00215178
-0.184139
-0.133886
-0.139689
-0.0959893
0.130476
0.313331
0.0916293
0.260053
-0.00941602
0.0746744
-0.175357
0.457095
0.179272
0.297165
0.199179
0.15929
-0.25581
0.10574
-0.0659361
-0.114487
-0.181133
-0.0718373
0.191645
0.361926
0.291532
0.0999414
-0.135817
-0.23832
0.127649
-0.0636991
0.0275523
0.0664535
-0.188409
-0.285988
0.0387282
-0.265742
0.0800217
-0.246866
-0.0287693
0.0925897
-0.286737
-0.0401258
-0.0566835
0.0493508
-0.103991
-0.20707
-0.162726
0.155034
-0.213579
-0.30731
0.10013
-0.125135
-0.110944
-0.0912804
-0.146942
0.0989297
0.16792
-0.158626
-0.117872
-0.114254
-0.602925
-0.197717
