0.390483
-0.0370965
0.0942397
0.0661819
0.0687994
-0.0631072
-0.0470093
0.0242146
0.345019
-0.0168598
-0.165929
0.0297706
-0.0885876
0.164884
0.0681623
0.143493
0.115525
0.110569
-0.125518
-0.171279
0.281738
-0.108961
0.155107
0.0770274
0.187162
-0.166459
0.151215
-0.128726
0.381478
0.312841
0.0057428
-0.0161667
0.22725
0.0255908
0.296289
-0.0230281
0.0774948
0.33779
0.216324
0.10173
0.18702
0.154694
0.115672
-0.0638717
0.0690174
0.273776
0.211506
0.288558
0.0196679
-0.1925
0.226837
0.0788612
0.098974
-0.190752
0.331834
0.123976
0.136786
0.000922761
-0.00506291
0.0717488
0.11032
0.105884
0.0386724
0.0338533
0.0788733
0.131584
0.307807
0.112246
0.0670178
-0.0627966
-0.0303444
0.262094
-0.161826
0.0635625
-0.205588
-0.045622
0.132745
0.011443
0.0723606
-0.0696801
0.289121
0.0702071
0.0300994
0.140132
-0.12595
0.289767
-0.0901126
0.561214
0.154262
-0.0612879
0.111339
0.0853597
-0.285414
0.199909
0.167218
-0.157113
0.285347
-0.122417
0.0309454
-0.159875
-0.286177
0.197379
0.0026172
-0.030042
0.0951617
0.0617678
-0.0389902
0.0581046
0.0445892
0.257935
0.242652
0.391701
0.163765
0.12619
0.14168
0.370184
0.265407
0.188706
0.18086
0.0782304
0.369986
0.0871487
-0.145712
-0.0259804
0.405683
0.22039
0.407387
-0.00120574
-0.127782
0.108454
0.141867
0.188201
-0.199155
-0.0301722
0.0980963
0.274716
-0.14569
0.0246678
-0.0762915
0.107733
0.00204504
0.177508
-0.0118449
0.0446016
0.0847942
0.0462805
0.0803414
0.264509
0.0325307
-0.0562929
0.159395
0.308897
0.0548899
0.0849567
-0.071351
0.344418
0.0739718
-0.0978878
0.229719
0.524157
0.362469
0.143304
0.101113
0.162126
0.495528
-0.0648383
-0.0649721
0.185228
0.0610076
-0.146223
-0.327816
-0.0507445
0.246417
-0.021882
0.202827
0.0440328
0.327268
-0.00373585
0.0695297
-0.0891085
0.136454
0.0469142
0.0669666
0.320783
0.274329
0.153514
0.199429
0.175509
-0.32534
0.128356
-0.0324865
0.163892
0.0473099
0.0973283
0.19425
-0.144334
0.0133385
0.031344
0.0582912
0.325536
-0.00450316
0.114547
0.00390817
0.0297598
-0.14598
0.3196
0.159477
0.124775
0.382766
0.0382433
0.310389
-0.0390071
0.166235
0.101766
0.272866
0.425308
0.0720644
-0.0682082
0.331999
0.25772
0.0462259
0.268375
0.418614
0.302871
0.0727885
0.278207
0.211781
0.21346
0.225543
0.267635
0.292515
0.0821159
-0.148803
0.265336
0.50048
-0.193823
0.040186
0.139389
0.348826
-0.236521
-0.0766838
0.0713028
0.103831
0.1525
0.162682
0.336013
0.17797
0.214752
-0.203754
0.0423512
0.175127
0.229668
0.0341068
0.364922
0.159731
0.00770419
0.25231
0.0942188
-0.141454
0.282591
0.270718
0.181078
0.0295311
0.0900717
0.220333
-0.0671168
0.0860491
0.158539
0.0215694
-0.208364
0.105054
-0.117584
0.291185
0.462749
0.410757
0.312913
0.220102
-0.0375159
0.253625
0.196667
0.325433
0.341391
-0.0939857
-0.0729148
0.187553
0.139369
0.173989
0.103424
-0.140266
0.370187
0.270356
-0.0182197
-0.209642
0.10246
0.176082
0.100748
0.346539
0.437097
0.443676
-0.156414
0.247198
0.291841
0.201952
0.23166
0.290978
0.237964
0.439493
0.308263
0.246611
0.419336
0.205298
-0.0262288
0.177896
0.259395
-0.117573
0.0784682
0.285398
0.345326
0.0703753
0.318184
0.196889
0.335134
0.187103
0.274243
0.245095
0.224965
0.0440972
0.0611636
0.50099
0.432117
0.362468
0.0199694
0.495631
0.258325
0.141097
0.367021
-7.55312e-05
0.157542
0.0121387
0.145504
0.417405
0.145133
0.0487288
0.0601564
0.0198649
0.280112
0.208091
0.0769805
0.119195
0.103194
-0.051545
0.0334085
0.142549
0.100517
0.444533
0.0911251
0.115869
0.259784
0.20695
0.189173
0.0578665
0.135606
0.0951326
0.0945814
0.219866
0.0777923
0.188203
-0.250285
-0.0201573
0.0633405
-0.233885
0.00891553
-0.155872
0.112813
0.067354
0.037223
0.00460912
-0.0895932
0.107378
0.0649069
-0.0521266
-0.0432664
0.0908179
-0.541447
-0.292628
-0.0661004
-0.0562324
-0.0171532
-0.151034
0.124914
-0.091984
-0.065797
-0.0171899
0.212628
0.117284
0.207753
-0.024067
-0.176629
-0.00442245
-0.354294
0.0230637
-0.00615195
0.12732
0.0807939
0.233284
-0.0574363
0.0343901
-0.0720279
0.246163
-0.112593
-0.00289855
0.213474
0.0443434
-0.144152
0.0993943
0.281702
0.101383
-0.0965029
0.13164
0.0268387
-0.212753
0.0676138
-0.125228
0.200559
0.246154
0.145396
-0.251952
0.314332
0.207516
0.131708
0.297692
0.133618
0.115087
0.17382
0.141417
0.155276
0.249046
-0.0644176
0.121335
0.0225978
0.170711
0.238146
-0.019467
0.332892
0.0628719
0.0610785
0.122891
0.0265135
0.0720822
0.0379395
0.132581
0.135634
0.184931
0.27244
0.343556
0.360176
0.239575
0.312752
-0.238576
0.164284
0.115605
0.0304937
0.104766
0.332606
-0.16811
0.290782
0.0249753
-0.184129
0.0488195
0.0553313
-0.0119287
0.15502
-0.0563666
0.115108
0.0104912
-0.0779863
0.0252357
0.310215
-0.0944741
-0.0232397
-0.015806
-0.0144079
0.341349
0.601566
0.190699
0.352532
0.205201
0.462477
0.157214
-0.00457432
0.397589
0.370294
0.471121
0.642652
0.365906
0.0885414
0.350683
0.114557
0.143073
0.0785563
-0.0160828
0.101475
0.12771
-0.182563
-0.229481
0.125937
-0.241045
-0.2551
0.0259312
-0.119383
0.302208
0.175157
0.0283274
-0.164084
-0.0916929
0.14845
-0.249147
-0.186402
0.056963
-0.0831385
-0.215773
0.025418
-0.0955363
-0.200466
-0.239788
-0.131986
0.0804855
0.192082
0.157308
0.252859
-0.0355833
-0.0473758
0.186647
0.220417
0.401308
0.348004
0.643715
0.0858548
0.231866
0.101174
0.585214
0.704279
0.554013
0.342936
0.575411
0.549405
0.465267
0.246347
0.182208
0.138505
0.19497
0.28171
0.274795
0.330293
0.0426304
0.299571
0.257986
0.255149
0.39339
0.124079
0.254282
-0.119548
0.120474
0.0329935
0.0356897
0.197872
0.189656
-0.0979358
0.29135
0.167558
0.231421
0.228868
0.306328
0.331206
0.294673
-0.0841117
0.329787
0.393166
0.508976
0.1246
-0.0128068
-0.0636129
0.35982
0.111475
0.282617
0.289047
0.0874094
-0.0857483
0.0990151
0.193725
-0.0105623
0.281969
0.10034
0.0522228
0.154097
0.288876
0.288242
0.160931
0.136776
0.289404
0.235806
0.258245
0.0363254
-0.0252911
0.382898
0.255661
0.177278
0.142227
0.317991
0.0503667
0.196962
0.205796
0.00944456
0.377975
0.225145
-0.0142124
0.252127
-0.192935
0.0257927
-0.0364582
0.0543727
-0.101638
0.021209
0.358428
0.435594
0.246338
0.33601
0.0652081
0.337273
0.413442
0.0682494
0.174852
0.0146075
-0.130139
0.259654
0.352344
0.277847
0.236066
0.0169437
0.412699
0.428321
0.232642
0.0963389
0.361476
-0.0819281
0.188505
0.585893
0.25719
0.592996
0.306338
0.14973
0.260392
0.284971
0.290898
0.29365
0.175626
0.187125
0.387221
0.0415624
0.248476
0.286302
0.276011
-0.0676734
0.0272815
0.0914258
0.205609
0.0550153
0.423036
0.201331
0.0779189
0.126535
0.211035
0.115137
-0.0239579
0.130296
0.24994
0.235808
0.16123
0.122425
0.0726775
-0.257509
0.0680874
0.32798
0.267268
0.180448
0.341073
0.160088
0.436664
-0.00942681
-0.0929271
-0.0179455
-0.0356773
-0.2514
0.00708283
-0.217919
-0.103329
-0.0215792
0.101152
0.31717
0.340475
-0.093156
0.207141
0.00138064
-0.0141708
-0.20998
-0.0466374
0.197609
0.104948
0.22444
0.199705
0.320925
-0.370506
-0.0859075
-0.220572
0.230915
0.0566941
0.221439
0.29457
0.132497
0.144674
0.13906
0.145898
-0.163885
0.0566487
0.269684
0.0455762
0.0905553
0.301174
-0.0265515
0.260747
0.32356
0.0246611
0.331455
-0.00162914
0.038581
0.319903
0.0016174
0.234091
-0.0204972
0.332964
-0.05055
0.299679
0.220687
0.0638133
0.0166854
-0.282682
0.124467
0.170381
-0.0420074
0.022882
0.208013
0.0833297
0.123277
-0.179607
0.132407
-0.00204095
0.24068
-0.0917002
0.0657085
0.142786
0.3462
0.0125742
-0.0511776
0.378447
0.0841282
0.220357
0.37711
0.234158
0.0928328
0.385055
0.375841
0.091675
0.0477137
-0.117484
-0.128399
0.322631
0.26927
0.213493
0.269937
0.191529
0.127262
0.0484392
0.284559
0.247398
0.0930048
0.220726
0.34503
0.10762
0.271389
0.300208
0.29472
-0.234627
-0.23541
0.104049
0.0992806
0.146052
-0.0779973
0.00456806
0.415413
-0.0652817
0.188371
0.0137142
0.223261
0.0894826
0.216037
0.166563
0.174169
0.0875728
0.174236
0.25294
0.236758
0.174286
-0.0530142
-0.00385786
-0.0308517
0.142781
0.0717209
0.467561
0.344462
0.335672
-0.0315842
-0.0250283
-0.0561645
0.130621
0.208435
0.244249
0.125963
0.0966144
0.13
-0.0594056
0.347226
0.165664
0.156548
0.31553
0.234023
-0.0391004
0.408799
0.173407
0.068604
0.402002
-0.0340304
0.237433
0.0212405
0.0107416
0.171411
0.188769
0.196665
0.398146
0.344774
0.131084
-0.018957
0.0289003
0.0403994
-0.298488
0.157077
0.0620224
0.246278
0.127586
0.208754
-0.0358093
0.0923253
-0.220961
-0.0886515
0.0436263
0.0617545
0.257932
-0.062654
-0.300312
-0.00882895
0.0550978
0.104522
0.212675
0.16786
0.0633571
0.114083
0.152649
0.20109
0.0250453
0.354164
0.0988085
0.291752
0.0833843
-0.0741709
0.0126539
0.206754
0.0678111
0.155043
0.0888934
-0.0213577
0.442465
0.0785104
0.147001
0.0661255
0.126477
0.301996
-0.0749678
0.372663
0.174973
0.239523
0.203228
-0.12329
0.0903482
-0.0932299
0.213459
0.0678577
0.298724
0.257868
0.199942
0.0393659
0.243278
0.135704
-0.102548
-0.194251
-0.160866
-0.0749698
-0.179407
0.0265654
-0.17639
0.335015
0.0588987
-0.0110247
0.0688425
0.003302
0.223387
0.0269876
0.127384
-0.212983
-0.0991376
-0.127178
0.324861
0.292804
0.240929
0.150246
0.163414
0.454161
0.0979059
0.0182373
0.0399851
0.115855
-0.201144
0.0958633
0.201783
0.212426
-0.0626191
0.297367
0.00308603
0.0483848
-0.118502
0.107719
0.132531
-0.0900183
0.232693
-0.097753
0.411042
0.143739
-0.0971125
0.24855
0.0640913
0.00203465
0.00795492
-0.0222577
-0.156468
0.0142076
0.217588
0.244308
0.16315
0.147585
0.24859
0.0953371
0.16447
0.0625293
0.218673
0.153497
0.1747
0.224799
0.0839852
0.0075912
-0.0679365
0.0472379
0.253366
0.154116
0.224914
-0.0870196
0.251945
0.21985
0.194471
0.163253
0.242902
-0.0831381
0.185537
-0.00734097
0.140724
0.0907977
-0.0301724
0.118625
0.271135
0.25851
0.242374
-0.128217
0.222713
0.246431
0.444766
-0.157232
0.0810848
-0.161707
-0.00101671
0.154713
0.144712
0.0604605
0.0868411
0.0224985
0.106938
0.0581546
0.024845
0.144821
-0.0983756
0.0854975
0.122021
0.155903
0.0129088
0.154624
0.0850021
0.282836
0.290882
-0.057667
0.174382
0.179503
0.295099
0.198985
0.213483
0.188223
-0.115555
0.0341057
0.227712
0.0565165
-0.0128944
-0.00978842
-0.0397034
0.0595722
0.0104974
0.174376
0.172963
0.334201
0.28857
0.113287
0.0795301
0.192952
-0.087078
0.291491
0.224831
0.138574
0.0230447
0.342442
0.0914887
0.356478
0.420205
0.216916
0.315946
0.00950597
0.395984
0.129615
0.118893
0.462855
0.358182
0.574443
0.2247
0.14342
-0.0680197
0.03933
0.476198
0.112183
0.163699
0.17116
0.0861049
0.219073
-0.014602
0.163116
-0.124327
0.108389
0.386257
0.229209
0.119484
0.162719
0.109194
0.218594
0.285418
0.0814803
0.104788
0.0876994
0.17227
-0.0379137
0.0486815
0.118026
0.188968
-0.112449
0.0925395
0.251463
0.137873
0.062683
0.0955071
0.066806
0.240261
0.230936
0.247589
0.224368
0.278462
0.225214
0.110998
0.268735
0.161628
0.271259
0.0796166
0.335566
-0.00470361
0.0247243
0.0312718
-0.0721496
0.225812
-0.0949647
0.340924
0.0690015
0.124968
0.32368
0.0263252
0.305709
-0.0856408
0.332563
-0.14674
-0.193574
0.337781
0.198248
-0.277269
0.0239291
-0.121068
-0.133705
0.0287709
0.121154
0.248077
-0.0568391
0.212066
0.1366
-0.028114
-0.123218
-0.0988408
-0.0736855
-0.0217029
-0.124017
0.0958145
-0.201736
-0.148877
0.0672954
-0.045596
0.0923625
-0.0483369
0.1982
0.388771
-0.0234309
0.10466
0.165532
0.036521
-0.297502
0.0443628
0.0871319
0.32252
-0.267036
0.0785732
-0.026132
0.152034
0.0323951
0.084496
0.00825314
0.167971
-0.088892
0.0786893
0.0171186
-0.208692
0.183499
0.131589
0.228044
0.00863106
-0.00591164
0.106695
0.0912
0.0176698
0.0612364
0.0401306
0.115355
0.234711
0.0809945
0.165835
0.00753582
0.336421
0.227495
0.16713
-0.00196294
-0.0804352
-0.274569
-0.0546753
-0.0433399
-0.0416877
-0.0403594
-0.0115715
0.26137
0.0188642
0.0976454
0.368366
0.0308286
0.141383
-0.136426
0.107222
0.173379
0.0619948
0.123024
0.0603846
-0.0324477
0.0907127
-0.0498069
0.139124
-0.0441422
0.0807759
0.0775595
0.310082
0.417394
0.0921093
0.131332
0.260518
0.091372
-0.0117035
0.0967675
0.0278504
0.103701
0.129282
0.0368588
0.125108
-0.0654238
-0.14565
-0.0750157
0.0618178
-0.399488
0.0336622
0.14676
0.0375409
0.388231
0.0480797
0.0484962
-0.116198
0.0827
0.288618
0.179708
-0.0989377
0.264855
0.172914
-0.194315
0.0762302
-0.175466
0.124678
0.0132675
-0.288018
0.24459
0.220371
0.120616
0.281665
0.452951
-0.272043
0.113608
-0.0965109
0.0586478
-0.112249
0.516664
0.336144
-0.0374333
0.24363
0.0671785
-0.16054
0.337189
0.0343871
0.458349
0.222788
-0.148917
0.0764458
0.0381142
0.00835238
0.309991
0.0808579
0.000941807
0.253429
0.12539
0.364804
-0.0649893
0.103194
0.276991
0.387323
0.13267
0.0984008
0.0466407
0.469302
0.234118
0.195604
0.0101893
0.111928
0.2007
0.183702
0.376224
-0.119449
0.223657
0.517402
-0.0126265
0.252407
0.447887
0.276239
-0.264239
-0.232753
0.0394218
0.0551592
0.305856
0.0740649
-0.0358183
-0.099168
0.321695
0.126144
-0.073115
-0.0222629
0.194055
0.26412
-0.224025
0.32269
0.535349
-0.0771851
0.155437
0.250837
0.114138
0.0223439
0.234867
0.211963
0.162357
0.417162
0.184853
0.0676967
0.350894
0.361751
0.301973
0.189555
0.253531
0.152546
0.249994
0.172033
0.472841
0.245242
0.0986323
0.00768891
0.373257
-0.0108819
0.339778
0.192273
0.504051
-0.203659
0.148395
0.217683
0.309001
-0.285936
0.0096617
-0.0837915
-0.0041073
0.025601
-0.304571
0.0732953
0.208249
0.352159
0.15249
-0.0563852
-0.0472553
0.0853243
0.468411
0.096289
-0.0124032
0.120166
-0.0694903
0.161588
0.256367
-0.0765129
0.0581392
0.130364
0.186837
0.466473
0.212646
0.198828
0.215776
0.208628
0.161587
0.0749869
0.146644
0.545304
0.0405923
0.42137
0.101055
0.0771823
-0.0710555
0.258306
0.557303
0.377087
0.234973
-0.0348532
0.303438
0.0594195
0.310553
0.117057
-0.0428006
-0.186445
0.051366
0.49702
0.103793
0.175607
-0.129708
0.0414422
0.455747
-0.125892
0.292875
-0.18344
0.146238
0.40873
-0.0176873
0.0738115
-0.0759191
0.338096
-0.0751128
-0.0362844
0.225626
0.0215734
0.340494
-0.225511
0.308763
0.258494
0.159629
0.0655407
0.222319
-0.113812
0.182263
0.159514
0.340276
0.150049
0.191107
-0.0613101
0.337895
0.1514
-0.0169188
-0.101764
0.216537
0.0891948
0.0994962
0.0613447
-0.0317273
-0.150224
0.0410424
0.276593
0.17301
0.255361
0.148605
0.136979
0.273848
0.262755
0.243027
0.147414
0.348724
0.12874
0.136424
0.100898
0.294182
-0.0472642
-0.0482442
0.014386
0.187403
0.13325
0.0421267
0.219
0.151636
0.289145
0.447625
-0.0340708
0.0155192
0.0972946
0.314677
0.139218
0.35838
0.262177
0.181851
0.171153
0.235343
0.133208
0.433979
0.119644
-0.0691275
0.165193
0.0338828
-0.171352
0.116409
0.141937
-0.113715
0.00682095
-0.0140268
0.0510165
-0.0672746
0.148929
-0.00191275
0.129883
-0.0117351
0.346231
0.451617
-0.231635
0.252438
0.331989
0.151693
0.0920949
-0.01483
0.0440877
0.303484
0.134069
0.175075
0.149777
0.303822
0.340151
0.130982
0.366924
0.333984
0.249243
0.044611
0.122536
0.314006
0.0835467
0.351761
0.573447
0.459178
0.330964
0.197686
0.144302
0.361721
0.136575
0.0470975
0.258984
0.384611
0.1724
0.28209
0.284702
0.0234135
0.304821
0.155468
0.184866
0.113718
0.0859302
0.0327718
0.153801
-0.0169405
0.18999
0.201499
0.515901
0.0646044
0.260897
0.10107
-0.0148702
0.261728
0.0728766
-0.0323786
-0.182521
0.203712
-0.234311
0.37723
-0.0279948
0.221656
0.174684
0.0767566
0.262772
0.0214219
0.113357
0.179351
0.0774394
0.22887
0.0108041
0.0647608
0.295855
0.421339
0.528885
0.231723
0.455091
0.362528
0.239485
0.268902
-0.0911817
0.0765866
0.388859
0.360732
0.309704
0.401158
0.341579
0.404808
0.395534
0.414306
0.399973
0.0845488
0.344633
0.383518
0.170679
0.326566
0.217627
0.303036
0.215763
0.393359
0.138322
0.152055
0.475467
0.187678
0.471584
0.00558934
0.208411
0.2378
0.180415
0.27044
0.276433
0.155239
0.388613
0.343582
-0.0734874
0.280391
-0.0187408
0.291759
0.0929339
0.00334878
0.229478
0.0859779
0.109572
0.0626252
-0.0314655
0.0392227
0.228066
0.114076
0.00864006
0.633355
0.158971
0.0795739
0.164205
0.0878151
-0.0765171
0.139327
0.307489
0.336452
0.221711
0.510997
0.218587
0.456141
-0.247637
0.220024
-0.164472
0.252681
0.292243
0.186922
-0.0398638
0.273738
0.0304001
0.114376
0.0990535
0.447699
0.49012
0.149884
0.322639
0.168463
-0.0505785
0.227061
0.0765666
0.0817284
0.154269
-0.0345391
0.175776
-0.00268024
0.159836
0.125991
-0.048937
-0.0598718
0.15952
0.25443
-0.00439589
-0.105489
-0.0316303
0.192299
0.281542
0.231678
0.195905
0.271628
0.0719632
-0.112371
0.295188
-0.00218529
0.0772254
0.327417
0.145891
0.369725
0.0058628
0.08615
-0.0253978
0.273055
-0.177708
0.278487
0.0774298
0.135746
0.332047
0.302938
0.156964
-0.151737
0.135049
0.0181149
-0.156587
0.0276665
0.149627
0.273125
0.375928
0.309962
0.370252
0.232596
0.145898
0.271747
0.0438219
0.346814
0.142138
0.322179
0.0720164
-0.0909451
0.222721
-0.155608
-0.0606959
0.406399
0.0518356
0.233119
0.162182
-0.161197
0.106144
-0.0407818
0.275972
0.180059
0.0381907
-0.0592539
0.137697
0.138201
-0.0396738
0.0192501
-0.145172
0.169584
-0.137888
0.0427239
0.0145
0.0402595
0.12992
0.137832
0.0627704
0.357139
0.282931
0.149448
-0.387855
0.275671
0.261928
0.0917251
0.230076
0.2597
0.00257072
0.278359
0.365651
0.0888317
0.271374
0.17051
0.149658
0.171005
0.187493
0.161987
-0.00887085
0.237186
0.0834876
0.0163325
0.300884
0.265625
0.461637
0.144793
0.2188
0.4433
0.0926856
0.0348531
-0.105476
0.210577
0.00459661
-0.0795044
0.0101802
0.16776
-0.0726111
0.213519
0.0791586
0.320649
0.425566
-0.205762
0.489438
0.362339
0.378934
0.595323
0.0981599
0.391261
0.417265
0.263956
0.159294
0.0799629
0.200688
0.410049
0.411124
0.109149
0.399381
0.473859
0.129854
0.484095
-0.0212364
-0.131413
0.206186
0.190088
0.300159
0.217632
0.104879
-0.180492
0.0323617
0.260626
0.108695
-0.0193431
0.0169349
0.440942
0.100043
0.191003
-0.0269048
0.131096
0.502354
0.0879781
0.330461
0.188518
0.132478
0.182451
-0.000575629
0.326897
0.0270643
0.283719
0.228099
0.144439
0.182162
0.122299
0.088964
0.0204564
0.169784
0.193868
0.373974
0.230535
-0.0216609
0.24266
0.108139
0.0543048
-0.0192034
0.15231
0.416466
0.0498501
0.326111
0.310777
0.0373747
-0.0935438
0.0907077
0.152335
0.137652
0.210013
0.0982499
0.107854
0.158932
-0.107935
0.191563
0.168548
0.000334752
0.0506451
0.256609
0.0480747
0.260448
0.0397903
0.187588
0.182276
0.369329
0.0179561
-0.106175
-0.104409
-0.170694
-0.145054
0.254596
0.0352556
-0.0711039
0.114693
-0.161396
-0.0948008
-0.0231283
0.099964
0.342984
0.118459
0.120044
-0.24674
0.199516
0.326685
0.169377
0.069184
0.0284883
0.125385
0.0955743
0.391493
-0.0417706
0.241369
0.19466
0.0373424
0.210477
0.0736247
0.200178
0.211802
0.443015
0.00114473
0.336045
0.0439135
-0.0524807
-0.0310475
0.232127
-0.110297
0.482283
-0.102099
0.0611319
0.107709
0.422318
0.140593
0.305328
0.190021
0.0625975
0.00207269
0.333619
0.21665
-0.101185
0.139514
0.238494
0.0390026
0.265372
0.51524
0.0320859
0.143647
0.00762021
0.508195
0.245699
-0.0332497
-0.0472911
-0.180499
0.0926925
-0.0668728
-0.0699902
0.196601
0.0483486
0.142952
0.274156
0.448231
0.024621
0.29612
0.380302
0.225606
0.0729519
-0.197761
0.312565
0.204762
0.289459
0.0945224
0.307427
0.403292
0.110707
0.392998
0.209192
0.197855
0.116154
0.244595
0.0279223
0.307937
0.154804
0.463231
0.140757
-0.184468
0.131883
0.419982
0.349253
0.146573
-0.0137708
-0.029662
0.155835
0.288948
-0.077532
0.169523
0.0512007
0.104787
0.2572
0.0275768
0.225363
0.0639217
-0.0713068
0.278012
0.199056
0.231659
0.171032
0.17942
-0.192133
0.332042
0.234304
0.33713
0.0632541
0.212544
0.1096
-0.123802
0.258435
0.190579
0.249315
-0.0043636
0.227866
0.0536103
0.265451
0.310057
0.381258
-0.0299729
0.14813
0.155147
0.426027
0.35408
0.241996
-0.0652854
-0.103086
-0.0150381
-0.0406848
0.227429
0.0795473
0.0232336
0.14827
0.220131
-0.170946
-0.105075
-0.0939042
0.0675809
0.256382
0.463755
-0.132658
-0.0499454
0.235705
-0.138635
0.0343111
0.113677
-0.0225163
0.163393
0.061949
0.0120498
0.246184
0.346624
-0.0481081
-0.154243
0.131295
-0.125393
0.052626
0.204514
0.146257
0.0464551
-0.249907
0.0732625
-0.296894
0.0674653
-0.0624431
0.168581
0.243842
-0.058358
-0.316502
8.7657e-06
0.176088
-0.437357
0.196586
-0.0119803
0.00585158
0.131807
-0.028037
-0.102005
-0.0521564
-0.281131
-0.13721
0.213085
0.0412971
0.0829564
-0.176313
0.141755
-0.117494
-0.186782
0.150644
0.129982
-0.313622
-0.0960168
-0.131297
0.3754
-0.0718454
0.0284409
0.162654
0.190091
0.209004
0.152218
0.014847
-0.010875
-0.118141
0.0602396
0.150914
0.0522
-0.0832834
0.1311
0.167854
0.268216
0.252352
-0.0238339
0.0585181
0.13755
-0.111588
0.102346
-0.0647924
0.0334153
-0.00849557
-0.10649
-0.020139
0.0170067
0.185258
0.0772302
-0.0519019
-0.0181083
0.0328769
0.161281
0.00159827
0.0761458
0.182506
-0.177941
0.00192323
-0.0451482
-0.142983
-0.22912
0.127484
0.00412923
0.108429
-0.0788459
0.019171
0.298407
-0.0744638
0.221043
-0.3165
-0.0610077
0.0326236
-0.0559439
0.052614
-0.170306
-0.279768
-0.101711
-0.104802
-0.211819
-0.122615
-0.259448
-0.260397
-0.100302
0.174364
-0.231419
-0.0379498
0.0330544
-0.117855
0.190927
-0.0821802
-0.0450543
-0.228013
-0.105574
-0.0643357
0.034345
-0.182977
0.0804408
-0.116859
-0.297553
0.116171
-0.390925
0.0266511
0.151763
-0.225097
0.0294539
-0.137532
0.0147786
-0.250981
-0.146943
-0.315206
-0.18072
-0.0753869
-0.22873
-0.0614568
-0.228081
-0.188015
-0.109001
0.0221105
-0.251688
-0.101589
-0.392415
-0.187803
-0.357654
-0.457677
-0.283505
-0.329244
-0.0152261
-0.454719
-0.559624
-0.558917
-0.691512
-0.410415
-0.112386
-0.359409
-0.763109
-0.625676
-0.647286
-0.455666
-0.658102
-0.589578
-0.557379
-0.875846
-0.515503
-0.581406
-0.476925
-0.726323
-0.544355
-0.339784
-0.89254
-0.700522
-0.600753
-0.568145
-0.440444
-0.284778
-0.484408
-0.624656
-0.492966
-0.480901
-0.614328
-0.864648
-0.575511
-0.613538
-0.427906
-0.617408
-0.290319
-0.352507
-0.44828
-0.458266
-0.593431
-0.537536
-0.740225
-0.551224
-0.307029
-0.405755
-0.740407
-0.53884
-0.113625
-0.718755
-0.289087
-0.552687
-0.740998
-0.921965
-0.861888
-0.463649
-0.932938
-0.746804
-0.714684
-1.00815
-0.703058
-0.668984
-0.994876
-1.16532
-1.07995
-1.01981
-1.19509
-1.19297
-0.959152
-0.909558
-1.3336
-1.22848
-1.06797
-1.47281
-1.41877
-1.20978
-1.09121
-0.843791
-0.794091
-1.06221
-1.02621
-1.16421
-1.35172
-1.18576
-1.09283
-1.04198
-0.648644
-0.929216
-0.594048
-0.643687
-0.724595
-0.582953
-0.872148
-0.357497
-0.328424
-0.301141
-0.497816
-0.343565
-0.395758
-0.577048
-0.503613
-0.571563
-0.440091
-0.171145
-0.279637
-0.643044
-0.382241
-0.575458
-0.191445
-0.414253
-0.0159142
-0.822191
-0.42556
-0.0749474
-0.686991
-0.756114
-0.710501
-1.05402
-0.642671
-0.908267
-1.26964
-1.10987
-1.21898
-1.226
-1.86248
-1.45451
-1.3266
-1.57504
-1.55972
-1.86167
-1.74231
-1.73465
-1.57394
-1.69096
-1.79789
-1.57822
-1.79676
-1.62349
-1.93327
-2.04487
-2.07177
-1.96958
-2.07571
-1.81319
-2.07788
-1.9761
-2.11495
-2.1348
-1.94202
-2.48333
-2.26236
-2.42739
-2.26669
-2.19091
-2.21126
-2.64533
-2.35044
-2.59636
-2.80626
-2.46124
-2.47749
-2.50291
-2.83169
-2.6728
-3.01829
-2.99811
-3.0823
-3.11451
-2.98349
-2.91769
-3.15552
-3.15253
-3.01916
-2.79635
-2.7633
-2.9322
-2.88406
-2.77846
-2.69745
-2.58402
-2.55475
-2.23776
-2.448
-2.29569
-2.31053
-2.45559
-2.00754
-2.19008
-2.12931
-1.98078
-2.21436
-1.97652
-2.33427
-2.4682
-2.48294
-2.64827
-2.42588
-2.93218
-2.58599
-2.7451
-2.7342
-2.64649
-2.99505
-2.94684
-3.0356
-2.86795
-3.03784
-3.20392
-2.97641
-3.14332
-3.28896
-2.9963
-3.22394
-3.25379
-3.19676
-3.07563
-3.22633
-3.20916
-3.18239
-3.28998
-3.60897
-3.59554
-3.7598
-3.57843
-3.47821
-3.65353
-3.54024
-3.62587
-3.77887
-3.60177
-3.63392
-3.51833
-3.35191
-3.37178
-3.2826
-3.52312
-3.4576
-3.51834
-3.6333
-3.541
-3.30095
-3.4241
-3.4672
-3.27662
-3.68141
-3.659
-3.55354
-3.672
-3.42976
-3.64012
-3.67341
-3.90508
-3.67041
-3.63945
-3.48542
-3.63129
-3.77669
-3.64534
-3.21511
-3.1008
-3.29408
-3.41379
-3.44584
-3.28839
-3.35734
-3.36261
-3.2085
-3.62046
-3.37602
-3.20481
-3.84
-3.63886
-3.45154
-3.9385
-3.89688
-3.91634
-3.95062
-4.00589
-4.20729
-3.98992
-4.14893
-4.43775
-4.32871
-4.13425
-4.416
-4.42247
-4.37189
-4.37333
-4.12614
-4.3193
-4.05962
-4.32047
-4.29994
-4.40698
-4.13871
-4.11706
-3.97225
-4.52077
-4.16398
-4.01213
-3.67381
-3.49626
-3.76422
-3.90223
-3.5768
-3.74868
-3.69027
-4.00989
-3.51427
-3.69253
-3.63117
-3.86064
-3.97693
-4.01117
-3.8724
-4.08999
-3.82316
-4.01877
-3.65934
-3.75066
-3.78922
-3.76357
-3.7843
-3.59645
-3.31543
-3.63857
-3.46504
-3.21922
-3.27065
-3.38218
-2.94308
-3.2563
-3.12189
-2.79679
-3.23372
-3.08831
-2.99243
-3.0872
-3.05402
-3.58077
-3.54996
-3.53443
-3.59597
-3.83283
-3.87054
-3.44264
-3.62575
-4.00472
-3.94535
-3.92165
-4.0469
-4.05367
-3.72916
-3.80271
-3.67064
-3.68467
-3.64547
-4.00948
-3.72572
-3.4535
-3.57941
-3.34546
-3.04051
-3.30438
-3.22585
-3.03949
-2.90807
-2.92012
-2.86745
-2.84938
-2.95066
-3.16646
-3.19795
-2.84735
-3.25328
-3.12518
-3.17451
-3.53804
-3.2879
-3.11021
-2.82952
-2.65979
-2.97336
-3.14426
-2.91103
-2.90721
-2.87086
-2.87297
-2.83076
-2.84093
-2.64141
-2.63376
-2.82436
-2.97477
-2.53113
-2.59222
-2.8044
-2.58274
-2.83948
-3.00724
-3.01417
-2.90004
-2.77462
-2.97815
-2.85574
-3.03223
-3.28083
-3.1118
-3.35428
-3.09527
-2.93917
-3.28445
-3.22323
-3.08462
-3.46292
-3.51146
-3.31627
-3.08087
-3.51559
-3.1862
-3.46284
-3.22111
-3.31921
-3.25518
-2.96159
-3.20261
-3.20561
-3.07502
-3.25251
-3.06563
-2.75986
-3.22913
-2.73539
-2.68588
-3.33904
-3.3089
-2.95624
-3.39025
-3.23055
-3.13566
-3.14274
-3.16792
-3.20482
-2.89506
-2.98337
-3.23897
-3.00825
-2.91462
-3.11157
-3.23649
-2.87153
-2.5701
-2.61754
-2.66799
-2.94152
-2.58519
-2.53454
-2.56496
-1.98112
-2.42736
-2.19359
-2.24724
-2.20051
-2.38045
-2.51963
-1.94233
-2.05866
-2.24247
-1.71862
-2.13525
-2.2374
-2.28603
-2.33798
-2.31935
-2.27163
-2.28511
-2.59753
-2.55462
-2.42955
-2.81754
-2.66387
-2.62569
-2.46454
-2.74305
-2.58326
-2.48005
-2.40079
-2.42899
-2.27039
-2.41039
-1.9216
-2.58657
-2.55826
-2.12674
-2.44441
-2.43416
-2.49732
-2.2379
-2.06944
-1.77832
-2.4356
-2.19551
-2.32013
-2.53736
-2.34519
-2.63764
-2.23735
-2.67427
-2.74554
-2.58329
-2.74858
-2.7506
-2.72836
-2.68866
-2.42872
-2.27913
-2.42098
-2.14836
-2.43336
-2.02723
-2.23768
-2.1894
-1.89215
-1.90382
-1.88521
-1.90053
-1.5006
-1.64134
-1.76708
-1.53787
-1.67482
-1.57294
-1.61162
-1.29208
-1.63869
-1.73732
-1.8605
-1.83936
-1.9246
-1.99243
-1.90668
-1.9151
-1.88245
-2.10841
-1.96657
-2.02234
-1.79753
-2.09726
-2.20243
-2.03553
-1.78448
-1.89359
-1.74659
-1.7067
-1.34335
-1.54113
-1.57929
-1.55003
-1.44653
-1.08902
-1.5616
-1.33114
-1.1179
-1.54983
-1.58182
-1.34247
-2.2428
-2.00197
-2.04403
-2.19501
-1.81386
-1.82457
-2.19038
-1.57273
-2.16817
-2.03534
-2.02741
-1.62934
-1.50118
-1.66909
-1.39369
-1.03873
-1.20074
-1.25568
-0.930463
-1.07106
-0.833255
-0.460422
-0.740201
-0.956289
-0.646228
-0.779121
-0.846795
-0.988526
-0.950362
-0.894487
-1.26804
-1.0292
-0.790578
-1.03673
-0.8769
-1.1888
-1.09001
-1.05544
-1.16655
-1.1445
-0.983813
-1.21596
-1.20233
-1.01818
-1.11301
-1.323
-0.85629
-0.907184
-1.18816
-1.13729
-1.36942
-1.32081
-1.48178
-1.53874
-1.47542
-1.58107
-1.95719
-1.41106
-1.34698
-1.5705
-1.98916
-1.76702
-1.51064
-1.45639
-1.43187
-1.57425
-1.6453
-1.7369
-1.64181
-2.02868
-1.7948
-1.74736
-1.9569
-1.65923
-1.5729
-1.58305
-1.51416
-1.16265
-1.5551
-1.45077
-1.38446
-1.08828
-1.15258
-0.806268
-1.13175
-1.04379
-0.751713
-0.935986
-0.917878
-0.904211
-1.35682
-1.34199
-1.2761
-1.25389
-1.30427
-1.35567
-1.27827
-1.09947
-1.12791
-1.04825
-1.13952
-1.08334
-0.598106
-0.770826
-0.712342
-0.463633
-0.397571
-0.809196
-0.164257
-0.445729
-0.750648
-0.0978172
-0.625442
-0.487568
-0.661382
-0.803244
-0.796748
-0.439623
-0.745706
-0.827677
-0.644598
-0.622421
-0.831426
-0.921543
-0.794853
-1.11989
-0.921781
-0.704722
-0.937638
-0.6163
-0.867587
-0.561567
-0.651857
-0.869455
-0.871727
-0.517772
-0.416398
-0.363086
-0.51328
-0.302138
-0.101203
-0.405519
-0.296935
-0.361969
-0.280297
-0.3806
-0.284933
-0.298839
-0.0632585
-0.14194
-0.534527
-0.254727
-0.784998
-0.990118
-0.786387
-0.959745
-0.816377
-0.47893
-0.923257
-0.785272
-0.824113
-0.968389
-1.1061
-0.669625
-0.66907
-0.832415
-0.657369
-0.609717
-0.46692
-0.723692
-0.64791
-0.659591
-0.135778
-0.358799
0.0405797
-0.371067
0.0583825
-0.183731
-0.364815
-0.494135
-0.484295
-0.384908
-0.290464
-0.156193
-0.40176
-0.474738
-0.366348
-0.610688
-0.640286
-0.718249
-0.43201
-0.634428
-0.344135
-0.610774
-0.228096
-0.210276
-0.489821
-0.556602
-0.329368
-0.727873
-0.264555
-0.516847
-0.148458
-0.296803
-0.115371
-0.0632759
-0.102904
0.0262917
0.166601
0.0620273
-0.0761058
0.103143
0.214291
0.427968
0.331604
0.652096
0.616325
0.187463
0.565247
0.915448
0.727539
0.547409
0.707709
0.477286
0.365201
0.779342
0.342323
0.698069
0.286988
0.331437
0.473991
0.601402
0.663952
0.641684
0.754014
0.867888
0.962643
1.18481
0.832955
1.13834
1.50622
0.928807
1.42699
1.91953
1.74136
1.56738
2.02299
1.96267
1.7007
1.46404
1.38233
1.44399
1.66012
1.27595
1.29362
1.06088
1.27434
1.04367
1.31256
0.957031
1.14183
1.16076
1.10029
1.04811
1.23004
0.979405
1.07285
1.23883
1.0586
1.4058
1.51828
1.62388
1.52114
1.46138
1.5214
1.3539
1.49892
1.54387
1.6531
1.43599
1.30654
1.53107
1.50653
1.43799
1.34632
1.55061
1.49367
1.34759
1.22774
1.22942
0.875836
0.942797
1.30928
1.23176
1.44094
1.31306
1.43944
1.56878
1.46667
1.53142
1.75693
1.46214
1.33807
1.75482
1.71461
1.56609
1.60626
1.39322
1.5678
1.60727
1.55504
1.60087
1.53065
1.45207
1.86035
1.73107
1.47637
1.60551
1.33755
1.71171
1.80094
1.64434
1.61666
1.57872
1.57252
1.55294
1.51693
1.48957
1.80332
1.48317
1.54418
1.80987
1.24526
1.55647
1.50689
1.49104
1.35954
1.26491
1.23185
1.28819
1.29885
1.48794
1.3048
1.00321
1.3017
1.29873
1.00541
1.79688
1.44497
1.61493
1.73346
1.51269
1.47199
1.60597
1.43529
1.16128
1.26785
1.48338
1.46298
1.4217
1.29308
1.39167
1.18826
1.36357
1.12736
1.09459
0.957007
0.891277
0.976918
0.913564
0.620699
1.07207
0.590688
0.551032
0.629036
0.327255
0.200768
0.0264088
0.103263
-0.0914152
0.0120921
-0.00829716
0.0542084
0.1643
0.307292
0.45274
0.298255
0.700635
0.505353
0.292696
0.54022
0.199786
0.188088
0.311941
0.400998
-0.0243504
-0.0879003
-0.239111
0.0385384
-0.205694
-0.10032
-0.281201
-0.400419
-0.389814
-0.194232
-0.183043
-0.23587
-0.272736
-0.256811
-0.187215
-0.403496
-0.220848
-0.341841
-0.305724
-0.574803
-0.385606
-0.432684
-0.232751
0.0184733
-0.20001
-0.386142
-0.363041
-0.60116
-0.731841
-0.426599
-0.829136
-0.796625
-0.745174
-0.584671
-0.886202
-0.744091
-0.809606
-0.852596
-1.10391
-0.927719
-1.03219
-0.592679
-0.887856
-0.614271
-0.447606
-0.336653
-0.570793
-0.0523404
-0.340765
-0.370461
-0.234011
-0.213738
-0.475544
-0.068602
-0.236039
-0.505234
-0.506585
-0.247342
-0.798368
-0.558451
-0.637528
-0.645577
-0.762175
-0.45934
-0.661332
-0.637438
-0.450466
-0.704216
-0.667283
-0.273257
-0.38567
-0.370584
0.10217
-0.139122
0.0117897
-0.243411
0.228205
0.228622
0.158669
-0.207299
-0.0519466
-0.230974
-0.134575
0.0791861
-0.165283
-0.271583
-0.114817
-0.211781
0.0199647
-0.261565
-0.0959319
0.0543778
-0.154431
-0.0155577
-0.0276931
-0.290606
-0.3401
-0.0640084
-0.459162
-0.23736
-0.419969
-0.130274
-0.353077
-0.365579
-0.358245
-0.197314
-0.365993
-0.589066
-0.542869
-0.522437
-0.280123
-0.639069
-0.550235
-0.378103
-0.53926
-0.363783
-0.494996
-0.222843
-0.644259
-0.487345
-0.166555
-0.667247
-0.683526
-0.609156
-0.753797
-0.323459
-0.523395
-0.403988
-0.175799
-0.480409
-0.58665
-0.262613
-0.37744
-0.322529
-0.5558
-0.531133
-0.625759
-0.644008
-0.438154
-0.521193
-0.633623
-0.478648
-0.721157
-0.801671
-0.825542
-0.970355
-1.19888
-1.28434
-0.97902
-1.13505
-1.15277
-1.10549
-1.4813
-1.35047
-1.05639
-1.29029
-1.11477
-0.976523
-1.2782
-1.43562
-1.06759
-1.19522
-1.40845
-1.27274
-1.31467
-1.36985
-1.2053
-1.53291
-1.3692
-1.68254
-1.64971
-1.64315
-1.38602
-1.57101
-1.78344
-1.54776
-1.60899
-1.71759
-1.93228
-1.32346
-1.79828
-1.55027
-1.76853
-1.92855
-1.62949
-1.5102
-1.97465
-1.6406
-1.78855
-1.75707
-1.69072
-2.10075
-1.95777
-1.8607
-1.85167
-2.0664
-1.99992
-1.86331
-2.08007
-1.96617
-2.12488
-1.80547
-2.20082
-1.90726
-1.86327
-1.93136
-2.20517
-2.17393
-1.94358
-2.26792
-2.33029
-1.89547
-1.88038
-1.82501
-1.6389
-1.35377
-1.4313
-1.60727
-1.51751
-2.04419
-1.56828
-1.97909
-1.75039
-1.69824
-1.96296
-2.1043
-2.00748
-1.72866
-1.75237
-1.85347
-1.75243
-1.75488
-1.732
-1.56803
-1.5417
-1.47462
-1.64857
-1.36248
-1.22913
-1.43978
-1.14263
-0.749005
-0.980223
-0.645075
-0.963581
-0.784048
-0.8311
-0.690319
-0.937385
-0.445933
-0.683648
-0.517614
-0.320381
-0.549972
-0.390976
-0.403371
-0.21401
-0.133417
-0.333684
-0.199835
-0.275083
-0.501341
-0.540664
-0.386965
-0.129482
-0.461236
-0.382639
-0.26873
-0.560227
-0.269129
-0.269646
0.030113
-0.66555
0.159458
-0.124119
0.00679523
-0.27433
0.154944
-0.160208
0.103944
0.0382785
0.180716
0.0124172
0.01452
0.122347
0.00681186
-0.130032
-0.0206621
-0.256523
-0.0804556
0.164188
-0.0178094
-0.0112011
0.0287646
-0.132749
0.0108637
-0.258428
0.115036
0.110721
-0.13454
0.122952
-0.227575
0.136048
-0.283583
0.146767
-0.304242
-0.061605
-0.00409743
-0.0978205
0.00709829
-0.0787324
0.254518
-0.304547
-0.203862
0.0909752
-0.0598825
-0.161766
-0.086511
-0.130659
0.0553134
0.33207
0.119582
0.0121408
0.0580128
0.0248214
-0.173407
0.154658
0.0871948
0.0781636
0.0992438
-0.189115
0.348019
0.0541448
0.00776005
0.0529604
-0.088998
-0.255134
-0.0703088
0.106656
0.0744578
0.0687108
-0.206293
0.000958581
-0.541782
0.0491416
-0.457733
-0.162379
-0.0135945
0.00137703
-0.133856
-0.24665
-0.191835
0.00687815
0.0471894
-0.137895
-0.213675
0.121169
0.0191444
0.143185
-0.185035
-0.289822
-0.0292749
-0.220983
-0.165799
-0.445785
-0.0214612
-0.281274
-0.0924673
-0.212983
0.00493925
-0.0396325
-0.0103139
-0.334772
0.13507
0.316783
0.262227
-0.0374623
-0.124583
-0.26131
-0.275051
-0.108831
0.144788
-0.242561
-0.268403
0.0647742
-0.351901
-0.262982
-0.287428
-0.0470643
-0.477401
-0.0728308
-0.281188
-0.204318
-0.0598579
-0.109172
-0.161703
-0.384272
-0.136722
-0.319963
-0.118885
-0.286947
-0.0741345
-0.0185881
0.0939158
0.135238
0.206965
-0.242549
0.00913955
0.0283972
0.0333543
0.0922458
-0.154076
-0.175523
-0.100556
0.254918
0.00328802
0.0077699
0.362431
0.221016
-0.0986604
0.0531742
-0.0643023
-0.109062
0.0667227
-0.0991752
-0.0987218
-0.140509
-0.0398471
-0.432782
-0.375359
-0.129932
-0.277184
-0.0844558
-0.187103
-0.0817104
0.122822
-0.123129
0.0683178
-0.048118
-0.259243
-0.059236
-0.233108
0.282474
0.373853
-0.262227
-0.21663
-0.341677
-0.346947
-0.377434
-0.247373
-0.0683599
0.032924
-0.082901
-0.132009
0.0443934
-0.214978
-0.176524
-0.270565
-0.112253
-0.0402371
-0.114709
0.0317434
-0.384881
0.134593
-0.173085
0.288425
-0.118841
-0.260821
-0.382365
-0.361467
-0.307869
-0.167712
0.102486
-0.0919325
0.172701
-0.200349
-0.0542655
-0.62471
-0.581104
-0.172631
-0.0650892
-0.092793
-0.314066
-0.176842
-0.120002
-0.508385
-0.197206
-0.113415
-0.118623
0.0255992
0.266881
-0.172874
-0.536023
-0.613101
-0.459639
-0.18214
0.356518
-0.258243
-0.222047
-0.562334
-0.19169
-0.469666
-0.362277
-0.149388
-0.463081
-0.111818
0.0917246
-0.101043
-0.132239
0.0211774
-0.198121
0.0884292
-0.100685
0.0353539
-0.0555397
-0.271719
-0.369248
-0.112094
-0.187764
-0.439663
-0.00204097
-0.0738985
-0.929808
0.149656
0.103835
-0.68333
-0.609109
-0.307427
-0.378655
-0.345441
-0.47998
0.331467
0.565567
-0.55872
-0.478502
0.0406418
0.490734
-0.389674
-0.4227
0.476257
0.162606
-0.411097
0.0170479
-0.100125
0.0479981
-1.08332
-0.688375
-0.26154
-0.326799
-0.957116
-0.154472
0.413551
0.0989922
-0.77702
0.244291
0.418722
-0.1658
-0.37023
0.545247
0.466705
-0.24275
-0.624646
0.692392
-0.143529
-0.665132
-0.87137
0.376193
-0.0737735
-0.921194
-0.575112
0.266577
-0.167466
-0.235614
-0.0171641
0.233723
0.0295855
-0.547191
-0.197191
0.103199
-0.210548
0.304494
-0.0222923
-0.369001
-0.623384
-0.150848
-0.0146487
-0.150883
-0.671717
-0.412474
-0.107514
-0.33618
-0.354941
-0.193315
-0.521908
-0.168401
-0.167048
0.120412
-0.327741
0.344922
-0.154199
0.109783
-0.502798
-0.119103
-0.00240491
-0.355626
-0.0311371
-0.133653
-0.277602
-0.579384
-0.557674
0.205879
-0.0251263
0.176486
-0.204824
-0.0404209
-0.549885
-0.556321
-0.492061
-0.458163
-0.203782
-0.383231
-0.105381
-0.163827
-0.499326
-0.334558
-0.440251
-0.388453
-0.449904
0.0158488
-0.189183
-0.0559016
-0.309758
-0.126852
-0.256903
-0.142545
-0.282207
-0.436425
-0.345291
-0.328424
-0.414808
-0.313643
-0.0147543
-0.514312
-0.26223
-0.0957283
-0.493337
-0.0726557
-0.0727881
-0.515947
-0.568033
0.00775084
-0.4932
-0.403323
-0.0714062
-0.407169
-0.524613
-0.0924389
-0.293485
0.121073
-0.184746
-0.108107
0.127162
-0.445464
-0.313062
-0.561846
-0.108671
-0.639786
-0.305061
-0.236184
0.182903
-0.280789
-0.531605
-0.575886
-0.400686
-0.250863
-0.112374
-0.0298565
0.0500627
0.288477
-0.198787
-0.408032
-0.291521
-0.543018
-0.349585
-0.390203
-0.348615
-0.252559
-0.101642
-0.413571
-0.128972
-0.460175
-0.164402
0.092019
-0.0801566
-0.182926
-0.106278
0.0163516
-0.153531
-0.330619
-0.067581
-0.272049
-0.20491
-0.615601
-0.229596
-0.0441252
-0.200792
-0.228449
0.167435
-0.263647
0.00991976
-0.239936
-0.209779
-0.0906457
-0.0648953
-0.193601
-0.409775
-0.401656
-0.152437
-0.111529
-0.22671
-0.272025
-0.137872
-0.119366
-0.292766
-0.261767
-0.26743
-0.358446
-0.130165
-0.0338553
-0.175247
-0.195007
0.0106558
-0.220323
-0.107772
0.00880287
-0.0767046
-0.728129
-0.105966
-0.425051
0.0667986
-0.22153
0.0354092
0.0625873
-0.190125
-0.133961
-0.613623
0.2542
-0.318919
-0.182222
0.0142319
-0.0641308
-0.0947324
-0.120794
-0.136787
-0.202644
-0.281202
0.128502
-0.173295
-0.153474
-0.374614
-0.431096
-0.0913794
-0.479703
-0.0159307
0.0702168
-0.456683
-0.0925035
-0.0608386
-0.231741
-0.237676
-0.681601
-0.0640445
-0.355662
-0.442754
-0.138988
-0.302038
0.00825558
-0.395496
-0.104268
0.0489097
-0.367961
-0.288227
-0.408733
-0.286519
-0.310036
-0.0692349
-0.443466
-0.0902957
0.0291687
-0.361773
-0.244415
-0.0869132
-0.190438
-0.189183
-0.398149
-0.152527
-0.25328
-0.0986622
-0.0898987
-0.0959635
-0.534085
-0.278388
-0.279619
-0.257994
-0.20649
-0.288903
-0.144512
-0.150616
-0.218294
-0.0219394
-0.425459
-0.244289
-0.269611
-0.0660884
-0.451375
-0.242257
-0.15083
-0.0510735
-0.0358553
-0.172653
-0.286542
-0.268856
-0.174752
-0.153927
-0.196881
-0.119319
-0.208907
-0.310831
-0.217234
-0.20695
-0.0690443
-0.191246
-0.357071
-0.298126
-0.219052
-0.0172754
-0.367163
-0.293796
-0.0950584
-0.175063
-0.295887
-0.256028
-0.200052
-0.634745
-0.205392
-0.535304
-0.21589
-0.162966
0.0889554
-0.0331642
-0.288772
-0.506712
-0.0582573
-0.436751
-0.478586
-0.428246
-0.14856
-0.176561
-0.335236
-0.0769451
-0.251972
-6.3076e-05
-0.306024
-0.163511
-0.442278
-0.271355
-0.0334075
-0.298809
-0.309157
-0.332187
-0.312775
-0.330251
-0.238301
-0.129069
-0.288749
-0.188398
-0.254462
-0.19551
-0.312925
-0.46655
-0.55202
-0.400448
-0.203835
-0.39507
-0.333826
-0.262512
-0.470442
-0.154364
-0.325811
-0.575297
-0.102941
-0.365097
-0.291117
-0.320789
-0.320656
0.0258074
-0.291522
-0.399441
-0.241644
-0.385953
-0.181271
-0.113394
-0.251097
-0.136172
-0.0829462
0.0410171
-0.0354754
-0.253735
-0.0623732
-0.305226
-0.419918
-0.48956
-0.396463
0.0571736
-0.38739
-0.351714
-0.20433
-0.365307
-0.297347
-0.172269
-0.102842
-0.16542
-0.290834
0.118015
-0.518194
-0.117432
-0.00766603
-0.335569
-0.0528799
-0.201805
-0.272904
-0.191206
-0.300867
-0.439975
-0.228366
-0.300368
0.0706789
-0.0278442
-0.11942
-0.215687
-0.0443322
-0.315742
-0.428202
0.192775
-0.25639
-0.268452
-0.00283335
-0.315705
-0.250488
-0.134362
0.0471732
-0.320083
0.00797886
-0.316977
-0.16184
-0.0810708
-0.205613
-0.378015
-0.415897
-0.268384
-0.0278404
-0.237008
-0.167255
-0.367998
-0.178233
-0.30193
-0.192333
-0.209607
-0.48729
-0.335504
-0.15608
-0.148093
-0.24742
0.082017
0.0798062
-0.125485
0.138224
-0.0803808
0.073198
-0.302039
0.00271661
-0.223666
-0.164635
-0.256239
-0.260584
-0.468676
0.048668
-0.0893557
-0.441606
-0.159999
0.0440672
-0.117067
-0.301155
-0.320433
-0.0199256
0.0209492
0.323314
0.167429
-0.233323
-0.263902
-0.360103
-0.171117
-0.25232
-0.332364
-0.232492
-0.221758
-0.282994
-0.540688
-0.205365
-0.0815812
-0.377839
-0.378857
0.00864044
0.0375002
-0.143779
0.0246171
-0.333908
-0.0874812
-0.177956
-0.227533
-0.184048
-0.159772
-0.347011
-0.0958877
-0.084891
-0.198133
-0.499997
-0.205265
-0.146576
-0.571133
-0.19868
-0.103275
-0.260709
-0.00419828
-0.277961
-0.243697
-0.0859059
0.160212
-0.314329
-0.398447
-0.0995715
-0.177015
0.120887
-0.187576
-0.071557
-0.320449
0.0107048
0.0379275
0.0599156
-0.17721
-0.249166
-0.287517
-0.271013
-0.0821488
-0.411757
-0.158893
0.0189262
-0.158103
-0.175855
0.278175
-0.0556402
-0.139863
-0.105459
-0.0283091
0.0871774
-0.0219711
0.113295
-0.0877612
-0.0368955
-0.594537
-0.284444
0.15212
-0.0588443
-0.0857292
-0.491975
-0.109964
0.222055
0.0369749
0.100342
-0.0450368
0.0515655
-0.111942
-0.173377
0.0110014
-0.0931053
-0.138194
-0.210357
-0.019671
0.0127361
-0.491211
-0.482438
0.0190547
-0.304024
-0.371443
0.064542
-0.0431063
-0.226814
-0.175871
-0.507077
0.0927218
0.062459
-0.311133
-0.13126
-0.280647
-0.0567622
-0.552215
0.0895635
-0.376781
-0.421256
-0.197371
-0.39188
-0.414889
-0.23838
-0.463011
-0.424996
-0.122398
-0.0486009
-0.446813
-0.105462
-0.0515038
-0.205909
0.185965
-0.288985
-0.450983
-0.197214
-0.190378
-0.118208
-0.338483
-0.112318
-0.223247
-0.0387152
0.129049
0.0380566
-0.041613
-0.0548544
-0.284356
-0.392134
-0.173873
-0.154037
-0.239561
-0.154569
-0.120036
-0.16041
0.133036
-0.361359
-0.155482
-0.0869256
-0.0515588
-0.320573
-0.132574
-0.550472
-0.127648
-0.330233
-0.353756
-0.0443937
-0.638438
-0.29302
-0.299275
-0.084335
-0.0285744
0.0952763
-0.0753391
-0.020596
0.237672
0.223706
-0.190416
-0.219665
0.299976
-0.0716663
-0.170735
-0.0671059
-0.384207
-0.267078
-0.286309
-0.475158
-0.312924
-0.294188
-0.148057
-0.119499
0.108085
-0.435896
0.11795
0.0176615
-0.403759
-0.0227935
0.0430659
-0.21218
0.0458615
-0.338351
-0.190807
-0.134605
0.140369
-0.00698797
0.07899
-0.330718
0.027471
0.0389905
-0.0477139
0.00473855
-0.133218
-0.302633
-0.0534332
-0.101368
-0.214773
-0.222792
0.0512184
0.0948318
-0.207452
0.00615246
-0.0910985
0.0650491
0.0289017
0.210677
0.135665
-0.324816
-0.369309
-0.377332
-0.26947
-0.390046
-0.46463
-0.598776
-0.595166
-0.212488
-0.307314
-0.590966
-0.654318
-0.534303
-0.655112
-0.623442
-0.980043
-0.960376
-1.2366
-0.492531
-0.995599
-1.07493
-0.88178
-0.766167
-0.792741
-1.00412
-0.780514
-1.10936
-0.745466
-0.875668
-0.884307
-0.546913
-0.977697
-0.716977
-0.409043
-0.825302
-0.0977974
-0.291485
0.0758642
0.163432
0.246874
0.235828
0.163702
0.200293
0.338432
0.291724
-0.0229586
-0.0562228
-0.284953
0.051847
-0.198593
-0.16587
-0.17083
0.130037
-0.0685045
-0.080319
-0.442297
-0.485432
-0.530299
-0.488032
-0.657852
-0.737057
-0.730042
-0.681787
-0.885803
-0.788726
-0.923401
-0.976236
-0.548004
-0.74159
-0.757982
-1.04469
-1.04943
-1.08243
-1.17018
-1.11565
-1.5424
-1.56444
-1.70084
-1.57126
-1.69574
-1.6338
-1.88239
-2.22031
-2.33077
-2.7219
-2.32443
-2.79566
-2.54347
-3.00532
-3.1065
-2.93012
-2.97297
-2.943
-2.87555
-2.5004
-2.81841
-2.56522
-2.31545
-2.23813
-2.32845
-1.98001
-2.3519
-2.23883
-2.24344
-1.94245
-1.93915
-2.1451
-1.99641
-2.03172
-2.26825
-2.16422
-2.16072
-1.86013
-2.317
-2.44188
-2.56153
-2.21387
-2.3696
-2.23328
-2.33533
-2.33451
-2.48429
-2.29884
-2.51288
-2.44641
-2.25434
-2.69471
-2.72087
-2.71265
-2.48175
-2.22069
-2.60026
-2.85904
-3.05215
-3.0817
-2.46847
-3.11371
-3.33838
-3.17179
-3.42117
-3.25747
-3.32834
-3.498
-3.42162
-3.7428
-3.39839
-3.56777
-3.28021
-3.5352
-3.5859
-3.84463
-3.6999
-3.95334
-3.69389
-3.82244
-3.48485
-3.23777
-3.57141
-3.12923
-3.14376
-3.10357
-3.15418
-3.34573
-3.18721
-3.09568
-2.87735
-3.12752
-3.04321
-2.91762
-3.4249
-3.34122
-3.09082
-3.41326
-3.28442
-3.46755
-3.22244
-3.29909
-3.44204
-3.1574
-2.90255
-2.98768
-2.76679
-2.84184
-2.98159
-2.89554
-2.71371
-2.82527
-2.89797
-3.15402
-3.18301
-3.48477
-3.69624
-3.48265
-3.49043
-3.88635
-3.36598
-3.61593
-3.67339
-3.51405
-3.26853
-3.17072
-3.36658
-3.23273
-3.363
-3.31146
-3.40531
-3.2772
-3.33392
-3.34136
-3.24307
-3.51856
-3.5716
-3.63381
-3.65747
-3.81715
-3.55691
-3.54808
-3.3526
-4.10254
-4.12843
-3.85094
-3.7753
-3.80095
-4.0683
-3.98066
-3.97172
-4.20491
-4.14547
-3.59064
-3.86768
-3.58102
-3.68144
-3.61989
-3.94411
-3.80328
-3.67359
-3.79339
-3.8141
-3.80632
-3.95298
-4.10465
-4.16233
-4.09622
-4.25884
-4.18341
-4.22272
-4.44952
-4.06772
-4.27609
-4.58134
-4.51017
-4.3873
-4.62532
-4.2742
-4.36277
-4.61496
-4.32265
-4.24576
-4.66413
-4.16766
-4.35192
-4.25871
-4.29609
-4.39764
-4.16456
-4.43503
-4.20443
-4.2718
-4.09212
-4.13343
-4.04395
-4.07657
-4.00252
-4.22375
-4.33514
-4.4317
-4.28922
-4.51609
-4.36331
-4.78414
-4.74343
-4.7105
-4.69338
-5.08435
-4.78506
-4.72914
-4.72398
-4.61589
-4.63856
-4.85466
-4.59019
-4.88614
-4.86739
-5.11669
-4.77311
-4.53798
-4.85375
-4.34228
-4.80378
-4.51884
-4.28557
-4.66544
-4.553
-4.85176
-4.65331
-4.6349
-4.68764
-4.8404
-4.19616
-4.4616
-4.63391
-4.31564
-4.17601
-4.31278
-4.17852
-4.37695
-4.39964
-3.88779
-3.9996
-4.32945
-4.23382
-4.00998
-4.14387
-4.16183
-3.89836
-4.24585
-4.06846
-3.97445
-4.05426
-4.07236
-3.92728
-4.11603
-3.77531
-4.09994
-3.91774
-3.93993
-4.22019
-3.70692
-3.91734
-4.1818
-3.63277
-3.57947
-3.72654
-3.67459
-3.77286
-3.44801
-3.79116
-3.78677
-3.4927
-3.79041
-3.96006
-3.68265
-3.35936
-3.56552
-3.47224
-3.66231
-3.3138
-3.59824
-3.37732
-3.4392
-3.11792
-3.38219
-3.5804
-3.7087
-3.92353
-3.78233
-3.55751
-3.44041
-3.51768
-3.74653
-3.52196
-3.79577
-3.6051
-3.29133
-3.56076
-3.26761
-3.41405
-3.09316
-3.36182
-3.24495
-3.10936
-3.1329
-3.1206
-3.06068
-3.06129
-3.06264
-3.19063
-2.91783
-2.81694
-2.9314
-2.76621
-2.58022
-2.84725
-2.70468
-2.5553
-2.94803
-2.72092
-3.10122
-3.09575
-3.08549
-3.38429
-3.45482
-3.01773
-2.93934
-3.21513
-3.18102
-3.0356
-3.13151
-3.19244
-3.04673
-2.78352
-2.73927
-2.77447
-2.80084
-2.73632
-2.67448
-2.37969
-2.51337
-2.0468
-2.35598
-2.29629
-2.35324
-2.30949
-2.51683
-2.7173
-2.75936
-2.35794
-2.43843
-2.50647
-2.70048
-2.28414
-2.78923
-3.0992
-3.02945
-3.24442
-2.8438
-3.00884
-2.91901
-2.46831
-2.60098
-2.32215
-2.43653
-2.68118
-2.47365
-2.50339
-2.58852
-2.31255
-2.24468
-2.27637
-2.10063
-1.96745
-1.95361
-1.57562
-1.90529
-1.29014
-1.53715
-1.41587
-1.39444
-1.22029
-1.1994
-0.921759
-1.21641
-0.999071
-1.01756
-1.35869
-1.43015
-1.5591
-1.59004
-1.90717
-1.5733
-1.55624
-1.40487
-1.58666
-0.898823
-1.35609
-1.08329
-0.954851
-1.13074
-0.717236
-1.04585
-0.922908
-1.01522
-0.920585
-0.725513
-0.565522
-0.856415
-0.749131
-0.626406
-1.03853
-1.22875
-1.25322
-1.56701
-1.21997
-1.46939
-0.97681
-1.2176
-1.36392
-1.3121
-1.0688
-0.885419
-0.978289
-1.1549
-1.11349
-0.76626
-0.523467
-0.222419
-0.121686
0.200205
0.4308
-0.0399015
0.317735
0.147319
0.490758
0.639383
0.511228
0.551452
0.731298
0.862385
0.758934
0.710687
0.744001
0.698534
0.56616
0.78673
0.860244
1.06437
1.05987
1.02887
0.973559
1.02415
0.888498
0.736418
1.1626
1.50651
1.42231
1.44746
1.57664
1.47991
1.73171
1.6754
1.7972
1.80095
1.6912
2.20792
2.16272
1.72429
2.00921
1.97491
1.59232
1.59015
1.58516
1.45915
1.26995
1.42761
1.60821
1.39789
1.25105
1.23236
1.1325
0.883283
0.954741
1.40457
1.24757
1.81485
1.94593
2.31352
1.86954
1.64113
1.74884
1.83745
1.89754
2.09737
2.0427
2.0244
1.79664
1.7732
1.68412
1.47525
1.40735
1.71836
1.6287
1.6057
1.72564
1.19356
1.19988
1.44239
1.38069
1.9288
1.84849
2.10001
1.68934
1.86652
1.83278
2.11462
2.58927
2.7044
2.39753
2.8249
2.58322
2.08521
2.40412
2.47612
2.5533
2.44324
2.0599
2.05962
2.28581
1.88529
1.8441
1.93959
2.05896
2.31161
2.17646
1.92309
2.32493
1.90783
2.39257
2.2729
2.36119
2.57103
2.10679
2.17303
2.3713
2.43807
2.33649
2.60549
2.71579
2.69638
2.73094
2.88039
2.6119
2.9588
2.93157
3.28126
3.41062
3.28058
3.70256
3.30127
3.18988
3.47894
3.12549
3.04425
3.07476
3.36824
3.1437
3.04475
3.03692
2.94897
3.24822
3.08407
3.09856
2.89835
3.27697
3.24336
3.51018
3.96252
3.76046
3.76958
3.61845
3.47291
3.89796
3.4472
3.36303
3.52618
3.12012
2.93501
2.49173
2.49243
2.20721
2.01932
1.65072
1.54056
1.85092
1.464
1.23262
1.36477
1.57708
1.42155
1.67877
1.30177
1.40969
1.23255
1.39128
1.20307
0.83463
0.732705
0.750707
0.77075
0.628136
0.24717
0.231642
0.269173
0.202362
0.18288
0.109493
0.0892499
0.141717
0.22418
0.244009
0.196349
-0.154024
-0.108888
0.0393307
0.173806
-0.414866
-0.331633
-0.185459
-0.649605
-0.764092
-0.917393
-0.790104
-0.73342
-0.965546
-0.514973
-0.861463
-0.939955
-1.13164
-0.836445
-0.644765
-0.650973
-0.963289
-1.1639
-1.37211
-1.65205
-1.90096
-2.06895
-2.12869
-2.31004
-2.70794
-2.55431
-2.80713
-2.61217
-2.65293
-2.92752
-2.89004
-2.83932
-2.75091
-3.09064
-2.83479
-2.63591
-2.75523
-2.38918
-2.58919
-2.51376
-2.58116
-2.24626
-2.30211
-2.28823
-2.15957
-2.4266
-2.05879
-2.12144
-1.72641
-1.68009
-1.82215
-1.59141
-1.71171
-1.94234
-2.19363
-1.95722
-2.18912
-2.23064
-2.18341
-2.60011
-2.77873
-2.72692
-2.68189
-2.88563
-2.77041
-2.6916
-2.89829
-2.81409
-2.54041
-3.00144
-3.07282
-2.70829
-2.57387
-2.56425
-2.77209
-2.50195
-2.44736
-2.69357
-1.87762
-2.3644
-2.22693
-2.47336
-2.24207
-2.06114
-2.22237
-2.3137
-2.20396
-2.24998
-2.08553
-2.29584
-2.11818
-2.06849
-1.86863
-2.0605
-1.94552
-1.65357
-1.53636
-1.69424
-1.77618
-1.49602
-1.41568
-1.40926
-1.28528
-1.28575
-1.30573
-1.15249
-0.890626
-1.29129
-1.37906
-1.28951
-1.29707
-1.38941
-1.71141
-1.31479
-1.18834
-1.36158
-1.33796
-1.40807
-1.5576
-1.27109
-0.939969
-1.36398
-1.19714
-1.14467
-1.06884
-1.11562
-1.03678
-1.00832
-0.971019
-0.864663
-1.07181
-0.780371
-0.613507
-0.357117
-0.452659
-0.55395
-0.0194429
-0.239789
-0.542508
-0.0693791
0.0949873
0.0336166
0.0819266
0.0996495
-0.311116
0.0226105
0.124022
0.139606
-0.00651347
0.110792
0.0999412
0.164609
0.573179
0.390182
0.477016
0.139429
0.255117
0.111812
0.167129
0.0226273
-0.19937
-0.171641
-0.457943
0.0791191
0.223365
0.0483903
0.0936678
-0.0359883
-0.0513576
0.18911
-0.349901
-0.18321
0.14396
0.0343933
0.088816
0.22165
0.0665501
-0.0226959
-0.186934
0.194798
0.28845
0.238295
0.253718
-0.0926402
0.170245
0.128235
-0.147252
0.0871618
0.194567
-0.152639
0.120178
-0.367714
0.0338887
-0.0238578
0.0430098
-0.545956
0.144098
-0.0954905
0.0762627
0.32025
-0.109081
-0.162294
0.320177
0.00220637
0.00928153
0.0299528
-0.102786
0.313514
-0.0161644
-0.0376333
0.0408721
0.133072
-0.100864
-0.172411
-0.0157012
0.190271
-0.228999
-0.406981
-0.00613507
-0.333808
-0.253101
-0.0338791
0.000674145
0.0457368
0.0922556
-0.169197
-0.123676
0.271999
0.582729
-0.137236
-0.0315743
0.178314
0.167275
-0.0839693
-0.274032
0.20713
-0.150779
-0.100496
-0.580082
0.062947
0.510957
0.108597
-0.501305
0.284586
0.660209
-0.0401623
-0.673208
0.418855
0.830797
0.119592
-0.263382
0.758645
0.0406315
-0.730568
0.825943
0.225905
-0.652427
-0.78036
0.317274
-0.275913
-0.677716
0.0136733
-0.259922
-0.0998379
-0.284599
-0.611783
0.13374
-0.120447
-0.4219
-0.26699
-0.103617
0.0497014
-0.18482
0.0438352
-0.106946
-0.0185134
0.165208
0.205427
0.386172
-0.020056
0.00895624
0.0174217
-0.386529
0.0281818
0.109518
0.135041
0.334638
-0.18117
-0.343561
0.0381284
0.177458
-0.162462
0.200157
-0.0995276
-0.0979982
-0.337506
-0.578933
-0.0259376
-0.156156
0.0398525
-0.179627
0.615884
0.0359044
0.297386
0.0208512
-0.112304
0.0646005
0.144259
-0.29469
-0.351889
0.177426
-0.356937
-0.602987
0.445031
0.3726
-0.638356
0.34079
0.92958
-0.18568
-0.190497
0.356116
0.371128
-0.615784
0.694789
0.327476
-0.536823
-0.438201
0.411562
0.015753
-0.556165
0.0411502
0.184188
-0.509794
0.13977
0.238762
-0.25017
-0.00766058
-0.0108992
-0.0452127
-0.0705083
-0.150857
-0.0109383
-0.209663
-0.123511
0.00108471
0.210327
-0.0900938
-0.499538
-0.182661
-0.210629
0.00243779
-0.136858
0.398264
0.144761
0.0773244
-0.446234
0.0919379
0.347027
0.653673
0.103825
0.532602
0.366231
-0.127957
0.0605822
0.519054
-0.236286
-0.148608
0.0810774
-0.0160478
-0.438996
-0.378339
-0.156283
0.0272552
-0.411125
0.358558
-0.584606
-0.353415
-0.130643
0.371601
-0.740402
0.12448
0.786953
0.345741
-0.78272
0.253041
0.223624
-0.175141
-0.701389
0.0918365
-0.0181473
-0.186143
-0.241782
0.0908857
-0.12551
-0.0838997
-0.084716
-0.224407
-0.190163
0.0433237
-0.181267
-0.141432
-0.00751254
0.145826
-0.63487
-0.202311
-0.0259466
-0.296062
-0.0258648
-0.0572907
-0.172897
-0.0377448
-0.18879
-0.174956
-0.0316962
0.00481059
0.276173
-0.0413843
-0.0854647
-0.166461
-0.200671
0.131518
0.0420081
0.249348
-0.0182641
-0.124755
-0.406618
-0.590885
-0.148094
-0.132786
0.0636353
-0.0608121
-0.108046
0.141271
0.229651
0.12129
-0.00368606
0.105131
-0.0856332
0.00177074
0.214003
-0.0936364
-0.281837
-0.0462549
-0.231345
-0.248995
0.0300366
-0.248845
-0.119579
0.245477
-0.5606
-0.209496
-0.00548777
0.161984
-0.233346
0.107339
-0.119353
0.474279
0.367634
-0.347183
-0.0601072
0.119938
0.310896
-0.0167636
-0.11578
0.382307
0.643969
-0.20196
-0.238281
0.0841709
0.476587
-0.202428
-0.232202
-0.0753564
-0.0730902
0.325592
0.133862
-0.305301
0.16491
0.314162
0.123051
-0.420239
0.0507599
0.294504
-0.0395004
-0.153313
0.527924
-0.155944
-0.00246493
-0.094251
-0.224678
-0.142342
0.417627
0.130206
-0.276055
-0.0553067
-0.195654
0.123444
-0.352154
-0.142658
0.0689429
0.0584442
0.166162
0.097015
-0.409462
-0.00550631
0.17546
0.305356
0.273985
0.233703
0.0941228
0.0437026
0.0697729
0.186976
0.0311145
0.077714
0.0644581
0.0609706
0.222766
0.39462
0.309405
0.0592267
-0.183271
0.108032
-0.0227839
-0.249126
-0.0539882
0.346125
0.199949
-0.322796
-0.0766257
-0.229041
-0.165133
-0.504362
0.213347
-0.113309
-0.128786
-0.350775
-0.280632
-0.171148
-0.206104
-0.36243
0.0620229
-0.254278
-0.233469
-0.360477
0.12979
-0.354067
-0.0581888
0.0806775
0.143639
-0.101243
0.153411
-0.354807
0.238592
0.0153291
-0.163099
0.135092
-0.221829
-0.119575
-0.316095
-0.355543
-0.135066
0.0757387
-0.366425
-0.0357191
-0.176795
-0.309763
0.217061
-0.112997
-0.579929
-0.0887149
-0.141798
-0.049773
-0.201654
-0.252821
-0.0362982
-0.034568
-0.177366
-0.189172
0.0199075
-0.058397
-0.2273
-0.462852
-0.285571
-0.148195
-0.0856044
-0.0748032
0.117588
-0.115682
-0.0384091
-0.424178
-0.018367
-0.461856
-0.126433
-0.388181
-0.165879
-0.0403552
-0.158298
-0.152377
-0.441926
-0.327117
-0.228814
-0.0311277
-0.11296
-0.521441
-0.499703
-0.271162
-0.215388
0.0676295
-0.170123
-0.194459
-0.176123
-0.140148
-0.290029
-0.19875
-0.167637
-0.0271481
-0.124958
-0.43077
-0.25078
-0.288645
-0.163674
-0.310118
-0.359986
-0.188155
-0.391288
-0.058953
-0.00250954
-0.338672
-0.0514429
-0.0922407
-0.163864
-0.194457
0.0261584
-0.226446
-0.195046
-0.0635385
-0.0322819
-0.431217
-0.220686
-0.154644
0.129187
-0.0104307
-0.00243906
-0.123471
-0.0168597
-0.00243385
-0.0467889
-0.28228
-0.244602
-0.0697436
-0.0771391
-0.290827
-0.0121502
-0.477561
-0.437608
-0.0934836
-0.3232
-0.191941
-0.123793
0.0235067
0.0741871
-0.365852
0.374547
0.101122
-0.151138
0.0948798
0.000816936
-0.0695902
0.121518
-0.208528
-0.107059
-0.164426
-0.00703918
-0.251263
-0.154453
0.168785
-0.112952
0.136875
-0.183641
0.0517355
0.0352593
0.163137
-0.200092
-0.10263
-0.277577
0.137028
-0.171566
-0.0115073
-0.210086
0.17465
-0.411076
-0.257832
-0.137508
-0.00327273
0.135664
-0.0351537
-0.109755
-0.0735695
-0.535174
-0.205811
-0.364728
-0.173737
-0.0739293
-0.01457
-0.140515
-0.201662
-0.10155
-0.0922871
-0.0163866
0.196452
-0.233805
-0.104358
0.101437
-0.381086
-0.253045
-0.101776
-0.107578
-0.0808123
-0.16903
-0.210601
0.00638687
-0.354939
-0.219766
-0.154374
0.0198386
0.000744239
-0.117194
-0.277509
-0.242325
-0.313865
0.0926359
-0.0963779
-0.316785
-0.455253
-0.151905
-0.52815
-0.273802
-0.36342
-0.531356
-0.0199271
-0.0182277
-0.174149
-0.188285
-0.192307
-0.275864
-0.232349
-0.0995322
-0.438942
-0.260546
0.0112591
0.0264274
0.0772948
-0.00773967
-0.179977
-0.11821
-0.0483748
-0.114677
-0.000382637
-0.0971377
-0.1197
-0.262541
-0.412329
-0.193846
-0.171317
-0.0979104
-0.112385
-0.14428
-0.0256252
0.177693
-0.49694
-0.0381017
-0.0636334
-0.0638241
-0.386953
-0.0228216
-0.0742362
-0.409487
0.0871806
-0.156052
-0.207566
-0.291073
0.0129444
-0.121894
-0.12369
-0.204147
-0.294648
-0.236492
-0.166511
-0.111632
-0.00811926
-0.236296
-0.119316
-0.214333
0.0303399
-0.08476
-0.466499
-0.617175
-0.262938
-0.150665
-0.0359885
-0.185799
-0.34424
-0.392014
-0.189618
-0.131458
-0.223293
0.0190768
-0.0884063
-0.0557366
-0.34659
-0.143373
-0.358695
-0.260965
-0.434575
-0.242421
-0.465658
-0.32717
-0.291419
-0.114449
-0.19136
-0.226856
0.0403747
-0.036537
-0.307289
-0.166666
-0.125705
0.120175
-0.107506
-0.517206
-0.442697
-0.00530559
-0.239978
-0.240334
-0.095435
-0.2804
-0.0946
-0.470108
-0.00597902
-0.0187064
-0.012334
-0.334794
-0.310579
-0.423705
-0.293732
0.0372001
-0.240495
-0.221714
0.0229666
-0.0391433
-0.126762
-0.249922
-0.184084
-0.149516
-0.0869011
-0.241093
-0.250608
-0.167296
0.054047
-0.101927
-0.282288
-0.225725
0.100012
0.0198798
-0.226312
0.200697
-0.204792
0.00910286
-0.511892
-0.138409
-0.419594
-0.233056
-0.258907
0.0319788
0.0196228
-0.034512
-0.336191
-0.136815
-0.162427
-0.268516
-0.118267
-0.429817
-0.269354
-0.170632
-0.0940339
-0.259298
-0.0854176
-0.18194
-0.164431
-0.481184
-0.125024
-0.18276
-0.149783
-0.191019
-0.446895
0.022507
-0.160931
-0.19519
-0.314067
-0.0182601
0.0202799
-0.000637563
0.0363333
0.148081
0.0826268
-0.123986
-0.345619
-0.0227934
-0.0881819
-0.345371
-0.215268
-0.389334
-0.016239
0.032874
-0.165093
-0.156214
-0.0551779
-0.195782
-0.0563758
0.113202
-0.199045
-0.317654
-0.0296825
-0.0989346
-0.216289
-0.180186
-0.230984
-0.339641
-0.0370239
-0.302549
-0.285914
-0.186741
-0.0893922
-0.48561
-0.0158644
-0.318613
-0.412761
-0.51127
-0.424368
-0.232738
-0.203056
-0.149876
-0.0332632
-0.171157
-0.312825
-0.452349
-0.259182
-0.242977
-0.43852
-0.348824
-0.0733193
-0.0743286
-0.229222
-0.172179
-0.266563
-0.150204
-0.361591
-0.259253
-0.327201
-0.329151
-0.560329
0.00790646
-0.472998
-0.219694
-0.298327
-0.299938
-0.354905
-0.227364
-0.25663
-0.675617
-0.069789
-0.49064
-0.200858
-0.162253
-0.45199
-0.19301
-0.413273
-0.364649
-0.58246
-0.244934
-0.0071046
-0.371598
-0.362781
-0.378204
-0.39261
-0.27526
-0.230709
-0.560701
-0.0718441
-0.155209
0.00716932
-0.249821
-0.274646
-0.407608
-0.179663
-0.355372
-0.137085
-0.299666
-0.199854
-0.269792
-0.64699
-0.275117
-0.603658
-0.45119
0.0868361
-0.324516
-0.496527
-0.383395
-0.320457
-0.42557
-0.229653
-0.416469
-0.0832514
-0.425318
-0.117212
-0.25196
-0.372369
-0.480562
-0.344651
-0.236115
-0.33337
-0.631058
-0.0771448
-0.326828
0.0236301
-0.438768
-0.174005
-0.378155
-0.247208
-0.263702
-0.315733
-0.265813
-0.259464
-0.391962
-0.468057
-0.0686713
-0.455581
-0.340597
-0.42995
-0.147001
0.0286102
-0.435173
-0.0536347
-0.343297
-0.521057
-0.374482
-0.545695
-0.0661375
-0.237989
-0.473525
-0.589673
-0.45039
-0.325553
-0.200235
-0.201404
-0.405328
-0.256599
0.107202
-0.197237
-0.321267
-0.0477722
-0.232325
-0.259716
-0.478363
-0.406892
0.0541621
-0.212454
-0.0276027
0.0428796
-0.336482
-0.112867
-0.287605
-0.533304
-0.2152
-0.0109721
0.0264622
-0.331721
-0.331306
-0.356082
-0.229197
-0.206959
-0.232738
-0.0889429
-0.465422
-0.101965
-0.257185
0.128931
-0.156258
-0.285889
-0.0339341
-0.435636
-0.325266
0.00566248
-0.330657
-0.248771
-0.204144
0.0532523
-0.31091
-0.22493
-0.28257
-0.156678
-0.392939
0.218354
-0.436396
-0.0254309
-0.310459
-0.250398
-0.229442
-0.179936
-0.169481
0.200293
-0.258587
-0.0215808
-0.443283
-0.130909
-0.32179
0.150734
-0.249395
-0.214369
-0.353147
-0.21382
-0.137551
-0.212036
-0.237615
-0.211731
-0.155438
-0.193326
-0.351876
0.0539249
-0.188717
-0.540387
-0.398837
-0.383433
-0.0938934
-0.253861
-0.260627
-0.144939
-0.43772
-0.0535746
-0.163335
-0.103831
-0.386989
-0.320832
0.0658679
-0.175827
0.101959
-0.101331
0.129281
0.608662
0.663708
0.632813
0.485727
0.614323
-0.0196613
0.334864
0.237322
0.278329
0.427292
0.51669
0.287956
0.355699
0.253729
0.475128
-0.111303
0.124049
0.576966
0.939459
0.741271
0.747979
0.509216
0.681693
0.586875
0.997184
