0.268355
0.263538
0.161419
0.18609
0.150716
0.257392
0.341344
0.0767915
-0.0529683
0.383751
0.142385
0.149123
0.138474
-0.148782
0.228909
0.565812
0.0572913
-0.0138338
-0.199989
0.10235
0.268948
0.519065
0.352728
0.0593178
-0.102544
0.284778
0.138309
0.399293
0.166973
0.112668
0.282625
0.159109
0.291096
0.149657
-0.00631774
0.439135
0.262682
0.0810621
0.25362
-0.151175
0.231764
0.421824
-0.153152
0.184963
0.151003
-0.152163
0.148558
-0.073328
0.274697
0.166125
0.186042
0.174684
-0.0231956
0.136113
-0.232505
0.260578
0.0348894
0.176347
0.123083
-0.276154
0.108933
0.313657
0.371286
0.0529554
-0.0308107
0.0886498
0.229433
0.262639
0.0882446
0.4367
0.312026
0.453581
-0.0919053
0.315103
0.243897
0.0692224
0.24855
0.206853
0.240504
0.00300912
-0.071882
0.34511
0.163759
0.482749
0.143958
-0.0352697
0.135883
0.193654
0.301969
0.243326
0.242313
0.105876
0.562849
0.367479
0.149798
0.254832
0.263365
0.363501
0.0989253
0.373747
0.415293
-0.0228066
0.307787
-0.011383
0.0114157
-0.110725
-0.0186282
0.159509
0.0839425
0.46233
0.0322119
-0.0624647
0.0211295
0.312003
0.146762
-0.12522
0.0493733
0.150052
0.0488886
0.173923
0.12758
0.3082
0.351165
0.225437
0.271389
0.235537
0.39818
0.473163
0.245091
0.0787626
0.296487
0.19452
0.197926
0.48032
0.752017
0.368238
0.422499
0.190917
0.255235
0.107178
-0.177088
0.0905954
0.227064
0.41307
0.205412
0.0573191
-0.0444593
0.348147
0.272435
0.255316
-0.26689
0.572185
-0.14627
-0.00316387
0.279848
-0.0849104
-0.0521429
0.00920391
-0.172182
0.049497
0.100832
0.238957
-0.038944
0.29942
0.29942
0.29942
0.29942
0.29942
0.29942
0.29942
0.29942
0.29942
0.29942
0.29942
0.29942
0.29942
0.29942
0.29942
0.29942
0.29942
0.29942
0.29942
0.29942
0.29942
0.29942
0.29942
0.29942
0.29942
0.29942
-0.184984
-0.0609103
0.00499076
0.269384
-0.101673
-0.0309478
-0.175407
0.261551
0.223851
-0.150157
0.0858702
0.094615
-0.111215
0.0394781
0.218438
0.152384
0.0501484
-0.0271034
0.278839
0.225131
-0.0278827
0.271925
-0.136536
-0.13735
0.0396485
0.2649
0.169415
0.388943
0.114519
-0.00555855
0.00629839
0.276081
-0.416371
-0.00387357
-0.348897
-0.000904861
-0.192496
-0.0616236
-0.0405125
0.117476
0.216253
-0.060109
0.240836
0.0507114
-0.0460942
-0.174712
0.0907381
-0.444127
-0.0860728
0.0051987
-0.155498
-0.0489587
-0.31035
0.159896
-0.00338867
-0.0629387
0.189895
0.0579463
0.045781
-0.164434
-0.0747766
0.0116006
-0.159834
0.0801731
0.241307
-0.18232
-0.0817858
-0.104553
0.287878
0.2804
0.223257
0.0764166
-0.114502
-0.0353077
-0.109837
0.138497
-0.203189
0.112825
-0.0424732
0.00829638
-0.213063
-0.169298
0.0935082
0.0605415
0.0281904
0.135619
-0.227002
-0.128695
0.160606
-0.136694
0.221047
0.0438555
-0.0688131
0.139336
-0.109579
0.0539074
0.287725
0.19855
-0.0224213
0.148376
-0.0660249
-0.112548
-0.087251
0.0773804
-0.00279171
0.252992
-0.0272079
0.213592
-0.0422409
0.0166529
-0.0561992
0.255729
0.0161737
0.139815
0.311983
0.22334
-0.00352024
-0.0103841
0.0942675
0.207797
-0.103486
-0.0989837
0.169355
0.198501
-0.00341699
0.172757
0.260288
-0.0322105
0.11401
0.22846
0.320772
-0.068165
-0.366112
-0.104455
0.205832
0.120276
0.0930042
-0.138818
-0.188506
-0.168043
0.212921
-0.0644636
0.0763672
0.0264422
-0.0933763
-0.232402
0.142042
0.257132
0.174994
-0.102076
-0.186702
0.236253
-0.0426835
0.0125294
-0.0264999
0.163543
-0.165893
0.343443
0.124659
0.0975311
0.0307761
0.222904
0.165611
-0.0160667
0.0131995
0.0501336
-0.336555
0.122039
0.0535623
-0.130817
-0.102072
-0.143465
-0.142322
0.250327
0.277266
0.244484
0.129514
0.118654
0.103734
0.264225
-0.0675849
-0.091907
0.0780256
-0.22682
-0.0217334
-0.192082
0.138368
-0.0968125
0.0891843
0.110819
-0.13343
0.0539789
0.0948394
0.149672
0.0419022
0.199048
0.085579
0.0589869
0.0709545
0.112192
0.196522
0.0618543
-0.0459945
0.00381036
0.0362877
0.265844
0.214025
-0.292095
-0.0914315
-0.276753
0.0526227
0.104745
0.303295
-0.123575
-0.0369242
0.206736
0.0356573
0.447359
-0.25982
0.346358
-0.0783317
-0.074035
0.0745754
-0.0157924
0.184353
0.313831
0.163201
0.131015
0.0209034
0.185447
0.170746
0.175698
0.0311865
0.285961
-0.125288
0.258159
0.13587
-0.0130758
0.0377198
0.0185462
0.0471471
0.117592
0.394606
0.000968441
-0.032272
0.163472
0.0588783
0.155796
0.00124834
0.0729108
0.015988
0.293969
0.371149
0.294817
0.0304994
0.23369
0.0243608
0.323287
0.137942
-0.0862364
0.0434903
0.0778012
0.0428533
0.302973
0.0245442
-0.0764279
0.15559
0.309357
-0.0438537
0.195594
0.200642
0.0234038
-0.0515845
0.0792195
0.0822869
0.0475677
0.218814
0.0675646
-0.103923
-0.119613
0.204951
0.0783267
0.0303692
0.286831
0.0578293
0.219925
-0.0230518
-0.0950756
0.0284496
0.0970534
0.0957446
0.132962
0.0145998
-0.10491
-0.0346315
0.216535
0.121208
0.216221
0.161628
0.215903
0.0600812
0.562378
0.288954
0.213324
-0.0206764
0.076751
0.0789671
0.250907
0.160747
0.250311
0.00997867
0.340201
0.292861
-0.0825687
0.272462
0.0916486
0.0745157
0.212683
0.271666
0.11949
0.0676359
0.315707
0.087854
0.0977843
0.261884
-0.00759191
0.236222
0.36503
-0.0317872
0.113451
0.201391
0.277846
0.0483291
0.0939196
0.193674
0.179544
0.205005
0.434442
0.25643
0.213005
0.114727
0.267714
0.22689
0.359893
-0.017743
0.265438
-0.0739044
0.156934
-0.116767
0.142861
0.245177
0.185958
0.177281
0.273308
0.305714
0.296237
0.0346154
0.482811
0.294498
-0.109223
0.221165
0.166546
0.226322
0.0227742
0.22243
0.384504
0.0996287
0.366747
0.0893317
0.129734
-0.0441417
0.325791
0.119335
-0.178783
0.352677
-0.167255
0.262021
-0.109732
0.0642591
-0.0066215
0.340622
0.216397
0.136897
0.0642665
0.238852
-0.0108596
0.317051
-0.0428126
0.315915
-0.0607156
0.0936503
0.326434
0.323663
0.341055
0.254231
0.283187
-0.0373729
0.0811001
0.420697
0.186099
-0.207362
-0.104821
0.124004
-0.0833132
0.0944716
0.211169
0.142498
0.488623
-0.0906419
0.263398
0.122451
0.276413
0.620384
0.18869
0.228375
0.123053
0.0617104
0.365929
0.128808
0.350749
-0.0403392
-0.066707
0.276225
0.417189
0.216203
0.048369
0.167133
0.165748
0.0436553
0.391756
0.0839922
0.328304
0.0286945
0.0517194
-0.119354
0.166425
0.16363
0.245024
-0.0597661
0.161591
0.457877
0.212911
0.21791
0.291989
0.363282
0.545783
0.0895425
0.121746
0.307134
0.264657
0.382747
0.00310243
0.275616
0.0826551
0.272718
0.295651
0.150691
0.246954
0.163483
0.323975
0.388999
0.011706
0.138744
-0.0313121
0.151577
0.400951
0.184207
0.143935
-0.0285178
0.0486862
0.246907
0.130966
-0.187197
0.212434
-0.162927
0.322347
0.213433
0.147044
0.0595901
0.318369
0.0994949
0.557838
0.503427
0.589476
-0.0960331
0.292984
0.124184
0.0479966
0.176015
-0.0039609
-0.00651073
0.260171
-0.126958
0.252054
0.0906086
0.119502
0.0903464
0.203124
0.293337
0.183516
0.0308461
-0.106891
-0.0618684
0.365279
0.0762866
0.242539
-0.0266557
0.0628462
-0.088052
-0.198163
0.124915
0.19847
0.237544
0.125946
0.0935026
0.340744
0.0685061
-0.17097
0.25069
0.264999
-0.103076
0.457525
0.0306063
0.113109
0.166365
-0.124488
0.259504
-0.0178136
-0.039557
0.146006
0.0338722
-0.296887
-0.0634285
0.313128
0.0666437
0.340381
0.286654
-0.0847911
0.219239
0.137308
0.214386
0.345567
0.130387
0.27874
0.385906
0.0104584
0.330009
0.0619345
0.253687
0.215227
0.418036
0.163151
0.0558339
0.348885
0.524967
0.049189
0.269409
0.292511
0.0756072
0.087085
0.359378
0.348869
0.552617
0.315626
0.215434
0.166494
0.101553
0.167168
0.345011
0.10936
0.0422632
0.3893
-0.185452
0.271128
-0.124523
0.25642
0.339484
0.351116
0.354493
0.0465225
0.0602686
0.38243
0.0489061
0.0120435
0.0970879
0.196716
0.066211
-0.187777
0.0971707
0.222511
-0.0241766
0.238249
0.359155
0.232097
0.125028
0.204212
0.409393
-0.000742096
0.248034
0.322414
0.216696
0.266377
0.259702
0.434172
0.172268
0.409359
0.286598
0.451407
0.345383
0.265085
0.199432
0.380742
0.185253
0.306817
0.335802
0.199871
0.100645
0.680581
0.400954
0.1264
0.044902
0.184573
0.0114374
0.0682887
0.248159
0.361059
0.0489831
0.22117
0.363642
0.210796
0.428912
0.0666672
0.323612
0.374082
0.598765
0.373018
0.228648
0.441333
0.364796
0.213315
0.417995
0.37055
0.28927
0.332645
0.135895
0.273816
0.314894
0.215214
0.498038
0.147914
0.319421
0.384513
0.551971
0.196116
0.413211
0.112247
0.261451
0.189303
0.228261
0.236246
0.704848
0.348848
0.289784
0.17883
0.324623
0.255121
0.590584
0.270262
0.350077
0.484109
0.179663
0.228573
0.271519
0.464319
0.0607254
0.00759031
0.240439
0.138948
0.0578169
0.184651
0.140598
0.0775487
0.362145
0.154013
0.166356
0.455051
0.281349
0.31631
0.0877932
-0.0361911
0.0278535
0.3751
0.257667
0.355652
0.270897
0.52702
-0.188522
0.0139867
-0.09926
0.00727257
-0.0661332
0.481742
0.381115
0.201619
0.332072
0.163082
0.326001
0.402167
0.0618121
0.00870698
0.416261
-0.0105563
0.421167
0.0578192
-0.0394447
0.374791
0.0223678
0.229862
0.273335
0.234056
0.202291
0.143826
-0.0882838
-0.152767
0.129086
0.085769
0.189447
-0.0347944
0.309162
0.0520633
0.245393
0.322042
0.35682
0.0375859
0.192561
-0.0798898
0.363376
0.181768
0.0422525
0.163881
-0.0411795
0.100408
0.2965
0.189962
0.129208
0.00807952
0.202461
0.213891
-0.0817246
-0.198186
0.0883838
0.00303208
0.28127
0.152732
0.240104
0.0200701
0.362019
-0.0298868
0.0174535
0.229425
0.363086
-0.0981445
0.0386336
0.247571
0.182736
-0.0980021
0.0286232
0.233895
-0.0236464
0.164497
0.0601121
0.354343
0.0931957
0.070334
0.234052
0.4162
0.135133
0.0585096
-0.0255343
0.100657
0.27272
0.130819
0.307024
0.00826123
0.0922916
0.253761
0.396068
0.345859
0.592954
0.208592
0.221753
0.00223599
0.182101
0.263885
-0.144789
-0.0437818
0.225703
-0.00656741
0.115246
0.0189034
0.0803829
0.0328229
0.0376211
-0.189098
0.219861
0.338474
0.0522798
-0.189315
0.229756
-0.0217342
-0.127672
-0.0767493
0.0779365
0.212268
-0.0778879
0.155354
0.166029
0.118826
0.0632532
0.119493
0.108659
0.21377
0.158951
0.0456055
0.0971778
0.0999338
-0.00235822
0.0112037
0.154252
0.26032
0.193296
-0.0337739
0.0697001
-0.222167
-0.124464
-0.035008
0.142087
0.0182019
0.290015
0.207606
-0.233229
-0.146828
0.347496
0.0890527
-0.0329802
0.0633644
0.452027
-0.124764
0.315452
0.0401247
0.251518
0.178805
0.0717618
0.0716483
0.29198
-0.157336
0.220565
0.0361876
0.230746
0.389666
-0.0483289
0.225125
0.0856554
0.159652
0.0309358
0.211666
0.316596
0.0511298
0.157725
0.0850362
0.105478
0.136058
0.19025
0.145439
0.0841752
-0.0937083
0.245982
0.433881
0.142717
-0.020322
0.278008
0.249218
0.0703207
0.198893
0.0642119
0.213569
-0.0285508
0.136746
0.211863
-0.113572
-0.0283092
0.215093
0.173602
0.256975
0.411283
0.12193
0.0747171
0.0620253
-0.0288486
0.306382
0.0548857
0.0385575
-0.0190081
0.0127915
0.36796
0.49563
0.148631
-0.103708
-0.106788
-0.0316308
0.109895
0.0597487
0.0579774
0.288256
0.203654
0.269186
0.183665
0.0366579
0.178438
0.146759
0.0886515
0.319135
0.326702
0.0798472
0.131537
0.039678
0.241907
0.0304365
0.019792
0.535352
0.247645
0.0308788
-0.0104786
0.00147063
0.110388
0.0174283
0.122261
0.109977
0.163326
-0.188065
0.08527
0.207595
0.155957
0.181581
0.242009
-0.00465507
0.316718
0.0874306
0.312794
0.391092
0.163928
0.0534745
0.136264
0.0433214
0.044002
0.147737
0.418331
0.0466254
0.0896793
0.142339
0.0507119
0.100367
-0.0659229
-0.184645
0.249952
0.0980764
-0.00349939
0.194045
0.12065
0.321563
0.150189
0.380362
0.0977316
0.0260434
0.493135
0.157315
0.346532
0.145847
0.0735186
-0.00777922
0.000249716
0.0560131
0.234105
0.0662952
0.139395
-0.052132
-0.180741
0.097092
0.30218
0.00473937
-0.0724816
0.428478
0.0846072
0.0111151
0.312828
0.151416
0.192463
0.0546197
0.310183
0.156844
0.0286657
0.134779
0.205967
0.139847
0.124495
-0.15213
-0.147631
0.113002
0.191688
0.132992
-0.0394692
0.00285385
0.260396
-0.126546
-0.0651752
0.177316
-0.064583
0.25288
-0.0489568
0.167653
0.335873
0.142341
0.111079
0.156646
-0.321422
0.282188
-0.0967353
0.0533683
0.209624
0.126716
0.128284
0.136525
0.244788
0.341123
0.08981
0.0386284
0.0391083
-0.0856877
0.122657
0.360648
-0.0110392
0.294555
-0.137799
0.0941739
-0.12686
-0.125444
-0.0116356
0.203197
0.0990461
-0.28465
0.231389
0.30706
0.38435
0.0487372
0.202523
0.027752
0.0660413
0.155784
0.0807312
0.0527181
0.159994
0.203046
0.00542595
0.0825044
0.264972
-0.2284
0.198748
0.146538
0.0425296
0.328908
0.175576
-0.048696
0.336875
0.0922442
0.0332451
-0.330918
0.177882
-0.288092
0.131204
0.0929901
-0.0430972
-0.0563867
0.118231
0.107891
0.132856
0.0498036
-0.0270302
0.233196
0.0656224
0.0954338
0.130565
0.0480022
0.205668
0.139033
-0.0714608
0.0815268
-0.0112782
0.211947
-0.0426969
-0.104922
-0.0606814
0.467203
0.0376571
-0.0206655
-0.00083366
-0.100246
-0.281604
-0.207063
0.0271688
-0.0316616
0.0869374
0.0854021
-0.175949
-0.0560165
0.33687
-0.177658
0.114912
0.252043
-0.0586089
0.0948493
-0.16721
0.0547253
-0.210868
0.109404
0.180698
0.127774
0.211262
0.120831
0.105949
-0.0207613
0.0701093
0.176956
0.0264506
-0.107384
0.357894
0.380375
0.285036
0.105049
0.0916579
-0.00599682
-0.21797
0.122509
0.262205
0.237521
0.0718028
0.463871
0.273853
-0.222136
0.246344
0.244673
0.29801
-0.139785
-0.169693
0.117749
-0.0390402
0.359056
0.00457255
0.274518
-0.0322024
-0.0304697
-0.382283
0.0739571
0.112921
0.128378
-0.232834
0.257377
-0.033321
-0.228031
0.21447
0.0658177
0.323958
-0.131998
0.274558
0.0239081
-0.00787911
0.101908
0.134551
-0.0144464
-0.289585
-0.138675
0.276779
0.215808
-0.0813739
0.0754101
0.110566
0.127436
-0.140574
0.0195339
0.158658
0.24989
0.16567
0.148901
0.21452
0.162016
-0.0161749
0.1367
0.206272
-0.240918
0.0428984
0.0425627
0.0160162
0.0351566
0.113628
0.114252
0.311888
0.288635
-0.20307
0.0385365
0.0212981
0.219491
-0.126286
0.184574
-0.0101923
-0.0138691
0.153458
-0.129533
-0.208178
0.0663009
0.0156046
0.192719
0.144996
0.0496555
-0.165636
0.00776682
0.212107
0.111035
-0.138912
0.104159
-0.0174848
0.0527883
0.315783
0.138311
0.0655584
-0.0452672
-0.202685
-0.177604
0.113516
0.147582
-0.249456
-0.0888376
0.146477
0.204405
-0.0805155
-0.224155
0.300066
-0.350032
0.000875102
0.0677375
0.188688
-0.0680742
0.296541
0.127136
-0.073942
-0.0371748
0.274643
0.0169332
0.130414
-0.0869976
-0.152188
0.385547
0.198165
-0.0160805
0.368317
-0.013678
0.0427221
0.269651
0.0547543
0.107702
-0.114803
0.269602
0.171785
0.330115
0.0376838
0.322993
0.249674
0.00609721
-0.156466
-0.274743
0.113846
0.408271
0.101161
-0.109998
0.130216
-0.0276528
-0.00681301
0.0650752
0.235491
0.155609
-0.0637465
0.0507737
0.0202213
0.347173
-0.0179761
0.234774
-0.166221
0.157226
0.467315
0.389702
0.185423
-0.0669871
0.10994
0.0731103
0.143864
0.105211
-0.145317
0.0306648
0.153258
0.174358
0.0819011
-0.10854
-0.0112247
0.332405
0.17432
0.0400929
0.0725355
0.299175
-0.211767
-0.142331
0.200021
0.273952
0.137406
0.0134293
0.0352086
0.116484
0.198374
0.431775
0.14061
0.173914
0.0385645
0.298926
0.219144
0.0166762
0.123433
-0.0401545
0.062497
0.0494343
0.0684337
0.0912193
0.131142
0.134281
-0.0179077
-0.183379
0.169639
0.0945198
0.0785122
0.100136
-0.0454737
0.258985
0.0843237
-0.384201
-0.0962982
-0.0928758
0.346257
0.286461
0.115075
-0.0169737
0.152134
-0.0131877
0.0985744
-0.157496
0.256195
0.266035
0.361076
0.0668931
0.319584
-0.0812139
0.0588465
-0.0392536
-0.23608
-0.172433
-0.112584
-0.166072
0.222308
0.2737
0.168554
0.170703
0.132976
0.0692775
0.394499
0.267036
0.172135
-0.0783192
0.122774
-0.0284772
0.449196
-0.27838
0.0910653
0.198956
0.303958
0.21378
0.0297592
0.0066457
0.143234
0.0559606
-0.0562681
0.319479
0.110522
0.174547
0.0106567
0.0704326
0.231843
-0.16401
0.0485613
0.0231648
0.213621
0.253837
-0.0624962
0.105369
0.161205
-0.0789095
0.0395939
0.224281
0.0978543
-0.158323
0.116128
0.14897
0.364967
0.175891
0.129401
0.0194365
0.193272
0.0631832
-0.0602359
0.146373
-0.00129161
0.200891
0.399307
0.123993
0.360277
0.0462491
-0.119152
0.164661
0.151328
0.153151
0.33323
0.328471
-0.0940577
0.348977
0.0561096
0.116515
0.123825
0.169448
0.179883
0.375141
0.0175967
0.253328
0.252445
0.173889
0.286863
0.196101
0.0904017
0.217714
0.152135
-0.123591
-0.17681
-0.180166
0.191629
0.0234457
0.133405
0.0106297
0.1495
-0.0298564
0.270119
0.0937033
0.0929984
0.326214
0.166805
0.0272555
0.0898422
0.106805
-0.0517292
0.187538
0.108793
0.0115557
0.212075
-0.0307846
0.347433
0.199228
0.473539
-0.0718431
-0.0774105
0.0467954
0.0993698
0.3823
-0.0318145
0.258427
0.11591
0.015896
0.136755
0.16622
0.0303606
-0.0382361
0.111835
0.14374
0.207823
0.2987
0.208891
0.275634
0.175817
0.255956
0.367466
0.298303
0.248367
0.217002
0.407127
0.453847
0.25825
0.0412403
0.149491
-0.0134106
-0.139306
0.0862129
0.0318778
-0.0260044
-0.0879981
0.106446
0.283034
0.0197531
0.217804
0.0871556
-0.0851773
0.178588
-0.112694
-0.0261429
0.196056
0.204847
0.350883
0.345519
0.3063
0.10559
-0.0537809
0.180457
0.441095
0.161015
-0.231372
0.280089
0.0744422
-0.0643001
0.0960026
0.184533
-0.0370464
0.197726
0.379121
-0.12077
0.0522451
0.0906935
0.392472
0.291813
0.0727891
0.126481
0.0425127
0.445482
0.214057
0.296057
0.268003
-0.0462698
0.329105
0.305257
0.0999419
0.0947513
0.00792374
0.176826
0.459343
0.116454
0.331004
0.242111
0.0778771
0.345537
0.40747
0.22314
0.0502004
0.135647
0.222084
0.0859549
0.414424
0.496366
0.296318
-0.00586897
0.117609
0.219875
0.187839
0.264496
0.271275
-0.0478381
0.177468
0.298661
0.185054
0.072954
0.384184
0.226271
0.198748
0.0108483
0.464787
0.168535
0.204533
-0.220411
-0.102586
0.207099
0.322824
0.241757
0.238591
0.43757
0.553918
0.313431
0.317799
0.285722
-0.0177788
-0.197364
0.17253
0.540931
0.282539
-0.149928
0.0351055
0.179483
0.092123
0.0323935
0.650251
0.12604
0.159303
0.00780996
0.0277708
0.51887
0.178246
0.164965
0.575349
0.226425
0.280769
-0.0586118
0.110916
0.485453
-0.0906922
-0.0909641
0.289994
0.132861
0.366655
0.249799
0.0832975
0.284507
0.320519
0.018498
0.158081
0.149316
0.0374795
0.231644
0.0350818
0.171795
0.0974233
0.0729655
0.222946
0.061976
0.336375
0.220172
0.381661
-0.151376
0.140777
0.0227731
-0.144669
0.0736419
0.0858988
0.327281
0.0461972
0.192115
0.189207
-0.0827454
-0.0296264
0.263865
0.0886327
-0.0490212
0.135827
0.514183
0.110451
-0.104656
-0.291603
0.31416
0.270056
0.196282
0.127121
-0.0625222
0.179672
-0.0843961
0.183375
0.222406
0.13694
0.391441
0.0956676
-0.0592916
0.100665
-0.0160044
-0.0579066
0.246824
-0.0164639
0.011512
0.376723
0.204352
-0.00355472
0.434931
0.115089
0.220656
0.11135
-0.044659
0.476098
0.0156449
0.221794
0.34381
0.469913
0.0138276
-0.0559407
0.272433
0.0274733
0.035525
0.0787454
0.255385
0.190923
0.34205
-0.0906035
0.0400748
0.272849
0.289407
0.114906
0.0298526
0.11666
0.237641
0.287628
0.170092
0.091696
0.303351
0.119798
0.116914
0.127221
0.0915431
0.458153
-0.0946192
0.253892
0.22021
0.258299
0.321029
0.139745
0.246025
-0.0293362
0.0784683
0.090045
0.0991056
0.0582725
0.0443091
0.0755079
0.253265
0.103039
-0.0136571
0.265317
0.227025
0.0181886
0.122825
-0.0958128
-0.0449982
0.0501835
-0.128059
-0.00570869
0.0223308
0.173049
0.186573
-0.204194
-0.112856
0.161754
0.0474033
0.0796624
0.392367
0.315904
0.258461
0.0597641
0.271306
0.249413
0.246796
0.407223
0.258697
0.289111
0.198984
0.258079
0.371744
0.464073
0.183321
0.077152
0.123791
0.0533562
0.31853
0.449953
0.294616
0.354136
0.00307136
0.339471
0.212486
0.282454
-0.0656622
0.00646379
0.00122568
-0.025577
0.00160263
0.121085
0.20538
0.126184
0.0358189
0.212697
0.343745
0.282376
-0.080961
0.28675
0.416223
-0.138892
0.00992705
-0.0583848
0.42902
0.449081
0.182045
0.201187
0.138396
0.136971
0.193592
0.0376939
0.0661638
-0.142775
-0.102854
0.0720115
0.379455
0.113585
0.0119873
0.0333351
0.174031
0.188942
0.175927
0.0704532
0.483584
0.0910452
0.368811
0.230704
0.198511
0.0278687
0.267909
0.158906
-0.270191
0.279421
0.0705692
-0.072503
-0.119702
0.0644409
0.0261516
0.0941354
0.0186374
0.126122
0.0991302
-0.0803449
0.0241586
0.047002
0.090567
-0.148823
-0.0556062
0.190657
-0.0385169
0.0536899
-0.0373986
0.218632
0.297186
-0.0464984
0.038228
0.239606
-0.0431374
0.0457941
0.2256
-0.203425
0.241894
0.104111
0.342484
0.0387166
0.380712
-0.0419119
0.131704
0.159688
0.0513279
0.0160761
0.12182
0.112556
0.0923275
0.0079744
0.290687
-0.0673375
0.220433
0.112359
-0.0310051
0.316722
0.33531
0.304818
0.0710846
0.188359
0.282032
0.0548856
0.380367
-0.286473
-0.20973
0.277374
0.223283
0.0275972
0.14128
-0.00579333
0.272281
0.0104289
0.0592521
0.19446
-0.0700715
0.183173
0.374587
0.0987086
-0.0495508
0.308308
0.126196
0.446535
0.27881
0.194919
0.0555324
0.209455
-0.168967
0.567634
-0.193435
0.200418
-0.0103495
-0.0476438
0.343017
0.0670976
0.270943
0.0817464
-0.151247
0.449197
0.097907
0.298826
0.017508
0.121577
0.571837
0.13636
-0.0545418
-0.0584903
0.205409
0.147253
0.154782
0.335278
-0.0570402
0.20599
0.0895604
0.156641
-0.112507
0.109326
0.178767
0.10315
0.371755
0.260222
0.245518
-0.0472175
-0.130738
-0.0535234
0.0827854
0.317898
0.169002
0.142379
0.0435498
0.101479
0.231205
0.22518
0.185247
0.254272
-0.00741281
0.311633
-0.0712788
-0.0338488
-0.0133755
0.334176
0.104841
0.29302
0.00656011
0.230436
0.547044
0.0872934
0.150014
0.0905474
-0.0108927
-0.147838
0.407219
0.152441
0.113606
0.381871
0.0254924
0.144005
0.274259
0.128373
0.0191906
0.258411
-0.159173
-0.0367368
-0.0728816
0.0163577
0.24569
0.34316
0.138171
-0.00131323
0.368268
0.252155
0.390065
0.0540426
0.402423
0.231846
0.0838146
0.146776
0.205943
-0.169004
0.131968
0.31005
0.120018
0.130878
0.150204
0.14825
-0.15846
0.0161685
0.364012
0.0845013
0.124309
0.0869436
0.417119
0.28811
0.3173
0.308572
0.404249
0.216757
0.774324
0.512075
0.122559
0.0404386
0.477074
0.378879
0.155517
0.102988
0.41257
0.303319
0.350745
0.462233
0.339745
0.177447
0.143578
0.0249522
-0.0662655
0.14462
0.204114
0.182394
0.377941
0.213545
0.233688
0.316132
0.220161
0.598328
0.275988
0.302932
0.346054
0.218892
0.114851
-0.0637359
0.110385
0.482607
0.0332872
0.0918415
0.142734
0.437005
0.279679
0.193557
0.162561
0.437905
0.137547
0.0558303
0.254067
0.306048
0.36777
0.100334
0.0477978
0.41954
0.027643
0.355953
0.140111
0.03456
0.00318087
0.138628
0.496323
0.430819
0.288815
0.352841
0.0582434
0.174743
0.546581
0.142661
0.298155
0.274494
0.256864
0.46153
0.0910919
-0.0792012
0.312786
0.494615
0.281111
0.28414
0.056806
0.239153
-0.0124254
0.309087
0.622648
0.199127
0.254853
0.343696
0.287716
0.403192
0.476641
0.264484
0.442497
0.226844
0.304084
0.192365
0.383494
0.019297
0.303145
0.32876
0.645737
0.206441
0.316822
0.343751
0.232091
0.123329
-0.103569
0.172132
0.104357
0.166373
0.134244
0.35152
0.233547
-0.00994684
0.01336
0.316945
0.332792
0.260863
-0.0558745
-0.289708
0.131
0.155394
0.161215
-0.0552932
0.152776
0.392015
0.2979
0.388721
0.211839
0.214728
0.301303
0.068119
0.09297
0.197943
0.143134
0.195639
0.226252
0.384741
0.21084
0.464807
0.133559
0.365713
0.00992429
0.550647
0.202648
0.278253
0.308912
0.235283
0.624537
0.296284
0.136326
0.0695428
0.041907
0.209723
0.0196723
0.097061
0.108681
0.00795623
0.414728
0.159672
0.0821983
0.196704
0.0758685
0.314839
-0.102259
0.0173253
0.234178
0.126898
0.531714
0.160873
-0.145629
-0.064269
0.0273415
0.104519
0.163504
0.244791
-0.0311646
0.0771298
0.283103
-0.125154
0.339285
0.281047
0.43727
0.509613
0.0973206
0.230631
0.322825
0.402474
0.222471
0.250237
0.382779
-0.0629621
0.081418
0.150682
0.321845
0.278269
0.258064
0.217481
0.275551
-0.00293876
0.0305659
0.265275
0.325828
0.00751153
0.204665
0.329089
0.201327
0.292775
0.121735
0.276859
0.241975
0.421324
0.252365
0.188494
0.474452
0.24416
0.112869
-0.0572324
0.140765
0.3733
-0.0715969
-0.0934342
0.0786183
0.222217
0.0501756
0.0707279
0.305789
0.235342
0.323185
0.0668103
0.278883
0.0833883
0.081843
0.346739
0.165886
0.151186
0.122878
0.52295
0.105533
-0.00740564
0.455237
0.191547
0.440666
0.219032
0.424259
0.443647
0.172606
0.517495
0.164797
0.288123
0.123723
0.3621
0.112753
0.178527
0.220862
0.303574
0.210381
0.210971
0.29696
-0.0813647
0.103165
0.283156
0.331367
0.312692
0.113947
0.261101
0.487923
0.0205394
0.341427
0.346617
0.226547
0.356504
0.0536584
-0.0215165
0.183973
0.32857
0.0313077
0.400126
0.130066
0.0720201
0.381713
0.249446
0.478791
0.312278
0.0976179
0.222474
0.322211
0.299974
0.0166357
0.240834
0.520694
0.175754
0.400256
0.337688
-0.0621983
0.336609
0.274853
0.221656
0.157433
-0.0884046
0.0938885
0.0451133
0.187926
0.199922
-0.0305739
0.0549263
0.224362
0.50175
0.0234461
0.0856805
0.204615
0.28269
0.136462
0.262216
0.0730873
0.00974955
0.0968236
0.207264
0.0418959
0.0874444
0.404843
0.203753
0.087852
-0.126198
0.290863
-0.0141772
-0.0519867
0.238593
0.121644
0.509656
0.392679
0.00823566
0.166681
0.221504
0.248753
0.293053
0.628842
0.302524
0.19644
0.197826
0.369281
0.404694
0.210063
0.00970252
0.379397
0.120606
0.3419
0.318528
0.550804
0.262906
0.325987
0.216142
0.14861
0.256729
0.547539
0.443296
0.401325
0.386161
0.288218
0.346735
0.148926
-0.0759454
0.465261
0.172731
0.276959
0.193972
0.0570319
0.162689
0.0201225
0.346708
0.0848132
-0.121433
0.256424
0.280975
0.33068
0.341281
0.479626
0.240375
0.614791
0.0763663
0.228192
0.44564
0.217962
0.417656
0.466911
0.121337
0.336779
0.275591
0.38063
0.487252
0.418181
0.067802
0.0104493
0.183473
0.369246
0.518328
0.0651618
0.276205
0.195559
0.206555
0.149779
0.159928
-0.0679054
0.170394
0.256102
0.220937
0.342303
0.0479814
0.359183
0.472723
0.420296
0.325088
0.15736
0.187139
0.162229
0.108357
0.125458
0.0214902
-0.00405857
0.225245
0.0973336
0.223436
0.13594
0.237863
0.171358
0.129451
0.512856
0.565765
-0.00398019
0.247502
0.409435
-0.0352473
0.116244
0.258545
-0.0554045
0.518885
0.421012
0.448681
0.39284
0.343334
0.385084
0.0827903
0.40772
0.461515
-0.148261
-0.0138801
0.230132
0.218404
0.224153
0.436055
0.359066
0.0247754
0.310196
0.223396
0.230456
0.221545
0.253006
0.197788
0.443553
0.305253
0.312533
0.155541
0.223662
0.246647
0.318342
0.124772
0.300495
0.371101
0.225597
0.190891
0.106321
0.111286
0.492478
0.216485
0.289372
0.3616
0.39509
0.403532
0.135097
0.113818
0.150336
0.238507
0.148021
0.0561728
0.0469283
0.25483
0.329191
0.195536
0.171223
0.338373
0.338477
0.308334
0.0199008
0.283405
0.103918
0.282853
0.462093
0.102335
0.315028
0.391058
0.38243
0.137803
0.315701
0.313568
0.353526
0.303339
0.186396
0.202642
0.492019
0.0393635
0.480083
0.426571
0.34733
0.317849
0.31731
0.0245117
0.214676
0.320605
0.28429
0.277062
0.282201
0.126773
0.445674
0.366991
0.32853
0.212233
0.377709
0.156105
0.103997
0.19263
0.131064
0.21592
0.186694
0.258956
0.591918
0.536686
0.240638
0.0372082
-0.048597
0.365161
0.244763
0.304463
0.126115
0.553881
0.0983521
0.0796529
0.359488
0.18892
0.0435744
0.207698
0.11136
0.413463
0.318111
0.199207
0.157854
-0.0809523
0.127908
0.465929
0.0737019
0.483602
0.12843
0.435956
0.0950258
0.151365
0.277982
0.190091
0.102598
0.291687
-0.217218
-0.000175527
0.180203
0.290281
0.145769
0.230433
0.342314
0.401326
0.177403
0.194479
0.0858044
0.215554
0.0719107
0.0635817
-0.148549
0.146609
0.428956
0.0745845
0.188737
0.503599
0.224967
0.276479
-0.0436573
0.174168
0.232336
0.153197
0.291608
0.297523
0.470334
0.277185
0.298866
0.104077
0.222372
0.188509
0.0095519
0.207301
0.10343
0.382159
0.433613
0.204799
0.343324
0.203222
0.21824
0.490379
0.103481
0.30252
0.335697
0.0577138
0.215323
0.243029
0.404546
0.52191
0.434959
0.195706
0.230018
0.388339
0.226915
0.489534
0.17685
0.370036
0.118435
0.210886
0.327711
0.361885
0.317092
-0.0309212
0.268371
0.296092
0.478834
0.0238108
0.0238108
0.0238108
0.0238108
0.0238108
0.0238108
0.0238108
0.0238108
0.0238108
0.0238108
0.0238108
0.0238108
0.0238108
0.0238108
0.0238108
0.0238108
0.0238108
0.0238108
0.0238108
0.0238108
0.0238108
0.0238108
0.0238108
0.0238108
0.0238108
0.0238108
0.0238108
0.0238108
0.0238108
0.0238108
0.0238108
0.0238108
0.0238108
0.0238108
0.0238108
0.0238108
0.0238108
0.194283
0.30243
0.322876
0.285924
0.424649
0.0914619
0.214685
0.118592
0.158724
0.410069
-0.0970271
0.402147
0.248836
0.0742999
0.593728
0.285119
0.280412
0.377887
0.103391
0.0665517
0.0203057
-0.0733142
0.27996
0.227557
0.176396
0.313289
0.306542
0.132771
0.31072
0.285538
0.196136
0.0874493
0.0815863
0.0980802
0.204647
0.0320999
0.357164
0.0547313
0.201884
0.331915
0.235925
0.206281
0.281506
0.273415
0.232892
-0.0188383
0.108557
0.0694464
0.131522
0.0927223
0.243907
0.237547
0.137013
0.0255767
0.217326
0.38838
0.376028
0.248125
0.435891
0.115385
0.177085
0.150005
0.570168
0.464198
0.294212
0.185474
0.386325
0.155059
0.138307
0.116298
0.226016
0.0979371
0.509742
0.399262
0.428099
0.536608
0.395681
0.357365
0.200703
-0.0758497
0.105887
0.234214
-0.142806
0.0896262
0.271102
0.277335
0.242888
0.196906
0.098634
0.378723
0.376847
0.0129979
-0.184412
0.3539
0.289241
-0.0400099
0.309775
0.0956801
0.463253
0.0876405
0.380052
0.181928
0.0479764
0.237426
0.0538624
0.0433493
0.407532
0.137849
0.0628188
0.164029
0.434849
0.060648
-0.0707288
0.029616
-0.00222932
-0.112764
0.218917
0.148587
0.138699
0.151086
0.172668
0.228138
-0.0609267
0.160077
0.066161
0.224156
0.0793971
-0.241242
0.0772629
-0.160764
0.159881
0.362047
0.095899
0.0533757
0.184644
-0.0433542
0.320085
0.187569
0.246208
0.273465
-0.0266107
0.0926131
0.148812
-0.00325327
0.174998
0.322349
0.330665
0.184841
0.0573174
0.00613405
0.347619
0.258815
0.0740891
0.186522
0.218181
0.0568661
-0.16199
0.126356
0.206041
-0.0450128
0.471432
0.323564
0.0416197
0.223778
0.508929
-0.170958
0.526209
0.349129
0.472192
0.142045
-0.151273
0.215615
0.332072
0.302661
0.199819
0.102126
0.287449
0.257822
0.461195
-0.0269937
0.221343
0.319355
0.40331
0.377444
0.153044
0.317661
0.223085
0.28773
0.119269
0.0732775
-0.195931
0.0118699
-0.0185818
-0.0286489
0.00599097
0.0822646
0.30748
-0.0645792
0.300298
0.111212
0.258916
-0.130387
0.0650451
0.0763641
-0.224654
0.0018007
0.0355028
0.048105
0.0437062
-0.149811
-0.0963861
-0.229145
0.0226919
0.172391
-0.343515
-0.0828144
-0.020689
0.0244663
0.198613
-0.144036
0.090434
0.00295083
-0.103333
0.0235865
-0.096605
0.145755
-0.227226
0.126858
0.351912
-0.210904
-0.313467
-0.0646244
-0.0242524
-0.0302894
-0.372844
-0.0424628
0.169719
-0.0669773
-0.300655
-0.272114
0.0340639
-0.135739
-0.176234
0.11874
-0.0120329
-0.174998
-0.0319972
-0.252482
0.0466286
0.166988
-0.0492866
-0.138062
-0.199437
0.0986344
0.0018769
0.243593
0.104839
0.0790994
0.00419729
-0.203141
-0.0569898
0.270693
-0.0549667
-0.249321
-0.0184922
0.0575884
-0.330893
-0.186484
-0.0351789
-0.129058
0.0640404
-0.408222
0.131556
-0.10983
-0.198805
0.130328
-0.06357
-0.00499905
0.0953382
-0.0801135
-0.174826
-0.300841
-0.355314
-0.439308
0.0374064
0.211517
0.129787
0.0754491
0.210159
-0.26072
-0.184223
0.0417546
-0.224167
-0.22945
-0.223053
0.0867635
-0.228265
-0.0761986
0.0925936
0.0286065
-0.0329649
-0.0795139
-0.0960856
-0.309341
-0.381623
0.214942
-0.316467
0.126163
0.0280058
-0.45645
-0.20741
0.0277075
-0.152304
0.0483955
-0.179217
0.0792524
0.0528711
-0.0488906
-0.020395
-0.0910063
-0.382487
0.242065
0.231942
-0.0903411
-0.154581
-0.0318362
-0.00530683
-0.24868
0.0308165
0.115973
0.138668
0.105191
0.323358
-0.277731
0.271856
0.202017
-0.0285091
0.0413279
0.379696
0.11854
0.231033
0.193967
0.115763
-0.121163
0.0711176
0.166071
0.301264
0.0760932
0.00205472
-0.0776254
0.0766958
-0.0889813
-0.0189322
-0.283805
-0.0456497
0.198042
0.111754
-0.0137132
-0.44258
-0.164234
-0.226025
-0.0591133
0.204059
-0.139336
0.141967
0.107809
0.170867
-0.122458
0.414167
0.00437037
-0.0092514
-0.0281957
0.155415
0.0284754
0.00471046
-0.0181728
-0.0479578
0.144943
-0.0170147
0.00335336
-0.0212302
-0.06525
0.180525
0.156655
-0.0384809
0.0116175
-0.286802
0.174864
0.0990978
0.193601
0.0948141
0.214988
0.20379
-0.158107
-0.150789
0.249332
-0.0560056
-0.254918
0.174453
0.10844
-0.0474172
0.181258
-0.0911907
-0.170267
-0.0952771
0.00749348
0.0213446
-0.00393384
0.137564
-0.251787
-0.0547056
-0.236297
-0.187927
-0.190122
-0.374053
-0.151039
-0.0928417
0.122016
-0.31467
0.0448183
0.0443694
-0.203215
-0.0121781
0.197499
-0.149391
-0.274576
-0.0361646
-0.140316
-0.11588
-0.013488
-0.304624
-0.376514
0.123634
0.0831508
-0.190422
0.0899962
-0.158707
-0.088535
0.000296473
0.113993
0.0909161
0.0349027
0.20393
0.0632395
-0.121006
0.0119245
-0.0730353
-0.172369
-0.0786865
-0.0866028
-0.144706
-0.102681
-0.368731
0.129614
0.0774018
0.125458
0.0105168
-0.301791
-0.073114
-0.169722
-0.0894602
0.126614
0.106894
-0.145828
0.118062
-0.228273
0.0153932
0.241477
-0.0741006
-0.00824724
0.0778264
-0.131466
-0.307267
0.00166501
0.213996
0.576977
0.00537394
-0.00105655
0.0054059
-0.100612
0.0329937
-0.145477
0.217968
-0.0528474
0.0781885
-0.151606
0.0269592
-0.251311
0.00442139
0.0843517
0.115162
-0.399503
-0.177742
0.00127605
0.130177
0.15857
0.152057
-0.145378
-0.0604859
-0.0408792
0.193914
-0.270108
-0.171557
0.49846
0.298909
0.487516
0.342248
-0.15367
0.0480805
0.171408
-0.154514
-0.16319
0.180501
-0.0041574
0.212651
-0.0638242
0.193544
0.0514845
-0.348459
-0.06182
0.162787
-0.171144
-0.148864
-0.160612
0.0952116
-0.101171
-0.0158722
0.0463911
-0.0628587
0.0771264
0.423334
-0.113625
0.136602
0.0547762
0.00834153
-0.0186528
-0.158285
0.201128
-0.111991
-0.0549211
-0.0559214
-0.285751
0.0966685
-0.108314
0.176784
-0.202621
0.218861
0.171808
0.388567
0.177503
0.222688
0.218343
0.0576961
0.113139
-0.169027
0.0718163
-0.0559414
0.0777435
0.159047
-0.243703
-0.203808
0.256248
0.321732
0.00317391
-0.171144
0.0983691
0.111152
-0.096031
-0.32325
-0.218417
-0.0814725
-0.0999348
0.220445
0.137956
0.278446
0.162295
0.327695
-0.0163776
-0.0570717
0.125607
0.0171521
-0.144088
0.281633
-0.0780707
0.215228
0.33932
0.224305
0.213086
0.0883868
0.288081
-0.101682
0.135115
0.286614
-0.160976
0.0661824
0.00704049
0.616312
0.300751
0.371489
0.11145
-0.0511215
0.250483
0.289125
0.0764369
0.30807
0.246838
0.0874773
-0.0149698
0.131789
0.112348
0.434145
0.224465
0.168032
0.314582
0.453867
0.477697
0.214023
0.378248
-0.0598968
0.00866575
0.237444
0.222676
-0.189882
-0.091341
-0.0634024
0.088292
0.246735
-0.0867411
0.0597729
0.231645
0.094834
0.368673
0.469508
0.01454
0.339161
0.326218
-0.00614216
0.129362
0.134964
0.196456
-0.113075
-0.319681
0.0598171
-0.358137
0.00689972
-0.169135
-0.126046
-0.317585
-0.714369
-0.195716
-0.312389
-0.282028
-0.428693
-0.460742
-0.45922
-0.327384
-0.576736
-0.63796
-0.779044
-0.891838
-0.734629
-0.741964
-0.965305
-0.683196
-0.706448
-0.803509
-1.17715
-0.795995
-0.851249
-0.845632
-0.799542
-0.973677
-0.933154
-1.03361
-0.896081
-1.02036
-0.810715
-1.11469
-0.984689
-0.869101
-1.42885
-1.33667
-1.26471
-1.13073
-1.31856
-0.992705
-1.55933
-1.29372
-1.67423
-1.55381
-1.48325
-1.3803
-1.57412
-1.67958
-1.76787
-1.297
-1.59438
-1.58693
-1.53687
-1.22233
-1.91513
-1.53199
-1.80731
-1.1817
-1.6055
-1.67797
-1.39498
-1.66696
-1.48818
-1.35897
-1.30163
-1.31312
-1.03737
-1.4344
-1.34071
-1.32956
-1.15609
-1.30237
-1.27655
-1.38014
-1.17683
-1.15928
-1.30032
-1.23614
-1.29944
-1.30853
-1.33627
-1.47233
-1.21551
-1.38261
-1.52578
-1.58668
-1.34593
-1.69968
-1.57493
-1.51418
-1.41271
-1.53369
-1.27697
-1.40339
-1.36991
-1.41195
-1.36672
-1.22562
-1.13186
-1.25104
-1.04052
-1.08291
-1.22191
-1.29401
-1.46014
-1.66929
-1.49076
-1.49141
-1.1024
-1.2103
-1.3056
-1.26916
-1.30601
-1.34747
-1.50494
-1.50549
-1.38591
-1.44943
-1.42043
-1.28605
-1.27424
-1.30605
-1.59349
-1.47014
-1.39003
-1.40733
-1.61551
-1.3969
-1.42094
-1.51426
-1.32355
-1.42722
-1.37781
-1.38378
-1.66349
-1.2544
-1.38949
-1.20495
-1.47668
-1.39868
-1.33874
-1.60846
-1.3173
-1.29417
-1.23697
-1.39144
-1.2381
-1.51028
-1.82803
-1.20273
-1.53364
-1.42147
-1.34299
-1.35331
-1.74192
-1.62819
-1.5059
-1.5069
-1.57071
-1.32035
-1.60329
-1.93596
-1.65936
-1.36444
-1.45271
-2.03826
-1.76587
-1.18401
-1.95894
-1.71437
-1.40916
-1.71012
-1.9201
-1.49839
-2.13881
-1.71478
-1.88999
-1.96913
-1.705
-1.81827
-2.06973
-1.80466
-1.95914
-1.67113
-1.84781
-1.48983
-1.77968
-1.67001
-1.95745
-1.49763
-1.90292
-1.76748
-2.26414
-2.43943
-2.00449
-1.82834
-1.80487
-1.90839
-1.9804
-1.71917
-1.86965
-1.56658
-1.80702
-1.51789
-1.30032
-1.21443
-1.70523
-1.69403
-1.24994
-1.1585
-1.48847
-1.47559
-1.2478
-1.13142
-1.11289
-1.39095
-1.39765
-1.18169
-1.29494
-1.26805
-1.3089
-1.24383
-1.59701
-1.07801
-1.49746
-1.71678
-1.52527
-1.58792
-1.45689
-1.49952
-2.09946
-1.79467
-1.92951
-2.00006
-1.86897
-2.06809
-2.01437
-2.17957
-1.96464
-2.44302
-2.08355
-2.15585
-2.34744
-2.46521
-2.25923
-2.44164
-2.15311
-2.57047
-2.60248
-2.18246
-2.6534
-2.79213
-2.6694
-2.96537
-2.55648
-2.76722
-2.93306
-2.94846
-3.00038
-2.84411
-2.68518
-2.65498
-3.23618
-3.10043
-2.87788
-2.85229
-3.25559
-3.18262
-3.20344
-3.08742
-3.37307
-3.25097
-3.4195
-3.06188
-3.01371
-3.24059
-3.48917
-3.69962
-3.63024
-3.61955
-3.52501
-3.71374
-3.79833
-3.84243
-3.82788
-3.9656
-3.8647
-4.06657
-4.30376
-4.41301
-4.50367
-4.67588
-4.59121
-4.88202
-4.56273
-4.76473
-4.80215
-4.84201
-4.73298
-5.34412
-4.92537
-5.14478
-5.15827
-5.66898
-5.2612
-5.14595
-5.83892
-5.69441
-5.69843
-5.38556
-5.6784
-5.82422
-5.83702
-6.07671
-5.75297
-6.32205
-6.05745
-6.56893
-6.28051
-6.47674
-6.48807
-6.72128
-6.52856
-6.5954
-6.69099
-7.06364
-6.68241
-7.01033
-7.33738
-7.50636
-7.36357
-7.3672
-7.76134
-7.6567
-8.05266
-7.95068
-8.25259
-8.53962
-7.96624
-8.23016
-8.49433
-8.781
-8.75082
-8.81041
-8.7172
-9.0298
-8.81721
-8.94071
-9.28545
-9.24558
-9.22978
-9.24386
-9.44931
-9.61419
-9.98078
-9.94651
-10.1488
-10.0392
-10.1876
-10.3832
-10.4793
-10.7926
-10.7563
-10.8417
-11.2778
-11.0628
-11.0112
-11.1477
-11.3865
-11.4836
-11.6522
-11.4105
-11.6015
-11.3929
-12.0286
-11.9552
-12.0176
-12.3816
-12.5879
-12.5234
-12.7265
-12.8276
-12.9008
-12.85
-12.925
-13.0733
-13.1768
-13.1499
-13.4161
-13.0279
-12.9121
-13.1968
-13.3752
-13.3297
-13.8238
-13.633
-13.6821
-14.0631
-13.8857
-13.7948
-14.0996
-14.1136
-14.1627
-14.0173
-13.9983
-13.9733
-14.1568
-14.1687
-14.6902
-14.6397
-14.8075
-14.9537
-15.077
-15.0365
-14.9586
-15.3889
-15.1191
-15.1899
-15.175
-15.3651
-15.5765
-15.6522
-15.734
-15.7041
-15.8998
-15.5606
-15.9303
-15.7224
-15.6082
-16.0365
-15.7649
-15.7134
-15.6148
-15.4552
-15.3987
-15.4314
-15.4028
-15.4093
-15.31
-15.112
-15.1105
-15.2348
-15.2905
-14.8267
-14.6834
-14.8728
-14.6741
-14.7333
-14.502
-14.6281
-14.3993
-14.5673
-14.4438
-14.2867
-14.3371
-14.1308
-14.0477
-14.2693
-14.4499
-14.4233
-14.2875
-14.0152
-14.2865
-14.1258
-14.3546
-14.4723
-14.1937
-14.4104
-14.4976
-14.0921
-14.2736
-14.7658
-14.2394
-14.1116
-14.3094
-14.1553
-14.1896
-13.9167
-14.1431
-13.8514
-13.6589
-13.6095
-13.3786
-13.4917
-13.2394
-13.0592
-13.5576
-13.1846
-13.1722
-13.1354
-12.7472
-12.7422
-12.7719
-12.5159
-12.5117
-12.5839
-12.4063
-12.5363
-12.3782
-12.2568
-12.1632
-12.1919
-11.9481
-12.1443
-11.6315
-12.076
-11.7139
-11.8394
-11.6694
-11.4769
-11.2347
-11.2677
-11.225
-11.0979
-11.2734
-11.0929
-10.7964
-11.0515
-10.9594
-10.7953
-10.9647
-10.6941
-10.6747
-10.6014
-10.544
-10.5092
-10.5161
-10.3754
-9.97023
-10.4127
-10.3599
-10.4469
-10.0547
-9.65913
-10.0032
-9.92922
-9.74424
-9.6055
-9.80705
-9.32926
-9.33498
-8.98616
-9.24801
-9.02886
-9.31434
-8.88235
-8.69424
-8.78691
-8.78499
-8.60662
-8.61645
-8.77187
-8.64601
-8.41377
-8.25881
-8.44909
-8.28173
-8.10515
-8.09485
-8.18407
-8.18762
-8.07782
-8.0255
-7.78464
-7.96297
-7.70122
-8.14135
-7.60354
-8.16348
-7.74304
-7.71314
-7.70253
-7.55494
-7.60521
-7.47304
-7.84804
-7.38312
-7.70854
-7.63015
-7.58788
-7.34709
-7.49423
-7.53773
-7.59541
-7.64348
-7.03458
-7.57496
-7.57699
-7.73344
-7.40251
-7.62698
-7.82569
-7.30218
-7.08562
-7.40049
-7.3034
-7.21628
-7.28394
-7.11703
-7.2251
-6.89447
-7.23798
-7.16431
-7.24906
-7.12185
-7.05846
-7.17262
-7.30247
-7.2956
-7.36539
-7.38403
-7.40512
-7.50748
-7.62981
-7.61385
-7.84838
-7.59408
-7.70671
-7.58592
-7.63149
-7.70438
-7.6979
-7.59042
-8.00631
-8.15642
-7.9005
-7.61505
-7.7837
-7.67309
-7.46598
-7.33525
-7.77946
-7.5744
-7.53686
-7.27112
-7.23287
-7.43581
-7.25432
-7.43669
-7.19967
-7.31675
-7.20327
-7.0588
-7.32015
-6.69943
-7.23163
-7.12129
-6.67726
-6.93401
-6.97247
-7.11014
-6.82286
-7.1844
-7.1819
-7.19687
-7.32343
-7.27653
-7.42371
-7.33318
-7.57726
-7.47123
-7.04258
-7.15811
-7.37297
-7.38187
-7.78637
-7.44963
-7.35198
-7.42452
-7.75268
-7.13626
-7.58457
-7.42564
-7.39475
-7.51891
-7.31935
-7.79188
-7.66915
-7.87654
-7.52826
-8.02495
-7.94437
-7.90598
-7.75737
-7.3698
-8.17935
-7.99545
-7.9953
-7.9519
-7.92055
-8.25136
-8.31675
-8.1586
-8.43981
-9.05359
-9.10661
-9.03856
-9.20184
-9.42532
-9.55289
-9.64734
-9.5882
-10.013
-10.1326
-10.315
-10.5373
-10.9662
-10.8659
-11.3307
-11.1239
-11.5055
-11.7815
-11.8203
-12.0535
-12.1927
-11.7728
-12.1634
-12.474
-12.1867
-12.6139
-11.9573
-12.5499
-12.3036
-12.2331
-12.6007
-12.26
-12.5038
-12.6797
-12.2073
-12.1892
-12.4255
-12.2336
-12.5699
-12.8846
-12.7966
-12.8327
-12.6898
-13.1302
-13.2324
-13.1276
-13.4018
-13.2421
-13.4848
-13.4324
-13.3418
-13.4714
-13.5674
-13.4268
-13.6154
-13.4898
-13.5751
-13.7675
-13.7835
-13.8047
-13.8537
-14.4946
-14.5686
-14.1009
-14.3232
-14.5579
-14.4691
-14.4095
-14.4523
-14.6275
-14.4208
-14.4123
-14.5607
-15.0683
-14.9732
-14.9141
-15.1893
-14.9422
-15.1264
-15.2738
-14.9723
-15.2139
-15.1853
-15.2873
-15.4088
-15.8927
-15.7404
-16.1391
-16.1676
-16.5324
-16.8869
-16.7275
-16.562
-16.9854
-17.2317
-17.1745
-17.4792
-17.7848
-17.5315
-17.8276
-17.9505
-18.2781
-17.9116
-18.0389
-18.2294
-18.1905
-18.463
-18.6358
-18.4734
-18.5124
-18.7277
-18.7053
-18.9835
-18.9275
-18.733
-18.63
-18.6969
-18.9686
-18.9135
-18.4788
-18.5996
-18.8426
-18.769
-18.9554
-19.0316
-18.8978
-18.8121
-19.1468
-19.2561
-19.3951
-19.4187
-19.5449
-19.8337
-19.494
-19.8723
-19.9998
-20.5734
-20.8661
-20.5878
-21.0372
-21.1015
-21.6497
-21.7843
-21.5181
-22.4191
-22.4048
-22.349
-22.9274
-22.9405
-22.7833
-22.644
-23.054
-23.0328
-23.2809
-22.807
-22.7294
-22.9237
-22.7752
-23.3567
-23.09
-23.4018
-23.383
-23.7947
-23.7656
-23.7837
-24.0387
-24.0705
-24.5994
-24.3175
-24.5358
-24.5492
-24.7664
-24.3943
-24.7489
-24.8188
-24.8156
-25.1019
-25.2225
-25.3906
-25.1768
-25.1823
-25.62
-25.1241
-25.4015
-25.302
-25.3839
-25.2289
-25.3006
-25.095
-25.1065
-25.1275
-25.1684
-24.9802
-24.6691
-24.5967
-24.5044
-24.386
-24.7912
-25.016
-25.1293
-24.7306
-24.676
-24.9569
-24.917
-25.3966
-25.3856
-25.5082
-25.3102
-25.2668
-25.5734
-25.6339
-25.9196
-25.4807
-25.6643
-25.3397
-25.3526
-25.334
-25.3964
-25.4942
-25.5849
-24.8774
-25.0111
-24.6689
-24.6224
-24.6831
-24.4214
-24.4558
-24.214
-23.9385
-23.7111
-24.057
-23.9439
-23.5744
-23.5432
-23.2159
-23.0293
-23.0297
-22.894
-22.6238
-22.159
-22.371
-22.542
-22.3344
-22.1149
-22.0577
-21.8037
-21.6496
-21.7142
-21.1206
-20.9235
-20.8546
-20.643
-20.4558
-20.2507
-20.376
-20.2565
-20.2402
-20.0092
-20.5655
-20.072
-19.6588
-20.1377
-19.4364
-19.1171
-19.2219
-18.8838
-18.3966
-18.4631
-18.2619
-18.174
-17.6284
-17.2099
-17.603
-17.2857
-16.9687
-16.7543
-16.597
-16.2485
-16.0042
-15.6772
-15.3766
-15.2297
-15.1909
-14.9134
-14.8175
-14.7963
-14.6748
-14.3147
-14.0258
-13.5212
-13.5214
-13.1599
-13.1845
-12.7608
-12.8774
-12.1957
-12.0425
-11.9109
-12.0695
-11.2136
-11.7926
-11.0821
-11.1527
-10.5276
-10.7425
-10.3814
-10.4126
-10.3245
-10.3706
-10.339
-9.9497
-9.78317
-10.0068
-9.70073
-9.87459
-9.62983
-9.71142
-9.20478
-9.51766
-9.29415
-9.60341
-9.18495
-9.42049
-9.23311
-9.1026
-9.13883
-9.2058
-9.20339
-9.13048
-8.88809
-8.86314
-8.77606
-8.96717
-8.73212
-8.75204
-8.88568
-8.68608
-8.77003
-8.82464
-8.66127
-8.93399
-8.63208
-8.98501
-8.97301
-9.36062
-9.33486
-9.29478
-9.57448
-9.49956
-9.6328
-9.56488
-9.81205
-9.76486
-9.62898
-10.1581
-10.1894
-10.4883
-10.7602
-10.8842
-10.9481
-10.9189
-10.8306
-11.0556
-11.2009
-10.9133
-11.094
-11.3307
-11.4619
-11.3062
-11.7354
-11.9495
-12.2876
-12.5529
-12.9919
-12.9521
-13.3702
-13.8298
-13.7312
-13.9753
-14.7413
-14.4843
-14.7161
-15.1491
-15.3331
-15.2024
-15.2432
-15.4709
-15.5792
-15.7913
-15.7054
-16.0923
-15.857
-16.0378
-16.1015
-15.9063
-16.3183
-16.2833
-16.455
-16.6105
-16.5585
-17.2641
-16.9963
-16.9313
-17.3143
-18.0379
-17.7456
-18.1544
-18.3615
-18.4296
-18.2834
-18.4957
-19.0699
-19.1862
-19.2398
-19.3097
-19.4193
-19.7123
-19.826
-20.2146
-20.655
-20.7233
-20.9887
-21.0559
-21.235
-21.34
-21.9364
-21.6265
-21.9673
-22.1112
-22.4564
-22.4087
-22.3461
-22.8809
-22.5673
-22.6788
-22.4584
-23.0182
-23.0327
-22.9107
-22.8089
-22.8787
-23.0945
-22.9381
-22.9492
-23.2739
-23.1157
-23.0916
-23.3281
-23.7332
-23.9487
-23.601
-23.8643
-24.083
-23.8355
-24.1445
-24.3972
-24.804
-25.4472
-25.5668
-25.5927
-25.4926
-25.3936
-25.4454
-25.6504
-25.822
-25.7792
-25.6781
-26.1609
-25.8448
-25.581
-25.7316
-25.847
-25.9345
-26.112
-26.1536
-26.1205
-26.295
-26.329
-25.9781
-26.2154
-25.9808
-25.8728
-25.7918
-25.5943
-25.4854
-25.6303
-25.6894
-25.7703
-25.8169
-25.655
-25.8941
-25.8801
-25.5478
-25.9401
-25.5507
-25.456
-25.2466
-25.4598
-25.0475
-25.0717
-25.3396
-25.2905
-25.4475
-25.0349
-25.017
-25.2359
-24.7923
-24.9657
-24.766
-24.7449
-24.8495
-24.3913
-24.463
-24.4537
-24.5657
-24.5925
-24.2677
-24.469
-24.2747
-23.8899
-23.9407
-23.6869
-23.8052
-23.4332
-23.5942
-23.2272
-22.897
-23.1286
-22.6558
-22.6421
-22.6737
-22.2736
-22.169
-21.9608
-21.9683
-21.6457
-21.7145
-21.6783
-21.8675
-21.267
-21.2288
-21.4909
-21.0629
-21.0617
-20.941
-20.9836
-20.4337
-20.6152
-20.8368
-20.4868
-20.2802
-20.5833
-20.3608
-19.9575
-20.0499
-20.3096
-20.6479
-20.3198
-20.2382
-20.5087
-20.2951
-20.6198
-20.7653
-20.7834
-20.8211
-20.8321
-21.0543
-20.9012
-21.159
-21.1916
-21.0367
-21.185
-20.9452
-21.1684
-20.7998
-21.1103
-21.1943
-21.1808
-20.8646
-21.0078
-20.7175
-20.8983
-20.7214
-20.5826
-21.0652
-20.6525
-20.83
-21.0177
-20.8059
-20.9008
-21.2354
-21.0239
-20.7606
-21.0033
-20.9437
-20.9843
-20.5872
-20.8922
-20.6443
-20.658
-20.5769
-20.6813
-20.3969
-20.6855
-20.5852
-20.4755
-20.5366
-20.3672
-20.4312
-20.9268
-20.6336
-20.4359
-20.5292
-20.4817
-20.5599
-20.1236
-20.3255
-20.1985
-20.23
-20.252
-19.8485
-20.2541
-20.1325
-19.8341
-19.9818
-19.9692
-19.8248
-19.8863
-19.7809
-19.6121
-19.7296
-19.8719
-19.9788
-20.1486
-20.1798
-20.0568
-19.7606
-19.9379
-19.7499
-19.9862
-19.5724
-19.5459
-19.8954
-19.6156
-19.6247
-19.356
-19.9423
-19.6726
-19.2278
-19.7709
-19.7666
-19.7432
-19.8705
-19.6393
-19.6875
-19.6295
-19.46
-19.6957
-19.721
-19.4281
-19.5408
-19.7048
-19.6039
-19.3526
-19.4327
-18.9073
-18.705
-18.6705
-18.7639
-18.9787
-19.0922
-18.9466
-18.8003
-18.434
-18.5425
-18.7273
-18.1645
-18.3022
-17.9843
-18.6487
-18.1374
-18.1611
-18.0952
-18.0465
-18.0978
-17.9731
-18.0905
-17.8563
-18.0205
-18.1246
-18.4154
-18.1759
-18.0041
-18.3616
-18.5622
-18.0853
-18.2268
-18.1743
-18.0217
-18.3266
-17.8013
-18.3405
-17.8442
-18.0152
-18.2688
-18.2279
-18.4649
-18.341
-18.2915
-18.8273
-18.4146
-18.5732
-18.4154
-18.6188
-18.3529
-18.8031
-18.6653
-18.691
-18.5736
-18.7848
-18.4112
-18.5649
-18.2666
-18.8887
-18.6093
-18.4309
-18.3736
-18.1705
-18.4952
-18.4426
-18.6188
-18.3205
-18.4161
-18.1546
-18.2773
-18.3633
-18.6281
-18.7972
-18.0385
-18.6124
-18.4528
-18.042
-18.7356
-18.6256
-18.3922
-18.3492
-18.2568
-18.4874
-18.3467
-18.5724
-18.4247
-18.583
-18.4654
-18.7592
-18.4243
-18.1842
-18.2658
-17.6983
-18.14
-17.7684
-17.8155
-17.585
-17.3558
-17.2608
-17.5446
-17.382
-17.368
-16.9659
-17.1841
-16.895
-16.7032
-16.6966
-16.4171
-16.1309
-16.2026
-16.195
-15.9875
-15.9792
-15.7119
-15.1918
-15.2339
-15.3184
-15.587
-15.6051
-15.5094
-15.1078
-15.0737
-15.2292
-14.912
-14.8903
-15.0053
-15.0044
-14.4626
-14.5512
-14.5767
-14.9034
-14.7913
-14.3557
-14.2649
-14.3537
-14.2804
-13.9565
-13.8102
-13.6408
-13.7259
-13.2588
-13.2422
-12.9324
-13.3279
-13.0471
-13.1127
-12.8914
-12.8052
-12.9311
-12.6049
-12.3464
-12.4482
-12.2546
-12.245
-11.9633
-11.675
-11.3596
-11.4856
-11.5332
-11.2634
-11.3168
-11.1073
-10.9673
-10.7892
-10.571
-10.7507
-10.3832
-10.3072
-10.425
-10.1963
-9.82929
-9.68458
-9.60847
-9.09969
-9.23287
-9.18237
-8.69109
-8.98718
-8.85105
-8.59717
-8.59918
-8.33768
-8.29511
-7.77803
-8.227
-8.10599
-7.827
-7.63473
-7.28242
-7.8247
-6.85854
-7.05396
-6.77538
-6.60797
-6.65005
-6.207
-6.27623
-6.08676
-5.7734
-5.53923
-5.37538
-5.53708
-5.50326
-5.13221
-5.1103
-4.64792
-4.89562
-4.94283
-4.77357
-4.60979
-4.3197
-4.12784
-4.15398
-3.99216
-3.71765
-3.7939
-3.77041
-3.82625
-3.46712
-3.35309
-3.34822
-3.41884
-3.3547
-3.22542
-2.87725
-3.30178
-2.49746
-2.57774
-2.44892
-2.52925
-2.27262
-2.02301
-2.21088
-2.46403
-2.26058
-2.09356
-1.96413
-1.8181
-1.9755
-1.97873
-1.78148
-1.58363
-1.69499
-1.65963
-1.47448
-1.64372
-1.73115
-1.52827
-1.49197
-1.27641
-1.5317
-1.49263
-1.43601
-1.30729
-1.48368
-1.39111
-1.48486
-1.44006
-1.26742
-1.38674
-1.19356
-1.1568
-1.00593
-1.15649
-1.07577
-1.04014
-0.95225
-0.81527
-0.973274
-0.932619
-1.07521
-0.930542
-0.923535
-0.88092
-0.607285
-0.590419
-0.842496
-0.797241
-0.830771
-0.927609
-0.416797
-0.365563
-0.617105
-0.435914
-0.28686
-0.315387
-0.243571
-0.214366
-0.432502
-0.546934
-0.289863
-0.21564
-0.529774
-0.247626
-0.453697
-0.135942
-0.147177
-0.216563
-0.10875
-0.392581
-0.280522
-0.0625308
-0.161136
0.0643972
-0.058892
-0.18985
0.0572735
0.136165
0.178863
-0.0455919
0.00578131
-0.303628
-0.0236699
-0.09378
-0.246191
-0.0895219
-0.167404
-0.386363
-0.18538
-0.157967
-0.178102
-0.052498
-0.0648156
0.178615
0.219569
0.159162
-0.123375
-0.205045
-0.204358
-0.152343
0.116954
-0.11744
0.0727765
0.165692
-0.0189525
-0.0194941
0.129113
0.0685209
-0.11187
-0.256264
-0.274055
-0.276213
0.00903302
-0.222159
-0.0931247
-0.0257793
0.048689
-0.0506289
-0.276965
-0.0810962
-0.139237
0.0400497
-0.0287385
0.0789568
-0.152913
-0.112212
0.0529137
-0.035511
-0.267849
-0.16376
0.0825797
-0.10646
0.0743447
0.18768
0.102392
-0.417445
-0.36323
-0.332868
-0.0817474
-0.138098
-0.19226
-0.332024
0.169436
0.0742068
-0.0930098
-0.376035
-0.138749
0.101838
-0.169764
-0.0890232
0.134818
0.0174163
-0.0389704
0.140211
0.0460754
-0.0961331
-0.243902
-0.238884
-0.0506786
-0.385918
0.0318953
0.144003
-0.227329
-0.0989397
-0.0345493
-0.134099
-0.382393
-0.0642917
-0.0319545
0.101233
-0.0818253
0.185977
-0.14096
0.0486444
-0.0132573
-0.00365756
-0.128118
-0.353977
-0.247332
-0.0728198
0.0803248
-0.225078
0.378208
0.126899
0.0232761
-0.0894013
0.113413
-0.359755
-0.384876
-0.0243639
-0.00247879
-0.223605
0.110455
0.0369925
0.164533
0.15615
0.113292
-0.294119
-0.522066
-0.248718
-0.0428139
-0.0726032
-0.0972435
-0.00206517
0.145991
-0.140914
0.257506
-0.272278
0.141908
0.0320505
-0.050645
-0.196961
-0.123642
-0.0849104
-0.248482
-0.121323
-0.0454241
-0.223241
-0.361586
-0.188683
-0.0981854
-0.247266
-0.152161
0.0212091
0.113949
-0.073784
-0.0984363
0.429171
0.0966464
-0.204045
-0.155112
-0.141732
-0.0460778
-0.175394
-0.0936215
-0.0435013
0.0520256
-0.302015
0.138219
-0.200099
0.047234
0.126727
-0.0217497
0.0841202
0.0263661
0.121835
-0.186977
0.0606838
-0.222391
-0.323368
-0.0381306
-0.217633
-0.0589809
-0.199768
0.00707241
-0.101098
0.0594175
-0.148686
0.157166
-0.184585
0.142055
-0.21307
0.0160711
0.228798
-0.243229
-0.279576
-0.196391
-0.122788
0.266363
0.0189158
-0.131841
0.212184
0.00139831
-0.108183
0.0463838
0.103301
-0.0341649
0.236728
0.0542247
0.101299
0.159191
-0.0257448
-0.1672
0.144851
-0.00425128
0.269271
-0.231391
-0.123844
-0.240006
-0.252353
0.0484655
0.083016
0.12736
0.000209876
-0.201083
-0.248412
-0.173268
-0.00178232
0.0689957
-0.215136
-0.38741
0.0423114
0.0755857
0.325511
-0.0342055
0.0296993
0.116783
-0.276897
0.0419186
-0.218381
0.0959186
-0.0305533
0.101148
-0.239579
-0.186816
-0.345437
-0.129095
0.0177577
-0.294366
-0.389421
-0.199512
-0.0399228
0.0573848
0.32428
0.189098
-0.120577
-0.0341431
0.223072
-0.127481
-0.154405
0.173798
-0.257489
0.0770733
-0.475878
-0.0746191
-0.0445969
0.0905803
0.00271322
0.108386
0.234634
-0.0207074
-0.098253
0.00845712
-0.0378992
-0.249217
-0.0843251
0.111071
-0.250912
-0.197069
-0.219616
-0.102728
-0.188864
0.0800548
0.02175
-0.206628
-0.0174909
-0.254068
-0.0868516
-0.119834
-0.246645
-0.125295
0.104032
0.0260704
0.165311
-0.0251873
-0.278613
-0.478478
-0.350155
0.115729
-0.060161
0.280027
-0.152492
0.0963132
0.108564
0.025388
-0.08147
-0.161635
-0.327916
-0.165128
-0.198668
-0.29785
-0.543974
0.164991
-0.0173334
-0.244807
-0.00969289
-0.0806077
-0.241937
-0.0693098
-0.0674143
-0.348901
0.110142
0.0450934
-0.249511
-0.101652
-0.484464
0.0979582
-0.223841
-0.388564
-0.180811
-0.186594
0.0735926
-0.267535
-0.229352
-0.151151
-0.238978
0.00925263
-0.0670125
-0.136226
-0.051432
-0.280099
-0.2494
0.093433
-0.181567
-0.700592
-0.356644
-0.610738
-0.480412
-0.365459
-0.40686
-0.289806
-0.223194
-0.405862
-0.482941
-0.259872
-0.383806
-0.472122
-0.419722
-0.0926795
-0.253406
-0.0949624
-0.302964
-0.277981
-0.270165
-0.723174
-0.393524
-0.333464
-0.116359
-0.280801
-0.17993
-0.20161
-0.309815
-0.372181
-0.0437224
-0.00155829
-0.397209
-0.0657373
-0.231192
-0.0586884
0.000298389
-0.341187
-0.437038
-0.262989
-0.277882
-0.269068
-0.0407966
-0.301932
-0.00267649
-0.0198787
-0.330617
-0.387774
0.0297771
-0.146567
-0.307837
-0.364243
-0.233397
-0.434356
-0.0593354
-0.621102
-0.177468
-0.286965
-0.351672
-0.381944
-0.389921
-0.307709
-0.211317
-0.246955
-0.274947
-0.32665
-0.315544
-0.287784
-0.50286
-0.165349
-0.163649
-0.289935
-0.121799
0.0761073
-0.495016
-0.289592
-0.194854
-0.229464
0.221203
0.00239667
0.0441826
-0.049853
-0.352013
-0.0851948
-0.209149
-0.235308
0.0942853
-0.0474787
-0.233097
-0.133864
0.117164
-0.013613
-0.204293
0.0784978
0.351276
-0.0852974
-0.37073
0.0930613
-0.228258
-0.366584
-0.0559857
0.290138
0.148139
-0.13817
0.204321
0.0267787
-0.250428
0.00138781
0.0468645
0.224692
0.118267
-0.0167148
0.336133
-0.213471
0.102056
-0.180977
-0.0347123
0.194289
0.138224
-0.089787
0.000359501
-0.327388
-0.26531
-0.477667
-0.0611152
0.0652612
-0.286816
-0.0535572
-0.369549
0.0526573
-0.0181576
-0.275327
-0.541575
-0.104754
-0.236073
-0.167506
-0.165685
-0.0965554
-0.0743548
-0.0771819
-0.396782
-0.243922
-0.251637
-0.1439
0.00851267
-0.0875795
-0.334594
-0.0975653
-0.222297
-0.406171
-0.150055
0.138139
-0.126356
-0.0677485
-0.513297
-0.102487
-0.288478
-0.481973
-0.572942
0.00169424
0.145798
-0.241202
-0.210667
-0.105634
-0.220204
0.0023484
-0.257603
-0.529019
-0.244405
-0.3691
0.00156018
-0.2496
-0.210119
-0.38219
-0.229112
0.115113
-0.175714
0.0919877
0.105665
0.0476176
0.0618231
-0.27406
0.280561
-0.135979
0.0713273
0.153023
-0.26711
-0.0640881
0.0064342
0.0175632
-0.262773
0.117856
-0.235546
0.0766287
-0.253917
-0.10345
-0.426221
-0.202151
-0.114444
-0.178619
0.229311
-0.0642515
-0.208771
-0.232319
0.155131
-0.125165
-0.209084
-0.100666
-0.182604
-0.275977
-0.237779
-0.354848
-0.296785
-0.213445
-0.318373
-0.209165
0.0103766
-0.0488216
-0.290128
0.0366145
-0.295682
-0.172958
-0.387118
0.0671278
-0.061576
-0.0457118
-0.344546
0.0297421
0.00736139
-0.217517
-0.363464
0.12761
0.0710681
0.0434466
-0.131214
-0.174139
-0.264441
0.0141698
-0.386523
-0.336988
-0.297484
-0.36678
-0.091673
-0.459472
-0.186774
-0.0775602
-0.197831
-0.0271337
-0.0630382
-0.102632
0.0693257
-0.0525696
-0.02046
0.103702
-0.0983042
-0.153956
-0.026279
-0.309786
-0.17309
-0.117516
-0.0754394
-0.0507812
-0.194312
-0.0885213
-0.322481
-0.0070266
-0.0689428
-0.0114706
-0.29874
0.162946
-0.0353264
-0.526209
-0.0295167
-0.0438973
-0.22169
0.0325515
-0.0761763
-0.102598
-0.316379
-0.380048
-0.184034
-0.296229
-0.356585
0.0255139
-0.365023
-0.319297
0.0155675
-0.456994
0.0323498
-0.419046
-0.0360122
0.210088
-0.101944
-0.253421
0.0130642
0.140411
-0.0760171
-0.276677
-0.256273
-0.0157492
-0.159832
-0.275262
-0.308824
-0.402241
-0.197603
-0.307134
-0.192419
-0.0990943
-0.0210593
0.0660768
-0.245027
-0.580893
-0.182307
-0.126989
-0.0194624
-0.257472
-0.0805242
0.0261869
-0.42309
-0.241307
-0.127228
-0.379532
-0.0124394
-0.146395
-0.346709
-0.0548867
-0.230125
0.0803236
-0.218315
0.00753586
-0.162456
-0.357658
-0.164101
-0.11328
-0.51468
-0.199319
-0.124711
-0.155313
-0.157029
-0.094605
-0.220514
-0.124462
-0.331901
-0.205667
-0.327468
-0.198881
-0.254659
-0.186309
0.0134761
-0.13079
-0.123506
-0.369125
-0.469131
-0.238737
-0.316528
-0.0182687
-0.133626
-0.387647
-0.180702
0.000366883
-0.425411
-0.14596
-0.349345
-0.208523
-0.285965
-0.0218585
-0.178001
-0.342417
-0.206118
-0.136105
-0.0641609
-0.0401616
0.18577
0.00109711
-0.127987
-0.154854
0.0205404
-0.246864
0.0438051
-0.137494
0.153985
-0.0625651
-0.0496752
-0.172652
-0.0654834
-0.369003
-0.0139564
-0.318764
-0.318199
-0.237024
-0.303092
-0.135676
0.0111864
-0.226964
-0.193185
-0.422117
0.0127778
0.0648944
0.038933
-0.0191003
-0.0747756
-0.0406298
-0.178378
-0.450563
-0.257608
-0.350579
-0.313066
-0.153004
-0.0167584
-0.267247
-0.022444
-0.00394471
0.0694553
-0.0899965
-0.0533345
0.0673388
-0.107386
-0.168502
-0.0414357
-0.148525
-0.194129
-0.0339657
0.0418678
-0.121562
0.21508
-0.0301448
-0.00377592
-0.143023
0.284351
-0.149907
-0.501334
-0.0569227
0.0900778
-0.119256
-0.0425403
-0.184066
0.146628
0.0117285
-0.124927
-0.415156
0.144647
-0.285716
-0.156412
-0.170954
-0.292991
-0.381251
-0.271298
-0.1146
-0.34119
-0.373892
-0.197798
-0.0698854
-0.390012
-0.0815628
0.0150046
-0.135151
-0.0934914
-0.0450108
-0.19158
-0.263096
-0.34016
0.0475656
-0.301018
-0.13406
-0.189162
-0.308823
-0.272751
-0.236882
-0.1391
-0.339068
-0.0275752
0.0602859
0.129638
0.0509687
-0.214707
-0.202792
0.19222
-0.111014
-0.244905
-0.0431021
-0.132177
-0.277572
-0.360821
-0.170611
0.0101639
-0.00216103
-0.139125
-0.223594
-0.331237
-0.309887
-0.277888
-0.0246669
-0.282128
-0.121911
-0.294139
-0.238535
-0.312763
-0.211939
-0.55556
0.14349
-0.487417
-0.159452
-0.202798
-0.388044
-0.107135
-0.249179
-0.189874
-0.164143
-0.216277
-0.480278
-0.290189
-0.194805
-0.0486161
-0.217535
-0.505763
-0.030291
-0.287181
-0.19971
-0.226961
-0.481001
-0.237942
-0.20631
0.0149292
-0.0487795
-0.0400034
-0.486817
-0.176262
-0.0166352
-0.195387
0.120119
-0.205945
-0.00691001
-0.211073
0.045528
-0.183776
-0.0858185
-0.165881
-0.125825
-0.161297
-0.117528
-0.329838
-0.185388
-0.230533
-0.0824067
-0.0724481
-0.0703728
-0.309491
-0.0135944
-0.0871262
0.0426682
-0.0884038
-0.38929
-0.132613
-0.169162
-0.2785
-0.434229
-0.379371
-0.444731
-0.183956
-0.305664
-0.557122
-0.301926
-0.0477743
-0.281546
0.0918467
0.0825664
-0.246056
-0.154903
-0.384956
-0.090745
-0.016427
-0.0042514
-0.150922
-0.344298
-0.145872
-0.121286
-0.131947
-0.224077
-0.513879
-0.0380387
-0.288733
-0.0733936
-0.136746
-0.14126
-0.0653722
-0.0562194
-0.316452
-0.0135107
-0.417873
-0.231944
0.178174
-0.222533
-0.216833
-0.196424
-0.364109
-0.639567
-0.212291
-0.255946
-0.0430744
-0.429033
-0.0599155
-0.19784
-0.232141
-0.0543553
-0.0353855
-0.0968378
-0.142602
-0.119317
-0.191514
-0.146156
-0.321549
-0.241072
-0.138503
0.0108962
-0.150012
-0.00723674
-0.359314
-0.0989281
-0.452616
-0.222878
-0.25638
-0.231659
0.107087
-0.154552
-0.0739618
-0.194012
-0.640676
0.203362
-0.267842
-0.171611
-0.346522
-0.0554637
0.108652
-0.199462
0.0461045
-0.0224913
-0.329772
-0.0842203
-0.145757
-0.0532941
-0.0535702
-0.292329
-0.352678
-0.249436
-0.518078
-0.0619723
-0.16672
-0.167986
-0.0198544
-0.204229
-0.00185583
-0.0740092
-0.04658
-0.0386951
-0.126743
-0.0986187
-0.144139
-0.369912
-0.204779
0.0352201
-0.13352
-0.0449465
-0.0657791
-0.203098
-0.0860814
-0.17074
-0.245581
-0.164394
-0.368709
-0.49405
-0.104796
-0.484009
-0.138687
-0.124347
-0.279155
-0.318503
-0.571994
-0.279805
-0.0380983
-0.397255
-0.215173
-0.13916
-0.0822863
-0.226208
0.114809
0.010632
-0.33517
-0.1856
-0.277088
-0.0409993
0.192152
-0.167851
-0.172933
-0.505355
-0.0140456
-0.155813
-0.0488468
0.016217
-0.10658
-0.413571
-0.126046
-0.307538
-0.264689
-0.0600116
-0.148312
-0.00277973
-0.369904
-0.0493285
-0.192898
-0.0148531
-0.435771
-0.340062
-0.316067
-0.338509
-0.155893
-0.264497
0.300447
-0.521562
0.073685
0.00385584
-0.093496
-0.00931846
-0.205251
-0.207164
-0.317658
-0.230978
-0.242982
-0.194035
-0.281396
-0.134262
-0.160227
-0.130037
