-0.0584551
-0.0968716
-0.0176766
-0.195978
0.194842
-0.225243
0.196683
-0.135223
0.541629
0.294702
-0.46529
-0.119545
-0.0926317
-0.0324424
0.0862352
0.284866
0.0148226
-0.00700808
-0.108221
0.241139
0.0332291
0.275126
-0.107293
0.0582746
0.157794
0.217089
0.179125
0.0531772
0.127278
-0.247113
0.332052
0.305411
0.108495
0.0359857
-0.041753
0.281398
0.0342851
0.000498745
0.169693
0.139453
-0.0151438
0.118377
0.148232
-0.0241803
0.220114
-0.18416
0.290019
0.0225471
0.114511
0.0957445
0.377687
-0.156733
-0.0269543
0.000856231
-0.0819397
-0.0865336
0.0429318
-0.0968089
-0.101874
0.139922
-0.0333947
0.0485612
-0.0970266
0.0304992
-0.00243597
-0.19615
0.0618928
-0.00527793
0.055628
-0.153105
-0.0553203
-0.049191
0.129735
0.050316
0.553808
-0.1419
0.0204432
0.0585234
0.259286
0.0941052
0.127419
-0.291502
0.168299
-0.140115
0.249049
0.166068
-0.0484397
-0.0402181
0.173258
0.215638
0.0250997
-0.0298704
0.233003
0.160246
-0.168942
0.0929388
0.191381
-0.032565
0.170457
-0.0730939
0.292202
-0.0141536
-0.254754
0.165704
0.102496
-0.176344
0.0440923
0.0708145
-0.0722639
-0.0423574
0.269567
-0.00878601
0.0153737
0.019373
0.213141
0.070657
0.0874138
0.00257282
-0.285859
0.167084
0.311486
0.311486
0.311486
0.0171761
0.18021
-0.238587
0.179819
-0.0884397
-0.0180697
-0.0465523
-0.0412022
-0.272959
0.2951
0.0127222
-0.102239
0.0299231
0.174277
0.00859153
0.27487
-0.143045
-0.0153107
0.303147
0.0674265
0.265924
0.189689
0.211855
0.015429
-0.124868
0.121881
0.0795505
-0.172241
-0.166067
-0.00814768
-0.12451
-0.0300054
0.0687044
-0.0302778
-0.242518
-0.161289
-0.0684522
0.441772
-0.086609
0.0435619
0.10339
0.0854073
-0.0943297
-0.00618729
-0.287659
-0.0427329
0.188576
-0.415167
0.0486717
0.0103371
-0.224184
-0.0379546
-0.365124
0.242773
0.0711715
-0.0865911
-0.125128
-0.224949
0.162314
0.175305
-0.286087
-0.155451
0.347405
-0.187014
-0.105429
-0.0152187
0.0675128
-0.13941
0.119461
0.343795
-0.171946
0.109321
-0.460894
-0.137625
-0.202338
0.0241783
-0.0931086
0.0840719
0.0907881
0.25083
-0.136836
-0.0225773
-0.234378
-0.118649
-0.0325938
-0.148002
0.0393799
-0.0476346
-0.0355193
-0.0572624
-0.181188
-0.0783195
0.0863841
-0.0118312
0.303033
-0.112126
0.469607
-0.00502847
-0.335743
0.00787847
0.19927
0.208105
0.277611
0.108989
0.254607
0.0824741
0.0800711
0.186853
-0.167024
0.12098
-0.0148153
0.0425662
-0.110395
0.061374
0.139587
-0.0286674
0.178758
-0.0853085
-0.0929662
0.136662
0.182414
0.0869574
0.0225957
-0.00906881
-0.0200714
-0.248216
0.0263984
0.0687518
0.188926
-0.0478107
0.0911865
-0.0211215
0.122004
0.150889
0.100443
-0.179042
-0.131948
0.0444157
0.163073
-0.0541593
0.0717016
-0.41824
0.165702
0.124195
-0.0290088
-0.149378
-0.178099
0.0558019
-0.162367
-0.174347
-0.117654
-0.0327905
0.0418979
0.1605
-0.265034
-0.271346
-0.175974
-0.120449
0.192655
-0.122235
0.074037
-0.327157
-0.31839
0.0265244
-0.298549
-0.0849325
-0.180912
-0.196857
-0.168699
-0.0210979
-0.245186
0.029554
-0.0290007
-0.0915016
-0.120828
-0.208038
-0.0144714
-0.329261
-0.0514174
-0.101535
-0.135167
-0.271154
-0.149224
-0.238653
-0.222224
0.11187
-0.0835047
-0.215021
-0.0292469
-0.179938
-0.012866
-0.156
0.0244548
-0.0111399
0.0844554
-0.139596
-0.0819292
-0.0455743
-0.368224
-0.35609
-0.348218
-0.078292
-0.117112
-0.0442569
-0.0470267
0.179171
-0.00981957
-0.0907578
-0.0923982
-0.0164607
-0.177103
-0.100464
0.0944918
-0.235653
0.0618775
-0.0962048
0.244695
0.11169
0.0903492
0.0863539
-0.0513159
-0.220411
0.0117663
-0.0187886
-0.302606
0.113544
0.00837301
0.00750054
-0.323815
0.00260522
-0.0235814
-0.0828461
-0.114136
-0.0275498
0.0810312
-0.237471
0.0138076
-0.135728
0.152885
-0.416192
0.0902373
-0.0702119
0.0384645
0.13641
0.121566
0.068359
-0.176135
-0.136692
-0.134433
-0.347916
-0.254995
-0.01592
0.0584297
-0.134922
-0.12092
0.0957117
-0.00850703
-0.203504
-0.125509
-0.170059
-0.0623721
0.0212991
-0.077469
0.129214
-0.200289
-0.0850804
0.0946908
0.070752
0.119001
0.259959
-0.161488
-0.271811
-0.0808305
-0.033841
-0.270996
-0.192483
0.276281
0.107229
-0.206386
-0.135479
0.0181378
0.0315124
0.00901748
0.111674
0.11622
0.231605
0.0849149
0.402082
0.0797745
0.144834
-0.209416
-0.265536
0.0952898
0.0111224
-0.0237012
-0.33114
-0.177656
0.0487045
0.108393
0.0858148
-0.077572
0.0545164
0.0638659
0.184031
0.0191817
0.193851
0.329489
-0.0207196
-0.129385
-0.0888817
0.220307
-0.204621
-0.081326
-0.0161381
0.00807808
-0.069228
0.139458
-0.0806706
0.0288865
0.364159
0.0150453
-0.212761
-0.178505
0.0699006
0.280033
-0.118217
0.205848
0.0652063
-0.148595
0.0285566
-0.010649
-0.178892
-0.078939
0.0283601
0.0137966
0.0819102
0.042177
0.326485
-0.114324
-0.0339127
0.305936
0.120569
0.121961
0.0845748
-0.1048
-0.372449
-0.250036
0.0207075
-0.109382
0.121823
-0.202111
-0.289092
-0.032614
-0.192441
0.176656
-0.0635742
-0.00606812
0.380183
0.176985
0.136075
-0.0553579
0.474897
0.212175
0.107492
-0.0618233
0.216491
0.470039
0.113453
0.0896142
0.309612
0.134047
-0.043505
0.387622
-0.127736
-0.0143704
0.110826
0.112873
0.269396
0.0919538
0.167851
0.23688
-0.106065
0.0893614
0.0838285
-0.283445
-0.0876576
0.0766457
0.51918
0.0480625
0.307821
0.016921
-0.0818742
0.331569
-0.0930129
-0.0595613
0.0329063
0.0419466
-0.204854
-0.170289
0.288254
-0.0264211
0.118387
-0.0278468
0.0451834
0.0622447
-0.0960413
0.39332
0.131219
-0.218641
-0.136306
0.0103353
0.219128
-0.0225971
-0.0635815
-0.118966
0.0880337
0.086465
-0.0735388
0.00562774
0.057695
0.000504492
-0.283911
-0.0294021
0.0787941
0.21383
-0.405405
0.233118
0.302729
-0.244277
0.0562098
0.00508973
-0.137607
0.328394
-0.202043
0.0640279
-0.189093
0.0805935
0.130301
-0.0769647
-0.140655
-0.160061
-0.0495376
0.246042
0.0952995
0.103969
-0.0625925
0.096736
-0.172035
-0.0737406
-0.261737
-0.170719
0.211223
0.268143
-0.104193
-0.150413
0.0210374
0.0768612
0.163435
-0.0784046
-0.262955
-0.0769804
0.00989697
0.0263538
-0.0799468
-0.436296
0.103339
-0.295611
0.00336261
0.00181233
-0.42875
-0.35161
0.0188349
-0.153284
0.105825
-0.274466
-0.0811059
-0.134897
0.214107
-0.269991
0.116726
-0.480251
0.145019
-0.428982
-0.287667
-0.326669
-0.00869399
-0.163267
0.030357
0.18805
0.316289
-0.0279167
-0.132855
-0.163855
-0.00717063
-0.0423677
0.101825
-0.00460888
-0.172329
-0.156536
0.160813
0.0498954
0.0763358
-0.103004
0.139798
-0.12884
-0.145419
0.0815628
-0.0977675
0.047409
-0.260593
-0.0426749
-0.246379
0.0991993
0.0123098
-0.0889975
-0.146704
-0.435994
-0.377118
0.18109
-0.107542
-0.0767671
-0.120831
0.0801019
-0.295113
-0.205858
-0.303327
-0.0463382
-0.0309883
-0.116986
0.157116
-0.178809
-0.103271
-0.027683
-0.0438632
-0.121301
0.0231462
-0.0741005
0.00340914
-0.239281
-0.249943
-0.215295
-0.463884
0.0777984
-0.301987
0.0240034
-0.00400399
-0.30537
-0.340608
0.172164
-0.130646
-0.194785
-0.284076
-0.0439925
-0.364353
-0.0269337
-0.0771165
-0.332238
-0.129501
-0.109537
-0.216357
-0.150022
-0.274152
-0.0976611
-0.0800987
-0.156345
-0.10611
0.210919
-0.112924
0.0437577
-0.248086
0.296288
0.0182034
-0.129278
-0.0235742
0.0743266
-0.324008
-0.149234
-0.0846017
-0.211276
0.178087
-0.0900492
-0.217202
-0.0854518
-0.0985033
-0.0388312
-0.103569
-0.185193
0.137896
0.162425
-0.0770197
-0.207619
-0.172271
0.102468
0.0424181
0.0814623
0.115391
0.013038
-0.135213
-0.0635759
0.0749628
-0.0430192
-0.146456
-0.0687966
-0.0374575
-0.158214
0.155604
-0.336107
0.156051
0.195646
0.224673
-0.1476
-0.336891
0.0212744
-0.36201
0.0103974
0.374231
-0.0429268
0.174772
-0.00660223
-0.214474
0.129712
0.092109
-0.0621599
-0.075471
-0.00707901
0.0167618
0.122343
0.0895427
0.0981865
0.0448532
0.0697695
-0.0509797
-0.0133593
0.0409806
-0.0718623
0.0383878
-0.0730441
-0.235503
0.111127
-0.149878
0.0483819
0.0321507
0.231501
0.11042
-0.0520277
0.131574
0.0235932
0.144839
0.0358281
0.224561
0.0434544
-0.173495
-0.0222626
0.281974
-0.0359138
-0.0390689
-0.0142863
-0.249849
0.186955
0.412205
-0.00327083
-0.173327
-0.0194155
0.190917
0.104154
-0.0862462
-0.0281894
0.0860549
-0.106037
-0.116908
0.0897721
-0.145996
0.123735
-0.0683979
0.110165
0.0748898
0.0645235
-0.0523018
0.0559126
-0.10565
0.111769
0.292471
-0.215891
0.436616
-0.163247
0.0684719
0.141718
-0.158808
-0.0459896
-0.134323
0.0547794
0.0130222
0.0196256
0.0158715
-0.0753662
0.235492
0.217783
-0.280431
0.0902687
0.0188938
0.0164917
0.196626
0.0516206
-0.0663995
-0.198351
-0.0923978
-0.050805
0.0806325
-0.456585
0.0543255
-0.275806
0.0367123
0.0726994
-0.115111
-0.113102
-0.0325943
0.0115451
-0.179694
-0.164326
0.184959
0.0336189
0.21934
-0.085964
0.133565
0.0683218
-0.0178335
0.0151816
0.0135696
0.117201
0.0258227
-0.0443167
0.149843
-0.0732777
-0.0730164
-0.107657
-0.040631
0.403677
-0.292682
0.194614
-0.0716407
-0.0681303
-0.263166
0.010936
0.133917
-0.0798283
0.0355417
0.179451
0.0862885
0.015406
-0.201831
0.344073
-0.0598195
0.0880306
-0.0433779
-0.0764291
-0.0342288
-0.0832559
0.301866
0.156728
-0.114034
0.268775
-0.105451
0.522464
-0.282146
0.172143
0.604856
-0.135917
-0.227758
0.0731882
-0.064328
0.145668
0.108822
0.0133795
0.107857
-0.0695158
0.0589288
-0.15599
-0.127663
0.0173782
-0.347307
-0.159202
0.137696
-0.113554
-0.110849
-0.140929
-0.13436
0.211708
0.253268
0.110618
0.202985
-0.12844
-0.101106
0.453762
0.175265
0.00718529
0.0484819
0.0666933
0.0844805
0.0864103
0.253159
-0.0510193
0.0983464
-0.101143
0.0111154
0.0629813
-0.233027
0.279331
0.169562
0.120524
0.464172
-0.134353
0.238511
0.266342
0.308974
0.235011
0.0626814
0.151097
0.119108
0.146539
0.233738
-0.0113879
0.0430234
0.164877
0.340942
0.400839
0.132757
0.153349
0.325458
0.105672
0.00454075
0.0121807
0.225126
0.154215
0.174204
0.0609338
0.290946
0.156397
0.278992
-0.0455826
-0.162519
-0.173237
0.200954
0.0924951
0.0905056
0.181288
-0.0599725
0.217695
0.105215
0.0244806
0.0381816
0.107301
0.116053
0.198652
-0.0968389
-0.0585555
0.270677
-0.232082
-0.102673
0.0355946
0.127505
0.169188
-0.0357363
0.191478
0.0775973
0.285741
-0.105972
0.466051
0.247996
0.321716
0.219435
-0.331351
0.326364
-0.0116726
0.340317
0.392756
0.0128425
0.341042
0.162101
0.0891179
0.0260291
0.00106719
0.206732
0.138024
0.192848
0.0244491
0.598796
0.299951
0.307063
0.261696
0.432861
0.0345054
0.180853
0.000472265
0.215348
0.124362
0.0918579
0.47532
0.557325
0.113073
0.104949
0.240401
0.344776
0.115955
0.272021
0.101709
0.0321163
0.0197943
0.236414
0.0864373
0.0385388
-0.10868
0.133818
-0.0587986
0.141207
0.0509754
0.0338656
0.0915479
-0.0439347
0.167482
0.00202548
0.30124
0.111382
0.260571
0.1386
0.0918011
0.206697
0.0963094
0.175015
-0.0575575
-0.0324561
0.388817
0.0409494
0.0738049
-0.124174
0.0110668
-0.0201004
0.121658
0.148479
0.179739
0.0765272
0.147191
0.141051
0.225006
-0.100823
0.278023
0.0443307
-0.26015
-0.159416
0.157836
0.0671146
0.0129316
0.079571
-0.181886
0.135808
-0.0902216
0.216135
-0.268459
-0.101376
0.336956
-0.0246982
-0.00158519
-0.0738649
0.0973665
0.0681953
0.188189
0.445522
0.216846
0.298923
0.509309
5.92607e-05
0.0335588
0.0253849
0.210868
0.149638
0.0873593
0.171107
0.0317518
0.128405
-0.0246197
0.177146
0.300829
0.0719281
-0.135731
-0.0321795
-0.0234792
-0.0148497
-0.0223362
0.155241
-0.104739
0.249679
-0.0991778
0.347726
-0.15272
0.189589
0.197089
-0.0203148
0.0287538
-0.0416225
0.105144
-0.0794061
0.138174
-0.250163
-0.000518386
0.0678248
0.114006
-0.0591563
-0.00240299
-0.110131
0.07159
-0.0374802
0.338876
0.193608
0.234482
0.233714
0.123061
-0.0557302
-0.0647444
0.0778322
-0.279135
-0.125094
0.353322
0.144386
-0.178275
-0.00107044
0.265226
0.150329
0.140928
-0.0188322
0.187903
0.172415
0.233694
0.214322
0.210748
-0.0236698
-0.0840754
-0.00470184
0.0989062
0.211787
0.0926859
0.0590386
0.0587988
0.165169
0.0176218
0.0354225
-0.0514437
-0.043958
-0.147521
0.210215
-0.127083
0.11813
-0.0571828
-0.109838
-0.21725
-0.159485
-0.0171795
-0.0527289
-0.0237296
0.302238
-0.0187407
0.0947189
0.286897
-0.0644425
-0.207517
-0.0777102
0.150027
-0.155212
-0.130112
0.148478
0.0995373
0.10772
-0.00289778
-0.0984216
-0.247754
-0.0248887
0.117009
-0.107154
-0.256986
-0.129683
0.143304
-0.0310413
-0.106154
-0.0436222
-0.0659813
0.0628788
-0.466083
-0.0678813
0.0349022
-0.321198
0.0228814
-0.118975
0.00943869
-0.181574
-0.151574
-0.100352
-0.118075
-0.170806
-0.297983
-0.0567267
0.00618738
-0.0955761
-0.107447
0.108818
-0.00629628
0.00506887
0.00717377
0.0624572
-0.181292
0.0928726
-0.14452
-0.0966181
0.0134552
-0.0323561
-0.204981
-0.172124
0.2067
-0.0590594
-0.0975754
0.190064
-0.125802
-0.259125
0.0652962
0.159082
0.112923
-0.259258
0.149696
-0.100044
-0.0606754
0.235273
-0.0329619
0.00416155
0.116857
0.372761
-0.148555
0.134282
0.268289
-0.273457
-0.19956
0.125346
0.0987193
-0.360539
0.0505379
-0.0334998
-0.281431
0.156494
-0.188113
0.0103723
-0.113604
0.330621
-0.0620826
0.12306
0.040269
0.0430354
0.297202
-0.0146543
0.181161
0.0466531
-0.11287
-0.213387
-0.0345446
-0.0234567
-0.0787415
0.10026
0.168493
0.0165681
-0.225171
0.468098
0.00860899
-0.249694
0.0498353
0.441209
-0.102544
-0.0454106
-0.154653
0.166476
0.0760454
-0.13191
-0.132429
0.222444
-0.113985
-0.123781
0.261007
0.0187162
-0.0751799
-0.0161468
0.427221
-0.0454738
0.215383
0.121436
0.285732
0.367679
0.166508
0.108908
0.138413
0.0721504
0.15024
-0.129361
-0.190658
-0.0544961
0.0586538
0.0157729
-0.208756
0.00480133
0.292234
0.0558392
0.24686
0.0600116
-0.0591222
0.017061
0.169323
-0.0512912
-0.127214
0.254828
-0.180206
-0.110379
0.000848073
-0.156683
0.235393
0.139096
0.148778
0.113782
0.0318577
0.0729635
-0.00436726
-0.015675
0.527936
0.065819
0.348055
-0.128616
-0.00296055
-0.135071
-0.0374751
0.0175346
0.0590714
0.151908
-0.0435785
0.0463277
0.283596
0.0439935
-0.027856
0.170957
0.110898
-0.0964675
0.159426
0.171883
0.243666
0.133331
-0.142057
0.209687
0.210973
0.208239
-0.213141
-0.0290754
0.024653
-0.00461403
0.0117908
0.244413
-0.0419749
0.0401104
0.056326
0.116674
0.320445
0.167517
0.217286
0.149609
-0.159866
0.112607
-0.20069
-0.0407617
-0.020405
0.0288004
0.0361852
0.35672
0.164035
0.286954
0.237183
0.268359
0.0988113
0.114586
0.250544
0.0379606
0.105409
0.135986
-0.129359
-0.0588731
0.429092
0.287995
-0.115642
0.169776
0.345854
0.0103518
0.0382855
0.00805076
-0.15029
0.178338
0.0150578
-0.13233
-0.319286
0.049988
0.28352
0.276625
0.111218
-0.10788
0.41433
-0.0942595
0.183994
-0.217662
0.189489
0.172317
0.40257
0.0272431
-0.0126596
-0.38987
-0.0612347
0.645664
0.337269
-0.301225
-0.0810454
-0.340042
-0.0762168
0.390344
0.281562
-0.196606
-0.0258784
0.230513
-0.134298
0.108478
-0.25221
0.442052
0.0336084
0.0438571
-0.100618
0.0511518
0.379686
0.433627
-0.406546
-0.111981
0.614801
0.344884
-0.558924
0.0672809
0.365221
0.107766
-0.349266
-0.211152
0.728898
0.580875
-0.386471
0.0880944
0.722871
-0.0389322
-0.890544
0.401774
0.583029
-0.688544
-0.0614638
-0.28331
-0.274061
0.37205
0.385082
-0.609391
0.143969
1.09416
-0.583211
-0.320189
0.245527
-0.415997
-0.0817955
-0.0578446
0.000386811
-0.376223
-0.301256
-0.0597932
-0.20214
-0.0977263
0.0674934
-0.200513
-0.0262095
-0.242019
-0.406913
0.0176294
-0.0498716
-0.085887
-0.110064
-0.272596
-0.298108
-0.100087
-0.30789
-0.184588
-0.150847
-0.0699021
-0.36762
-0.102314
-0.594659
-0.0458844
0.107494
0.258532
-0.122867
0.0905011
-0.292949
-0.0966059
0.00546735
0.103862
-0.411306
-0.189194
-0.152627
0.0488482
-0.109633
0.0832137
-0.0959166
-0.215578
-0.0886119
0.0524795
-0.0629226
-0.235611
-0.224397
-0.51902
-0.174126
0.0688704
-0.041819
-0.33183
-0.115351
0.166223
-0.492532
-0.583639
-0.12456
0.292379
-0.403221
-0.188996
0.646859
0.343187
-0.556405
0.231683
0.254268
-0.609525
-0.394379
0.36614
0.382115
-0.0827029
-0.134366
-0.146425
0.199563
-0.0690597
0.0716278
0.634571
0.159278
-0.597609
0.373649
-0.0209195
-0.707737
-0.511763
0.039799
-0.452144
-0.346446
0.20498
0.0516951
-0.324983
-0.683534
-0.567302
-0.600014
-0.300516
0.261079
0.180389
-0.231135
-0.347924
-0.124102
0.456913
-0.401272
-0.106605
0.203533
-0.235295
0.405169
-0.0533566
0.0836321
-0.144738
-0.602652
0.323001
0.42614
-0.516638
0.150311
0.183226
-0.846916
-0.551038
0.325135
-0.296415
-0.694148
-0.119608
-0.350978
-0.48341
-0.455298
-0.238259
-0.32643
-0.545767
-0.551093
0.160599
-0.373421
-0.478142
-0.553939
0.539156
-0.818839
-1.01947
0.227338
0.285913
-0.678603
-0.258152
0.240108
0.081952
-0.785873
-0.331312
0.626169
-0.388434
-0.0861634
0.370233
0.0219203
-0.293135
-0.0046671
-0.25897
-0.628703
0.00393022
0.161674
-0.64599
-0.069797
0.484964
-0.633461
-0.494662
0.620114
0.491852
-0.367678
0.0206301
0.136754
0.168874
-0.141461
-0.294539
-0.0780598
-0.293741
0.124172
-0.0438511
-0.206995
-0.335904
0.209884
0.125661
-0.0106626
0.158746
0.204123
0.0706417
0.484259
0.354346
0.179563
0.0734515
0.166152
-0.0127759
-0.487623
-0.393073
-0.168498
-0.479796
-0.470906
-0.510166
-0.800959
-0.721682
-0.689382
-0.282855
-0.637949
-0.403368
-0.331922
-0.711559
-0.684368
-0.749709
-0.297319
-0.198751
-0.232833
-0.461633
-0.356755
-0.098321
-0.172457
-0.499915
0.304531
0.0393276
0.362755
0.357036
0.158744
-0.111637
0.374683
0.178357
0.0246314
0.571656
0.288858
0.330797
0.338856
0.349673
-0.0486914
-0.0221752
0.162543
0.451252
0.319633
0.25754
-0.201744
-0.346171
0.0431097
-0.25824
-0.0566135
0.388648
-0.0285419
0.214929
-0.0444628
-0.280834
0.194187
-0.0533567
0.145432
-0.35343
-0.472912
-0.517352
-0.765185
-0.0309855
-0.189022
-0.477804
-0.290279
-0.240959
-0.4371
-0.562141
-0.597615
-0.26426
-0.563453
-0.564411
-0.579378
-0.391951
-0.959834
-0.496394
-0.787094
-0.707678
-0.514935
-1.0525
-0.994077
-0.862108
-1.05749
-1.25641
-1.1208
-1.30043
-1.16977
-1.22712
-1.3613
-1.19111
-1.10359
-1.19467
-1.20248
-1.43013
-1.49612
-1.21074
-1.43598
-1.02676
-1.2506
-1.10154
-1.3043
-1.70416
-1.24267
-1.5383
-1.54493
-1.76664
-1.63646
-1.89754
-2.163
-1.82158
-1.993
-1.70403
-1.89237
-2.02672
-1.53953
-1.83317
-1.74887
-2.13577
-2.07257
-1.69528
-1.80266
-1.86927
-1.3533
-1.43488
-1.53618
-1.54281
-1.423
-1.78704
-1.49445
-1.66825
-1.76364
-1.53902
-1.69215
-1.97173
-1.90151
-2.17388
-2.26805
-2.45981
-2.44574
-2.13693
-2.35993
-2.37588
-2.35139
-2.56475
-2.44203
-2.41049
-2.73119
-2.95527
-2.7065
-2.55011
-2.78399
-2.5448
-2.34771
-2.5997
-2.63011
-2.91655
-2.48733
-2.62911
-2.88498
-2.5424
-2.61553
-2.29805
-2.54177
-1.96199
-2.42411
-2.24954
-2.4831
-2.47801
-2.62964
-2.41626
-2.22623
-2.32287
-2.22591
-2.59381
-2.63195
-2.65479
-3.00336
-2.89519
-2.43184
-2.53765
-2.50957
-2.56099
-2.60301
-2.23607
-2.4489
-2.28513
-2.57954
-2.05725
-2.4321
-1.89815
-1.83648
-2.15693
-2.07803
-1.94377
-2.10819
-1.81908
-2.20269
-1.71509
-1.8089
-2.06926
-1.75485
-2.09557
-2.20703
-2.22559
-1.90453
-1.57561
-2.11123
-2.15113
-2.27187
-1.90618
-2.0146
-1.76099
-2.02036
-2.05488
-1.8139
-2.42216
-2.28132
-2.29664
-2.32276
-2.03545
-2.26716
-2.17464
-2.5164
-2.33759
-3.0215
-3.17435
-3.76214
-3.62731
-4.09349
-4.48265
-4.00657
-4.45759
-4.43479
-4.49015
-4.33434
-4.31809
-4.17515
-3.93944
-3.78802
-2.8172
-2.66045
-2.56253
-2.61052
-2.45843
-2.13045
-2.31376
-2.19327
-2.34161
-2.37689
-2.01203
-2.10739
-2.29417
-2.61277
-2.5859
-2.63708
-2.67664
-2.72371
-2.61979
-2.80629
-3.08999
-3.26756
-3.26527
-2.95176
-3.17353
-3.03904
-2.99145
-2.77646
-2.66608
-1.98917
-1.8709
-1.44971
-0.994117
-1.08904
-0.887823
-0.628373
-0.474221
-0.0278796
0.0956971
0.473879
0.308873
0.119802
0.0295733
0.247003
0.100522
-0.0578951
-0.53175
-0.522961
-0.823831
-1.17012
-1.21002
-1.69549
-2.01899
-1.67271
-1.57173
-2.17076
-2.1381
-2.06063
-1.46425
-1.53206
-0.733952
-0.593124
-0.623977
-0.50959
0.0252002
0.31509
-0.22762
0.0814834
0.366151
0.570773
-0.168132
0.169029
0.884823
0.562043
-0.109619
0.359776
0.645606
0.350167
-0.173208
-0.0823763
0.439189
-0.179293
-0.711186
-0.400814
-0.139424
-0.340584
-0.67194
-0.897776
-0.461049
-0.26139
-0.687995
-0.615898
-0.380784
-0.476084
-0.333984
-0.582891
-0.400444
0.00240502
-0.213256
-0.358477
-0.0108523
-0.000518343
-0.011344
-0.136373
-0.146784
-0.272897
-0.635888
-0.416148
-0.692216
-1.06676
-0.882266
-1.16768
-1.23406
-1.43133
-1.41797
-1.31429
-1.99731
-2.10387
-1.80787
-2.13222
-2.42078
-2.36362
-2.38591
-2.91554
-2.24482
-2.4673
-1.96847
-2.29047
-2.53881
-2.02115
-2.35776
-2.29265
-2.36612
-2.5425
-2.18612
-2.67349
-2.76722
-2.90609
-3.02907
-3.09261
-3.24966
-3.66889
-4.10219
-4.06135
-4.17072
-4.46892
-4.38877
-4.73959
-4.78943
-4.88129
-4.68616
-4.7408
-5.05627
-4.55262
-4.34994
-4.28385
-4.48545
-4.48537
-4.35268
-3.64047
-3.89575
-4.39289
-3.86714
-3.94912
-4.25825
-4.37216
-4.75423
-4.96788
-4.89893
-5.05143
-5.10974
-5.3314
-5.19639
-5.51226
-5.55907
-5.73113
-5.82752
-5.56205
-5.66731
-5.78835
-5.64774
-5.37928
-5.44215
-5.51928
-5.34148
-5.34792
-4.76424
-5.1173
-5.11108
-4.91669
-4.66757
-5.09192
-4.99432
-5.02828
-4.99424
-5.25832
-5.54316
-5.38134
-5.98242
-6.11102
-6.00603
-6.20257
-6.31485
-6.12809
-6.59094
-6.72006
-6.31731
-6.43848
-6.48839
-6.53659
-6.53167
-6.48397
-6.34963
-6.01058
-6.16334
-5.60474
-5.35504
-5.88172
-5.79508
-5.48262
-5.56226
-5.13956
-5.17747
-5.05576
-5.46727
-5.50179
-5.30368
-5.35175
-5.50429
-5.85911
-5.95531
-5.91278
-6.09122
-6.3396
-5.89969
-6.37678
-5.87707
-5.94704
-6.01992
-5.70895
-5.72713
-5.10168
-5.17961
-5.02808
-4.78637
-4.63847
-4.36469
-3.97677
-4.27679
-4.37859
-4.04105
-3.92089
-3.99454
-4.03761
-4.10398
-4.09909
-4.15425
-4.52305
-4.077
-4.26734
-4.46722
-4.67172
-4.82561
-4.83255
-4.91249
-4.74814
-4.93068
-5.06518
-5.23327
-4.62172
-4.74811
-4.38085
-4.53461
-4.12239
-3.91533
-3.91971
-3.07171
-3.12414
-3.48313
-3.12958
-3.02347
-2.60808
-3.10449
-3.05275
-2.67349
-3.09145
-3.31695
-3.02106
-3.30104
-3.13093
-2.51912
-2.89226
-2.82675
-2.77113
-3.096
-2.67863
-2.9798
-2.70267
-2.80838
-2.96558
-3.06131
-3.01838
-2.94843
-3.04893
-2.9223
-2.84141
-2.84648
-2.92408
-2.7028
-2.89092
-2.57409
-2.75191
-3.14243
-3.77309
-3.65331
-3.79213
-4.26352
-4.09667
-4.44591
-4.18595
-4.33334
-4.11786
-4.12696
-3.70272
-3.93192
-3.88207
-4.12731
-3.9531
-3.94709
-4.22482
-3.99422
-4.32597
-4.24199
-4.31038
-4.23758
-4.89491
-4.63142
-4.67379
-4.87609
-4.99263
-5.06108
-5.35265
-5.28668
-4.96946
-5.7713
-5.37527
-5.77675
-5.7877
-6.09535
-6.19984
-6.4472
-6.50975
-6.06402
-6.5454
-6.71813
-6.5917
-6.38848
-6.75053
-6.76625
-6.65567
-6.12496
-6.28395
-6.1421
-6.14529
-6.10697
-5.85822
-6.13864
-6.28567
-6.27362
-6.4301
-6.63525
-6.5758
-6.88903
-6.85759
-6.95358
-7.51304
-7.66779
-7.34427
-7.30541
-7.44508
-7.48541
-7.38422
-6.90205
-7.23868
-7.05429
-6.88374
-6.62774
-6.34938
-6.48634
-6.23493
-6.1759
-5.81598
-6.15017
-5.92539
-6.18833
-6.71893
-6.54299
-6.70326
-6.92894
-6.86603
-7.04352
-7.68041
-8.01399
-7.94082
-8.04124
-8.10143
-7.66729
-8.04853
-7.95487
-7.21898
-7.0387
-6.47659
-6.41726
-5.98733
-5.84961
-5.80829
-5.4581
-5.63074
-5.36746
-5.24627
-5.47904
-5.52071
-5.35345
-5.04127
-5.1718
-5.2421
-5.54812
-5.43211
-5.22347
-5.45735
-5.36691
-5.71623
-5.70856
-6.52379
-6.72952
-6.83067
-6.98219
-7.04905
-7.2679
-7.06641
-6.97881
-6.73759
-6.64658
-6.62368
-6.56741
-6.11111
-5.75912
-5.64591
-6.22367
-5.81043
-4.91003
-5.12135
-5.4129
-4.98656
-4.58089
-5.05852
-5.40962
-5.55973
-5.41454
-5.87192
-6.83031
-6.58446
-6.96112
-7.09626
-8.03258
-8.11908
-7.99472
-7.90196
-8.16296
-7.96153
-7.20769
-7.33842
-7.39409
-6.77487
-6.32936
-6.95206
-6.30212
-5.66025
-5.79891
-6.00837
-5.39205
-5.09679
-5.75947
-6.39788
-6.63413
-6.10497
-6.08732
-7.90415
-7.18637
-7.02746
-7.83097
-8.25617
-8.35192
-8.42757
-8.91028
-8.87882
-9.02415
-9.07014
-8.68964
-8.84121
-8.62802
-8.7593
-8.61249
-8.19623
-8.15876
-7.8309
-7.27575
-7.35659
-7.271
-6.99801
-6.88253
-6.34954
-6.55079
-6.25829
-6.5378
-6.82173
-6.66224
-7.47803
-7.81817
-8.04861
-7.97031
-8.45039
-8.97621
-9.25224
-9.54908
-9.40676
-9.62484
-9.57584
-9.52595
-9.56142
-9.09665
-8.91185
-9.02603
-8.81512
-8.8044
-8.34367
-8.08771
-7.61324
-8.16501
-7.39689
-7.51629
-7.31508
-7.20284
-7.64261
-7.44774
-7.78949
-8.00531
-7.4366
-7.82654
-7.93273
-8.02913
-8.12419
-8.22141
-8.14321
-8.4486
-8.5416
-8.188
-8.25385
-8.12344
-7.8407
-7.62931
-7.62186
-7.26279
-6.94891
-6.92918
-6.41538
-6.13108
-6.51109
-6.06625
-5.36926
-5.41043
-5.20062
-4.91031
-4.57696
-4.76612
-4.15276
-4.45579
-4.73748
-4.71079
-4.70523
-4.70186
-4.70915
-4.78571
-4.69044
-4.62791
-4.28533
-4.73114
-4.31679
-4.65567
-5.02709
-4.4517
-4.20439
-3.839
-3.87932
-3.51116
-3.16253
-3.31895
-2.89055
-2.69879
-2.58955
-2.82551
-2.46689
-2.75459
-2.7032
-2.54038
-2.38446
-2.3935
-2.60229
-2.62956
-2.93365
-3.01032
-3.31887
-3.18156
-3.33283
-3.73601
-4.22936
-3.73455
-3.82716
-4.14439
-4.01983
-4.09633
-4.27024
-3.88717
-3.5125
-3.47625
-3.74873
-3.40119
-2.99764
-3.14763
-3.39373
-2.96738
-2.94271
-2.81627
-2.922
-3.04945
-3.55529
-3.45364
-3.33119
-3.66531
-4.1827
-4.44858
-3.97297
-4.59712
-5.14875
-4.98662
-5.20347
-5.62463
-5.00497
-5.74782
-5.76102
-5.81099
-5.34513
-5.99737
-5.12836
-5.3048
-5.2184
-5.21956
-5.10477
-4.94566
-4.99785
-4.87542
-5.03581
-5.2077
-5.16589
-5.62807
-5.24742
-5.39388
-6.00607
-6.02635
-6.09603
-5.94395
-6.68123
-6.56985
-6.44527
-6.44869
-7.07119
-7.13594
-7.23797
-7.2961
-7.67055
-7.43155
-7.46548
-6.78449
-7.19178
-6.96587
-6.41401
-6.86698
-6.55941
-6.38454
-6.04983
-6.17163
-5.98879
-5.84842
-5.81962
-6.04779
-5.69533
-5.98589
-6.01224
-6.38202
-6.52058
-6.75602
-6.62784
-6.99645
-6.79717
-6.95958
-6.97876
-7.28883
-7.23814
-7.02809
-7.00093
-7.01629
-6.88584
-6.65565
-6.26946
-6.07279
-6.49907
-6.22786
-5.60211
-5.48212
-5.21571
-5.18288
-5.11279
-5.35677
-4.76514
-4.69705
-4.84432
-4.97008
-4.86249
-4.95653
-4.79922
-5.10875
-4.71191
-5.12865
-5.33246
-5.67503
-5.58625
-5.55498
-5.65886
-5.638
-5.83523
-5.6128
-5.78686
-5.34421
-5.15022
-4.98638
-4.25231
-3.95186
-3.82609
-3.54544
-3.13147
-3.21301
-3.37459
-3.1758
-3.09726
-3.44257
-3.25776
-3.4594
-3.80628
-3.98221
-4.15764
-4.16965
-4.40055
-4.23318
-4.79299
-4.96755
-4.83255
-4.81755
-4.6399
-4.76971
-4.41988
-4.30862
-3.5965
-3.24088
-3.51069
-3.16445
-3.19988
-3.02119
-3.06317
-3.18098
-3.04175
-3.28252
-3.46036
-3.30481
-3.54827
-3.67104
-3.6412
-4.15112
-4.33037
-3.91054
-4.10885
-4.34051
-4.35922
-4.31006
-4.54684
-4.50547
-4.86024
-5.02422
-4.95604
-5.51225
-5.08019
-5.21772
-5.42128
-5.53835
-5.06696
-5.21413
-4.8443
-4.72384
-4.55502
-4.77974
-4.92933
-4.58617
-5.02615
-5.29271
-5.33697
-5.73376
-5.78706
-6.24513
-6.26127
-6.16154
-6.14135
-6.66589
-6.77051
-6.8605
-6.95452
-7.04961
-6.96992
-7.63838
-7.44121
-7.31026
-7.20589
-7.28795
-7.40879
-7.44809
-7.16281
-7.08
-7.07474
-6.68631
-6.72934
-6.34494
-6.28248
-6.19253
-5.93532
-6.17299
-6.05889
-5.67795
-6.04038
-6.54904
-6.65616
-6.96942
-6.85101
-7.11114
-7.18509
-7.6147
-7.43192
-7.6043
-7.74547
-7.83999
-7.61054
-7.80089
-7.4932
-7.08557
-6.89714
-6.71924
-6.48455
-6.14757
-5.58875
-5.53601
-5.50399
-5.81539
-5.63568
-5.48981
-5.49034
-5.50739
-5.31929
-5.82302
-5.99265
-5.62733
-5.97605
-6.10724
-5.91889
-6.07923
-5.75146
-6.33539
-6.38506
-5.95321
-6.28013
-6.21485
-5.86688
-5.74964
-5.70463
-5.15832
-5.46282
-5.23045
-5.12899
-4.63169
-4.58238
-4.16347
-4.23022
-4.49733
-4.51214
-4.17489
-4.05978
-4.56948
-4.65206
-4.62601
-4.95104
-5.36713
-5.2552
-5.52988
-5.63032
-5.3079
-5.53149
-5.81323
-5.74033
-5.4185
-5.68795
-6.0241
-6.06578
-5.85304
-6.0079
-6.10853
-5.98287
-6.03757
-6.27573
-6.27245
-5.65972
-5.48656
-5.77721
-5.21837
-5.15798
-5.27977
-5.17264
-4.90503
-5.20253
-4.97298
-5.25335
-4.9338
-5.26252
-5.73906
-6.21209
-6.24172
-6.04287
-7.13148
-7.27611
-7.0418
-7.38013
-7.58214
-7.88808
-8.12885
-6.61252
-6.76293
-7.15811
-6.39171
-6.14273
-6.28753
-6.24689
-6.29555
-5.92512
-5.25377
-5.22638
-5.13146
-5.41091
-5.38473
-5.6755
-5.30223
-5.34677
-5.94297
-5.99561
-6.261
-6.00138
-6.58532
-6.54403
-6.58428
-7.17455
-7.09067
-7.26043
-7.26568
-7.15664
-7.4441
-7.82275
-7.39696
-7.88879
-7.675
-7.68341
-7.79855
-7.74762
-7.09712
-7.419
-7.47293
-7.09063
-7.07269
-6.81382
-6.73661
-6.46761
-6.52819
-6.29063
-6.36744
-6.07413
-6.44575
-6.50322
-7.01971
-7.15
-7.32523
-7.30131
-7.2679
-7.37861
-7.67127
-7.60314
-8.02401
-7.69416
-7.97117
-7.82315
-8.04359
-7.69694
-7.82875
-7.52947
-7.61777
-7.56024
-7.13909
-7.6075
-7.51309
-7.58808
-7.41831
-6.62381
-7.50289
-7.75572
-7.76435
-7.44021
-7.5829
-7.9467
-7.49845
-7.08369
-7.94657
-7.53878
-7.13037
-7.63332
-7.49322
-6.77103
-6.83688
-7.48146
-6.4346
-6.56157
-7.04814
-6.89765
-6.62555
-6.78941
-6.72438
-6.03539
-6.10515
-5.77138
-5.60002
-5.67586
-5.1561
-4.84061
-5.28468
-4.99277
-4.99918
-4.85063
-5.10334
-4.59887
-4.69122
-4.83325
-4.42409
-5.14593
-4.4458
-4.68536
-4.75739
-4.20188
-4.73344
-5.15384
-4.63149
-4.86881
-4.6089
-4.922
-4.59779
-5.12882
-4.32796
-4.82285
-4.95118
-4.95348
-4.55215
-4.86786
-4.62863
-4.46883
-5.09478
-4.18183
-4.13267
-4.29735
-4.44515
-3.4716
-3.22541
-4.19167
-3.27109
-2.95745
-3.44519
-3.79854
-2.41877
-2.63827
-3.47398
-2.87861
-2.26137
-3.0117
-3.19776
-3.10162
-2.62402
-3.52103
-3.53886
-3.01491
-2.80619
-4.19658
-3.4118
-2.75667
-3.09217
-4.1988
-3.03563
-3.8919
-3.73307
-3.06795
-4.14323
-4.37447
-3.31868
-3.2477
-3.74685
-3.89745
-3.04724
-3.03899
-3.27107
-3.10096
-2.76637
-2.30679
-2.73722
-2.607
-1.9496
-1.85881
-1.75801
-1.66361
-0.961883
-1.01702
-0.742363
-1.27777
-0.988563
-0.857967
-1.10001
-1.01353
-0.939762
-0.53732
-0.311912
-0.795584
-0.853943
-0.655684
-0.69242
-0.456485
-0.626872
-0.49541
-0.697796
-1.08812
-0.637033
-0.659132
-0.91375
-0.814953
-0.667615
-0.880354
-1.03614
-0.819125
-1.08155
-1.02934
-1.28711
-0.783623
-0.9173
-1.33517
-1.18639
-1.109
-1.00068
-0.812884
-1.12321
-0.827286
-0.61625
-0.672257
-0.789392
-0.917584
-0.482748
-0.262746
-0.0690485
-0.304643
-0.283106
-0.152057
-0.203735
-0.442639
-0.587276
-0.49971
-0.047842
-0.164476
-0.23098
-0.0161803
-0.338574
-0.38385
-0.143511
-0.126871
-0.199785
0.160752
0.263465
-0.0102366
-0.178924
-0.0666019
0.362453
-0.142972
-0.174334
0.133296
0.33169
-0.00747992
0.091161
0.0534353
-0.0441572
0.179091
-0.212711
-0.0630832
0.246671
0.081417
0.0180813
0.00395172
0.0618285
-0.253103
0.35173
-0.034272
0.0740509
0.00626328
-0.308184
-0.299545
-0.0688632
0.00308637
0.417057
0.49561
0.286655
-0.0430325
-0.236086
-0.0946815
-0.176506
0.19014
-0.00898832
0.133584
0.0849531
-0.286781
0.114388
-0.12038
0.0959172
0.259502
-0.00761623
-0.0653484
-0.0565181
-0.270216
0.210867
0.139778
0.701507
0.106495
0.118376
-0.237541
-0.189857
-0.312331
0.024059
0.111581
-0.0715777
-0.279175
0.105116
0.15902
0.165958
-0.139967
-0.216246
-0.00766452
0.277913
-0.06429
-0.0394509
-0.306601
-0.075303
0.16198
0.360017
0.333132
-0.113262
0.193485
0.416735
0.454478
-0.585725
-0.0617858
0.487845
0.522712
-0.151304
0.392927
0.553979
0.635399
-0.41297
-0.0467052
0.621728
-0.0626542
-0.465544
0.468489
0.962353
-0.264089
-0.100574
0.708241
0.702449
-0.456792
0.842016
0.621723
0.141445
-0.520253
1.0821
0.537043
-0.820031
-0.253208
1.17125
0.134181
-0.605428
-0.150794
0.617461
-0.416016
-0.35513
0.26715
0.0767646
-0.440693
0.597952
1.19638
-0.658945
0.282471
0.545385
0.221318
-0.374331
1.20836
0.183411
-0.708613
0.651198
0.24065
-0.651873
-0.306817
0.722109
-0.557732
-0.423578
0.167768
0.404402
-0.436812
-0.0835684
-0.230299
0.18423
-0.331291
-0.21717
0.0945577
0.0695911
0.0399794
0.00585186
-0.024528
-0.322957
-0.426569
-0.476295
0.265784
0.323012
0.123342
-0.0915553
-0.301509
-0.146355
0.0153976
-0.180987
-0.166737
-0.434844
-0.159573
-0.276299
-0.261003
-0.451743
-0.106814
-0.265136
-0.0653755
-0.233209
-0.270922
-0.149059
-0.244511
-0.147067
0.145757
-0.0108839
-0.071368
-0.207104
-0.168548
0.00518428
-0.223808
0.223966
0.293358
0.118452
0.0832157
-0.427094
0.0116823
0.0923996
0.133708
-0.0647865
0.460464
0.12094
0.441124
0.455171
-0.0445176
0.100759
-0.146972
-0.0232373
0.246818
-0.0533375
-0.0515641
0.106667
-0.179292
-0.0676686
0.182062
0.24188
0.118752
0.108454
0.105552
-0.128396
0.120744
0.36911
-0.359185
0.374097
0.141925
-0.114953
0.0126213
-0.0311787
-0.0234935
0.124592
0.202316
-0.0723416
-0.145761
0.406212
-0.0602811
0.146212
-0.144993
-0.115349
0.135496
0.0857404
0.279901
0.0318049
-0.284656
0.181368
0.204209
0.13287
-0.0383555
0.1842
-0.0287504
-0.134692
-0.205381
-0.0733502
-0.131416
-0.0680787
0.0622441
-0.0976291
-0.19613
0.161009
0.245622
-0.0118577
-0.435735
0.0297605
0.390144
0.393684
-0.234237
0.0954783
0.481736
0.105579
-0.418903
-0.0692823
0.0514354
0.0427464
0.0715887
-0.184563
-0.28719
0.107285
-0.181656
-0.271942
0.379883
-0.0116881
-0.099561
-0.383186
-0.0698001
-0.00845406
0.0767416
0.398152
0.0893773
0.0184007
-0.00663254
-0.297146
0.213011
0.0254776
-0.120514
-0.0528233
-0.10682
-0.184498
0.0766683
-0.0148444
0.158576
0.179732
0.156412
-0.0259519
0.0442813
-0.34593
-0.134786
-0.223817
0.215811
0.0204969
-0.416548
0.0427511
-0.242192
-0.181124
0.091806
0.0071245
-0.0929538
-0.264125
0.102617
-0.0822846
-0.363235
-0.215166
-0.0969451
-0.0366932
-0.102366
0.13223
-0.190679
-0.205129
0.0867934
0.407373
0.243456
0.0585963
0.29399
-0.181826
-0.217927
0.159818
-0.0135577
0.0041246
-0.396428
0.280662
-0.0313321
-0.0170638
0.0798786
0.158932
0.13395
-0.389333
0.00899701
-0.0117488
-0.196648
-0.171795
-0.235411
-0.280492
-0.116507
-0.0934399
0.0630301
0.304584
-0.10891
-0.120246
-0.0923955
-0.140956
-0.0415023
0.0322159
-0.162315
-0.07321
0.146853
-0.0233448
0.0629864
0.203249
-0.0851443
0.0774742
-0.10481
-0.21199
-0.182472
0.108251
-0.093842
-0.169323
-0.0931966
-0.26423
0.205357
-0.340805
-0.116738
0.0764898
-0.330483
-0.0365202
0.0689226
-0.12119
0.0110187
0.244305
0.144025
0.163893
0.214884
0.20933
-0.25764
0.187795
0.0584845
0.227085
0.240098
0.169192
-0.075059
0.0554133
0.210869
-0.0227883
0.144864
-0.030722
0.146178
-0.143213
-0.160994
-0.33213
0.0586297
0.103719
-0.0405388
-0.141535
-0.0858332
-0.055791
0.363718
-0.0160333
0.102941
0.0583675
0.105857
0.33135
-0.0398141
-0.174873
-0.218379
-0.335706
0.277913
-0.245507
-0.0722791
-0.214455
-0.186339
-0.0656147
-0.0302875
-0.193051
-0.306481
-0.394198
-0.0611783
-0.355223
-0.310568
-0.0915504
0.0294169
0.156434
-0.368028
-0.0992797
-0.391448
-0.0980184
0.0576322
-0.116751
-0.0865235
0.163345
-0.294245
-0.384029
-0.270856
0.0122582
-0.146935
-0.372465
0.0428293
-0.260354
-0.195154
-0.478961
-0.406834
-0.217377
-0.422642
-0.399254
-0.228151
-0.417698
-0.503458
-0.524045
-0.184613
-0.463272
-0.425831
-0.454504
-0.599541
-0.588566
-0.630648
-0.731747
-0.341309
-0.62516
-0.457481
-0.833331
-0.254092
-0.94101
-0.868151
-0.739931
-0.779334
-1.16124
-0.921413
-0.983669
-0.900931
-0.873931
-0.949004
-0.843985
-0.968019
-1.05858
-0.924741
-1.30407
-1.40362
-1.08076
-1.06168
-1.16439
-0.778306
-0.963084
-1.12386
-1.25886
-1.48887
-1.03745
-1.3716
-0.724838
-0.705132
-0.623947
-1.22649
-1.24617
-0.98959
-1.17925
-0.920143
-1.23142
-1.09737
-1.00904
-1.61182
-1.34299
-1.04333
-1.59339
-1.7737
-1.71914
-1.47657
-1.87872
-1.87599
-2.44356
-2.65886
-2.59719
-2.71486
-2.46751
-2.77743
-2.87816
-2.98643
-2.56585
-2.82465
-2.56745
-2.46857
-2.30785
-1.9057
-1.89498
-1.85142
-1.4071
-1.01621
-0.825627
-0.892012
-1.22746
-0.772879
-0.269061
-0.146228
-0.790466
-0.615354
-0.313456
-0.419512
-0.727384
-0.880061
-1.2586
-0.850232
-1.33625
-1.95169
-2.10533
-1.65865
-2.29224
-2.57874
-2.69219
-2.50321
-2.04181
-2.01049
-1.86369
-1.93544
-1.32184
-1.24414
-0.90131
-0.88045
-0.673327
-1.0291
-0.59911
-0.705085
-0.283514
-0.740634
-0.61428
-0.514656
-1.30279
-1.15709
-1.18775
-1.04612
-1.51906
-1.57657
-1.08434
-1.46984
-1.87068
-1.46967
-1.79537
-2.12899
-1.78167
-2.00021
-1.63728
-1.61363
-1.34503
-1.30811
-1.22857
-0.845674
-0.845659
-0.764492
-0.889423
-0.587963
-0.632956
-0.180817
-0.44539
-0.613778
-0.884839
-0.322594
-1.03853
-0.950898
-0.856812
-0.963701
-0.914421
-1.0409
-1.30053
-1.08577
-1.64807
-1.33814
-1.4847
-1.40188
-1.31395
-1.34743
-1.49017
-1.26108
-0.851468
-0.920638
-0.866696
-0.892008
-0.674667
-0.325319
-0.40258
-0.288137
0.0695512
-0.351246
-0.288293
-0.320585
-0.159724
-0.60152
0.00265964
-0.533732
-0.209777
-0.608381
-0.735082
-0.779204
-0.451104
-0.856801
-0.496258
-0.891854
-0.310431
-0.136894
-0.557924
-0.349402
-0.169509
-0.560259
0.0493744
0.0635243
0.0710046
0.230237
0.18999
0.909579
1.11412
0.859642
1.32348
1.54782
1.90334
1.42466
1.6319
1.28716
0.847017
0.915072
1.10948
0.23914
0.249885
0.0941263
-0.102414
-0.252249
-0.516995
-0.457355
-0.532069
-0.574021
-0.38904
-0.243015
-0.325519
-0.0965918
0.30419
0.244399
0.437409
0.333438
0.764383
0.338153
0.450003
0.77538
0.497429
0.616069
0.423367
0.521692
0.181146
0.340782
-0.170912
-0.0234204
-0.450799
-0.504327
-0.633874
-0.376889
-0.491614
-0.774964
-0.590849
-0.501077
-0.509443
-0.433352
-0.67712
-0.365892
-0.467275
-0.180287
-0.30565
-0.187901
-0.096126
0.069551
0.107471
-0.0498244
0.168114
0.286869
0.190424
0.0927007
-0.569449
-0.330261
-0.276664
-0.641443
-0.935429
-0.836882
-1.12328
-1.20577
-1.5219
-1.49947
-1.40258
-1.68841
-1.56558
-1.91548
-2.1733
-1.67534
-1.84172
-1.68879
-1.95809
-1.46715
-1.51856
-1.61508
-1.15931
-1.03836
-0.694426
-0.459625
-0.70158
-0.971862
-0.650152
-0.585295
-0.584248
-0.848018
-0.686028
-0.814443
-0.972279
-1.52173
-1.0991
-1.57274
-1.42573
-1.80111
-1.91747
-2.26911
-2.31505
-2.67656
-2.59871
-2.64857
-2.51167
-2.74229
-2.24336
-2.43044
-2.13212
-2.10755
-1.45181
-1.4649
-1.43488
-0.930674
-1.1285
-0.826263
-0.53294
-0.278338
-0.252114
-0.447371
-0.408526
-0.717585
-0.429767
-0.744846
-0.558359
-0.827853
-1.23631
-1.28193
-1.70602
-1.72232
-1.99741
-2.23726
-2.54181
-2.50595
-2.35719
-2.14637
-2.36482
-2.16109
-2.11209
-2.47689
-2.60133
-1.89971
-2.31299
-2.03377
-2.09124
-1.68028
-1.7111
-1.7765
-1.66432
-2.2186
-2.09603
-2.30709
-1.9476
-2.22274
-2.64356
-3.06106
-3.01419
-3.21077
-3.10664
-3.13038
-3.73072
-3.63163
-4.00472
-3.84586
-4.16437
-3.97053
-4.12478
-4.37448
-4.36002
-4.18675
-4.64788
-4.23909
-4.48048
-4.02859
-4.06956
-3.67982
-4.03005
-4.02583
-3.69744
-3.62958
-4.52053
-4.49871
-4.08974
-4.13731
-3.92607
-4.2128
-4.44944
-4.57791
-4.53125
-4.70812
-4.9467
-5.21984
-4.83632
-5.05865
-5.03973
-5.04819
-5.48173
-5.16569
-5.06959
-5.06197
-5.42229
-5.42752
-5.45366
-5.01787
-4.97242
-5.36555
-4.87639
-4.42612
-4.49498
-4.69565
-4.98185
-4.86931
-4.27293
-4.66764
-4.95591
-4.56565
-4.49037
-4.53873
-4.77677
-4.70439
-5.17023
-5.13307
-4.87783
-5.1813
-5.24829
-5.18523
-4.87444
-4.78051
-4.66718
-4.98316
-4.53625
-4.95218
-4.39596
-3.67512
-3.59491
-3.70917
-3.87856
-3.68993
-3.45057
-3.31673
-3.3903
-3.40603
-3.49016
-4.20169
-3.66273
-3.7068
-3.39671
-4.29165
-3.78658
-4.16472
-3.99064
-3.92299
-3.97905
-3.76863
-4.00096
-3.87239
-3.75732
-3.41978
-3.5085
-3.06185
-2.97347
-2.4996
-2.36252
-2.25024
-2.36683
-1.97241
-1.80463
-1.58805
-1.60041
-1.43565
-1.64102
-1.69526
-1.43267
-1.79958
-1.93823
-1.87164
-2.00407
-2.1711
-2.34799
-2.42808
-2.69438
-2.27484
-2.26412
-2.17665
-2.42805
-1.89557
-1.5232
-1.48921
-1.26645
-1.08331
-0.985946
-1.00875
-0.486462
-1.12674
-0.811354
-1.10374
-0.87178
-1.4474
-1.42317
-1.63711
-1.73343
-2.2145
-2.00363
-1.82285
-1.73109
-1.23946
-1.22126
-0.986827
-1.06025
-0.578386
-0.540479
-0.650724
-0.191109
-0.485703
-0.0396798
-0.27831
-0.212573
-0.336516
-0.0894211
-0.192333
-0.284849
-0.586805
-0.623877
-0.798078
-0.728026
-1.18475
-1.28357
-1.16503
-1.42126
-1.26001
-1.27186
-1.42625
-1.13169
-1.26725
-0.911848
-0.776221
-0.324635
-0.510203
-0.632382
-0.427466
-0.331839
0.0504864
-0.35115
-0.374384
0.0132106
-0.789689
-1.07916
-0.861875
-1.0871
-0.968831
-1.49095
-1.31433
-1.80903
-1.85987
-2.54693
-2.33702
-2.43714
-2.47224
-2.69884
-2.98438
-2.71773
-3.03415
-3.14363
-2.87938
-3.28144
-2.92497
-2.96286
-2.4686
-2.36796
-2.25011
-1.92563
-2.00396
-1.73333
-1.48979
-1.93237
-2.03129
-2.0853
-1.67526
-2.19507
-2.05489
-2.06473
-1.88504
-2.27957
-2.74294
-2.85995
-2.90925
-3.37729
-3.19212
-3.29174
-3.73579
-3.53505
-3.84898
-3.14672
-3.67677
-3.39905
-3.12092
-2.87774
-2.58718
-2.32335
-2.30292
-2.52945
-2.101
-2.15057
-1.77383
-2.05715
-2.03587
-1.93346
-1.92851
-2.34623
-1.90746
-2.07818
-2.19926
-2.17909
-2.39629
-2.30885
-2.34257
-2.73393
-2.63991
-2.75469
-3.62765
-2.93495
-2.60083
-2.76965
-2.4849
-2.83969
-2.63442
-2.1429
-2.47242
-2.00176
-2.17211
-1.42572
-1.49684
-1.53533
-1.32674
-1.49784
-1.08137
-1.01761
-1.34131
-1.10839
-1.45883
-1.50325
-1.59421
-1.58957
-1.89233
-1.81761
-2.22197
-1.64091
-1.60331
-0.977633
-1.53656
-1.60586
-1.81437
-1.29876
-1.51996
-1.35099
-1.63296
-1.64825
-1.10538
-1.49314
-1.73308
-1.66516
-1.52733
-1.62565
-1.30615
-1.56331
-1.42715
-1.1057
-1.88579
-1.27296
-0.728739
-0.999596
-1.28106
-0.332774
-0.62988
-1.02508
-1.1105
-0.358278
-0.990403
-1.69849
-1.05008
-1.90001
-2.55478
-1.52356
-2.10334
-2.68061
-2.58435
-2.50312
-2.88046
-2.82627
-2.01329
-2.30908
-2.34448
-1.5582
-1.65079
-1.65368
-0.820931
-0.943598
-1.50957
-1.38344
-1.00867
-1.04594
-1.44405
-1.20982
-1.50256
-2.29053
-2.20723
-2.37031
-2.5269
-3.30859
-3.06623
-3.03085
-3.66828
-3.9763
-3.95568
-3.82285
-3.84161
-3.94093
-3.73097
-3.62094
-3.21242
-2.84644
-2.75322
-2.85815
-2.60569
-2.25912
-2.44567
-2.60864
-2.35989
-2.06591
-1.87977
-2.47919
-2.08266
-2.45877
-2.7253
-2.36888
-2.76562
-2.93136
-3.19992
-3.08814
-3.19356
-3.11039
-3.26189
-3.4577
-3.41317
-3.66894
-3.29183
-3.51917
-3.38007
-3.50055
-3.47112
-3.4525
-3.08965
-2.78814
-2.93427
-2.6634
-2.56062
-2.34195
-2.6248
-2.32993
-2.46181
-2.82019
-2.84422
-2.65038
-2.85205
-3.17573
-3.26973
-3.32078
-3.59086
-3.28616
-3.86275
-3.85798
-3.71098
-4.16338
-4.06185
-3.99063
-4.56357
-4.36293
-4.41881
-4.06712
-4.42677
-4.20588
-3.84658
-3.9761
-4.05797
-4.08733
-4.0649
-3.73603
-3.70279
-3.54275
-3.35176
-3.73001
-3.6273
-3.74551
-3.85807
-3.78001
-3.9046
-4.36305
-4.68228
-4.76492
-5.30612
-4.97256
-5.63365
-5.87945
-5.72891
-6.00514
-5.84669
-5.87633
-5.95555
-6.35809
-6.15795
-5.98265
-5.69276
-5.646
-5.91908
-5.6395
-5.25098
-5.41089
-5.02656
-5.07826
-5.1555
-5.01303
-4.79069
-5.09956
-4.61649
-4.37383
-5.34536
-4.67903
-4.94023
-4.64478
-4.54347
-4.65158
-4.81052
-4.95905
-4.37042
-4.64791
-5.23179
-4.86763
-4.89628
-4.91737
-5.67806
-5.11554
-4.39818
-5.12007
-5.51756
-5.24159
-4.52928
-4.82528
-4.88007
-5.33087
-4.68297
-4.41301
-4.87064
-4.70759
-4.23121
-3.80566
-4.1854
-4.39348
-3.55018
-3.32427
-4.34243
-3.74203
-3.83803
-3.70062
-4.53204
-3.35209
-3.25285
-4.37058
-3.34739
-3.10635
-3.60782
-4.22711
-4.07097
-3.13845
-3.12309
-3.03526
-3.08228
-2.51949
-3.16632
-3.19378
-2.70769
-1.95128
-2.609
-2.25875
-1.67483
-1.99298
-2.05749
-1.83266
-2.03778
-1.4236
-1.59627
-1.00255
-1.37655
-0.945921
-0.941615
-1.23254
-0.893744
-0.934028
-0.839184
-0.739392
-0.10486
-0.666687
-0.322801
-0.482657
-0.657193
-0.275752
-0.497324
-0.0810922
-0.136735
-0.517885
-0.768962
-0.28416
-0.295122
-0.771074
0.0352817
-0.0904587
-0.0267421
0.0300034
-0.342002
-0.585025
-0.0255172
0.0959622
0.617602
0.107026
0.00775626
-0.0634607
0.00387057
0.353027
0.105812
0.400528
0.0732436
-0.582365
-0.0233571
0.203723
0.287627
-0.178197
-0.348617
-0.0111821
-0.0770938
0.327697
0.803357
0.0724946
0.220435
0.0580168
-0.0645566
0.12041
0.358163
-0.0457413
0.0201928
0.184485
0.00360365
0.13772
-0.517717
-0.0958695
0.262262
0.414325
0.357042
0.312821
0.393927
0.319758
0.205443
-0.0651472
0.179185
0.656309
0.291436
0.120712
0.128009
0.515693
0.540534
0.187144
0.00263857
-0.035594
0.622206
-0.233703
-0.138644
0.283082
-0.347611
0.200922
-0.00888244
-0.0296108
-0.088012
0.00329015
-0.170355
0.189812
0.350001
0.348112
0.0547304
-0.0974302
-0.187352
0.198556
0.0555611
-0.134197
0.186575
-0.208431
0.390868
0.430268
-0.189605
-0.0358284
0.107057
0.0912309
0.350094
-0.0556575
-0.270057
-0.494852
0.0698945
0.138648
-0.407876
-0.2798
-0.0510063
-0.0591607
-0.0734944
-0.323725
-0.132677
0.00485798
0.621434
0.237554
-0.348135
-0.178112
-0.0255312
0.50573
-0.0171505
-0.288422
-0.41617
0.0447873
-0.256194
-0.260772
-0.254424
-0.0416125
-0.276304
0.496823
-0.0147552
-0.107256
-0.425511
-0.529738
0.134555
-0.0914667
0.179547
-0.346498
-0.125181
0.0190347
-0.335793
-0.219808
-0.0473829
-0.428273
-0.202229
0.280196
0.0839706
0.144399
-0.115857
-0.31648
0.0313935
-0.0525295
-0.024375
0.189223
0.138133
-0.0931681
-0.00933045
-0.00429984
0.120874
-0.543589
0.132333
-0.188124
0.0215588
-0.0559663
0.0783923
-0.00607735
-0.557029
-0.173954
-0.0550396
-0.261882
-0.0470333
-0.0568113
-0.33663
-0.0307699
-0.269809
0.0491517
-0.0589966
0.309561
-0.107866
-0.269671
-0.418179
-0.349135
0.257382
-0.412053
-0.166698
-0.568643
-0.253247
0.00553764
-0.269582
-0.410473
-0.544963
0.069237
-0.20087
-0.237729
-0.606545
-0.38191
-0.403368
-0.445766
-0.0927092
-0.440948
-0.185107
-0.652662
-0.269416
-0.514316
-0.534932
-0.70536
-0.542608
-0.520038
-0.662382
0.00176095
-0.245625
-0.6383
-0.29364
-0.583202
-0.398581
-0.332838
-0.0992814
-0.190768
-0.757886
-0.338869
-0.441735
-0.256919
-0.291263
-0.606437
-0.575367
-0.521867
-0.361902
-0.464253
-0.466314
-0.286443
-0.101355
0.0236898
-0.218794
-0.175669
-0.161854
-0.0455836
0.00927414
-0.202627
-0.101724
-0.192077
-0.339242
-0.151683
-0.0726011
-0.0135676
0.212845
-0.108997
-0.14427
-0.0920918
-0.0763118
0.288211
0.223973
-0.0828422
-0.113226
-0.149281
0.0631432
-0.191077
-0.0479227
-0.108697
-0.0359584
-0.0541419
-0.350991
0.0298291
-0.0319117
-0.497185
0.0128596
-0.149738
-0.304764
-0.416305
-0.0630393
-0.225125
0.0587323
-0.130083
0.0358344
0.15897
0.0869826
0.0930854
-0.358455
-0.0120699
0.27123
0.156767
0.234205
0.135624
0.43451
0.135894
0.0201205
-0.275989
-0.0107436
0.316501
0.183912
0.125533
-0.280686
0.130473
-0.157218
0.226522
0.162469
0.394501
-0.225001
-0.0474145
-0.210841
-0.194593
-0.0264435
-0.318938
-0.0700825
0.112978
-0.538612
-0.321647
-0.219901
-0.441602
-0.215462
0.0728133
-0.134539
-0.214665
0.140528
-0.347603
-0.0330226
0.281569
-0.000614551
-0.185872
-0.217586
-0.282706
-0.455686
-0.221011
-0.429683
-0.0140424
0.0155207
-0.105132
-0.0931329
-0.285836
-0.31628
-0.278188
-0.404339
0.0227605
-0.228085
-0.03161
-0.106982
-0.313921
0.137036
-0.0692326
-0.198508
-0.47266
-0.363339
-0.23001
-0.458039
-0.00230483
0.044383
-0.210013
-0.139732
-0.266097
-0.483328
-0.281173
-0.348398
-0.511352
-0.398247
-0.238157
-0.395624
-0.245032
-0.461552
-0.311528
-0.33204
-0.285194
-0.149699
-0.279003
-0.258319
-0.42687
-0.261944
-0.570506
-0.175206
-0.334347
-0.411304
0.0113232
-0.352081
-0.0479367
-0.400135
-0.781201
-0.326702
0.139531
-0.302882
-0.309018
-0.512045
-0.361827
-0.145243
-0.542771
0.0586543
-0.25068
-0.0750578
-0.0962903
0.0716526
-0.0212351
0.184967
-0.0491104
0.0103015
-0.148821
-0.156635
-0.127982
-0.258967
-0.409344
-0.0375907
-0.0835205
-0.371812
-0.332693
-0.250124
-0.396592
0.00471606
-0.0654869
-0.044468
-0.044608
-0.174492
0.0929933
0.0738698
-0.113408
0.2272
-0.177717
0.212047
0.0177959
-0.357085
-0.0495769
0.123912
0.358329
-0.160319
-0.23989
0.180073
-0.0449599
0.15331
0.0513908
0.0074641
0.15778
0.0619424
0.283726
0.152935
-0.0200267
-0.0819709
0.125179
0.0466746
0.356959
0.170309
0.138786
-0.183274
-0.44766
0.0235635
-0.0918101
-0.193114
-0.141207
-0.261485
0.0510643
0.118982
0.222899
0.0595726
0.00337323
-0.321249
0.0157622
-0.117127
-0.158503
0.0827515
0.245977
-0.359773
-0.00203932
-0.0715234
-0.0836397
-0.0282903
0.0225987
-0.184662
-0.13904
0.0482865
-0.15592
-0.154669
-0.271728
-0.206047
-0.152794
0.0349796
-0.0967162
-0.40978
0.0453712
0.189474
-0.156612
-0.352644
0.104539
0.0447061
-0.379546
0.103432
0.304793
-0.0944207
-0.121162
-0.0463806
-0.13535
-0.16286
-0.234671
0.0508978
-0.10724
-0.359853
-0.324716
0.271761
0.200057
-0.223009
-0.123239
0.0763387
-0.0762459
0.219094
-0.122459
0.167078
0.105481
-0.0873778
0.0546752
0.0400413
0.00907045
-0.0924926
0.0960633
0.202283
-0.0711024
0.165814
0.018542
0.094778
0.119602
-0.0403303
-0.0812872
-0.285111
-0.423773
0.211288
0.115302
0.0385375
-0.254519
-0.0782995
-0.253946
-0.0769407
-0.255793
-0.184179
-0.194025
-0.266656
-0.0642973
-0.107457
0.163059
0.22964
-0.120787
-0.308785
-0.0670445
-0.293122
-0.163046
-0.0200883
-0.205152
-0.145802
0.103884
-0.0294353
-0.231752
0.0381639
-0.0994846
-0.304441
-0.259448
0.0826527
0.0822881
-0.003043
0.0485209
-0.314319
0.199239
-0.019393
0.0131433
-0.34886
-0.182141
-0.0353857
-0.365733
-0.339033
-0.359122
-0.364031
-0.0623113
0.0980357
0.00904933
0.0255563
-0.277339
-0.0344068
-0.26794
0.0967713
-0.256224
-0.441681
0.0988233
-0.24542
0.130864
-0.0393139
0.0599928
-0.0208434
-0.20459
-0.00738702
0.0247923
0.188627
-0.153268
0.095719
-0.0583646
-0.111277
0.0684903
0.150704
-0.191158
-0.352755
-0.123367
-0.0758677
0.204148
-0.242477
-0.311027
-0.0341118
-0.226563
-0.140652
-0.250198
-0.0772936
-0.130367
-0.163636
-0.0165547
-0.109561
-0.152559
-0.548572
-0.0764259
-0.307835
0.00391124
-0.0486421
-0.467687
-0.130386
-0.27103
-0.259113
-0.427481
-0.064743
-0.446987
-0.132057
-0.0688011
0.156799
-0.250846
-0.0681787
-0.286463
0.0693239
-0.126735
-0.162623
-0.482433
-0.176044
-0.35146
-0.165452
0.390035
-0.290396
-0.157866
0.318416
-0.152528
0.0143668
-0.314122
-0.390315
-0.379178
-0.395478
-0.264579
-0.155417
-0.203518
-0.338513
-0.144273
-0.131738
-0.106075
-0.294844
-0.0139539
-0.0462481
-0.0511473
-0.0619179
-0.102556
0.00844382
-0.0525461
-0.149839
-0.378605
-0.197037
0.0161552
-0.195551
-0.139624
0.0607241
0.342415
-0.285147
-0.0674683
-0.0397936
0.0759076
-0.147417
-0.157247
-0.180756
0.150232
0.0312223
-0.423761
-0.229454
0.0393343
-0.119358
-0.212694
-0.221644
0.00853932
-0.0207166
-0.065996
-0.277956
-0.19822
-0.160343
-0.530657
-0.0244587
-0.0279659
-0.235328
-0.233507
-0.56951
-0.102163
-0.0199479
-0.385649
0.196833
-0.237673
-0.44795
-0.165256
0.0612656
-0.101856
-0.275795
-0.101572
-0.162608
0.131521
-0.0750329
0.068422
-0.239868
-0.39528
0.203803
-0.288555
-0.0510705
-0.198606
-0.22713
-0.272603
0.0478573
0.128489
-0.0821548
-0.365903
-0.207285
-0.200906
-0.136041
-0.282046
-0.341923
-0.236044
-0.367117
0.0462119
-0.193491
-0.0140895
0.196702
-0.104784
0.00249972
-0.11916
-0.244054
0.00781954
-0.198863
-0.15002
-0.171822
-0.221107
-0.371635
-0.189331
0.0653188
0.00601045
-0.0972558
0.194071
0.23752
-0.0495958
0.15388
0.244203
0.600991
-0.0417713
-0.0792403
-0.374996
-0.177778
-0.500902
-0.237786
0.0581338
-0.213414
-0.014607
-0.103699
-0.235741
-0.406951
-0.0254278
0.158347
-0.179504
-0.0821398
-0.211785
-0.242158
-0.260018
-0.488475
-0.181791
-0.133939
-0.043847
-0.202813
-0.319191
-0.321488
-0.0491197
-0.101792
-0.342568
-0.198568
0.06282
-0.07876
0.281945
0.276848
-0.302049
-0.2918
0.0560332
-0.246735
-0.16038
-0.0598367
-0.187265
-0.326673
-0.456261
0.0506106
-0.388186
-0.525009
-0.40196
0.057236
-0.0150659
-0.00927346
0.0410216
-0.146195
-0.27869
-0.293418
0.0594064
-0.135387
-0.331124
-0.165809
-0.267296
-0.00709818
0.0011995
0.0476378
-0.208294
0.00875308
-0.1953
-0.117399
-0.0595889
-0.163779
-0.328421
-0.331615
0.074617
0.308732
-0.246707
-0.133787
-0.207366
0.0509203
0.0192269
-0.493522
-0.227563
-0.556569
-0.24673
-0.174116
-0.398077
-0.168055
0.113552
-0.459442
-0.0748972
0.0688446
-0.0845508
-0.21671
-0.0957814
-0.360756
-0.135446
-0.0269887
-0.212066
0.129449
-0.434106
-0.255307
0.121439
0.140785
-0.446753
-0.370126
-0.0255041
-0.107337
-0.146999
0.102183
-0.258304
-0.261249
0.0027873
-0.403222
-0.477781
-0.090893
0.0300541
-0.168783
-0.28143
-0.013922
-0.0383798
-0.132962
-0.127283
-0.218358
0.0262825
-0.092494
-0.293432
-0.326632
-0.0478279
0.092437
0.0808054
-0.11131
0.0852479
-0.182995
-0.342593
-0.2359
-0.152989
0.0674348
-0.0233012
-0.195404
0.182817
-0.182797
-0.235525
-0.038915
-0.0442473
-0.356976
-0.390022
-0.245854
-0.0238266
0.0678892
-0.152498
0.0790551
0.0696626
0.0635065
-0.154798
0.040081
-0.148299
0.0370039
-0.352369
-0.137938
0.0167465
-0.0855794
-0.155035
-0.169158
-0.2338
0.157977
0.146806
0.0717956
0.0213137
-0.137459
-0.416204
0.169146
-0.152574
-0.051718
-0.210546
-0.142784
0.241292
-0.213329
-0.179479
0.0349324
-0.129224
-0.157391
-0.276685
-0.288751
-0.173358
-0.0301689
-0.208617
-0.306294
-0.0948441
0.228057
-0.345497
-0.124141
-0.361394
-0.274174
-0.0658778
-0.090448
-0.137414
-0.0674633
-0.175446
-0.213729
0.0370936
-0.281405
-0.157708
-0.0704304
0.108048
-0.172771
-0.326571
-0.120019
-0.0602038
0.0208281
-0.322676
0.042782
0.0586302
-0.197015
-0.320153
-0.167977
-0.24772
-0.209247
-0.212742
-0.0627785
-0.0560888
-0.297816
-0.166459
-0.270663
-0.482625
-0.433554
0.00936865
-0.552664
-0.0838524
-0.369719
-0.129447
-0.155008
-0.426449
-0.171482
-0.321115
-0.265997
-0.38927
-0.253598
-0.138556
-0.220241
-0.0996603
-0.431772
-0.185573
-0.219229
-0.301529
-0.0311042
0.0911587
-0.387052
-0.239736
-0.216515
-0.0570102
-0.0283061
-0.161784
0.040319
-0.334821
-0.118462
0.0933856
0.225376
0.0097288
0.383729
0.192164
-0.173944
-0.164486
-0.399621
-0.128896
-0.339436
-0.010769
-0.323597
-0.226615
0.0570533
-0.160178
-0.526524
-0.162784
0.0301722
-0.0853921
-0.752748
0.0284491
-0.0307844
0.0250901
0.183776
-0.269919
-0.0528266
-0.116266
-0.356144
-0.133703
-0.143907
-0.0816028
-0.178068
-0.00396775
-0.03356
-0.149109
-0.118805
-0.0115438
-0.144367
-0.297507
-0.42968
-0.15923
-0.0579581
-0.00983919
0.112047
-0.524115
-0.235759
-0.237227
-0.113189
-0.306216
0.0270687
-0.404809
-0.190001
-0.152711
-0.170903
-0.278944
-0.59821
0.0801237
-0.483175
-0.0691618
0.0972615
0.140066
-0.234522
-0.457988
-0.182862
-0.0334263
0.120585
-0.416894
-0.440401
-0.0664272
0.0574111
-0.273764
0.082456
0.053247
-0.138006
0.0437037
-0.389543
-0.163565
-0.294595
-0.111744
0.00969437
-0.0404985
-0.126031
0.0552113
-0.0299998
-0.39569
-0.225525
-0.193522
-0.207675
-0.17411
-0.329746
-0.173832
-0.179699
-0.152288
0.00330299
-0.454147
0.174672
-0.202604
-0.156469
-0.00388346
-0.132122
-0.00979831
-0.183772
0.298091
-0.349092
-0.354143
0.129722
-0.0987929
-0.353128
0.020332
-0.241049
0.00227045
-0.213919
-0.291303
-0.138138
-0.0477319
0.0417073
-0.0690063
0.150865
0.0367955
-0.0848269
-0.0268388
-0.101336
-0.183826
-0.218609
-0.290638
-0.369555
-0.0372737
0.00262648
-0.00319695
0.143215
-0.184676
-0.00216533
-0.319576
-0.334609
0.0808627
-0.11496
-0.124215
-0.205819
-0.342764
0.174051
-0.238244
0.0967526
-0.0507913
-0.0169754
-0.172411
-0.0488531
-0.0296098
-0.0413664
-0.0553806
