0.159945
0.414806
-0.27133
0.291447
0.31036
0.0640855
-0.00733083
0.125253
-0.0241759
-0.111574
0.31826
0.402137
0.528334
-0.0360442
0.370797
0.284478
0.674645
-0.0693109
0.047226
0.174069
0.00856408
-0.0485587
-0.113869
0.570354
0.176255
0.325776
0.18753
0.224664
0.365099
0.587034
-0.203789
0.346356
-0.0540545
0.463143
0.145579
0.51693
-0.0649925
0.0848871
0.466477
0.382953
0.426576
-0.000528674
0.212697
-0.262475
0.107818
0.216322
0.511317
0.206326
0.164238
0.025698
-0.0439106
-0.26297
0.190222
0.268566
0.172346
-0.0929501
-0.0143308
0.106468
0.197449
0.058831
-0.242204
0.0799211
0.0269964
0.279315
0.148398
0.0214329
-0.0385558
0.303839
0.145825
0.371075
0.180184
0.677833
0.462687
0.172628
-0.0498634
0.22109
0.179762
0.0265253
-0.129352
0.0598903
0.266137
0.117518
0.342445
-0.0209696
0.05797
0.197293
-0.1921
-0.0104403
0.369091
0.0235335
0.122337
0.129424
0.147479
0.209839
-0.0910976
-0.00664735
-0.201692
0.262556
-0.301484
0.218832
0.114188
0.563396
0.151541
0.0929709
-0.0328449
-0.0087216
0.377566
-0.0796743
0.0465756
-0.0534986
0.203748
0.381493
0.366524
0.15588
0.0913747
0.1075
0.0525936
0.0798314
0.0481422
0.016142
0.0654025
0.3336
-0.0639703
0.4375
0.375004
0.247821
-0.187511
0.0360113
0.160804
-0.0306816
0.256158
0.206778
0.537666
-0.0191357
-0.0323096
0.299613
0.0602702
0.547261
0.222505
0.542045
0.208679
0.486851
0.687468
-0.169193
0.0382956
-0.19889
0.543384
0.388698
0.399745
0.411943
0.572267
0.249742
0.0496302
0.419863
0.0478264
0.120459
0.479427
-0.123338
-0.0981693
0.0626686
0.117937
-0.0166325
0.232703
0.078002
0.0277928
0.284538
0.125887
0.360301
0.00348549
0.16877
0.00929929
0.467219
0.0249025
0.0446876
0.174076
-0.0723514
0.0975783
0.0176491
0.0344277
0.13601
0.0226905
0.0281672
-0.129608
0.354083
0.0774507
0.229211
0.246423
-0.0449612
-0.0505983
0.23926
-0.12988
0.090349
0.3287
0.191325
0.260512
-0.282276
0.269008
0.0901014
0.0369727
-0.135633
0.346525
0.556474
0.329137
0.344206
0.198407
0.0191942
0.32633
-0.189451
0.105385
0.212284
0.118863
-0.201054
0.0198495
0.212074
0.203207
-0.0010196
-0.249245
0.106456
0.0802347
-0.0884098
-0.245372
-0.15932
0.126635
0.255452
0.120517
0.0831876
0.225685
0.38107
0.226526
0.105594
0.306323
0.0533249
0.269682
0.492065
0.103698
0.00883072
-0.0660862
0.397144
0.173857
0.0770957
0.349115
0.0396074
0.0706764
0.225273
-0.0601803
0.0329538
0.172921
0.375643
0.0259722
0.125682
0.148196
0.392869
0.244814
0.117036
0.274487
0.12066
0.19296
0.393693
0.193262
0.292701
0.38643
0.25549
0.217102
0.689835
0.509457
0.472261
0.291743
0.320491
0.0145728
0.140059
0.305815
0.184434
-0.00623129
-0.0324735
0.221827
0.104777
0.59809
0.408041
0.408042
0.568681
0.380229
0.160648
0.356497
0.489508
0.473085
0.248872
0.152989
0.313431
-0.00111563
0.388785
0.326232
0.0313045
0.135445
0.503859
0.269435
0.20941
0.114304
0.530194
0.284398
0.25899
0.503564
0.201085
0.370862
0.309799
0.171517
0.2165
0.192447
0.369537
-0.216485
0.336032
0.408567
0.423613
0.184151
0.35415
0.632752
0.169605
0.26594
0.245386
0.147731
0.233075
0.295296
0.408338
0.455618
0.102199
0.287529
0.287418
3.86361e-06
0.140728
0.540869
0.608939
0.0959664
0.295125
0.497884
0.165599
0.160709
0.383056
0.0296649
0.167637
0.295522
0.318712
0.0143667
0.129062
0.182592
-0.0162056
0.0939191
0.138847
0.219836
0.124584
0.573347
0.319598
0.341491
0.0519304
0.425825
0.0901495
0.248242
-0.0606688
0.105229
0.305104
0.125821
0.00621673
-0.0178465
0.225361
0.314496
0.265677
0.261586
0.0621259
0.0510091
0.126391
0.0958936
0.146529
0.0267501
0.569393
0.215299
0.285194
0.335935
0.195706
0.0243722
-0.0986312
0.24839
0.0840198
0.17965
0.300752
-0.00862028
-0.0582561
0.469301
0.0301963
0.0981338
-0.00350425
0.146603
0.38713
-0.169388
0.180522
0.231259
0.062249
0.0643899
0.0156898
0.439233
-0.0824538
0.153981
0.0303385
0.268916
0.351621
0.219498
0.222613
0.065902
0.144802
0.275739
0.252058
0.23471
0.211743
0.0717143
0.270746
0.0759832
-0.0342968
0.167987
-0.0779838
0.441525
0.379974
0.422361
0.536925
0.364965
0.33959
0.00733628
0.139524
0.409911
-0.0907617
0.171096
0.149556
0.110227
0.184122
0.0625139
0.206557
-0.0362442
0.253642
0.406429
0.465068
0.129897
0.205612
0.124476
0.289973
0.164743
0.0178241
-0.193632
0.232762
-0.172468
0.139034
0.188996
0.376294
0.424119
0.493158
0.408729
0.297841
-0.0721475
0.385974
0.189958
0.306167
0.26019
0.765275
0.484001
0.283494
0.205904
0.33511
-0.19864
0.249449
0.366084
-0.181357
0.118701
0.0751874
-0.0568134
0.0073873
0.225353
0.330891
0.26464
0.165289
0.00928137
0.254415
-0.0222263
0.138669
0.588631
0.389506
0.328034
0.113655
-0.0147955
0.103086
0.160612
0.0405645
0.31978
0.412249
0.280582
0.370363
-0.338264
0.236149
0.413188
0.130691
0.312962
-0.26431
0.219759
0.182845
0.169274
0.356015
0.534695
0.0568779
0.319727
0.0926713
0.476855
0.137645
0.497912
0.118803
0.191741
0.377298
-0.0242917
0.153503
0.102695
0.402647
0.204055
0.440759
0.384882
0.194042
0.0368542
0.240901
0.17991
0.162926
0.13969
0.277993
0.338965
0.266032
0.361424
0.121079
0.404639
0.0897744
0.467684
0.370525
0.600888
0.714681
0.126927
0.0790202
0.505016
0.029637
0.291022
0.266672
0.201694
0.207432
0.419983
0.241512
0.205932
-0.00834677
0.353351
0.243996
0.283464
0.386616
0.513297
0.27118
0.213839
0.694902
-0.00906267
-0.0691046
0.339396
0.0769382
0.438375
0.0169533
0.224257
0.494689
-0.00118384
0.328036
0.339006
0.547229
-0.0505493
0.223369
0.175393
0.108176
0.166975
0.17701
0.384081
0.00507839
0.274871
0.353674
0.156275
0.241906
0.648431
-0.0296811
0.507493
0.00523784
0.234996
0.197669
0.190213
0.555534
-0.031173
0.671093
0.190413
0.263049
0.254101
-0.0615537
0.155298
0.178722
0.061585
0.114845
-0.0267256
-0.0360961
-0.00411532
0.24006
0.0852474
0.0510158
0.716819
0.495763
0.174847
0.231668
0.360129
-0.0352516
0.0685862
-0.0229622
0.1248
0.269832
0.487912
0.158065
0.548932
-0.10219
0.0308143
0.225185
0.289307
0.247595
0.280241
0.380586
0.2677
0.05271
0.427315
0.579495
-0.285114
0.48367
0.266115
0.168461
0.0961004
0.349668
0.195337
0.775871
-0.00759466
0.508217
0.449924
0.335346
0.524061
0.0582776
0.349366
0.242974
0.379086
0.346583
0.245256
0.146839
0.265465
0.427313
0.249397
0.457692
0.504578
0.298188
-0.0924718
0.393323
0.262002
0.0809837
-0.228186
0.101387
0.202054
0.228028
-0.0923209
0.228511
0.194382
0.179108
0.14764
-0.339653
0.330521
0.12726
0.185257
-0.212214
0.555174
-0.0339988
0.318547
0.406168
0.565093
0.423691
0.385324
0.031835
-0.0204736
0.389589
0.000518371
0.076722
0.274999
0.17072
0.378346
0.134117
0.238796
0.233814
0.124869
0.432771
0.385018
0.0526957
0.269856
0.427254
-0.0622416
0.0887094
0.384128
-0.213995
-0.0354692
-0.0301189
-0.0759216
-0.0142513
0.0321392
0.0915567
0.250067
0.261302
0.16036
0.189657
0.397942
0.319409
0.260496
0.246973
0.122536
0.343623
0.484857
0.162647
-0.114718
-0.0381152
-0.10822
-0.0185242
-0.0198805
0.351791
0.23153
0.540521
0.175626
-0.281685
0.305755
0.224992
0.329668
0.116515
0.146934
0.13409
0.043941
0.252575
0.524201
0.125746
0.463669
0.0627692
-0.0152442
-0.12538
-0.0307798
0.213727
0.121899
0.115802
0.15177
-0.0239708
0.0756925
-0.0449505
0.021198
0.0485312
0.177069
0.263149
0.559989
-0.114847
0.278956
0.160965
0.341074
0.357497
-0.0553923
-0.272208
0.473738
0.256548
0.577605
-0.327198
0.040739
0.31788
-0.0343642
0.0583901
0.266716
0.255506
0.12521
0.517122
-0.154988
0.384406
0.267504
-0.0335473
-0.0963154
0.27277
0.342311
0.359534
0.0106355
0.391498
0.144622
0.392563
0.162266
0.406277
0.747437
0.248597
0.115396
0.321331
0.295016
0.265066
0.537699
0.137445
0.524175
0.35803
0.578595
0.321438
0.575279
0.452237
0.376114
0.113602
0.233198
0.348206
-0.0846483
0.00856697
0.382563
0.500167
0.522761
0.365276
0.462153
0.180417
0.233926
0.0663984
-0.160912
0.0641501
0.243929
0.0664336
0.241678
0.320784
0.266377
0.342958
-0.00184276
0.413795
0.304227
0.549471
0.00470293
0.479929
0.479413
0.205447
0.459428
0.491654
0.223847
0.17582
-0.0610139
0.370758
0.302612
0.00715896
0.283727
0.147373
0.272766
0.167196
0.0149738
-0.10797
0.47456
0.33629
0.294907
0.127306
0.143485
0.158478
0.0334851
0.543319
0.521018
0.238561
0.414521
-0.242602
0.0477045
0.0720695
-0.00723821
0.294772
0.134817
0.296849
0.449655
0.20711
0.173338
0.173796
0.164436
0.171383
0.246346
0.373956
0.503623
0.18676
0.392744
0.01908
0.10646
0.498191
0.0109062
-0.0108006
0.276526
0.323499
0.159126
0.635742
0.0499483
0.47912
0.474707
0.33306
0.309694
0.122185
0.650694
0.114862
0.317181
0.627695
0.322549
0.252517
-0.11506
0.107413
0.497872
0.416046
0.238329
0.0345173
0.390971
0.355529
0.335838
0.396249
0.404465
0.222361
0.178084
0.501599
0.0980918
0.159047
0.431938
0.353146
0.416259
0.23299
0.263556
0.366436
-0.270955
0.289682
0.393624
0.368079
0.0294784
0.200576
0.411324
0.126803
0.0789083
0.376026
0.179617
0.361916
0.570808
0.477163
0.269106
0.43223
0.488354
0.549135
0.0708796
-0.0284428
0.187983
0.0785747
0.383507
0.610771
0.303201
0.313116
0.366955
-0.0518962
-0.118069
0.197799
0.309782
0.0151804
0.456493
-0.0479396
0.636761
0.248992
0.345919
0.172957
0.242528
-0.0952313
0.0936012
0.308783
0.321195
0.128312
0.581029
0.229037
0.18145
-0.0688634
-0.156866
0.0365491
0.444996
0.0391204
0.460938
0.383162
0.292693
0.171199
0.0729573
0.437778
0.467745
0.43322
0.421353
-0.277204
-0.307446
0.418813
0.402753
0.114534
-0.0948569
0.33826
0.458826
-0.0544466
-0.0593625
0.0797785
-0.0622324
-0.0371056
0.378111
0.0651041
0.277009
0.516755
0.72978
0.0468578
0.235181
-0.219992
0.580232
0.197025
0.0448299
0.0938167
0.546279
-0.0733686
0.156847
0.322874
0.0730977
0.0682573
-0.190636
-0.268414
-0.0939129
0.10256
0.293155
0.0274441
0.406757
0.116687
0.234226
0.347182
-0.129945
-0.117833
0.247947
0.0740263
-0.193786
-0.0382125
0.0415667
0.41275
0.151643
-0.0288555
-0.202128
0.194005
0.292182
-0.121107
-0.100978
0.2165
0.0247714
0.549627
-0.029717
0.407723
-0.0434194
0.221176
0.355563
0.320999
0.622771
-0.408923
0.0649633
-0.122269
0.108784
0.702091
0.0621143
0.29484
0.381025
0.0345083
-0.0975513
0.458323
0.10387
0.130861
0.347247
0.570726
-0.0583044
0.0974675
0.0892899
0.327085
0.110286
0.363667
-0.255062
0.68194
-0.0552985
-0.077179
0.148606
0.233229
0.367076
0.00589249
0.199761
-0.30984
0.299198
-0.316337
0.617922
-0.679925
0.146391
0.704179
-0.639168
0.74874
0.0199585
0.15525
-0.00614441
0.0502961
0.0413539
0.178278
0.227329
-0.132189
0.40296
0.0263591
0.358795
-0.125686
0.640463
-0.506005
-0.435901
0.799614
0.383211
-0.424208
-0.00949361
-0.334863
0.27837
0.113339
-0.226998
0.239834
-0.528944
0.471896
1.02188
-0.496546
-0.122652
-0.208459
0.521609
0.297846
0.689154
-0.691938
0.36633
0.433635
0.622925
-0.159965
0.0147819
-0.0110341
0.215437
0.178594
-0.576614
-0.670082
-0.393265
-0.360126
0.52778
-0.0157118
1.26874
-0.387674
-0.1086
0.809165
0.198524
0.372991
-1.08809
0.156669
-1.43433
0.489849
-0.084278
-1.10279
-0.150889
-0.868376
0.296756
-0.243078
0.0546159
-0.0769891
-0.0151973
0.0928013
-0.165575
-0.282746
0.209575
0.1039
0.177408
0.264005
-0.665294
0.924661
0.344041
0.163722
-0.165724
0.854044
-0.0335858
0.26266
0.0743866
-1.01293
0.909657
-0.6468
0.724748
-0.511181
-0.262447
-0.587118
0.0383854
0.361054
-1.03669
0.321948
-0.393573
0.0465114
0.0952867
-0.0514377
0.13157
0.0381768
0.175328
0.183736
-0.0378985
-0.630028
-0.0217417
-0.666241
0.338922
-0.0473541
-0.665026
-0.135612
-0.603994
0.727135
-0.650402
0.787621
-0.587779
-0.389013
0.0890184
-0.0941295
0.332394
-0.495169
0.452412
-0.795919
0.605752
-0.113944
-0.783665
-0.485413
0.11743
0.262021
-0.274289
0.375692
0.361193
-0.496545
0.258038
-0.506251
0.253235
-0.0109363
0.222534
-0.780291
-0.369183
0.59092
-0.570903
0.139653
-0.139478
-0.370298
-0.130999
-0.334487
-0.219183
-0.0260547
-0.318277
-0.403719
-0.260567
-0.260381
-0.0342447
-0.178155
0.0614841
0.212419
0.0319961
-0.0937923
0.0244588
0.105399
-0.127945
-0.345531
-0.345539
-0.142367
0.036889
0.23618
0.0211562
-0.125161
-0.0576983
0.0648522
-0.145223
-0.470793
0.161687
-0.218381
-0.154145
-0.29821
-0.442058
-0.444958
-0.229102
-0.175102
-0.573001
-0.347185
-0.269411
-0.352851
-0.410309
-0.264167
-0.171387
-0.294561
-0.0943226
-0.331873
-0.394807
-0.071852
-0.631262
-0.229627
-0.331969
-0.177787
-0.078366
-0.516199
-0.503349
-0.0542482
-0.239816
-0.162075
0.0151031
-0.628294
-0.432816
-0.0994186
-0.121183
-0.447092
0.122994
-0.0970883
0.100166
0.377397
-0.0928791
-0.202629
-0.153649
-0.462506
-0.0566135
0.319301
-0.0578221
0.13695
-0.287422
-0.353302
-0.152492
-0.0789193
-0.0508431
-0.426276
0.0754969
-0.0507903
0.198717
0.4441
-0.429605
-0.0293298
0.173329
-0.180771
0.0933474
-0.0137368
-0.222305
-0.122912
0.124343
-0.216137
-0.126904
-0.0303273
0.0298143
-0.399489
-0.346655
-0.0711336
-0.226009
0.000205208
-0.52413
0.0453807
-0.0441248
-0.210727
0.0117454
0.216569
0.0102715
-0.204553
-0.0129249
0.246822
0.236599
0.103364
0.24603
0.321921
-0.413592
0.151633
0.384258
-0.453685
-0.00507031
0.197039
0.0730309
0.931017
-0.487992
0.418261
0.419892
0.606589
-0.412613
0.625751
0.049201
-0.472017
-0.126836
0.0098278
0.534416
-0.0114599
0.451069
-0.549674
0.315021
0.0348935
0.00238581
0.860413
0.0745039
-0.488467
-1.00093
0.351089
0.420747
-0.649715
-0.275608
-0.810127
0.731748
0.429241
1.38821
-0.251245
0.217074
0.0153613
-0.486531
1.0223
-0.543573
0.674311
-0.727223
0.816172
0.504641
-1.38903
0.550724
0.479347
-0.122265
0.266029
0.590466
-0.366003
0.071251
0.822888
0.350411
1.27836
-0.350189
0.0907889
0.0370542
0.741997
-0.652629
0.390886
-0.103556
0.417846
0.499552
-0.436299
0.443761
0.591492
0.367869
-0.787906
0.00707413
-0.325219
1.29921
-0.568485
0.257939
-0.620614
0.795653
0.273984
1.01125
-0.740287
-0.160639
1.77082
-0.390924
1.35532
-0.198894
0.797557
-0.260305
0.601948
0.129145
-0.673429
0.175565
-0.865496
1.1247
0.678249
0.0817
0.987103
-0.0697113
1.0548
-0.101488
0.817939
0.14575
0.433857
0.475864
1.10827
0.278619
0.428953
1.12035
-0.537677
0.115879
0.403105
0.289966
-1.19188
1.55757
0.291911
-0.402587
0.707486
-0.640476
0.662907
0.471709
0.144486
0.663514
0.440199
0.183038
0.544859
-0.388829
0.401468
0.404942
-1.22314
0.718605
0.391219
0.175849
0.131373
0.265635
0.914002
-0.0106273
0.401408
0.318098
0.0972483
0.674246
0.103423
0.891054
0.14457
0.466275
0.0542424
0.463319
0.375388
0.723898
0.571336
-0.360707
0.0338664
0.2293
-0.272183
0.46469
1.01363
-0.0648118
-0.26098
0.457516
-0.681104
0.952636
0.332368
0.422041
-0.494742
0.609605
0.121
0.0888175
0.763853
-0.476001
0.773099
-0.483301
-0.0347194
-0.474635
-0.459327
-0.501945
0.368427
0.408591
0.174535
0.571595
-0.208039
-0.269407
0.764262
-0.771812
0.694169
-0.529832
0.124414
0.350007
0.586049
-0.278901
0.0542497
0.282298
0.470655
0.57142
-0.633822
-0.305219
-0.035028
0.406749
-0.316878
-0.00734533
0.194631
0.243454
0.0849187
-0.447157
-0.0358083
-0.352211
0.034827
0.549787
-0.0129397
0.268074
-0.0531759
-0.158108
-0.217567
-0.325414
-0.219522
0.195055
-0.382518
0.0711123
0.0736445
-0.130139
-0.604322
0.0485938
0.352158
0.168935
0.0921608
-0.187964
0.466079
-0.061748
0.170904
-0.270458
0.153279
0.272796
-0.279846
-0.168459
-0.127496
-0.0430541
-0.366244
-0.123157
0.230892
-0.309091
0.0828167
-0.0651694
0.271207
-0.432413
-0.135577
0.343735
-0.534734
-0.0856932
-0.673811
-0.308494
-0.700908
0.283824
-0.23635
-0.137865
0.529
0.185103
0.0793601
0.0749425
0.126324
-0.168404
0.390621
0.476003
-0.336496
-0.238764
-0.550783
0.0790832
0.0912595
-0.166737
0.540898
-0.658011
-0.33864
-0.0049016
-0.220648
0.269493
-0.383416
0.130394
-0.0684565
-0.581671
-0.26275
0.0373482
0.63227
-0.742129
-0.11187
1.15851
-0.339018
0.141837
0.578428
-0.243905
-0.146763
0.14694
-0.284828
-0.14923
-0.0374293
0.155479
-0.022825
0.568827
0.00276339
-0.196612
0.925481
-0.34424
-0.269733
-0.040898
0.796983
-0.500418
0.383385
0.533983
0.116203
0.976071
-0.0190256
-0.203656
0.309204
-0.725713
0.552821
0.553261
0.653398
0.188345
0.237578
0.0393165
0.0783456
0.238792
0.0104673
-0.131867
-0.193696
0.0173396
0.596986
-0.259395
0.588921
0.148512
-0.172769
0.0571891
0.0082091
0.073188
-0.0364592
0.517202
0.0876864
0.278558
0.239541
-0.185209
-0.114855
-0.00620256
0.332877
-0.306332
0.382815
0.114172
0.445891
0.0618857
0.228184
0.320453
0.253452
0.481891
0.355342
-0.0939096
-0.112163
0.694689
0.0794039
-0.0670163
-0.114967
0.120053
-0.0789751
0.468433
-0.282876
0.28973
0.0609132
0.230609
-0.298246
0.505764
-0.0124171
0.481108
-0.124978
-0.018277
0.21199
-0.00480516
0.317539
0.211566
-0.197671
-0.245557
0.47232
0.00935983
0.0772973
-0.00457331
0.256289
0.135539
-0.107906
0.574502
-0.34147
-0.0484526
0.150458
0.00287234
0.173162
0.0609554
-0.0548176
-0.0496083
0.0657152
0.382946
0.00126939
0.574312
0.0169166
0.341165
0.463577
0.521067
0.235369
0.115048
0.225238
0.187583
0.460544
0.165932
0.464519
0.282999
-0.119214
-0.0529266
0.0158597
-0.0733455
0.087811
0.232976
0.206878
-0.58059
-0.280185
0.153749
-0.347331
-0.051859
0.00661592
-0.334056
0.373758
0.0913242
-0.304962
-0.277931
-0.166244
0.0400091
0.152605
-0.203944
0.158407
-0.231773
-0.649289
-0.595352
0.225069
-0.0978907
0.473061
-0.178799
0.33034
-0.0425336
0.151919
0.627916
-0.161302
0.473004
-0.655945
0.872081
0.484808
-0.962178
0.296735
-1.12174
0.925876
0.54193
0.73603
0.222294
-0.634615
0.465023
0.226341
0.895289
-0.158665
-0.0569929
0.535498
0.252836
1.01618
-0.17679
0.177392
0.936915
0.249497
0.683062
0.0446768
-0.345162
0.124913
0.175137
-0.0715881
0.0318612
0.411408
-0.507591
0.41375
0.93737
-0.0860567
0.668303
0.156403
-0.0117374
-0.169074
0.461648
-0.031193
0.472487
-0.0549672
0.229373
0.446964
-0.084068
0.595363
0.355841
0.398528
0.26961
0.708607
0.343407
0.324871
0.298128
0.328922
0.263881
0.128152
-0.045137
-0.0847806
-0.0742597
-0.00691232
0.0430556
0.426589
-0.0436434
0.0644623
0.283189
0.328926
-0.28264
0.443056
0.282005
-0.0931461
0.0811674
0.29172
0.0661766
-0.110506
0.249182
0.279956
0.0408706
0.000484401
-0.0779614
-0.201976
0.351988
0.138709
0.181878
0.265861
0.248096
0.179323
-0.0413982
0.143383
0.162901
0.457495
0.00109498
0.257945
-0.0171427
0.0569614
0.292934
0.59036
0.209649
0.139844
0.254318
0.364815
0.531118
0.096592
-0.117535
0.0511553
0.0983673
0.345149
0.352139
0.488072
0.104774
0.56843
0.272196
0.414722
0.19965
0.0599632
0.367439
0.071429
0.0777087
0.434324
0.236962
0.339667
-0.0928202
0.423117
0.289834
-0.0827441
0.169302
0.111108
-0.00224593
0.267955
0.188017
-0.0349091
0.169763
0.2364
0.251177
0.340833
0.414737
0.487556
0.384152
0.213881
0.250751
0.405244
0.0899261
0.194488
0.37683
0.509819
0.334399
0.0879772
0.294918
0.131921
0.257887
-0.0176329
-0.194238
0.41409
0.641412
0.137451
0.118014
0.675704
0.30648
0.412886
0.237118
0.216164
0.335876
0.440583
0.366992
0.302313
0.0876433
0.234067
0.0241011
0.107122
0.271481
0.196921
0.535097
0.34861
0.247056
0.509129
-0.201565
0.0656046
-0.0350522
0.0582636
-0.0633586
0.596161
0.309952
0.242408
0.362333
-0.00727338
0.114564
-0.310658
-0.00778419
-0.0161939
0.574631
0.594553
-0.0471364
0.238643
0.0736836
0.394191
0.136313
0.176083
0.264582
0.324687
0.376864
0.0624644
0.284821
-0.0147915
0.117294
0.271233
0.0921668
0.489186
-0.00202787
0.284688
-0.0029051
0.468561
-0.00247723
0.373462
0.0744555
-0.00948531
0.138197
0.260469
-0.17137
-0.0825235
0.0474709
0.395238
-0.122862
-0.062976
-0.128685
-0.034236
-0.159876
0.147501
0.322826
0.34778
-0.0260767
0.357257
0.182147
0.117494
0.108767
-0.262552
0.54338
0.0409539
0.0405289
0.046192
-0.116444
0.315148
-0.0461747
0.597228
0.040787
0.525756
0.24883
-0.00157709
0.462987
0.275097
-0.0635246
-0.0353689
0.0746557
-0.0286316
0.146109
0.439984
0.168022
-0.0401819
0.444154
0.745328
0.253424
0.183634
0.129783
0.503832
0.485636
0.473115
0.227066
0.244834
-0.047841
0.255331
0.446512
0.143641
0.210604
0.212549
0.0879492
0.257631
0.193711
-0.106923
-0.153065
0.197208
0.396922
0.406177
0.228832
-0.0814697
0.267268
0.171603
0.308164
0.0637265
-0.153816
0.16678
-0.220165
0.505021
0.111089
0.422482
0.120137
0.407787
-0.227228
0.063994
0.420584
0.136174
0.300573
-0.0438838
0.365876
0.105551
0.232778
-0.184143
0.28334
0.596405
-0.150757
0.127418
0.202844
0.0619052
0.0476016
0.263677
0.175719
-0.288378
-0.00925474
0.0169652
0.0585641
0.251212
0.159924
0.617676
0.375419
-0.114032
-0.0262217
0.0554033
0.034346
0.232495
0.0510529
0.355627
0.496253
0.147941
-0.0568072
-0.119198
0.545723
0.330268
0.0535372
0.4273
0.277119
0.219989
0.113357
-0.148866
0.60653
0.126384
-0.13387
-0.151288
-0.140227
0.465759
0.215728
0.214943
0.203879
0.34252
0.116043
0.275906
0.547158
0.161974
0.0958749
0.681949
-0.278459
-0.337751
0.649629
0.314127
-0.580922
0.228474
-0.0613151
0.389091
0.156448
-0.837274
-0.80089
-0.466213
-1.25272
0.455314
-0.958873
0.0532908
-0.604737
-0.090045
-0.388978
0.132092
-1.06632
-0.203203
0.728088
-0.287888
-0.133925
-0.152378
-0.159319
-0.102516
-1.33802
0.569143
0.184632
-0.338
0.387271
-0.897889
0.0173405
-1.82867
0.620985
0.591795
-1.98144
0.990771
-1.208
1.43545
-0.0850024
1.07729
-0.774499
-0.232964
1.19124
0.0260568
0.241439
0.224954
0.333712
-0.240119
0.369621
0.0563028
0.0688825
-0.534166
1.05092
-0.574992
0.537594
1.01624
0.666839
0.450374
-0.267855
1.09857
-0.346306
2.22971
-0.588751
-0.429831
1.23385
0.896217
0.907963
-2.07727
0.940064
-1.24871
0.472241
1.56363
-1.91845
1.28357
-1.4897
0.737975
1.01685
1.08107
0.190099
-0.822882
0.43552
-0.972417
0.932635
-0.29389
-0.641323
0.274159
-0.0118053
-0.258127
-0.331949
0.637847
-0.370672
0.340452
0.483741
0.138951
0.643902
-0.0690002
0.465524
0.235981
0.385114
0.310557
0.846283
-0.527911
0.395689
1.00989
-0.0745865
0.647743
-0.20828
0.265582
-0.168621
0.588372
-0.33183
0.0638483
-0.622001
-0.103217
0.0676956
0.0900254
-0.127082
0.555799
-0.551443
0.0660626
0.730311
-0.121933
-0.299332
0.242853
0.26922
0.234168
-0.0493796
0.289554
-0.19817
0.526665
0.41039
0.369196
0.119466
0.210123
0.521627
0.440118
-0.236625
-0.339394
0.521207
-0.0411073
0.124093
-0.61726
0.26083
-0.12444
0.401007
-0.602059
-0.0336009
-0.471571
-0.059222
0.176558
-0.58175
0.459283
-0.0869617
-0.624268
-0.320849
-0.300442
-0.389006
-0.233745
-0.311357
0.0467579
-0.811251
0.213043
0.197313
-0.778528
0.178708
-0.79154
0.328716
0.280537
0.0915645
0.201242
-1.06476
-0.0646205
0.765886
0.365873
0.170139
-1.95353
0.0578853
-0.916999
0.129128
-0.640507
-0.760198
-0.847868
-0.973743
0.733653
-0.417063
-0.00279646
0.211134
-0.0195686
0.170253
0.551523
-0.496361
-1.03386
-0.194786
-0.0805602
-0.818723
0.0350909
0.442685
-0.626305
0.312704
-0.630996
-0.974827
-0.715516
0.295558
-0.644963
-0.198725
-0.675832
-0.375103
-0.748763
0.326898
-0.620372
-0.447531
-0.317553
-0.434259
-0.721614
0.109972
-0.784488
-0.146341
-0.439967
0.0656756
-0.137998
-0.342239
-0.391701
-0.405435
0.281153
-0.306825
-0.125959
0.140892
0.0287113
-0.0511888
-0.480064
-0.492838
-0.0125172
-0.261937
-0.186547
0.0776204
0.0882667
-0.116395
0.149257
-0.376562
0.379181
0.355983
0.278288
-0.0330192
0.361383
-0.259276
-0.453106
0.407904
-0.14065
-0.175329
-0.156127
0.112389
-0.402796
-0.156791
0.0565147
0.133031
-0.0276715
-0.448954
0.162825
-0.138333
0.0179236
-0.306771
-0.0109988
-0.147534
0.276375
0.605181
-0.0922749
0.233311
0.137523
-0.275508
-0.338483
0.0265462
0.485953
0.259625
-0.275211
0.289599
-0.194014
-0.111401
0.179688
0.0485609
0.294424
0.236215
-0.0626757
-0.0960812
0.133599
0.0480421
0.0582887
0.266585
-0.0319187
-0.0562768
-0.341988
-0.027996
-0.322954
-0.241676
-0.124249
0.272222
-0.0287169
-0.220242
-0.0705102
0.0891099
-0.330303
-0.236792
-0.00219427
0.133306
0.147971
0.122401
-0.381843
-0.130211
-0.168625
-0.0718872
-0.0358496
-0.0687923
-0.350567
-0.117896
-0.205237
-0.0798833
-0.00925035
-0.274292
0.0105752
0.153375
-0.0672089
-0.330943
0.0574995
-0.0844775
-0.104442
0.0275906
-0.185329
-0.227486
-0.20879
-0.259551
-0.0991592
-0.356165
0.169163
-0.709582
0.102438
-0.321391
-0.304219
-0.552785
-0.295622
-0.0402281
-0.00415313
-0.217038
-0.0283501
-0.297395
-0.360031
-0.14018
-0.395256
-0.017822
-0.20302
-0.130554
-0.0959301
-0.220601
-0.624275
-0.0954859
-0.582941
0.121769
-0.411458
-0.396439
-0.0936688
-0.253597
-0.350956
-0.300687
-0.322652
-0.127212
-0.619215
-0.352314
-0.364504
-0.102986
-0.467024
0.00578138
-0.196238
-0.28192
-0.493952
-0.680498
-0.0290467
0.0925027
-0.39304
-0.120331
-0.202685
-0.488069
-0.0159845
-0.301536
-0.324535
0.137015
-0.036735
-0.273975
-0.0450417
-0.210827
-0.213072
0.202913
-0.613808
-0.167633
-0.1482
-0.168802
0.159208
-0.0756227
-0.0207638
-0.102776
-0.160541
-0.0457569
-0.304194
0.00663442
-0.468184
-0.36371
-0.0322794
0.367738
-0.252424
0.0997911
-0.190842
-0.186338
-0.112431
-0.275926
-0.388654
0.512153
0.569554
0.0367206
-0.0681382
0.234085
-0.0230222
0.173932
0.267949
0.32098
-0.754779
0.787859
-0.804878
0.745343
-0.175049
-0.687815
0.101956
-0.701097
1.03
-0.389032
-0.0577076
-0.256517
-0.0999336
0.0537015
-0.0787515
-0.54707
-0.429485
0.14066
-0.0333656
0.0727726
-1.51193
0.921172
-0.725311
0.611056
-0.486607
-0.28935
-0.616546
0.115049
0.060235
-0.955622
0.13009
-0.258403
0.410444
-0.229782
0.869816
-1.14293
0.390159
-0.65121
-0.0853799
0.562366
-0.829428
-0.406027
0.0591223
0.459137
0.279452
1.04214
-0.0529182
-0.167787
1.00014
0.786515
0.374794
-0.450839
-0.501293
-0.91779
1.21383
-1.35387
1.12578
-0.641003
-0.486483
0.81923
0.187445
0.84659
-1.42632
1.32952
-0.0275797
0.38577
0.0569993
-1.1344
0.691646
-0.521044
0.893403
-1.34144
0.91905
-0.107814
-0.0527314
-0.733852
0.0464851
-0.543805
0.0172185
0.246027
-0.832611
-0.699705
-0.24639
0.0480866
-0.693177
-0.0642303
-0.173866
-0.327278
-0.385615
0.575261
-0.680229
-0.577775
0.380484
-0.265096
0.319837
-0.63966
0.0741232
-0.695927
0.500139
-0.111135
-0.195943
0.442992
-0.49768
0.285441
-0.0622722
0.220261
0.0348917
-0.0281015
0.138544
0.350497
-0.223925
-0.529129
0.149991
-0.337448
-0.0795374
0.39735
0.115782
0.261215
-0.302019
-0.469029
-0.427313
0.0705617
-0.270344
-0.220355
0.0261731
-0.346341
-0.108253
0.0597541
0.18956
-0.111175
-0.0452246
-0.247681
-0.831198
-0.169655
-0.0633289
-0.129538
0.0905751
0.606029
0.0299143
-0.36359
-0.0989056
-0.256094
-0.309022
0.00306584
-0.0422526
-0.630693
-0.227363
-0.208089
0.143822
-0.403286
-0.288772
0.374553
-0.527158
-0.123418
-0.186789
-0.15322
-0.458915
-0.162217
-0.353442
0.0468831
0.281997
-0.262555
-0.415236
0.0425556
-0.25472
-0.293049
-0.0954682
-0.356782
0.125869
-0.0630896
0.0619153
-0.0102503
-0.0517108
-0.217697
-0.19144
-0.0637706
-0.39939
-0.0682678
-0.146154
-0.236757
-0.103564
0.393289
-0.197707
0.159063
-0.300965
-0.097543
0.0505784
-0.335097
-0.678238
-0.186906
0.117646
0.109292
-0.0178508
-0.0625761
-0.0700338
-0.252771
0.176845
-0.0415487
0.2534
0.0357319
0.434992
0.207858
-0.0627946
0.174682
0.0112331
0.122038
0.248952
0.332377
0.333371
0.40063
0.127461
-0.101715
0.374611
0.187113
0.160654
0.355535
0.194986
0.262409
0.112759
-0.292264
-0.288099
-0.127783
-0.143158
0.258038
-0.163138
0.0771918
0.0729551
0.179287
0.201905
-0.170905
0.125634
-0.157537
0.0216845
-0.18781
0.282988
0.272343
0.0951228
0.633898
-0.136794
0.117944
0.320337
-0.179535
0.271358
-0.122078
0.207698
-0.0957581
0.0211477
0.207276
0.122022
-0.0980541
0.042607
-0.320235
-0.384691
-0.148545
0.312174
0.661225
-0.136007
0.347501
0.100485
-0.302941
-0.00109791
-0.114638
0.0394934
0.157359
-0.0156401
0.104678
0.225893
0.56747
-0.21306
0.274701
-0.181431
0.0283119
0.103629
-0.217177
-0.228039
-0.215021
0.436005
0.194453
-0.414328
-0.26576
0.206149
0.0662874
-0.27012
0.369628
0.111431
-0.133264
-0.252782
0.334039
-0.174524
0.332371
-0.198455
0.175846
0.440468
0.287712
0.249857
-0.0117362
0.0785554
0.113947
-0.314409
-0.110418
-0.119069
-0.311257
-0.525256
0.56185
0.354627
-0.0593822
0.405244
-0.139608
-0.0471008
-0.31893
-0.0604151
-0.119172
-0.149111
-0.101622
-0.0526196
0.164181
-0.0366779
0.0355963
-0.0562467
-0.281005
-0.405922
0.311063
-0.18724
-0.192158
-0.116847
-0.334495
-0.22678
0.258363
0.0454078
0.204535
-0.394465
0.213778
-0.063549
-0.489614
0.0251938
0.150284
-0.124988
0.112971
0.570134
0.261571
0.298536
-0.199167
0.102201
-0.267195
0.314238
0.00266478
-0.506973
0.581099
-0.22492
-0.179116
-0.130784
0.0839196
-0.200141
-0.176757
-0.164369
-0.32587
0.249
-0.20674
-0.200244
-0.187938
0.887124
-0.244697
0.0711456
-0.00575326
0.260067
-0.0820203
0.0424766
-0.327218
0.185516
-0.177937
-0.201754
-0.121614
-0.0589632
-0.0913523
-0.382282
0.487967
-0.672425
0.470413
0.145503
-0.628653
-0.0889201
-0.102555
0.390977
-0.74881
0.592222
-0.220116
0.213407
0.296535
-1.00144
0.131494
-0.295215
0.320932
-0.32065
-0.0481144
0.0234476
-0.497096
-0.404352
-0.341087
0.229624
-0.370175
0.555695
-0.00794185
0.163579
0.203827
-0.198667
-0.281011
-0.519799
0.175423
-0.579495
-0.0822635
-0.0322166
-0.682307
-0.265199
0.258183
0.113529
-0.148018
-0.0510321
-0.10947
-0.16336
0.088982
-0.114242
0.128592
-0.701874
0.204744
-0.177
-0.121445
-0.550906
-0.0935286
-0.19442
-0.12464
-0.115002
-0.157569
-0.288614
-0.115368
-0.348211
-0.0495973
0.0287894
-0.31759
-0.312874
-0.199068
-0.0610386
-0.193279
-0.209065
0.0131743
-0.0274047
-0.331684
0.0034644
-0.33501
-0.47654
-0.100383
-0.372778
-0.181449
-0.174309
-0.0585852
-0.257191
-0.334846
-0.0635125
-0.180584
-0.0698035
-0.109989
-0.127025
-0.2361
-0.6316
-0.424839
-0.354492
-0.225085
-0.444581
-0.325297
-0.67625
-0.355007
-0.616536
-0.48563
-0.734165
0.0058386
-0.502503
-0.289809
-0.550862
-0.328596
-0.106059
-0.523885
-0.208761
-0.414557
-0.254355
-0.0210989
-0.272466
-0.356506
-0.754718
-0.138083
-0.0424469
-0.198462
-0.214696
-0.249173
0.269068
-0.22479
-0.346078
-0.424945
-0.260752
-0.283887
-0.186074
0.0246523
-0.785619
-0.859655
-0.446497
-0.387078
-0.180369
-0.231205
-0.808038
-0.469975
-0.00576074
-0.519168
-0.0154167
-0.715024
-0.600297
-0.276907
-0.555697
-0.183325
-0.333061
-0.089561
-0.0304928
-0.440292
0.130884
-0.134125
0.424484
-0.249483
-0.141328
-0.701925
-0.514527
0.212882
-0.596558
-0.0259567
0.031003
-0.19401
-0.484711
0.259868
-0.348176
0.0735097
0.0444865
-0.141886
-0.199062
-0.129823
-0.182555
0.10384
-0.0822563
-0.676257
-0.049114
0.148443
-0.00664365
-0.187725
-0.460169
-0.147087
-0.123378
-0.132047
-0.530053
-0.169585
-0.15785
0.0809516
-0.31103
-0.317065
0.227522
0.574336
-0.19487
0.195786
0.144221
0.220064
0.32326
-0.0209058
-0.1948
0.0601431
0.43456
-0.00680341
0.167964
0.242637
-0.320028
-0.220108
-0.167309
0.339997
0.180534
-0.0127474
0.0248811
-0.26166
-0.44922
-0.325729
-0.0199663
-0.212242
0.0621453
0.261718
-0.343451
-0.159077
-0.0466078
-0.292235
0.104914
0.30284
0.0638773
0.0220656
0.235416
-0.0687241
-0.0539076
0.261357
-0.521379
-0.111636
-0.100071
-0.0292152
-0.363313
-0.344489
-0.39002
0.133563
-0.0349831
-0.186771
-0.0208521
-0.407799
-0.594253
0.149375
-0.0210986
0.143009
-0.3252
-0.447086
-0.291723
0.229758
0.0287944
0.444689
0.0605575
0.267419
-0.290677
-0.29099
-0.122075
0.165277
-0.0377457
-0.566569
0.15347
0.0174921
0.105379
-0.954827
0.304171
-0.682698
-0.0168201
-0.331085
0.238446
-0.562747
-0.258518
-0.0893764
-0.409349
0.0481292
-0.0905405
-0.0630356
0.31755
0.310364
-0.98964
-0.088333
-0.161078
0.594596
-0.739137
-0.536101
0.351438
-0.407593
0.205347
-0.460643
-0.796546
0.0288472
-0.609474
-0.64003
-0.306329
0.714465
-0.722302
-0.0530537
-0.173485
-0.431102
-0.371197
0.494376
-0.778273
-1.10177
-0.112765
-0.867157
-0.464005
-0.195664
-0.275948
-0.257711
-0.444876
-0.229828
-0.326989
-0.282512
-0.201426
0.0249999
-0.427824
-0.878596
-0.223687
-0.587099
-0.614406
-0.182259
0.0661527
0.0334495
0.0747125
-0.4713
0.073587
-0.622613
0.266807
-0.213519
-0.791752
0.22631
0.436327
0.00849444
0.0499667
-0.127201
-0.285548
0.10289
0.255408
0.144545
-0.080788
0.0296282
0.173363
0.26027
-0.0546252
-0.136555
0.162379
0.494572
0.176628
0.00917684
-0.0678455
0.156918
0.0744251
0.0276651
-0.566006
0.521326
0.112133
0.405014
-0.0520088
-0.106335
0.418096
0.219884
0.254914
0.214921
0.267883
0.353328
0.201515
0.151128
-0.321872
-0.282364
0.0173254
0.209277
0.423967
-0.2374
0.176555
-0.44592
0.0305004
-0.292895
-0.47369
-0.343625
0.097518
-0.269991
0.300683
0.318042
-0.658844
-0.196146
-0.438406
0.427675
-0.693038
0.114389
-0.723042
-0.292208
0.105979
-0.277524
0.26941
-0.185957
-0.463299
-0.21377
0.0812388
-0.0449154
0.142448
-0.114124
0.0739049
0.33981
-0.184832
0.381498
-0.0922447
-0.252219
0.0834124
-0.312267
-0.1404
-0.33689
0.186912
0.240639
0.587821
-0.492034
-0.593252
-0.547154
-0.254351
-0.466594
-0.194446
-0.547042
0.161817
-0.290632
-0.35926
0.537774
0.0369997
-0.0408949
-0.13499
-0.156564
-0.299967
0.540362
-0.371631
0.0238915
-0.0570757
-0.803519
-0.0515615
0.0279459
0.111227
-0.0235438
-0.277095
0.0519228
-0.178011
-0.0153003
-0.646359
-0.445384
0.505712
-0.21663
-0.41071
-0.20238
0.0788877
-0.282921
0.0374295
-0.402176
0.138732
-0.429244
-0.71524
0.53876
-0.629052
-0.458784
0.394484
-0.651087
0.0102094
-0.00794927
-0.00787705
-1.00186
-0.188626
0.505547
-0.334576
-0.000660417
0.0174611
-0.253706
-0.545852
-0.432099
0.0393156
-0.53242
-0.28557
-0.0476204
-0.0720042
-0.416955
-0.638943
0.152482
-0.659483
0.034668
-0.206937
-0.264947
-0.253695
-0.155912
0.180143
-0.247059
0.232766
-0.517499
-0.248062
-0.160838
0.0807251
-0.44061
-0.311938
-0.536995
-0.148636
-0.0254157
-0.481913
-0.141633
-0.185643
-0.352548
-0.459368
-0.265154
-0.0328597
-0.574365
0.0192158
0.0864545
-0.489597
-0.0634948
-0.184584
-0.0154965
-0.230204
-0.331689
0.285135
0.469683
-0.240937
-0.132602
-0.217307
-0.439489
0.215194
0.198276
0.0783118
-0.268397
-0.0922018
-0.0255863
-0.372313
0.417333
0.241126
-0.298917
-0.105428
0.0136955
-0.578024
0.125931
-0.398085
-0.148118
0.328125
-0.0684555
-0.392594
0.0870617
-0.249172
-0.0229491
-0.982613
0.208856
0.843447
-0.320379
0.0480797
-0.370631
0.158633
0.285252
0.388961
-0.00957371
0.266627
0.960087
-0.121412
0.44942
0.477108
0.0417756
0.3124
-0.224076
0.0896167
-0.162388
-0.842629
0.0448269
0.163221
0.234348
0.117782
-0.205401
0.41291
0.00137561
0.133299
-0.338279
0.178292
-0.0322995
-0.0413216
-0.0380104
0.0656419
0.10286
-0.0767533
0.235267
-0.206191
-0.198496
0.416516
0.000203108
0.0611768
0.0238915
0.1419
-0.378731
0.066448
-0.0617995
0.121591
-0.291355
-0.436464
0.0713237
-0.0903264
0.1285
-0.294038
-0.0972908
-0.309646
-0.185169
-0.118361
-0.187431
-0.648356
-0.682195
0.0441591
-0.544779
-0.251645
-0.32486
-0.0271108
-0.352138
-0.219073
0.373236
0.111308
0.235162
-0.302962
-0.283472
-0.155008
0.104721
-0.196321
-0.303604
-0.226125
0.0527419
-0.468954
0.0247582
-0.114649
0.143593
0.4626
-0.0297111
0.0944998
-0.0638818
-0.303984
0.0681287
0.288968
0.46184
-0.0254291
0.318627
-0.634455
-0.200418
-0.205581
0.165291
0.0943681
-0.187169
0.275239
0.209712
-0.0330626
-0.511123
-0.148086
-0.52273
-0.214653
-0.504683
0.261105
-0.13391
0.0969775
0.22374
-0.695626
0.262117
-0.398496
0.0439785
-0.531619
-0.337934
-0.751278
0.136355
-0.228247
-0.490277
0.334048
0.0713058
-0.177317
-0.753923
-0.459317
-0.331244
-0.303908
-0.109968
-0.806554
-0.520391
-0.437579
-0.491099
-0.8656
-0.297231
-0.490908
-0.643408
-0.30782
-0.166517
-0.42607
-0.413328
-0.541764
-0.732958
-0.0972881
-0.311973
-0.111145
-0.169038
0.201836
0.0348347
-0.441796
-0.0696725
-0.395271
-0.12064
0.166124
0.0687532
-0.110481
-0.12512
-0.0683176
-0.059301
-0.162065
-0.330543
-0.383915
0.620818
0.00449069
-0.83761
0.34508
-0.93692
-0.196493
0.202538
0.731016
-0.0983235
-0.264942
1.2325
-0.584142
0.429401
-0.710422
0.0382946
-0.133979
0.0133481
-0.599364
-0.237132
0.148807
-0.325463
0.45627
-0.63781
-0.164028
0.491865
-0.621735
0.0878307
-0.986434
0.749526
-0.17754
-0.788655
-0.605857
-1.08231
0.134809
-0.033529
0.193319
-1.35577
0.842989
-0.321566
-0.34342
0.4127
-0.128559
-0.623495
0.110514
-0.47608
0.189031
-0.245446
0.42864
-0.376372
0.0134815
0.0600372
0.252172
-0.242553
-0.273619
-0.140164
-0.170786
-0.317793
-0.373487
0.034606
-0.625486
-0.116566
0.141971
0.0482169
0.106616
-0.35273
-0.197205
0.0285466
-0.127989
-0.0866399
-0.633648
-0.685542
-0.168396
-0.499656
-0.471868
-0.186907
-0.0981833
-0.632352
-0.356316
-0.143282
-0.557761
0.324434
-0.544094
0.267399
-0.144265
-0.0764951
0.119604
-0.309664
-0.295604
0.318932
-0.0545422
-0.379721
-0.479226
-0.292849
-0.474823
-0.417883
-0.269376
-0.466651
-0.290018
-0.415504
0.198128
-0.633885
-0.224711
-0.299709
-0.537078
-0.217405
-0.010448
0.104589
-0.272818
-0.433571
-0.27869
-0.198889
-0.0657988
-0.182515
0.0900652
-0.378539
-0.0694883
-0.262159
-0.418429
-0.0163863
-0.634824
-0.353761
-0.279868
-0.299905
-0.919411
-0.0973766
-0.480822
-0.277922
-0.442628
-0.0179763
-0.19483
-0.827162
-0.272189
-0.834291
-0.459428
-0.226915
0.446284
-1.0478
-0.324645
-0.0705089
-0.734241
0.199578
-0.291669
-0.269706
-0.450896
-0.369171
-1.08038
-0.429304
-0.365822
-0.343671
-0.493958
-0.375668
-0.879568
-0.705467
-0.270096
-0.671552
0.228323
-0.455696
-0.464278
-0.0233746
-0.664312
-0.449175
-0.369828
-0.49874
-0.764101
-0.34005
-0.847959
-0.996823
-0.203709
-0.762658
-0.861761
-0.387519
-0.394126
-0.846687
-0.297612
-0.663255
0.0155053
-0.0181704
-0.404744
-0.0245224
-0.119318
-0.636125
-0.191467
-0.361177
-0.82274
-0.00705569
-0.272689
-0.171252
-0.449188
-0.433704
-0.530273
0.0473392
-0.499259
-0.713414
0.568766
-0.231837
0.300565
-0.715382
0.072148
0.0476588
-0.403793
-0.442939
-0.572667
-0.0813515
-0.386938
0.778131
-0.690156
-1.11016
0.153829
-1.10722
0.515599
-0.15477
-0.417981
-0.404213
0.921585
-0.774909
0.77331
-0.649328
-1.22168
0.895445
-1.05988
0.888438
0.266043
0.360067
-0.145397
0.551851
0.0498985
-0.698739
0.358161
-0.651884
0.775503
0.301512
-0.170904
0.372899
0.797305
-0.301433
1.16565
-0.00278988
-0.552624
0.405116
0.205798
-0.0361873
0.623072
-0.563388
0.64014
-0.271392
0.549214
-0.559761
0.375755
-0.0031934
-0.306618
1.1055
-0.90174
0.877482
-0.0727131
-0.388963
0.146479
0.287743
0.371641
-0.744272
-0.478053
0.630318
0.356555
-0.453612
0.346896
-0.862734
0.131378
-0.16466
-0.308635
0.223574
-1.09738
0.266087
-0.782334
-0.335902
-0.271502
-0.230195
-0.47651
-0.26301
0.12415
-0.870534
0.397216
0.0215461
-0.707631
-0.243458
-0.626928
0.348933
-0.40356
-0.683986
0.297727
-0.387561
0.0687117
-0.586443
-0.277997
-0.562929
-0.738321
-0.31302
-0.524028
-0.595658
-0.0392114
0.165538
-0.116789
-0.0783734
-0.935172
0.035389
-0.388671
0.623337
0.140926
-0.613687
-0.323527
-0.684121
-0.562691
-0.446903
0.0626808
-0.862078
0.0773918
0.0888076
-0.299207
-0.317669
-0.0438744
-0.67751
0.735142
0.403507
-0.437666
-0.530862
-0.0815077
-0.403705
0.380053
-0.561232
-0.263468
0.664273
-0.163147
0.0869507
-0.480298
0.694986
0.591377
0.504226
-0.206306
-0.167915
0.122302
0.10237
-0.0306423
-0.526552
0.365436
-0.391734
0.513055
0.153096
0.013331
-0.35126
-0.0341794
0.524225
0.063195
0.60534
-0.0506086
-0.139776
-0.269492
0.0477104
0.244177
-0.297888
0.2325
-0.17728
-0.0357878
-0.15776
-0.507215
0.916865
0.506906
0.498828
-0.0271166
-0.342568
0.776877
0.607064
0.438337
-0.4051
-0.108882
-0.667823
0.335691
0.149404
0.260411
-0.374246
0.135896
0.127655
-0.0538523
0.106623
-0.0172693
-0.0601856
-0.506239
0.168918
-0.118345
0.182386
-0.250974
-0.484123
-0.235628
-0.27187
0.183234
-0.469406
-0.595375
-0.329339
-0.0925448
-0.0229089
-0.267512
-0.443534
-0.318444
-0.749776
-0.631531
-1.00212
-0.103133
-0.563361
-0.972031
-0.638791
-0.151663
-0.518938
-0.487934
-0.264372
-0.0171101
-0.739134
0.828058
-0.771411
-1.4148
-0.933385
-0.403061
-0.364381
-1.103
-0.229215
-1.31336
-1.15035
-0.322369
-0.361751
-0.303731
-0.893835
-0.848849
-1.01113
0.0404501
-0.22774
-1.14017
-0.329352
-0.452639
-0.14393
-0.119101
-0.13526
-0.349694
0.381619
0.065128
-0.132882
0.254166
-0.0867273
-0.0633486
0.0586776
0.245208
-0.100473
-0.157639
-0.0203773
0.241829
0.0663196
0.106132
-0.301192
0.630566
0.352285
0.230542
-0.154568
0.211802
-0.192649
-0.473849
0.154156
0.0830489
0.950664
0.0518646
0.243604
0.433967
0.365996
0.241251
0.740159
-0.352245
0.232196
0.335986
0.112149
-0.0870678
0.316691
0.411093
0.443331
0.0597272
-0.193046
0.0688079
0.303182
-0.219753
0.108706
0.131304
0.460034
0.122274
0.0211771
0.0019945
0.171605
-0.0123032
0.00399254
0.498377
-0.440907
0.142632
-0.232404
0.329411
0.0401918
-0.419066
0.0363509
0.154574
0.178634
-0.333513
0.0341157
-0.575915
-0.121484
-0.819882
-0.438791
-0.0297763
-0.700071
0.0843939
-0.0617725
-0.163362
-0.304232
0.314448
-0.407359
-0.680292
-0.31254
-0.60613
-0.88037
-0.820468
-0.234988
-0.141546
0.120462
-0.420821
-0.314242
-0.00101879
-0.207018
-0.631688
-0.296226
-0.550398
-0.108712
-0.103229
0.186597
-0.556396
-0.0557908
0.122046
0.124359
-0.224246
0.0351479
-0.246183
0.496183
0.122215
0.141045
-0.127096
-0.433138
0.185689
0.0322413
-0.128177
-0.232827
0.354983
-0.106311
0.242593
0.345976
-0.149659
0.0237623
0.244144
-0.00734559
0.492729
0.106918
0.204888
0.275932
0.52945
0.318916
0.178957
0.272991
0.310955
0.556448
-0.453567
-0.0724688
-0.0354812
0.167666
0.397643
0.555299
0.366652
0.370357
-0.0178252
0.165068
0.248067
-0.115542
0.219796
0.00275873
0.172713
0.168007
0.620604
0.168095
0.3034
0.145925
0.245719
-0.04888
-0.3602
0.366057
0.249406
0.54236
0.0382111
0.185628
0.214513
0.211021
0.284784
0.152372
0.28439
-0.0605975
0.22039
-0.461853
0.0759712
-0.402074
-0.376191
-0.191103
0.422569
-0.359884
-0.0355077
0.276857
0.017908
-0.0734252
-0.249075
-0.715738
-0.179468
-0.314287
0.0239864
-0.663375
-0.13495
-0.535
0.237355
-0.468678
-0.401104
-0.377801
-0.752862
-0.714099
-0.586834
-0.264269
-0.47051
-0.540857
-0.355052
-0.111381
-0.604677
-0.553219
-0.670024
-0.645936
-0.707157
-0.586473
-0.511545
-0.700531
-0.119703
-0.0924667
-0.898117
0.0311697
-0.290123
-0.187349
-0.658806
0.113309
-0.631429
-0.520945
0.275648
-0.362722
-0.157886
-0.351266
0.507136
-0.527723
0.039705
-0.35852
0.0629658
-0.0532344
-0.465287
0.19917
-0.620613
0.161507
0.0564724
0.238885
0.178843
0.160699
0.485416
-0.193714
0.13493
0.748057
0.432905
-0.108224
0.392396
0.231747
0.357465
0.525603
-0.201697
0.100733
0.239446
-0.113239
0.130937
0.456874
-0.0404421
0.215766
0.642916
-0.343588
0.364266
0.540661
0.252293
-0.178841
-0.494005
0.752227
0.0926002
-0.284632
0.1913
-0.259359
0.0222296
-0.129128
-0.254759
-0.595553
-0.264571
0.0246529
-0.224808
0.0556283
-0.689953
0.227342
-0.427592
0.318366
-0.765118
-0.385826
-0.922496
0.186466
0.296357
-0.524761
-0.668441
0.0769332
0.183829
-0.527274
0.136232
-0.749016
-0.242299
-0.220424
-0.579637
-0.361468
-0.446587
-0.723047
-0.43241
-0.692552
-0.768676
-0.497381
-0.446025
-0.839597
-0.779272
-0.840146
-0.546103
-0.909431
-0.968216
-1.19345
-0.830551
-0.736944
-0.875863
-0.3337
-0.306571
-1.06517
-0.545721
-0.960501
-0.684336
-0.286671
-0.384214
-0.259827
-0.249245
-0.897013
-0.546674
-0.636878
-0.431221
-0.608429
-0.747631
-0.17245
-0.0396457
-0.365908
-0.0671489
-0.141977
0.177104
0.317047
0.493518
-0.325658
0.40192
0.408965
0.00448606
0.682672
0.827818
0.546927
0.816206
0.944213
0.786559
0.808662
0.0740397
0.712724
0.752185
0.594084
0.56145
0.332302
0.344507
0.452138
1.05146
0.559225
0.531184
0.586435
0.596538
1.16052
0.913415
0.610525
-0.0793094
0.734594
0.543859
0.817868
0.855655
0.512875
-0.447847
0.418521
-0.16733
-0.044565
0.0270247
0.00868551
0.312015
-0.358346
0.154331
0.0447998
0.603011
0.07168
-0.19351
-0.522024
0.196146
-0.0615238
-0.47887
-0.519441
-0.398404
-0.344885
0.194191
0.26169
-0.79103
-0.309642
-0.604833
-0.439602
-0.219308
-0.229788
-0.414452
-0.124275
-0.663023
-0.356505
-0.325497
-0.398863
-0.584891
-0.309119
-0.707614
-0.113616
-0.444652
-0.3629
-0.544859
-0.275787
-0.684017
-0.325983
-0.0168875
-0.564862
-0.491556
-0.313627
-0.269294
-0.0767376
0.0629949
-0.0899691
0.0460548
0.382878
-0.203376
0.107755
-0.154554
-0.350084
-0.0197441
-0.100073
0.230983
0.0186181
-0.116692
0.301915
-0.322615
0.374716
0.4992
-0.0361814
-0.0339086
0.0317729
0.183029
0.179744
0.124901
0.0292164
0.723172
0.457135
0.220448
0.046005
0.621757
0.351711
-0.106421
0.0812765
0.388505
0.0181931
0.191872
-0.213286
0.338094
0.452586
0.312563
-0.158475
0.0506313
0.25775
0.376611
0.106237
-0.116919
-0.265641
-0.164884
0.125388
-0.305364
-0.00448241
0.00171428
-0.130411
-0.367091
-0.466968
-0.68848
-0.718542
-0.284817
-0.174795
-0.262576
-0.432385
-0.341042
-0.597275
0.085667
-0.677702
-0.302058
-0.392836
-0.277599
-0.598541
-0.0988257
-0.287772
-0.477867
-0.491617
-0.779207
-0.594084
-0.698107
-0.343882
-0.408069
-0.157664
-0.905381
-0.460568
-0.515
-0.130885
-0.577112
-0.335196
-0.384947
-0.168325
-0.565331
-0.0110257
-0.237536
-0.555912
-0.608291
-0.595843
-0.321796
-0.0753323
-0.56938
-0.404391
0.297936
0.115861
0.416527
0.266699
0.0402684
-0.0734904
0.333548
0.715925
0.424763
-0.0944745
-0.234165
-0.152058
-0.178838
0.492859
0.171941
0.0597071
0.148476
0.192711
-0.0377178
0.127002
0.0712043
0.73158
0.686789
0.656734
0.136449
0.398692
0.34321
0.357647
0.294972
0.248614
0.183234
0.39126
0.480906
-0.0198947
0.0226273
0.330117
0.157122
0.587984
0.425453
-0.15366
-0.0876129
0.585189
-0.0903243
0.0184588
0.256965
0.315992
0.388127
0.0485096
0.562697
0.42603
0.378144
0.0232777
0.431502
-0.0073711
0.0149773
0.265732
-0.250096
0.292386
-0.0688114
0.353534
-0.40616
0.120542
-0.243108
0.341835
0.460867
-0.124221
0.0329669
-0.251963
-0.355647
-0.230773
-0.433975
0.13715
0.105225
0.00117531
-0.321575
-0.122866
-0.508946
-0.202569
0.128129
-0.630609
0.336299
-0.435495
0.0637632
-0.273243
-0.499572
-0.148154
-0.530325
-0.262873
-0.310337
0.24448
-0.528937
-0.414449
0.00306413
-0.375233
-0.0448388
-0.145718
-0.449029
-0.333381
-0.34369
-0.333113
-0.558491
-0.322753
-0.414341
0.136504
-0.172411
-0.0405455
-0.160717
-0.377778
-0.513436
-0.0942487
0.205931
-0.261067
-0.140345
-0.300166
0.0983696
-0.481478
0.215968
0.197226
1.0853
0.260931
0.139716
0.12033
0.065193
0.281221
-0.105757
0.209554
0.114995
0.748692
0.48646
-0.0399782
0.406968
0.503095
0.861058
0.0489971
0.595913
0.593923
0.081273
0.224822
0.288231
0.184541
0.71015
0.561232
0.375431
0.277567
0.30974
0.172836
0.577054
0.496535
0.0679437
0.52385
0.4152
0.538958
0.377627
0.740695
0.569094
0.350341
0.143407
0.459179
0.060396
0.271093
0.246816
0.245186
0.343622
-0.28516
0.146259
0.426295
0.286103
0.526403
-0.0894414
0.0261737
0.235607
0.603539
-0.136619
0.408852
0.326324
0.65566
-0.0902872
0.675119
0.0737265
-0.0705217
-0.1224
-0.460563
0.152921
-0.413493
0.51078
-0.0276291
-0.246698
0.0831283
-0.115733
-0.0636521
-0.352336
-0.0521876
-0.385634
-0.182474
-0.653673
-0.265855
-0.070216
-0.270863
-0.419301
-0.434886
0.0717565
-0.35015
-0.335312
-0.364484
-0.237743
-0.0972354
-0.574027
0.101917
-0.39511
-0.381825
-0.751013
-0.733884
-0.28411
-0.437085
-0.304425
-1.12705
0.106038
-1.07489
-0.199922
-0.954544
0.330186
-0.671536
-0.223994
-0.862268
-0.54671
-0.19939
-0.0181172
-0.405431
-0.11394
-0.202567
-0.316958
0.560844
-0.138473
-0.239107
0.366563
0.0124603
-0.266473
0.0246986
0.220817
-0.0461463
0.654182
-0.640261
-0.379054
-0.0432533
0.379657
-0.0191617
-0.0362604
-0.489824
0.557351
0.470717
0.207082
0.0939708
0.673857
0.282222
0.167947
0.297836
0.431626
0.5294
0.174179
0.525857
0.353777
0.35478
0.123675
0.171688
0.414441
0.476129
-0.184231
0.0775267
-0.101326
0.0259712
0.141318
0.356292
-0.411289
0.0749195
-0.232562
0.330093
-0.168392
0.183918
-0.43211
0.106187
-0.330019
-0.0335697
0.191189
-0.19974
0.162513
-0.464235
-0.49338
-0.553556
-0.426597
-0.326163
-0.0488617
-0.265096
-0.196922
-0.302318
-0.0518434
0.563483
-0.777123
-0.255111
-0.239901
-0.232882
-0.637874
-0.173724
-0.616096
-0.428078
-0.11336
-0.51735
-0.268877
-0.575638
-0.315056
-0.396468
-0.335419
-0.824342
0.139809
-1.0841
-0.191646
0.329045
-0.513213
-0.361058
-0.580222
-0.415763
-0.666102
-0.444276
-0.3145
-0.335268
0.091743
-0.235465
-0.41193
0.0224878
-0.481656
0.34601
0.121214
-0.333884
-0.0984686
-0.281885
0.0587729
-0.191164
-0.305018
0.247002
0.230382
0.000606889
-0.260968
0.56927
0.316579
-0.224295
0.841974
0.216292
0.632486
0.171009
0.209972
0.723671
1.22183
0.40462
0.484982
0.648663
0.390309
1.09003
0.63483
0.96944
0.469643
0.273125
0.548572
0.167292
0.52243
0.541573
0.323547
0.742983
0.437859
0.588514
0.405211
0.235881
0.845218
0.524275
0.558841
0.198118
0.307645
0.505546
0.277032
0.207747
0.749361
0.258355
-0.0670288
-0.292875
0.0472844
-0.619378
0.362191
-0.264141
-0.0756438
0.252905
0.1895
-0.125642
-0.11156
-0.567508
-0.162049
0.0417312
-0.251912
-0.422058
-0.161341
-0.0870236
-0.370284
-0.765986
-0.869649
0.207026
-0.790508
-0.164213
-0.62708
-0.369968
-0.27107
-0.384259
-0.0713535
-0.988892
-0.501428
-0.00614448
0.00582892
-0.724041
-0.672398
-0.403353
-0.282408
-0.638178
-0.514167
-0.690977
0.116524
-0.284547
-0.822192
0.322185
-0.449489
-0.402352
-0.25607
-0.556846
-0.457787
-0.450814
-0.463776
-0.726757
-0.208788
-0.732337
-0.12662
-0.434723
-0.723819
-0.572495
-0.0777926
-0.514603
0.221733
0.35369
-0.0245739
-0.52093
0.393407
0.406071
0.34302
-0.140936
-0.158114
0.239315
0.131786
0.207863
-0.599556
0.710032
0.014607
0.503286
0.11244
-0.390254
-0.313886
-0.0245878
0.277789
-0.504355
0.126147
-0.36635
0.315567
0.439218
0.333952
0.716335
0.882747
0.367385
-0.119445
0.630558
0.479948
0.109195
0.580495
0.159416
-0.379349
0.341533
-0.4082
0.198885
0.395343
0.190022
-0.318728
0.39172
-0.0400445
0.114869
0.411608
0.279967
0.529613
0.180843
0.270067
0.202091
0.114969
-0.00516788
-0.755506
-0.0449376
-0.465825
0.0721114
0.426663
0.158199
0.254593
-0.134547
0.0439566
-0.410129
-0.327877
-0.0793403
-0.236708
-0.844649
-0.157394
-0.461038
-1.00577
-0.322664
-0.755093
-0.523086
0.0726184
-0.692469
-0.0730028
-0.584051
-0.221724
-0.971384
-0.207287
-0.370859
-0.673404
-0.575717
-0.355394
-0.701658
-0.568907
-1.06136
-0.924383
-0.426184
-0.127417
-0.678006
0.0195812
-0.3448
-0.614449
-0.405785
-0.256972
-0.119668
-0.790272
-0.370038
-0.34922
-0.29974
0.0366554
-0.551979
0.0177261
-0.194316
-0.307153
0.32944
-0.206512
0.139535
-0.287666
0.116737
-0.269857
0.25394
0.422998
-0.131426
0.446541
0.470585
0.199336
0.46001
0.125736
-0.189777
0.236131
0.164092
0.412682
0.519753
0.0192288
0.105734
0.462492
0.215166
0.517964
0.300651
0.528849
0.0930895
-0.197976
0.379266
0.172173
0.759324
0.182679
0.263601
0.29539
0.373995
0.107495
0.594441
0.6305
0.14891
0.363072
0.48358
-0.477445
0.263024
0.126243
0.0335857
0.134202
0.474983
-0.0106535
0.0638903
-0.300852
0.662396
0.16132
-0.189595
0.749022
-0.476584
0.44483
-0.555679
-0.447265
0.139922
-0.210071
-0.473569
-0.0103526
-0.185386
-0.169358
-0.630933
0.166085
-0.278468
-0.0219658
-0.603845
-0.394654
-0.38952
-0.350576
-0.82498
-0.633036
-0.588962
-1.02708
-0.239193
-0.146809
-0.495527
-1.16577
-0.304057
-0.562338
-0.914707
-0.841704
-0.27645
-0.246622
-0.814532
-0.732339
-0.516418
-0.701067
-0.862076
-0.439009
-0.535295
-0.822319
-0.394217
-0.642567
-0.277648
-0.643045
-0.235081
-0.435758
-0.726049
-0.378754
-0.476442
-0.481077
0.0383642
0.10247
-0.102833
-0.301868
-0.17239
-0.527251
0.100274
-0.125592
0.0417573
0.321567
0.156416
0.39076
0.287817
0.18391
0.130738
0.246131
-0.105904
0.23039
0.281953
0.331013
0.371607
0.193919
0.131693
0.577287
0.7561
-0.193138
0.420473
0.0299744
0.239233
0.0521041
0.0834126
0.0357551
0.574131
0.121546
0.0442252
0.627128
0.316219
0.149398
0.0875613
0.302663
0.0186647
-0.211956
0.366325
0.107063
0.137952
0.162269
0.196325
0.510368
0.076902
-0.0265913
-0.0389722
0.247787
-0.323404
-0.050181
0.110188
0.0206558
0.119344
0.165051
0.0410185
-0.0805014
-0.128329
-0.240568
-0.0849792
-0.190714
-0.31381
0.639301
0.286893
0.0982681
-0.0175729
-0.224536
-0.555178
-0.232239
-0.277418
-0.660664
-0.482178
-0.530483
-0.40301
-0.199135
-0.532532
-0.381662
-0.448166
-0.460685
-0.201498
-0.0353649
-0.571159
-0.410126
-0.755043
-0.240824
-0.709865
-0.069694
-0.0475428
-0.487221
-0.318989
0.116898
-0.297904
0.190247
-0.285607
0.0925274
-0.0594633
0.40593
-0.477222
0.535686
0.285093
0.143753
-0.403563
-0.0439464
0.329593
0.278923
0.163873
-0.0716865
0.3118
0.45421
0.0975226
-0.0341169
0.435482
0.144255
0.0471487
0.218684
0.380429
0.0118139
0.212559
-0.0975946
0.439135
0.54673
0.151104
-0.517613
0.0910144
-0.237378
0.115653
-0.348353
0.571017
0.307927
-0.0275951
0.185719
0.229404
0.264708
-0.276147
0.327944
0.193204
-0.412884
0.012711
-0.229188
-0.565139
0.0826703
0.543588
-0.117341
0.371882
0.279047
-0.582034
-0.0242642
0.17346
-0.564709
0.0486204
-0.476658
-0.674459
-0.261774
-0.260848
-0.400944
-0.634334
-0.202039
-0.468502
-0.289005
-0.35183
-0.841998
-0.000782059
-0.68276
-0.583659
-0.490992
-0.190322
-0.852766
-0.578327
-0.768732
-0.734095
-0.682704
-1.44418
0.390619
-0.460903
-0.372035
-0.230255
-0.847225
0.0469381
-0.929734
0.139688
-0.491022
-0.569652
0.216825
-0.7607
-0.0846556
-0.316872
-0.381861
-0.388307
-0.277149
-0.0222242
-0.73022
-0.0829039
-0.342843
-0.0861759
0.582162
0.673665
-0.157263
-0.310142
0.545901
-0.124102
0.372219
-0.363205
-0.0147859
0.506117
0.40378
0.4476
-0.260012
0.086981
0.173964
0.472055
0.326229
-0.252431
0.444792
0.382655
0.120687
-0.571037
-0.494866
-0.0141768
0.0459405
0.0113494
-0.312133
-0.109706
-0.105509
-0.0089354
-0.0104611
0.217668
0.0427715
0.292605
-0.169732
-0.0813665
0.0985114
-0.044776
0.101948
-0.0626263
0.393666
-0.327009
0.217138
-0.121924
0.206451
-0.722498
-0.364675
-0.363691
-0.0741929
-0.55781
-0.404398
-0.20732
-0.458733
-0.830498
0.0180776
0.0170543
-0.387217
-0.590369
-0.396406
0.129757
-0.303387
0.204875
-0.291474
-0.183365
-0.583067
-0.48965
-0.25916
-0.655523
0.0988837
-0.439885
0.118234
-0.464178
-0.304553
-0.167819
-0.346864
0.0653979
-0.391221
-0.0125551
-0.69418
-0.297354
0.0268241
0.275224
-0.214353
-0.375334
-0.0525686
0.257977
0.0999473
0.431067
0.278315
0.638622
-0.189976
0.0265982
-0.116729
0.0111208
-0.101488
0.0450623
-0.034937
-0.178038
-0.565351
0.409333
0.16446
-0.302961
0.0993805
-0.134632
0.576285
0.573333
-0.278673
-0.0545834
0.251222
0.0192431
-0.0193165
-0.244327
0.0297673
0.289094
0.322876
0.0300536
0.1489
-0.171973
-0.367666
-0.0672238
-0.264151
-0.208899
-0.360275
-0.0384457
-0.700321
-0.623488
-0.202804
0.271073
-0.244635
-0.0482459
-0.212861
-0.52008
-0.328533
-0.106056
-0.541415
-0.178984
-0.164773
-0.230053
-0.474958
0.162849
-0.236147
-0.606508
0.445456
-0.751136
0.0992491
0.119764
-0.229222
0.406882
-0.183035
-0.111917
0.0314654
-0.0911121
0.278205
-0.269682
0.0453557
-0.29977
0.28504
-0.0745589
-0.325566
-0.0975593
-0.760454
0.0155438
-0.257224
0.346793
-0.1509
0.163526
0.170676
-0.143458
-0.0170781
-0.19089
0.0355257
-0.389903
-0.0774189
-0.337278
-0.261765
-0.0934959
-0.422275
-0.0201197
-0.556105
-0.273837
-0.477717
-0.613646
-0.237303
-0.62844
-0.437951
-0.351274
-0.0894895
-0.237873
-1.12868
-0.222573
-0.939043
-0.506667
-0.497223
0.117457
-0.0836115
-0.229283
-0.219231
0.162016
0.176396
-0.17934
-0.447516
-0.148261
-0.0953843
0.385132
-0.35984
-0.405156
-0.20651
-0.513064
-0.530269
-0.103962
-0.483515
-0.202524
-0.333624
-0.166505
-0.398861
-0.00972564
-0.0579705
-0.172601
-0.279721
-0.0764845
-0.294419
0.0933946
-0.272436
0.0547338
-0.513544
-0.392566
-0.126342
-0.221175
-0.455306
-0.233974
0.150263
-0.582339
-0.0593135
-0.39214
-0.389393
-0.235581
-0.355942
-0.588835
-0.472495
-0.441359
-0.330349
0.0847294
-0.341651
0.0380111
0.0867903
-0.0464149
-0.326471
0.118188
0.327955
-0.0016298
-0.310968
-0.28799
-0.152954
-0.22905
-0.47213
-0.501586
-0.0429268
-0.512155
-0.0438057
-0.121841
-0.146907
0.269486
-0.00043321
-0.0583735
-0.13588
-0.205008
-0.30219
-0.264147
-0.0860973
0.0333316
-0.181315
-0.242158
-0.145705
-0.0967291
0.176949
-0.0357588
-0.143433
-0.233634
-0.0216026
0.202908
0.0431212
-0.288759
-0.0206819
-0.436469
-0.0997291
-0.0560305
-0.0572942
0.00778789
-0.41219
0.210391
0.305786
-0.234367
-0.454694
0.250601
-0.14855
-0.258746
-0.0832783
-0.381756
-0.311187
-0.0296794
0.0438417
-0.221484
-0.267224
-0.0578062
-0.187826
-0.236915
-0.487879
0.128055
-0.383162
-0.131184
-0.293451
-0.0899635
-0.15264
-0.527863
0.0226834
-0.329527
-0.26772
0.0567703
0.123424
-0.460363
0.0931201
-0.00827223
-0.423883
-0.0401583
-0.418097
-0.037088
-0.485211
-0.572376
-0.453507
0.263463
0.00398604
-0.2439
-0.371022
-0.395139
-0.205897
-0.125351
-0.317577
-0.0209339
-0.218005
-0.129759
-0.311923
-0.463552
-0.656041
-0.292355
-0.205056
-0.427973
-0.176212
-0.503337
0.00078907
-0.431479
0.032158
0.014064
-0.189948
-0.463196
-0.112692
0.137093
-0.330804
-0.538099
-0.0910002
-0.241848
-0.213331
0.0614626
-0.121924
-0.185692
-0.0872124
-0.420278
-0.234782
-0.31783
-0.0791159
0.073953
-0.523688
-0.219225
-0.325273
-0.287958
-0.134327
-0.00144783
0.0324648
0.0128203
0.0156143
-0.649611
-0.0869075
0.0867082
0.0754802
-0.07469
-0.423892
-0.141486
0.00809488
-0.121956
0.264658
-0.397513
-0.287856
-0.286866
-0.522142
0.04729
-0.403215
-0.0849721
0.236234
0.156518
-0.131312
-0.299774
-0.0523746
-0.102899
-0.202921
0.125289
-0.130228
-0.0842545
-0.0708339
0.13693
0.103392
0.115864
0.0422242
-0.43952
-0.186491
0.392712
-0.0853823
-0.110444
-0.117818
-0.356291
-0.485399
-0.498985
-0.33825
-0.197501
-0.261977
-0.354441
0.169641
-0.543684
0.174995
-0.278258
-0.265536
-0.17831
-0.219563
-0.101728
0.0574574
-0.00938926
-0.110031
0.042844
-0.0865678
-0.325866
0.0857547
-0.169327
-0.0524548
-0.402268
-0.207817
-0.144413
-0.188409
-0.0787731
-0.134837
-0.174349
-0.304964
-0.0564768
0.432092
0.0945868
0.168797
-0.487012
0.372124
-0.146089
-0.185867
-0.282097
-0.257582
-0.148337
-0.460406
-0.347689
-0.0901216
-0.312703
-0.2004
-0.637285
-0.0553145
-0.643482
-0.510598
-0.302541
-0.193369
-0.477984
-0.321111
-0.108576
0.193995
-0.455525
-0.272447
-0.355064
-0.124254
-0.27983
0.032549
-0.0518816
0.0961067
-0.0141862
0.0535663
-0.397998
-0.146231
-0.165781
-0.295036
-0.0361621
-0.382668
0.0474951
-0.435453
-0.012461
-0.0607179
-0.24605
-0.148688
-0.184141
-0.21709
-0.541474
0.0382513
-0.283339
0.0773036
0.0283039
-0.149162
0.319717
-0.376463
0.246694
0.110745
-0.153355
-0.382632
-0.184909
-0.0464894
-0.321183
-0.468969
-0.20529
-0.500348
0.022507
0.158513
0.132169
-0.112936
-0.162474
-0.13458
0.0657225
-0.269549
-0.307409
0.148468
-0.0516838
0.113135
0.145317
-0.185283
-0.0989655
-0.108852
-0.441508
-0.118817
-0.342332
-0.119108
-0.160936
-0.394852
0.388972
-0.188947
0.00855255
0.244748
-0.287092
0.0251277
0.0627135
-0.294275
-0.0923977
-0.100589
-0.0608582
-0.0176593
-0.231545
-0.09845
-0.0221612
-0.153706
-0.0610957
0.0488213
-0.301005
-0.70597
-0.0747537
0.133008
-0.0140477
-0.00180746
0.228687
-0.138561
-0.352407
-0.151965
-0.16683
-0.180581
-0.341647
0.0271145
-0.402257
-0.296507
-0.253679
-0.281811
-0.205477
-0.366305
0.024204
0.243527
-0.206379
-0.158334
-0.0218511
0.118572
-0.14264
-0.0980328
-0.172345
0.362393
0.074602
-0.153389
-0.383442
-0.435775
-0.030229
0.0878264
-0.31615
-0.0301553
-0.209436
-0.00200438
0.0850302
-0.305648
-0.00607001
-0.100786
-0.219188
-0.500505
0.213491
-0.177255
-0.104128
0.00743971
-0.147146
0.0369152
-0.0635328
0.149225
-0.352133
0.0268434
0.0947311
-0.183307
-0.0789617
-0.253213
-0.0565846
0.135414
-0.170241
-0.0717237
-0.121811
0.102542
-0.00496344
0.0985975
-0.312382
-0.42408
0.181434
0.198965
-0.148646
-0.0773984
-0.0764983
-0.141172
-0.140641
0.0109077
0.175809
-0.364301
-0.167075
0.0426005
-0.425388
-0.629569
-0.243798
0.124684
-0.28884
-0.235912
-0.149938
-0.266447
-0.123554
0.148085
-0.190437
-0.138184
-0.0153376
-0.459844
-0.190385
-0.263823
0.23672
-0.0106949
-0.256354
-0.155479
0.0606051
-0.341283
0.114412
-0.339224
0.0143569
-0.0823778
-0.186395
0.0921332
-0.566426
-0.212226
-0.215559
-0.21516
0.0954273
-0.279172
-0.318293
-0.146181
-0.0204286
-0.592011
-0.0899445
0.311188
-0.309776
-0.276422
0.372891
0.195203
-0.149844
-0.527192
-0.304529
-0.19246
-0.0706544
-0.260631
0.138883
-0.603242
-0.705526
0.0217559
-0.249408
-0.0945972
-0.464724
-0.385268
-0.226998
-0.340436
0.0402316
-0.445424
-0.433816
-0.167272
-0.344917
-0.358936
-0.185427
-0.302831
-0.0390563
-0.300078
-0.0533591
0.22525
-0.0754749
-0.391016
-0.396291
0.34409
-0.81558
-0.0186986
-0.462528
-0.214777
-0.44152
-0.165728
-0.297676
-0.92325
-0.420043
-0.114459
-0.0748738
-0.332485
-0.321562
-0.142487
-0.390255
0.0136936
-0.287591
-0.0392895
0.00195981
-0.0961799
-0.418575
-0.377301
-0.304873
-0.0723397
0.0309677
-0.0215477
0.0607478
0.0934541
-0.0625545
-0.358679
-0.0337624
-0.0582488
0.0502745
-0.149184
-0.0709876
-0.100424
0.229484
-0.123184
0.162072
0.164841
-0.188775
0.0399842
-0.40408
0.238909
-0.140917
0.189614
-0.0488585
0.000753231
0.188214
0.113932
-0.0352893
-0.0439998
-0.300128
-0.331596
0.0339914
-0.0183995
-0.317374
-0.270389
-0.0537705
-0.348696
-0.416193
0.146946
-0.307709
-0.498459
-0.352119
-0.450828
-0.623877
-0.134948
-0.502394
-0.389612
0.175334
0.0330597
-0.343983
-0.046199
-0.0835798
-0.172193
-0.0762227
-0.348646
0.176212
-0.346041
-0.206167
-0.252873
-0.28782
-0.0322325
0.0482602
-0.171345
-0.316736
-0.198186
-0.317698
0.0931898
-0.117366
-0.274547
-0.359173
-0.0743858
-0.19273
-0.179229
