0.0202919
-0.346744
-0.202179
0.0938143
-0.00637441
0.232743
-0.223647
-0.298642
-0.345609
0.195967
0.0123776
0.115323
0.123573
-0.00612233
0.00436736
0.313848
0.744482
0.140137
0.15251
-0.283176
0.151461
0.36073
-0.15649
0.186075
-0.0446107
0.140841
-0.0552569
-0.0973925
0.043636
0.0697665
-0.201371
-0.122836
-0.0621897
0.001705
-0.073128
0.274462
-0.0106733
-0.267634
-0.466601
-0.0923067
-0.292505
-0.359082
0.00493383
-0.0373047
-0.0402486
-0.369093
-0.36665
-0.21522
0.117761
-0.335794
-0.183506
0.0311637
-0.0997182
0.121327
-0.136002
-0.409526
-0.14206
0.11461
-0.150268
-0.23462
-0.124371
-0.106251
-0.0795095
-0.194142
0.0473389
-0.286751
-0.557383
-0.10673
-0.324238
0.0127759
-0.481177
-0.365286
-0.132856
0.151477
-0.322483
0.134018
-0.205733
-0.165188
-0.0045052
0.206238
0.0119914
0.243981
-0.0339906
0.196242
0.3231
0.274733
0.100982
-0.144837
-0.331138
-0.0832328
-0.525863
-0.305375
-0.334566
-0.116736
0.0846525
-0.230601
-0.497558
-0.000516189
0.0653613
0.0411731
0.0240958
-0.27914
0.292587
-0.19762
0.408567
-0.0436822
-0.0749789
0.0313652
0.0648401
0.0590045
-0.0672558
-0.0143688
-0.0954325
-0.201088
-0.297502
0.00423369
0.0394435
-0.164977
-0.0420793
-0.37398
-0.291681
-0.189887
-0.372443
0.0914065
-0.0551272
0.0285287
-0.0190382
0.0690054
-0.262274
-0.332838
-0.0990986
0.209823
0.166802
-0.0365017
-0.125263
-0.0316449
-0.10792
-0.146232
-0.0863518
-0.525901
-0.449672
-0.0911491
-0.224646
-0.173884
-0.148602
-0.367451
-0.0374551
-0.11711
0.0647567
-0.290771
-0.0372297
-0.249679
0.0141863
-0.0647623
-0.208925
0.125947
0.12274
-0.453474
-0.655532
-0.0952688
-0.0619116
-0.171464
-0.479591
-0.184299
-0.102095
-0.014729
0.319689
-0.119811
-0.233645
-0.108122
0.282929
0.145438
0.0335377
-0.27712
-0.175804
0.156157
0.228359
-0.144866
-0.0430255
-0.0142672
0.105479
0.0617052
0.220289
-0.304524
0.0919219
0.108824
-0.157739
0.0587687
-0.20928
0.117979
-0.132968
0.028401
-0.379379
0.0575968
-0.2218
-0.0556624
0.225551
0.245347
0.125406
0.140937
-0.214002
0.26773
0.053636
-0.222379
-0.248512
-0.122533
-0.118675
-0.132319
-0.0675154
-0.0228589
-0.0879186
-0.0263355
-0.152047
0.16221
0.0920247
-0.083429
0.0720716
-0.268504
0.0388961
-0.0962723
-0.0866618
-0.37553
-0.061534
-0.0368225
-0.257673
-0.00175262
-0.0179781
0.304796
0.0260835
0.229206
-0.251209
-0.0289249
-0.0900981
0.00754726
0.0224586
-0.223744
0.074347
-0.239694
-0.156775
0.261853
0.269318
0.143951
0.240909
-0.314347
-0.287352
-0.233832
-0.0953511
-0.0998286
-0.155655
-0.054319
-0.327344
0.0397389
-0.159842
0.197703
0.043947
-0.513855
-0.202186
-0.20538
0.0879348
-0.10421
-0.0746027
-0.228398
0.0281759
0.0700524
-0.246581
0.00792196
-0.0864417
-0.017668
-0.139901
0.2274
0.0844304
0.0857694
-0.387362
-0.146825
-0.0984925
0.0808849
-0.417753
-0.385785
-0.0104457
0.165063
0.0606813
-0.165657
-0.101045
0.00176252
0.154105
-0.120487
-0.127925
-0.0606253
-0.368769
0.193977
0.0265509
-0.024831
0.152238
-0.312536
-0.280692
-0.617273
-0.186243
0.00717483
-0.278707
-0.368332
-0.157037
-0.0739402
-0.051525
0.327802
0.103217
0.0112682
0.349399
0.19731
0.148009
-0.0106747
-0.0565251
-0.184155
0.348795
0.222982
0.248337
-0.220818
-0.497509
-0.504452
-0.204022
0.0482988
-0.319585
-0.086868
-0.0408925
-0.00991198
-0.261782
-0.158946
-0.110317
-0.00905935
-0.154367
-0.12503
-0.0587857
-0.314652
0.103996
0.189988
0.20984
0.121102
-0.0596946
0.00389871
-0.158629
0.0631453
0.00623396
-0.111728
0.149795
-0.181513
-0.100534
-0.0795938
3.71608e-05
-0.284926
-0.109458
-0.0699399
-0.21137
0.0711266
0.142417
-0.0419179
-0.0054297
-0.117489
-0.16658
-0.360071
0.027408
-0.0807455
-0.0307435
-0.285482
0.0397002
-0.127168
-0.22455
-0.138638
-0.0818372
0.332878
0.169075
0.144852
-0.113518
0.0975329
-0.180413
0.248149
-0.038706
-0.0526781
-0.265051
0.0812891
0.0224729
0.249742
-0.149808
-0.044097
-0.144224
0.00105627
-0.0715558
-0.117661
-0.25038
-0.189286
-0.122227
-0.0181047
-0.0769147
-0.0734302
-0.00762563
-0.324604
-0.222392
-0.0771462
0.0268316
0.0243235
0.172718
-0.086293
-0.319681
-0.189087
-0.383682
0.217051
-0.159992
0.221182
-0.169364
-0.100726
-0.627772
-0.195407
-0.356367
-0.13606
-0.316807
-0.019329
-0.248402
0.0567993
0.0308591
-0.133416
-0.340185
-0.311834
-0.0627071
-0.443606
-0.259499
-0.353744
0.0274951
-0.12645
0.267109
-0.0187952
-0.237736
-0.21159
0.12992
-0.2859
-0.152846
-0.29917
0.00468674
0.0320435
0.145999
-0.142958
-0.0531621
0.251742
-0.0649751
0.178132
0.0967653
-0.19288
0.180126
-0.367475
0.163722
-0.584948
-0.524907
0.0451843
0.106226
-0.148304
0.105428
0.143324
-0.118722
-0.276034
0.067277
-0.0624563
-0.0265213
0.0370395
0.365022
-0.147821
-0.00571437
0.207401
-0.296335
-0.11368
-0.0551622
0.112825
0.28047
-0.0126818
-0.0657174
-0.0423372
-0.397178
-0.0461672
-0.109572
-0.14635
0.401753
-0.130391
-0.206096
-0.0800559
-0.267908
-0.0749248
-0.22252
-0.329936
0.312299
-0.331094
-0.306982
0.144534
0.447131
0.524137
0.0438316
-0.0932111
-0.0556359
-0.018284
-0.460002
0.096022
-0.238033
0.0775326
0.260321
-0.420874
-0.595585
-0.0370203
-0.0913327
-0.253757
-0.446134
-0.267231
-0.331272
-0.660669
-0.403539
-0.553016
-0.0749933
-0.28022
0.15446
-0.175666
-0.183906
-0.104507
-0.435179
0.298906
-0.211903
-0.156733
0.0025193
-0.102152
-0.670095
0.0485884
-0.365824
-0.181767
-0.226847
0.0482009
-0.413383
0.0982492
-0.240425
0.025718
-0.277065
-0.0381808
-0.0253051
0.0684152
-0.229711
-0.298142
-0.202954
-0.335287
-0.314444
-0.632373
-0.0717326
-0.198745
-0.329986
-0.366444
-0.639071
-0.298475
-0.149565
-0.344409
-0.216686
-0.524905
0.0282477
-0.240854
-0.199279
-0.326602
-0.456406
0.0470763
-0.0362818
-0.345967
-0.319627
0.0655578
-0.348314
-0.0101427
0.0181334
0.0485879
0.128792
0.0965523
0.0881453
0.158739
-0.369549
-0.29207
-0.187658
0.0392342
-0.148086
-0.331396
-0.0894927
-0.0355432
0.172894
0.402934
0.051142
-0.146177
-0.403585
-0.0433957
-0.147113
-0.00579063
-0.202874
0.327805
-0.0970068
0.0108779
0.110589
-0.364998
-0.0146922
0.36847
-0.469709
-0.282457
-0.109702
0.192811
-0.0148747
-0.318958
-0.256484
-0.111205
-0.19348
-0.21947
-0.375175
-0.0716093
-0.157166
-0.15287
0.166317
-0.0177345
-0.239712
0.00430603
-0.0390277
-0.1077
0.255557
0.182119
0.0833883
-0.0844562
-0.0734076
-0.0565507
-0.135574
-0.32553
-0.255469
-0.126737
-0.648784
-0.336645
-0.165996
0.0925984
-0.119426
-0.10736
0.016336
-0.0713789
0.326632
-0.0143582
-0.222695
0.383219
0.0956539
-0.044373
-0.0481188
-0.157234
0.038301
0.0578651
0.0632269
0.151855
0.349416
0.180588
-0.0304792
0.192044
0.51503
-0.0103369
-0.42693
0.00795656
-0.0696237
-0.227702
-0.0661919
0.152133
-0.0062651
-0.0271442
0.00587187
-0.194751
-0.38758
-0.207313
0.383417
0.143285
-0.209344
0.070453
-0.392934
0.0746324
0.289716
-0.0749963
-0.527008
-0.116882
-0.17825
-0.094568
0.0827734
0.0130159
0.0267577
0.279472
0.211398
0.297604
-0.116866
-0.00715513
-0.364775
-0.0576446
-0.253551
-0.306334
-0.175774
0.16215
0.0600738
-0.0735061
0.342062
-0.0567665
0.297608
-0.130103
-0.126538
0.0419295
-0.070314
-0.0396376
0.157645
-0.206422
0.135752
0.0163932
-0.079139
0.0361339
0.0107935
-0.267526
-0.0708236
0.10704
-0.303698
-0.25842
0.0239948
-0.24034
-0.191355
-0.245035
-0.222396
0.00948617
-0.0912173
-0.0258478
-0.373046
-0.159258
0.219203
-0.116595
0.10898
-0.438734
-0.163273
0.271814
-0.119004
-0.2628
-0.00379543
-0.142168
-0.15657
-0.163688
0.0438348
-0.131257
-0.112674
0.373925
0.0371327
-0.28715
-0.0172846
0.217022
0.0760585
-0.0284375
-0.0688301
-0.429912
-0.297807
0.0474019
0.234114
0.0614003
0.121609
0.306551
-0.197588
-0.120481
-0.159722
0.227464
-0.32451
-0.0810405
-0.0966975
-0.0720905
-0.138107
-0.224634
0.219288
0.480039
0.239937
0.066625
-0.0960788
0.0241025
-0.07092
0.247368
0.220251
-0.127013
-0.271051
0.176412
-0.0212233
-0.10376
-0.409523
-0.187183
-0.292423
-0.589249
-0.199882
0.0134223
-0.139237
0.0312595
0.0542074
-0.100363
0.119062
-0.320531
-0.504991
-0.11455
-0.296979
-0.0765591
-0.121395
-0.11725
-0.231527
-0.0402248
-0.211371
-0.015032
-0.0780972
-0.0807318
-0.091388
-0.311365
-0.0146416
-0.0116363
-0.373085
-0.327622
-0.466886
-0.276319
-0.063842
-0.214353
0.0639542
-0.344171
0.0797889
-0.598406
-0.35647
-0.200813
-0.267784
-0.0755041
0.0660839
-0.20816
-0.0748612
0.105079
0.0982191
-0.074592
0.0494499
0.141096
-0.190301
-0.131959
0.143004
-0.231035
-0.112926
-0.290569
-0.258163
-0.438154
-0.26193
0.0408965
-0.146656
-0.154419
0.0473274
0.113258
0.0601487
0.180806
-0.212447
-0.30491
-0.267004
-0.243844
-0.0679299
-0.160093
0.0677498
0.214262
-0.172467
-0.280601
-0.164222
-0.346418
-0.106608
-0.349634
-0.460439
-0.0519718
-0.511557
-0.233635
-0.197871
-0.245951
-0.0182464
-0.259428
-0.382901
0.261674
-0.127042
-0.0565345
-0.607079
-0.338323
0.253317
-0.122502
0.0895462
-0.0711202
-0.0481925
-0.229409
-0.161009
-0.383729
-0.162368
-0.0335531
0.450368
0.121916
-0.0278235
0.117736
-0.0194806
-0.262197
-0.186401
-0.0524255
-0.340852
-0.228474
0.0308759
-0.0519216
0.215966
-0.0091192
0.128612
-0.118295
-0.181136
-0.314846
-0.0359324
-0.139264
0.127082
0.0311742
-0.324114
-0.222885
0.0116168
-0.388542
-0.0177269
0.203934
0.137375
-0.169833
0.200907
-0.221706
-0.131775
0.0412013
-0.0987808
-0.23552
-0.0574814
0.14428
-0.540284
-0.137553
-0.243548
-0.212764
-0.080201
-0.186489
-0.288982
-0.00269371
-0.233254
-0.461449
-0.28591
-0.0888189
0.0288577
-0.211361
-0.25095
-0.424926
-0.13604
0.155018
-0.0930629
-0.317814
0.0978482
0.113494
-0.412357
-0.0432975
-0.126383
-0.101468
0.00715838
-0.035427
0.0221298
0.148157
0.245326
0.302504
0.118594
-0.227067
-0.405262
0.32134
0.0285018
-0.0597978
-0.299907
0.119026
0.0118413
-0.052223
0.0525135
-0.488949
-0.00670151
0.199757
0.0799704
-0.0379735
-0.214363
-0.565228
-0.375121
-0.417507
-0.308534
0.129264
-0.22244
-0.278489
0.287443
0.134136
-0.347615
-0.178141
-0.241418
-0.0750576
-0.347327
-0.137035
-0.452195
-0.117686
-0.372128
0.111617
-0.129623
-0.0858266
0.0486928
0.2201
-0.042766
0.1781
-0.164063
0.0345675
-0.232368
-0.270774
-0.0142241
-0.220588
-0.181204
0.0943077
-0.306365
0.205913
-0.219198
-0.474762
-0.435715
-0.166431
-0.0781398
0.177334
-0.320102
-0.130163
0.0212086
0.358265
-0.255515
-0.327083
-0.30177
-0.189682
-0.166651
-0.0445314
0.0840239
0.494303
-0.306709
-0.27757
-0.15193
0.0117304
-0.102753
-0.0671418
0.123991
0.175144
-0.105333
0.0704284
0.146572
0.161081
0.247498
-0.219721
-0.0480399
-0.336889
-0.175685
-0.356594
-0.158025
-0.081278
-0.164836
-0.188457
-0.101614
-0.0185334
0.284119
-0.0511821
-0.315318
-0.244394
-0.165243
-0.301449
-0.433639
-0.166689
-0.191535
0.247245
-0.133587
-0.27623
-0.167085
-0.367781
-0.219945
-0.0203075
0.0463183
-0.0135553
0.104796
-0.333769
-0.15477
0.0823822
-0.122412
-0.00340261
0.449348
-0.210109
-0.0370642
-0.0906928
0.303538
0.130125
-0.0123158
-0.0558063
-0.331259
0.0561384
-0.11006
-0.146666
-0.226417
0.268149
-0.182009
-0.104417
-0.22074
-0.184313
0.0144592
-0.0739182
0.350285
-0.0445027
-0.433317
-0.0502184
-0.0982503
-0.226908
-0.0622037
-0.295909
0.0637415
0.0961808
0.238655
0.0279366
-0.0775669
-0.068049
0.0653825
-0.0874959
-0.0906515
-0.262822
0.264529
-0.149082
-0.0830907
-0.00105097
-0.278702
0.381304
0.293358
-0.0470137
0.170559
0.0229611
-0.0149873
-0.191541
-0.366917
0.040886
0.196073
0.0937452
-0.127367
0.206939
-0.101842
0.524697
0.0216685
0.139627
0.17531
0.127446
-0.131599
0.179895
0.182649
-0.0598672
-0.355671
0.103927
-0.0812541
-0.0211849
-0.190804
0.0140985
-0.311808
-0.302095
-0.383937
-0.474845
-0.105978
-0.328553
-0.345051
-0.312106
0.0753071
0.245592
-0.106441
-0.167879
-0.445068
-0.2251
-0.162262
-0.188176
-0.249772
-0.252688
-0.0610921
-0.196518
0.112793
0.0667397
-0.256706
-0.130763
0.187398
-0.110088
0.157496
-0.386705
-0.292901
-0.303642
0.115366
0.107348
0.190878
-0.0915514
0.039701
0.346798
0.16615
-0.332105
-0.22348
0.0351537
-0.368068
-0.4468
-0.131568
-0.243059
-0.150491
0.0799971
-0.360332
-0.0489187
-0.0577608
-0.222448
-0.240944
-0.428974
-0.248509
-0.159135
-0.364542
-0.317695
-0.0618357
-0.0484066
-0.221737
-0.435693
-0.190104
-0.21274
0.10239
-0.481881
0.0167249
-0.367046
-0.158626
0.0149804
0.0883502
0.0139757
-0.242465
-0.523622
-0.129966
0.29085
0.0990469
-0.216962
-0.127534
0.0753688
-0.0982953
-0.154671
-0.427376
-0.333792
-0.0906001
0.0331088
-0.527448
-0.0192652
-0.403673
-0.0621118
0.146351
0.0797464
-0.399022
-0.0929173
-0.257436
-0.230049
0.250072
-0.179781
0.0687993
0.0214435
0.479326
0.130693
-0.00383976
-0.0605932
0.0204516
-0.210068
0.0255039
0.265403
-0.18507
-0.190066
-0.255285
0.134853
0.0341956
0.298972
-0.115498
-0.320043
0.235551
-0.288749
0.361945
-0.0228115
0.142986
0.112523
0.170241
0.130212
-0.093253
-0.309587
0.302986
-0.129033
0.110257
0.193708
-0.122393
0.270706
0.00616013
0.100831
0.220009
0.188644
-0.126705
0.338458
-0.113744
0.335153
0.171043
0.374099
-0.237036
-0.362901
0.245995
0.145305
0.0640288
-0.0106065
0.00181665
0.0201323
-0.0703553
-0.11792
-0.0402315
0.0768739
-0.0913433
0.032167
-0.198142
0.187704
0.105432
-0.166771
0.247399
-0.12923
0.123051
-0.0484788
0.228119
0.188702
0.183869
0.134353
0.0602206
-0.288392
-0.0497643
0.147865
0.331625
-0.186318
0.0456104
0.364121
-0.0591207
0.264087
0.260531
0.159332
0.160056
-0.0515239
0.132093
0.0291492
0.132218
0.0585169
0.121299
-0.0530496
-0.489882
0.0866642
0.100513
0.149629
-0.00270957
-0.137344
0.196831
0.252794
0.227321
0.213793
0.275609
-0.207362
0.174225
0.284435
0.00513077
0.0451022
0.00759982
0.0100538
-0.299298
-0.128639
-0.37241
-0.218559
0.376258
0.0555358
-0.0881676
-0.146014
-0.104154
0.101438
-0.150214
-0.0633146
0.105
-0.383087
-0.108632
0.379534
0.147575
-0.128363
0.180838
-0.239681
-0.0807678
0.0724875
-0.158836
0.14569
0.149176
0.279897
-0.106434
0.269459
0.0864905
-0.0469723
-0.0543632
-0.151659
-0.217293
0.0362429
0.338646
0.168656
-0.461878
0.33497
-0.196852
0.0946756
0.224043
0.511835
0.156574
0.0411742
0.0391697
0.299716
-0.060534
-0.071068
0.29512
-0.0448672
-0.13422
0.394525
0.0610165
0.0802582
-0.00655739
0.430091
0.363979
0.0755149
-0.229865
-0.157454
0.0122522
-0.0721414
0.141805
0.482006
-0.369681
-0.313148
0.141058
0.0801821
0.0366159
-0.0469175
-0.321792
0.0329823
-0.166725
0.176022
0.00901383
-0.0276055
0.0196299
0.165574
-0.385373
0.224569
-0.167737
0.0684452
-0.23245
-0.208256
0.423297
0.188283
0.24686
0.389485
0.31082
0.116881
0.212326
0.495262
0.0487354
-0.100124
-0.0230494
-0.0674868
0.0987391
-0.165414
0.19897
0.056658
0.243765
0.00622335
0.289214
-0.356668
-0.226784
-0.132009
-0.00143066
0.021356
0.186921
0.235841
-0.0584545
-0.294978
-0.188471
0.0596155
-0.0877573
-0.143379
-0.130328
-0.284443
-0.147324
-0.218104
-0.197377
0.451176
0.3382
0.071333
0.620175
0.170116
-0.340827
-0.0634181
0.147993
0.323491
0.245256
0.134707
0.4009
0.154532
0.0569971
0.108281
-0.110701
-0.0212015
0.00492004
0.0481285
0.464614
0.0878912
0.421955
0.262583
0.137412
-0.0368284
0.103312
0.0483322
0.249756
0.107071
-0.234258
0.0982228
-0.294129
0.0265525
-0.212709
-0.0797108
0.230088
0.0415218
0.149058
0.120384
0.00209746
0.332274
0.026202
0.397532
-0.0523952
0.113558
-0.0263382
-0.118344
0.639102
-0.0644357
-0.0372585
-0.12219
0.0450493
-0.0343811
-0.082354
-0.111339
-0.168694
0.342233
0.247104
-0.00845284
0.0494538
-0.12785
-0.235579
0.0530258
0.154912
0.189922
0.165742
-0.187791
0.151684
-0.0241293
0.104928
-0.330909
0.521146
0.129952
0.0998416
0.00822872
0.156337
-0.0104033
-0.0361738
0.171614
-0.152672
-0.0219651
0.389104
-0.267253
-0.114166
-0.336212
-0.116725
-0.888091
0.362257
-0.293906
-0.376694
0.149855
0.00472824
-0.310791
-0.253233
-0.297369
0.0816482
-0.364301
0.0479836
-0.118371
0.360201
0.0706901
0.119705
-0.181277
-0.1935
-0.105895
0.135623
0.550856
-0.150334
0.0337524
-0.235004
-0.119934
-0.0640701
0.245319
-0.000922317
0.327484
0.192181
0.18889
0.523394
0.352281
0.294376
0.558686
0.278064
-0.221009
-0.268236
0.0447887
0.199265
-0.146761
0.485625
0.134247
0.248541
-0.0292235
-0.289057
-0.0585802
-0.519413
0.4411
-0.17834
-0.151892
0.126725
-0.131437
0.154446
-0.0815097
-0.473416
0.0576482
0.284387
-0.298079
-0.028027
0.0790784
0.148722
0.568654
-0.626014
0.537287
-0.593419
0.587695
-0.232469
-0.431391
0.236542
-1.50103
0.931433
-0.0373862
0.971719
0.216036
-0.129506
1.15812
-0.575476
1.26561
-0.64288
-0.376372
-0.276845
-0.382226
1.06228
-0.872691
1.12392
-0.573354
-0.29354
1.45192
0.0510879
0.613238
-0.0886645
0.307237
0.0340487
0.0607873
0.458312
0.131286
0.185361
-0.758901
-0.458669
-0.073
-0.396317
-0.0715444
-0.296972
0.0976958
-0.261673
0.28169
-0.650661
0.264197
0.300987
-0.269037
0.134157
0.0218695
0.33063
-0.142713
1.32809
-0.643623
-0.504446
-0.707863
-0.0535722
0.462479
-0.572694
0.761083
-0.512345
0.189783
0.273076
0.366448
0.727642
-0.0099956
-0.0263404
-0.338353
0.510221
0.380076
-0.00801137
0.121131
0.390089
-0.108974
0.102831
0.0707856
0.373941
-0.206083
-0.0741115
0.318739
-0.114708
0.110933
-0.469853
0.130311
-0.407996
0.186052
0.0173292
-0.461576
-0.520876
0.0773383
-0.811232
0.473853
-0.36867
-0.118272
0.0785275
-0.381727
-0.664156
-0.760747
0.643655
-0.567983
-0.206004
-0.0387965
-0.0810732
-0.55801
-0.444812
-0.223842
-0.497544
-0.10122
0.466844
0.145392
0.00558736
-0.781151
0.391948
-0.245403
0.443665
0.324466
-0.893868
0.195647
-1.50768
1.22414
-1.24255
-0.0557582
-0.845292
-0.850906
-0.0432334
-0.125173
-0.054907
-0.895034
0.509688
-0.402437
-0.328379
-1.13636
-0.541856
0.688707
-1.65772
-0.430504
-1.57672
0.676106
-1.07126
0.238334
-0.975941
-0.323002
0.367686
-1.11416
-0.325267
-0.619057
-0.89961
0.330889
-0.847186
-0.343683
0.322068
0.14976
-0.0757361
-0.680161
0.755694
-0.443499
0.0830661
0.0147237
-0.139658
1.17521
-0.297766
-0.761336
0.821089
-0.626704
-0.137898
-0.435068
0.344547
-0.889142
0.563108
0.164
-0.449925
0.232892
-0.0173115
0.0291687
0.218234
0.404651
-0.344026
0.514657
-0.067386
0.194775
-0.0544263
0.620153
0.114805
-0.396919
-0.0204642
0.122515
0.297059
0.320866
0.222011
-0.183332
0.895234
-0.13259
-0.0164154
-0.0822751
0.447685
0.168241
0.151884
0.0425237
0.719069
0.382938
0.379636
0.502496
0.933793
0.0353521
0.200565
0.207338
0.208934
0.13072
0.729875
-0.0758738
0.121607
0.630787
0.121115
0.462791
0.240009
0.289846
0.186771
0.0636275
0.26429
0.293343
0.0020602
0.45379
0.12539
0.359666
-0.0279734
0.145353
0.244388
0.399703
0.537393
0.171379
-0.0932508
0.439541
0.14662
-0.187667
0.193126
0.239449
0.0437882
-0.0744038
0.0622721
-0.234905
0.131012
0.269096
0.320607
-0.129876
-0.173806
-0.180891
0.445916
0.20759
0.268057
0.420968
0.41892
0.366315
0.648518
0.379115
0.48472
-0.0773874
-0.208151
0.122524
0.141432
0.355591
0.224258
0.00397351
-0.254132
-0.14589
0.614437
0.380763
0.126626
0.0710319
0.367305
-0.0766679
0.307485
0.805061
0.433174
0.365096
0.222504
0.230596
0.239037
0.662817
0.16952
0.0273145
0.030935
0.468142
0.458263
0.155684
0.397746
0.0684243
0.490071
-0.365548
0.411676
0.230347
0.343653
-0.204226
0.377802
-0.246568
-0.0496469
-0.0492116
0.33964
0.0990732
0.761493
0.0547495
0.407546
0.17293
0.21175
0.266172
-0.193613
-0.0827484
-0.411754
0.275524
-0.113569
-0.189234
0.629684
-0.104663
-0.13783
0.324359
-0.177718
-0.410296
-0.143484
0.727916
0.232046
0.415342
0.0184087
0.0428695
-0.15982
-0.0518761
-0.0529542
0.423204
-0.534563
-0.252912
-0.0321997
0.0820813
-0.0970733
-0.0883844
-0.225512
-0.12834
0.549716
-0.231254
-0.419037
0.0880789
0.52354
-0.339854
0.0597153
-0.17645
0.0578952
0.31183
0.129917
-0.102416
0.242979
0.252333
-0.0293063
0.230148
-0.11386
0.397356
0.439852
0.00380519
0.0571441
-0.123136
-0.130264
0.323153
-0.0951237
-0.370667
0.191216
0.0381875
0.442885
-0.0573957
-0.0171945
-0.139603
0.386768
0.176614
-0.0454371
0.325314
-0.115638
0.120601
-0.302336
-0.250913
0.0584592
-0.0306518
-0.209798
0.487715
-0.282819
0.716152
0.163634
0.0113624
0.26869
0.514728
0.259738
-0.284897
0.17444
-0.52151
-0.278384
-0.344074
0.475948
0.129146
-0.148902
0.00942777
0.0251203
-0.47888
-0.120628
-0.238273
-0.173834
0.286318
-0.240798
0.607756
0.192804
-0.144411
0.811378
-0.358781
0.872609
-0.891457
-0.186425
0.766274
-0.152207
0.342152
-0.489184
0.846544
-0.0470508
-0.696483
0.293805
-0.667547
-0.344573
0.186419
-0.315624
-0.476621
0.125233
-0.113626
0.203285
0.496881
-1.15215
-0.387204
-0.216508
0.222124
-0.422871
-0.542293
0.712561
-0.290937
-0.813609
0.0885518
0.116235
-0.410408
-0.241082
-0.126938
-0.96176
0.439536
0.218331
-0.131468
0.323262
-0.497334
0.226268
-0.738315
0.157818
-0.286427
-0.145055
0.162696
-0.303534
0.100485
-0.505155
-0.0768931
-0.672482
-0.464711
-0.0701111
-0.445731
0.138069
0.196469
0.0662933
-0.14228
-0.313982
0.00362975
-0.0211375
-0.101593
-0.674093
-0.418691
-0.649785
-0.233752
0.314245
-0.383613
-0.181126
-0.317036
-0.0939075
-0.427341
-0.428036
-0.000320085
0.172338
-0.0675104
0.138075
-0.0535719
0.208542
0.000623264
-0.112993
-0.321027
-0.271268
-0.32611
0.252551
0.327116
-0.184263
-0.140241
-0.154849
-0.326353
-0.0164638
-0.169763
-0.226396
-0.244984
-0.436457
-0.3886
-0.0929181
-0.27824
-0.198761
-0.727063
0.162508
-0.0688723
-0.0120861
-0.341855
-0.0489034
-0.00871475
-0.319817
-0.168603
-0.286183
0.0107979
-0.557479
-0.223019
0.0689808
-0.486568
0.143924
-0.24172
0.0821609
-0.217015
-0.172789
0.0617809
0.252269
-0.0795241
-0.518003
-0.110452
-0.259749
-0.273426
-0.173041
0.0286662
-0.537687
-0.113737
-0.23673
-0.116357
-0.278444
-0.142175
0.109797
-0.329264
-0.133902
-0.496145
-0.188086
-0.280078
-0.110306
-0.338048
-0.387088
-0.578931
-0.314882
-0.0900732
-0.0940986
-0.429927
-0.401454
-0.708354
-0.554749
-0.0467839
-0.216669
-0.539121
-0.0478161
0.214756
-0.565149
-0.301427
0.0392247
-0.541108
-0.40259
-0.182936
-0.118086
-0.0931909
-0.189102
-0.211262
-0.441747
0.113823
-0.717658
0.270757
-0.426592
-0.461027
-0.378696
0.14827
-0.705896
0.149987
-0.254524
-0.231283
-0.156131
-0.483722
-0.0599567
-0.085147
0.160095
-0.308442
0.134037
-0.15028
0.00956172
-0.180199
-0.0655091
-0.312027
0.0332861
-0.241742
-0.0843446
-0.230327
-0.467188
-0.175909
-0.122051
0.143319
-0.432955
-0.102421
-0.0996339
-0.129964
0.19845
0.13666
0.082122
-0.085791
-0.339754
0.102982
0.248546
-0.0560146
0.332685
-0.171384
0.131813
0.364749
-0.184453
-0.1678
0.00085874
-0.0501696
0.479419
0.18853
0.284821
-0.137736
0.139106
-0.0898178
-0.0795641
0.169421
-0.717039
-0.1524
-0.0378092
0.251339
-0.348049
0.0820602
0.180711
-0.0494629
-0.225148
0.180167
-0.1576
0.35785
-0.169609
-0.104909
-0.109895
-0.100632
-0.552864
-0.101937
0.195351
0.0060594
-0.136092
-0.0301107
0.275029
0.467194
0.405926
0.227633
-0.200435
0.0275118
-0.0033482
-0.220659
0.00695587
0.134612
0.161736
-0.322609
-0.236914
-0.104889
-0.567945
-0.15261
0.123372
-0.312739
-0.161506
-0.305849
0.119299
-0.255764
-0.357773
-0.428327
-0.113517
-0.265345
-0.00819496
-0.0912488
-0.33082
-0.0833093
-0.405733
0.150498
-0.294721
-0.433516
0.0827088
0.0521882
-0.30284
-0.00275669
-0.0877076
-0.671386
-0.32511
-0.102696
-0.296234
0.0452799
0.0541763
-0.11061
-0.132701
-0.124137
-0.0234915
-0.113595
-0.067471
0.0181733
-0.293722
-0.0950283
0.00339551
-0.269738
-0.434624
0.334433
0.206534
-0.0352457
-0.269
-0.0319746
0.255391
0.111908
-0.0511384
-0.162557
-0.435259
0.176705
-0.0863578
-0.274074
0.211916
-0.350494
-0.253513
-0.304552
-0.311223
0.16121
0.00970417
-0.00586265
0.208241
-0.243711
-0.081877
0.115091
0.0518593
-0.300967
-0.162132
0.127033
-0.0822977
-0.0101876
-0.143285
-0.117075
-0.0138493
-0.0422619
-0.319552
0.0244644
-0.0345432
0.174164
-0.0365519
0.139019
-0.184466
0.337904
0.342302
0.159033
-0.0684392
0.33001
-0.481735
-0.290321
0.129419
0.0174527
-0.00508507
-0.0325258
0.345815
0.363048
0.00994576
0.349291
-0.0778164
0.279122
-0.0135714
0.120686
-0.0984318
-0.194168
-0.0818526
-0.0622536
0.0423961
-0.0731993
0.126928
0.161991
0.315308
-0.279755
-0.0199924
-0.266392
-0.0588091
0.112527
-0.15379
0.167488
-0.111258
0.144357
-0.0663312
0.279588
0.199695
0.50574
0.249721
-0.0470874
0.268406
-0.111598
0.374973
0.312602
0.214658
0.114857
-0.083583
-0.192304
0.111969
0.162035
0.256131
-0.160581
-0.0494298
0.148144
-0.0107061
0.366908
0.308954
-0.053374
0.486847
0.221201
-0.258365
0.0390412
0.117643
0.289197
-0.144344
0.0519757
0.098826
-0.00426499
-0.10998
-0.0852365
-0.0637272
-0.0300772
-0.580797
-0.149295
-0.368787
0.000432801
-0.0474072
0.129751
-0.194469
-0.209753
0.0259436
-0.385395
-0.0374369
-0.0429225
-0.207614
0.178619
0.145006
-0.0208293
-0.119695
-0.154388
-0.165064
0.0334997
0.175978
0.0851636
-0.0598764
-0.0278549
-0.606207
-0.00853298
0.116945
0.165521
0.237853
0.0679204
0.0133872
0.167043
-0.403509
-0.13848
-0.0330337
0.192234
0.045358
-0.394162
-0.0242678
0.201903
0.118817
-0.130228
-0.0202297
-0.303084
0.0431243
-0.279248
-0.047985
0.214349
-0.156058
0.140856
0.0695851
-0.0859934
-0.0714639
0.294557
-0.0230917
-0.0382403
0.17806
-0.0240613
-0.389609
-0.396019
-0.0841551
-0.067105
-0.281328
-0.346119
-0.132692
-0.267014
-0.0244364
0.104917
0.131253
0.0329985
-0.306127
-0.238689
-0.221081
-0.0394843
-0.0336859
-0.232865
0.279702
0.044999
-0.0975813
0.601343
0.00783865
-0.184823
0.499569
0.244686
0.214104
-0.480432
-0.0889979
-0.0305249
-0.156171
-0.105568
-0.0911202
-0.123503
-0.0465078
-0.168169
6.15829e-05
0.0848386
-0.21793
-0.274848
0.036567
-0.0718388
-0.011286
-0.0531943
0.00875268
-0.300417
-0.27057
0.0322713
-0.164751
-0.577532
-0.0773434
-0.280649
-0.247382
-0.313579
-0.447625
-0.571726
0.0314994
-0.401076
-0.20394
-0.566495
-0.234481
-0.387502
-0.0275794
0.166077
-0.397359
-0.228141
-0.027306
-0.659563
0.0642413
-0.0928257
-0.210026
-0.170887
0.0131725
-0.0871801
-0.398229
0.204091
-0.454562
-0.0015312
-0.0390084
-0.171795
-0.369976
-0.145702
-0.0856582
-0.351269
-0.161126
0.0956172
-0.226546
-0.0665381
-0.332805
-0.443687
-0.488587
0.0577815
-0.346691
-0.339086
-0.184774
-0.346241
-0.425949
-0.142822
-0.351578
-0.537699
0.183268
-0.550236
-0.301849
-0.28398
-0.270245
-0.0516919
-0.182412
-0.18283
-0.214937
-0.122721
-0.527994
-0.609929
-0.383612
-0.329717
-0.157024
-0.296389
-0.512886
-0.237868
-0.403591
-0.288076
-0.265092
0.150662
-0.3362
-0.381499
-0.151269
-0.323203
-0.269452
-0.161236
-0.142393
-0.655776
-0.0498619
-0.15016
-0.0271563
-0.238898
0.0976646
-0.007791
-0.635566
-0.505938
-0.469539
-0.271392
-0.183144
-0.243612
-0.37107
-0.657331
0.221617
-0.402505
-0.209213
-0.0983804
-0.548943
-0.410378
-0.062889
-0.00175525
-0.144239
-0.266178
-0.122927
-0.512859
-0.362283
-0.0996312
-0.444752
0.00148969
0.0917865
-0.210707
0.127598
-0.0731626
0.105533
0.0107786
-0.146765
-0.11845
0.121568
-0.289992
-0.0870255
-0.36375
0.134304
-0.154032
0.00435471
0.01167
-0.294596
-0.767749
-0.341767
-0.333565
-0.480351
-0.00809074
-0.161825
-0.323134
-0.0724774
-0.352088
-0.26564
0.212057
0.149558
-0.192832
-0.244683
-0.197931
-0.260102
-0.0975776
-0.200493
-0.682536
-0.254535
-0.0113951
-0.255714
-0.505212
-0.0370968
-0.269729
0.117833
-0.220861
-0.0401617
0.0284179
-0.102036
0.199043
-0.186256
0.312534
-0.207804
-0.127282
-0.0942715
0.0116776
-0.00785596
-0.242403
-0.0242459
0.0642498
-0.0852267
0.219586
-0.164258
0.283875
-0.0554524
0.206194
-0.498042
0.0205792
0.365326
0.139315
-0.0783558
-0.229313
0.359964
0.0387333
0.357694
0.14575
-0.224149
-0.54315
-0.0246769
-0.304277
0.0462263
0.143981
-0.0397823
0.0145783
0.121256
-0.358647
0.415313
-0.119517
0.0424636
-0.250824
0.390235
-0.0897271
0.319944
-0.0172162
0.192995
-0.159155
-0.155663
-0.0853415
0.17399
-0.135006
0.113559
-0.425894
-0.372838
-0.208831
-0.544614
-0.470709
-0.0582152
-0.00370975
-0.0878604
-0.244052
0.104947
-0.0239622
-0.00513853
-0.337245
0.10019
0.112395
0.16414
-0.197682
-0.137685
-0.491088
0.0777756
-0.0522255
-0.450756
0.173373
0.25525
-0.10006
-0.253385
0.0235137
0.359183
0.125253
0.143421
0.30194
0.128367
0.212547
0.179065
0.183799
0.176556
0.0490381
-0.101503
0.151471
0.0981763
0.421053
0.298213
0.0927532
-0.209327
0.183861
-0.373107
-0.336411
-0.436914
0.176839
0.121327
0.133467
-0.109686
-0.0404796
-0.23444
-0.0562921
-0.128097
-0.111444
-0.366308
0.0296037
0.0395525
0.107947
-0.324063
-0.19301
-0.115444
-0.154113
-0.0334983
-0.125832
0.16685
-0.0455411
0.283472
0.177114
0.119521
-0.00597829
-0.120145
0.092063
0.0121444
0.162983
-0.370926
-0.416286
-0.180508
0.01931
-0.173619
-0.0156082
-0.00437764
-0.217369
-0.208822
0.0988489
-0.232527
0.163581
0.246345
0.0999258
0.400967
0.320523
0.175538
0.0968938
-0.00754027
0.233844
0.22412
-0.128739
0.369035
0.290605
-0.0811969
0.108702
-0.0574808
-0.0189354
-0.114309
0.056016
-0.0474198
0.14787
-0.0240725
-0.0564178
-0.0319236
-0.30865
0.0313426
0.0587882
0.0227362
-0.200087
-0.0992491
-0.136795
0.270438
-0.217405
0.0721872
-0.368773
0.544167
-0.0214148
-0.170395
0.0100206
0.35442
-0.231147
0.200583
-0.107454
0.102176
-0.236014
0.184008
-0.10482
-0.113205
-0.25368
-0.306651
-0.248785
0.347636
-0.381246
-0.234586
0.0517813
0.0745348
-0.203829
-0.0586022
-0.0806203
-0.566939
-0.133283
0.112688
-0.428894
-0.199818
-0.334443
-0.306674
-0.558241
-0.11152
-0.317797
0.128316
-0.215067
-0.45419
0.0577575
-0.571217
-0.0927668
0.0806091
0.152017
-0.244124
-0.234856
-0.282058
-0.270141
-0.361964
-0.167379
-0.165306
-0.153536
-0.443122
-0.0234819
-0.200785
-0.0296082
-0.0851489
0.19784
-0.359567
0.0876986
-0.123558
0.0296434
-0.392795
-0.0932228
-0.0710985
-9.95357e-05
0.0023114
-0.465284
-0.262304
0.0446571
-0.387299
0.0170428
-0.0618302
0.0386795
-0.117051
0.072605
-0.307822
-0.122792
-0.351808
-0.147007
-0.547863
-0.645327
-0.253902
-0.112281
-0.460523
-0.227535
-0.316
-0.476632
-0.138842
-0.393133
-0.729109
-0.246238
-0.405512
-0.19703
0.00781289
-0.417278
-0.18227
-0.31927
-0.639577
-0.406136
-0.424265
-0.116569
-0.015606
-0.291235
-0.234725
-0.293163
-1.06377
-0.42104
0.320958
-0.38023
-0.151837
-0.121902
-0.673839
-0.198821
-0.193934
-0.191832
-0.326704
-0.254183
-0.409157
-0.172069
-0.206109
-0.266367
-0.0144507
-0.0959844
-0.553866
-0.534425
-0.203155
0.279166
-0.0367291
-0.190335
-0.294884
0.01873
-0.177454
-0.437668
-0.340878
-0.647501
-0.262782
-1.00136
-0.0832509
0.191388
0.0286345
0.0283308
0.0572972
-0.174
-0.474543
-0.243704
-0.285764
-0.412575
-0.478164
0.182848
-0.116595
-0.374078
-0.304569
-0.431315
-0.242243
0.0653864
0.200996
0.429288
-0.0607632
-0.162711
-0.124026
0.308822
-0.439823
-0.0608029
-0.0717855
-0.0151653
-0.290963
0.360151
-0.264067
-0.19578
-0.117174
0.0560316
0.145842
0.0118906
0.125404
-0.342154
0.0459461
-0.0716979
-0.595362
-0.365505
0.0256667
-0.075533
-0.623788
-0.0549067
-0.362743
0.126822
0.286019
-0.051354
-0.571084
0.285129
0.191061
-0.245527
-0.273167
0.00310927
-0.0675896
-0.0645042
-0.261942
-0.0202757
0.234783
0.0605411
0.10281
-0.219847
0.0711586
0.0044115
0.406146
-0.0676772
0.0828485
0.0527017
-0.0997324
-0.574838
-0.156668
-0.267024
-0.00924077
-0.00977237
-0.257685
-0.152661
0.170277
-0.225721
0.47601
-0.428292
0.00431032
-0.253887
-0.170819
-0.25875
-0.400188
-0.36662
-0.139144
-0.357465
-0.367915
-0.324991
-0.440428
-0.0742104
-0.165672
0.189113
-0.226906
-0.14629
-0.342992
0.111005
-0.0618205
-0.643135
-0.159777
-0.297463
0.136845
-0.456219
-0.362456
-0.665546
-0.0483956
-0.208172
-0.283811
-0.254397
-0.258079
-0.184816
0.0881868
-0.161996
-0.16423
0.175385
-0.0846688
-0.488592
-0.435176
-0.394608
-0.0371004
-0.134149
0.0667299
-0.329184
-0.560432
-0.403367
-0.277716
0.027092
-0.0246728
-0.412176
-0.569456
-0.310105
-0.0643175
-0.459647
-0.18118
-0.0408622
-0.107429
-0.251544
-0.544954
0.184783
0.0816133
-0.0518263
-0.0277513
-0.384011
-0.203062
-0.313684
0.147672
-0.0613471
0.167608
-0.0366117
0.0550059
-0.0857886
-0.441447
-0.321224
-0.308367
-0.177834
-0.0471572
-0.248227
0.0121476
-0.191961
-0.07074
-0.166643
-0.12359
-0.148662
-0.357147
-0.275799
-0.082421
-0.316879
-0.553554
0.130833
-0.114216
0.0727097
-0.282028
-0.319253
-0.330147
-0.00333394
-0.44001
-0.282428
-0.290048
0.0333184
0.0167642
-0.16144
-0.00258377
-0.139009
-0.117852
-0.501356
-0.143851
0.160597
-0.230417
-0.185996
-0.078934
0.0531669
0.0604045
0.054747
-0.404064
-0.305948
-0.248159
0.284306
-0.366903
-0.603213
-0.132723
-0.196902
-0.163574
0.120493
-0.0566271
-0.0735112
0.443835
-0.247119
0.341384
0.319289
-0.131806
-0.137313
-0.0726385
-0.273525
-0.0894382
-0.0963869
0.0507722
0.165975
0.0743673
-0.172128
-0.165406
0.103798
0.192625
0.0129978
0.0632118
-0.293563
-0.118474
-0.0822731
0.15986
-0.162649
0.187595
-0.0763491
-0.0493219
-0.10308
0.351066
0.0505828
-0.441445
0.0740517
-0.301786
-0.526215
-0.0920928
-0.0250293
-0.312216
-0.103271
-0.368825
-0.242658
-0.317656
-0.0766236
0.103687
-0.278369
-0.256823
-0.30126
-0.487239
-0.314043
-0.319621
-0.162915
-0.33057
-0.0867356
-0.0644633
0.132416
0.032845
-0.152141
-0.361063
-0.0891536
-0.142506
-0.0459906
-0.149636
0.0325419
-0.0368093
-0.271869
0.166613
-0.236905
-0.115289
-0.179652
0.252803
-0.0940148
0.456886
0.137899
0.022458
-0.222876
0.0934234
0.197612
0.299216
0.144491
-0.0373483
0.0289338
-0.0120115
-0.429652
0.0961126
-0.0437853
-0.175106
-0.0420344
-0.212219
-0.0182805
-0.209264
-0.119862
-0.0838157
0.274847
0.190962
0.0756002
0.0918338
-0.336444
-0.152734
-0.0180844
0.129256
-0.0230202
-0.0637906
-0.0291324
0.0802897
-0.373048
-0.210285
-0.188783
-0.14622
-0.0841314
-0.125087
-0.198005
-0.219001
0.144542
0.00279638
-0.353518
-0.24842
-0.0785745
-0.0295136
-0.127107
-0.196478
-0.221833
0.157316
-0.123944
-0.205335
0.0581058
-0.265527
-0.158758
0.10956
-0.112294
-0.265063
-0.171371
-0.394548
-0.119274
-0.179279
-0.190679
-0.292103
-0.122674
-0.212803
-0.264568
-0.0159553
-0.0925592
-0.0368301
0.0822182
-0.101525
0.018955
-0.0181812
-0.348729
0.249926
-0.0880197
0.290067
-0.115069
0.0606637
-0.289124
-0.333796
-0.227086
-0.0381929
-0.297988
-0.185275
-0.413473
-0.155223
-0.150213
0.148946
-0.100043
0.00261456
0.235893
-0.788975
-0.208571
-0.350959
-0.050654
-0.161499
-0.183727
-0.192563
-0.488796
-0.305549
-0.138015
-0.268442
-0.250651
-0.316655
0.0594539
-0.173188
0.0159339
-0.206248
-0.190125
-0.332028
0.0489411
-0.233437
-0.391356
-0.045025
-0.00410256
-0.283321
-0.00153316
0.152623
-0.35346
-0.352909
-0.239388
-0.367153
-0.273412
0.0235042
-0.207473
-0.0295404
0.0181545
0.027513
0.155191
-0.259698
0.360868
-0.428501
0.0934966
-0.371225
-0.0844218
-0.302597
-0.368961
0.107152
-0.129758
-0.246255
-0.102571
-0.437673
-0.38319
0.223487
-0.217924
-0.223347
0.0360863
-0.290054
0.00412256
-0.223032
0.0121401
0.0655992
0.0224954
-0.125981
-0.308951
-0.0885438
-0.11464
-0.245544
-0.242818
0.176577
0.00127661
0.236672
0.0837101
-0.00565379
0.302516
0.0928087
0.0062675
0.140437
-0.111571
0.107048
0.110796
-0.246265
-0.267271
-0.200638
-0.483891
0.0687565
0.129598
-0.614337
-0.18085
-0.0294503
-0.198595
-0.192386
-0.366763
0.125336
-0.245486
-0.0160007
0.0291144
-0.39019
-0.37719
-0.374186
-0.324399
-0.229096
-0.349304
0.0235943
-0.474939
-0.293003
-0.256387
-0.477075
-0.179168
-0.265904
-0.495536
-0.183411
-0.32945
-0.511128
-0.283377
-0.425966
-0.29007
-0.0450642
-0.24743
-0.299029
-0.0283115
-0.0759629
-0.209429
-0.208035
0.0862129
-0.394043
-0.648699
-0.0353414
-0.132428
-0.0906731
-0.337417
-0.14222
-0.19685
0.055156
0.0428892
-0.119429
0.133731
-0.296368
-0.0260356
0.120383
0.138825
-0.0354624
-0.132985
-0.182572
-0.0666195
-0.215685
-0.236807
-0.434129
-0.0657552
-0.115063
-0.457477
0.0302903
0.127339
0.166143
-0.122201
-0.355407
-0.106329
0.407323
-0.245802
0.052968
0.101796
-0.309241
0.0161834
0.226438
-0.215329
-0.187526
-0.287652
0.0707724
0.311017
-0.289356
0.098044
-0.0026931
0.00343209
0.0404455
-0.268873
0.0763171
0.0541858
-0.0669021
-0.287248
0.0299517
-0.128387
-0.211478
0.0565987
-0.538581
0.0533974
0.115947
-0.117946
-0.232923
-0.179767
-0.437288
-0.303369
-0.140774
-0.390902
-0.0421438
-0.315371
0.0788207
-0.682531
-0.0261036
-0.552235
-0.00149594
-0.278798
-0.0915184
0.041673
-0.236316
0.0221735
-0.269784
-0.229601
0.0755273
-0.0776376
-0.128661
-0.485881
0.095135
-0.461017
-0.360805
-0.504038
-0.292086
-0.25818
-0.578498
-0.233816
-0.150966
-0.180555
-0.343278
0.0544787
-0.054124
-0.0702293
0.045146
-0.0791171
-0.281395
-0.31304
0.333079
-0.289298
-0.0514221
-0.201526
-0.189853
0.0798346
-0.151825
-0.308043
0.202366
-0.10187
0.0276323
-0.340113
-0.239357
-0.176638
-0.0121466
-0.041451
-0.178044
0.0458893
0.433012
0.181396
0.240489
-0.252779
0.0941504
-0.238601
-0.104632
0.200115
-0.214274
0.0215791
0.1079
-0.136353
-0.0773474
0.0168879
-0.531304
-0.229626
-0.172907
-0.0686019
-0.133087
-0.385176
-0.22044
-0.0759038
0.0188642
0.0548739
0.0579326
0.177993
-0.0754168
-0.164123
-0.428461
-0.299331
-0.261455
-0.0289711
0.0890165
-0.362266
-0.180457
-0.295889
-0.167264
-0.0610227
-0.245572
-0.0257949
-0.0455902
-0.45282
-0.119715
0.121996
-0.0600166
0.281789
0.00958415
-0.240737
-0.220419
-0.0831263
-0.13144
-0.0138881
-0.196203
-0.0711305
0.0896828
-0.100639
-0.161265
-0.494831
-0.18118
-0.0567377
0.0639277
0.1139
0.254855
-0.200613
-0.0318475
-0.0260834
0.0454172
-0.290886
0.055473
-0.186402
-0.0746457
0.0970818
-0.49445
0.1621
-0.337624
-0.259558
-0.107938
0.0408446
-0.311033
-0.38172
-0.0407337
-0.39979
0.0477805
-0.435293
-0.146185
0.314694
0.00146063
-0.472381
0.0246317
-0.0587378
-0.0224833
-0.184249
-0.0868401
-0.079252
-0.194482
-0.490752
-0.285398
-0.334928
0.0817214
-0.103947
-0.485458
-0.306464
-0.0290063
-0.298041
-0.3805
0.0441822
-0.321791
-0.0619456
-0.286031
0.223237
-0.246116
-0.613397
-0.504155
-0.0786697
-0.503097
-0.134804
-0.267663
-0.168411
0.0870944
0.132513
-0.0485922
-0.11639
-0.139781
-0.119187
-0.247913
-0.346687
0.268869
0.421256
0.268282
0.0876449
0.131734
-0.300265
0.254985
-0.062147
-0.232566
0.194106
-0.196636
-0.153329
-0.124397
-0.0201845
0.169382
0.131638
-0.172904
-0.014769
-0.243146
0.0778119
-0.0805745
-0.0329131
-0.10654
-0.210598
0.108271
0.378071
-0.332238
0.0958534
-0.439182
-0.294441
0.00231755
0.0500185
0.393209
-0.0997695
-0.0937478
-0.131298
-0.126787
0.0502117
-0.272773
0.0410281
0.0441457
-0.0453843
-0.315449
-0.159093
-0.000938541
-0.0679868
0.199608
0.130698
-0.655416
-0.171166
0.0506729
-0.0530334
-0.142759
-0.354348
-0.225393
-0.274402
-0.0948036
-0.340954
0.0154236
-0.336124
-0.261679
-0.399249
-0.0793132
-0.135644
-0.355905
-0.240436
-0.0487657
-0.312535
-0.0719585
-0.360934
-0.172783
-0.445938
-0.287262
-0.362021
-0.201703
-0.0863473
-0.114226
-0.109493
0.196132
0.340924
-0.165807
-0.339272
-0.0258865
-0.28246
-0.109061
-0.263371
-0.259651
0.0400295
-0.199218
0.085316
-0.203245
0.120911
-0.106337
-0.329845
-0.166446
-0.356962
-0.0752997
0.0203852
-0.264543
-0.419656
-0.447543
-0.36363
-0.32186
-0.299042
-0.146526
0.0632733
-0.755403
-0.218449
-0.471733
-0.254687
-0.226047
-0.625641
-0.0205229
-0.461575
-0.284379
-0.198412
-0.350865
-0.634487
-0.314762
-0.178029
0.176445
-0.34149
0.0345546
-0.287797
-0.168722
-0.287637
-0.193436
-0.461059
-0.622743
-0.779054
-0.104687
0.0921204
-0.0980921
-0.178717
-0.240972
-0.216228
-0.0795221
-0.494464
-0.221814
0.162694
-0.0495152
0.0431097
-0.565811
-0.27419
-0.277049
-0.659322
-0.262248
-0.506476
-0.350829
-0.0437979
-0.0628107
0.104165
-0.407434
-0.262961
0.096009
-0.453914
-0.29358
-0.317395
-0.5657
-0.371312
-0.266272
0.0102901
-0.050446
-0.290499
-0.306194
-0.579666
-0.487308
-0.406548
-0.133948
-0.260798
-0.220764
-0.173312
-0.271443
-0.362819
-0.186734
-0.138976
-0.312145
-0.205088
-0.312685
-0.472642
0.0315153
-0.135282
-0.370681
-0.365596
0.0494759
0.0241941
-0.387492
-0.459393
-0.0765495
0.0859145
-0.243067
-0.177213
-0.0394434
-0.263037
-0.230001
-0.0723763
-0.556139
-0.557194
-0.348689
-0.0973382
-0.413985
-0.110716
-0.385807
-0.313927
-0.479239
-0.0864262
-0.27233
-0.349303
0.202899
-0.211031
-0.0570309
-0.366523
-0.389084
0.0616648
-0.427775
0.0989087
-0.338053
0.037685
-0.321809
-0.104321
-0.521071
-0.102532
-0.421695
-0.504799
-0.0114525
-0.419783
-0.123436
-0.440982
-0.466374
-0.0968436
-0.114986
-0.429581
-0.47225
-0.184623
-0.304255
-0.0864806
-0.249531
-0.55425
-0.0381366
0.0580975
-0.289408
-0.675514
-0.750609
-0.241897
-0.405468
-0.277751
-0.322776
-0.366318
-0.345858
-0.378127
-0.430405
-0.410871
-0.101332
-0.0244403
-0.307303
-0.517433
-0.5611
-0.319349
-0.636762
-0.455707
-0.312616
-0.106287
-0.23745
-0.427041
-0.479976
-0.539552
-0.343569
-0.00945112
-0.585892
-0.845158
-0.332056
-0.148264
-0.588968
-0.385989
-0.245622
-0.110143
-0.379899
-0.607002
-0.20422
-0.218359
-0.136816
-0.368717
-0.0523097
0.219378
-0.488195
0.00624978
-0.162198
-0.271601
0.0708522
-0.257407
0.228073
-0.278158
-0.095001
-0.277407
-0.0430394
-0.147803
-0.0219504
0.215644
-0.254939
0.207584
-0.668508
-0.510851
0.0846678
-0.17657
0.170822
-0.173867
-0.498446
-0.225015
-0.0990032
-0.118396
0.139818
-0.148525
-0.0399302
0.17722
-0.0577661
0.107405
-0.0125372
0.038509
-0.061904
-0.241342
0.0872913
-0.338426
-0.153368
-0.47039
-0.219041
-0.230922
0.263815
0.0927237
-0.145421
-0.312802
-0.249325
0.00122031
-0.126464
-0.303678
-0.245975
-0.369825
-0.19924
-0.156554
-0.0776194
0.0380912
-0.221753
0.0407067
-0.234872
-0.0949024
-0.176682
-0.332906
-0.151074
-0.100353
-0.129399
-0.561545
-0.347901
-0.474886
-0.149734
-0.289742
-0.268356
-0.553171
-0.0687939
-0.0566045
-0.284821
0.153474
0.0783894
-0.00262751
-0.17598
-0.362539
-0.0143155
-0.496901
-0.325948
-0.0125893
-0.0341563
-0.380615
-0.377569
-0.338592
-0.418446
-0.264416
-0.362154
-0.19792
-0.0524601
-0.695876
-0.411167
0.0288536
0.12379
0.172623
-0.566439
-0.695408
-0.0710236
-0.517422
-0.244645
-0.374293
0.0878639
-0.320788
-0.0592391
-0.019132
-0.229102
-0.350063
-0.148537
-0.193855
-0.0259206
-0.484144
0.122192
-0.109046
0.0494841
-0.57108
-0.0361665
-0.0495004
-0.141024
-0.127887
-0.468517
-0.308978
-0.173958
-0.0827048
0.0437356
0.0758435
0.0895658
-0.0410617
-0.396337
-0.278364
-0.0439519
-0.114003
-0.255643
-0.262558
-0.0646689
0.197163
-0.181512
0.157257
-0.308076
0.00479255
-0.400965
0.0694202
-0.489893
0.104402
-0.253409
-0.24821
-0.24447
-0.0865224
0.581861
-0.271299
0.0169723
-0.589402
-0.0375602
-0.3154
0.0784332
-0.0567199
0.160827
-0.0105475
0.0203967
-0.0780171
-0.0938464
-0.162462
-0.0912476
0.0440542
-0.316252
-0.0777847
-0.302527
-0.113931
-0.257047
0.234593
0.243211
-0.141395
-0.456083
-0.25578
-0.112989
-0.238531
-0.383973
-0.30902
-0.318707
0.0975202
-0.306643
-0.345049
0.236772
-0.330384
0.0798506
-0.328824
-0.399931
-0.449629
-0.173051
-0.466414
-0.475194
-0.457584
-0.385552
-0.201452
-0.14235
-0.213825
-0.190379
-0.206752
-0.716012
-0.407273
-0.44526
-0.200198
-0.289244
-0.144284
-0.306633
-0.270341
-0.410635
-0.14235
-0.438401
-0.267602
-0.651281
-0.587024
-0.385357
-0.649377
-0.202539
-0.0891313
-0.601802
0.0216659
0.0930393
-0.0362302
-0.496997
-0.194532
-0.533831
-0.0306003
-0.0325234
-0.235747
-0.318281
-0.0861674
-0.445399
-0.212879
-0.0273172
-0.263745
-0.142115
-0.117719
-0.306283
-1.0133
-0.176223
-0.306773
-0.952699
-0.333611
-0.63008
-0.254156
-0.305989
-0.687465
-0.355565
-0.627146
-0.109351
-0.352406
-0.321355
-0.44832
-0.319186
-0.258409
-0.171316
-0.0526411
-0.485082
-0.422495
-0.448
-0.568413
-0.317098
-0.285562
-0.898781
-0.552618
0.0934473
-0.27719
-0.490882
-0.57105
-0.368352
-0.423461
-0.353153
-0.314909
-0.497743
-0.522399
-0.453374
-0.368522
-0.0566699
-0.218448
-0.508899
-0.251501
-0.15945
-0.401396
-0.170399
-0.509111
-0.46535
-0.349302
0.0012938
-0.315066
-0.407365
-0.277894
-0.581531
-0.480854
-0.213925
-0.460244
-0.137789
-0.257475
-0.120718
-0.491573
-0.0627059
-0.367031
0.00871157
-0.442358
-0.341969
-0.483705
-0.632704
-0.41111
-0.346637
-0.29328
-0.37833
-0.625131
-0.838032
-0.649438
-0.249937
-0.580873
-0.453337
-0.313859
0.0381952
-0.483652
-0.412478
-0.202414
-0.592607
-0.217513
-0.298378
-0.211673
-0.202361
-0.614536
-0.395519
-0.499918
-0.539836
-0.434848
-0.319337
-0.218279
-0.101764
-0.594531
-0.344961
-0.295888
-0.434391
-0.235277
-0.37408
0.11195
-0.381807
-0.0632153
-0.195202
-0.176964
0.0310216
-0.209445
-0.251482
-0.582712
-0.390562
-0.368742
-0.169086
-0.327654
-0.496802
-0.404397
-0.335708
-0.172538
-0.174438
-0.134864
0.00747944
-0.625785
-0.753926
-0.705437
0.0685482
-0.552439
-0.138169
-0.552315
-0.264975
-0.0230927
-0.17492
-0.318366
-0.3951
-0.18454
-0.213669
-0.458915
-0.398053
-0.55441
-0.314079
-0.318151
-0.102961
-0.202645
-0.279547
-0.245747
-0.483226
-0.251732
-0.299353
-0.588818
-0.44907
-0.29882
-0.344385
-0.310772
-0.406874
-0.477539
-0.66629
-0.149636
-0.44586
-0.135358
-0.325981
-0.505529
-0.484346
-0.50727
-0.0237012
-0.0175374
-0.40914
-0.538775
-0.393991
-0.371658
-0.0398414
-0.230708
0.177845
-0.438138
-0.317551
-0.350805
-0.362554
-0.206874
-0.369414
-0.200888
-0.503665
-0.275515
-0.471449
-0.442808
-0.447487
0.22612
-0.0988322
-0.54866
-0.341126
0.052032
0.164396
-0.512168
0.055446
-0.162599
-0.483658
0.00478579
-0.118017
-0.286934
-0.538034
-0.337082
-0.299716
-0.485138
0.113627
-0.632469
-0.643675
-0.0839202
-0.619726
-0.410507
-0.268373
-0.44136
-0.426495
-0.31195
-0.825869
-0.381689
-0.114398
-0.121679
-0.166123
-0.14548
-0.293945
-0.504417
-0.420584
-0.297585
-0.370943
-0.274912
-0.517502
-0.0213394
-0.524378
-0.325118
-0.395457
-0.155011
-0.571055
-0.396235
-0.351006
-0.334416
-0.656679
-0.390124
-0.390988
-0.617584
-0.451042
-0.415689
-0.38731
-0.69473
-0.450639
-0.474149
-0.263511
-0.434831
-0.30612
-0.265794
-0.0968938
-0.477769
-0.557805
-0.169189
-0.410223
-0.459701
-0.345195
-0.449496
-0.0381557
-0.245745
-0.346931
-0.354227
-0.542164
-0.110767
-0.0865257
-0.402495
-0.195553
-0.15795
-0.726549
-0.513256
-0.421773
-0.382263
-0.265968
-0.286144
-0.222729
-0.641266
-0.112422
-0.196143
-0.0866014
-0.103206
-0.326399
-0.315253
-0.220764
-0.099899
-0.481053
-0.440203
-0.511692
-0.627211
-0.665752
-0.194196
-0.476383
-0.0322407
-0.297116
-0.317384
-0.502617
-0.404336
-0.243657
-0.275031
-0.266758
-0.481609
-0.166978
-0.20999
0.140115
-0.263457
-0.393111
-0.16831
-0.00119462
-0.699276
-0.636269
-0.420408
-0.523223
-0.596057
-0.334092
-0.428452
-0.586043
-0.174006
-0.237139
-0.225672
-0.53686
-0.073578
-0.164169
-0.404417
-0.0855716
-0.0806917
-0.16559
-0.18139
-0.0122865
-0.359776
-0.634968
-0.103145
-0.429707
-0.335007
-0.374025
-0.291162
-0.475992
-0.0573103
-0.166142
-0.156469
-0.16698
-0.689058
-0.467561
-0.338697
-0.252321
-0.0900603
-0.378049
-0.0758166
-0.0895242
0.0052032
-0.220248
-0.605419
-0.313311
-0.308427
-0.33568
-0.0884578
-0.532662
-0.253932
-0.196781
-0.189262
-0.232614
-0.211215
-0.528268
0.0302315
0.134333
-0.45808
-0.56128
-0.39526
-0.0232269
-0.331893
-0.263805
-0.231682
-0.203179
-0.313895
-0.0981273
-0.448854
-0.240423
-0.356014
0.0390553
-0.53305
-0.330313
0.00624498
-0.193086
-0.407228
-0.351807
-0.180384
-0.125679
-0.175609
-0.420396
-0.512082
-0.211267
-0.281954
-0.408871
-0.27487
-0.726599
-0.332539
-0.281826
0.0502264
-0.457481
-0.532839
-0.515831
-0.62617
-0.0942656
-0.579933
-0.486459
-0.0771927
-0.343708
-0.265732
-0.0376244
-0.322723
-0.60158
0.0303382
-0.03041
-0.010503
-0.500048
-0.181122
-0.202183
-0.45857
-0.0737875
0.0222173
-0.341352
-0.15736
-0.186525
0.154931
-0.212945
-0.411318
-0.13791
-0.0343805
0.0630062
-0.0336411
-0.298082
-0.216157
-0.22616
-0.254526
-0.332554
-0.284801
-0.179662
0.243388
0.228014
-0.0927848
-0.204034
-0.463641
-0.269007
-0.119738
0.10663
-0.147134
-0.341829
-0.202559
-0.315834
-0.284485
-0.075459
-0.39677
-0.316726
-0.194237
-0.519589
-0.279274
-0.300875
-0.263564
-0.462426
-0.0117229
-0.263891
-0.381876
-0.101156
-0.435893
-0.394984
-0.269023
0.0477169
0.194057
-0.0758594
-0.0508861
-0.407
-0.0421694
-0.200366
-0.280596
-0.322389
-0.348924
-0.199568
-0.258056
-0.133902
-0.260919
-0.162147
-0.362164
-0.0278121
-0.225117
-0.163195
-0.0297298
-0.239952
-0.273809
-0.626361
-0.592057
0.0140061
-0.198399
0.169986
-0.0607842
-0.360842
-0.593748
-0.0914209
-0.0228142
-0.221253
-0.0185352
-0.0639309
-0.109591
-0.0365859
-0.158424
-0.221559
-0.374141
-0.323458
-0.0771836
0.0269357
-0.41686
-0.21226
-0.0206734
-0.253889
-0.206459
0.0143106
-0.515107
-0.269587
-0.352531
-0.0886465
-0.56091
-0.461883
-0.17227
-0.189623
0.0405713
-0.185603
-0.273667
-0.025467
-0.466995
0.0893798
0.150403
-0.210404
-0.267738
-0.424696
-0.345989
0.16454
-0.371305
-0.401258
-0.339479
-0.256514
-0.236759
-0.446642
-0.119162
-0.422648
-0.378109
-0.0493316
-0.064444
-0.351249
-0.30956
0.090822
-0.239667
-0.12044
-0.199291
0.0964396
0.126623
0.0252937
-0.541708
-0.0822669
-0.134103
0.189552
-0.168751
-0.00337654
-0.0666655
-0.178882
-0.246105
0.105273
0.21878
-0.395949
0.126613
-0.0715418
-0.0923427
-0.221184
-0.282216
0.392153
-0.166991
-0.399682
0.233125
-0.288743
-0.228319
-0.193848
-0.401975
-0.129684
-0.302047
0.20041
-0.296151
-0.469256
-0.243809
-0.0346332
-0.00556826
-0.365899
-0.267851
0.31121
-0.351735
-0.304726
-0.379543
-0.254711
-0.28681
-0.243306
0.0197394
-0.667975
-0.294727
-0.298558
-0.553962
-0.318653
-0.492242
-0.614161
0.223994
-0.176166
-0.3728
0.115461
-0.2685
-0.666517
-0.223929
-0.164857
-0.330992
-0.450456
-0.0549808
-0.498513
-0.0872798
-0.0701237
-0.0165801
-0.355971
-0.237897
0.021485
-0.0905948
-0.0473
-0.375517
-0.49568
-0.0962137
-0.715726
-0.0455472
-0.182604
0.0887488
-0.0220595
-0.0785627
-0.340251
-0.298759
-0.285685
-0.280833
-0.241037
-0.0869147
0.201606
-0.411391
-0.540445
-0.25431
0.0464913
0.0615769
-0.636339
-0.617795
-0.200835
-0.347376
-0.510948
-0.0381054
-0.569752
0.0160781
-0.25648
-0.15281
-0.117866
-0.192197
0.0963119
-0.199937
-0.0601819
-0.0736647
0.115718
-0.24979
-0.0613564
-0.257723
-0.318768
-0.404005
-0.613417
0.00679414
-0.41085
-0.218623
0.0192363
0.186155
0.0144251
0.0674639
0.307296
-0.114225
-0.304051
-0.0426341
-0.432784
-0.0486091
0.0814805
0.124354
-0.0348551
-0.30565
-0.111955
-0.151792
-0.00517536
0.14647
-0.436001
-0.0814464
-0.404865
0.156158
-0.282999
-0.302044
-0.812431
-0.249459
-0.453265
-0.385638
-0.291434
-0.018403
-0.0858195
-0.39656
-0.0546087
-0.50115
-0.733399
-0.226693
-0.178705
-0.297625
-0.104235
-0.279535
-0.188125
-0.120384
-0.398379
-0.319038
-0.0893109
-0.209433
-0.233513
-0.131621
-0.517131
0.0245547
-0.341187
-0.371045
-0.0452389
-0.288144
-0.087757
-0.299678
-0.0591017
-0.101881
0.289139
-0.459333
-0.559032
-0.198589
-0.000288307
-0.665263
-0.203895
-0.348178
-0.32721
-0.482276
-0.0211587
-0.331504
-0.0548493
-0.553786
0.0445889
-0.200866
-0.190655
-0.139808
-0.672926
-0.222968
-0.464025
-0.356565
-0.0344303
-0.185197
-0.863395
-0.267687
-0.130209
-0.00454064
-0.155191
-0.324031
-0.305387
-0.198377
0.166512
-0.236543
-0.388584
-0.139453
-0.143045
-0.419989
-0.395257
-0.227239
-0.00887863
-0.392281
-0.156255
-0.314855
-0.110363
-0.562903
-0.0710377
-0.150895
-0.457359
-0.127841
-0.682161
-0.204448
0.0802539
-0.206627
-0.435349
-0.376074
-0.261717
-0.0321578
-0.3186
-0.435812
-0.19501
-0.334112
-0.549788
-0.0513118
-0.308264
0.108823
0.129298
0.0111651
-0.100011
-0.0128383
-0.179609
-0.786949
-0.0190837
-0.168054
-0.438208
-0.267486
-0.174061
-0.514094
-0.315748
-0.185164
0.0707479
-0.371109
-0.193238
-0.349463
-0.194697
0.0301476
-0.721906
-0.424462
-0.403484
-0.182988
-0.333838
-0.294886
-0.274231
-0.269777
-0.533143
-0.0903693
-0.476214
-0.46555
-0.401155
-0.100865
-0.348342
-0.172728
-0.216754
-0.775442
-0.155963
-0.345909
-0.185208
-0.406831
-0.183397
-0.374542
-0.296093
0.0461008
0.27778
-0.269831
-0.0606028
-0.269488
-0.375753
-0.0203941
-0.0658282
-0.409901
-0.218875
0.0605312
-0.0849619
0.138003
-0.179059
-0.153427
-0.0937422
-0.318095
-0.540587
-0.357747
-0.221408
-0.772558
-0.0837504
0.0687434
0.0963712
-0.347379
0.00558412
-0.500783
0.0957253
0.0471627
-0.250907
-0.14907
-0.5529
-0.123577
-0.241935
-0.475366
-0.30895
-0.261101
-0.664406
0.0604768
-0.149165
-0.544624
-0.0472944
0.00853037
0.0256275
-0.716785
-0.38373
-0.602344
-0.419738
-0.362205
-0.132766
0.0454102
-0.204076
-0.254707
-0.642727
-0.222646
0.02348
-0.50717
-0.414675
-0.170333
-0.205292
-0.307534
0.219377
-0.238094
-0.0725024
-0.192523
-0.185621
-0.14429
-0.411851
-0.285952
-0.27378
-0.38166
-0.029391
-0.407758
0.0399291
-0.243617
-0.253543
-0.672177
-0.482898
-0.458913
-0.250056
-0.24405
0.086231
-0.321495
-0.518352
-0.606985
-0.169121
-0.282276
-0.0897209
-0.35502
-0.0520329
-0.269512
-0.511713
-0.12513
-0.507214
-0.237822
-0.441398
-0.484001
-0.319032
-0.0746764
-0.442864
-0.671591
-0.718264
0.0732898
-0.397923
-0.836408
-0.41991
-0.067996
-0.567267
-0.204639
-0.039627
-0.19611
-0.174861
0.0479104
-0.276027
-0.3523
-0.736839
-0.457354
-0.200844
-0.47952
-0.489316
-0.318973
-0.478916
-0.555183
-0.444428
-0.454619
-0.567359
-0.00684683
-0.477837
-0.160247
-0.490253
-0.058332
-0.613145
-0.461369
-0.235782
-0.489747
-0.224158
-0.623595
-0.380302
-0.258456
-0.201976
-0.451527
-0.285661
0.0929803
-0.291731
0.147345
-0.367947
-0.613444
0.166445
-0.100139
-0.207075
-0.345456
-0.0999538
0.159508
-0.118375
-0.430506
-0.384863
-0.310775
-0.224741
-0.513582
-0.346234
-0.193337
-0.43193
-0.33236
-0.248489
-0.337327
-0.231483
-0.452034
-0.450475
-0.476666
-0.09995
-0.322442
-0.227483
-0.248288
-0.204293
-0.0230681
-0.148476
0.15666
-0.283542
-0.103185
-0.172049
-0.11697
-0.141059
-0.489028
0.0601179
0.288958
-0.332723
0.0183473
-0.0600166
-0.128326
0.171051
-0.237408
-0.325825
-0.309036
-0.232008
0.154429
-0.0707984
0.0951232
-0.049261
-0.390786
-0.310034
0.310229
-0.13774
0.0175738
-0.308689
-0.321877
-0.00228636
-0.0129091
-0.571552
-0.103258
-0.339437
-0.157341
-0.261847
-0.119227
-0.18302
0.159037
-0.243305
-0.377956
0.130372
-0.503434
-0.0334388
-0.036467
-0.317604
-0.3198
-0.00897526
-0.276527
-0.222228
-0.160232
-0.126591
-0.123772
-0.487877
-0.426916
-0.0953068
-0.406809
0.111156
-0.262708
0.0510565
-0.192939
-0.306619
0.188825
-0.0108514
-0.366023
-0.356929
-0.169684
-0.271876
-0.0662841
-0.260052
-0.239529
0.0605386
-0.334667
-0.599947
-0.170925
-0.399366
-0.317911
-0.11026
-0.344554
-0.35769
-0.772524
-0.421164
-0.217383
-0.643082
-0.455992
-0.30335
0.0180225
-0.433975
-0.349074
0.0266391
-0.295933
-0.157567
-0.209092
-0.359843
-0.69454
-0.27507
-0.262785
-0.242265
0.199987
-0.153882
-0.294542
-0.132286
-0.325318
-0.32143
-0.557715
-0.469414
-0.417339
-0.253716
-0.313878
-0.126561
-0.40588
0.28695
0.0790981
-0.0573553
-0.295563
-0.4481
0.253152
0.0838233
-0.197518
-0.199826
-0.235627
-0.0162017
-0.174308
-0.321463
0.139804
-0.396165
-0.246543
-0.436948
0.150812
0.005766
-0.337506
0.0452209
0.301367
-0.295065
0.0530122
-0.231126
-0.337619
-0.256884
-0.361142
-0.233741
-0.144556
0.100788
-0.287322
0.0832482
-0.0834118
-0.200784
-0.366933
-0.18678
-0.141896
-0.338596
-0.350596
-0.103058
0.0787017
-0.235901
-0.208365
0.0287618
0.163417
-0.100586
0.0477533
-0.0846851
0.0016581
0.0193347
0.155267
-0.277621
-0.168433
-0.405822
0.0113178
-0.0699291
-0.373517
-0.0252036
0.110735
0.323814
0.19241
-0.117216
0.0228414
0.0327327
0.0650782
-0.138482
0.259665
0.0867928
-0.0429322
0.0928753
-0.471668
-0.171149
-0.0577158
-0.43856
-0.188591
-0.0553176
0.0368078
-0.430712
-0.0988009
-0.233688
-0.372122
-0.0367013
-0.0942549
-0.378359
-0.303076
-0.0327481
0.0221038
-0.435465
0.23473
0.0306281
-0.335582
-0.117171
-0.329091
-0.0105081
-0.391501
-0.30334
-0.358175
0.078122
0.0301217
0.139695
-0.328315
-0.467187
-0.0789609
-0.0678284
-0.415264
-0.505921
0.0583
0.239614
-0.241987
-0.319279
-0.387512
-0.615133
-0.221391
-0.124521
-0.376408
-0.0387379
-0.0627029
0.142502
0.116732
-0.330663
-0.319205
-0.239199
-0.472151
-0.325116
-0.112309
-0.245373
0.145147
-0.12435
0.11388
-0.0630485
-0.358071
-0.214321
-0.48609
-0.0647933
-0.324819
-0.280668
0.0244773
0.416058
-0.281334
-0.143472
0.072944
-0.388377
-0.386984
-0.688252
-0.185439
0.0944946
-0.0428476
0.0533061
-0.264866
0.298662
-0.0894625
0.00495764
-0.313285
0.019242
-0.112899
-0.0129935
-0.0174578
0.467274
-0.0225252
0.195456
-0.35351
-0.49535
-0.235125
-0.242224
0.242024
-0.320132
0.0444047
0.229839
-0.316214
-0.374942
-0.045014
0.0103962
0.0766827
0.187938
-0.064857
0.14905
0.0557974
-0.134683
0.0272078
0.0419235
-0.0345144
-0.049545
-0.0567168
-0.104275
0.0542517
-0.0845053
0.492295
-0.185549
-0.0445578
0.132958
-0.0167521
0.196222
0.00479648
0.0640413
-0.194322
0.0306813
-0.0349622
-0.239953
-0.243904
-0.0710066
-0.0454827
-0.0424627
-0.250245
-0.0416097
-0.413125
0.189631
-0.267685
-0.114681
-0.182417
-0.497097
-0.299195
0.0835452
-0.0929504
0.134244
0.306958
0.0929683
0.126004
0.110456
0.039053
0.00463854
-0.334506
0.195324
0.282165
0.351097
0.215692
0.453491
0.436939
0.207633
0.52059
0.284399
0.127612
-0.0517021
-0.0473082
0.047338
-0.266905
-0.129841
0.0310121
0.503671
0.479312
0.213198
0.00142726
-0.04699
0.00905383
-0.167682
0.0365498
0.205276
-0.169474
-0.312596
-0.595323
-0.546426
-0.0470766
-0.240151
0.139237
-0.265358
-0.224938
0.0132266
-0.162407
-0.0135743
0.188522
0.0446014
0.272856
0.0163483
-0.0938088
-0.0943929
0.0338885
-0.268795
0.179864
0.308285
-0.00844135
-0.209322
-0.13631
-0.0760512
-0.68825
0.11202
-0.390626
-0.215717
-0.0666236
0.0461726
-0.0265645
0.259101
0.217443
0.109904
-0.292218
-0.117014
0.0484225
-0.138302
-0.101384
0.00294323
-0.30068
0.0221118
0.0393562
0.263949
0.163054
0.218836
0.0125165
0.0620795
-0.071254
0.145535
0.059505
-0.327169
0.0468633
-0.193668
-0.236918
-0.154169
-0.0861084
-0.0340184
0.0732698
-0.476505
-0.0847254
0.0818106
0.112794
0.142655
0.124954
0.022375
0.0468652
-0.0439291
0.147651
0.016512
-0.350907
-0.282635
-0.549719
-0.0457647
-0.0254569
0.0769047
-0.075105
-0.164284
-0.0975191
0.10076
-0.328283
-0.334126
-0.394544
-0.763711
-0.250675
-0.328896
-0.333289
-0.483949
-0.283131
-0.61137
-0.485503
-0.733646
-0.206254
-0.0455134
-0.504603
-0.151871
-0.107775
-0.423438
-0.478822
0.046812
-0.145295
-0.0929517
-0.23588
-0.918942
-0.520832
-0.00958681
-0.108293
-0.279637
-0.434611
-0.40962
-0.289127
-0.248285
-0.714149
-0.531114
-0.428488
-0.538261
-0.524477
0.0630071
-0.129546
0.250264
-0.477215
-0.274692
-0.0497326
-0.0173312
-0.443213
0.110972
-0.183114
-0.314032
-0.484245
0.1848
-0.218106
-0.0764856
-0.33798
0.161688
-0.577978
-0.22611
-0.237816
-0.21921
-0.358381
-0.196779
-0.366801
-0.571736
-0.365304
-0.110149
-0.200092
0.0436374
-0.322377
0.0463873
-0.269907
-0.203433
0.00437757
0.028282
-0.0819656
-0.0373157
-0.377584
-0.458977
-0.0859129
-0.00165894
-0.00825289
-0.177667
-0.193609
-0.437609
-0.270895
-0.134125
-0.594565
0.245402
-0.208427
-0.270443
-0.3308
-0.2933
-0.258469
-0.524905
-0.15391
-0.359105
0.0323049
-0.241407
0.0084107
-0.212199
-0.369328
-0.113435
-0.20272
-0.191983
-0.497754
-0.498914
-0.208137
-0.620629
-0.205153
-0.176178
-0.616079
0.00767498
-0.394891
-0.0742806
-0.217922
-0.240669
-0.237724
0.189712
-0.123418
-0.343103
-0.302652
0.278982
-0.339727
-0.168438
-0.211126
0.0153835
-0.160531
-0.0709427
-0.423132
-0.631958
-0.298541
-0.0553508
-0.404391
-0.0625241
0.108282
-0.234785
-0.279744
-0.592508
-0.550274
-0.19493
-0.0562819
-0.350044
-0.161057
-0.13402
-0.467147
-0.485201
-0.246018
-0.607021
0.00622211
-0.200629
-0.333731
-0.253846
-0.104407
-0.0903297
-0.15233
-0.139257
-0.337599
-0.118483
-0.3411
-0.136651
-0.275694
-0.177815
-0.117507
0.0514511
-0.246922
-0.214708
0.0107219
0.26589
0.114511
-0.745901
-0.501765
-0.101273
-0.209557
-0.0752277
-0.434731
0.100132
-0.165925
-0.271196
-0.489042
-0.232359
-0.373673
-0.169025
-0.229391
-0.0455368
-0.309166
-0.250546
-0.343975
-0.270675
-0.104336
-0.159244
-0.02858
-0.0217074
-0.541536
0.146171
0.0154104
0.0166422
0.0977817
0.239492
-0.103766
-0.113355
-0.181303
-0.135984
-0.261215
0.0583011
0.0448288
-0.0979806
-0.150578
-0.20598
-0.236572
0.145797
0.0593875
0.318485
-0.218912
0.0430882
-0.224705
0.0394532
-0.437281
-0.275734
0.177452
0.0712407
0.0332111
-0.24564
0.0637666
-0.23581
0.0163561
0.266929
0.246937
0.0619707
-0.296734
-0.102557
-0.0902975
-0.428653
-0.244078
0.0468233
-0.324036
0.319364
0.0897874
-0.110747
-0.374485
-0.142176
0.18789
-0.0757994
-0.1221
-0.243978
-0.106524
-0.33173
-0.43216
-0.173174
-0.106043
0.251514
-0.228497
-0.0395819
-0.258324
-0.233876
-0.0826326
-0.17378
0.0726879
-0.179279
-0.427648
-0.486568
-0.318909
-0.151938
-0.184838
-0.399899
-0.515104
0.0423704
-0.299042
0.0370997
-0.501132
-0.33406
-0.529002
-0.319245
0.0847538
0.016387
-0.0453504
-0.425788
-0.691262
-0.503683
-0.324914
-0.242204
-0.406873
-0.424585
-0.449708
-0.206995
-0.102067
-0.118934
-0.23117
-0.264884
-0.448644
-0.24039
-0.0107913
-0.360051
-0.428791
-0.18047
-0.36022
-0.145858
-0.3284
-0.365994
-0.13024
-0.237046
-0.126902
-0.30034
0.17963
-0.15239
-0.377736
-0.409023
-0.0455766
0.0914128
0.14882
-0.608197
-0.128676
-0.279964
-0.402722
0.129017
0.100381
-0.144699
0.0128611
-0.188284
0.376361
-0.308887
0.268869
0.013312
0.324167
-0.205715
0.0819169
0.157068
0.336105
-0.0831077
0.147724
0.11713
0.014798
-0.112323
0.471113
0.1023
0.124952
-0.0625926
0.491638
0.473931
0.0230632
-0.130917
0.118713
0.509007
0.111364
0.105655
0.335672
0.121753
0.159169
0.0381897
0.288967
0.549391
0.355665
0.540384
0.32694
0.15816
0.418691
0.210398
0.340952
0.0869187
0.194391
0.27381
0.408468
0.7994
0.112314
0.102867
0.160368
0.24195
0.222945
0.179611
0.430683
0.647444
0.614514
0.298308
0.471466
0.427883
0.573383
0.841935
0.642973
0.619615
0.341486
0.644171
0.248467
0.623638
0.292662
0.858856
0.623986
0.549521
0.599115
0.918035
0.237136
0.378624
0.274788
0.9899
0.678351
0.864281
0.42004
0.204255
0.0806178
0.317494
0.630892
0.438758
0.127103
0.640148
0.540478
0.00246608
0.66485
0.518522
0.0993371
0.470559
0.627862
0.622365
0.709149
0.64903
0.495735
0.722722
0.659915
0.694113
0.374774
0.821913
0.67179
0.125682
0.692707
0.32345
0.31052
0.330884
0.178236
0.719168
0.756111
0.400061
1.02366
0.373277
0.182185
0.295495
0.639802
0.390761
0.867143
0.875153
0.662779
0.582813
0.604581
0.0951003
0.503068
0.46927
0.438568
0.704606
0.511187
0.588623
0.522109
0.425742
0.519321
0.826756
0.427795
0.74601
0.653348
1.14752
1.41414
0.790505
0.654475
0.2785
0.25145
0.98645
0.72634
0.607432
0.452156
0.42082
0.463574
0.762852
1.03127
0.982167
1.02522
0.788362
0.286466
0.83864
0.818562
1.12023
0.856072
0.936477
0.698458
1.12365
0.755069
0.81928
1.06536
1.50331
1.02098
1.07172
1.40036
0.971806
1.2486
1.37313
1.50306
1.19234
1.00609
1.56355
0.857999
1.348
0.874387
1.34083
1.04523
1.24005
1.49236
1.54762
1.32948
1.48535
1.64114
1.26648
1.68649
1.55835
1.23472
1.51821
1.81977
1.22512
1.652
1.53562
2.04047
1.62567
2.04516
2.005
1.66397
1.66591
1.70126
2.24556
1.55424
1.99795
1.91421
2.17155
1.90598
2.37514
2.02122
1.9128
1.99185
2.27096
2.57555
2.26635
2.06245
2.40563
2.1532
2.44776
2.1317
2.37604
2.19343
2.41198
2.53523
2.1288
2.19421
2.24673
2.26574
2.45448
2.31593
2.40271
2.83071
2.13873
2.34795
2.81157
2.68084
2.50546
2.68406
2.57165
2.55862
2.37575
3.05063
3.04385
2.91268
2.86254
2.8837
2.77303
3.1589
3.38973
3.11673
2.5952
3.3252
3.09533
3.20061
3.10146
3.37002
3.17193
3.36399
3.24613
3.28438
3.23639
2.88832
3.24304
3.27324
3.16459
3.38286
3.16348
3.01115
2.99314
3.03914
3.07503
3.30332
2.79686
3.05232
2.84402
2.70537
2.86324
2.71173
3.03169
3.09328
3.17665
2.88008
2.91859
3.12341
3.22743
2.99562
2.97209
3.02708
2.87071
2.91032
2.79397
3.06721
2.86524
2.36294
3.04423
2.79371
3.44455
2.95439
2.56995
2.93043
2.66845
2.88453
2.76248
2.84754
2.67378
2.76985
2.68592
2.9139
2.75426
2.79556
2.51221
2.67313
2.72746
2.47346
2.65379
2.29069
3.39035
2.7179
2.597
2.40495
2.48889
2.62127
2.44024
2.51766
3.00176
2.53599
2.15699
2.57104
2.39569
2.60718
2.17435
2.84441
2.56206
2.51472
3.06503
2.26075
2.75574
2.70653
2.99665
2.54593
2.63406
2.61968
2.85665
2.96523
2.6666
3.21374
2.68479
2.56977
3.29084
2.88153
2.53659
3.16068
2.9627
2.84475
3.13638
2.86225
2.98019
3.0039
3.14441
3.20593
3.30433
2.92981
3.02447
3.05054
2.8251
3.0419
2.7677
3.19169
3.11021
3.05012
2.84347
2.7536
2.68749
2.96787
3.01033
3.26872
2.85069
2.92304
3.08525
3.30395
2.77366
3.17398
3.01491
2.96978
2.96176
3.1011
3.15522
2.97068
3.36288
2.78471
3.27037
3.05772
2.93224
2.76562
2.42898
3.05161
2.75172
2.89108
2.64005
2.52331
2.73081
3.04267
2.72002
2.82735
2.95915
2.86665
2.53998
2.72172
3.12749
2.89107
2.58691
2.50054
3.07336
2.90317
2.74078
2.81024
2.7077
2.77163
2.65809
2.75177
2.65567
2.91163
2.62095
2.56704
2.78404
2.70559
2.67671
2.71756
2.51464
2.44532
2.50961
2.10168
2.20436
2.07484
2.3971
2.1038
2.3826
2.0672
2.99406
2.46045
2.24279
2.0903
2.20333
2.3032
2.05556
2.19597
2.17876
2.40597
1.97694
1.76572
2.25309
2.22718
2.10475
2.40486
1.91117
1.96037
2.2371
2.03628
2.11224
2.11766
2.19988
2.11546
2.20714
2.15445
1.83838
2.12195
1.66959
1.71827
2.10531
1.6622
1.68745
1.98376
1.90398
2.14414
1.91958
1.87821
2.11528
1.61579
1.67948
2.09753
1.92412
2.29905
2.02306
1.93146
2.01068
1.93113
1.70654
1.70553
1.74495
1.95458
1.53345
2.18571
2.04419
1.71392
1.76515
2.20096
1.81067
1.67273
1.55238
1.77375
1.74494
1.92215
1.89432
1.48012
1.62302
2.16785
1.67748
1.58703
1.75656
2.02297
1.86403
1.69313
1.63462
1.55475
1.44285
1.59525
1.30893
1.42658
1.57209
1.5067
1.73068
1.11961
1.40163
1.50472
1.21863
1.46402
1.30381
1.17124
1.52298
1.36012
1.25796
1.11957
1.0811
1.04787
0.994002
1.27604
0.811736
1.4372
0.585297
1.333
1.03611
1.04855
1.19736
0.675646
0.9747
1.00086
1.12211
0.977137
0.812417
1.18308
0.889414
0.891748
0.688806
0.917021
1.11681
0.453689
0.81746
1.26763
0.984492
0.81879
0.662621
1.05782
0.659422
0.938448
0.839387
0.738897
0.972956
0.942496
0.860413
0.978588
1.01315
0.75632
0.751901
1.06495
0.698645
0.885598
0.767353
0.489807
0.774857
0.702012
0.846392
0.625488
0.577309
0.769186
0.845316
0.64131
1.00169
1.04036
0.922199
0.744402
0.932682
0.802082
0.804874
1.03261
0.992922
0.963834
0.762038
0.892865
1.19788
0.887523
1.0548
1.04539
1.05865
0.628681
1.346
1.10736
1.04585
1.20733
1.04745
1.17292
1.3951
1.65337
1.47905
1.36409
1.28118
1.02931
1.25736
1.68261
1.27697
1.04776
1.15121
1.32092
1.64711
1.36539
1.50485
1.60429
1.58399
1.39698
1.47715
1.24517
1.28456
1.35443
1.42876
1.60281
1.37747
1.05774
1.47617
1.44882
1.65882
1.39909
1.30788
1.68792
1.959
1.61839
1.80347
1.59777
1.6123
1.43648
1.74821
1.64596
1.57205
1.64325
1.6483
1.74847
1.52788
1.70655
1.3389
1.72388
1.47056
1.89436
2.10877
2.05835
1.63862
2.01809
1.7037
2.0456
2.00353
1.77625
2.29821
2.01116
2.10561
2.32272
2.11479
2.13271
2.09499
2.36078
2.01158
2.50266
2.39774
2.43258
2.31611
2.12885
2.73944
2.69517
2.67573
3.01937
2.54244
2.55365
2.48962
3.02991
2.62714
2.67422
2.89608
2.34218
2.54243
2.54834
2.78049
2.36261
2.87952
2.55092
3.09368
3.12898
3.17263
3.11755
3.45305
3.12028
2.97262
3.54572
3.65779
3.16153
3.21169
3.11332
3.51193
3.37226
3.23688
3.45848
3.49263
3.50635
3.53041
3.74353
3.1217
3.57457
3.3967
3.38133
3.83615
3.86887
3.68792
3.46577
3.49411
3.88877
3.69151
3.78439
3.70202
3.96187
3.84201
3.85562
3.71319
4.1707
4.18023
4.09044
3.91055
4.25185
4.08922
4.50025
4.22984
4.10572
4.00134
4.66223
4.20272
4.3512
4.41321
4.53543
4.18514
4.34373
4.51159
4.24345
4.25929
4.46362
4.21134
4.12642
4.41365
4.49484
4.29842
4.45676
4.79938
4.41409
4.90943
4.3525
4.90743
4.98438
5.0884
5.52526
4.97941
5.1083
5.47444
5.56974
5.39436
5.24474
5.18721
5.22335
5.71092
5.66783
5.50641
5.33286
5.61961
5.64013
5.5643
5.604
5.47179
5.83303
5.4755
5.75466
6.01579
6.15277
5.94238
6.00542
5.52927
5.85734
6.09389
5.83038
5.48112
5.97018
6.04703
6.21845
5.56795
6.32899
6.24592
6.0615
6.43256
5.91933
6.36439
6.18318
6.40988
6.5641
6.41458
6.78578
6.34942
6.45004
6.84038
6.1491
6.41191
7.01291
6.42039
6.46364
6.3248
6.7831
6.63741
6.26741
6.57685
6.73935
6.48673
6.25752
6.34618
6.22017
6.36123
5.96655
5.87097
6.05005
5.68428
5.82971
5.98407
6.02886
5.76397
5.69658
5.662
6.10993
5.99971
6.01239
5.92865
5.85503
5.80788
5.50403
6.02185
6.23405
6.05479
5.90252
5.96344
5.99845
5.93128
5.62399
6.04557
5.85341
5.88413
5.62186
5.65617
6.17615
6.29867
5.98883
6.16687
5.98054
6.36132
5.8351
6.30174
6.22803
6.49595
6.38796
6.46493
6.56524
6.34495
6.25317
6.19055
6.44992
6.31684
6.63913
6.58421
6.54176
6.08017
6.71822
6.66372
6.82937
6.39585
6.6231
6.37085
6.59463
6.8186
7.10924
6.41882
6.48121
6.33391
6.56357
6.48328
6.6994
6.80197
6.50858
6.56255
7.04375
6.73668
6.87605
7.28441
7.20143
7.07962
7.39745
7.49851
7.16786
7.85041
7.76648
7.45625
7.71438
7.9583
7.67612
8.02566
7.8266
7.97031
8.54591
8.02926
7.9858
8.2444
8.23053
8.18687
8.30693
7.96592
8.0547
8.15201
8.19375
8.09651
7.95305
8.16779
8.33226
8.03388
7.96323
7.96273
7.62211
8.23712
7.82544
7.72282
7.74631
7.6321
7.52053
8.05413
7.86077
7.71397
7.48598
7.9671
7.83184
7.77356
7.88051
7.62859
7.83739
8.20691
7.73312
8.10106
7.54485
7.69536
7.92547
7.59259
8.04749
7.59656
7.74789
7.63182
7.93454
7.42302
7.73045
7.06773
6.95616
6.97633
6.99471
7.25824
6.80772
7.22559
7.43308
6.69808
6.82389
6.24671
6.69121
6.87024
6.39514
6.5663
6.53294
6.26759
6.40624
6.43718
6.17265
6.73979
5.98908
6.13293
6.12716
5.97329
5.82562
5.69809
5.60408
5.82066
5.80418
5.6904
5.79222
5.53301
5.7584
5.40426
5.47119
5.49304
5.68037
5.53321
5.51083
5.03381
5.08486
5.31268
5.27287
5.04118
5.24643
4.97165
4.99575
5.15332
4.92216
4.90207
5.29277
5.69751
5.08407
4.92893
5.1895
5.1046
5.18685
5.00534
5.08551
4.74442
4.39871
4.61345
4.75538
4.85262
4.33756
4.41374
4.50993
4.50945
4.48276
4.22376
4.54122
4.3584
4.62671
3.76649
4.4005
3.94809
3.8377
4.4336
3.99146
4.00806
4.20418
4.12164
3.94777
3.86894
3.7583
3.88968
3.75626
3.68376
3.58519
3.25724
3.5244
3.61801
3.91636
3.60807
3.49691
3.72893
3.32453
3.30704
3.43104
3.62982
3.45899
3.68054
3.87369
3.80474
3.4701
3.675
3.72119
3.79456
3.73081
3.67566
4.11779
3.95248
3.90783
4.36455
3.89961
3.91225
3.69028
3.77504
3.79919
3.96737
3.95882
3.78455
4.42919
3.75734
4.00729
3.96022
4.10393
3.92678
3.98081
3.88065
3.66941
3.96764
3.92995
3.90862
4.1403
3.94664
4.00699
3.67561
3.90971
3.97347
3.84879
3.83535
3.7783
3.71873
3.50616
3.86156
3.47043
3.65675
3.56234
3.73572
3.58585
3.68749
3.49134
3.43457
3.68595
3.34871
3.16711
3.42077
3.52979
3.809
3.69527
3.80014
3.34694
3.49707
3.59744
3.45912
3.49172
3.5573
3.62772
3.82722
3.92822
3.69128
3.71887
3.57065
3.47269
3.59078
3.80496
3.62121
4.03257
4.18003
4.28547
4.23009
4.01144
3.93914
3.8413
4.19894
4.23183
4.58839
4.15066
4.26782
3.96921
4.21959
4.52136
4.34698
4.37016
4.68717
4.11599
4.0616
4.12468
3.85002
3.87773
4.10798
4.52722
4.06008
4.42377
4.10155
4.561
4.42675
4.71704
4.41995
4.49006
4.45798
4.50846
4.59948
4.60875
4.68386
4.86041
4.50171
4.48844
4.70146
4.77808
4.62435
4.47461
4.59792
4.64211
4.63588
4.63408
4.25357
4.27124
4.62444
4.53991
4.34671
4.56098
4.3156
4.55921
4.50682
4.88217
4.42797
4.38937
4.4868
4.53261
4.59304
4.70977
5.04134
4.35383
4.69593
4.60239
4.84656
4.52377
4.78047
4.89055
4.38604
4.4797
4.54972
4.55457
4.66145
4.39035
4.89906
4.88404
4.75278
4.66506
4.94445
4.75304
4.72576
4.94065
4.45669
4.66188
4.67869
4.97772
4.8913
5.13564
4.89069
4.96428
4.58183
4.86598
4.92133
5.01854
4.93801
4.68326
5.00227
5.09485
4.92469
4.86697
4.8246
4.82474
4.49197
4.85229
4.82577
5.10285
4.59463
4.75322
4.90388
4.91681
4.97007
4.84068
5.14808
4.83045
4.84161
5.00516
4.88091
4.91633
4.41308
5.05804
4.87937
4.88608
4.91519
4.61934
4.91331
4.62343
4.70121
4.96068
4.85221
4.31718
4.28396
4.81571
4.23799
4.99209
4.7187
4.48254
4.3972
4.46103
4.85597
4.33317
4.69351
4.66901
4.72566
4.76889
4.53252
4.68398
4.26286
4.71218
4.62692
4.63901
4.69118
4.53694
4.70947
4.70911
4.4527
4.51761
4.60572
4.67218
4.6696
4.80092
4.75499
4.60635
4.53725
4.75642
4.24722
4.67727
4.89848
5.26921
5.04907
5.03372
4.90172
4.90503
4.85615
4.71944
4.9497
4.75105
4.77275
4.584
4.84468
4.78856
4.98609
4.93712
4.95715
4.62911
5.36382
4.76193
4.65974
5.02896
5.11167
5.04902
5.21443
5.01152
4.46865
5.1851
5.24136
4.99599
5.36506
5.00297
4.94256
5.02454
4.97926
5.00487
5.08887
5.03488
4.76107
5.27419
5.23245
5.26576
5.17424
4.78534
5.11349
5.32345
5.29893
5.24325
5.54992
5.48903
5.19898
5.56819
5.31791
5.43689
5.34827
5.43911
5.58772
5.52702
5.42543
5.30093
5.8319
5.75426
5.5924
5.73436
5.61372
5.1362
5.64798
5.45873
5.50965
5.67273
5.78385
6.01354
5.77266
5.42826
5.77783
5.52799
5.79064
5.46422
6.06602
5.71157
5.72152
6.0769
5.61391
5.49837
5.42917
5.91589
5.66665
6.06709
5.76907
5.5415
5.71469
5.8789
5.45216
6.04753
6.08116
5.78254
6.14606
6.0021
6.12424
6.09937
5.91249
6.08227
6.1452
6.194
6.0344
5.93821
6.44993
5.99913
6.35395
6.25178
5.60676
5.92484
6.342
6.49326
5.91017
6.14989
6.02758
6.49164
6.11265
6.40077
6.55646
6.44133
6.25312
6.02089
5.69564
6.14044
6.14085
6.06061
5.91494
5.9614
5.76215
5.66407
6.2554
5.88767
5.83768
6.00578
5.95449
5.9876
6.1144
5.9825
5.99491
6.01569
5.87037
5.73833
5.73666
5.78524
5.75856
5.71014
5.80839
6.171
5.79288
6.11951
6.05062
5.59665
6.16085
5.60632
5.34925
5.99277
6.00238
6.01441
5.87459
6.20175
6.29861
6.07939
6.49801
6.10409
6.09872
6.11576
6.47896
6.46885
6.30231
6.30122
6.31727
6.24351
6.45659
6.53265
6.41264
6.70921
6.78728
6.75829
6.55891
6.92116
6.45725
6.78619
6.64111
6.56207
6.99907
6.80024
6.65688
6.84553
6.80297
7.15446
7.12588
7.03145
6.94107
7.08019
7.06187
6.89101
6.78642
7.00471
6.85862
7.20909
7.15742
7.49876
7.23222
6.99917
7.0762
7.38217
7.08776
7.36567
7.22368
7.03005
7.57307
7.47433
6.95207
7.36531
7.05434
7.42896
7.51429
6.93853
7.34512
6.87876
7.20888
7.57888
7.80931
7.07232
7.07051
6.81056
7.02477
7.13663
7.34644
7.1728
7.44133
6.85965
7.10638
7.39576
7.09937
6.81152
6.97319
7.47792
6.90968
6.68336
6.93504
7.01052
7.13363
6.62546
6.83261
6.84365
6.85866
6.76105
7.06531
7.18756
7.0051
7.23992
6.93758
6.71355
6.81692
7.05873
7.00019
7.04284
6.72345
7.09305
7.07644
7.1379
6.91739
6.78347
6.93316
7.17767
6.52947
7.15457
6.94906
6.81437
6.50896
6.6825
6.55586
6.5704
6.57276
6.95273
6.42245
6.98957
6.89059
6.17012
6.3922
6.43272
6.48395
6.88707
6.72346
6.44353
6.8034
6.74621
6.68973
6.57152
6.96069
6.79452
6.56588
6.82205
7.42241
7.11895
7.38383
6.8955
7.04355
6.95818
6.78235
7.46485
7.23647
7.2585
7.05323
7.15548
7.21472
7.83401
7.46995
7.40371
7.90627
7.99338
7.80724
7.96384
8.31788
7.97046
8.18695
8.23231
7.83473
8.31271
8.08208
8.05467
7.95316
7.77098
7.79242
8.04188
7.89152
8.1422
8.22688
7.96157
8.51442
8.0455
8.30244
8.46703
8.41556
8.55669
8.86757
8.59359
8.5934
9.00172
8.57105
8.80816
8.75735
8.92072
9.23767
8.6335
8.77222
9.29946
8.96026
9.06034
9.08886
9.42123
9.1974
8.98971
8.85092
9.1439
9.10639
9.24052
9.19312
9.52303
9.22293
9.01061
8.8304
9.17763
8.94142
9.50487
9.31843
9.49141
9.58248
9.48852
9.55858
9.3702
9.19101
9.39884
9.51385
9.45475
9.59663
9.40544
9.43616
9.48795
9.21684
9.20571
9.52839
9.47848
9.29698
8.9948
9.03416
8.93946
9.06463
9.12291
9.11159
9.13625
9.09099
9.38595
9.42339
9.12354
8.99462
9.10939
9.29324
9.21434
9.20508
9.22043
9.39832
9.21635
9.16126
9.21458
9.63926
9.07196
9.53439
8.9442
9.19711
9.20781
9.18574
8.57121
9.03605
8.77185
8.99755
8.62205
8.98578
9.02887
9.01838
8.92378
8.88573
8.84469
8.59706
8.5999
8.4554
8.51015
8.07708
8.02773
8.2244
8.1939
8.19563
8.20365
7.96269
7.82133
7.77442
7.92886
7.95338
7.56105
7.40502
7.46044
7.62943
7.58178
7.33781
7.27979
7.33935
7.02383
7.1546
7.07236
7.12074
6.7561
7.35495
6.76307
6.73526
6.83422
7.36667
6.96544
7.14045
7.12565
6.97183
7.16412
6.69437
7.09727
6.89436
6.80091
6.92253
7.00421
6.51021
6.72987
6.52097
6.67446
6.86265
6.72426
6.37774
6.26202
6.96015
6.60554
6.63983
6.46187
6.5961
6.633
6.54649
6.94154
6.76946
6.98727
7.25994
6.90998
6.61985
6.65501
6.58966
7.37958
7.15567
6.72129
7.32569
7.05723
7.53735
7.05214
6.91204
7.0302
7.2488
7.68239
7.25377
7.06042
7.55669
7.29127
7.36264
6.81261
7.11835
7.06943
7.23226
7.5181
7.66672
7.42587
7.30476
7.20543
7.30689
7.28918
7.25838
6.94684
7.64158
7.08557
7.22281
6.75839
7.04903
7.31723
7.09356
7.26602
7.34997
7.42442
7.02383
7.32591
7.0732
7.28512
7.20899
7.31664
7.35118
7.32993
6.95455
6.62912
6.89692
7.07902
6.69451
7.04786
6.80321
6.76811
7.11961
7.37777
6.47297
6.66656
6.75262
6.61795
6.88786
6.97987
6.63153
7.1568
6.73913
6.65725
6.8076
6.63557
6.29806
6.39642
6.54383
6.71054
6.71526
6.93557
6.60369
6.56277
6.55969
6.52183
6.39817
6.36782
6.39515
6.49786
6.38973
6.24208
6.33915
6.50268
6.22407
6.68937
6.29287
6.35726
6.17729
6.17539
6.52105
6.53217
6.15563
6.4098
6.4976
6.27661
6.23855
6.27049
6.13241
6.38066
6.2015
6.44022
6.45028
6.30968
6.22107
6.38575
6.44638
6.56012
6.58098
6.44855
6.29664
6.38887
6.11912
5.95877
6.5156
6.08077
6.87698
6.59867
6.57878
6.53461
6.29738
6.48786
6.417
6.4027
6.38545
6.53792
6.45447
6.33656
6.27918
6.27752
6.43579
6.76899
6.81454
6.34676
6.80833
6.57177
6.81043
6.66685
6.97594
6.25594
6.69334
6.85474
6.60254
6.38801
6.16681
6.49859
6.54592
6.52325
6.88231
6.71122
6.59586
6.76553
6.70421
6.63962
6.30446
6.13175
6.45202
6.63712
6.03006
6.29313
6.17439
6.89205
6.23309
6.67791
6.29219
6.4739
6.80228
6.59946
6.74347
6.42163
6.93932
6.45491
6.70975
6.54926
6.49893
6.97763
6.63776
6.34061
6.53171
6.3052
6.28612
6.35313
6.59527
6.7707
6.84485
6.56566
6.60055
6.1617
6.28171
6.09756
6.6783
6.27333
6.35212
6.57052
6.82338
6.78117
6.36663
6.45227
6.26183
6.44445
6.14728
6.49886
6.67134
6.62117
6.55432
6.73367
6.08348
6.88557
6.87112
6.06606
6.76282
6.41938
6.56289
6.20203
6.61051
6.55578
6.5631
6.2706
6.55079
6.56686
6.74551
6.78539
6.52173
7.09208
6.666
6.35691
6.53422
6.52426
6.45792
6.43958
6.31779
6.5232
6.8323
6.60097
6.28618
6.40504
6.4097
6.44385
6.01798
6.86289
6.51268
6.25835
6.25553
6.32701
6.67537
5.90571
6.4454
6.26882
5.90284
6.52913
6.29453
6.1814
6.17448
6.11845
6.2596
6.38482
6.38449
6.33293
6.27939
6.57346
6.51681
6.81069
6.06461
6.19498
6.57432
6.08167
6.63626
6.52868
6.11391
6.3208
6.86198
6.32468
6.41188
6.82959
6.48662
6.85378
6.8429
6.55689
6.61221
6.58823
6.73567
6.42956
6.6283
6.93865
6.88323
6.50321
6.43107
6.61563
6.8967
6.41573
6.71411
6.77089
6.50277
6.26238
6.54687
6.92023
6.70835
6.59378
6.60742
6.27082
6.73716
6.47216
6.39945
6.69286
6.51455
6.97205
6.8504
6.94278
6.73266
6.73145
6.79732
6.77641
6.88924
7.19625
6.81677
6.51839
7.00564
6.4847
6.35803
6.28967
6.2141
5.97061
6.72302
6.50135
6.62315
6.19734
6.11217
6.82631
6.67973
6.13169
6.19507
6.33237
6.25357
6.29186
6.25081
6.08141
6.30044
6.11621
6.55229
6.00472
6.1592
6.03607
5.86485
5.62173
5.85108
5.77015
6.21552
6.34106
5.93626
6.15384
6.04558
5.67258
6.32732
5.90296
5.94946
5.97498
5.86616
6.09174
5.87431
6.16329
6.04122
5.71465
5.45624
5.79828
5.84345
5.57524
5.78874
5.29369
5.73458
5.26409
5.00302
5.46219
5.34037
5.17756
5.49849
5.26226
5.21145
5.4859
5.41467
5.48387
5.59553
5.48071
4.69053
5.22398
4.86327
5.06378
4.6879
4.97326
5.04136
5.03776
4.93657
5.15588
5.13312
5.02503
5.14718
5.22433
4.44565
4.81316
4.99065
4.71691
4.86854
4.43999
4.67329
4.45831
4.65069
4.49762
4.50007
4.41578
4.60067
4.72309
4.6366
4.66306
4.48015
4.2746
4.35441
4.60824
4.87128
4.3352
4.43818
4.08204
3.86522
4.14514
4.20111
3.97335
4.13901
4.16736
4.21375
4.01778
4.11552
3.98811
3.89162
3.89913
4.00653
4.19142
3.6278
4.00415
3.89648
3.85879
3.40777
3.20229
3.91529
3.38787
3.39836
3.6679
3.21677
3.71039
3.34107
3.17596
3.42195
3.03056
3.59398
3.52034
3.13939
3.09584
2.98648
3.42897
3.3198
3.0829
3.34515
3.35511
3.12717
3.64883
3.39324
3.12365
3.45723
3.63268
3.40075
3.42913
2.95687
3.22152
3.36226
2.96701
3.05038
3.03493
3.22328
3.00884
3.08777
3.12523
2.71941
2.82807
2.9833
2.99773
2.71616
2.3618
2.47276
2.35756
2.66872
2.69834
2.76457
2.38523
2.22524
2.04324
2.41718
2.39743
2.04632
2.17398
2.13701
2.35789
2.29842
2.17172
2.01925
2.29382
1.81888
1.91532
1.89178
1.87219
1.62678
2.09064
1.6972
1.36783
1.65425
1.86456
1.81689
1.91481
1.68539
1.15251
1.73042
1.21236
1.44868
1.59009
1.08814
1.31352
0.921962
1.33095
1.3237
1.10785
1.18342
0.813839
0.845892
0.995155
1.04378
0.967877
0.782346
0.662846
0.987695
0.822249
1.14153
0.863578
1.27521
1.25214
1.03697
0.987883
0.728898
1.23787
1.10052
1.18026
1.49148
1.28945
1.10393
0.903574
1.12295
1.19451
0.907415
1.08304
0.996092
1.08232
0.943314
1.18922
1.03879
1.43334
0.985993
0.917463
1.03711
0.893111
1.54396
1.06047
1.21431
1.24755
0.588275
1.0279
0.971384
0.641528
0.621338
0.855643
1.15648
0.867352
0.98197
1.09008
1.07824
0.854968
1.12526
1.44551
1.01928
1.13583
1.13749
0.98702
1.2191
1.19913
1.04804
1.12456
0.844348
0.88357
1.32137
1.1957
0.958543
1.24742
1.53125
1.33445
1.08674
1.28346
1.11244
1.3318
1.1303
0.883576
1.29381
1.22921
1.16713
1.61846
1.71027
1.49012
1.36853
1.48515
1.65673
1.57268
1.34571
1.8348
1.48271
2.06676
1.80372
1.88764
1.73876
1.99621
1.9082
1.33957
1.68197
1.85812
1.76664
1.68226
1.59909
1.88804
1.64325
1.3295
1.7156
1.38584
1.68358
1.78813
1.75794
1.77497
1.62364
2.0394
1.83291
1.76647
1.5855
1.58752
1.31866
1.57207
1.35855
1.40539
1.56782
1.43253
1.86053
1.60353
1.55749
1.70426
1.35754
1.5634
1.76276
1.64981
1.84861
1.8166
1.38044
1.66064
1.84872
1.82096
1.25129
1.60363
1.53994
1.40129
1.84374
1.52318
1.68298
1.2789
1.40345
1.35311
1.53721
1.5532
1.69715
1.83456
1.28897
1.60926
1.1599
1.55054
1.52876
1.52821
1.39323
1.52815
1.39054
1.18514
1.07903
1.07013
1.24011
1.63835
1.11125
1.56145
1.33796
1.46024
1.35211
1.5917
1.1562
1.27567
1.3242
1.01394
1.05868
1.02264
1.37668
1.25611
1.37859
0.992947
1.38848
1.1954
0.683932
1.11604
1.15774
1.08418
1.04223
0.919734
1.13503
0.918427
1.11785
1.00464
1.07888
0.862454
0.999072
1.22499
1.08915
1.26234
1.32865
1.09751
1.17394
1.29635
1.34114
0.804518
1.03455
1.24755
1.10034
1.06407
1.20354
1.04535
1.10056
0.843613
0.68021
1.18135
1.20565
0.84146
0.975913
0.804808
1.3734
0.901643
0.882136
1.07071
0.685336
0.866238
0.830251
0.883358
0.691097
0.859178
0.644859
0.694064
0.591947
0.681755
0.725246
0.451981
0.533921
0.779667
0.542972
0.737681
0.707828
0.180552
0.496604
0.273493
0.561037
0.312471
0.444712
0.390329
0.246739
0.531759
0.530507
0.291802
0.0630729
0.000438978
0.323771
0.0994292
0.728275
0.314138
-0.257652
0.197126
0.220826
-0.107664
0.43898
0.107423
0.114932
0.122074
-0.191178
0.578822
-0.11497
-0.0264794
-0.148999
-0.153727
-0.42086
-0.159673
0.0715928
-0.072315
-0.399267
0.212132
-0.115818
-0.467285
-0.080116
-0.215623
-0.730946
-0.0809075
-0.408944
-0.0205483
-0.167767
-0.67808
-0.392303
-0.433158
-0.0412889
-0.498002
-0.221244
-0.373847
-0.0580614
-0.117054
-0.0765366
-0.297053
-0.373049
-0.134674
0.490429
-0.171452
-0.0725562
-0.310957
0.00248638
-0.363057
-0.403626
-0.0927462
-0.122682
-0.285187
0.00123997
-0.175593
-0.219963
-0.256262
-0.283456
-0.593373
-0.294767
-0.204818
-0.374496
-0.45051
-0.450168
-0.569484
-0.313285
-0.813249
-0.342926
-0.285852
-0.526529
-0.556555
-0.324323
-0.518581
-0.395271
-0.533072
-0.222754
-0.864472
-0.846971
-0.579845
-0.815131
-0.525331
-0.3077
-0.946233
-0.545851
-0.529722
-0.540173
-0.802068
-0.581374
-0.419443
-0.275765
-0.153767
0.0242721
-0.0197791
0.0797869
-0.485986
-0.41929
0.01843
0.0477398
-0.153797
-0.117474
0.194898
0.0895796
-0.594394
-0.154465
-0.337702
-0.109082
-0.542406
-0.17276
-0.324665
-0.3189
-0.414222
-0.327632
-0.401684
-0.376516
-0.173141
-0.812626
-0.406508
-0.902571
0.374757
-0.449876
-0.286335
-0.291651
-0.195978
-0.0962869
-0.401351
-0.336323
-0.418806
-0.415568
-0.121222
-0.389157
-0.359551
-0.238948
-0.468792
-0.379799
-0.0768928
-0.168211
-0.527975
-0.450203
-0.144006
-0.255766
-0.210508
-0.405809
0.18606
-0.229462
0.167615
-0.108401
-0.17507
-0.0570271
-0.242264
0.185687
-0.235379
-0.11331
-0.0270999
-0.286653
-0.364138
-0.0776785
-0.0457951
-0.224887
0.0224028
-0.561149
-0.473702
-0.15406
-0.474367
0.0611327
0.0664288
-0.0896733
-0.18441
-0.1776
-0.335318
-0.19561
-0.282531
-0.613533
-0.227435
-0.193492
-0.0931171
-0.163848
0.0137763
0.107463
0.223964
-0.0765538
-0.256865
-0.242899
-0.661996
-0.0218015
-0.237335
0.0301888
-0.42229
-0.0541773
-0.243168
0.0143082
-0.2932
-0.0793965
-0.476662
-0.523315
-0.534174
-0.571843
-0.331861
-0.565777
-0.736117
-0.0246927
-0.6222
-0.126876
-0.0483426
-0.682393
-0.0679628
0.0243826
-0.0366253
-0.353117
-0.023809
-0.348044
-0.34705
-0.172777
-0.698803
-0.150895
-0.255708
-0.300779
-0.372602
-0.322382
-0.28746
-0.233695
-0.0250977
-0.228088
-0.211596
-0.207838
-0.403129
-0.109691
-0.380162
-0.330673
-0.367417
0.0259224
-0.0987922
-0.625386
-0.047251
-0.814043
-0.349786
-0.561138
-0.531626
-0.498871
-0.338983
-0.442467
-0.639308
-0.368025
0.0689166
-0.276852
-0.405775
-0.302683
-0.43245
0.00567887
-0.326704
-0.163539
-0.184033
-0.786693
0.157512
0.185496
-0.118904
-0.036897
0.144505
-0.481248
-0.51652
-0.272737
-0.311449
-0.400527
-0.387512
-0.209327
-0.137969
0.0433931
-0.816727
-0.342163
-0.470173
-0.556442
-0.54556
-0.386662
-0.454762
-0.415577
-0.733491
-0.0463974
0.0509462
-0.489788
-0.427464
-0.365053
-0.424889
-0.125458
-0.728283
-0.209744
-0.536531
-0.229459
0.03761
-0.344135
0.162629
-0.359544
-0.472703
-0.316439
-0.218079
-0.759155
-0.297961
-0.239657
-0.620716
-0.349828
-0.341522
-0.34944
-0.181667
-0.461732
0.000147037
-0.0290861
-0.210023
0.0147883
-0.0571889
0.2854
0.0103379
-0.512864
-0.32059
-0.264733
0.363944
-0.112163
-0.047712
-0.121349
-0.153614
-0.0431484
-0.430642
-0.0159061
0.0571597
-0.255165
0.0318662
-0.0389443
-0.23004
-0.0217706
-0.193857
-0.427519
-0.192736
-0.412603
-0.124024
0.0608115
-0.24644
-0.0941087
0.131568
-0.0302782
-0.671032
-0.259584
-0.575561
0.036486
-0.324758
-0.449471
-0.193468
-0.229849
-0.806999
-0.333326
-0.334741
-0.389144
-0.392495
-0.673168
-0.084348
-0.199162
-0.41716
-0.480781
-0.545511
-0.593798
-0.749969
-0.271307
-0.595755
-0.616906
-0.454828
-0.62408
-0.668128
-1.09035
-0.822405
-0.826287
-0.391603
-0.697469
-0.552242
-0.225437
-0.523668
-0.738567
-0.717452
-0.419538
-0.733843
-0.516529
-0.773067
-0.916066
-0.541043
-0.511509
-1.00306
-0.736245
-0.684517
-0.402355
-0.56952
-0.690076
-0.65711
-0.725795
-0.431249
-0.44809
-0.970729
-0.758202
-0.524998
-0.708848
-0.538333
-0.581359
-0.220261
-0.766969
-0.814384
-0.625336
-0.717751
-0.813184
-0.717082
-0.432093
-0.902581
-0.812207
-0.296529
-0.393331
-0.769017
-0.548859
-0.0807144
-0.70711
-0.354954
-0.718784
-0.407918
-0.820373
-0.325819
-0.47957
-0.464603
-0.164958
-0.433812
-0.36244
-0.664217
-0.575841
-0.367778
-0.438924
-0.822248
-0.664958
-0.877605
-0.810332
-0.744209
-0.705342
-0.741071
-0.127768
-0.40977
-0.316298
-1.00397
-0.537106
-0.764823
-0.145277
-0.827786
-0.509428
-0.779487
-0.515444
-0.488419
-0.916849
-0.420749
-0.179196
-0.855213
-0.486357
-0.322307
-0.961644
-0.152297
-0.458784
-0.822212
-0.708112
-0.151743
-0.149514
-0.363976
-0.600608
-0.00188209
-0.094181
-0.466813
0.0075104
0.033771
-0.128526
-0.292139
-0.27099
-0.229092
-0.57697
-0.425448
-0.405792
-0.210841
-0.269398
-0.629482
-0.263585
-0.44476
-0.186176
-0.057
-0.632275
-0.131348
-0.288587
-0.338713
-0.419021
-0.334413
-0.619688
-0.56241
-0.458964
-0.831075
-0.163632
-0.397002
-0.48601
-0.390158
-0.391717
-0.486753
-0.272857
-0.27765
-0.140304
-0.321254
-0.436081
-0.221456
-0.236803
-0.345765
-0.171017
-0.565131
-0.0892039
-0.158407
-0.769508
-0.102694
-0.3426
0.00572296
-0.0721458
-0.645461
-0.602423
-0.405774
0.272075
-0.459784
-0.159608
-0.241943
-0.73354
-0.273665
-0.441625
-0.0928679
-0.511639
-0.373415
-0.551866
-0.133729
-0.223629
-0.291426
-0.714619
-0.164443
-0.0113698
-0.787713
-0.366175
-0.337271
-0.575451
-0.256502
-0.212554
-0.284925
-0.432466
-0.581847
-0.256845
-0.318658
-0.340514
-0.0630384
-0.489645
-0.453962
-0.333709
-0.680567
-0.469198
-0.496737
-0.452245
-0.277888
-0.0873563
-0.28552
-0.471664
-0.641259
-0.295581
0.0105361
-0.529063
-0.364502
-0.213405
-0.462236
-0.342958
-0.581434
-0.624676
-0.638955
-0.492765
-0.534311
-0.0127424
-0.412098
-0.38086
-0.245707
-0.0903546
-0.501112
-0.55464
-0.51305
-0.54443
-0.317556
-0.415061
-0.437465
-0.47041
-0.285514
-0.502822
-0.421456
-0.469205
-0.185354
-0.262459
-0.555616
-0.118743
-0.168231
-0.832675
-0.429685
-0.545407
-0.0508215
0.117991
-0.299076
-0.460413
-0.675588
-0.0880417
-0.629028
-0.230481
-0.179679
-0.433875
-0.375701
-0.344977
-0.373477
-0.503424
-0.587604
-0.753972
-0.549462
-0.340165
-0.465532
-0.587662
-0.293411
-0.276108
-0.563418
-0.548419
-0.481863
-0.877593
0.0612961
-0.294109
-0.706166
-0.258728
-0.300038
-0.312619
-0.224246
-0.880146
-1.02476
-0.840568
-0.66063
-0.647241
-0.407839
-0.480943
-0.633272
-0.645877
-0.68159
-0.596007
-0.903077
-0.358072
-0.589163
-0.366446
-0.381347
-0.586765
-0.244124
-0.730021
-0.720667
-0.457299
-0.490028
-0.0726837
-0.455844
-0.127171
-0.370594
-0.0285691
-0.273996
-0.72156
-0.283809
-0.792605
-0.741327
-0.64575
-0.688656
-0.521684
-0.471138
-0.437017
-0.651581
-0.1336
-0.583811
-0.757993
-0.542751
-0.291141
-0.611008
-0.43744
-0.653857
-0.625967
-0.88412
-0.644811
-0.280097
-0.35721
-0.357891
-0.213994
-0.36674
-0.667217
-0.40731
-0.718175
-0.631767
-0.375128
-0.62829
-0.911384
-0.681223
-0.626681
-0.710479
-0.434093
-0.473483
-0.126783
-0.503558
-0.17736
-0.717187
-0.407679
-0.608192
-0.785768
-0.09751
-0.429957
-0.389271
-0.634124
-0.338859
-0.454281
-0.628933
-0.212608
-0.310773
-0.796651
-0.420965
-0.402167
-0.442542
-0.583922
-0.869984
-0.754805
-0.667498
-0.688243
-0.423304
-0.779386
-0.721521
-0.265607
-0.721756
-0.710863
-0.696451
-0.65117
-0.705366
-0.902867
-0.808799
-0.728267
-0.51766
-0.509709
-0.471484
-0.49387
-0.678158
-0.817357
-0.688478
-0.174959
-0.509504
-0.714668
-0.466176
-0.719696
-0.175787
-0.331785
-0.919339
-0.218882
-0.0944895
-0.618227
-0.834472
-0.459445
-0.695813
-0.412142
-0.769654
-0.667666
-0.280747
-1.01587
-0.631749
-0.470279
-0.702927
-0.85008
-0.76328
-0.353476
-0.662518
-0.461068
-0.525287
-0.55278
-0.513872
-0.552912
-0.729358
-0.221004
-0.408535
-0.785062
-0.689099
-0.567442
-0.579127
-0.716482
-0.190612
-0.249981
-0.474776
-0.983823
-0.624079
-0.620248
-0.337547
-0.278025
-0.767642
-0.327048
-0.887847
-0.527804
-0.348439
-0.456795
-0.333622
-0.447658
-0.646893
-0.821962
-0.55322
-0.209549
-0.473216
-0.0759004
-0.0788066
-0.311842
-0.339454
-0.292681
-0.359259
-0.572816
-0.701118
-0.400573
-0.490548
-0.554343
-0.612673
-0.59399
-0.314307
-0.811656
-0.1074
-0.35686
-0.288778
-0.243697
-0.542112
-0.409058
-0.670396
-0.629876
-0.456136
-0.544487
-0.252855
-0.610341
-0.554648
-0.775731
-0.306376
-0.779562
-0.649401
-0.670641
-0.46367
-0.231132
-0.365888
-0.637884
-0.579259
-0.58501
-0.923867
