-0.440304
-0.0851703
-0.616632
-0.260862
-0.0247128
0.218502
-0.347067
-0.0120237
-0.162041
-0.0592741
-0.496729
-0.491294
0.0977217
-0.0805689
0.278301
-0.0255075
-0.393302
0.0914392
0.0420026
-0.293493
-0.124574
-0.101359
-0.119508
-0.134443
-0.402163
-0.0961643
-0.12339
-0.0966984
0.175051
-0.124916
0.410705
-0.45026
-0.224805
-0.736659
-0.430986
0.190251
0.153424
0.0108437
-0.281071
0.137291
-0.435869
-0.258489
-0.154103
0.153649
-0.196529
0.201815
-0.190789
-0.255191
-0.250478
-0.238104
0.261491
0.126634
0.0878222
0.0945665
-0.0176754
0.139207
-0.054504
-0.368684
-0.0265318
-0.0907942
-0.31368
-0.134908
-0.37581
-0.392484
-0.0973404
-0.117671
-0.24826
-0.121129
-0.367653
0.169694
-0.444127
0.0239349
-0.0521566
-0.190442
0.454354
-0.4925
-0.261022
-0.56076
-0.270977
-0.297105
-0.257705
-0.0306771
0.0383834
-0.164234
-0.00191825
0.0431772
0.0985254
-0.228577
-0.126729
0.0640824
-0.239013
-0.061487
0.064012
-0.493016
-0.106798
0.0553942
0.0332309
0.0183118
-0.597238
0.0686543
0.00998321
-0.115037
-0.0159639
-0.290773
-0.0934933
-0.29379
-0.385643
-0.103493
-0.303918
-0.320806
0.109441
-0.106283
-0.0634651
-0.1495
-0.235561
-0.123271
-0.383271
0.00148107
0.101515
-0.123399
-0.165028
0.0143188
-0.267536
0.051849
-0.301827
0.0862831
-0.198834
-0.318841
-0.467696
0.135977
-0.268798
-0.197736
-0.219304
-0.260052
-0.0103475
0.19318
-0.332684
0.251212
0.113492
-0.195442
-0.288002
-0.388885
-0.0975339
-0.286147
-0.293422
-0.262332
-0.246997
0.0314897
0.222699
-0.53621
-0.630248
-0.359846
-0.00410842
0.107368
-0.531472
0.128981
-0.111883
0.125423
-0.124195
-0.226442
-0.369664
0.0239378
-0.169731
0.0176291
0.184739
0.363869
-0.169006
0.0101723
-0.290921
-0.366235
-0.0237484
0.191902
0.0599737
0.123653
-0.0620278
-0.0218754
0.101974
0.0653125
-0.239307
-0.730224
-0.00120241
-0.269615
-0.179702
0.162512
-0.254861
-0.511772
0.118729
-0.0537667
-0.257388
0.167297
-0.0162893
-0.143567
-0.0802842
0.0398733
-0.0959428
0.245773
-0.209308
-0.376837
-0.204426
-0.23253
-0.347616
0.0259258
-0.188075
-0.0898891
0.278731
0.0587972
-0.182062
-0.182867
0.229781
0.17901
-0.126154
-0.277162
-0.0520996
-0.293443
-0.0847133
-0.438562
-0.298899
-0.340037
-0.279864
-0.239076
-0.0419669
-0.0987624
-0.252407
0.0387998
-0.0546872
-0.385688
-0.128651
-0.275099
-0.437755
-0.11155
-0.501959
-0.672863
-0.55126
-0.198319
-0.316513
-0.0520402
-0.358836
-0.0578717
-0.00408369
-0.019233
-0.528834
-0.128937
-0.038627
-0.000381475
-0.206188
0.00924959
-0.50367
-0.37591
-0.265115
-0.178855
-0.100378
0.282549
-0.347246
-0.684458
-0.169395
-0.354515
-0.0198146
-0.106174
-0.532215
-0.138984
-0.252871
0.0291736
-0.0434345
0.063266
-0.47472
-0.0675944
-0.134001
-0.0198603
-0.00786609
-0.023146
-0.0687034
-0.575663
-0.118271
-0.253195
-0.156041
-0.158119
-0.0751265
-0.382628
-0.0110515
-0.274689
0.243231
-0.176877
-0.0853033
-0.255673
-0.248306
-0.309094
-0.172486
-0.311301
-0.222433
-0.28646
-0.0866973
-0.0433343
-0.358651
-0.401224
-0.0901565
-0.218325
-0.44608
-0.175399
-0.438114
-0.0406049
-0.390197
-0.412953
-0.24252
-0.354481
-0.20365
-0.223735
-0.0520752
0.059298
-0.17891
-0.670438
-0.70944
-0.0648642
-0.584144
0.322212
-0.221
-0.137835
-0.213409
-0.0995085
-0.123777
-0.464648
-0.259586
-0.073034
0.0167697
-0.566975
0.018023
-0.219441
-0.347698
-0.265936
0.200583
-0.424026
-0.244072
-0.550743
-0.500966
-0.164366
-0.063105
-0.273451
-0.370699
-0.231949
-0.0655967
-0.0153061
-0.408627
-0.122056
-0.569493
-0.564998
-0.0688742
-0.218072
0.10008
0.0943419
0.135521
0.0577854
-0.22485
-0.141528
-0.448089
-0.472489
0.347771
0.313614
-0.0836103
-0.0414212
-0.156042
-0.365419
-0.033528
-0.371333
-0.272703
-0.561648
-0.244688
-0.23525
-0.173196
-0.0504096
-0.68924
-0.027959
0.0391263
-0.508732
-0.323089
0.189752
-0.456495
0.11586
-0.151331
-0.532505
-0.495971
-0.211891
-0.45064
-0.632427
-0.0478621
-0.512979
-0.100909
-0.252399
-0.219264
-0.368123
-0.279028
-0.636118
-0.63532
-0.449348
-0.284771
-0.0681442
-0.0141289
-0.200991
-0.701093
-0.0869376
-0.219196
-0.112513
0.0457515
-0.36477
0.144583
-0.252512
0.0115207
-0.637472
-0.231936
-0.324177
0.0510732
-0.345273
-0.180043
-0.324898
-0.125908
-0.414493
-0.258301
-0.164596
0.137422
-0.0293193
-0.267571
-0.530947
-0.60263
0.00481625
0.0865361
-0.477415
-0.600735
-0.353728
-0.217243
-0.185177
-0.475178
-0.149234
-0.239564
-0.485207
-0.335587
0.091139
-0.153884
-0.445325
0.0115474
-0.42434
-0.418836
-0.633521
-0.0695882
-0.179411
-0.230579
-0.259922
-0.0743768
-0.580954
0.0979902
-0.0164044
-0.0234573
-0.306215
-0.182511
-0.0345891
-0.092275
-0.270191
-0.231162
-0.229078
-0.0140419
-0.0552223
-0.175232
-0.162878
-0.273454
-0.894786
-0.142914
-0.380097
-0.165889
0.118771
-0.375436
-0.0218209
0.0138955
0.0369793
-0.649359
-0.123596
-0.0373854
-0.295347
-0.233419
0.0537124
-0.175709
-0.616691
-0.150489
-0.633932
-0.34029
-0.31808
0.120724
-0.250559
-0.133631
-0.310935
0.0442284
-0.377967
-0.341098
-0.277862
-0.606572
-0.32177
-0.509986
-0.033424
-0.242496
-0.499986
-0.864035
-0.529289
-0.0323596
-0.620041
-0.0403974
-0.563234
-0.477449
-0.338363
-0.139531
0.0680575
-0.606429
-0.22906
-0.641946
-0.274076
-0.638074
-0.566413
-0.417499
-0.207609
0.274027
-0.458402
-0.322692
0.0327065
-0.44298
-0.492724
-0.45529
-0.033944
-0.150697
-0.110765
-0.19729
-0.272405
-0.0378558
-0.0199481
-0.204727
-0.227006
-0.278977
-0.217313
-0.214153
-0.0136543
-0.369894
0.01764
-0.0643746
-0.280854
0.143551
-0.324512
-0.324928
0.249395
-0.275369
0.0852956
-0.420918
0.0753832
-0.426824
-0.460149
-0.470884
-0.0282987
-0.0707887
-0.147075
-0.080628
-0.109505
-0.0895108
-0.833985
0.345822
0.0896563
0.200708
-0.34428
0.127492
-0.159596
-0.357212
-0.257911
-0.200739
-0.265347
-0.088319
-0.320877
-0.357385
-0.188153
-0.497155
-0.153261
-0.287962
-0.499783
-0.0463055
-0.340498
-0.211963
-0.273413
-0.285682
-0.496398
-0.422752
-0.0482857
-0.363529
-0.506824
-0.63309
-0.199292
-0.158769
-0.273391
-0.163179
-0.303495
-0.668235
-0.243855
-0.0177602
-0.52928
-0.127342
-0.0669484
-0.316812
-0.477266
-0.33878
-0.321428
-0.284698
-0.0214733
-0.524815
-0.368847
-0.664583
-0.0141755
-0.516834
-0.374617
-0.568719
-0.587839
-0.423684
-0.127052
-0.0734481
-0.289881
0.0172929
-0.0554967
-0.143935
-0.0601008
-0.0910446
-0.334522
-0.20669
-0.204859
-0.423696
0.000132054
-0.184725
-0.177769
-0.355848
-0.187375
-0.385624
-0.119758
-0.030001
-0.39051
-0.644376
-0.430811
-0.218068
-0.391126
-0.342936
-0.315654
-0.729573
-0.561201
-0.415337
-0.314538
-0.309992
-0.409275
-0.0630534
-0.729914
-0.439959
-0.325733
-0.65274
-0.371155
-0.125421
-0.0146882
-0.333982
-0.374619
-0.332856
-0.745469
-0.108521
-0.310223
-0.481846
0.208245
-0.0516655
-0.266616
-0.148544
0.139796
-0.689723
-0.127467
-0.433031
-0.376859
-0.377734
-0.274036
0.00702231
-0.460667
-0.284028
-0.706549
-0.477831
0.186586
-0.276256
-0.212027
-0.168326
-0.569016
-0.210279
-0.448704
-0.337823
-0.41776
-0.0274399
-0.511621
-0.706498
-0.41785
-0.357909
-0.428615
-0.453408
-0.444157
-0.473826
0.141117
-0.141164
-0.334434
-0.294436
-0.244293
-0.250272
0.0160501
-0.0493165
-0.303387
-0.374027
-0.330872
-0.114725
-0.147138
-0.195784
-0.318926
-0.51284
-0.320277
-0.520144
-0.15475
-0.207015
-0.177497
-0.406082
-0.238237
-0.490067
-0.227003
-0.167301
-0.642562
-0.205001
-0.553931
-0.310618
-0.610742
-0.49259
-0.0978997
-0.576299
-0.341423
-0.346205
-0.203878
-0.62016
-0.365496
0.000969862
-0.119248
-0.430824
-0.732692
-0.370891
-0.200961
-0.410796
-0.326977
-0.209314
-0.283949
-0.521575
-0.217394
-0.113084
-0.185596
-0.254225
-0.284278
-0.579177
-0.286914
-0.425438
-0.335762
-0.500037
-0.685708
-0.447684
-0.742188
-0.450001
-0.0639908
-0.443509
-0.475733
-0.110349
0.0592551
-0.250301
-0.0429931
-0.363339
-0.413963
-0.0285212
-0.308632
-0.606595
-0.458634
-0.0317198
-0.358186
-0.675423
-0.279521
-0.399834
-0.788808
-0.550724
-0.455234
-0.650293
-0.506473
-0.450673
-0.562395
-0.477101
-0.74099
-0.756149
-0.329579
-0.125084
-0.153202
-0.66335
0.172102
-0.156813
-0.223882
-0.411907
-0.312449
-0.283314
-0.102937
-0.566693
-0.483598
-0.363366
-0.18291
-0.168761
-0.373496
-0.335851
-0.557718
-0.25169
-0.499149
-0.47905
-0.140507
-0.134007
-0.402427
-0.430625
-0.721626
-0.313739
-0.185653
-0.00297479
-0.0323476
-0.537384
-0.505014
-0.102929
-0.237154
-0.433485
-0.531095
-0.60748
-0.17446
-0.134738
-0.228831
-0.54209
-0.184815
-0.263082
-0.0778531
-0.269664
-0.121908
-0.27089
-0.426993
-0.448246
-0.0795855
-0.245005
-0.168017
-0.472943
-0.365277
-0.161177
-0.262537
-0.291561
-0.142212
-0.182891
-0.267192
-0.0956838
-0.137461
-0.647543
-0.607694
-0.227833
-0.329766
-0.480021
-0.413669
-0.421416
-0.579925
-0.342171
-0.217112
-0.445398
-0.514923
-0.137944
-0.122504
-0.0599895
-0.0309101
-0.365363
0.0782365
-0.334613
-0.630991
-0.458824
-0.22258
-0.569933
-0.597639
-0.341297
-0.374388
-0.140973
-0.371837
-0.260398
-0.130315
-0.541944
-0.222188
-0.32508
-0.174683
-0.229675
-0.619546
-0.52435
-0.239346
-0.360097
-0.32601
-0.496697
-0.509901
-0.246872
-0.233571
-0.242091
-0.38172
-0.517932
-0.503715
-0.334328
-0.447984
-0.454229
-0.502028
-0.11034
-0.433955
-0.42085
-0.446848
-0.305283
-0.0937643
-0.642176
-0.449085
-0.259739
-0.389512
-0.68058
-0.580155
-0.117748
-0.538948
-0.664033
-0.62111
-0.762526
-0.416714
-0.177423
-0.21723
-0.584965
-0.180694
-0.691738
-0.212275
-0.0203922
-0.327456
-0.0540765
-0.154226
-0.172943
-0.417887
-0.391544
-0.435862
-0.248259
-0.263089
-0.42818
-0.543829
-0.0240351
-0.0614572
-0.170792
-0.183723
-0.28803
-0.0610463
-0.332637
-0.217725
-0.466132
-0.470545
-0.70676
-0.40905
-0.463182
-0.696998
-0.736271
-0.478302
-0.301045
-0.689823
-0.517282
-0.559305
-0.642736
-0.390111
-0.67774
-0.262744
-0.299759
-0.267822
-0.156357
-0.416085
-0.389488
-0.62897
-0.555318
-0.347027
-0.195955
-0.226702
-0.349351
-0.341942
-0.28526
-0.877035
-0.515029
-0.315188
-0.00293557
-0.738048
-0.500403
-0.577072
-0.348063
-0.338032
-0.361646
-0.251561
-0.711029
-0.411169
-0.346699
-0.458066
-0.512328
-0.322378
-0.434224
-0.512576
-0.461746
-0.289298
-0.216048
-0.426423
-0.210713
-0.458602
-0.349963
-0.325538
-0.332046
-0.228537
-0.411922
-0.542731
-0.841614
-0.545275
-0.713061
-0.157881
-0.122855
-0.421276
-0.200957
-0.0253867
-0.54577
-0.758089
-0.449645
-0.691785
-0.512795
-0.412276
-0.355879
-0.299146
-0.59365
-0.657324
-0.678917
-0.460301
-0.0669327
-0.382744
-0.670109
-0.385209
-0.307021
-0.129779
-0.197411
-0.660295
-0.243643
-0.305766
-0.193721
-0.078755
-0.513036
-0.176367
-0.844221
-0.283256
-0.0983501
-0.0617347
-0.328461
-0.718158
-0.352935
-0.48863
-0.233428
-0.502997
-0.698648
-0.43315
-0.965124
-0.588754
-0.565151
-0.422
-0.279944
-0.627342
-0.339632
-0.318619
-0.264295
-0.330688
-0.345667
-0.570912
0.0493613
-0.151619
-0.69342
-0.217286
-0.432837
-1.0262
-0.668497
-0.27195
-0.417903
-0.10482
-0.371593
-0.443266
-0.250231
-0.349475
-0.261159
-0.527061
-0.499519
-0.529213
-0.00696777
-0.71311
-0.497381
-0.540415
-0.53229
-0.424583
-0.329019
-0.306772
-0.403084
-0.0329266
-0.412561
-0.331526
0.217793
-0.340043
-0.477788
-0.444245
-0.404447
-0.625628
-0.236233
-0.270776
-0.30812
-0.317613
-0.224718
-0.623083
-0.52619
-0.460306
-0.34463
-0.154632
-0.146934
-0.546574
-0.567234
-0.382803
-0.402321
-0.653907
-0.350303
-0.216815
-0.311902
-0.361657
-0.237395
-0.670572
-0.801252
-0.227561
-0.676966
-0.537904
-0.212417
-0.587225
-0.321084
-0.0809294
-0.446023
-0.65064
-0.472562
-0.55786
-0.369244
-0.261622
-0.605871
-0.338064
-0.769255
-0.440486
-0.609042
-0.116923
-0.679538
-0.180253
-0.600041
-0.499918
-0.666983
-0.136916
-0.704858
-0.346242
-0.625025
-0.312873
-0.350429
-0.495107
-0.328991
-0.32261
-0.239616
-0.400333
-0.876228
-0.288818
-0.361122
-0.530269
-0.467579
-0.375401
-0.520055
-0.268836
-0.767165
-0.155321
-0.618459
-0.443178
-0.127781
-0.719435
-0.0886984
-0.519169
-0.672428
-0.532021
-0.126234
-0.569034
-0.619412
-0.471545
-0.827654
-0.307016
-0.843445
-0.448676
-0.671019
-0.393941
-0.460679
-0.318246
-0.515527
-0.770964
-0.383391
-0.0086739
-0.387365
-0.514242
-0.653633
-0.467645
-0.502935
-0.494416
-0.357094
-0.2715
-0.539423
-0.762224
-0.581732
-0.266156
-0.316272
-0.565181
-0.321027
-0.679025
-0.468444
-0.571285
-0.575179
-0.38477
-0.360885
-0.508219
-0.423159
-0.63402
-0.318441
-0.0931254
-0.458384
-0.394923
-0.44601
-0.591121
-0.580414
-0.413724
-0.275905
-0.243958
-0.206696
-0.343034
-0.368743
-0.332568
-0.425665
-0.276373
-0.804928
-0.12007
-0.405751
-0.516519
-0.414773
-0.178054
-0.196974
-0.480538
-0.00651767
-0.658596
-0.476332
-0.385743
-0.330622
-0.026129
-0.693203
-0.139669
-0.382346
-0.40673
-0.213595
-0.42376
0.0250354
-0.203036
-0.490877
-0.80002
-0.27686
-0.57985
-0.251784
-0.424879
-0.227004
-0.686618
-0.465118
-0.523719
-0.590107
-0.54694
-0.387318
-0.731173
-0.548917
-0.594113
-0.338574
-0.371976
-0.253272
-0.366546
-0.129572
-0.370263
-0.354005
-0.424897
-0.0616454
-0.653193
-0.494056
-0.373371
-0.431992
-0.605641
-0.0882921
-0.164685
-0.111094
-0.440623
-0.545922
-0.425513
-0.273509
-0.315378
-0.139053
-0.170984
-0.395767
-0.310518
-0.332296
-0.448566
-0.422518
-0.775743
0.0240967
-0.726368
-0.468166
-0.344177
-0.102489
-0.281434
-0.260736
-0.122523
-0.453427
-0.567306
-0.560649
-0.382144
-0.651192
-0.0773479
-0.787875
-0.248233
-0.307433
-0.396742
-0.47214
-0.403639
-0.209573
-0.333344
-0.249087
-0.0603372
-0.423292
-0.151087
-0.193192
-0.0405767
-0.255193
-0.343628
-0.366688
-0.432418
-0.0224885
-0.311759
-0.699321
-0.260466
0.0400089
0.258769
-0.0675313
0.0586392
-0.00326959
-0.292466
-0.541921
-0.150907
-0.387099
-0.367907
-0.235188
-0.252591
-0.4298
-0.283139
-0.466613
-0.23048
-0.603534
-0.439224
-0.0741901
-0.189695
-0.498491
-0.619401
-0.264556
-0.436651
0.0798331
-0.110818
0.0108757
0.0724588
-0.275973
-0.322778
-0.302575
-0.160614
-0.33862
-0.227067
-0.210045
-0.191728
-0.546797
-0.565957
-0.104524
-0.244956
-0.231109
0.252782
-0.383394
-0.0588059
-0.364855
-0.086853
-0.464057
-0.251765
-0.132581
-0.342519
-0.816538
-0.609392
-0.288763
-0.291537
-0.128376
-0.689903
-0.137534
-0.37256
-0.431714
-0.477834
0.0125859
-0.199872
-0.129028
-0.256455
-0.0122721
-0.086695
-0.289967
-0.357079
-0.511852
-0.142943
-0.378018
-0.0393445
-0.612798
0.24331
-0.45327
-0.148509
-0.102129
0.0434107
-0.40209
0.0163277
-0.234007
0.00374997
-0.309463
-0.34348
-0.51832
-0.275486
-0.0970575
-0.208799
-0.571088
-0.227626
-0.390808
-0.188563
-0.750805
-0.407196
-0.260223
0.0185629
-0.434788
-0.368436
-0.429321
-0.194797
-0.0817978
-0.326998
-0.343445
-0.155417
-0.428888
-0.567786
-0.430819
-0.734832
-0.0648877
-0.143617
-0.0898131
0.208031
-0.428424
-0.358898
0.0327725
-0.149223
-0.289131
-0.0613633
-0.342536
-0.336914
-0.67814
-0.292524
-0.198769
-0.56699
-0.139852
-0.121151
-0.248256
-0.3475
-0.645753
-0.308695
-0.148211
-0.142807
-0.242707
-0.414727
-0.130825
-0.38677
-0.142379
-0.517193
-0.329166
-0.612723
-0.150834
-0.6294
-0.301085
-0.392839
-0.242848
-0.0424925
-0.242018
-0.465392
-0.365077
-0.500028
-0.0600492
-0.166884
-0.328224
0.256025
0.000954162
-0.169277
-0.306443
-0.0185349
0.0106937
-0.154967
-0.145824
-0.317621
-0.450758
0.192759
-0.389445
-0.136273
-0.445946
0.112848
-0.402733
-0.444419
-0.438477
-0.0847744
-0.12092
0.299235
-0.0748096
-0.0963931
0.197221
0.0108178
-0.23911
-0.368046
-0.450039
-0.0309919
0.0131549
-0.159508
-0.465427
-0.145672
-0.37489
-0.0277942
-0.597755
-0.191386
-0.117085
-0.262105
-0.319173
0.0383207
-0.214796
-0.312059
-0.308927
-0.0900899
-0.452899
-0.545929
-0.259249
-0.0267536
-0.133846
-0.151339
-0.13705
0.151385
-0.290761
-0.1386
-0.174464
-0.525322
0.29199
-0.312726
-0.0454302
-0.267843
-0.328137
-0.351952
-0.221717
-0.358972
-0.255086
-0.171232
-0.0144114
-0.185369
-0.687424
-0.754098
0.105249
-0.17388
-0.200459
-0.311545
-0.450088
-0.0770453
-0.493622
0.0661895
-0.532493
-0.354236
0.062914
-0.177432
-0.127628
-0.545998
-0.0676906
-0.325868
-0.137172
-0.102889
-0.239898
-0.367906
-0.384037
-0.12123
-0.133466
-0.471268
-0.466891
-0.185362
-0.339623
-0.318935
-0.500434
-0.478174
0.0410543
-0.631837
-0.0866126
0.0533449
-0.124563
-0.461435
-0.25677
-0.355993
-0.0905111
-0.221758
-0.291074
-0.294998
-0.130122
-0.572477
-0.220888
-0.542306
0.0334208
-0.307901
-0.218952
-0.186678
-0.427731
-0.393218
-0.0170918
-0.684221
-0.161959
-0.0947285
-0.145729
-0.371753
-0.0717072
-0.132434
-0.181665
-0.664051
-0.244772
-0.142176
0.0147944
-0.272645
-0.0387578
-0.220086
-0.0431247
-0.394671
-0.122035
-0.384157
-0.482446
-0.301216
0.263131
-0.285568
-0.513215
-0.397341
-0.192859
-0.103578
0.0798936
-0.115232
-0.35415
-0.478354
-0.348114
-0.171135
-0.274905
-0.525983
-0.0961445
-0.377368
-0.240545
-0.253131
-0.210366
0.0220796
-0.360004
-0.351831
-0.143763
-0.0896512
-0.152889
-0.485502
-0.577317
-0.469975
-0.709289
0.0390223
-0.554861
-0.207213
-0.037343
-0.454476
0.245744
-0.0835215
-0.432428
-0.334553
0.0264467
0.11567
-0.430077
-0.20968
-0.426023
-0.37148
-0.610384
-0.268789
-0.19737
-0.264027
-0.408342
0.0876526
-0.192322
-0.162489
-0.206674
-0.174591
-0.124777
-0.84521
-0.20178
-0.311914
-0.147415
0.0426272
-0.30073
-0.580462
-0.252762
-0.383885
-0.705508
0.313747
-0.243048
-0.511759
-0.305165
-0.318784
-0.119711
0.0781037
-0.147808
-0.454964
-0.228314
0.00305735
-0.20617
-0.186166
-0.392077
-0.093415
-0.593117
-0.0838258
-0.483828
-0.167605
-0.184073
-0.223466
-0.476705
0.15632
-0.229863
-0.494171
-0.168776
0.0423114
-0.13813
0.0593244
-0.257031
-0.264998
-0.26462
-0.2924
-0.498313
-0.352559
-0.214655
-0.298174
0.408914
-0.142429
-0.424579
-0.00620179
-0.137309
-0.319834
-0.00849851
0.0200247
0.139761
-0.0955942
0.0271266
0.116338
-0.379513
-0.322987
-0.185147
-0.198034
-0.210772
-0.282077
-0.0973818
-0.0277482
0.11901
-0.337363
0.0194483
-0.466902
0.0196156
-0.0138597
0.000202673
0.116311
-0.286908
0.252494
0.0285382
-0.0227265
-0.0432406
-0.178008
0.231288
0.0329591
-0.0641988
0.0636047
-0.232108
-0.158174
-0.209752
-0.0967093
-0.0448747
-0.174872
-0.207329
-0.23669
-0.284839
-0.129852
-0.41489
0.0304115
0.0870334
-0.189509
-0.13915
-0.309141
-0.311825
-0.157115
0.283353
-0.293605
0.472469
-0.171551
0.191723
0.219524
-0.151378
-0.112592
-0.448682
0.0454865
-0.327804
-0.135484
0.176281
-0.154619
-0.406177
-0.281855
-0.111283
-0.274097
-0.405817
0.0652688
-0.279537
-0.599611
-0.0775694
0.224628
-0.400461
-0.0207569
-0.256533
-0.281803
-0.147326
-0.375242
-0.108076
-0.00321525
-0.0121451
0.0165622
-0.345373
-0.217135
-0.258659
-0.0581018
-0.305659
-0.24281
-0.180542
-0.213474
0.0133416
-0.218635
0.0227138
-0.256639
-0.347422
-0.205593
-0.22072
-0.650354
-0.370041
-0.240784
-0.564098
-0.255658
-0.182307
-0.0665149
-0.206146
-0.40436
-0.382817
-0.527243
0.18449
-0.00773454
-0.228935
-0.115373
0.144621
-0.0650849
-0.236604
-0.220699
-0.100705
-0.448852
-0.220098
0.308845
0.0431342
-0.518081
-0.448962
0.0498127
-0.944978
-0.110811
-0.0567762
0.0873649
-0.0570578
-0.17425
-0.117319
-0.257912
-0.239581
-0.202571
-0.303552
-0.123859
0.222577
0.0320216
0.0743153
-0.158285
0.191866
-0.0674554
0.109725
0.346819
0.0170591
-0.473296
-0.0933326
-0.189114
0.180005
0.104234
-0.268717
-0.215114
0.0931809
-0.281505
-0.415357
0.038402
0.288359
-0.256144
0.176316
0.0207976
0.0815357
-0.139059
-0.0658254
-0.203869
-0.0848445
0.334763
-0.235941
0.0243146
0.0654952
-0.092998
-0.413008
-0.163441
-0.0742222
0.0881667
-0.12784
-0.371703
-0.106814
0.149805
0.000148474
-0.54003
0.182495
-0.0263919
-0.392326
-0.0127581
-0.618454
-0.580134
-0.10061
-0.260169
-0.51433
-0.593445
-0.265733
-0.257209
0.256489
-0.254631
-0.156494
-0.0581865
0.0505543
-0.396895
0.0825587
-0.224698
-0.0846712
-0.409284
0.347262
-0.641319
-0.623239
-0.399915
-0.143518
-0.216602
0.136671
0.0311073
-0.417026
-0.34473
-0.139585
-0.258974
0.118261
0.196586
-0.0676115
-0.44204
-0.372334
-0.0343786
-0.490106
-0.247264
-0.0488371
-0.535729
-0.175105
-0.551667
-0.269618
-0.122445
-0.276506
-0.226222
-0.465728
-0.166696
-0.223556
-0.24028
-0.0552764
0.176087
-0.0471296
-0.352915
-0.112365
-0.501805
-0.230646
-0.0715427
-0.162212
-0.359837
-0.211449
0.216215
-0.351986
0.0690262
0.114775
-0.034747
-0.0596097
-0.00290143
-0.175561
0.11925
0.0431103
-0.274149
-0.214654
-0.0866168
-0.783214
-0.277423
-0.597684
-0.219595
-0.487414
-0.430072
-0.016202
-0.18404
0.188048
-0.140898
-0.0195545
-0.430787
-0.734263
-0.175012
-0.268885
0.0211523
0.0859415
-0.0571708
-0.144814
-0.153283
-0.239958
-0.379285
-0.276151
0.0217471
-0.168683
-0.110204
0.0624954
0.0599757
-0.415678
-0.460468
-0.110741
-0.261867
0.0590592
-0.397995
-0.273812
-0.20146
-0.279809
-0.0317314
-0.309137
-0.0858216
-0.252788
-0.432431
-0.248893
-0.492638
-0.511369
-0.124089
-0.22653
-0.314381
-0.279359
-0.140205
-0.30672
-0.00206772
-0.527008
-0.290509
-0.555927
-0.203923
-0.359532
-0.340807
-0.599674
-0.116606
-0.298235
-0.469844
-0.368836
-0.579309
-0.260278
-0.349236
-0.141835
-0.564347
-0.0795543
-0.12456
-0.141765
-0.726401
-0.34002
0.0566338
0.0270431
-0.454109
-0.197038
-0.455506
0.0678831
-0.541298
-0.566809
-0.253943
-0.407678
-0.335216
-0.260184
-0.5078
0.184881
-0.357674
0.102369
-0.640137
-0.530107
-0.173376
-0.265737
-0.441312
-0.0633245
-0.271868
-0.250159
-0.254331
0.139459
-0.0799141
-0.42966
-0.101021
-0.0932484
-0.245705
-0.13605
-0.0448954
-0.508543
0.224976
-0.0584293
-0.319965
-0.268171
-0.133342
-0.286247
0.0856002
0.0979189
0.0950649
0.0310807
0.0202935
-0.178573
-0.310469
-0.390028
-0.274772
-0.166522
-0.16743
-0.0315565
0.047532
-0.133789
-0.730662
-0.388
-0.187346
-0.355565
-0.25771
-0.243707
-0.347684
-0.103223
0.239248
-0.233531
-0.250697
-0.209933
-0.254143
-0.196704
0.0871254
-0.0912309
-0.423192
0.144996
0.210887
0.220955
0.025138
0.191849
-0.215792
-0.194457
0.0474212
-0.262704
-0.371047
-0.347749
-0.0757566
-0.163001
-0.100071
0.0739582
-0.197215
-0.104385
0.14562
-0.229068
0.0308204
-0.109886
-0.473793
-0.102439
-0.431502
-0.358151
-0.164729
-0.353812
-0.454102
-0.337383
-0.454154
-0.595152
-0.00136266
-0.391909
-0.339196
-0.237891
0.048441
-0.234237
-0.259902
-0.41731
-0.461561
0.0997471
0.0323658
-0.00577508
-0.118945
-0.392352
-0.65732
-0.17891
-0.481984
-0.201068
0.231373
-0.130159
0.0680556
0.0949206
-0.163628
-0.0720196
-0.240081
-0.0996864
-0.0776758
-0.094534
-0.127391
-0.51769
-0.0759694
-0.178864
-0.678827
0.0412328
0.00136461
0.0775961
-0.255023
-0.233976
0.0478632
-0.0657711
-0.280695
-0.640387
-0.173139
-0.142852
-0.0726935
-0.262294
0.137505
0.0903446
-0.0275429
-0.230167
0.19233
-0.350998
0.251666
-0.135942
-0.355288
-0.142753
-0.547819
-0.136928
-0.288094
-0.176827
-0.300558
-0.26556
-0.457184
-0.417815
-0.244984
0.0222982
0.156057
-0.0573734
-0.392222
-0.133301
-0.230905
-0.162318
0.0894975
-0.548843
-0.464123
-0.100024
-0.493866
-0.349905
-0.470733
0.0972513
-0.0792488
-0.303593
-0.309135
-0.256717
-0.648822
-0.407356
-0.0849431
-0.23347
-0.260915
-0.31857
-0.233713
-0.291848
0.152246
0.134785
-0.0587816
-0.675427
-0.313849
-0.541476
-0.567966
-0.322897
-0.601364
-0.0674333
-0.203059
-0.195307
-0.460516
-0.200449
-0.439852
-0.37745
-0.728093
-0.139409
-0.261794
-0.512472
-0.342346
-0.478499
-0.166281
-0.122806
-0.2332
-0.26561
-0.279807
-0.0393619
-0.0814117
-0.266198
-0.337054
-0.712567
-0.508033
-0.36707
-0.46451
-0.116871
-0.360132
-0.076743
-0.638393
-0.846333
-0.588922
-0.548584
-0.143808
-0.199109
-0.192101
-0.230406
-0.0469945
-0.474243
-0.245856
-0.329685
-0.508654
-0.746894
-0.239524
-0.276227
-0.253857
-0.258218
-0.0209232
-0.275067
0.419349
-0.338138
-0.550523
-0.436804
-0.144736
-0.443328
-0.462083
-0.475964
-0.535167
-0.403505
-0.199338
-0.30372
-0.448983
-0.217204
-0.417568
-0.358966
-0.19728
-0.211532
-0.297224
-0.46133
-0.539027
-0.431071
-0.354436
-0.183242
-0.447382
-0.545968
-0.213696
-0.103675
-0.348583
-0.138105
-0.358223
-0.322168
-0.5449
-0.300867
-0.27835
-0.419098
-0.320756
-0.158155
-0.542816
-0.343118
-0.218794
-0.582939
-0.136016
-0.149797
-0.260676
-0.36688
-0.0291009
-0.251705
0.040097
-0.410478
-0.433989
-0.191621
-0.0321027
-0.222351
-0.367814
-0.139155
-0.299585
0.0989292
-0.700203
-0.128004
-0.0900964
-0.109875
-0.428231
-0.524906
-0.0853311
-0.299883
-0.179832
-0.316478
-0.382477
-0.173175
-0.235058
-0.322027
-0.223489
-0.516391
-0.596273
-0.454072
-0.143162
-0.301579
-0.313436
0.053746
-0.413379
-0.659862
-0.242685
-0.0204975
-0.249286
-0.222484
0.011506
-0.198816
-0.183179
-0.326504
-0.329488
-0.895864
-0.216242
-0.608449
-0.180308
-0.176034
-0.371345
-0.215619
-0.256898
-0.261318
-0.488889
-0.0252954
-0.50378
-0.0460283
-0.55105
-0.165997
-0.0986418
-0.421788
0.0385441
-0.507367
0.0377544
-0.411204
-0.474891
-0.589936
-0.698253
-0.00411383
-0.400536
0.0213691
-0.376439
-0.175345
-0.495693
-0.0433455
-0.502455
-0.480198
-0.472912
-0.0569291
-0.581602
-0.201311
-0.208733
-0.302674
-0.557553
-0.365631
-0.554029
0.0152025
-0.453756
-0.505512
-0.0560194
-0.34778
-0.234254
-0.162674
-0.420169
-0.436277
-0.411461
-0.358367
-0.090812
-0.250727
-0.257672
-0.282419
0.131665
-0.0299146
-0.313491
-0.231558
-0.425783
-0.659319
0.0675433
-0.239434
-0.568196
-0.116368
-0.602535
-0.219048
-0.281753
-0.447558
-0.345695
-0.454599
-0.222948
-0.458122
-0.570208
-0.196746
-0.458279
-0.175185
-0.094998
-0.486775
-0.335193
-0.172571
-0.122161
-0.329322
0.00966934
-0.335725
-0.249687
-0.489986
-0.51444
-0.520693
-0.341687
-0.313453
-0.124534
-0.545972
-0.500879
0.0736325
-0.555389
-0.180422
-0.157057
-0.693338
-0.674149
-0.354167
-0.229905
-0.454784
-0.271064
-0.0282146
-0.655476
-0.0468258
-0.477021
-0.03406
-0.71318
-0.268882
-0.449577
-0.0971825
-0.368315
-0.357249
-0.421341
-0.650606
-0.131258
-0.062465
0.0187652
-0.504896
-0.385221
-0.106571
-0.409553
-0.281027
-0.0729266
-0.26028
-0.392371
-0.459227
-0.096422
-0.0535211
-0.18035
-0.00813242
-0.0846484
-0.179694
-0.424947
-0.0400305
-0.215348
-0.475666
-0.0537275
0.0810994
-0.548457
-0.0924467
-0.228
-0.232957
-0.314674
-0.335367
-0.219136
0.152764
-0.137936
-0.411684
-0.384795
-0.250967
-0.157835
-0.372065
-0.212059
-0.548187
-0.503855
-0.375171
-0.713138
-0.574185
-0.279791
-0.3846
-0.613584
-0.460764
0.0140246
-0.279085
-0.253448
-0.415844
-0.319932
-0.272998
-0.153229
-0.727258
-0.0299451
-0.616199
-0.254838
-0.402127
-0.301975
-0.606219
-0.280051
-0.646481
-0.274401
-0.541821
-0.358294
-0.278585
-0.50394
-0.763638
-0.665825
-0.375766
-0.766845
-0.900492
-0.252426
-0.591131
-0.43673
-0.576353
-0.0581007
-0.564628
-0.86907
-0.680135
-0.526216
-0.424527
-0.400449
-0.410281
-0.5176
-0.188112
-0.510622
-0.475399
-0.521685
-0.690802
-0.14508
-0.28975
-0.460076
-0.780287
-0.0910068
-0.204599
-0.43046
-0.322611
-0.46729
-0.200296
-0.351739
-0.218759
-0.344626
-0.612638
-0.687056
-0.45679
-0.201759
-0.457886
-0.112942
-0.671165
-0.284396
-0.459873
-0.230635
-0.647273
-0.169407
-0.476287
-0.277152
-0.31592
-0.0204376
-0.88371
-0.389687
-0.309365
-0.552393
-0.39446
-0.128535
-0.536234
-0.287325
-0.530512
-0.776345
-0.26978
-0.369321
-0.434724
-0.641166
-0.568931
-0.510291
-0.490045
-0.700846
-0.684482
-0.420424
-0.736314
-0.533063
-0.403553
-0.415196
-0.296977
-0.131625
-0.113903
-0.407203
-0.351208
-0.588543
-0.439346
-0.12178
-0.519887
-0.0454285
-0.091298
-0.767775
-0.480875
-0.556327
-0.289123
-0.872563
-0.319194
-0.182951
-0.549824
-0.0739543
-0.381108
-0.602487
-0.342471
-0.477642
-0.356871
-0.65272
-0.414269
-0.365407
-0.247139
-0.405676
-0.469146
0.338026
-0.282759
-0.185761
-0.222814
-0.0608397
0.120155
-0.390035
-0.246917
0.0212546
-0.241582
-0.445612
0.177194
-0.103166
0.0765036
-0.324061
-0.0425137
0.00426104
0.00450946
0.274102
-0.0109029
-0.104722
-0.0790812
-0.329859
-0.481966
-0.43887
-0.137188
-0.224003
-0.404184
-0.0102333
-0.287758
0.179246
0.0119328
-0.418575
-0.269304
-0.555219
0.0889726
-0.214997
-0.389207
0.221606
-0.287983
0.00878676
-0.445055
-0.646578
-0.205914
-0.041515
0.154677
-0.0444342
-0.525843
0.140355
0.0345783
0.0860391
0.162093
0.00644115
0.0699103
-0.19708
-0.104735
-0.288397
0.236149
0.0232958
0.24964
0.32911
-0.0413194
-0.0220645
0.298615
0.367768
0.36736
0.131518
-0.011555
0.190183
0.366557
0.0774025
-0.0450186
-0.253179
0.572761
0.25002
0.6425
0.0114956
0.377124
-0.117013
-0.0775133
-0.139243
0.138713
-0.0771205
-0.412077
0.287557
0.256746
-0.119484
-0.0497515
0.243001
0.187887
0.0679462
0.322383
0.119891
-0.228537
-0.172329
0.000165677
-0.14556
-0.0291943
0.0934835
-0.171283
0.11677
-0.272409
0.080903
-0.223505
0.207306
0.0537938
-0.206673
-0.250391
-0.39351
-0.552585
0.120707
-0.426108
-0.274079
-0.338197
-0.258486
-0.442238
0.181828
-0.30277
-0.530707
-0.46205
-0.377152
-0.240687
-0.453903
-0.374686
-0.539164
-0.651806
-0.451829
-0.324088
-0.260393
-0.777832
-0.559288
-0.310291
-0.381961
-0.550801
-0.224488
-0.217787
-0.213748
-0.152789
-0.21752
0.0837323
0.13814
-0.36673
-0.17485
-0.262422
-0.222208
-0.329655
-0.0835319
-0.197091
-0.109055
-0.0970282
-0.522023
-0.259115
-0.412251
-0.507906
-0.254746
-0.359294
-0.429664
-1.04204
-0.128944
-0.16097
0.745027
0.30791
0.414267
0.384245
0.603649
0.617279
0.710828
0.344079
0.379507
0.739039
1.19127
0.308397
0.721088
0.61504
0.488411
0.660209
0.600356
0.540985
0.597067
0.438764
0.353258
0.681102
0.619613
1.08812
1.4769
1.70004
2.20219
2.7185
3.10088
3.59954
3.87706
3.90733
4.42792
4.15626
4.40562
4.27662
4.34283
4.18397
4.45312
4.19993
4.18176
3.98934
4.00111
4.09825
3.26976
3.53869
3.64638
2.92991
3.15084
3.02854
2.73719
2.84858
2.58492
2.53141
2.58367
2.84316
2.1151
2.28178
2.36674
2.23691
1.78327
1.89409
1.83014
2.11636
1.9493
2.10267
1.73646
1.87732
1.62547
1.82274
1.9048
2.2006
2.25335
2.43962
2.51442
2.29254
2.48859
2.66389
3.06362
3.19197
3.35533
3.47412
3.35475
3.98281
4.07728
3.70259
4.26137
4.30886
4.44622
4.10814
4.71043
4.41226
4.55387
5.26851
5.05039
5.11093
5.36979
5.62053
5.48363
5.75676
5.67611
6.05899
5.94505
6.10884
6.31217
6.1132
6.09486
6.30493
6.78065
6.44956
6.73955
7.16547
6.79042
6.75211
6.96327
7.06972
7.25038
7.65091
7.11239
7.23163
7.78426
7.43189
7.62071
7.67111
7.88951
8.50968
7.96106
7.7901
8.46456
8.10796
8.38137
8.20116
8.23423
8.40968
7.88833
8.79382
8.41551
8.74332
8.41694
8.90105
8.64105
8.71457
9.14635
9.19191
8.6467
8.90196
8.95414
8.76862
8.8148
8.78677
9.06409
8.77342
9.0325
8.78443
8.60954
9.25359
9.34301
8.97791
9.14137
9.00768
9.23715
8.81743
8.96417
9.34632
9.78828
9.62985
9.72708
9.56724
9.52121
9.87029
9.09862
9.45152
9.65959
9.4959
9.6474
9.56784
9.65891
9.93325
10.0146
9.63984
9.91391
10.0579
9.86545
9.92533
10.2755
10.1591
10.4723
10.328
10.2927
10.8055
10.4364
10.3861
10.5719
10.7725
11.1338
10.497
10.739
10.7539
10.9524
10.9459
10.9598
10.4439
10.6432
10.4543
10.5764
10.2243
10.0043
10.7051
10.634
10.5956
10.6728
10.8636
10.7877
10.9506
10.8381
10.9924
11.2073
11.3647
11.5238
11.2709
11.2276
11.4386
11.8782
11.7823
11.7728
11.7201
11.3891
11.8692
11.4921
12.0626
12.1146
11.618
11.6987
11.4968
11.6307
11.6051
11.3892
11.9396
11.9593
11.9697
11.606
11.686
11.7554
11.6351
11.7559
12.0302
11.7131
11.8531
11.5956
11.7228
12.0576
11.7992
11.4919
11.6968
11.5245
11.8315
11.7163
12.1229
11.875
12.1255
11.6617
12.0914
12.1881
11.9835
12.1061
11.8998
12.2587
11.9659
12.4596
12.1409
12.2754
12.4583
12.1661
12.2953
12.705
12.3851
12.8094
12.5949
12.6024
12.7111
13.1261
13.0965
13.2852
13.2182
12.9797
13.1395
13.4493
13.2905
13.1221
13.0624
12.6575
13.1128
13.3443
13.2346
13.3453
12.9413
13.3465
13.2045
13.0291
13.4263
13.4786
13.2787
13.6075
13.2413
13.4799
13.2853
13.7343
13.9019
13.5353
14.0185
13.5505
13.8476
13.261
13.3929
13.9999
14.0791
13.8007
13.9525
14.0341
14.1907
14.0544
13.8519
14.3182
13.8826
14.2673
14.8609
14.4438
14.9037
14.2131
14.6977
14.2847
14.6069
14.7071
14.7528
15.164
15.1373
15.1254
15.558
15.596
15.678
15.9628
15.7908
15.7366
16.1286
15.886
16.0484
16.1508
15.9578
16.4558
16.2419
16.2622
16.4544
16.551
16.3519
16.137
16.4803
16.3712
15.9175
15.774
16.1291
15.8666
16.1573
16.3853
16.1749
16.1351
16.3195
16.3083
15.9684
16.1769
16.133
15.9325
16.6709
15.9474
16.7171
16.3096
16.7515
16.9108
16.6206
17.2382
16.847
16.9901
16.6315
16.6011
16.8358
16.8624
16.5541
16.7454
16.7058
16.8373
17.0746
16.9436
16.5455
16.5182
16.674
16.4276
16.7035
16.3353
16.3436
16.469
16.7326
16.3326
16.2627
16.3289
16.5635
16.1888
16.5823
16.6203
16.2938
16.3606
16.7165
17.0007
16.7568
17.1764
16.921
16.4958
16.522
16.8418
16.6464
16.7434
16.4718
16.873
16.7931
16.5319
17.0939
16.9063
16.7551
16.3617
16.364
16.4169
16.9705
16.7923
16.2026
16.3844
16.8495
16.7911
16.7367
16.7633
16.3791
16.621
16.3943
16.9528
16.5204
16.5643
16.7289
16.8568
16.8256
16.7613
16.9511
16.8519
16.3873
16.941
16.6572
17.1548
16.6477
16.3479
16.3279
16.7851
16.1739
16.5538
16.6183
16.4829
16.5251
16.5338
16.3956
16.8093
16.3973
16.3736
16.2153
16.7388
16.3853
16.4135
16.4909
16.3128
16.8064
16.4384
16.2681
16.3465
16.657
16.4974
16.404
16.638
16.7969
16.6945
16.6904
16.5423
16.7246
16.6491
17.1115
16.5114
16.4247
17.4201
16.5107
16.9915
16.7677
16.7418
16.5151
16.8948
16.8365
16.6449
16.6102
16.8988
16.8419
16.5869
16.5989
16.8754
16.5
16.563
16.8773
16.7425
16.6164
16.4563
16.2052
16.5368
16.1888
16.5286
16.6881
16.3146
16.2991
16.6082
16.0797
16.8122
16.6741
16.4137
16.5406
16.9603
16.9625
16.5442
17.0382
16.9095
16.6611
16.8075
16.8875
16.6725
16.9451
16.7887
16.901
16.918
16.3881
16.6152
16.7342
16.8832
16.7074
16.6958
17.0088
16.7276
16.9174
16.7223
17.2461
16.9005
16.9971
17.4869
16.8315
17.3668
17.2214
17.3452
17.4311
17.6759
17.6495
17.1074
17.5147
17.6144
17.4883
17.4366
17.5849
17.4917
17.6903
17.8062
17.9258
17.684
17.5237
17.6965
17.5948
17.7969
17.9269
17.5212
17.8802
18.1534
17.6455
17.9095
17.6333
17.603
18.0104
17.8552
18.0594
17.5986
17.9552
17.7125
17.6021
17.8602
17.479
17.8273
17.3579
17.5632
17.9571
18.2272
17.7657
17.9354
17.6276
18.1372
17.7692
17.7394
17.4618
17.7569
17.7445
18.1494
17.8811
17.7899
17.7767
18.2531
18.0761
18.4156
18.1609
18.386
17.8949
18.6726
18.6057
18.464
18.3376
18.433
18.3813
18.2074
18.4785
18.3716
18.5136
18.3387
18.6389
18.286
18.8893
18.9041
18.3907
18.2166
18.4871
18.5656
18.8176
18.2961
18.4686
18.6997
18.7184
18.6
18.4496
18.6765
18.748
18.9187
19.2338
18.74
19.0284
19.3319
18.9836
19.2076
19.1548
19.2853
19.2925
19.6154
18.9267
18.8341
19.3773
18.8735
19.2625
18.8732
18.87
18.8642
18.8767
18.9121
19.1714
18.8153
18.9052
19.2368
18.7641
19.1036
19.0739
18.9365
18.944
18.749
18.7687
18.8906
18.6541
18.7498
18.6765
18.8277
19.3291
18.6264
18.8916
19.1262
19.4666
18.8545
19.0657
18.9168
19.0663
19.3353
19.5276
19.6604
19.4858
19.1085
19.1404
19.1409
19.5488
19.0546
19.246
19.1805
19.0999
19.0487
19.0885
18.9877
18.7109
18.9213
19.1083
19.0274
18.587
19.2401
19.3386
18.7953
19.2351
18.3518
18.5693
18.6642
18.6664
18.9234
18.7735
18.9184
18.8898
19.1014
18.9629
18.6367
19.1765
18.9881
19.2614
19.065
18.7525
19.297
19.1036
19.0764
18.7629
19.1885
18.4747
18.8386
18.9758
19.0367
18.4224
18.4895
18.9652
18.8587
19.0221
18.7882
18.8164
18.9343
18.6824
18.9253
18.3099
19.187
18.8092
19.0588
18.9184
18.5967
19.1021
18.9352
18.5942
18.8035
18.8971
18.6571
18.9575
18.8014
18.6997
19.2356
19.2398
18.8846
19.1229
19.2968
18.9665
19.4585
19.3914
19.0185
19.4495
19.5045
19.188
19.0918
19.2326
19.3794
19.0181
19.557
19.5162
19.2548
19.3432
19.2706
19.7194
19.3433
19.1251
19.2714
19.0632
18.8264
18.8415
19.1407
19.1149
18.999
18.8623
19.1135
19.0933
19.1543
18.9877
19.1128
19.2344
19.0941
19.0297
19.3815
18.9253
18.9648
19.1916
19.2125
19.1916
19.4369
19.594
19.0364
19.4491
18.8539
19.2419
19.0886
18.9788
19.1544
19.1866
18.714
19.2497
19.0368
18.9409
18.9893
18.7059
19.6283
19.0233
19.2794
19.2252
19.2793
19.5406
19.6123
19.5018
19.4579
19.1061
19.7073
20.0167
19.8801
19.7696
19.8534
19.8546
19.6096
19.2098
19.241
19.3921
19.5478
19.203
19.3808
19.0654
19.3158
18.7049
18.8431
19.0527
19.1972
19.3498
19.4509
19.1291
19.3004
19.1541
19.2666
19.266
19.0863
19.4215
19.5275
19.3611
19.3708
19.0961
19.4048
19.2946
19.1649
19.1908
19.3971
19.0279
19.2581
19.1848
18.8133
19.3058
19.182
19.0147
19.2119
19.2071
19.1461
19.6593
19.3035
19.4896
19.2933
19.4592
19.2361
19.4487
19.4824
19.4514
19.3242
19.7071
19.7517
19.5916
19.5866
19.0721
19.6872
19.1662
19.0153
19.3104
18.9588
19.1343
19.5997
18.9891
18.8101
19.3845
19.2549
19.3418
19.2291
19.3821
19.119
18.6495
19.3264
19.125
19.0049
19.0815
19.1007
19.4085
19.0585
19.305
18.9018
19.2894
18.9215
19.6594
19.1347
19.1506
19.4239
18.9762
19.3355
19.6107
19.4301
19.6757
19.6729
19.6002
19.3857
19.4196
19.2569
19.711
19.3095
19.4328
19.5778
19.2506
19.813
19.6835
19.6303
20.0009
19.6259
20.1198
20.0604
19.8746
19.7663
19.8537
19.2446
19.8242
19.4173
19.7576
19.4347
19.727
19.8275
19.8839
19.7061
19.327
19.646
19.8347
19.8705
19.6009
19.9122
19.824
20.1376
19.9414
20.3964
19.966
20.2232
20.1195
20.4213
20.1781
20.5244
20.858
20.1341
20.1389
20.2533
20.4238
20.0578
20.4562
20.5396
20.3494
20.1994
20.065
20.0361
20.2947
19.7006
20.0102
20.4592
20.0102
19.7939
20.0284
20.0602
19.6953
19.6456
19.5009
19.872
19.4183
19.9245
19.8589
19.8859
20.1512
19.5343
19.8251
19.4142
19.7352
19.6294
19.5759
19.3201
19.8119
19.4343
19.4716
19.5905
19.3359
19.3628
19.4787
19.6396
19.2785
19.5461
19.4039
19.5672
19.5546
19.6208
19.6779
19.4061
19.4434
19.1848
19.1539
19.8515
19.5853
18.8601
18.9811
19.0835
19.292
19.0938
18.8772
19.4537
18.9993
19.2238
18.8715
18.8471
18.9492
19.4045
19.2417
19.2484
18.6473
19.1075
19.001
18.7754
18.6098
18.8352
19.1362
19.1431
18.4551
18.5167
18.2909
18.3166
18.5319
18.3537
18.4344
18.7415
18.6479
19.1845
19.0296
18.3956
18.5722
19.0885
18.4001
18.433
18.6371
19.0588
18.381
18.7395
18.2914
18.417
18.7909
18.3573
18.13
18.3499
17.9955
17.7142
18.1836
17.8739
17.5485
18.4189
17.8281
18.4029
18.3183
18.124
17.911
18.6117
17.9677
18.2222
18.0108
18.3528
18.0861
18.2325
18.1316
18.5536
18.3227
18.5828
18.2358
17.8834
18.2628
18.5317
18.5382
17.9894
18.8032
18.5134
18.1219
18.3255
18.3042
18.1549
18.425
17.8336
18.46
18.5261
18.29
18.0691
18.3368
18.8838
17.9495
18.3967
18.5692
18.2044
18.4754
18.867
18.7272
18.3974
18.9331
18.5572
18.6381
19.2278
18.9896
18.3995
18.3172
18.2031
18.5292
18.3615
18.1846
18.0496
18.0631
17.8609
18.3161
18.1825
18.9144
18.5174
18.6631
18.3821
18.7136
18.2559
18.4004
18.2784
18.0848
18.1826
17.79
18.3849
18.1636
17.934
18.2638
17.8658
18.1874
17.8997
17.9317
17.7578
17.9675
18.023
17.95
17.4943
17.7696
17.4183
17.3237
17.6277
17.1696
17.2944
17.4114
17.2696
17.6329
17.2578
17.1519
17.2229
17.0968
17.3348
17.5475
17.3961
17.302
17.3208
17.0798
17.0823
16.6971
17.1581
16.9723
16.7788
16.594
16.7451
16.3634
16.2178
16.4414
16.5028
16.2932
16.3971
16.3581
16.12
16.3966
16.0899
15.7636
15.8634
16.0879
16.074
15.685
15.9509
15.8669
16.1082
15.9484
16.1302
16.1643
16.1645
16.0644
15.8365
16.5039
16.3887
16.2336
16.2546
16.4656
16.4507
16.973
16.8223
16.531
16.6988
16.2626
16.3306
16.6259
16.4058
16.4014
16.0437
16.0069
16.2075
16.3248
16.217
16.1359
16.4255
16.0988
16.6015
16.3553
16.6068
16.5194
16.465
16.8675
16.704
16.6474
16.5423
17.1689
16.5451
16.9252
16.964
16.8408
16.7348
16.9943
16.6068
17.0469
16.8811
16.6437
16.7968
16.5729
16.7769
16.7742
16.843
17.1105
17.3619
16.6704
17.0106
17.1444
16.9434
17.0866
17.326
17.4948
17.5502
17.4269
17.397
17.6467
17.5162
17.2742
17.7255
17.3722
17.5131
17.4248
17.7086
17.5634
17.6548
16.9062
17.1161
17.3674
17.3507
17.1474
17.1786
17.1258
17.0845
16.9242
16.9561
16.9836
16.9597
17.2158
16.7765
17.3906
16.8279
16.3902
16.8345
16.4211
16.2858
16.4508
16.1405
16.525
16.5016
16.7223
16.3037
16.2103
16.6783
16.5741
16.2722
16.296
16.2236
16.34
16.2379
16.0252
16.0005
15.8718
16.1544
15.9385
15.7933
15.3794
15.4414
15.6885
15.6039
15.4782
15.5221
15.3257
15.4776
15.3763
15.5288
15.1607
15.2381
15.5489
15.2872
15.4837
15.5972
15.5064
15.0818
15.0198
15.2615
15.5272
15.3624
15.5533
15.023
15.2371
14.9962
15.0404
14.6774
14.3816
14.534
14.5628
14.3816
14.3598
14.4709
14.0633
14.3188
14.1114
13.9879
13.9584
13.4555
13.6978
13.4169
13.9189
13.3159
13.5328
13.4271
13.0905
13.6386
13.4044
13.1708
13.1995
12.7655
12.7858
12.5586
13.0459
13.3105
12.6266
12.3752
12.294
12.2482
12.4453
12.5222
12.3107
12.4218
12.4724
12.6031
12.2701
12.6017
12.7447
12.8651
12.4807
11.9329
11.6061
12.1803
12.1295
12.1203
12.0238
11.6119
11.7631
11.324
11.758
12.0588
11.7236
11.6621
11.4016
11.7703
11.7912
11.4632
11.6511
11.806
11.5075
11.0033
10.8633
11.7524
11.5389
11.7168
11.6209
11.732
11.663
11.4812
11.3268
11.6744
11.1905
11.4094
11.1183
11.3828
11.4159
11.1364
11.3188
11.3938
11.364
10.9858
10.9917
11.034
11.0036
11.4226
11.3316
10.9004
11.3025
10.8634
10.7446
10.5066
10.478
10.5206
10.538
10.5917
10.5443
10.2972
10.4053
10.2435
10.2066
9.92169
9.65923
9.70601
9.51376
9.51009
9.76846
9.34504
9.4324
9.35589
8.77752
9.06728
8.85844
8.9707
9.02307
9.04934
8.54337
8.31354
7.98468
8.5112
8.2403
7.86134
7.70834
7.68575
7.48074
7.2819
7.00789
6.92359
6.7013
6.65213
6.01156
6.09267
5.44289
5.24367
5.17861
4.73572
4.96735
4.11893
4.01059
3.57524
3.50854
3.22586
2.75189
2.86131
2.16212
2.08558
2.05717
1.77114
1.62923
1.87735
1.40041
1.37364
1.19936
0.916545
0.64315
0.644313
0.170171
0.43481
-0.203633
0.219411
-0.243643
-0.251936
0.465259
-0.0483231
-0.037046
-0.335995
-0.486066
-0.279791
-0.16199
-0.236166
-0.396375
-0.109451
-0.078649
-0.0476323
0.172176
0.454035
0.0527299
0.162649
0.00959168
0.67264
-0.580134
-0.377472
0.357012
0.0216649
0.232523
-0.249587
-0.0867338
0.309979
-0.475877
-0.0810472
0.332429
0.161159
0.199992
-0.135122
-0.0180154
0.326019
0.318864
-0.196841
-0.34993
-0.0738738
-0.504531
-0.39056
0.441285
0.0393448
-0.250715
0.222518
-0.121294
0.355732
-0.0723768
-0.0653941
-0.594688
-0.492031
-0.782748
0.443745
-0.0966288
-0.065507
-0.017275
-0.110652
0.26587
-0.0216802
0.0490192
0.0746778
0.0155713
-0.253767
-0.102725
0.0659292
0.275572
0.319032
0.298164
0.38073
0.139224
0.369942
-0.0769913
-0.276562
0.0704666
0.133252
-0.731875
0.115983
-0.33358
-0.312488
-0.0586499
-0.535348
0.0809861
-0.00337841
-0.133038
-0.0536156
-0.101576
-0.202943
-0.200786
-0.190869
-0.274295
-0.195328
0.018027
-0.0244742
-0.114526
-0.046936
0.323282
0.48256
0.300877
0.102501
0.00148547
0.182147
-0.138842
-0.442209
0.19194
-0.273841
-0.330988
-0.0205499
-0.164389
-0.139021
-0.0704412
-0.40107
-0.110902
0.176089
-0.278249
0.229584
0.179729
-0.0742819
0.373637
0.17808
0.419343
0.202364
0.0725433
-0.124176
-0.047639
0.26517
0.475058
0.0457284
0.200473
0.541527
-0.0884675
0.122529
0.172149
0.190595
0.294199
-0.177424
0.0137289
0.0133654
0.453239
0.164926
0.175215
0.321543
0.228101
0.392204
0.42286
0.333551
0.336697
0.515252
-0.0108393
0.159555
0.194601
-0.139165
0.141656
0.093263
0.189708
-0.0251914
0.526583
-0.0359326
0.367694
0.104445
0.224473
0.232331
0.681221
0.274113
0.0976989
0.255861
0.230844
-0.12863
-0.0930273
0.0885436
-0.0795463
0.10006
0.211077
-0.0784018
0.120721
0.213736
0.627056
0.629032
0.580113
0.760387
0.229221
0.617122
0.528371
0.635808
0.42145
0.570096
-0.0218151
-0.0263319
0.110091
0.566003
0.287457
0.387238
0.267888
0.571931
0.604022
0.129456
-0.13437
0.320838
-0.196541
-0.146019
0.229908
0.120941
0.209468
0.0607704
0.562231
0.213495
-0.218708
0.291802
0.239108
-0.109743
0.039857
0.113213
0.0686842
0.282199
0.83376
0.243536
-0.417244
0.628334
0.276289
-0.0598574
-0.791043
0.191113
0.388354
0.34869
0.838707
0.0748569
0.257507
1.14796
0.209302
0.765805
-0.0250312
0.841061
-0.481973
0.70586
-0.175384
-0.240449
0.466438
0.807516
0.377374
-0.053464
1.14862
0.155718
-0.859521
0.509594
0.767514
0.318609
-0.222857
-0.0869599
0.0260101
0.883108
0.36605
0.207153
0.366193
0.427618
0.369224
0.674082
-0.013114
-0.0475184
0.831544
-0.022096
0.422806
1.07155
0.135642
0.681678
0.628962
-0.190331
0.739494
-0.057502
0.381605
0.387484
0.203011
0.687559
0.718475
0.222539
-0.108823
0.326263
-0.29547
0.565529
0.467938
0.147547
-0.345279
0.439921
0.420973
0.25952
0.180742
0.214488
0.310786
-0.00808677
0.105705
-0.470705
0.119742
-0.0629195
-0.138396
-0.0418832
-0.223325
0.40075
0.00884565
0.115362
0.0939531
0.324546
0.138832
-0.139399
-0.0407181
-0.0116771
0.41645
0.0351762
0.0509327
-0.0705987
0.23769
0.145407
-0.102719
0.254165
0.301608
0.147833
0.00794206
0.412506
-0.039473
0.218098
0.109169
0.249636
-0.113931
0.14464
-0.0132604
0.0681922
0.204143
-0.208788
-0.308879
0.064936
-0.292644
-0.0241646
-0.104779
-0.0418369
-0.185062
-0.015931
-0.576468
-0.353966
-0.213297
-0.175987
-0.169743
-0.679872
-0.22307
-0.268856
-0.30688
-0.320779
-0.256869
-0.397145
-0.293229
-0.102976
-0.493354
-0.212978
-0.272759
-0.0627593
-0.127747
-0.450961
-0.30465
-0.0910415
-0.277251
-0.762884
-0.48287
-0.409177
-0.389033
-0.112468
-0.411235
-0.39289
-0.301967
-0.164228
-0.285085
-0.414738
-0.263414
-0.116567
-0.0632064
-0.239115
-0.0417182
0.0535266
-0.29753
0.213099
0.0143841
-0.567952
0.0839274
0.171743
-0.317005
0.211147
0.0812356
-0.172771
-0.294032
-0.105398
-0.0748597
-0.0916584
-0.361407
-0.313408
0.119666
0.429756
0.186601
0.231511
0.38377
-0.038685
0.367169
-0.176478
-0.0900181
-0.0850809
-0.00405501
-0.0188881
0.282043
0.330396
0.471048
0.159038
-0.133338
0.335807
0.191321
0.454881
0.642729
0.124215
0.168109
0.273591
-0.0140456
0.386763
0.0729353
0.305347
0.142934
0.0452135
0.321585
0.162032
0.168099
0.0884373
0.425533
0.440786
0.1235
0.463697
0.174999
0.269805
0.149242
0.0438411
0.575146
0.23571
0.288161
0.300146
0.199171
0.403024
0.0606369
-0.125212
-0.333088
0.233682
-0.03713
0.263339
0.164285
0.230678
0.154716
0.0353747
-0.0265026
-0.054543
0.397079
-0.226065
0.261247
-0.172698
0.138252
-0.279216
0.000154079
0.0795585
0.0803429
-0.160135
0.18975
0.437079
-0.085839
-0.238436
-0.0397347
-0.222393
-0.00103726
0.293879
-0.166463
0.200435
0.0319588
0.0456621
-0.439749
0.501441
-0.0810844
0.210781
0.0759457
-0.280427
0.0770749
0.379563
0.145216
-0.540897
0.104302
-0.0404689
-0.169737
0.337848
-0.125391
-0.163421
-0.14759
0.100234
0.0884066
0.0162219
-0.173356
0.0859
-0.0156413
0.428253
0.0125221
-0.265507
0.0222232
-0.30953
-0.0035126
-0.176716
-0.0453998
-0.205681
0.00491898
-0.176515
0.160335
0.276128
-0.214104
-0.126675
0.0930796
0.0078977
-0.106609
-0.184256
-0.202647
-0.0596459
-0.154898
-0.338275
0.0644711
-0.0171728
-0.102712
0.100297
-0.0630805
-0.0151697
0.106076
0.129094
-0.320407
0.0108659
-0.305369
-0.538137
-0.140977
-0.369434
-0.160216
-0.152696
-0.0600774
-0.91933
-0.366097
0.134971
-0.291477
0.116976
-0.42347
-0.205069
0.0823437
-0.29973
-0.335751
0.153366
-0.598653
-0.196169
-0.400919
-0.130913
-0.166855
-0.148501
-0.0445646
-0.0858636
-0.311669
-0.35049
-0.0843683
-0.18007
-0.212918
-0.212627
0.366402
-0.112547
-0.304601
-0.0440587
0.032411
-0.1978
0.0484674
0.098177
-0.187309
-0.225136
0.105393
-0.0412262
0.0709871
-0.00745934
0.0260098
0.0163802
-0.0632133
-0.0334048
-0.10885
0.30414
0.421521
0.349908
0.308974
0.418014
0.459088
0.152291
0.371272
0.233179
0.25616
0.333438
0.083114
0.464911
0.253082
0.32052
0.195587
-0.228075
0.475636
0.315418
0.272779
0.441737
0.605712
0.102871
0.0678255
0.0279628
0.0474523
0.411674
0.29838
0.336498
0.259358
0.298012
0.464135
0.463769
0.392554
0.0331763
0.184391
0.325818
0.109306
0.262748
0.272873
0.373399
0.0350008
0.138866
0.4582
0.357006
0.0603331
0.503151
0.444284
0.156496
0.104588
0.500487
0.199664
0.202054
0.304088
0.165251
0.273569
0.447414
0.432534
0.229225
0.124454
0.00950265
0.1087
0.175653
0.343996
0.279227
-0.0795216
0.378702
0.44323
0.646305
0.31867
0.115653
0.253424
0.193334
0.473893
0.158641
0.168174
0.290101
0.46929
0.430053
0.0780651
0.090952
0.420245
0.359907
0.250278
-0.0725466
-0.083623
0.139449
0.0778627
-0.152759
0.101825
-0.103594
-0.267535
-0.210506
0.348456
0.161364
-0.077618
0.204347
0.206848
-0.216642
0.350092
0.0700783
0.195459
-0.0468661
-0.0638358
0.131349
0.0834624
-0.156924
0.114773
-0.305302
-0.0649037
-0.107893
-0.156206
0.208225
0.37886
0.327738
0.198395
0.141913
0.279013
0.139028
0.0713348
0.0489204
0.0605411
0.501086
0.30082
-0.218883
0.0862324
-0.0520609
0.0229033
0.0150504
0.353549
0.323708
0.326223
0.275725
-0.0335944
0.282283
0.190555
0.163639
0.0041315
0.362891
0.0224813
0.406167
0.191809
0.183471
0.0279264
0.100638
0.212362
0.0850259
0.370847
0.528037
0.532021
-0.0139556
-0.165626
0.344552
0.321099
0.235417
-0.0947619
0.39263
0.511376
0.0777865
0.10631
0.213746
0.202431
0.213648
0.328438
0.248072
0.460329
0.420824
0.421947
0.565186
0.362377
0.352064
0.205828
0.286052
0.537039
0.373435
0.290631
0.17015
0.516194
0.294603
0.393612
0.432321
0.395615
0.269702
0.392353
0.239661
0.0410001
0.273217
0.349628
0.428208
0.216089
0.642552
0.0370121
0.475927
0.257118
0.361789
0.198264
0.408075
0.451454
0.359036
0.141923
0.18297
0.457987
-0.0889351
0.328102
0.203965
0.478226
0.256301
0.249257
0.364521
0.305736
0.292028
0.424415
0.702545
0.170416
0.359552
0.32067
0.141357
0.268702
0.257974
0.154641
0.0274959
0.253207
0.0527294
0.0565066
0.081001
0.101321
0.41871
0.291881
0.457508
-0.0273952
0.313025
0.00131221
-0.00689303
0.314645
0.0223683
0.551778
0.123367
-0.0356308
-0.0448543
0.0995836
-0.214391
0.527084
0.367551
0.484918
0.158063
-0.0105094
0.107813
0.125779
0.246425
0.0850475
0.341261
-0.0955799
0.249002
0.17962
-0.020661
0.329365
0.205867
-0.145989
0.246513
0.197787
0.440445
0.228972
0.0412962
0.0764529
-0.00659621
0.447339
-0.142026
0.461009
0.311349
0.346826
0.43838
0.335557
0.175196
0.206329
-0.00464211
0.124316
0.280435
0.274898
0.145784
0.851542
0.326713
0.484877
0.545646
0.26917
0.80527
0.429325
0.370052
0.573833
0.492774
0.316894
0.00711408
0.650922
0.622811
0.717516
0.135655
0.48192
0.526787
0.799744
0.695157
0.885824
0.897172
1.03414
0.63669
0.532991
0.464858
0.788864
0.806715
0.633392
0.751818
0.670533
0.700355
0.888423
0.695289
0.752289
0.905045
0.788287
1.00142
1.09248
0.477106
1.00078
0.958092
0.883944
0.976872
1.0771
0.977293
0.879016
0.850445
1.05624
1.10544
1.025
0.679691
0.55157
0.767751
0.690046
0.64484
0.605593
0.659094
0.591829
0.661371
0.655405
0.472137
0.622449
0.843633
0.640796
0.904096
0.607863
0.631658
0.540197
0.431807
0.338352
0.544375
0.536206
0.696324
0.777152
0.854477
0.668665
0.556327
0.464203
0.580027
0.678695
0.67824
0.500401
0.469189
0.559341
0.591759
0.348634
0.926935
0.666224
0.9362
0.801095
0.678273
0.417007
0.489207
0.987878
0.58318
0.680063
0.59416
0.71486
0.375909
0.625558
0.599807
0.586833
0.700221
0.78094
0.53973
0.699096
0.250356
0.282196
0.723747
0.424284
0.789377
0.977886
0.634477
0.198536
0.607439
0.536162
0.405287
0.414319
0.735858
0.816022
0.318161
0.605433
0.525776
0.589571
0.586817
0.52104
0.593924
0.326682
0.530915
0.274588
0.558043
0.427259
0.367245
0.332756
0.896231
0.325266
0.109604
0.577606
0.48733
0.68678
0.470733
0.318696
0.418443
0.494444
0.515601
0.497015
0.224931
0.134409
0.13037
0.289262
0.387114
0.436113
0.100157
0.181766
0.549959
0.0267607
0.152739
0.430265
0.426519
0.443293
0.186269
0.475248
0.284318
0.0125266
0.166335
0.0244986
0.15408
-0.125238
0.0815435
-0.272316
-0.0419817
0.153275
-0.0333612
0.49892
0.234484
0.475324
-0.178214
0.020735
0.389145
0.231048
-0.163669
0.36674
0.240642
-0.0536742
-0.156346
-0.0935322
0.0189826
0.0481036
-0.0250322
-0.0322651
-0.0108676
0.0399259
-0.0607014
0.106859
0.214947
0.0346349
0.0612532
0.107633
-0.40061
-0.276751
0.102596
0.145662
-0.160996
0.230302
0.175356
0.0136947
-0.0825922
-0.21697
0.0205576
0.232263
0.145154
-0.0674175
0.272931
-0.0577303
-0.0154661
0.163117
-0.526914
0.0186658
0.0835842
-0.0381924
-0.2044
-0.108275
-0.421328
0.212119
0.356304
-0.119419
-0.101185
-0.429989
-0.462054
-0.282544
-0.302825
-0.125685
-0.176244
0.335265
-0.256292
-0.297225
-0.146106
-0.0889198
-0.328571
-0.239453
-0.3924
0.0556834
-0.0218357
-0.398784
-0.414643
-0.0561156
-0.663575
-0.651033
-0.700929
-0.0289783
-0.371833
-0.201091
-0.409545
0.0140909
-0.118907
0.0292203
0.0511427
-0.00205175
0.00414289
-0.116629
-0.302446
-0.0456878
-0.470947
0.0677174
-0.0901223
-0.250803
-0.30679
0.0153553
-0.139047
-0.269399
-0.20845
0.073091
-0.280335
-0.252297
-0.206714
0.0825187
-0.288264
-0.170649
-0.497142
0.085699
-0.000145789
-0.486855
-0.108674
-0.24926
-0.488763
-0.212932
0.0483276
0.186741
-0.354646
0.019896
0.00946368
-0.167609
-0.0466172
-0.131722
-0.173819
-0.0943003
-0.220968
0.0456339
0.0976146
0.153918
0.0385426
0.163657
0.385651
-0.0933932
-0.238924
-0.384884
-0.0919601
-0.463419
-0.0741879
-0.214726
-0.165002
-0.106865
-0.122238
-0.260584
0.0216792
-0.327889
-0.490793
0.211733
-0.212954
0.101983
-0.202854
-0.214925
0.132815
-0.616018
-0.739616
-0.263164
-0.250764
-0.419313
-0.189927
-0.179717
-0.198927
-0.344758
-0.620384
0.157533
-0.0953648
-0.151937
-0.00468316
0.244615
-0.0469589
-0.0819775
-0.472565
-0.0836339
-0.442794
-0.224066
-0.467185
-0.326568
-0.241258
-0.174612
-0.439211
-0.374479
-0.279767
-0.256973
-0.39677
-0.547274
-0.0149775
-0.609317
-0.160714
-0.41849
-0.277726
-0.290644
-0.215861
-0.0936441
-0.557901
-0.347051
-0.145588
-0.125687
-0.481585
-0.309477
-0.295
-0.197421
-0.110067
-0.150709
-0.245056
-0.407465
-0.562554
-0.0673125
-0.369176
-0.380063
-0.0972206
-0.157852
-0.379571
-0.529451
-0.175743
-0.247871
-0.139237
-0.0533706
-0.240105
-0.51293
-0.326199
-0.413387
-0.32222
-0.301182
-0.103859
-0.178615
-0.489803
-0.232169
-0.119034
-0.0863498
-0.22326
-0.527055
-0.197303
-0.327617
-0.0117986
-0.345078
-0.422397
-0.466466
-0.0340227
-0.431822
-0.197116
0.16351
-0.0687511
0.0430824
-0.0799971
-0.524147
-0.141111
-0.0133835
-0.0894557
-0.138313
0.00170239
-0.145896
-0.29833
-0.373541
-0.290442
0.19758
-0.160239
-0.445228
-0.273633
-0.245551
-0.0141432
-0.353278
-0.593489
-0.259941
-0.248122
-0.266541
-0.561865
-0.482261
-0.342393
-0.110358
-0.14021
-0.500684
-0.156937
-0.352068
0.295463
0.163964
-0.17575
0.086379
-0.156027
0.117883
-0.235792
0.217634
-0.221171
-0.0586659
-0.167515
-0.0109964
-0.249994
-0.265413
0.0111552
-0.254356
0.0659951
-0.399628
-0.289831
-0.192764
-0.369331
-0.398806
-0.258988
0.0739879
-0.364545
-0.145837
-0.27824
-0.0628405
-0.144201
-0.119255
-0.0651893
-0.369872
0.0472955
-0.210403
0.273276
0.141983
0.016665
-0.335409
-0.0511083
0.146847
-0.112784
-0.148416
-0.0877956
-0.0602909
-0.196963
0.131978
0.0844335
-0.237229
-0.23669
-0.23668
0.119873
-0.216026
-0.0921523
-0.0853566
0.354938
-0.0472597
-0.12117
-0.0947673
0.00501233
-0.514028
-0.0509401
-0.168334
0.177589
-0.0865426
-0.158958
0.176724
-0.0590798
-0.0346469
-0.213367
0.163091
0.111501
0.0169006
0.110332
-0.284911
-0.235279
0.453685
0.0982471
0.0962373
-0.115427
0.0242588
-0.0687742
0.108069
-0.271706
-0.12271
-0.249168
0.0776379
-0.140556
-0.0594146
0.211839
0.196251
0.108382
0.00420604
-0.0250985
-0.0707176
0.147921
0.00529015
0.106044
0.447177
0.0670698
0.353219
-0.051046
-0.0671741
0.139298
0.0757486
-0.030324
0.10152
-0.382493
0.117013
-0.178467
0.191133
-0.0762781
-0.255068
-0.390106
-0.12874
-0.346039
-0.0651825
0.168853
-0.0998462
-0.182924
-0.332945
0.202368
-0.22772
-0.183392
-0.267667
0.00611504
0.184722
0.21115
0.0402598
0.198389
0.0840491
0.245296
-0.0551668
0.519054
-0.134477
-0.344455
-0.266639
0.406274
0.0786873
0.0825226
0.412326
0.344129
0.454997
0.00263965
0.203523
0.142382
0.211032
0.067687
0.178625
0.0949973
0.0651122
-0.144288
0.0212739
0.311231
-0.203471
0.025006
0.221197
-0.170321
0.233592
0.344291
0.133211
-0.203407
0.0925841
0.0333437
-0.0454616
0.330627
0.111586
0.212279
0.144064
-0.156147
0.0805993
0.235679
-0.110136
0.284295
0.386517
-0.122882
-0.0693357
-0.168983
-0.147461
0.159006
-0.0339231
0.0960013
0.0842103
0.0725119
0.00878328
-0.196315
0.218565
0.200182
-0.110411
-0.212907
-0.0693912
0.113721
0.0395044
-0.418864
-0.0845885
-0.268211
-0.155857
-0.41037
0.0832437
-0.126373
-0.0393203
-0.135063
-0.224932
-0.118484
-0.427437
-0.115524
0.0242032
0.0334676
0.164119
0.049042
0.111145
0.241003
0.0406749
0.269197
0.120541
0.345343
0.297621
0.335059
0.32882
0.47408
0.598656
0.47154
0.36288
0.738991
0.678022
0.541225
0.719394
0.445705
0.124187
0.242355
0.347776
0.640816
0.365514
0.113457
0.155928
0.586962
0.232471
0.540803
0.19458
0.591183
0.0991592
0.575788
0.0624351
0.713184
0.214582
0.0795251
0.631395
0.448846
0.223975
0.345259
0.652149
0.475321
0.223962
0.529274
0.614668
0.291914
0.622104
0.248516
0.38199
0.874412
0.452255
0.701681
0.688651
0.01541
0.371891
0.30167
0.678248
0.232905
0.406723
0.577265
0.518148
0.208358
0.102819
0.370696
0.826988
0.253344
0.411237
0.137448
0.667804
0.420448
0.351171
0.707421
0.282473
0.219852
0.78307
0.784929
0.792798
1.03042
1.03123
0.932333
1.41265
0.818044
0.616568
0.864862
1.20036
1.01319
0.632491
1.43563
1.32887
1.26514
1.21966
0.880288
1.37687
1.57633
1.28289
1.39347
1.26001
1.62036
1.63382
1.8371
1.37651
1.36895
1.36143
1.16638
1.60994
1.25528
1.43351
1.45576
1.28316
1.43015
1.36911
1.14393
1.60731
1.55878
1.35529
1.39733
1.39824
1.67324
1.63942
1.48048
1.62386
1.37317
1.32484
1.67349
1.24269
1.83574
1.7603
1.058
1.74658
1.68669
1.50521
1.80102
1.90726
1.52657
1.53967
1.82637
1.95363
1.96268
1.81631
1.59384
2.02447
1.72195
1.61439
1.67305
1.48254
1.56228
1.32721
1.41128
1.64406
1.65192
1.88625
1.50473
1.32949
1.52777
1.69443
1.37119
1.51574
1.21934
1.37645
1.35808
1.8118
1.41521
1.84402
1.43219
1.78457
1.89448
1.53289
1.23472
1.39555
1.82728
1.69113
1.71584
1.8317
1.2336
1.70973
1.79698
1.8431
1.69651
1.78529
1.52284
1.53672
1.58787
1.44918
1.75634
1.78549
1.69639
1.55061
1.40571
1.31354
1.89782
1.80393
1.88328
2.00451
1.82112
1.94366
2.20961
1.86545
1.63468
2.02258
1.87133
1.64459
2.22202
2.0408
2.01076
1.54428
1.64482
1.57843
1.53047
1.72074
1.39327
1.86206
1.21116
1.78445
1.51861
1.83532
1.76706
1.65593
1.96464
1.88056
1.74369
1.53337
1.79857
1.64113
2.11927
1.65816
1.70046
1.70423
1.87744
2.07125
1.73142
1.96335
2.07303
1.73666
1.69425
2.31553
2.10414
1.98457
2.01126
1.87582
1.90699
2.01387
1.76052
1.77933
2.1121
1.988
1.91043
1.89604
1.79062
2.38264
2.25833
2.34617
2.28519
2.23313
2.30909
2.06321
2.3609
2.47684
2.44509
2.27066
2.86947
2.82954
3.00801
2.43948
3.02315
2.455
2.64555
2.39692
3.39597
2.88844
3.06449
2.58386
2.85948
2.79722
2.86657
2.83598
2.74953
2.91554
2.93601
2.60913
3.10086
2.82345
2.97232
2.87063
2.63521
2.8175
2.79905
2.96898
3.07112
3.09883
3.04835
3.37973
3.27833
3.10426
3.0119
3.05666
3.28209
3.02695
3.30289
3.5647
3.20222
3.09477
3.35036
3.3478
3.32275
3.69304
3.59395
3.01236
3.27368
3.24006
3.2494
3.76825
3.36681
3.46825
3.70519
3.65459
3.0992
3.55863
3.39997
3.64414
3.94318
3.81762
3.61137
3.85702
3.59547
3.66416
3.94362
3.97412
3.98896
3.98266
4.30754
3.95209
3.71475
4.08643
4.09843
4.09205
3.77467
3.93767
4.07921
4.1915
3.92913
4.35406
4.11796
3.94347
3.79095
3.77894
3.81399
3.86544
3.91243
3.47781
3.99018
3.89664
4.07713
3.84593
3.87299
4.08689
4.05369
4.11981
3.70388
4.29455
3.94045
4.59745
4.25851
4.28254
3.94895
4.24552
4.4397
3.92287
4.20571
4.16324
4.50606
4.30066
4.51934
4.6265
4.62205
4.32747
4.53998
4.49055
4.5005
4.51508
4.27894
4.66092
4.41173
4.44359
4.8763
4.34975
4.73512
4.94319
4.80901
5.07117
4.74308
4.81009
5.02956
4.94336
5.05937
5.05775
4.95233
4.8989
4.80371
4.7036
4.8038
5.05414
4.77855
4.8731
5.02791
4.84282
4.81175
4.98414
4.94335
5.02018
4.59769
4.62695
4.74766
5.1045
4.96843
4.99195
4.92186
4.94257
5.09994
4.79703
5.09899
4.91321
5.05563
4.78632
5.12314
5.05585
5.03425
5.12396
5.1972
5.08841
5.08663
5.19465
5.28008
5.38801
5.41923
5.43046
5.39791
5.46327
5.66295
5.72082
5.07629
5.70249
5.65452
5.43491
5.51416
5.26381
5.00893
5.3356
5.45218
5.75886
5.40963
5.3321
5.45454
5.64973
5.36784
5.57275
5.35262
5.43205
5.13608
5.58001
5.51817
5.28076
5.44875
5.48043
5.34603
5.33014
5.33731
5.65965
5.63244
5.6889
5.69601
5.86056
5.9066
6.0454
5.89869
5.87439
5.9504
5.52513
5.62027
5.78225
5.76551
5.94223
5.56793
6.05364
5.49649
5.84386
5.61597
6.03127
5.51462
5.79085
5.80793
5.72434
5.82663
5.69661
5.81886
5.67046
5.72936
5.81782
6.27465
5.95592
5.81806
5.82048
5.80219
5.73911
5.63621
5.83511
5.79923
5.83716
5.84974
5.43573
5.81248
5.58581
5.93202
6.08502
5.86442
5.89784
5.7221
6.01709
5.62785
5.85741
5.73926
5.90642
5.85024
5.70544
6.16066
5.93603
6.02389
5.97885
6.02455
6.29595
6.05876
5.97741
6.18513
5.77141
6.085
5.68583
5.71002
5.8502
6.07757
5.77738
6.30371
5.92555
5.81548
5.86041
5.74606
6.04656
5.94102
5.77781
5.72127
5.73441
5.58619
6.03329
5.73564
5.58846
5.80769
5.78619
5.6362
5.64371
5.6451
5.6244
5.6189
5.17167
5.95948
5.43702
5.86689
6.15486
5.90288
5.96081
5.93326
5.85334
5.54875
5.9131
5.78817
6.02847
5.66308
5.94857
5.71722
5.52648
5.50281
5.93071
5.94026
5.94839
6.37909
5.87355
5.62799
6.31686
5.85888
5.85906
6.05761
6.24494
5.94502
6.42196
5.67468
5.84639
5.89798
5.97243
6.12721
6.14601
6.26518
6.38347
6.64565
6.07164
5.93544
6.49189
6.37197
6.37138
6.29729
6.13732
6.30893
6.24849
6.61121
6.5294
6.43581
6.30302
6.57239
6.86106
6.4916
6.61597
6.79481
6.81948
6.77492
6.88898
6.9139
6.96248
7.02409
7.37112
7.3778
7.28239
7.37204
7.19231
7.20191
7.25263
7.19323
7.58476
7.34625
7.5912
7.62247
7.36696
7.37602
7.47196
7.53484
7.65214
7.21532
7.86001
7.79694
7.93923
7.82222
7.75851
8.04952
7.73152
7.58494
8.09443
8.35544
8.1549
7.91904
7.94835
7.98723
7.95624
8.18788
7.85608
8.20714
8.2864
8.251
8.38927
8.44418
8.20367
8.21901
8.26708
8.57979
8.36106
8.19544
8.65938
8.80099
8.5553
8.14989
8.7024
8.40342
8.44446
8.3466
8.47061
8.21464
8.7014
8.5314
8.4431
8.88064
8.77857
8.98534
8.69737
9.25041
9.16244
8.94399
8.91651
8.8642
8.97528
8.91532
8.78024
8.7099
8.63674
8.74619
8.63187
8.66857
8.9496
8.68667
8.90095
8.90954
8.99725
8.91364
8.86564
8.60825
8.77483
8.5252
8.65891
8.75757
8.5419
8.80177
8.50941
9.08001
8.80479
8.7271
8.8016
8.82677
8.95333
8.79843
9.09721
9.17363
8.70858
9.27303
9.05101
8.94599
8.8539
9.00275
9.1083
9.11652
9.12232
8.80568
8.87051
8.7319
9.11565
9.18016
9.20676
9.04598
9.13737
8.97695
9.20057
9.11749
8.87887
9.00451
9.37137
9.14551
9.0858
9.18736
9.38105
9.14287
9.44617
9.33751
9.48279
9.52383
9.75985
9.53616
9.29488
9.46332
9.39982
9.63377
9.41993
9.61497
9.61185
9.32259
9.29726
9.64414
9.37918
9.23264
9.17973
9.80527
9.1743
9.22926
9.19445
9.12417
8.77405
9.42963
9.07974
9.50155
9.42859
9.48682
9.36466
9.55571
9.61467
9.70584
9.77882
9.6943
9.7503
9.46499
9.68436
10.0282
10.0086
10.0349
9.64456
10.0634
10.1908
9.81673
9.95035
10.125
10.0289
10.111
10.0493
10.1485
10.7603
10.2771
10.1641
9.97481
10.1663
10.1726
10.2611
10.1392
10.0792
9.96309
10.4156
10.0401
10.251
10.0314
10.374
10.536
10.5231
10.5714
10.5749
10.6719
10.7106
10.7508
10.7572
11.184
10.5574
10.6679
10.6465
10.6326
10.5577
10.466
10.6732
10.8312
10.5334
10.288
10.2843
10.8161
10.7994
10.7361
11.1482
10.9117
10.5506
10.9721
10.7993
10.8854
11.1392
11.1219
10.775
11.1126
10.9776
10.4565
10.651
10.7208
10.7388
10.9269
10.6203
10.4572
10.9323
10.898
10.8877
10.904
10.4742
10.8606
10.6991
10.8651
10.6966
10.6741
11.4508
11.2343
11.3178
11.1318
11.6083
11.1253
10.8381
10.8467
11.4199
11.0943
10.8677
10.668
11.948
10.4968
11.1136
11.6365
10.9302
11.0752
11.3755
10.9988
11.4825
11.5781
10.7366
10.8896
11.6117
11.4855
10.8091
11.2928
10.5737
11.6203
12.0253
10.8333
11.6677
11.16
10.7619
12.0643
11.7016
11.4659
11.3291
12.1842
11.6972
12.0925
11.3014
12.2736
12.1829
12.6242
11.2868
12.4595
11.2456
11.7426
11.3327
11.5017
11.5175
11.7745
11.6164
11.3787
11.436
12.1529
11.958
12.3674
12.0823
12.4864
11.9717
11.9237
12.0236
12.2462
11.5215
11.9306
11.6779
12.1098
12.5495
11.2731
12.1912
11.7781
11.8352
11.7774
11.5054
11.513
11.7882
12.1168
11.3163
11.8231
11.4253
11.963
11.4013
11.6386
11.7479
11.7201
11.0787
11.9526
11.567
11.2295
12.2246
11.588
12.0404
11.621
12.0211
11.2078
12.0716
11.4076
11.9371
11.1955
11.8266
11.3601
10.7684
12.0082
11.539
11.9405
11.3295
12.2044
11.5173
12.1842
11.6237
11.5582
11.7455
11.1022
11.3672
10.9136
11.4423
11.4985
11.7571
11.9844
10.5435
11.8302
11.4527
11.0487
11.4561
10.8069
11.6706
10.9593
11.5975
11.394
11.5782
11.4046
10.9221
12.0758
11.471
11.7106
10.5774
11.0177
11.3085
11.2446
11.2733
10.8642
11.24
11.1134
10.5359
10.8821
11.0736
10.6805
10.8825
10.6017
10.6394
10.7792
10.7801
11.0024
10.6279
10.8585
10.6445
11.0053
11.0226
10.6644
11.1013
10.7339
11.3121
11.0935
10.9931
11.0063
10.9865
11.2613
11.1422
10.9608
10.8015
11.2424
11.2322
10.931
11.1442
10.9331
10.8682
11.2131
11.235
11.4109
10.9913
11.0665
11.2575
11.042
10.9622
11.3996
11.2462
11.2805
11.3437
11.218
11.1953
10.9357
11.4718
11.4487
11.5557
11.1293
10.7492
11.0807
11.3844
11.2731
10.971
11.3929
11.3814
11.3003
11.4375
11.3701
11.5612
11.1795
11.0521
11.2999
11.5404
11.3806
11.2398
11.1067
11.3375
11.5237
11.3781
11.694
11.4355
11.4493
11.4365
11.7707
11.4596
11.1891
11.4564
11.5345
11.3832
11.4071
11.6237
11.4211
11.5057
11.5663
11.5455
11.4955
11.2439
11.4121
11.132
11.6394
11.4694
11.5926
11.6622
11.3051
11.4425
11.2134
11.3914
11.0484
11.4728
11.1917
11.2872
11.1783
11.2742
11.3571
11.4624
11.1006
11.2362
11.0602
11.0067
11.3291
11.0934
10.7725
11.1372
11.3073
10.69
10.9484
11.0146
10.9411
10.9079
11.62
11.2521
11.2928
11.4509
11.0647
10.8155
11.3163
10.9845
11.3056
11.3875
11.3192
11.5349
11.4161
11.7078
11.5889
11.3761
11.5511
11.3891
11.0944
11.4937
11.2813
11.3945
11.0709
11.7044
11.397
10.965
11.1236
11.4594
11.0657
11.0967
10.7758
11.0925
11.1561
11.0317
11.0014
11.0238
10.8553
10.5603
10.8177
11.3005
10.8576
10.8263
10.9646
10.9699
10.8054
10.534
10.6245
10.5914
10.2557
10.5675
10.0709
10.1529
10.1378
10.2282
10.2069
10.2631
10.2017
9.95716
10.0273
10.251
9.98793
9.71853
9.95451
10.102
10.4337
10.0707
10.4768
10.4207
9.77262
10.1159
9.9684
10.0685
10.2506
10.3835
9.96688
9.76352
10.1767
9.86379
9.81015
9.87707
9.78634
9.94213
9.69672
9.42396
9.40827
9.49336
9.31091
9.54014
9.83513
9.07322
9.77739
9.97887
9.531
9.88447
9.77783
9.76618
9.79833
9.79406
9.46505
9.51474
9.80289
9.19724
10.1892
9.54983
9.70474
9.79691
10.1823
9.88244
9.85721
9.79925
9.74067
9.57934
9.46466
9.71016
9.69406
9.66
9.58407
9.70453
9.7386
9.85931
9.98134
9.64079
9.73638
9.16264
9.77047
9.90662
10.1327
9.75478
9.57921
9.60406
9.92603
9.97798
10.1046
9.65942
10.1685
10.1125
10.0218
10.1365
9.98496
9.86313
9.89949
9.76866
9.85576
9.68968
10.051
9.92814
9.7215
10.2467
10.1863
9.90942
9.61069
9.86702
9.68242
9.93458
9.9671
9.95284
9.8351
9.94499
9.56786
9.71862
9.64425
9.48687
9.67623
10.2168
9.74493
9.75493
10.3053
9.95708
9.42555
9.70272
9.76297
9.96356
10.0998
9.78984
9.46164
9.96658
9.7438
9.564
9.07358
9.31787
9.4176
9.176
9.55431
9.17495
9.03409
9.59557
9.35738
9.08841
8.99262
8.74015
8.5547
9.0292
8.95543
8.76643
8.67507
8.75265
9.20973
9.34472
8.84172
8.80587
9.0227
9.23673
8.96546
8.9239
8.65678
8.48799
8.66734
8.68749
8.47348
8.55184
8.73553
8.71028
8.57653
8.57064
8.30906
8.34446
8.2907
7.83018
8.18597
8.03321
7.94255
8.4009
8.20743
8.00823
8.09989
8.10712
7.59625
7.49047
7.43057
7.73672
8.04681
7.71832
7.32769
7.50209
7.96105
7.96349
7.35892
7.49154
7.65641
7.34721
7.52194
7.44443
7.53218
7.30857
7.49468
7.07188
7.82038
7.71462
7.23183
7.52623
7.3859
8.05186
7.40168
7.5487
7.41092
7.58169
7.42578
7.02672
7.214
7.17342
6.94433
6.93343
7.27383
7.20228
7.21184
7.17559
7.06241
7.05846
7.00873
7.13576
7.22514
6.91294
6.84878
7.02422
7.02525
6.71708
7.05716
6.76586
7.35736
6.36007
6.47854
6.31266
6.72016
6.2379
6.70436
6.5209
6.44381
6.46247
6.53016
6.77433
6.79966
6.63731
6.44012
6.53003
6.13397
6.36053
6.35284
6.32647
6.30345
6.32682
6.09809
5.94275
5.90499
5.94003
6.06282
6.05902
5.77245
5.30006
5.30607
5.50345
5.49217
5.08999
5.30956
5.63976
4.86773
4.67942
4.77861
4.6304
4.88787
4.3197
3.93284
4.02997
3.52476
3.74427
3.22527
3.42012
2.52758
2.80335
2.89335
2.81663
2.08386
2.08357
2.55596
2.04948
2.37102
1.29616
1.51121
1.21276
1.0786
0.951316
0.971662
1.2313
1.19788
0.0719424
0.326072
0.749921
0.558076
0.311572
-0.371005
-0.172376
-0.0382243
0.249286
-0.0310802
0.140411
-0.0949818
-0.311759
0.035567
-0.0245841
0.0196096
-0.353526
0.29157
0.28413
0.173381
0.0577656
-0.191037
-0.400878
0.111612
-0.342463
0.2303
-0.253232
-0.191428
0.320845
0.113476
0.0491686
-0.570716
0.0623655
-0.422861
0.0112841
-0.209952
0.257474
0.365769
0.294961
0.215036
0.32405
0.204727
0.217642
0.0116228
0.23987
0.382162
0.176875
0.207589
-0.168519
-0.12271
0.274118
-0.025
0.246202
0.466231
0.712663
0.255241
0.363466
0.148026
0.0428491
0.162802
0.198179
0.479799
0.0685884
-0.0950226
0.14295
0.0273343
-0.0180875
0.21538
0.0188492
0.185398
0.314921
-0.0836104
0.0144855
0.0123214
0.257243
-0.0490252
-0.0502605
0.44534
0.234495
0.509107
0.210531
0.0582307
0.256165
0.218071
0.173703
0.0233928
0.018988
0.104463
-0.111669
0.199924
-0.0637735
0.378499
0.304467
0.497591
0.2363
0.550707
0.569466
0.273161
0.244607
0.257827
0.381081
0.0498122
0.376691
0.360118
0.369279
0.321051
0.298905
0.084083
0.238083
0.14486
0.130675
0.125912
0.260859
0.137906
-0.0287552
0.592814
0.331887
0.111623
0.470034
0.429649
0.339506
0.42269
-0.378284
0.264812
0.206519
0.338477
0.386875
0.219621
0.362535
0.537151
0.0227087
0.211186
0.522583
0.577238
0.268515
0.400583
-0.262401
0.199739
0.314573
0.269899
0.340185
0.11741
0.193297
0.221114
0.054928
0.386065
0.452048
-0.0503609
-0.00609331
0.236507
0.234214
0.597011
0.361648
0.682343
0.0401316
0.356304
0.208626
0.262082
0.243651
0.175237
-0.035414
0.420317
0.377068
0.50975
0.816261
0.493512
0.434268
0.498083
0.116637
0.473053
0.320729
0.0700449
0.187331
0.518029
0.187744
0.124995
0.455553
0.545345
-0.0889861
-0.0207338
0.684201
0.384811
0.125069
0.471177
0.268323
0.416794
0.334241
0.828554
0.214999
0.514651
0.513667
0.473618
0.617085
0.4953
0.464541
0.196601
0.35928
0.373989
0.168795
0.471128
0.00027946
0.455293
0.716613
0.422579
0.334109
0.156462
0.320634
0.412252
0.265628
0.59464
0.764585
0.405391
0.342573
0.108764
0.394309
0.483052
0.533676
0.814782
0.589595
0.700729
0.696236
0.481571
0.507787
0.554062
0.345206
0.213668
0.502702
0.309663
0.104872
0.332891
-0.0227746
0.337084
0.264664
0.325034
0.324957
0.363778
0.532976
0.344465
0.323067
0.256395
0.689127
0.200691
0.144995
0.48453
0.0103577
0.305309
0.0525488
0.231635
0.329634
-0.0269661
0.128119
0.0243088
0.0265397
-0.0683901
0.279877
-0.11005
0.386147
-0.0508501
0.170404
0.244518
0.618642
0.281437
0.369165
0.0495963
-0.310007
-0.0699691
0.12173
0.112066
0.0867261
0.357504
0.113657
-0.161839
0.0404985
-0.0037623
0.0652603
0.0430758
0.132783
0.204861
0.12712
0.338793
0.417511
0.355283
0.0969599
0.299508
0.486615
0.153774
0.402056
-0.0664329
0.0946986
0.298225
0.579398
0.485198
-0.0692893
0.189725
0.297746
0.167819
0.241489
0.138479
0.0355475
0.214986
0.305253
0.338505
-0.365543
0.290453
-0.197534
0.117389
0.281098
0.272572
0.17528
-0.0778491
-0.0366795
0.15985
-0.260558
0.407854
0.0257282
0.201151
0.0292366
0.667238
-0.348027
0.249643
0.107828
0.194513
0.0513744
0.162069
-0.241472
0.230619
0.301547
0.124573
-0.234386
0.0124516
0.137825
0.293449
0.104003
0.413525
0.00231577
-0.00249037
-0.0771542
-0.143292
0.523734
-0.0530875
0.00457282
0.165892
-0.0908947
0.265249
0.162667
-0.0537786
0.111138
0.238111
0.333523
0.173722
0.141245
0.141657
0.180116
0.254374
-0.206752
-0.0102085
-0.373394
-0.0423648
0.250963
0.134914
0.00548188
-0.0636581
0.0593563
0.197137
0.301911
0.308615
0.0214364
-0.0849193
0.273883
0.0668836
-0.0292361
0.387749
0.0211672
0.0400607
0.31917
-0.00536216
0.139229
-0.0455109
-0.0497104
-0.010368
-0.240859
-0.00470857
-0.158112
0.369572
0.103744
0.158465
0.273924
0.164285
0.185342
0.102947
0.0537136
-0.0547827
-0.0493218
-0.189412
0.183594
-0.357119
0.0363676
0.151396
0.24562
-0.0633742
0.176792
-0.0738585
0.176584
0.302291
0.130782
-0.293691
0.0207581
0.108096
0.187103
-0.279351
-0.152959
0.164465
-0.066127
0.0198057
0.146291
0.0514145
-0.249452
-0.0994334
0.218549
0.129845
-0.218492
0.401488
-0.0347364
0.0827999
-0.323839
0.164999
0.419723
0.0257902
-0.184175
0.148955
-0.174441
0.0444291
0.0570802
0.134807
-0.187686
0.0943988
-0.125577
-0.118963
-0.088059
-0.0695575
0.358617
0.15142
-0.336483
-0.104177
-0.184436
0.164733
-0.280487
-0.198757
-0.408217
-0.0880988
0.0391285
-0.299216
0.0508688
0.139462
-0.156601
0.10215
-0.130399
-0.023348
-0.0967843
-0.100215
-0.141477
-0.215335
-0.43876
-0.000431995
0.122985
-0.421074
-0.15996
-0.343112
-0.232962
0.213557
-0.2864
0.0812712
0.311891
0.0195275
0.296411
-0.0414111
-0.259737
0.198131
0.324066
-0.308654
0.0785233
-0.174013
-0.0711042
-0.214811
-0.00148251
0.38242
0.00591444
0.0925241
-0.030061
0.504143
-0.00904701
-0.419086
-0.322642
-0.424426
-0.171183
0.407244
0.0753559
0.106478
0.0586934
0.0865599
-0.105401
-0.322269
0.0353935
-0.339769
-0.209379
-0.0380473
-0.0198502
-0.0318649
0.0609636
-0.0235142
-0.0650778
0.428275
-0.187791
0.101278
-0.17215
0.0717673
-0.0783278
0.0729084
-0.259995
-0.155069
-0.160724
-0.340193
-0.241798
-0.183026
0.0709684
0.151072
-0.358705
0.0317426
0.193183
-0.0936734
-0.155175
0.195732
-0.0200141
0.0770388
0.157815
0.286896
0.166205
0.190459
0.0171714
0.104493
-0.129258
-0.141493
-0.0371119
-0.0791655
0.0394825
-0.255678
-0.063994
-0.062503
0.28629
-0.221089
-0.0976531
-0.209394
0.0954764
-0.108992
-0.463457
-0.180357
-0.0798907
0.147351
-0.163523
0.0940775
0.0176719
-0.296502
-0.123211
0.0940826
-0.178397
0.00539949
-0.259019
-0.143076
-0.133979
-0.114058
-0.207907
0.108374
-0.00183296
-0.0390395
0.0227975
0.0642302
-0.102071
-0.150484
0.202412
-0.108886
-0.15265
0.313041
0.324786
-0.0675322
-0.236425
0.130443
-0.304801
0.240114
0.0289687
0.0854407
0.431637
0.0294882
-0.0126692
-0.0852245
-0.0322934
-0.14322
0.233067
-0.395671
0.0203864
0.00698619
-0.166718
0.0264723
-0.286047
0.0699878
-0.0803486
0.103134
0.0647392
-0.0372901
-0.217112
-0.142581
-0.0423243
0.0114804
-0.285355
-0.319567
-0.120129
0.0678381
0.296518
-0.0422526
-0.413654
-0.185355
0.00164482
-0.0433521
0.138995
-0.22332
-0.095756
-0.0307873
-0.392209
0.148287
-0.0970464
-0.0275495
-0.259136
-0.414395
-0.0770057
-0.0514539
-0.0670372
-0.0473937
0.0365088
-0.111806
0.117476
0.0258729
-0.252428
-0.414828
-0.364917
-0.0950255
-0.254876
0.0484574
0.0597318
-0.127961
-0.219785
-0.124389
-0.16256
-0.171245
0.0551896
0.126233
-0.207304
-0.177541
-0.238338
0.18396
0.0906399
-0.198666
-0.163017
0.4441
-0.0922941
-0.181901
0.0344638
0.0994317
0.16716
-0.328565
-0.032389
-0.0414942
0.0342795
0.0371185
-0.0638335
-0.0177269
-0.315505
-0.0620036
0.0459294
-0.204118
-0.227559
-0.334477
0.0149769
0.0790394
-0.182384
-0.0156263
-0.0373641
0.209428
0.0889688
0.0722691
-0.0317292
-0.177022
0.233445
0.301668
0.159172
-0.134456
0.148042
-0.468332
-0.172588
0.144229
0.160922
-0.111487
0.0275529
-0.0664034
-0.197217
0.121675
0.116084
0.0661893
0.0351369
-0.133754
-0.563817
-0.143876
-0.00213047
0.185404
-0.223745
-0.151441
-0.272593
0.0486907
-0.302499
-0.140885
0.225389
-0.0630884
-0.0994399
0.188808
0.153534
0.134482
0.24521
-0.17419
0.171515
-0.505392
0.176809
0.0848194
-0.0281288
-0.137186
0.107872
-0.09544
-0.0604657
0.00870242
-0.263247
-0.0704909
-0.00961302
-0.361654
-0.185857
-0.162104
0.214397
0.101495
-0.344787
0.031345
-0.261458
-0.0664723
-0.138463
0.21787
-0.141752
-0.25498
-0.557054
-0.0420024
0.0147022
-0.335039
-0.275417
-0.00597419
0.0607424
-0.0484419
-0.169347
-0.112338
-0.060194
-0.313445
-0.143655
0.248434
0.00985674
-0.00827609
0.0299538
0.0357203
-0.213261
-0.121394
-0.26357
-0.112033
-0.215179
-0.0404679
0.16881
-0.165969
-0.0128487
0.164985
-0.138983
0.0284429
0.126583
-0.219363
0.144007
-0.205392
0.125987
0.00600427
-0.0867054
0.0841453
-0.0212841
0.075361
0.106767
-0.536423
-0.0336768
0.0881029
-0.0309673
0.277408
-0.060232
-0.00837924
-0.0481173
-0.0747667
-0.142546
-0.174511
-0.25307
0.0727073
-0.100494
-0.120284
0.228073
0.0319887
0.466263
0.392023
0.0927109
0.222534
-0.111013
-0.315347
-0.285988
-0.263229
0.124382
-0.281954
-0.109544
-0.256098
-0.210686
-0.161913
-0.152912
-0.144129
0.0223482
0.0943409
-0.019877
-0.354869
0.376497
0.00258138
0.106997
-0.110207
0.270594
0.152331
0.273247
0.141957
-0.156801
0.0552457
-0.194493
0.194694
-0.0318714
0.265805
-0.144599
-0.204596
-0.201149
0.0905369
-0.0349508
-0.261746
-0.0462793
0.130045
-0.177176
0.0888095
0.267884
-0.231978
-0.0187568
-0.0338992
-0.413476
0.32679
0.205771
-0.380047
-0.0627717
0.013826
0.232984
0.241738
0.412403
0.0706803
0.264114
0.119698
0.0201771
0.0497744
-0.164092
0.361225
0.0689052
0.124545
0.156248
-0.198069
-0.137227
-0.19305
-0.0581807
-0.16888
-0.122755
-0.200762
0.0737551
0.0789369
-0.270679
-0.17743
0.169568
0.0831486
-0.293798
0.251847
0.100002
-0.1969
0.0728029
0.185567
-0.0926412
0.107291
0.093097
0.112425
-0.387205
0.107846
-0.321018
0.125185
-0.264953
0.067132
0.078352
-0.0444309
-0.024732
-0.173608
-0.0444244
-0.10766
-0.0564387
0.408658
0.185393
0.0464326
-0.0575034
0.228241
0.156904
-0.00590205
0.112455
0.117823
0.0751616
-0.0519243
0.348984
0.0876373
0.270078
-0.182087
0.0271186
0.175459
-0.0827962
-0.191625
0.067274
0.0824571
0.256599
0.205979
0.0883177
-0.056663
0.116768
0.231559
-0.0466429
0.0875969
0.0630308
0.139677
0.181796
0.0197993
-0.00783429
0.214909
0.128991
0.148514
0.180053
0.160454
-0.0659276
0.14316
0.0398632
-0.0529112
0.346231
0.128288
0.170779
0.0879499
0.379342
0.428363
-0.278596
0.0495546
0.209212
0.0750757
0.111586
0.517852
-0.057422
0.151041
0.0708412
0.0975128
0.037519
0.201065
0.362871
0.350756
0.166218
0.176939
0.41718
-0.161205
0.0174713
0.351761
0.00223736
0.260074
0.0731401
-0.277508
-0.0386882
-0.125138
-0.182755
0.0262734
0.251351
0.331353
0.300409
-0.00210942
-0.0980774
0.660723
0.176594
0.0764391
0.236009
0.223622
0.439279
-0.0170327
0.224416
0.268816
0.178552
0.126979
0.281434
0.134732
-0.00633801
0.0313362
0.0800318
0.102128
0.293114
0.206159
-0.0419042
0.00220972
0.04595
0.423067
0.358931
0.146489
0.138095
0.317069
0.453049
0.0959544
-0.0371428
0.156821
-0.0672633
-0.115069
0.0940132
0.32942
0.182796
0.0241129
0.211921
0.19782
-0.0988502
0.206516
-0.308354
0.0538885
0.432268
0.286087
0.256119
-0.0159461
0.273631
0.124127
-0.401424
0.018285
0.228225
-0.172146
-0.00425922
-0.0172308
-0.0110766
0.167574
0.102036
-0.0635425
0.467021
0.152879
0.232008
0.477494
0.0722347
0.100518
0.207714
0.185887
0.0947327
0.0857272
0.122332
0.434586
-0.353908
0.193813
0.329251
0.406064
0.0408804
0.390855
0.347098
0.187358
0.382355
0.248979
-0.0631837
0.234128
0.187988
0.35264
0.331922
0.34571
0.347583
0.332781
0.605781
0.0725645
0.417623
0.159094
0.383151
-0.134163
0.525807
0.198745
0.212924
0.262054
0.377755
0.396974
0.253497
0.247686
0.448089
0.602363
0.336276
0.531448
0.493806
0.822266
0.113786
0.359632
0.553763
0.526831
0.527008
0.923827
0.495249
0.430808
0.61668
0.714773
0.520419
0.518866
0.69537
0.767494
0.61261
0.975579
0.862427
0.936147
1.01815
1.54014
0.963129
1.12969
1.13261
1.38132
1.17025
1.35204
0.969469
0.850328
1.33222
1.13063
1.23588
0.815337
0.670539
1.02831
0.888921
0.83339
0.821904
0.939479
0.571111
1.09688
0.699981
0.829474
0.777151
1.06074
0.88445
0.868015
0.710063
0.760825
0.770292
0.656367
0.871502
0.571336
0.728079
0.713387
0.59206
0.889998
0.460443
0.679281
1.00213
0.835638
0.73947
1.21536
1.1499
0.851278
0.851014
1.15359
0.954023
1.01858
1.12838
0.976789
0.892386
0.787927
0.49647
0.659068
1.06567
0.873783
0.933762
0.748372
0.56052
0.854931
0.277093
0.343541
0.349914
0.522231
0.587553
0.416645
0.500936
0.708343
0.717591
0.60289
0.308005
0.748461
0.331996
0.385907
0.678835
0.524979
0.611959
0.614205
0.819753
0.900719
0.72003
0.758085
1.07611
0.909942
1.2927
1.46951
1.44727
1.5151
1.88359
1.72018
1.84714
2.02742
1.84437
2.17431
2.42554
2.69314
2.51219
2.8379
2.8798
2.96214
2.79665
3.35869
2.94762
2.88186
2.67193
3.62036
3.54671
3.46039
3.83162
3.93083
3.93591
3.99374
4.08423
4.14338
4.12528
4.92748
4.08686
4.42406
4.56957
4.82547
4.87716
5.05811
5.23809
5.4459
5.24222
5.45801
5.42242
5.06758
5.2225
5.47645
5.35088
5.87364
5.60557
5.69697
5.50864
5.92439
5.98608
5.97083
5.67904
5.8034
5.71079
5.87474
5.45224
5.3196
5.80498
5.85073
5.90817
5.56336
5.79962
5.42548
5.48154
5.78935
5.72267
5.6324
5.26058
5.47653
5.89001
5.25153
5.64689
5.51597
5.21702
5.40462
5.22259
5.14288
5.53734
5.52728
5.40399
5.23407
5.40462
5.25657
5.3214
5.47971
5.63284
5.11894
5.15795
5.47719
5.61494
5.38914
5.40755
5.37953
5.61559
5.53352
5.50804
5.44886
5.18602
5.46618
5.30417
5.39225
5.52255
5.30265
5.34669
5.781
5.40861
5.3947
5.37645
5.86095
5.49409
5.58654
5.52673
5.33212
5.65743
5.50226
5.46961
5.58971
5.40368
5.34782
5.55571
5.54418
5.54759
5.47566
5.36997
5.16734
5.63961
5.56912
5.22351
5.47475
5.456
5.43014
5.62694
5.69437
5.34592
5.58587
5.19628
5.4306
5.37132
5.43321
5.40859
5.66904
5.4982
5.15573
5.71926
5.11204
5.01469
5.04229
4.99253
4.97994
4.94323
4.88769
4.88908
4.69535
4.70136
4.63235
4.76848
4.98228
4.66497
4.49631
4.73408
4.45036
5.06793
5.0243
4.77802
4.91399
4.82174
4.71854
4.85045
4.80267
4.8654
4.78474
4.81082
4.96866
4.80854
5.01608
4.66504
4.69233
4.93574
4.85843
4.83553
4.72779
4.45733
4.96287
4.67046
4.77412
4.84287
4.62281
4.6957
4.54788
4.41505
4.57445
3.96569
4.27074
4.46095
4.23558
3.96034
4.13686
4.25458
4.23587
4.23453
4.27745
3.95315
4.10053
4.21502
3.96674
4.08776
4.03627
4.08837
3.89325
3.94019
3.98046
3.75329
4.03414
4.04709
3.83407
3.79049
4.18319
3.84719
4.18924
3.95969
4.08625
4.1592
3.90522
3.9926
4.29428
4.25377
4.30064
4.18231
4.15406
3.98968
4.2005
4.00177
3.99599
4.11007
4.05839
4.01948
3.84881
3.84424
4.23835
4.32069
4.24976
4.51029
4.41515
4.10322
4.21788
4.44258
5.1256
4.66831
4.58914
4.59824
4.22693
4.74245
4.83015
4.71356
4.89283
4.44666
4.64822
4.43784
4.73411
4.86634
4.98354
4.81295
4.99096
4.87989
5.02511
4.82473
4.3378
4.65133
4.76083
4.70933
4.86383
4.73285
4.74235
4.95589
4.89675
4.88676
4.57068
4.91683
5.19286
4.65479
4.61054
4.98768
4.85776
4.91972
5.30143
5.25352
5.11961
5.17362
5.33366
5.36749
5.26294
5.28089
5.97512
6.17859
6.15692
6.41165
6.75844
6.5904
6.66971
6.74841
7.33682
7.33073
7.17817
6.96005
7.70802
7.28733
7.40896
7.32835
7.39552
7.62727
7.42488
7.60696
7.8061
7.96261
7.78997
7.9106
7.64332
7.3767
7.46045
7.12361
6.93873
7.25557
6.88364
6.82176
7.30757
7.13771
7.12614
6.50533
6.92255
6.82122
7.00809
6.91805
6.92744
6.97844
6.48618
6.59654
6.53977
5.82537
6.32505
6.41003
6.34856
6.47625
6.23317
6.16333
6.2248
5.75776
5.92587
5.87878
6.10295
5.93518
5.91842
6.02965
5.90565
6.41476
5.62548
5.94238
5.93255
5.73672
6.11868
5.57914
5.93627
5.66227
5.89049
5.97045
5.81051
5.65697
5.94463
5.75796
6.1181
5.83468
5.73745
5.8451
5.89491
5.83749
6.15143
5.90995
5.88731
5.85827
5.90563
5.73573
6.03557
6.03814
5.74241
5.50448
5.85484
5.57146
5.62251
5.83328
5.88661
5.54167
5.87141
5.80117
5.76099
5.84665
5.90631
5.94288
6.13634
5.91347
6.17601
5.80138
6.33964
6.06197
5.72171
6.36765
6.54464
6.1191
5.91398
6.05796
6.35373
6.15652
6.03502
6.04001
5.97855
6.40943
6.31393
6.1863
6.19927
6.15524
6.25397
6.23147
6.17892
6.2603
6.23261
6.25678
6.20268
6.06608
6.23537
6.4219
6.58284
6.47571
6.38755
6.20454
6.0194
6.26465
6.39379
6.07503
6.09024
6.14017
6.24496
6.00703
6.30661
6.56053
6.42526
6.30986
6.19995
6.66641
6.5555
6.25036
6.58211
6.75608
6.66871
6.24779
6.43827
6.3099
6.44328
6.51816
6.42928
6.33606
6.55313
6.47257
6.32595
6.22954
6.63053
6.26398
6.26983
6.16894
6.19334
6.19304
6.30116
6.59814
6.31952
6.63265
6.76171
6.39112
6.29182
6.29052
6.24435
6.76177
6.17093
6.59649
6.56562
6.13522
6.25831
6.37225
6.35707
6.70585
6.36789
6.38839
6.49532
6.67732
6.61158
6.6489
6.75417
6.43336
6.33791
6.5983
6.845
6.92827
6.67279
6.79491
6.95051
6.60677
6.60672
6.74449
6.5033
6.70169
6.76694
6.49784
6.53886
6.46583
6.60651
6.29458
6.92609
6.64951
6.32668
6.45534
6.59588
6.52013
6.74416
6.4097
6.73781
6.54422
6.89908
6.80911
6.37694
6.86854
6.37926
6.48649
6.52934
6.69819
6.71989
6.5497
6.66964
6.59769
6.65466
6.59902
6.48855
6.94635
6.4976
6.87077
6.52625
6.90882
6.42059
6.84962
6.49187
6.58823
6.43784
6.7328
6.91593
6.56987
7.07219
6.57622
6.55777
6.40278
6.34085
6.63622
6.72522
6.25484
6.30635
6.40105
6.22476
6.34276
6.38704
6.72992
6.72085
6.5827
6.4264
6.54271
6.38918
6.512
6.38185
6.13348
6.29835
6.54513
6.05899
6.08945
5.94225
6.0656
6.41254
6.29278
6.30605
6.20704
6.2336
6.68314
6.25348
6.35362
6.20257
6.58684
6.30267
6.37031
6.07972
6.08638
6.26901
6.18256
6.35851
6.22008
5.88264
6.39578
6.1303
6.31004
5.72166
5.90794
6.52108
6.21614
6.33405
6.13498
5.99378
6.43582
6.09132
6.54144
6.38058
6.31392
6.5672
6.74844
6.58215
6.26612
6.99565
6.55976
6.40458
6.98765
6.98937
6.65883
6.68765
6.59464
7.04561
6.94458
6.51899
6.69401
6.74705
7.07639
6.64193
7.13308
7.19069
6.99896
7.07164
7.40778
7.43442
6.85448
7.16545
7.30809
7.47432
7.24411
6.89924
7.22627
7.17192
7.34423
7.42386
7.26576
6.99518
7.28083
7.25238
7.18529
7.2936
6.95792
7.17596
7.78493
7.50626
7.44384
7.7287
7.85436
7.36778
7.53351
7.80166
7.29076
8.03288
7.9532
7.74282
7.80271
7.76429
7.75782
7.90585
8.00547
7.53145
7.87872
7.94871
7.97409
7.88775
7.94476
8.28197
8.2248
7.95654
7.96232
7.83057
7.96847
8.02042
8.21795
8.02276
7.9878
8.38097
8.12801
8.51007
8.27392
8.24372
8.52848
8.81962
9.01066
9.00315
8.53141
9.13839
8.89896
8.61992
9.07587
9.08237
9.03004
9.11148
8.55161
9.03566
8.65604
8.39719
9.02759
8.72636
8.64253
8.78987
8.89663
9.01109
9.03571
8.45942
8.79673
8.75798
9.10621
8.74372
8.56189
8.82356
8.92344
8.72712
8.63175
8.84918
9.02505
9.38265
8.8294
9.04029
8.89619
9.18129
8.85957
9.28512
9.33527
9.34581
9.49242
9.77622
9.53873
9.64141
9.48072
9.98951
9.86499
9.73472
9.94882
9.92289
9.74928
9.93321
9.62987
9.8616
9.60487
9.58825
9.9306
10.058
10.1368
9.85631
9.92454
9.85809
9.50192
9.80104
9.51668
9.8785
9.91164
10.2713
9.95682
10.2534
10.2452
10.1973
10.1022
10.1482
10.5194
10.5699
10.1384
10.4778
10.3716
10.5117
10.3384
10.2283
10.6336
11.0369
10.8575
10.6799
10.6526
10.9721
10.9921
11.2047
11.8011
11.2339
11.1585
11.2446
11.0765
11.4793
11.2112
11.1174
11.4627
11.3027
11.3509
11.3249
11.0338
10.7462
11.0131
11.0564
11.171
11.0916
11.0791
11.0713
11.0343
11.3166
11.1083
11.1642
11.6579
11.88
11.6515
11.7584
11.8816
11.8368
11.671
11.7674
11.7488
11.6282
11.6893
11.8114
11.3971
11.6436
11.6286
11.8107
11.9704
11.5026
11.7078
11.2973
11.1183
11.4626
11.0985
11.3954
11.1456
11.2873
11.1081
11.08
11.0089
11.3809
11.4432
11.6634
11.2705
11.2073
11.4238
11.4145
11.3959
11.4375
11.4569
11.3093
11.4606
11.604
11.7816
11.5192
11.5558
11.5662
11.4711
11.6688
11.1497
11.1955
11.2146
11.0895
11.4366
11.3197
11.2889
11.1308
10.8477
11.3738
11.2481
11.2862
11.5902
11.7012
11.157
11.5162
11.4142
11.5516
11.2975
11.4048
11.1731
11.2828
11.3071
11.4332
11.4482
11.5851
11.4059
11.7993
11.4962
11.7578
11.5077
11.8878
11.5929
11.4166
11.63
12.2935
11.6123
11.7605
12.1194
12.0108
11.7192
11.9119
11.7194
11.8816
12.1923
12.2918
12.2971
11.9798
12.1046
11.5631
11.6168
11.8748
11.7867
12.148
11.6979
12.0901
11.6705
11.8121
12.0771
11.9845
12.2033
12.3388
12.1014
12.043
12.1193
12.282
12.5209
12.8162
12.1301
12.1286
12.3096
12.1257
12.3273
12.1992
12.1052
11.9873
11.9536
12.1244
11.9925
11.9151
12.1782
11.5469
11.7358
11.8816
11.6555
11.6168
11.3705
11.6653
11.6079
11.4741
11.1077
11.777
11.5244
11.4739
11.5964
11.4901
11.7087
11.488
11.4648
11.5553
11.3758
11.4411
11.0057
11.2881
10.6335
10.8027
10.7936
10.85
10.7849
10.8014
10.9463
10.1914
10.4165
10.6944
9.96705
10.1744
10.2974
10.4682
10.3622
10.2219
10.1751
9.9342
10.1871
9.9081
9.91206
9.781
9.62449
9.90228
9.68364
9.59455
9.71816
9.32938
9.42244
9.65933
9.19024
9.4976
9.39776
9.58137
9.17019
9.27028
9.34691
8.97679
9.13781
9.15807
9.1198
9.33905
9.17229
9.343
9.43477
9.10802
9.25496
8.90888
8.77737
8.883
8.9732
8.45947
8.74742
8.55894
8.79192
8.86544
8.23426
8.42441
8.34098
8.2314
8.06968
8.11083
7.9652
8.23407
7.92987
7.67991
7.43247
7.54537
7.47407
7.45694
7.33007
7.28837
6.89662
6.88395
6.72957
6.78908
6.97844
6.8952
7.04418
6.52534
6.20799
6.29924
6.46072
5.95107
6.06811
5.64716
5.62057
5.58173
5.41577
5.47926
5.5786
5.31267
5.26895
4.78452
4.45209
4.01518
4.24733
4.62882
4.3644
3.97371
3.46555
3.86907
3.42968
3.71501
3.59849
3.25077
2.74989
2.51926
2.49873
2.4026
2.1875
1.79517
1.92086
1.98367
1.5247
1.54294
1.55317
1.50411
0.918581
1.17855
1.35104
1.21117
0.858309
0.487492
0.627965
0.792775
0.692659
0.864014
0.338179
0.595883
0.570929
0.627353
0.402452
0.327487
0.0400419
-0.343381
0.123747
0.0633814
-0.0224049
-0.0782492
0.0719944
0.0724279
-0.149253
-0.0625689
0.331671
0.128164
0.0402884
0.550639
0.499008
0.185126
0.235835
0.274156
0.133954
-0.0242459
-0.300839
0.105871
0.246615
0.0792362
0.418047
0.0857441
0.417276
0.0985725
-0.0831754
0.461343
0.378064
0.411687
0.212316
0.0649059
-0.0554883
0.0785005
0.0912588
0.757969
0.37446
0.0483102
-0.0805871
0.0074664
0.153727
-0.0472161
0.203281
0.120416
0.634753
0.457137
0.161249
0.512125
0.516472
0.409267
-0.276364
0.332696
-0.0480688
-0.259118
-0.0390595
-0.0652806
0.0251288
0.0874062
-0.0575408
-0.24462
0.17594
0.182225
0.226706
0.262501
0.101063
0.0980089
0.260756
0.270595
0.218754
0.0416621
0.169591
0.394924
0.0257061
0.264834
0.0795754
0.195447
-0.138598
0.0637671
0.225083
-0.132105
0.0220955
-0.0844569
-0.286004
0.0482534
0.180115
-0.258569
-0.0978297
-0.0186296
0.106905
-0.0673102
0.217627
0.236879
0.126016
0.216572
0.198489
0.133068
0.162494
0.054368
0.0113241
0.0774859
0.107961
0.117298
0.120831
0.017782
0.0264555
0.525129
0.839654
0.622873
0.421648
0.368808
0.289933
0.336842
0.488672
0.261557
0.574885
0.449269
0.671609
0.560757
0.676553
0.565631
0.936609
0.519204
0.791417
1.21522
0.68125
0.587927
0.132704
0.446486
0.927699
0.670866
0.329769
0.63205
0.73188
0.611858
0.655257
0.511202
0.259068
0.643857
0.565906
0.476367
0.0553109
0.15848
0.151272
0.236736
0.338244
0.218093
0.382147
0.399291
0.157918
0.218259
0.116611
0.308484
0.105933
0.372327
0.284191
-0.0806726
0.279555
0.211662
0.176957
0.235578
0.435934
0.415331
0.0755631
0.166674
0.418124
-0.14379
0.264677
0.0633023
0.0946041
0.351698
0.0479057
0.297085
0.0707248
0.0213811
0.159614
-0.109387
-0.145373
0.0879127
-0.134597
0.159443
-0.0733739
-0.157037
-0.151832
-0.259807
0.113461
-0.285571
-0.124569
0.132546
0.0615473
-0.132083
-0.07567
-0.17347
-0.462437
-0.133819
-0.137836
-0.213191
-0.0563714
-0.0327406
-0.0913881
-0.261117
-0.208177
-0.298482
-0.0837135
-0.182913
-0.210527
-0.0427509
0.135307
0.0516321
-0.402017
-0.256528
-0.0317916
-0.107111
-0.328035
-0.144981
-0.174686
0.0168079
-0.186331
0.1213
-0.137213
-0.32148
-0.0804075
-0.373245
-0.151362
0.138971
0.0113491
0.0345385
0.0944822
-0.134949
-0.279338
0.0725208
-0.132299
0.173162
0.203016
0.130734
-0.0238833
0.305979
0.089763
0.161655
0.227135
-0.0802738
-0.0873714
-0.0246592
0.120708
-0.137215
-0.0494988
-0.0548989
-0.199122
0.0444584
-0.314053
-0.320607
-0.0388078
0.176001
-0.0959957
-0.139152
-0.203
-0.108592
-0.0454005
0.0587726
0.164039
-0.140435
-0.129838
0.381383
0.0519869
0.0688772
-0.194224
-0.197193
0.123068
0.169668
0.14147
-0.174581
0.212884
-0.0647389
0.191097
0.180511
0.117414
-0.13094
0.193909
0.2564
-0.148509
0.302371
0.0247322
0.298609
0.122013
0.199934
0.176109
0.16888
0.377488
0.507926
-0.0424228
0.306694
0.1839
-0.195186
-0.202244
-0.113282
0.184609
0.0449377
0.25816
0.344144
0.0992949
0.503493
0.381723
0.127214
0.0775078
0.107118
0.181647
-0.394767
0.196149
-0.0148933
0.293319
0.351922
0.44978
0.362886
0.0708675
0.518675
0.200954
0.338383
0.336381
0.729562
0.645448
0.551301
0.424812
1.15912
1.03581
1.09989
1.24693
0.952356
0.994083
0.924303
1.04621
1.45549
1.15188
1.14153
1.2789
1.48691
1.27317
1.07322
1.09115
1.1542
1.41136
1.54134
1.30827
1.30186
1.6883
1.44999
1.25527
1.5468
1.33127
1.73297
1.49322
1.41581
1.64151
1.76987
1.75967
1.28269
1.55144
1.33882
1.5997
1.67532
1.36202
1.24906
1.49372
1.41173
1.35115
1.24613
0.799738
1.46865
1.08075
1.13994
1.11778
1.08076
0.916939
1.08658
1.18648
1.10412
0.69898
0.837599
0.985415
1.25456
0.67232
0.860709
0.837027
0.774611
0.929416
0.742763
0.874913
0.788288
1.10403
0.865164
0.915382
0.994681
1.12119
1.13803
1.02673
1.17088
1.13838
1.26587
0.784513
0.932229
1.14161
1.19505
1.16282
1.29756
0.924296
1.18719
1.19529
1.11172
1.30767
1.33528
1.24784
1.22632
1.33437
1.3631
1.21162
1.58327
1.2256
1.62204
1.36581
1.16162
1.85382
1.58652
1.83509
1.81201
1.71555
1.5635
1.67575
1.45661
1.53848
0.984046
1.223
1.1092
1.50551
1.19476
1.46794
1.20118
1.50375
1.44502
1.36621
1.39479
1.47359
1.2811
1.38377
1.55271
1.34385
1.36889
1.70501
1.56158
1.3055
1.27202
1.17779
1.51841
1.13134
1.58605
1.26218
1.3189
1.22342
1.517
0.928906
1.14763
1.13261
0.972198
1.23835
0.901914
0.824678
0.851943
1.01242
0.678087
0.779805
1.04992
0.651585
0.504587
0.552964
0.849114
0.518652
0.66513
0.420682
-0.152161
0.466556
0.303119
0.172853
0.546342
0.328313
0.154098
-0.049926
0.252329
0.19172
0.338716
0.0473941
0.221985
0.30182
-0.164184
0.147638
-0.112982
0.418406
0.0923176
-0.0624689
-0.0717622
0.232797
0.0551797
0.101569
0.038742
0.116368
-0.00360928
0.0729927
0.115492
-0.180125
-0.162422
-0.165064
-0.0431403
0.135426
0.018581
0.137381
-0.0550227
-0.137951
0.152677
-0.141175
0.0318922
0.0763669
0.0780462
-0.0882798
0.267616
0.0401068
0.258515
0.0047931
0.164342
0.0793102
0.0423383
-0.126288
0.279639
0.188781
0.0258061
-0.0222579
0.0940566
-0.177348
0.0756163
0.192483
-0.0264807
0.0520393
0.0187079
0.115431
-0.139186
-0.0482237
0.142949
-0.0105401
0.144725
-0.132675
0.0965227
0.450566
-0.0449334
-0.0858392
0.288741
0.126741
0.206801
-0.110922
0.0469067
0.170641
-0.132565
-0.194322
0.340054
-0.159048
-0.145065
-0.0257612
0.121453
-0.0282873
-0.089272
-0.00219633
0.132936
0.338559
-0.076165
0.137096
0.0749133
-0.082919
-0.059628
-0.265879
-0.0450329
-0.060808
0.393227
-0.0496423
0.157532
0.191139
0.0181521
-0.327447
0.0161536
-0.0970798
-0.149489
-0.0678793
-0.0959411
0.0433539
-0.0897504
0.00099156
-0.00612269
-0.108644
0.183605
-0.18789
-0.131725
0.340998
0.0331296
0.015878
-0.0230841
-0.0346428
-0.0179612
-0.200981
0.0909583
0.128817
-0.415944
0.142097
0.191619
-0.128431
-0.238671
0.144415
0.2596
0.869879
2.60646
2.57522
1.47674
1.14933
1.01428
0.796877
0.69391
1.07816
1.11464
0.887618
1.36892
1.27894
1.38375
1.32443
1.21394
1.07969
1.13314
1.17563
1.07433
1.00934
1.08662
1.13557
0.724354
1.15729
1.19052
0.821836
0.933285
1.08973
0.634119
0.86815
0.746168
0.768561
0.822281
0.88195
0.502153
0.63768
0.668593
0.718207
0.332729
0.31374
0.843107
0.661689
0.661783
0.557151
0.523815
0.455155
0.503705
0.55199
0.455772
0.758851
0.282215
0.520719
0.306086
0.143407
0.514864
0.553489
0.398555
0.476235
0.386335
0.288409
0.427566
0.464786
-0.0252775
0.169446
0.468649
0.275402
0.540144
0.420413
0.470291
0.517442
0.611534
0.488383
0.800976
0.704294
0.367968
0.305198
0.723056
0.480286
0.458452
0.611953
0.857648
0.794202
0.744219
0.970814
0.967662
1.04435
0.506414
1.07772
1.12568
1.34318
1.03207
0.947235
1.19684
1.2266
1.19748
1.37714
1.20548
1.22162
1.08773
1.21987
1.22515
1.08999
1.1377
1.12442
1.19601
1.30852
1.16708
1.14537
1.44105
1.24391
1.10342
1.27391
1.39189
1.24564
0.967581
1.18791
1.34816
1.28477
0.941456
1.41381
1.13633
1.29394
1.02176
0.96401
1.10601
1.4494
1.02047
1.24102
1.23559
1.01881
1.41342
1.16208
1.11131
1.13995
1.10583
1.13004
1.52397
1.66589
1.3826
1.17551
1.19997
1.29984
1.09548
1.23698
1.18602
1.4755
1.25213
1.34033
1.66448
1.55107
1.30462
1.4055
1.31218
1.94082
1.68823
1.40401
1.87488
1.63178
1.58975
1.86789
1.59348
1.51658
1.95805
1.32276
1.49005
1.63896
1.87066
1.79576
1.43161
1.43145
1.409
1.48142
1.19281
1.35194
1.7075
1.48998
2.12831
1.47736
1.65836
1.79201
1.45835
1.65296
1.978
1.64752
1.96881
1.68989
1.65119
2.02949
2.09786
1.87606
2.19015
1.91403
1.87859
2.14587
1.84632
2.27376
2.05328
1.66824
1.90124
2.0601
2.10282
1.81211
1.93123
2.23461
2.09851
2.02528
2.17301
2.16866
1.97161
1.99695
2.2265
1.86762
2.14032
1.84801
2.00263
2.24917
2.17196
2.02794
2.0965
2.09081
2.29406
1.97096
2.19618
2.09325
2.40506
2.23476
2.21291
2.14675
2.31034
2.23516
2.25529
2.24663
2.52992
2.08216
2.42804
2.09372
2.35751
2.36522
2.32526
2.09336
2.27636
2.24719
2.23993
2.14383
2.52605
2.2396
2.10877
1.95716
2.23029
2.2853
2.14515
2.06042
2.25031
2.42308
2.22521
2.46879
2.23647
2.57014
2.42385
2.25107
2.27114
2.55632
2.22532
2.28409
2.15371
2.24705
2.41735
2.27109
2.22898
2.15172
2.20024
2.35216
2.26801
2.24357
2.45435
2.2182
2.47799
2.36857
2.25925
2.19463
2.30533
2.12468
2.15778
2.44025
2.21771
2.32944
2.36775
2.55733
2.27142
2.52145
2.16731
2.45105
2.68063
2.57596
2.59257
2.59475
2.68012
2.8657
2.52834
2.87519
2.67508
3.05801
2.94435
3.26727
3.14353
3.21602
3.11792
3.39294
3.30487
3.45004
3.40686
3.37198
3.64372
3.5885
3.19829
3.45163
3.30282
2.92253
3.23357
3.19546
2.91778
2.95707
3.04888
2.68642
2.8752
2.96829
3.08679
2.91676
2.96283
2.86707
2.92524
2.72206
2.65048
2.97716
2.88452
2.50851
2.76433
2.54561
2.46589
2.53457
2.27695
2.38795
2.55141
2.51308
2.37073
2.6574
2.30406
2.61012
2.35458
2.04632
2.48355
2.03623
2.22285
2.15606
2.19451
2.02008
1.78347
2.3202
1.88513
2.07324
2.11491
2.11125
2.28304
2.32793
2.06189
2.11758
2.16389
2.05764
2.07857
2.13437
1.94251
2.17406
1.9998
1.96696
1.93843
1.87404
2.10184
2.02329
2.01162
1.92542
2.12417
2.11738
2.01752
1.60392
1.45554
1.7965
1.84041
1.87603
1.52095
1.55016
1.53054
1.50925
1.79444
1.81062
1.59898
1.84561
1.93757
1.45649
1.28367
1.71251
1.66012
1.86646
1.84969
1.80797
1.58262
1.41799
1.71025
1.59927
1.89593
1.8339
1.84656
1.83583
1.84521
1.40379
1.82056
1.53011
1.34629
1.23114
1.64024
1.93023
1.8472
1.4817
1.86718
1.83606
1.47215
1.71331
1.84909
1.47309
1.81402
1.72353
1.54866
1.80125
1.47497
1.84602
1.82271
2.01285
1.79945
2.04562
1.56925
1.59276
1.64205
1.75784
1.63942
1.91547
1.88558
1.92302
1.87633
1.84883
