-0.242714
0.0693954
0.0493807
-0.247305
-0.171715
-0.289802
-0.0350028
0.248645
0.217967
-0.0664213
0.130992
0.303954
0.341507
0.0396809
0.0315262
0.14299
0.291696
-0.0606333
0.102486
0.0781279
0.0707107
-0.219923
0.4217
0.0178467
-0.197679
0.159913
-0.0500076
0.407198
0.0924346
-0.0801643
-0.152487
-0.217458
-0.157357
-0.24082
-0.128543
-0.0274831
-0.234689
0.0330143
-0.602395
-0.00938783
-0.391977
-0.245293
-0.486744
-0.708862
-0.613761
-0.0446587
-0.706345
-0.718879
-0.548422
-0.930591
-0.301997
-1.14512
-1.00615
-1.23893
-1.09568
-1.06372
-1.34292
-1.43588
-1.10134
-1.30888
-1.10602
-0.648928
-1.17618
-1.1883
-0.892525
-1.19246
-0.825024
-0.679783
-1.11966
-1.16405
-1.01707
-1.19803
-0.749874
-1.11527
-0.881614
-1.08758
-1.19664
-0.745903
-0.627236
-1.08287
-1.04403
-0.708874
-1.0527
-1.22978
-1.24891
-0.85381
-0.921104
-0.642403
-1.06507
-0.905663
-0.865666
-1.12543
-0.948512
-1.00369
-0.860236
-1.23398
-1.30183
-1.05036
-1.52901
-1.02908
-1.15745
-1.09449
-0.754207
-0.931632
-1.02801
-1.40724
-1.08108
-1.03518
-1.20125
-1.14316
-0.85142
-1.28881
-0.965443
-0.975857
-1.13584
-1.01071
-1.17807
-1.02298
-1.43075
-1.34405
-1.3477
-1.5849
-0.80812
-0.949932
-1.05341
-1.0386
-1.06964
-1.1685
-1.14584
-0.654461
-0.956232
-1.07993
-1.15684
-1.05372
-1.28823
-1.12809
-1.27121
-0.903666
-1.15091
-1.24328
-1.05196
-0.963126
-0.913851
-1.08247
-0.646837
-1.33931
-0.432022
-0.756727
-0.993739
-0.828232
-0.986318
-0.780166
-1.14001
-0.844461
-0.957258
-0.866542
-0.738138
-0.678739
-0.908334
-0.716866
-0.504268
-0.889318
-0.866258
-0.831609
-0.527415
-0.505519
-0.798705
-0.60541
-0.616818
-0.679412
-0.901959
-0.749039
-1.1391
-0.883685
-0.794973
-0.845782
-0.872491
-0.837048
-1.13812
-0.746137
-1.15452
-0.985989
-0.676949
-0.610226
-0.688797
-0.999356
-0.756962
-0.993652
-1.24709
-0.783357
-0.934072
-0.506926
-1.05672
-1.00017
-0.893788
-0.808982
-0.591144
-0.676756
-0.637136
-1.37339
-0.792518
-1.17043
-1.03005
-0.527314
-0.853425
-0.68804
-0.487937
-1.07146
-0.74305
-1.04803
-0.74908
-0.417154
-0.386047
-0.521342
-0.742494
-0.926422
-0.777505
-1.13377
-0.927251
-0.928524
-1.05165
-0.656451
-0.862929
-0.726188
-1.09181
-1.04685
-1.20624
-0.63794
-0.717714
-0.584655
-0.982041
-0.63637
-1.05893
-0.780433
-1.0794
-1.13317
-1.14122
-0.66394
-0.756614
-0.959842
-0.86497
-0.835704
-1.09136
-0.893006
-0.992331
-1.20767
-1.05867
-1.07453
-0.91271
-0.44548
-1.19343
-0.930121
-0.972595
-0.870205
-0.592706
-0.998459
-0.907987
-1.39577
-1.03066
-0.898303
-0.998822
-0.889384
-0.773936
-1.00566
-0.998231
-1.32702
-0.872169
-1.14818
-1.13277
-0.926371
-1.36187
-0.985033
-1.22918
-0.94262
-0.753135
-0.782909
-0.766992
-1.03484
-1.09799
-1.03829
-0.983722
-0.809177
-0.886553
-0.731808
-1.42861
-0.882341
-0.592849
-0.832747
-0.938663
-0.696594
-1.12678
-1.00441
-1.14952
-0.814928
-0.954408
-1.10127
-1.44713
-0.973603
-0.879852
-0.991036
-1.00864
-1.22125
-0.964875
-0.716512
-1.3732
-1.08321
-0.727599
-0.353998
-1.17521
-1.12457
-1.27674
-0.942544
-1.1481
-1.15667
-1.13111
-0.576192
-0.973604
-0.974469
-0.797927
-1.52868
-0.766466
-1.12012
-1.259
-0.742753
-0.990381
-0.823061
-1.15092
-0.702423
-0.895507
-1.12108
-1.13202
-0.666721
-1.35128
-0.78155
-1.50752
-0.910753
-1.09244
-1.03541
-0.842874
-0.869419
-0.700182
-0.74226
-0.695052
-0.627033
-0.752159
-1.08605
-0.691122
-0.84767
-0.352005
-1.09679
-0.380739
-0.50178
-0.808174
-0.66435
-0.777261
-0.93491
-0.755354
-1.28152
-1.19445
-1.13229
-0.618124
-0.984246
-1.08536
-1.082
-1.30437
-0.852356
-1.15796
-0.851725
-0.730371
-0.736663
-0.757216
-1.25715
-1.17676
-1.23854
-0.73812
-0.783501
-1.24332
-0.925825
-0.728703
-0.878879
-1.10336
-1.09722
-0.948589
-1.15885
-0.926759
-1.17685
-0.89714
-0.768119
-0.809488
-1.23709
-0.868844
-1.07529
-1.00759
-0.794855
-0.759135
-0.987359
-0.962729
-0.940417
-0.866146
-0.663679
-0.696156
-0.726578
-0.602113
-0.499038
-0.990741
-0.482585
-0.676507
-0.860977
-0.32159
-0.652723
-0.641344
-0.156885
-0.923363
-0.767403
-0.699415
-0.993599
-0.52107
-0.686651
-0.827809
-0.694344
-0.669778
-0.971062
-0.311614
-0.903188
-0.943337
-0.579567
-1.04535
-0.947648
-1.30074
-1.14368
-0.842169
-0.953553
-0.897419
-0.482333
-0.552702
-0.801101
-0.952593
-1.02882
-0.93316
-0.943111
-0.818574
-0.959195
-0.702281
-0.996067
-1.04292
-1.08506
-0.849708
-1.02453
-0.93953
-1.04826
-0.672922
-1.04573
-0.724372
-0.891931
-0.806085
-0.838066
-1.52433
-0.825729
-0.334477
-1.15153
-0.843267
-1.22984
-0.674244
-0.927227
-1.06115
-1.05895
-1.19745
-0.991008
-1.18814
-0.861379
-0.552918
-1.20955
-1.03453
-0.954825
-1.00273
-1.00125
-0.731808
-0.807131
-1.30272
-0.557642
-0.966713
-1.11324
-0.916641
-0.672852
-0.672544
-0.850294
-0.928146
-1.00169
-0.901704
-0.920938
-0.791087
-1.1461
-0.754304
-0.964361
-0.956108
-1.02458
-1.09458
-1.21756
-0.87457
-0.981515
-0.662143
-0.85727
-0.871357
-0.902466
-0.965574
-0.63045
-0.455131
-1.00199
-0.674351
-0.489213
-0.864613
-0.854137
-0.999524
-1.13054
-0.676614
-1.01228
-1.01278
-0.622081
-0.726158
-0.651398
-1.30412
-1.14066
-1.1619
-0.692609
-0.909988
-1.05695
-0.916114
-0.423855
-1.02888
-0.84563
-0.762448
-1.03206
-0.925011
-0.954601
-0.83459
-1.11534
-0.994983
-0.779119
-1.38746
-1.17619
-0.73999
-1.05819
-1.05121
-0.894198
-0.771883
-1.14836
-0.790191
-1.06923
-0.990341
-0.829108
-0.687675
-0.680753
-0.94493
-0.841769
-0.87485
-1.26246
-0.775729
-0.77071
-0.900873
-0.867389
-0.94634
-0.944551
-0.617869
-1.00782
-0.885126
-0.376217
-1.10542
-1.14648
-0.825713
-1.18674
-0.802965
-0.755093
-0.87837
-1.03602
-1.10751
-0.882215
-1.19156
-1.26986
-0.398969
-0.980656
-1.23744
-0.748484
-0.592552
-0.794078
-0.796843
-0.970009
-0.437296
-0.602777
-0.554006
-0.972295
-0.638914
-0.979834
-0.851245
-1.00961
-0.391395
-0.623642
-0.514206
-0.835046
-0.465114
-0.62678
-0.64258
-0.44482
-0.888627
-0.874001
-0.844247
-0.919344
-1.02251
-0.899366
-0.811123
-0.416016
-0.881632
-1.27271
-1.17903
-1.06199
-0.655748
-0.710626
-0.66597
-0.926413
-1.16163
-0.895013
-0.720726
-0.728388
-0.89312
-1.09638
-1.07487
-0.950781
-1.22861
-1.12738
-0.881403
-0.770386
-0.922741
-1.23525
-0.393881
-1.13361
-1.12906
-0.705506
-1.05877
-1.10386
-0.871713
-1.10918
-0.805212
-1.13412
-0.938763
-0.701281
-0.609394
-0.952456
-0.821915
-0.870436
-1.11059
-0.896797
-0.770929
-0.753059
-1.00149
-0.993199
-0.939277
-0.723517
-0.752321
-0.895647
-0.988489
-0.494942
-1.14986
-1.28557
-1.2044
-1.26712
-0.695324
-1.00643
-0.740245
-0.845218
-0.949835
-0.987527
-1.10762
-1.09865
-0.928359
-0.701034
-0.762657
-1.09729
-1.44273
-0.772901
-1.18523
-1.09856
-1.02424
-1.00741
-0.678027
-0.568196
-0.848623
-1.06876
-1.17543
-0.753721
-0.853372
-0.775998
-1.1515
-0.987961
-1.06129
-0.998829
-0.72467
-0.969763
-1.26599
-0.767122
-0.791369
-0.67552
-0.502919
-1.32675
-0.77263
-1.08283
-0.858806
-0.862818
-1.07958
-1.08649
-1.21333
-1.245
-1.11587
-0.813545
-0.893861
-1.08006
-1.14832
-0.886474
-0.919979
-1.03687
-1.05763
-0.915557
-1.11017
-1.20873
-0.672063
-0.894929
-1.17469
-0.989868
-1.05523
-1.12581
-0.57521
-1.07767
-0.787816
-0.490176
-1.1219
-1.0002
-1.06943
-1.15685
-0.576767
-0.967695
-0.813013
-1.08668
-0.465262
-0.965403
-0.893138
-0.758722
-0.965045
-0.538925
-0.832121
-0.627679
-0.864935
-0.670301
-0.540244
-0.605449
-0.855516
-0.911249
-0.77578
-0.801179
-0.889754
-0.308915
-0.695091
-0.597097
-0.979255
-0.511372
-0.84786
-0.670857
-0.425115
-0.695743
-0.645303
-0.977082
-0.402731
-0.667962
-0.776531
-0.540636
-0.754662
-0.856003
-1.15996
-0.830465
-0.725506
-0.723129
-0.582927
-0.71206
-0.76279
-1.0141
-0.973565
-0.854224
-0.981872
-1.43596
-0.708541
-0.888168
-0.820152
-0.60602
-0.671734
-0.999264
-0.719802
-0.662362
-0.732098
-0.970055
-0.919535
-0.925029
-0.99854
-0.784517
-1.30238
-1.17766
-0.589349
-1.13659
-0.73459
-0.809218
-0.808556
-1.10494
-0.799338
-1.48461
-0.865004
-1.02405
-0.91699
-0.791203
-1.10781
-1.15073
-0.978337
-0.911705
-1.05604
-1.15796
-0.864985
-1.0747
-0.795296
-0.739262
-1.11893
-0.917154
-1.16713
-0.652011
-0.861189
-1.2117
-1.76653
-1.03714
-1.02691
-0.612193
-0.766179
-1.23308
-1.05232
-1.02335
-0.880019
-0.847279
-0.915625
-1.10937
-1.18033
-0.836772
-0.967488
-0.977059
-0.976917
-1.20674
-0.74829
-0.752653
-0.857616
-0.720223
-0.489934
-0.831636
-1.20882
-1.33676
-0.893742
-1.11883
-1.20839
-1.02212
-1.42315
-0.891645
-1.07048
-1.23692
-1.24489
-1.06994
-1.26268
-1.54129
-1.02642
-1.1238
-1.02296
-1.10526
-0.758608
-0.761942
-1.14283
-0.812879
-0.949448
-1.1337
-1.30406
-1.10176
-0.804008
-1.0782
-1.35836
-1.28161
-1.12473
-1.1988
-0.953069
-0.974477
-1.43618
-0.888146
-0.943208
-1.03067
-1.19958
-1.314
-1.15978
-1.34249
-0.612454
-0.739728
-1.19252
-0.749731
-1.18487
-1.40158
-1.27886
-1.05507
-1.10203
-1.31547
-1.14305
-0.953428
-0.874893
-1.42229
-0.803003
-1.0898
-1.04579
-0.925193
-0.752866
-0.7841
-0.827011
-0.754365
-0.951716
-0.92156
-0.855146
-1.32168
-1.03826
-1.0631
-0.68497
-1.06175
-0.781268
-0.951385
-0.850389
-1.10843
-1.09647
-1.1047
-0.749077
-0.978025
-0.866437
-1.08358
-0.48107
-0.959705
-0.345122
-0.987164
-0.883175
-1.0346
-0.974712
-1.17606
-0.901857
-0.493441
-0.798313
-0.812963
-1.07468
-1.07392
-0.880706
-0.588338
-0.496286
-1.06782
-0.87188
-0.928969
-0.838106
-0.965966
-0.571841
-0.94473
-0.677811
-0.882388
-1.45751
-1.03812
-0.955017
-0.831353
-0.697816
-0.873041
-0.599748
-1.1257
-1.23158
-0.912832
-1.39573
-1.09247
-1.24691
-0.835829
-0.828679
-0.98835
-0.783276
-1.15852
-0.927064
-0.995252
-1.27722
-0.868681
-1.36108
-1.2334
-1.22013
-1.37941
-0.954728
-1.17304
-0.922126
-1.10684
-1.0354
-1.09813
-0.699721
-1.15266
-1.02578
-0.881759
-0.78354
-0.830618
-0.860571
-1.09283
-1.03581
-1.4351
-1.1885
-0.874752
-1.09495
-1.14393
-1.15526
-1.45224
-1.03051
-0.829522
-1.23204
-0.803205
-1.20386
-0.510461
-1.07867
-0.774509
-0.83319
-0.887533
-1.25965
-1.01737
-0.693234
-1.07311
-0.670894
-0.913882
-0.744366
-0.796993
-0.84734
-0.606535
-0.84821
-1.29688
-0.992069
-0.833553
-0.616433
-0.806846
-0.904267
-0.972017
-0.728874
-0.924329
-1.29964
-1.26157
-1.08395
-0.998239
-1.2261
-1.13235
-1.20084
-0.764629
-0.667224
-1.34707
-0.661109
-0.806129
-0.991219
-1.13706
-0.531771
-0.777679
-1.00269
-0.760914
-1.10741
-1.28032
-0.786524
-0.978957
-0.914043
-0.852378
-1.01887
-0.835081
-0.712035
-0.706792
-1.40512
-0.979088
-0.801564
-1.10892
-0.578656
-0.733792
-0.950314
-0.933805
-0.639601
-1.12488
-0.968602
-1.09184
-0.762373
-0.994179
-1.06389
-0.678196
-1.25041
-0.898549
-0.989257
-1.24786
-0.993782
-0.855369
-1.12263
-1.04631
-1.21028
-1.13916
-1.01462
-0.687843
-1.08484
-1.15157
-0.989515
-0.821859
-1.12672
-0.906928
-1.00321
-0.895051
-0.858836
-0.873262
-1.11812
-1.04021
-0.847679
-0.90145
-1.10375
-1.32782
-0.971492
-1.07161
-1.17745
-1.01534
-1.16875
-1.23976
-1.02055
-0.954961
-0.828187
-1.14145
-1.12692
-0.927571
-1.26423
-0.800814
-0.959025
-1.04165
-1.30314
-0.836481
-1.22477
-1.10203
-1.03073
-0.533698
-1.04466
-0.819019
-1.00354
-1.18063
-1.36019
-1.43369
-0.931394
-1.21687
-0.803187
-0.806722
-0.967423
-1.10142
-1.17389
-1.17491
-0.998065
-1.23348
-0.911181
-1.06784
-0.989709
-1.02417
-0.733359
-1.29608
-1.0249
-0.880552
-0.970683
-1.35849
-0.60708
-1.1014
-1.12207
-1.06472
-1.10247
-1.30534
-1.00383
-0.803629
-1.08481
-1.13245
-0.952348
-1.19018
-1.40627
-0.945266
-0.736005
-0.86026
-0.971526
-1.16286
-1.18772
-1.24305
-1.09534
-0.992114
-1.00094
-0.841051
-1.09483
-1.0134
-0.931399
-1.3523
-1.2339
-1.09758
-1.29969
-0.806037
-1.15075
-0.964282
-0.850666
-1.0554
-1.089
-0.777878
-1.26655
-1.53537
-1.04567
-1.52127
-1.22209
-0.751443
-1.00698
-1.16183
-0.71521
-0.738434
-0.95873
-0.943594
-0.800995
-1.17169
-0.885267
-1.09026
-1.0757
-1.01132
-1.3981
-1.16627
-0.79686
-0.694127
-1.34707
-0.752811
-0.806339
-1.29817
-1.09605
-1.27358
-0.775647
-1.12536
-1.41441
-1.06957
-0.754592
-1.17662
-0.799635
-0.934717
-1.18624
-1.05062
-1.00976
-1.0405
-0.812884
-1.17367
-1.24854
-1.39556
-1.53459
-1.70623
-1.28534
-1.69534
-1.58494
-1.47346
-1.52602
-1.7726
-1.47366
-1.4267
-1.99856
-1.69649
-1.8388
-1.85774
-1.3898
-1.58811
-1.49919
-1.75164
-1.74649
-2.07797
-1.47098
-1.18397
-2.06065
-1.5592
-1.60576
-1.75311
-1.60007
-1.80817
-1.68491
-1.67565
-1.56109
-1.32778
-1.72078
-1.61124
-1.66535
-1.30135
-1.33634
-1.30413
-1.05021
-1.56022
-1.21779
-1.32026
-1.4899
-1.21561
-0.875473
-0.882518
-1.17408
-1.13609
-0.981039
-0.889144
-0.910939
-0.83514
-1.32891
-0.854911
-1.02042
-1.29687
-0.900337
-0.765503
-0.811009
-1.41959
-0.987062
-1.25352
-1.0993
-0.881693
-0.623288
-1.49451
-1.28626
-0.921981
-0.778938
-1.08421
-0.676781
-1.46801
-0.924055
-1.09403
-1.23156
-0.899538
-1.03676
-0.822383
-0.674934
-1.24531
-0.879645
-1.25823
-1.07094
-0.884994
-0.896375
-0.566736
-1.49597
-0.567115
-0.806383
-1.36865
-1.02774
-0.952642
-0.753789
-1.14147
-1.11744
-0.924227
-1.10291
-1.15211
-1.26078
-1.1677
-1.52849
-1.42459
-0.942746
-0.803679
-1.16634
-0.933906
-1.3412
-1.44118
-0.86543
-1.20316
-1.3041
-1.22722
-1.27962
-1.04575
-0.665384
-1.08209
-0.948708
-0.95444
-1.14948
-1.12174
-1.14741
-0.984198
-1.15437
-0.685065
-1.17055
-1.19577
-0.924637
-1.04491
-1.0762
-1.32153
-0.930622
-1.22579
-1.00301
-0.778676
-1.15306
-0.964247
-1.30604
-0.99476
-1.07665
-0.832962
-1.1973
-1.29252
-1.22788
-1.35039
-0.987294
-1.16982
-1.37841
-1.20485
-1.17566
-1.27845
-1.02875
-1.13179
-1.11999
-1.13885
-1.35684
-1.67275
-0.749331
-1.07913
-1.1349
-1.41384
-1.28786
-1.03341
-1.68259
-1.18274
-1.10266
-0.927144
-1.21253
-0.704692
-0.857281
-0.795243
-1.06403
-1.07026
-1.12852
-1.77964
-1.47178
-1.93547
-1.76918
-1.48705
-1.41805
-1.63407
-1.69969
-1.28525
-1.78354
-1.51982
-1.54286
-1.89294
-1.56925
-1.79034
-1.63921
-1.79631
-1.99765
-2.02872
-1.72906
-1.74951
-1.65252
-2.07638
-1.25945
-2.13387
-1.11767
-1.4438
-1.68052
-1.45947
-1.68174
-2.00194
-1.77147
-1.81368
-1.86581
-1.68589
-1.82864
-1.78177
-1.62626
-1.5558
-1.60883
-1.34992
-1.31494
-1.07532
-1.23811
-1.20831
-1.1291
-1.00543
-1.06563
-1.63764
-1.13278
-0.946354
-1.41528
-0.997688
-1.17376
-1.06926
-0.873743
-1.08998
-1.10803
-0.9427
-1.11684
-0.864537
-0.919251
-0.675094
-1.20979
-1.06172
-1.0374
-0.962829
-0.875902
-0.765816
-1.03993
-0.756798
-0.783581
-0.957262
-0.945295
-0.875719
-0.430807
-1.10986
-0.79043
-0.583445
-0.987593
-0.766599
-1.1228
-0.856446
-1.13568
-1.00345
-0.965869
-0.90032
-1.10974
-0.850984
-1.03888
-0.693298
-0.867931
-0.799035
-0.627197
-1.2012
-1.03275
-0.829367
-0.824089
-0.782031
-1.13614
-1.36547
-1.10241
-1.26571
-1.52949
-1.24695
-1.34654
-0.98612
-0.840496
-0.787168
-1.0823
-0.96001
-1.31762
-0.857833
-0.945349
-0.627702
-0.898265
-0.595955
-0.927131
-0.527552
-1.3151
-1.17533
-1.13823
-1.05121
-1.33623
-0.718084
-1.48429
-1.00418
-0.846753
-1.25827
-0.768275
-1.48856
-1.3495
-1.20449
-0.907985
-0.955226
-1.35749
-0.913524
-1.01105
-1.18781
-1.17569
-0.691344
-0.679764
-0.820308
-0.944181
-1.25292
-0.942427
-1.05425
-0.606316
-1.20342
-0.973745
-1.05832
-1.50638
-1.13418
-1.02729
-1.31305
-1.35802
-0.854794
-1.36429
-0.910198
-1.16477
-1.38009
-1.26916
-1.30013
-0.647463
-1.28526
-0.911236
-1.06942
-1.41132
-1.01824
-1.3881
-1.19682
-1.1613
-1.32091
-0.952397
-1.46089
-0.858751
-1.21872
-1.16673
-0.816536
-1.08173
-0.955801
-1.14174
-0.825186
-0.982294
-1.04621
-1.38558
-1.21155
-1.02703
-1.12424
-1.20876
-1.26217
-1.52222
-1.25596
-1.10679
-0.995654
-1.33219
-1.34719
-0.971378
-1.16642
-1.16326
-1.53603
-0.995047
-1.15811
-1.27306
-1.11035
-1.31448
-1.29344
-1.57847
-1.02968
-1.0304
-1.09942
-1.71433
-1.26386
-1.31855
-1.07985
-0.7824
-0.948871
-0.987955
-1.37968
-1.15447
-1.34181
-0.582846
-1.40795
-0.881084
-1.37498
-1.31059
-1.18354
-1.28751
-1.04039
-1.35646
-1.37944
-1.14907
-1.12738
-1.2726
-1.10853
-1.04235
-1.00616
-1.26113
-0.77873
-1.30467
-1.28545
-0.848215
-0.737806
-1.44509
-1.20878
-1.39829
-1.29769
-1.41687
-1.20844
-1.27221
-1.20058
-0.93153
-1.32331
-0.996091
-0.829275
-1.07823
-1.0537
-1.04693
-1.09979
-1.13912
-0.767757
-1.14859
-1.19148
-1.71628
-1.32225
-1.43958
-0.904963
-1.33884
-0.797636
-1.10375
-0.950242
-1.13319
-1.23476
-1.65401
-1.02389
-1.20373
-1.27005
-0.722324
-1.28908
-0.82868
-1.15521
-1.27228
-0.973298
-1.31843
-1.27022
-1.07302
-0.857827
-0.794124
-1.06364
-1.35838
-0.961278
-1.06528
-1.26253
-1.29501
-1.24138
-1.06267
-1.45226
-1.08184
-0.989826
-0.790588
-0.76143
-0.768115
-1.02548
-1.36137
-0.732065
-0.780584
-0.947496
-1.22693
-1.27582
-0.844278
-1.60275
-0.742465
-1.22785
-1.00245
-1.33352
-0.821042
-0.940932
-0.981947
-0.978724
-0.829837
-0.87869
-1.19932
-0.981827
-0.874988
-1.19172
-0.731587
-1.18862
-1.39519
-0.869699
-1.08343
-1.02412
-0.740075
-0.800534
-0.960635
-1.34972
-1.47422
-0.991379
-1.47371
-1.15698
-0.939714
-1.23327
-1.29345
-0.837143
-1.32324
-1.26566
-1.04406
-1.49994
-1.17288
-1.23433
-1.17211
-0.813434
-1.14791
-1.06711
-1.1647
-0.90406
-1.32879
-0.898542
-1.17475
-1.15028
-1.07185
-1.49047
-1.18716
-1.30051
-1.20464
-1.05395
-1.01559
-1.21588
-0.892785
-1.19006
-1.30758
-1.02419
-1.61736
-1.20664
-1.36178
-1.33338
-0.780793
-0.859765
-1.42286
-1.3415
-0.669817
-0.953362
-1.3019
-1.29357
-1.1728
-1.08761
-0.824
-1.08491
-0.834494
-0.861454
-1.10448
-1.10836
-1.25691
-1.05011
-1.21306
-1.03053
-1.17211
-1.18594
-0.994815
-1.1115
-1.10377
-1.30465
-1.21867
-1.52622
-1.43411
-1.57116
-1.23991
-1.18812
-1.11796
-0.825929
-1.21081
-1.09064
-1.33218
-1.08392
-1.05664
-0.954036
-0.780627
-0.769058
-0.943554
-1.0331
-1.02083
-0.987195
-1.00948
-1.09769
-0.918056
-0.848589
-0.776982
-1.11611
-1.36045
-1.16832
-1.04751
-1.3531
-1.1392
-1.30629
-1.00953
-1.13085
-1.10731
-1.35919
-1.45799
-1.06051
-0.998532
-1.51854
-1.12363
-1.27599
-0.899989
-1.18728
-1.19021
-0.868914
-0.980597
-1.21264
-1.42761
-1.1151
-1.29659
-1.17432
-1.03247
-1.04816
-1.13391
-1.39581
-1.29118
-1.34772
-1.32084
-1.21261
-0.978771
-1.11161
-1.48708
-1.40171
-1.18164
-1.10002
-1.22025
-1.30822
-1.21716
-1.48524
-1.51258
-0.810353
-1.28242
-1.43845
-1.22991
-1.15194
-1.24494
-1.48652
-1.64504
-1.19896
-1.11993
-1.08545
-0.986275
-1.18852
-0.756626
-1.26533
-1.27006
-1.04453
-1.45027
-1.19052
-1.23355
-1.0738
-1.33224
-0.943527
-1.42125
-1.23919
-1.3809
-1.03024
-1.27463
-1.1994
-1.25459
-1.08483
-1.0858
-1.12194
-0.841628
-1.08619
-1.17438
-1.32897
-1.24841
-1.07705
-1.1088
-1.00419
-1.047
-1.41376
-0.989378
-0.954418
-1.32944
-1.40706
-1.12415
-1.31757
-1.26795
-0.877521
-1.25944
-1.1029
-1.01732
-1.21241
-1.32818
-1.15469
-0.512309
-1.08355
-1.28221
-0.8833
-1.13732
-1.33361
-1.17481
-0.709195
-1.27786
-1.18055
-1.26383
-1.04176
-0.998554
-1.23181
-1.03816
-1.1839
-1.25168
-1.38079
-1.34308
-1.47202
-1.18585
-1.00277
-1.03382
-0.896667
-0.992924
-1.18462
-1.15657
-0.990181
-1.06062
-1.07234
-1.49433
-0.915126
-1.14377
-1.27426
-0.809282
-0.889111
-1.43531
-1.42594
-0.742461
-0.847455
-0.755998
-1.23818
-0.906448
-1.03714
-0.935079
-1.18206
-1.02993
-1.22732
-1.21692
-1.07366
-1.27103
-1.08606
-1.03597
-1.35837
-1.10414
-0.970146
-1.29334
-1.37243
-1.0212
-0.619125
-1.14778
-1.03078
-0.861759
-1.03472
-0.870836
-0.969549
-1.00047
-0.737806
-0.872081
-0.98971
-0.881649
-1.18986
-0.983507
-1.27839
-1.11487
-1.44548
-1.28502
-1.1374
-1.18803
-1.03807
-0.810214
-1.31922
-0.858215
-1.0643
-0.820433
-1.28139
-1.04069
-1.35194
-1.42605
-1.32586
-0.729062
-1.28035
-1.09895
-1.49188
-1.55255
-1.22516
-1.19278
-1.31878
-1.20521
-1.34577
-1.19222
-1.45556
-1.34595
-0.802593
-1.14137
-1.07322
-1.36828
-1.46354
-1.41488
-1.19111
-1.05081
-0.958629
-1.30719
-1.35656
-1.19023
-1.03693
-1.30383
-1.47174
-0.985551
-1.26233
-1.54263
-0.895309
-0.915854
-0.964707
-1.33016
-0.978849
-1.4448
-1.12916
-1.43043
-1.45276
-1.15664
-1.25925
-1.2816
-0.935475
-1.23681
-1.08518
-0.842426
-1.23605
-0.87086
-1.04437
-1.04042
-0.9283
-0.811682
-0.878736
-0.991993
-1.33164
-0.92451
-1.13979
-1.61647
-0.91595
-1.43699
-1.37148
-1.09018
-1.39358
-0.878634
-1.32382
-1.44958
-1.31418
-0.614967
-0.986745
-1.07331
-1.44951
-1.19771
-1.57469
-1.22983
-1.18784
-0.94744
-0.81701
-1.19311
-0.687587
-1.25838
-0.988968
-1.03908
-1.15497
-1.40648
-1.11701
-1.00899
-1.24316
-1.22273
-1.39484
-1.01299
-1.22914
-1.00154
-1.22392
-1.22712
-1.43797
-0.900539
-1.12976
-1.09526
-1.3518
-1.3681
-1.13233
-1.15933
-1.15948
-0.994087
-1.37233
-1.12992
-1.14982
-0.791672
-1.19133
-0.776115
-1.24929
-1.26328
-1.10504
-1.20795
-1.40931
-1.15203
-1.31171
-1.03851
-1.13059
-1.16718
-1.42887
-0.988099
-1.07629
-1.04528
-0.963017
-1.13529
-1.16465
-1.07034
-1.37874
-0.97731
-0.973557
-0.830284
-0.919727
-1.66864
-1.13876
-1.32901
-1.27882
-1.43148
-1.08433
-1.13427
-1.30743
-1.52994
-0.99212
-0.76764
-1.28507
-1.29745
-1.23387
-1.08668
-1.35673
-1.29741
-1.33054
-0.886477
-0.951425
-1.02012
-1.34377
-0.983596
-1.25053
-1.05117
-0.966033
-1.04317
-1.0242
-1.19853
-1.1663
-1.10327
-1.05981
-1.14174
-0.906117
-1.05286
-0.409055
-0.530431
-0.955876
-1.13502
-0.468503
-0.944934
-1.11523
-0.818178
-1.01992
-1.14346
-1.08566
-1.04694
-0.9235
-0.997423
-1.01519
-0.843371
-0.943075
-1.2174
-0.731754
-1.15422
-0.825602
-1.22449
-1.17173
-1.33809
-1.25386
-0.971664
-1.31703
-1.29658
-1.13353
-1.30833
-0.909318
-1.13734
-0.940064
-1.53107
-0.718452
-0.74594
-0.980137
-1.08223
-0.755275
-0.76674
-0.864411
-0.744035
-0.934765
-0.769262
-0.873554
-0.615778
-0.473536
-1.06399
-1.01408
-0.902007
-1.18724
-0.657259
-1.13453
-1.02407
-1.02066
-0.910535
-0.880706
-0.871454
-1.21875
-0.811321
-1.08932
-0.958344
-0.852006
-0.868799
-0.921165
-1.11674
-0.812444
-1.02668
-1.40318
-1.10616
-1.06615
-0.856532
-1.0669
-1.01521
-1.3843
-0.98253
-0.868612
-1.07022
-1.04194
-1.23159
-0.951246
-1.07214
-1.00309
-1.3181
-1.25903
-0.883871
-1.1932
-0.963593
-1.04866
-1.34045
-1.15182
-1.20446
-1.11173
-1.2664
-1.04869
-1.17663
-1.01766
-1.15043
-1.12624
-1.53484
-1.27716
-0.845108
-0.977785
-1.21015
-1.21218
-0.98781
-1.17877
-1.28033
-0.962632
-1.11571
-1.08254
-1.22646
-0.610312
-1.1959
-0.97591
-0.93661
-1.14202
-1.19863
-0.952776
-1.01245
-1.32519
-1.19104
-1.10808
-1.22449
-1.09429
-1.06076
-1.08874
-1.27973
-1.13446
-1.02287
-0.914805
-0.948528
-1.15199
-1.33366
-0.978434
-1.34836
-1.1375
-0.901329
-1.0519
-1.45635
-1.53114
-1.40539
-1.10197
-1.18577
-0.850997
-1.40465
-1.11792
-0.843364
-1.0185
-1.36385
-0.847496
-0.829851
-1.03269
-1.22965
-1.32896
-0.73094
-1.29848
-1.20585
-0.950623
-1.07857
-0.88645
-0.94399
-0.954946
-0.943688
-1.23814
-1.35848
-1.10994
-1.05245
-1.04844
-1.02843
-1.15318
-1.06986
-0.556131
-1.00386
-0.978859
-0.73085
-1.25628
-1.36392
-1.07542
-1.23142
-1.14029
-1.13141
-1.42538
-1.23394
-1.20683
-0.752162
-1.1816
-0.951265
-1.01908
-1.04765
-0.998895
-1.13718
-1.01823
-1.06146
-0.925677
-0.99575
-1.09459
-0.68463
-0.900307
-1.12646
-1.05345
-1.06364
-0.811457
-1.03032
-1.20323
-1.47652
-1.12121
-0.873339
-1.17566
-1.08458
-1.40676
-0.925316
-0.846158
-1.03806
-0.872571
-1.12622
-1.43135
-1.33422
-0.888255
-0.906155
-1.1045
-0.561258
-1.25418
-1.12632
-1.19088
-0.964624
-1.34188
-1.46425
-1.14011
-1.21276
-0.869965
-1.22453
-1.35986
-0.965657
-1.32815
-1.01181
-1.45596
-0.940965
-1.03159
-1.10987
-1.11865
-1.23439
-0.960387
-1.14548
-1.13445
-1.06117
-0.738548
-1.44785
-1.32511
-0.866167
-1.45473
-1.16051
-1.08026
-1.05097
-0.976998
-0.944003
-0.926021
-1.2983
-1.30403
-0.987736
-1.38749
-0.909489
-0.842449
-0.857383
-1.0994
-0.648679
-0.774341
-1.1008
-1.13951
-1.18095
-1.16777
-1.08785
-0.802031
-1.09016
-1.24352
-0.96958
-1.05273
-0.955666
-1.1128
-0.993985
-1.44246
-1.31819
-1.06152
-1.213
-1.44115
-1.13803
-0.902507
-1.47787
-1.66789
-1.33901
-1.22133
-1.31259
-1.3684
-0.930549
-1.37593
-1.11221
-1.34041
-1.19568
-1.32342
-1.43024
-0.963551
-1.15488
-1.03083
-1.10849
-1.16873
-1.12395
-1.14804
-1.09443
-1.21425
-1.13815
-1.42489
-0.926155
-1.29113
-1.2191
-1.39513
-1.19213
-1.42702
-1.20002
-1.26922
-1.15852
-1.15731
-1.23568
-1.0731
-0.929488
-0.976798
-0.947469
-1.05338
-1.06671
-1.13154
-1.17156
-0.954981
-1.30562
-1.19603
-0.828922
-1.35629
-1.19642
-1.44382
-1.12017
-1.13055
-1.20062
-1.39158
-0.747461
-0.828524
-1.30824
-0.857565
-1.10114
-0.986076
-1.02609
-1.16987
-1.31839
-1.38236
-0.892246
-1.42713
-1.32853
-1.01955
-0.957796
-1.18924
-1.04329
-1.44593
-0.933817
-1.0281
-1.26057
-1.261
-1.06266
-0.850244
-1.17924
-1.43337
-1.1976
-0.849805
-1.02838
-0.830485
-1.07256
-1.05142
-1.10709
-0.741479
-0.820967
-0.879095
-1.17357
-1.1667
-1.11227
-1.05074
-0.87972
-1.41812
-1.3808
-1.26858
-1.027
-1.0314
-0.859746
-0.957665
-1.12569
-1.18925
-0.945911
-0.973816
-1.44043
-1.19211
-1.15433
-1.38133
-1.08234
-0.741757
-1.10106
-0.869418
-1.13892
-0.984514
-0.678264
-0.739263
-0.998955
-1.41052
-1.16126
-1.32419
-0.891278
-0.937681
-1.03777
-1.00478
-0.921643
-1.35873
-0.750774
-1.25272
-0.915106
-1.28136
-1.02076
-1.1681
-1.04001
-1.32329
-0.871076
-1.15962
-0.694811
-0.988387
-1.07894
-0.935174
-0.842165
-1.18722
-0.783191
-0.664576
-0.830584
-1.50112
-0.759541
-0.845571
-0.415774
-0.721972
-0.727566
-1.2166
-0.730876
-1.13414
-0.819288
-1.08794
-1.15588
-1.1253
-0.695289
-0.652981
-1.07535
-0.999302
-1.07961
-0.720652
-1.10884
-0.903812
-0.907151
-1.3125
-1.19291
-0.849036
-0.800394
-1.06958
-0.645503
-0.734233
-1.12348
-1.04339
-0.942365
-0.680465
-1.41901
-1.31566
-1.19433
-1.04455
-1.57666
-0.764103
-0.754867
-1.28508
-1.19994
-1.34583
-1.17065
-0.879611
-1.36698
-1.45786
-1.44615
-0.98258
-1.228
-1.05021
-1.05368
-1.32654
-1.34459
-1.28728
-1.33775
-0.92613
-1.20904
-1.3748
-1.03436
-1.27332
-1.11449
-0.726981
-1.13261
-0.638888
-1.36465
-0.956528
-0.962206
-1.55446
-0.973784
-1.03631
-0.984624
-1.52365
-1.03085
-1.1749
-1.12252
-1.35003
-1.05984
-0.957662
-0.971078
-1.26126
-1.14536
-1.01785
-1.46549
-1.17349
-1.0122
-0.647174
-0.936421
-1.21803
-1.33278
-1.00025
-0.915928
-1.05837
-1.21218
-1.00344
-1.14813
-1.21383
-1.04081
-1.04106
-1.18765
-1.43561
-1.41327
-1.11941
-1.23968
-1.13893
-1.10665
-0.971618
-1.26907
-0.972053
-1.30555
-1.13737
-0.88604
-1.00436
-0.952315
-1.10318
-1.23022
-0.946099
-1.20735
-0.850225
-1.07895
-1.02366
-1.2579
-1.46562
-1.32353
-0.814469
-1.1088
-1.13829
-1.33284
-1.02138
-1.01326
-0.936142
-1.0948
-1.03562
-0.984581
-1.16725
-1.10751
-1.47632
-1.21242
-0.894271
-0.794062
-1.12334
-1.19925
-1.13916
-1.12277
-1.06709
-1.24528
-1.2218
-1.15827
-1.03768
-0.991217
-0.96152
-0.952218
-0.859434
-1.07518
-1.09143
-0.617002
-1.09772
-0.946724
-0.783261
-1.34871
-1.16235
-0.524502
-1.3149
-1.20965
-0.900935
-1.0292
-0.970656
-0.865357
-1.0254
-0.635685
-0.725566
-1.42117
-1.15901
-0.724529
-1.2877
-1.12801
-0.934292
-0.973823
-0.928099
-0.965983
-0.970877
-1.17663
-1.25116
-1.39214
-0.888718
-1.01457
-0.868241
-1.17693
-1.13876
-1.27835
-1.23151
-1.03156
-0.806809
-1.41066
-1.33094
-1.11877
-1.08118
-1.4422
-1.14228
-1.12553
-1.08983
-1.17507
-1.66954
-1.33254
-1.32872
-1.33357
-1.17862
-1.18071
-1.11822
-1.0806
-1.05163
-1.54918
-1.53044
-1.04215
-0.842963
-1.21855
-1.39592
-1.14582
-1.02868
-0.739149
-1.09507
-1.13745
-1.37906
-0.959595
-1.0959
-1.15861
-1.10301
-1.10108
-1.00275
-0.816072
-0.695851
-0.928474
-1.04534
-1.00029
-0.878721
-0.905807
-1.41769
-0.84263
-1.06084
-1.14013
-1.38873
-1.20474
-0.860951
-1.17352
-1.27946
-1.29525
-1.08055
-1.01943
-1.17182
-1.05475
-1.15906
-1.19415
-1.21694
-0.846252
-1.02501
-0.693296
-1.11796
-1.01232
-1.13023
-0.911667
-0.886003
-1.26495
-0.594842
-1.00564
-1.14065
-1.10351
-0.823276
-1.04611
-0.925187
-1.22102
-1.08795
-1.12759
-1.41837
-0.885801
-1.05873
-1.06815
-0.987624
-0.777586
-1.32414
-1.29849
-1.06782
-1.3331
-1.17723
-1.07103
-1.00746
-1.1926
-1.03263
-0.604657
-0.866905
-1.07169
-1.05109
-0.710783
-0.935304
-1.13442
-1.34759
-1.36
-1.18412
-0.982722
-1.11695
-1.47204
-1.19676
-1.84796
-0.902095
-1.64632
-0.808863
-1.24108
-1.22219
-0.919087
-1.29721
-1.14322
-1.08972
-0.956972
-1.01674
-1.36566
-1.10347
-1.08071
-1.35848
-0.912449
-1.07142
-0.942119
-1.02495
-1.23909
-0.999898
-0.658883
-0.960979
-0.8462
-1.1813
-1.02205
-0.693118
-1.24802
-1.0308
-1.01083
-0.760966
-1.44034
-1.17858
-0.860682
-1.00945
-0.984529
-1.16009
-1.07692
-0.697905
-0.97573
-0.985423
-0.9534
-0.931275
-1.10294
-1.05233
-0.835774
-0.861184
-1.04203
-0.876648
-0.907836
-0.977872
-0.91377
-1.0493
-1.06851
-1.11145
-1.25756
-0.840003
-1.2839
-1.10675
-0.713701
-0.888447
-0.987649
-0.829115
-1.10265
-0.951908
-1.15436
-1.0154
-0.518565
-1.0579
-0.849955
-1.02736
-0.893442
-0.93522
-1.03116
-0.781656
-1.08203
-0.66247
-0.716652
-1.08992
-0.934612
-0.717658
-0.619078
-1.10225
-1.0747
-1.39152
-1.19185
-1.04852
-0.871782
-1.19247
-0.610818
-1.23982
-1.2366
-1.12296
-1.13509
-0.88246
-0.862304
-1.01101
-0.906456
-0.64802
-0.947265
-1.19461
-1.05978
-1.11264
-1.38042
-1.20242
-1.13219
-0.932945
-0.980738
-1.15151
-1.38689
-1.2446
-0.607404
-1.33004
-1.16634
-1.11192
-1.16749
-0.77159
-1.3411
-0.968489
-0.966993
-1.29511
-1.16523
-1.03028
-1.03311
-0.847001
-1.10256
-1.03799
-0.761599
-0.711296
-1.28627
-0.796722
-0.831453
-0.911262
-1.422
-0.818262
-1.02473
-0.891972
-1.27978
-0.932042
-1.18964
-1.39222
-1.18013
-1.15882
-0.952102
-1.01982
-1.30166
-1.40526
-1.27528
-1.35857
-1.60778
-1.48286
-1.17538
-1.38512
-1.24288
-1.54545
-1.08718
-1.32942
-1.24856
-1.4906
-1.20866
-1.03289
-0.898649
-0.947764
-1.3343
-0.817712
-0.890116
-1.18698
-0.939633
-1.18494
-1.14515
-0.952784
-0.629454
-1.28892
-1.05442
-0.935066
-1.1276
-0.989794
-0.988744
-0.7594
-1.14328
-1.17343
-1.48664
-0.897422
-0.901676
-1.10464
-1.17511
-1.22623
-0.995879
-1.23854
-1.34055
-0.79133
-1.17883
-1.34831
-1.23706
-1.28412
-1.07939
-1.02772
-0.641301
-1.27823
-0.880635
-1.50576
-0.892328
-0.951304
-1.128
-0.686349
-1.21939
-1.00326
-1.23154
-0.971246
-1.06001
-0.922942
-0.688378
-1.34429
-1.02831
-1.28534
-1.04057
-0.829721
-0.87099
-1.13033
-0.886443
-1.57504
-1.17748
-1.0063
-0.995739
-1.01936
-1.09263
-1.13832
-0.708111
-1.14308
-1.10182
-1.08551
-0.746038
-0.970585
-1.06824
-1.3016
-1.04697
-1.21728
-1.38056
-1.3281
-1.21328
-1.36106
-0.948911
-1.30857
-1.42317
-1.0815
-1.33749
-1.17961
-0.813692
-1.22237
-1.19499
-1.07409
-0.903486
-0.964763
-1.19455
-1.29359
-1.18068
-0.968402
-0.649365
-1.03817
-1.10374
-1.39253
-1.10995
-1.44511
-1.14794
-1.15176
-0.874131
-1.10316
-1.10897
-0.911704
-0.962452
-1.04572
-1.01166
-0.811599
-1.39304
-1.5163
-1.02701
-1.18424
-1.2702
-0.893409
-0.813034
-1.02281
-1.21979
-1.17788
-1.14197
-0.408293
-0.941865
-0.882699
-1.03856
-0.711999
-0.734015
-1.26109
-0.936484
-0.763485
-0.927143
-1.12818
-0.961003
-1.03835
-1.35795
-1.02518
-1.01052
-1.1371
-1.07256
-0.932401
-0.906698
-1.08427
-1.12944
-0.920145
-1.12562
-1.32087
-0.905867
-0.950601
-1.14518
-1.08641
-1.12435
-0.909322
-1.09559
-0.901161
-0.639072
-0.689714
-0.372399
-0.877626
-0.230323
-0.979306
-0.978667
-0.917123
-1.38995
-0.94899
-1.42581
-0.862048
-1.14144
-0.883534
-1.23931
-1.01898
-0.865266
-1.00383
-0.806332
-0.469231
-0.698075
-0.88217
-0.666076
-0.696279
-0.823589
-0.722944
-0.726489
-0.557434
-1.37537
-0.877712
-0.571474
-0.995795
-0.870435
-0.893566
-1.32311
-1.261
-0.951026
-1.27447
-1.19801
-1.0065
-0.63712
-1.24498
-1.16629
-0.888078
-0.641604
-0.780273
-0.832197
-0.79146
-1.05814
-0.459578
-0.645292
-0.692024
-0.855094
-1.20004
-0.26919
-1.01739
-1.1254
-0.616514
-1.05348
-1.25009
-1.21839
-0.734171
-0.932626
-0.998756
-0.742583
-1.7072
-0.918297
-1.24754
-1.08775
-0.991649
-1.0023
-0.612435
-1.13424
-1.32503
-1.33522
-0.910197
-1.03361
-1.42716
-0.670048
-1.59524
-0.580494
-0.916859
-0.731691
-0.639655
-1.30949
-0.704637
-0.938806
-1.28122
-1.34547
-1.05542
-1.03924
-1.11583
-0.400369
-0.925988
-1.0726
-1.21944
-0.874671
-0.908711
-0.668494
-0.76581
-0.412468
-0.298962
-0.378996
-0.912031
-0.453946
-0.529536
-1.07102
-0.747892
-0.600364
-0.626194
-0.436365
-0.929745
-1.11892
-0.599742
-1.27398
-1.22964
-0.405755
-0.763693
-1.01468
-1.03178
-0.94648
-1.10707
-0.939726
-1.01642
-1.1294
-1.19131
-0.989974
-1.27203
-1.01613
-1.03163
-1.14426
-1.04049
-1.40039
-1.50429
-1.22235
-1.44122
-1.3292
-1.63144
-1.23933
-0.983837
-1.18221
-1.49658
-1.09205
-1.21454
-1.104
-0.979728
-1.38378
-1.22049
-1.59991
-1.20201
-1.19414
-1.39831
-1.18512
-1.21724
-1.25096
-1.0526
-1.30291
-1.24242
-0.939872
-1.19353
-1.55216
-1.50556
-1.22091
-1.65975
-1.32284
-1.01331
-1.37417
-1.47997
-1.24335
-1.38321
-1.39352
-1.31188
-1.4149
-1.50553
-0.88827
-1.65877
-0.8607
-1.31005
-1.44129
-1.50077
-1.28103
-1.25095
-1.08438
-1.1701
-1.4032
-1.20343
-1.12209
-1.76253
-0.687642
-0.843314
-0.988633
-0.771578
-1.56289
-1.22074
-1.44332
-0.873015
-1.19909
-0.881712
-1.08092
-0.830182
-0.754196
-1.57191
-1.00288
-0.802
-1.0898
-0.965138
-1.57397
-1.30192
-1.33597
-1.78059
-1.20474
-1.10873
-1.16813
-1.33781
-0.802827
-0.750477
-0.966914
-1.30937
-0.562083
-1.30613
-0.885513
-0.988111
-1.36809
-0.843061
-0.973684
-0.390338
-0.929005
-0.825778
-0.890622
-0.940891
-1.3191
-0.811525
-1.42788
-1.23549
-0.879848
-0.9149
-1.04223
-0.864636
-0.949444
-0.881711
-0.973747
-1.33183
-0.836974
-1.06017
-0.642722
-1.24124
-0.557054
-0.64125
-1.20527
-0.751233
-0.858294
-1.28427
-0.757846
-0.702578
-0.901697
-0.411661
-0.601685
-0.758466
-0.909671
-0.256618
-0.760595
-0.329289
-0.817288
-1.32667
-0.680072
-0.982815
-0.287645
-0.947294
-0.801603
-0.301803
-0.657724
-0.448828
-0.921177
-0.818156
-0.862146
-1.31658
-1.05319
-0.933447
-0.87088
-0.949951
-0.710702
-1.32982
-0.74119
-0.961877
-1.02318
-0.750176
-0.653146
-0.748199
-1.02976
-1.15388
-0.994087
-1.14823
-0.919187
-1.19212
-1.1296
-0.92918
-1.0103
-0.673232
-1.15633
-1.23476
-1.31573
-0.687882
-0.837825
-1.18362
-1.0283
-0.525198
-0.502486
-0.824752
-0.969862
-0.804339
-0.985854
-0.923184
-1.18882
-0.623215
-0.694075
-1.16305
-1.08729
-0.947456
-0.955493
-0.97916
-0.805341
-0.779339
-1.20851
-0.61289
-1.03627
-0.713357
-1.15551
-1.07617
-0.951953
-0.702289
-1.17509
-1.00656
-0.981985
-1.03418
-1.10208
-0.865315
-0.990388
-1.19144
-1.14016
-1.09622
-0.954757
-1.33188
-1.05154
-0.874733
-1.00741
-0.95257
-0.841354
-0.939131
-1.06733
-1.0194
-1.25151
-1.00926
-1.0025
-1.31414
-0.884359
-1.35927
-0.664178
-1.23948
-0.732962
-1.29404
-1.13015
-1.05869
-1.24978
-0.963731
-1.0585
-0.94922
-0.990042
-0.968836
-0.999248
-1.15591
-0.694045
-0.80599
-0.739837
-1.1461
-1.28289
-1.30674
-1.25461
-0.973555
-0.669754
-0.759245
-1.26872
-1.02433
-1.18128
-0.533409
-0.95834
-0.836501
-1.12622
-1.33892
-0.955821
-1.00189
-0.794781
-0.991021
-0.913692
-1.29588
-1.04693
-0.959138
-1.16992
-0.911777
-1.36589
-0.805744
-1.14533
-0.90429
-0.790596
-0.906081
-1.22281
-1.48605
-1.05483
-0.59751
-0.842927
-0.950437
-1.061
-1.29366
-0.847935
-1.30436
-1.03308
-0.852548
-1.05446
-1.03653
-0.851749
-0.812851
-0.927273
-0.813244
-1.52172
-0.713142
-1.03885
-0.816812
-1.07098
-0.829449
-1.05689
-0.698071
-0.63399
-0.735412
-0.823645
-1.04159
-0.786632
-0.947687
-1.1285
-0.931258
-0.777452
-1.09413
-1.03538
-0.997649
-0.892258
-0.678063
-0.234047
-0.748808
-0.718792
-1.03154
-0.33269
-0.552817
-0.952678
-0.755339
-0.871138
-0.753749
-0.639016
-0.441497
-0.98796
-0.687166
-0.882234
-0.899571
-1.07991
-0.82322
-0.813293
-0.676569
-0.446771
-0.968404
-0.996278
-0.301599
-0.647836
-0.825883
-1.494
-0.854613
-0.97436
-0.284468
-1.00931
-0.756365
-0.639767
-0.77215
-0.889864
-1.00751
-0.472149
-1.17558
-0.569233
-0.807688
-0.571773
-0.663026
-0.976448
-0.555248
-0.856093
-0.623635
-0.516122
-0.84257
-0.847799
-0.60771
-0.471642
-0.747376
-0.776998
-0.811017
-0.644551
-0.923773
-0.599249
-1.06053
-0.725505
-1.18644
-0.913735
-0.875031
-1.2894
-0.960706
-0.84826
-0.684546
-0.826097
-1.06395
-1.315
-0.82749
-1.01366
-0.957251
-0.889916
-1.14331
-0.902177
-0.860078
-0.868959
-1.13149
-0.779582
-0.720417
-0.568172
-0.752725
-0.437434
-0.794881
-0.835142
-1.19632
-0.627846
-0.712525
-1.16256
-0.828321
-0.859105
-1.05024
-0.729526
-0.602025
-1.14924
-0.681012
-1.09558
-0.879552
-0.632843
-0.884892
-0.759719
-0.936695
-0.549198
-1.15376
-0.724944
-1.25006
-1.31013
-1.21221
-0.895268
-0.599026
-0.748677
-0.953564
-1.04042
-0.893363
-0.917693
-1.08598
-1.16724
-0.971469
-0.810718
-1.16771
-0.925794
-0.658787
-1.31027
-1.29064
-1.46407
-1.10827
-0.867645
-1.04255
-1.23219
-1.24707
-1.06461
-1.11297
-0.894959
-1.27296
-0.97984
-1.0748
-1.31621
-1.36705
-1.20936
-0.376327
-1.42923
-0.949948
-0.798776
-0.485649
-1.13034
-1.37844
-0.761138
-0.601919
-1.08665
-1.12365
-0.77713
-0.851344
-0.690499
-1.23599
-1.1045
-0.795126
-1.02438
-0.674519
-1.01675
-1.15202
-1.16862
-1.34835
-1.00085
-1.16724
-0.667664
-0.780002
-1.10243
-1.06999
-1.23695
-0.939081
-1.12889
-1.06379
-1.12727
-0.934987
-1.1866
-0.965948
-0.811558
-0.394508
-1.16736
-1.17702
-1.13318
-0.859649
-0.934046
-1.02872
-1.14732
-0.771077
-0.962164
-0.710511
-0.851177
-0.769873
-1.38137
-1.21053
-1.03432
-1.08041
-1.00168
-1.2023
-1.17812
-1.05814
-0.918434
-1.14578
-1.18526
-0.838395
-1.25592
-1.06162
-0.851293
-1.19786
-0.985531
-0.80195
-0.858102
-0.92635
-0.761788
-1.06604
-1.20512
-1.09477
-1.15153
-0.915706
-0.761333
-0.84743
-1.05964
-1.18245
-0.891162
-0.593788
-1.21633
-0.968366
-1.18885
-1.07852
-1.01279
-0.903419
-0.98408
-1.17069
-1.09745
-1.17492
-1.05044
-0.835947
-0.66907
-0.668207
-1.18181
-0.848268
-1.28142
-1.04632
-0.690783
-1.35109
-1.26715
-1.0285
-1.34868
-0.902549
-1.16243
-1.08122
-1.01082
-0.97252
-0.876844
-0.841117
-1.13073
-1.11517
-0.678274
-0.839456
-0.61148
-0.945641
-0.850733
-1.06906
-1.07556
-0.717019
-0.468516
-0.923626
-0.987656
-1.15926
-1.31755
-0.710528
-1.02082
-1.00102
-0.994251
-1.22219
-1.0326
-1.19407
-1.4137
-0.818149
-0.84831
-1.29857
-0.624054
-0.806198
-1.02648
-1.45727
-0.934932
-1.01242
-0.997379
-0.955364
-0.818162
-1.265
-1.11183
-0.721622
-0.730943
-1.35191
-1.21371
-1.05422
-0.788691
-0.914198
-0.800734
-1.19221
-1.21948
-0.820179
-1.2319
-0.826417
-1.0323
-0.929085
-1.13846
-0.924019
-0.927309
-0.720187
-0.619664
-0.540956
-0.982808
-1.16556
-0.98198
-1.3583
-1.07676
-0.952156
-0.816288
-1.2027
-0.776503
-0.735902
-1.02329
-1.10541
-1.19516
-1.27906
-0.829766
-1.09458
-1.05754
-1.1397
-0.82784
-1.14594
-1.33191
-0.880962
-1.11062
-1.0491
-1.05055
-1.19178
-1.09432
-1.47939
-1.22578
-0.889804
-1.06251
-1.46844
-1.21419
-1.04583
-0.628498
-1.06556
-0.641182
-0.872322
-1.10854
-0.638228
-1.3178
-1.00595
-0.863298
-0.76689
-0.754237
-0.735418
-1.91766
-1.06386
-1.0046
-0.851449
-0.961858
-0.911209
-0.78166
-1.14379
-0.578402
-0.882346
-1.00306
-0.992595
-0.99304
-1.03795
-0.50722
-1.28422
-1.13865
-1.243
-0.808074
-0.554953
-0.654974
-0.669946
-1.16381
-0.954391
-1.06426
-0.599965
-1.05187
-0.961403
-1.31022
-1.33661
-1.17502
-1.52414
-1.22493
-1.07065
-0.598392
-0.884652
-0.951295
-1.1278
-1.15439
-0.807714
-0.677771
-0.936554
-0.836693
-0.443319
-0.696118
-0.987771
-0.820342
-0.689053
-0.786547
-1.00464
-0.849347
-0.783997
-1.13995
-1.01711
-0.722036
-0.818633
-0.743602
-0.987244
-0.792979
-0.775777
-0.926828
-0.423489
-1.0915
-0.707763
-1.15654
-0.798051
-0.736167
-0.752256
-1.15577
-1.12641
-0.467106
-1.23894
-0.981839
-0.767558
-1.01302
-0.818357
-0.901684
-1.1477
-0.676007
-1.02365
-0.790171
-0.683664
-0.955402
-1.01665
-1.19077
-1.28526
-1.54805
-0.863653
-0.92472
-0.981862
-0.777359
-1.07932
-1.45486
-0.806993
-1.36135
-0.861082
-1.1012
-1.26656
-1.38723
-0.763813
-1.11757
-0.905961
-0.943015
-1.06584
-1.32486
-1.22382
-0.989822
-1.301
-1.2661
-1.28708
-1.66625
-1.22979
-0.928367
-1.25289
-1.236
-1.21122
-1.08455
-1.20946
-1.23521
-1.41792
-1.11009
-1.3116
-1.43915
-1.33503
-0.908327
-1.22766
-0.926093
-1.15636
-1.62727
-0.808728
-1.29011
-1.16213
-0.733908
-1.20748
-1.04259
-1.39331
-1.24703
-0.994799
-1.29817
-0.977481
-0.941754
-1.18373
-0.833488
-0.985131
-0.658096
-1.12107
-1.05582
-1.29192
-1.42012
-0.855972
-0.930268
-0.84255
-1.26432
-0.945616
-1.27595
-1.13016
-0.964117
-1.03237
-1.23533
-1.17149
-0.792285
-0.478201
-0.621549
-0.958163
-0.942472
-0.543787
-1.03581
-0.956689
-1.04881
-1.07905
-0.996143
-1.07557
-0.999058
-1.00194
-0.717756
-1.34252
-0.786281
-0.819913
-0.952749
-0.783925
-0.515492
-1.16964
-0.907867
-0.978321
-1.09551
-0.658651
-1.06146
-0.789886
-1.31773
-1.32751
-0.859366
-1.25121
-0.860019
-0.94988
-1.09185
-0.831993
-0.97714
-0.416738
-1.07466
-0.996867
-0.623717
-0.625671
-0.656418
-0.689571
-1.08968
-0.986268
-1.20678
-1.03184
-1.04163
-1.1472
-1.03045
-1.07897
-0.521899
-0.72763
-1.0287
-0.825643
-0.971035
-0.867965
-0.803244
-0.817726
-1.19815
-1.32445
-1.07882
-1.11034
-0.987082
-0.969937
-1.30552
-1.46869
-1.37908
-1.18333
-1.22076
-1.19704
-0.617197
-1.07106
-1.26705
-1.66402
-1.11005
-1.32685
-0.783634
-0.769729
-1.50459
-1.54637
-1.1419
-1.26023
-1.17144
-1.33528
-0.924884
-1.04187
-1.03095
-0.716788
-1.00678
-1.32236
-0.815404
-1.27225
-1.25987
-1.30652
-0.964126
-1.40085
-0.789465
-1.09009
-1.44293
-1.01328
-1.25649
-0.661172
-1.27981
-1.02433
-0.792434
-1.52495
-0.830527
-0.623062
-1.25655
-1.03563
-0.774521
-1.14578
-0.901526
-0.83237
-1.0309
-1.29307
-1.14744
-1.12405
-0.991672
-1.09519
-1.2193
-0.568344
-1.05076
-1.05204
-1.02948
-1.24794
-1.25919
-1.01447
-1.13496
-1.16189
-0.865536
-0.914821
-1.10412
-0.787581
-1.04806
-0.975164
-1.43752
-1.21269
-1.23349
-1.03253
-1.22117
-1.68224
-1.3543
-1.39851
-0.766981
-1.21932
-1.33734
-1.04219
-1.09681
-0.79355
-0.893242
-1.05951
-0.774195
-1.06868
-1.01888
-1.24128
-1.19159
-0.630875
-1.27437
-0.808547
-0.733391
-0.900507
-0.833731
-0.538997
-0.818321
-0.968239
-1.10478
-0.797866
-0.932782
-0.774704
-0.950343
-1.11058
-0.899919
-1.11519
-0.949288
-1.18236
-1.59649
-0.563932
-0.676558
-1.14968
-0.819954
-0.935527
-0.616546
-1.05209
-1.05123
-0.592769
-0.932361
-1.05058
-0.647182
-0.487601
-0.804781
-0.781277
-0.80282
-1.3371
-0.67668
-0.935931
-1.24676
-0.839911
-1.3536
-1.19037
-1.03978
-0.895529
-1.01653
-1.29835
-1.06388
-0.860907
-1.17476
-1.20328
-0.991161
-1.17521
-0.821368
-1.05828
-1.30842
-0.967504
-1.39185
-1.46696
-0.80196
-1.37567
-1.20428
-1.44376
-0.968915
-1.59964
-1.12442
-0.959403
-0.658461
-0.952533
-1.66687
-1.26695
-0.954925
-1.37985
-0.869129
-0.900882
-0.756793
-0.925905
-0.663651
-1.15845
-1.64102
-0.984236
-1.13487
-1.11836
-1.52744
-1.3661
-1.28347
-1.55498
-1.14876
-1.25421
-1.37944
-1.30855
-1.15865
-1.26168
-1.33734
-1.45554
-1.57904
-1.10818
-1.16321
-1.50053
-1.30355
-1.27044
-1.3109
-0.848487
-1.29864
-1.58282
-1.41832
-1.52061
-1.13763
-1.35438
-0.971362
-1.01528
-1.36085
-1.24883
-1.32581
-1.33954
-0.957642
-1.11002
-0.984117
-0.911078
-1.09999
-1.37518
-1.12869
-1.09757
-0.885678
-0.470205
-0.744579
-0.54083
-0.875118
-0.851382
-0.743506
-0.899524
-1.21323
-0.774544
-0.969334
-1.02503
-1.15415
-1.35577
-0.977317
-0.662545
-1.18014
-0.66284
-1.33758
-1.05883
-1.27928
-0.915406
-0.980443
-1.14577
-0.924178
-0.82973
-1.16237
-1.06936
-1.09433
-0.774728
-0.996655
-1.52854
-0.83351
-1.33127
-1.02208
-0.730807
-1.01449
-0.825135
-0.836353
-1.03009
-0.876377
-0.593441
-1.41202
-1.205
-0.953707
-1.21076
-0.715321
-1.44643
-1.25966
-1.0538
-1.25821
-1.16213
-1.18395
-1.16574
-1.1029
-1.14684
-0.93203
-0.973425
-1.28482
-1.03771
-0.931079
-0.856741
-1.36
-0.845
-0.830014
-1.23743
-0.50634
-1.21554
-0.936544
-1.06463
-0.88673
-1.05023
-1.10929
-0.975068
-0.731729
-1.06489
-1.25988
-0.981127
-0.937025
-0.802041
-0.836258
-0.948572
-0.906196
-0.910377
-0.943044
-0.79723
-0.715675
-1.21545
-1.23251
-0.92404
-1.31846
-0.908469
-1.12219
-1.28857
-1.19969
-1.03079
-1.14554
-1.14841
-1.10097
-1.00068
-1.09581
-0.781628
-1.43524
-0.918222
-1.13986
-0.942794
-1.37021
-0.791479
-1.31022
-0.995252
-0.7518
-1.19422
-1.33376
-0.972716
-1.02018
-1.12089
-0.900045
-0.748023
-1.17355
-0.609588
-1.06058
-0.752998
-0.877123
-1.05215
-0.925895
-1.09051
-0.929667
-0.609412
-0.802661
-0.681852
-0.958107
-1.03042
-1.20185
-0.856567
-0.899033
-1.00569
-0.764147
-0.622686
-1.0034
-0.744492
-1.43191
-0.853651
-0.558975
-0.80088
-0.979721
-0.951889
-0.964534
-0.930162
-0.993189
-0.923934
-0.625521
-0.596899
-0.730694
-0.628557
-0.598092
-0.912516
-1.14043
-0.932902
-0.934446
-0.776491
-0.822054
-0.620556
-1.09147
-0.652602
-0.575709
-0.579358
-0.907548
-0.380655
-1.14734
-0.499966
-0.818131
-0.623764
-0.489971
-0.641131
-0.554895
-0.514043
-0.529856
-0.877006
-0.408746
-0.876818
-0.0816518
-0.641546
-0.484416
-0.346368
-0.519393
-0.645147
-0.271367
-0.527326
-0.59628
-0.974174
-0.934258
-0.25356
-0.336646
-0.668983
-0.869034
-0.734484
-0.568859
-0.963325
-0.695527
-0.986384
-0.56025
-0.683186
-0.448157
-0.516175
-0.831626
-0.285146
-0.776452
-0.759507
-0.866686
-0.74712
-0.419129
-0.688489
-0.825325
-0.491699
-0.806226
-0.570175
-0.861463
-0.777455
-0.574745
-0.670243
-0.763784
-0.807851
-0.635192
-0.989602
-1.17871
-0.664318
-0.9091
-0.806436
-0.707655
-0.515549
-0.689474
-0.880003
-1.04129
-0.259737
-0.637373
-0.72599
-0.879861
-0.544726
-0.814944
-0.215846
-0.818865
-0.549231
-0.411624
-0.500391
-0.727961
-0.824899
-0.467513
-1.07364
-0.408613
-0.74151
-1.27493
-0.864318
-1.1464
-0.820885
-0.934053
-1.11299
-1.04166
-1.33788
-0.907557
-0.576487
-0.726967
-0.498381
-0.911869
-1.01317
-0.815081
-1.00373
-0.466899
-0.831769
-1.11458
-0.477645
-0.48918
-0.65199
-0.758414
-0.630797
-0.718098
-0.159453
-0.453311
-0.793333
-0.62321
-0.324176
-0.535983
-0.319139
-0.852951
-0.53609
-0.782172
-0.580939
-1.21673
-0.644012
-0.56533
-0.404325
-0.295115
-0.533292
-0.742068
-0.810194
-0.765104
-0.846215
-0.64861
-0.411226
-0.544708
-0.344062
-0.492147
-0.940844
-0.366209
-0.603205
-0.27118
-0.306053
-0.45265
-0.331003
-0.405874
-0.491967
-0.254349
-0.46567
-0.466913
-0.710202
-0.121906
-0.478536
-0.452891
-0.360729
-0.856446
-0.262527
-0.579875
-0.502771
-0.348181
-0.222616
-0.478684
-0.349043
-0.464378
-0.404558
-0.392623
-0.68964
-0.451728
-0.595022
-0.369265
-0.438579
-0.576683
-0.131619
-0.464989
-0.341743
-0.361846
-0.44964
-0.414282
-0.186569
-0.33822
-0.346261
-0.207511
-0.211333
-0.241914
-0.417979
-0.218078
-0.53245
-0.00720866
-0.619184
-0.285549
-0.452489
-0.141343
-0.260288
-0.518757
-0.223249
-0.26578
-0.564413
-0.125564
-0.723751
-0.503089
-0.134183
-0.799344
-0.356966
-0.296889
-0.29115
-0.0364971
-0.142209
0.0580312
-0.508138
0.0842997
-0.207938
-0.296784
-0.110141
-0.43845
-0.0359977
-0.330807
-0.328734
-0.367372
0.0918646
-0.029574
-0.119855
-0.287049
-0.33452
-0.387551
-0.301961
0.166728
-0.493236
0.0151447
-0.432631
-0.314503
-0.221685
-0.720864
0.10822
-0.0364405
-0.565178
-0.0194018
-0.389263
-0.399546
-0.393453
-0.170374
-0.193734
-0.46981
-0.191086
-0.121537
-0.0515854
-0.193968
0.0436878
-0.233929
0.101637
-0.131346
-0.153515
-0.390549
-0.122391
-0.0721898
-0.687992
-0.186055
0.128307
-0.217423
-0.437437
-0.456829
-0.193874
-0.470788
-0.348545
-0.375336
-0.490843
-0.222482
-0.640272
-0.426614
-0.227923
-0.399064
-0.156593
-0.40329
-0.243888
-0.644208
-0.110115
-0.51199
-0.0418179
-0.685521
-0.896686
-0.412744
-0.130624
-0.302095
-0.257424
-0.129252
-0.0699498
-0.483279
-0.0151579
-0.566157
-0.272781
-0.376887
-0.0550907
0.138185
-0.13588
0.0726254
-0.380279
0.0193654
-0.370344
-0.0649629
-0.106933
0.0431924
-0.280972
0.604891
-0.0114258
-0.149675
-0.248242
0.0932059
-0.168233
-0.038491
0.209882
0.147916
-0.31811
0.114208
0.129743
0.093983
-0.168954
0.39848
-0.104662
0.228629
0.350755
0.174177
0.215858
0.24027
0.084928
0.347145
0.191876
0.12667
-0.213264
-0.0812832
0.17791
-0.110776
-0.155792
0.19522
0.422761
0.118046
0.222934
-0.078936
0.351315
0.37971
-0.180408
0.152839
0.23883
0.526063
0.469928
0.460238
0.213658
1.02641
0.350678
0.309035
-0.0011184
0.163918
0.419204
-0.0951265
0.396177
0.170898
0.286138
0.287677
0.399483
-0.247977
0.704554
0.511252
0.474405
0.38931
0.174464
0.205434
0.2154
0.27126
0.37077
0.392913
0.157576
0.169709
0.576293
0.740055
0.226304
0.128517
0.107994
0.362073
0.320805
-0.174029
0.323531
0.313914
0.538832
0.119117
0.244391
-0.0444447
0.589037
0.117159
0.414598
0.395745
0.461672
0.00882249
0.163611
0.579053
0.160541
0.183215
0.358182
0.421097
0.246022
-0.099767
0.225967
0.317375
0.572235
0.533111
0.459479
0.246763
0.343611
0.00378812
0.356222
-0.198608
0.441728
0.346351
0.449027
0.117737
0.204518
0.726336
0.431996
0.424628
0.692865
0.209783
-0.0131422
0.563872
0.523171
0.0959138
0.685519
0.552831
0.701522
0.278335
0.400729
0.583551
0.400578
0.658451
0.656187
0.623909
0.660016
0.551549
0.384727
0.636056
0.801358
1.06528
0.905987
0.879057
0.489136
1.01192
0.992654
0.501224
0.844684
1.03565
1.02801
0.927005
0.964223
0.817531
0.826472
1.06953
1.1894
0.699017
1.19943
1.58738
1.09925
1.36729
0.950349
1.30318
1.29974
0.998231
1.36504
1.2197
1.77705
1.55011
1.41306
1.82661
1.29668
1.15586
1.22823
1.67779
1.56525
1.56704
1.50662
1.33315
1.39698
1.27726
1.59542
1.19648
1.69304
1.2432
1.27156
1.44916
0.994412
1.40955
1.31408
1.28436
1.44352
1.46333
1.72031
1.79571
1.2315
1.81018
1.23007
1.85137
1.60519
1.84504
1.68883
1.59132
1.3274
2.18915
1.86077
1.53064
1.5148
1.50567
1.47797
1.78389
1.5047
1.63982
2.05901
1.84643
1.81406
1.64118
1.87868
1.44552
1.93253
2.29557
2.01786
1.8088
1.87496
2.19787
1.64186
1.75839
1.86319
1.72635
2.12283
1.51575
1.98851
2.12491
1.99531
1.82142
1.65839
1.71829
1.75653
1.86299
1.92899
1.72676
1.35532
1.43248
1.70512
1.46919
1.69754
1.59655
1.40147
1.91549
1.52553
1.43873
1.9201
1.69923
1.50593
1.21937
1.65239
1.36172
1.6522
1.62471
1.77597
1.33661
1.51857
1.53102
1.75543
1.6657
1.54357
1.42992
1.62706
1.38223
1.47043
1.63978
1.57656
1.50474
1.42698
1.92457
1.65802
1.51325
2.10775
1.46926
1.46556
1.58358
1.85912
1.85795
1.60062
2.00374
1.65486
1.80141
1.503
2.17778
1.96741
1.68965
2.00794
1.66227
1.92057
1.51873
1.82291
1.62447
1.83131
2.21186
1.65676
1.98605
2.01971
1.98121
2.27962
1.92514
1.89367
1.75688
1.74964
1.83007
2.29496
2.04174
1.97652
1.72163
2.2955
1.89091
1.94686
1.56623
1.6806
2.09394
1.98582
1.60813
1.89255
2.43024
1.68451
2.21249
1.45646
1.95056
2.12625
2.19588
1.82338
1.89654
2.52316
1.91092
2.03267
2.02638
2.27964
1.93655
2.05916
2.46792
1.88331
2.4048
2.72299
2.56192
2.08626
2.06446
2.19418
2.1463
2.54596
2.15968
2.09579
2.15645
2.02091
2.11888
2.0964
2.13767
1.96346
2.23356
1.84405
2.67358
2.47625
2.11914
2.61658
2.3571
2.03902
1.9131
2.42173
2.53968
2.49271
2.57286
2.37347
2.40232
2.09629
2.46616
2.18424
2.55375
1.90879
2.41024
2.70012
2.13764
2.51867
2.25218
2.52947
2.73225
2.67135
2.53486
2.98215
2.65649
3.00482
2.51647
2.95288
2.66866
2.82237
2.9648
3.21034
2.44401
2.34638
2.87679
2.52902
2.3321
2.34827
2.42828
2.69655
2.62608
2.53308
2.43321
2.60934
2.93884
2.59425
2.78058
2.4365
2.50059
2.90579
2.96524
3.04393
2.9005
2.88609
2.7464
3.10499
2.7623
3.15436
3.09839
3.39908
3.23329
3.03249
3.23641
3.02771
3.23357
3.05017
3.19111
2.97519
2.98589
2.77437
3.08935
3.33845
3.23515
3.1274
3.31134
3.3788
3.31338
3.09612
3.17054
3.34143
3.20329
2.85208
3.1958
3.3926
3.29552
2.90639
3.27905
2.85793
2.92247
3.13366
3.17946
2.92582
2.68486
2.9089
3.42401
3.17822
3.26847
3.47192
3.00684
3.29707
3.22794
3.48815
3.2383
3.13897
3.04182
3.02186
3.71651
3.50454
3.34572
3.61882
3.64905
3.49785
2.9643
3.70347
3.62446
3.44669
3.61233
3.80935
3.02923
3.79662
3.42749
3.7362
3.9635
4.02318
4.03714
3.61387
4.02989
4.44968
3.53404
4.33516
3.74658
4.04972
4.35001
4.06823
3.70239
3.79124
3.72119
4.07371
3.94577
4.07627
3.896
3.94876
3.80344
3.6827
3.53308
4.03442
3.82045
3.94559
3.38314
3.41639
3.71213
3.81843
3.83109
3.45513
3.85985
3.93105
4.00577
4.27407
4.00324
4.12606
3.7092
4.50067
4.00744
3.89462
4.52543
4.14466
3.90594
4.1977
4.21654
4.39452
3.80093
4.43812
3.94061
4.08973
4.165
3.91875
3.68721
4.06942
3.49255
3.77736
4.03235
3.66865
4.61765
3.70913
3.88403
3.88592
3.97732
3.85775
4.23474
3.94906
3.75805
4.00568
4.36033
4.17491
4.43631
3.714
4.17405
3.83163
4.23113
3.92327
4.44859
4.37861
4.18263
4.22433
3.80973
3.97183
4.06076
4.27065
3.89962
3.76641
3.91516
3.65534
3.87953
4.37946
4.27541
3.86924
3.9015
3.82991
4.2283
3.99368
3.83763
4.11043
4.33322
3.72204
4.14924
3.64682
3.84937
4.27875
4.16638
3.52261
3.7985
3.52209
3.50025
3.5464
3.7363
3.58864
3.86898
3.89629
3.94688
3.83851
3.87147
3.88284
3.91897
3.68407
3.87972
3.90061
3.60515
3.53799
3.75486
3.26023
3.99585
3.54454
3.63022
3.88884
3.35028
3.60523
3.47742
3.31951
3.20348
3.35257
3.30974
3.47695
3.64325
3.77195
3.86037
3.41284
3.39764
3.52929
3.34928
3.198
3.60861
3.43578
3.284
3.21732
2.818
3.01162
2.87035
3.0565
2.62093
2.76182
2.9843
3.1258
2.88401
3.13806
2.70816
3.49297
3.02846
2.78345
3.33527
3.28321
2.88372
3.26924
3.16496
3.34324
3.33046
3.53385
3.5118
3.46722
3.50019
3.42788
3.68074
3.44557
3.0717
3.42714
3.04078
2.91061
3.12852
2.9051
3.02606
2.88956
2.702
3.19202
2.92254
3.33234
3.03856
2.64967
3.0332
2.81901
3.03497
3.12316
3.05804
3.17493
3.4203
3.05102
3.19698
3.525
3.39955
3.21565
3.02038
3.27983
3.61776
3.54669
3.34672
3.30657
2.99777
3.03143
2.89708
3.13033
2.9236
2.70155
2.93696
2.83383
2.59029
3.14395
3.21337
3.37217
3.46236
2.89632
2.8562
3.25083
3.03228
3.30504
3.02409
3.14855
3.42995
3.45888
3.3866
3.41631
3.42627
3.16658
3.54092
3.1966
3.65958
3.7721
3.33696
3.45392
3.71117
3.73086
3.5182
3.46491
3.38058
3.52971
3.16699
3.54695
3.54969
3.64522
3.51903
3.11245
3.04203
3.48498
3.42693
3.20531
3.2348
3.34638
3.04193
3.56737
3.18131
2.99544
3.49685
3.0677
3.1911
2.78491
3.36054
3.00953
2.86014
3.32811
3.32647
2.60829
2.98211
3.15381
3.09007
3.07883
2.65416
3.12365
3.03508
2.70941
3.09695
3.29201
3.2082
3.02351
3.07228
3.22891
3.27178
3.34759
3.30816
3.58746
3.67713
3.61551
3.3572
3.50009
4.01611
3.67704
3.70565
3.58227
3.27865
3.84042
3.34665
3.16297
3.30387
3.56741
3.93575
3.39683
3.81849
3.19816
3.76953
3.68899
3.43538
3.93784
3.52732
3.48498
3.26549
3.28515
3.53645
3.46947
4.01996
3.74028
3.39185
3.63673
3.461
3.76442
3.61931
3.49488
3.19332
3.68755
3.68755
3.68755
3.68755
3.68755
3.68755
3.68755
3.68755
3.68755
3.68755
3.68755
3.68755
3.68755
3.68755
3.68755
3.68755
3.68755
3.68755
3.68755
3.68755
3.68755
3.68755
3.68755
3.68755
3.68755
3.68755
3.68755
3.68755
3.68755
3.68755
3.68755
3.68755
3.68755
3.68755
3.68755
3.68755
3.81308
3.61361
3.79272
3.79272
3.79272
3.79272
3.79272
3.79272
3.79272
3.79272
3.79272
3.79272
3.79272
3.79272
3.79272
3.79272
3.79272
3.79272
3.79272
3.79272
3.79272
3.79272
3.79272
3.79272
3.79272
3.79272
3.79272
3.79272
3.79272
3.79272
3.79272
3.79272
3.79272
3.79272
3.79272
3.79272
3.79272
3.79272
3.79272
3.79272
3.79272
3.79272
3.79272
3.79272
3.79272
3.79272
3.79272
3.79272
3.79272
3.79272
3.79272
3.79272
3.79272
3.79272
3.79272
3.79272
3.79272
3.79272
3.79272
3.79272
3.79272
3.79272
3.79272
3.79272
3.79272
3.79272
3.79272
3.79272
3.79272
3.79272
3.79272
3.79272
3.79272
3.79272
3.79272
3.79272
3.79272
3.79272
3.79272
3.79272
3.79272
3.79272
3.79272
3.79272
3.79272
3.79272
3.79272
3.79272
3.79272
3.79272
3.79272
3.79272
3.79272
3.79272
3.79272
3.79272
3.79272
3.79272
3.79272
3.79272
3.79272
3.79272
3.79272
3.79272
3.79272
3.79272
3.79272
3.79272
3.79272
3.79272
3.79272
3.79272
3.79272
3.79272
3.79272
3.79272
3.79272
3.79272
3.79272
3.79272
3.79272
3.79272
3.79272
3.79272
3.79272
3.79272
3.79272
3.79272
3.79272
3.79272
3.79272
3.79272
3.79272
3.79272
3.79272
3.79272
3.79272
3.79272
3.79272
3.79272
3.79272
3.79272
3.79272
3.79272
3.79272
3.79272
3.79272
3.79272
3.79272
3.79272
3.79272
3.79272
3.79272
3.79272
3.79272
3.79272
3.79272
3.79272
3.79272
3.79272
3.79272
3.79272
3.79272
3.79272
3.79272
3.79272
3.79272
3.79272
3.79272
3.79272
3.79272
3.79272
3.79272
3.79272
3.79272
3.79272
3.79272
3.79272
3.79272
3.79272
3.79272
3.79272
3.79272
3.79272
3.79272
3.79272
3.79272
3.79272
3.79272
3.79272
3.79272
3.79272
3.79272
3.79272
3.79272
3.79272
3.79272
3.79272
3.79272
3.79272
3.79272
3.79272
3.79272
3.79272
3.79272
3.79272
3.79272
3.79272
3.79272
3.79272
3.79272
3.79272
3.79272
3.79272
3.79272
3.79272
3.79272
3.79272
3.79272
3.79272
3.79272
3.79272
3.79272
3.79272
3.79272
3.79272
3.79272
3.79272
3.79272
3.79272
3.79272
3.79272
3.79272
3.79272
3.79272
3.79272
3.79272
3.79272
3.79272
3.79272
3.79272
3.79272
3.79272
3.79272
3.79272
3.79272
3.79272
3.79272
3.79272
3.79272
3.79272
3.79272
3.79272
3.79272
3.79272
3.79272
3.79272
3.79272
3.79272
3.79272
3.79272
3.79272
3.79272
3.79272
3.79272
3.79272
3.79272
3.79272
3.79272
3.79272
3.79272
3.79272
3.79272
3.79272
3.79272
3.79272
3.79272
3.79272
3.79272
3.79272
3.79272
3.79272
3.79272
3.79272
3.79272
3.79272
3.79272
3.79272
3.79272
3.79272
3.79272
3.79272
3.79272
3.79272
3.79272
3.79272
3.79272
3.79272
3.79272
3.79272
3.79272
3.79272
3.79272
3.79272
3.79272
3.79272
3.79272
3.79272
3.79272
3.79272
3.79272
3.79272
3.79272
3.79272
3.79272
3.79272
3.79272
3.79272
3.79272
3.79272
3.79272
3.79272
3.79272
3.79272
3.79272
3.79272
3.79272
3.79272
3.79272
3.79272
3.79272
3.79272
3.79272
3.79272
3.79272
3.79272
3.79272
3.79272
3.79272
3.79272
3.79272
3.79272
3.79272
3.79272
3.79272
3.79272
3.79272
3.79272
3.79272
3.79272
3.79272
3.79272
3.79272
3.79272
3.79272
3.79272
3.79272
3.79272
3.79272
3.79272
3.79272
3.79272
3.79272
3.79272
3.79272
3.79272
3.79272
3.79272
3.79272
3.79272
3.79272
3.79272
3.79272
3.79272
3.79272
3.79272
3.79272
3.79272
3.79272
3.79272
3.79272
3.79272
3.79272
3.79272
3.79272
3.79272
3.79272
3.79272
3.79272
3.79272
3.79272
3.79272
3.79272
3.79272
3.79272
3.79272
3.79272
3.79272
3.79272
3.79272
3.79272
3.79272
3.79272
3.79272
3.79272
3.79272
3.79272
3.79272
3.79272
3.79272
3.79272
3.79272
3.79272
3.79272
3.79272
3.79272
3.79272
3.79272
3.79272
3.79272
3.79272
3.79272
3.79272
3.79272
3.79272
3.79272
3.79272
3.79272
3.79272
3.79272
3.79272
3.79272
3.79272
3.79272
3.79272
3.79272
3.79272
3.79272
3.79272
3.79272
3.79272
3.79272
3.79272
3.79272
3.79272
3.79272
3.79272
3.79272
3.79272
3.79272
3.79272
3.79272
3.79272
3.79272
3.79272
3.79272
3.79272
3.79272
3.79272
3.79272
3.79272
3.79272
3.79272
3.79272
3.79272
3.79272
3.79272
3.79272
3.79272
3.79272
3.79272
3.79272
3.79272
3.79272
3.79272
3.79272
3.79272
3.79272
3.79272
3.79272
3.79272
3.79272
3.79272
3.79272
3.79272
3.79272
3.79272
3.79272
3.79272
3.79272
3.79272
3.79272
3.79272
3.79272
3.79272
3.79272
3.79272
3.79272
3.79272
3.79272
3.79272
3.79272
3.79272
3.79272
3.79272
3.79272
3.79272
3.79272
3.79272
3.79272
3.79272
3.79272
3.79272
3.79272
3.79272
3.79272
3.79272
3.79272
3.79272
3.79272
3.79272
3.79272
3.79272
3.79272
3.79272
3.79272
3.79272
3.79272
3.79272
3.79272
3.79272
3.79272
3.79272
3.79272
3.79272
3.79272
3.79272
3.79272
3.79272
3.79272
3.79272
3.79272
3.79272
3.79272
3.79272
3.79272
3.79272
3.79272
3.79272
3.79272
3.79272
3.79272
3.79272
3.79272
3.79272
3.79272
3.79272
3.79272
3.79272
3.79272
3.79272
3.79272
3.79272
3.79272
3.79272
3.79272
3.79272
3.79272
3.79272
3.79272
3.79272
3.79272
3.79272
3.79272
3.79272
3.79272
3.79272
3.79272
3.79272
3.79272
3.79272
3.79272
3.79272
3.79272
3.79272
3.79272
3.79272
3.79272
3.79272
3.79272
3.79272
3.79272
3.79272
3.79272
3.79272
3.79272
3.79272
3.79272
3.79272
3.79272
3.79272
3.79272
3.79272
3.79272
3.79272
3.79272
3.79272
3.79272
3.79272
3.79272
3.79272
3.79272
3.79272
3.79272
3.79272
3.79272
3.79272
3.79272
3.79272
3.79272
3.79272
3.79272
3.79272
3.79272
3.79272
3.79272
3.79272
3.79272
3.79272
3.79272
3.79272
3.79272
3.79272
3.79272
3.79272
3.79272
3.79272
3.79272
3.79272
3.79272
3.79272
3.79272
3.79272
3.79272
3.79272
3.79272
3.79272
3.79272
3.79272
3.79272
3.79272
3.79272
3.79272
3.79272
3.79272
3.79272
3.79272
3.79272
3.79272
3.79272
3.79272
3.79272
3.79272
3.79272
3.79272
3.79272
3.79272
3.79272
3.79272
3.79272
3.79272
3.79272
3.79272
3.79272
3.79272
3.79272
3.79272
3.79272
3.79272
3.79272
3.79272
3.79272
3.79272
3.79272
3.79272
3.79272
3.79272
3.79272
3.79272
3.79272
3.79272
3.79272
3.79272
3.79272
3.79272
3.79272
3.79272
3.79272
3.79272
3.79272
3.79272
3.79272
3.79272
3.79272
3.79272
3.79272
3.79272
3.79272
3.79272
3.79272
3.79272
3.79272
3.79272
3.79272
3.79272
3.79272
3.79272
3.79272
3.79272
3.79272
3.79272
3.79272
3.79272
3.79272
3.79272
3.79272
3.79272
3.79272
3.79272
3.79272
3.79272
3.79272
3.79272
3.79272
3.79272
3.79272
3.79272
3.79272
3.79272
3.79272
3.79272
3.79272
3.79272
3.79272
3.79272
3.79272
3.79272
3.79272
3.79272
3.79272
3.79272
3.79272
3.79272
3.79272
3.79272
3.79272
3.79272
3.79272
3.79272
3.79272
3.79272
3.79272
3.79272
3.79272
3.79272
3.79272
3.79272
3.79272
3.79272
3.79272
3.79272
3.79272
3.79272
3.79272
3.79272
3.79272
3.79272
3.79272
3.79272
3.79272
3.79272
3.79272
3.79272
3.79272
3.79272
3.79272
3.79272
3.79272
3.79272
3.79272
3.79272
3.79272
3.79272
3.79272
3.79272
3.79272
3.79272
3.79272
3.79272
3.79272
3.79272
3.79272
3.79272
3.79272
3.79272
3.79272
3.79272
3.79272
3.79272
3.79272
3.79272
3.79272
3.79272
3.79272
3.79272
3.79272
3.79272
3.79272
3.79272
3.79272
3.79272
3.79272
3.79272
3.79272
3.79272
3.79272
3.79272
3.79272
3.79272
3.79272
3.79272
3.79272
3.79272
3.79272
3.79272
3.79272
3.79272
3.79272
3.79272
3.79272
3.79272
3.79272
3.79272
3.79272
3.79272
3.79272
3.79272
3.79272
3.79272
3.79272
3.79272
3.79272
3.79272
3.79272
3.79272
3.79272
3.79272
3.79272
3.79272
3.79272
3.79272
3.79272
3.79272
3.79272
3.79272
3.79272
3.79272
3.79272
3.79272
3.79272
3.79272
3.79272
3.79272
3.79272
3.79272
3.79272
3.79272
3.79272
3.79272
3.79272
3.79272
3.79272
3.79272
3.79272
3.79272
3.79272
3.79272
3.79272
3.79272
3.79272
3.79272
3.79272
3.79272
3.79272
3.79272
3.79272
3.79272
3.79272
3.79272
3.79272
3.79272
3.79272
3.79272
3.79272
3.79272
3.79272
3.79272
3.79272
3.79272
3.79272
3.79272
3.79272
3.79272
3.79272
3.79272
3.79272
3.79272
3.79272
3.79272
3.79272
3.79272
3.79272
3.79272
3.79272
3.79272
3.79272
3.79272
3.79272
3.79272
3.79272
3.79272
3.79272
3.79272
3.79272
3.79272
3.79272
3.79272
3.79272
3.79272
3.79272
3.79272
3.79272
3.79272
3.79272
3.79272
3.79272
3.79272
3.79272
3.79272
3.79272
3.79272
3.79272
3.79272
3.79272
3.79272
3.79272
3.79272
3.79272
3.79272
3.79272
3.79272
3.79272
3.79272
3.79272
3.79272
3.79272
3.79272
3.79272
3.79272
3.79272
3.79272
3.79272
3.79272
3.79272
3.79272
3.79272
3.79272
3.79272
3.79272
3.79272
3.79272
3.79272
3.79272
3.79272
3.79272
3.79272
3.79272
3.79272
3.79272
3.79272
3.79272
3.79272
3.79272
3.79272
3.79272
3.79272
3.79272
3.79272
3.79272
3.79272
3.79272
3.79272
3.79272
3.79272
3.79272
3.79272
3.79272
3.79272
3.79272
3.79272
3.79272
3.79272
3.79272
3.79272
3.79272
3.79272
3.79272
3.79272
3.79272
3.79272
3.79272
3.79272
3.79272
3.79272
3.79272
3.79272
3.79272
3.79272
3.79272
3.79272
3.79272
3.79272
3.79272
3.79272
3.79272
3.79272
3.79272
3.79272
3.79272
3.79272
3.79272
3.79272
3.79272
3.79272
3.79272
3.79272
3.79272
3.79272
3.79272
3.79272
3.79272
3.79272
3.79272
3.79272
3.79272
3.79272
3.79272
3.79272
3.79272
3.79272
3.79272
3.79272
3.79272
3.79272
3.79272
3.79272
3.79272
3.79272
3.79272
3.79272
3.79272
3.79272
3.79272
3.79272
3.79272
3.79272
3.79272
3.79272
3.79272
3.79272
3.79272
3.79272
3.79272
3.79272
3.79272
3.79272
3.79272
3.79272
3.79272
3.79272
3.79272
3.79272
3.79272
3.79272
3.79272
3.79272
3.79272
3.79272
3.79272
3.79272
3.79272
3.79272
3.79272
3.79272
3.79272
3.79272
3.79272
3.79272
3.79272
3.79272
3.79272
3.79272
3.79272
3.79272
3.79272
3.79272
3.79272
3.79272
3.79272
3.79272
3.79272
3.79272
3.79272
3.79272
3.79272
3.79272
3.79272
3.79272
3.79272
3.79272
3.79272
3.79272
3.79272
3.79272
3.79272
3.79272
3.79272
3.79272
3.79272
3.79272
3.79272
3.79272
3.79272
3.79272
3.79272
3.79272
3.79272
3.79272
3.79272
3.79272
3.79272
3.79272
3.79272
3.79272
3.79272
3.79272
3.79272
3.79272
3.79272
3.79272
3.79272
3.79272
3.79272
3.79272
3.79272
3.79272
3.79272
3.79272
3.79272
3.79272
3.79272
3.79272
3.79272
3.79272
3.79272
3.79272
3.79272
3.79272
3.79272
3.79272
3.79272
3.79272
3.79272
3.79272
3.79272
3.79272
3.79272
3.79272
3.79272
3.79272
3.79272
3.79272
3.79272
3.79272
3.79272
3.79272
3.79272
3.79272
3.79272
3.79272
3.79272
3.79272
3.79272
3.79272
3.79272
3.79272
3.79272
3.79272
3.79272
3.79272
3.79272
3.79272
3.79272
3.79272
3.79272
3.79272
3.79272
3.79272
3.79272
3.79272
3.79272
3.79272
3.79272
3.79272
3.79272
3.79272
3.79272
3.79272
3.79272
3.79272
3.79272
3.79272
3.79272
3.79272
3.79272
3.79272
3.79272
3.79272
3.79272
3.79272
3.79272
3.79272
3.79272
3.79272
3.79272
3.79272
3.79272
3.79272
3.79272
3.79272
3.79272
3.79272
3.79272
3.79272
3.79272
3.79272
3.79272
3.79272
3.79272
3.79272
3.79272
3.79272
3.79272
3.79272
3.79272
3.79272
3.79272
3.79272
3.79272
3.79272
3.79272
3.79272
3.79272
3.79272
3.79272
3.79272
3.79272
3.79272
3.79272
3.79272
3.79272
3.79272
3.79272
3.79272
3.79272
3.79272
3.79272
3.79272
3.79272
3.79272
3.79272
3.79272
3.79272
3.79272
3.79272
3.79272
3.79272
3.79272
3.79272
3.79272
3.79272
3.79272
3.79272
3.79272
3.79272
3.79272
3.79272
3.79272
3.79272
3.79272
3.79272
3.79272
3.79272
3.79272
3.79272
3.79272
3.79272
3.79272
3.79272
3.79272
3.79272
3.79272
3.79272
3.79272
3.79272
3.79272
3.79272
3.79272
3.79272
3.79272
3.79272
3.79272
3.79272
3.79272
3.79272
3.79272
3.79272
3.79272
3.79272
3.79272
3.79272
3.79272
3.79272
3.79272
3.79272
3.79272
3.79272
3.79272
3.79272
3.79272
3.79272
3.79272
3.79272
3.79272
3.79272
3.79272
3.79272
3.79272
3.79272
3.79272
3.79272
3.79272
3.79272
3.79272
3.79272
3.79272
3.79272
3.79272
3.79272
3.79272
3.79272
3.79272
3.79272
3.79272
3.79272
3.79272
3.79272
3.79272
3.79272
3.79272
3.79272
3.79272
3.79272
3.79272
3.79272
3.79272
3.79272
3.79272
3.79272
3.79272
3.79272
3.79272
3.79272
3.79272
3.79272
3.79272
3.79272
3.79272
3.79272
3.79272
3.79272
3.79272
3.79272
3.79272
3.79272
3.79272
3.79272
3.79272
3.79272
3.79272
3.79272
3.79272
3.79272
3.79272
3.79272
3.79272
3.79272
3.79272
3.79272
3.79272
3.79272
3.79272
3.79272
3.79272
3.79272
3.79272
3.79272
3.79272
3.79272
3.79272
3.79272
3.79272
3.79272
3.79272
3.79272
3.79272
3.79272
3.79272
3.79272
3.79272
3.79272
3.79272
3.79272
3.79272
3.79272
3.79272
3.79272
3.79272
3.79272
3.79272
3.79272
3.79272
3.79272
3.79272
3.79272
3.79272
3.79272
3.79272
3.79272
3.79272
3.79272
3.79272
3.79272
3.79272
3.79272
3.79272
3.79272
3.79272
3.79272
3.79272
3.79272
3.79272
3.79272
3.79272
3.79272
3.79272
3.79272
3.79272
3.79272
3.79272
3.79272
3.79272
3.79272
3.79272
3.79272
3.79272
3.79272
3.79272
3.79272
3.79272
3.79272
3.79272
3.79272
3.79272
3.79272
3.79272
3.79272
3.79272
3.79272
3.79272
3.79272
3.79272
3.79272
3.79272
3.79272
3.79272
3.79272
3.79272
3.79272
3.79272
3.79272
3.79272
3.79272
3.79272
3.79272
3.79272
3.79272
3.79272
3.79272
3.79272
3.79272
3.79272
3.79272
3.79272
3.79272
3.79272
3.79272
3.79272
3.79272
3.79272
3.79272
3.79272
3.79272
3.79272
3.79272
3.79272
3.79272
3.79272
3.79272
3.79272
3.79272
3.79272
3.79272
3.79272
3.79272
3.79272
3.79272
3.79272
3.79272
3.79272
3.79272
3.79272
3.79272
3.79272
3.79272
3.79272
3.79272
3.79272
3.79272
3.79272
3.79272
3.79272
3.79272
3.79272
3.79272
3.79272
3.79272
3.79272
3.79272
3.79272
3.79272
3.79272
3.79272
3.79272
3.79272
3.79272
3.79272
3.79272
3.79272
3.79272
3.79272
3.79272
3.79272
3.79272
3.79272
3.79272
3.79272
3.79272
3.79272
3.79272
3.79272
3.79272
3.79272
3.79272
3.79272
3.79272
3.79272
3.79272
3.79272
3.79272
3.79272
3.79272
3.79272
3.79272
3.79272
3.79272
3.79272
3.79272
3.79272
3.79272
3.79272
3.79272
3.79272
3.79272
3.79272
3.79272
3.79272
3.79272
3.79272
3.79272
3.79272
3.79272
3.79272
3.79272
3.79272
3.79272
3.79272
3.79272
3.79272
3.79272
3.79272
3.79272
3.79272
3.79272
3.79272
3.79272
3.79272
3.79272
3.79272
3.79272
3.79272
3.79272
3.79272
3.79272
3.79272
3.79272
3.79272
3.79272
3.79272
3.79272
3.79272
3.79272
3.79272
3.79272
3.79272
3.79272
3.79272
3.79272
3.79272
3.79272
3.79272
3.79272
3.79272
3.79272
3.79272
3.79272
3.79272
3.79272
3.79272
3.79272
3.79272
3.79272
3.79272
3.79272
3.79272
3.79272
3.79272
3.79272
3.79272
3.79272
3.79272
3.79272
3.79272
3.79272
3.79272
3.79272
3.79272
3.79272
3.79272
3.79272
3.79272
3.79272
3.79272
3.79272
3.79272
3.79272
3.79272
3.79272
3.79272
3.79272
3.79272
3.79272
3.79272
3.79272
3.79272
3.79272
3.79272
3.79272
3.79272
3.79272
3.79272
3.79272
3.79272
3.79272
3.79272
3.79272
3.79272
3.79272
3.79272
3.79272
3.79272
3.79272
3.79272
3.79272
3.79272
3.79272
3.79272
3.79272
3.79272
3.79272
3.79272
3.79272
3.79272
3.79272
3.79272
3.79272
3.79272
3.79272
3.79272
3.79272
3.79272
3.79272
3.79272
3.79272
3.79272
3.79272
3.79272
3.79272
3.79272
3.79272
3.79272
3.79272
3.79272
3.79272
3.79272
3.79272
3.79272
3.79272
3.79272
3.79272
3.79272
3.79272
3.79272
3.79272
3.79272
3.79272
3.79272
3.79272
3.79272
3.79272
3.79272
3.79272
3.79272
3.79272
3.79272
3.79272
3.79272
3.79272
3.79272
3.79272
3.79272
3.79272
3.79272
3.79272
3.79272
3.79272
3.79272
3.79272
3.79272
3.79272
3.79272
3.79272
3.79272
3.79272
3.79272
3.79272
3.79272
3.79272
3.79272
3.79272
3.79272
3.79272
3.79272
3.79272
3.79272
3.79272
3.79272
3.79272
3.79272
3.79272
3.79272
3.79272
3.79272
3.79272
3.79272
3.79272
3.79272
3.79272
3.79272
3.79272
3.79272
3.79272
3.79272
3.79272
3.79272
3.79272
3.79272
3.79272
3.79272
3.79272
3.79272
3.79272
3.79272
3.79272
3.79272
3.79272
3.79272
3.79272
3.79272
3.79272
3.79272
3.79272
3.79272
3.79272
3.79272
3.79272
3.79272
3.79272
3.79272
3.79272
3.79272
3.79272
3.79272
3.79272
3.79272
3.79272
3.79272
3.79272
3.79272
3.79272
3.79272
3.79272
3.79272
3.79272
3.79272
3.79272
3.79272
3.79272
3.79272
3.79272
3.79272
3.79272
3.79272
3.79272
3.79272
3.79272
3.79272
3.79272
3.79272
3.79272
3.79272
3.79272
3.79272
3.79272
3.79272
3.79272
3.79272
3.79272
3.79272
3.79272
3.79272
3.79272
3.79272
3.79272
3.79272
3.79272
3.79272
3.79272
3.79272
3.79272
3.79272
3.79272
3.79272
3.79272
3.79272
3.79272
3.79272
3.79272
3.79272
3.79272
3.79272
3.79272
3.79272
3.79272
3.79272
3.79272
3.79272
3.79272
3.79272
3.79272
3.79272
3.79272
3.79272
3.79272
3.79272
3.79272
3.79272
3.79272
3.79272
3.79272
3.79272
3.79272
3.79272
3.79272
3.79272
3.79272
3.79272
3.79272
3.79272
3.79272
3.79272
3.79272
3.79272
3.79272
3.79272
3.79272
3.79272
3.79272
3.79272
3.79272
3.79272
3.79272
3.79272
3.79272
3.79272
3.79272
3.79272
3.79272
3.79272
3.79272
3.79272
3.79272
3.79272
3.79272
3.79272
3.79272
3.79272
3.79272
3.79272
3.79272
3.79272
3.79272
3.79272
3.79272
3.79272
3.79272
3.79272
3.79272
3.79272
3.79272
3.79272
3.79272
3.79272
3.79272
3.79272
3.79272
3.79272
3.79272
3.79272
3.79272
3.79272
3.79272
3.79272
3.79272
3.79272
3.79272
3.79272
3.79272
3.79272
3.79272
3.79272
3.79272
3.79272
3.79272
3.79272
3.79272
3.79272
3.79272
3.79272
3.79272
3.79272
3.79272
3.79272
3.79272
