-0.0679945
-0.0538711
0.0318146
0.458692
0.393093
0.225116
0.248813
-0.534641
0.116844
-0.141747
-0.151688
0.00689004
-0.141829
0.190669
-0.142811
-0.014694
-0.108202
-0.134137
-0.126684
0.0187332
-0.166597
-0.0799227
0.00681041
-0.00807203
-0.296225
0.240496
-0.15385
-0.0143662
0.223118
0.323612
0.210607
-0.199025
0.0867809
-0.0925369
0.175079
0.111504
0.15285
-0.0310658
0.360514
0.308349
0.0219968
-0.0961108
0.0166761
-0.0787898
0.101272
0.11968
0.521633
0.0272437
-0.198988
0.0494241
0.261206
-0.120253
-0.0407999
-0.314558
-0.0916514
0.346446
0.139898
-0.435095
0.164442
-0.381411
0.130432
0.267852
-0.144077
-0.049686
-0.0813089
0.251316
0.324707
0.300642
-0.286247
0.350766
0.134078
0.161838
-0.0637654
0.248252
0.470665
0.246555
0.102058
-0.0853015
0.233278
-0.0533116
-0.115299
-0.0064602
0.34399
0.0847989
-0.506833
0.232788
-0.189895
-0.0887252
0.118704
-0.0205797
0.351086
0.164787
-0.0365882
0.409929
-0.225618
0.0494712
-0.165676
0.101221
-0.533867
-0.283256
0.213692
-0.0122112
-0.289475
0.263825
-0.352306
0.0697957
0.170007
0.577938
-0.0523424
0.0723538
0.455996
-0.345856
0.143626
0.293882
-0.00726287
0.204351
0.459123
-0.177438
0.106379
0.432867
-0.399448
0.507183
0.312422
-0.00664528
0.2373
0.0461354
0.100052
0.239684
0.434005
0.252455
0.311269
0.469086
0.516294
0.2422
-0.0974633
0.496001
0.127529
-0.112753
-0.0326031
0.32526
0.0578407
0.337616
0.264361
0.102786
0.476649
-0.0599271
0.153634
0.0439786
0.162236
0.162555
0.396544
0.175501
-0.0872018
0.211628
0.0699609
0.18523
0.168105
-0.660824
-0.1576
0.142429
0.0574596
0.134076
0.0155599
0.0259437
-0.130056
-0.329966
0.316198
0.110061
-0.220749
-0.0372463
0.280578
0.107857
-0.146699
0.174575
0.0845571
0.241255
-0.013647
-0.216528
0.309329
0.0382593
-0.0506898
-0.0374049
0.589551
-0.00202245
0.253251
-0.0237715
0.128337
-0.440884
-0.438853
0.28167
0.19638
-0.385863
-0.116336
0.175896
-0.0510494
-0.363968
0.166107
0.124252
-0.0722821
0.337096
0.0634192
-0.176433
-0.0795347
0.299333
0.0354167
0.264277
0.168562
-0.310559
-0.00489046
-0.415361
0.133423
-0.327066
0.286177
-0.172548
-0.0108832
0.0377235
0.316075
-0.287463
0.104804
0.0784996
-0.278515
0.433562
-0.263507
0.00539247
0.229829
0.0599852
0.227422
0.060435
-0.165599
0.372674
0.103411
0.229322
-0.199034
0.28289
-0.292502
0.135097
-0.0275352
-0.139379
0.0655313
0.50466
-0.0389659
0.337494
-0.240186
-0.0944896
-0.163482
0.523792
0.510865
0.284523
0.0494253
0.267337
0.44868
-0.481135
-0.137954
0.416181
-0.0459309
0.284469
-0.232162
0.285463
0.0201026
0.453309
0.15315
0.20914
0.0836893
-0.128957
0.275715
0.592629
-0.27362
-0.0270495
-0.0593936
0.508418
-0.2488
-0.0154598
0.469882
0.338874
-0.208205
0.0144831
0.294785
0.530071
0.461246
0.626863
0.295607
-0.231556
0.377793
0.10853
-0.0660722
-0.0139258
0.247088
0.288734
0.0954122
0.340836
0.21656
0.270265
-0.100657
0.114018
0.681393
0.182306
0.54745
0.0142994
-0.120759
0.054342
0.134957
0.135965
0.283268
0.0652996
0.112449
-0.0504841
0.151977
0.3543
0.0269954
0.137754
0.447756
0.219529
0.769535
0.0776572
0.135048
0.193048
-0.300834
0.12822
-0.240232
0.149183
0.345046
0.0176496
0.149234
0.0406887
0.233093
0.677877
0.199214
0.0424321
0.118175
0.0737475
0.394657
0.179843
0.376812
0.3419
0.309833
0.179927
0.154794
0.381723
0.362539
0.371783
0.0918913
0.11264
0.242255
-0.0793762
0.108769
0.272489
0.410729
-0.109505
0.183967
-0.351066
-0.329252
0.291909
-0.289923
0.343729
0.206744
0.364016
0.226387
0.230116
-0.183767
0.166379
-0.168911
0.0880837
-0.0375825
-0.0219149
-0.285522
0.265994
0.198423
0.0964341
0.18093
0.0104489
0.0823436
0.626953
0.0547271
0.349022
-0.0148024
0.0117832
0.201966
-0.227309
0.0720581
0.0767302
0.183095
0.307405
0.286519
-0.106162
0.343451
0.0880963
0.345516
0.324263
0.327752
0.0914054
0.122191
0.52003
0.30414
-0.0749531
0.11883
-0.139781
0.0634534
0.191125
0.340995
0.0627579
0.235418
0.125869
0.094824
0.157162
0.123333
-0.137681
0.251891
0.317043
0.138859
-0.124539
0.252501
0.200954
0.0786157
0.114732
0.0483286
0.115115
0.34176
0.235277
-0.0410925
0.598312
-0.125109
0.319955
-0.0666113
0.501715
0.252107
0.570644
0.242678
0.155781
0.069246
0.542818
0.38542
-0.138456
-0.349675
-0.102873
0.367222
-0.0275113
0.270402
-0.0794963
0.291721
-0.0308811
0.590543
0.25039
-0.0836338
-0.00256643
-0.0599879
-0.145465
0.329181
-0.000139697
0.00573355
0.363123
0.369071
0.204886
0.0453747
-0.334479
0.0358593
0.405252
-0.0597302
0.305866
0.268808
0.184528
-0.128097
0.199589
0.63353
0.0992752
0.369582
0.251421
0.303541
-0.184767
0.202525
0.0309807
0.428165
0.011557
-0.095754
0.515813
0.144754
0.317671
0.110392
0.270515
0.29039
-0.0677952
0.0507282
0.0288275
0.0190786
0.53062
-0.227587
0.335056
0.139767
0.544015
-0.183977
0.201398
0.211988
0.263197
0.306536
-0.348177
0.651517
0.351326
0.34408
0.331997
0.250103
0.179086
0.447969
0.31412
0.323506
0.309682
0.244062
0.0154742
0.404193
0.190601
0.189685
0.317493
0.0654455
0.192888
0.123305
-0.135
0.115585
0.334964
0.451255
0.247881
0.344625
0.136806
0.570298
0.0370065
0.420743
0.407383
0.528118
0.256652
0.523031
0.447704
0.215518
0.182815
-0.13795
0.0844429
0.280941
0.276731
0.37207
0.151837
0.185275
-0.243625
0.394662
0.279226
-0.149395
0.0281159
0.292918
0.0766979
0.221828
0.0218328
0.0614768
0.0318668
0.0130455
0.248212
0.528115
0.193008
0.266145
0.00583365
-0.0253126
0.0592102
0.0591779
0.0445342
-0.00432528
0.343247
0.0783959
0.35814
0.209743
0.0155124
0.204166
-0.113584
0.246806
0.098298
0.348337
0.0715754
0.148825
0.454775
0.189829
0.267834
0.465708
-0.00494257
0.0943698
0.0546668
0.442684
0.180494
0.364871
-0.103599
0.0728663
0.432968
0.531016
0.279903
0.0260239
-0.0218742
-0.168482
0.0850678
-0.437185
0.233085
-0.194154
-0.234943
0.186826
0.246703
0.356564
0.410427
0.257907
0.0464215
0.500625
-0.102637
-0.166828
0.232278
0.0361547
-0.0465855
0.0841674
0.000495233
-0.0247228
0.233096
0.0869903
-0.215595
0.440014
0.0793028
0.236109
-0.032883
0.335246
-0.296772
-0.117701
-0.526202
-0.150793
0.0035122
-0.205857
-0.00271146
0.273397
0.139029
0.340612
0.271528
0.31443
-0.0531785
0.379085
-0.229441
0.297265
0.172902
0.122025
0.391919
0.0353188
0.0652402
0.0720571
-0.0880705
0.279804
0.155678
0.204717
-0.104675
0.291101
0.317306
0.0964639
0.146649
0.240648
0.499629
0.0525206
0.380956
0.57549
0.0667774
0.195421
0.0472473
0.3247
0.38166
0.520928
0.207136
0.73209
0.353598
0.330046
0.301499
0.338046
0.266946
0.556302
-0.0490112
0.432024
0.27387
-0.0252086
0.228633
-0.0497349
0.626727
0.497753
0.032493
0.0061947
0.541521
0.227489
0.193124
-0.207132
-0.185052
0.246607
0.207255
0.191118
0.181792
0.355924
0.403667
0.263741
-0.0148398
-0.0449409
0.619062
0.20184
-0.21324
-0.0781839
0.420745
0.23992
-0.16798
0.0390669
0.0788079
-0.25903
-0.00183335
0.0795741
-0.298634
0.314945
-0.0294731
0.0473809
0.17295
0.205445
0.36154
0.656994
0.403574
0.168497
0.191682
0.120376
0.366841
0.429711
0.124558
0.241523
0.443817
0.0942173
0.314255
0.55477
0.225661
0.396278
0.280232
0.0508627
-0.196109
0.340862
0.369
-0.0826733
0.080961
-0.0563521
0.0315714
-0.186354
-0.0200789
0.354809
0.131764
-0.0685524
0.419792
-0.0998757
-0.00784868
0.482098
0.218776
0.512496
0.328936
0.250568
0.377613
0.0979875
0.255282
-0.0788598
0.580292
0.180276
0.073085
0.314753
-0.221648
0.534181
0.0558776
-0.101242
0.212824
0.0786907
0.211626
0.340748
0.184579
0.686823
-0.0661335
0.147626
0.0629429
0.208801
0.074483
0.415106
0.314697
-0.105628
0.266069
0.100713
0.354407
0.143681
0.127653
-0.112044
0.131269
-0.0422085
0.371792
-0.197634
-0.0818581
0.396869
0.372001
0.537462
0.279258
0.0183749
0.297333
0.149163
0.0322674
0.108032
0.445813
-0.0541346
0.297687
0.34873
-0.219437
0.0569398
0.407009
0.407414
0.507622
0.338541
0.512599
0.41453
0.140646
0.256619
-0.00397683
-0.223597
0.00941494
-0.0185101
0.313129
0.268434
0.241403
-0.0566794
0.122331
0.682895
0.464223
0.283428
0.366668
0.275004
0.483032
-0.221497
0.0895689
0.22042
-0.0676621
-0.0180978
-0.00637818
0.0487687
0.180083
0.522414
0.00581883
0.129242
-0.135053
-0.0140981
0.552861
0.412654
-0.231302
0.333005
0.112204
0.00689347
0.180064
-0.100726
0.154508
0.260882
0.554458
0.033526
0.179363
0.214976
0.083974
0.168426
-0.0293686
0.489838
0.145431
0.41668
0.270448
0.0892796
0.794524
0.234613
-0.0246106
0.126397
0.475255
0.238269
0.246109
0.159366
0.0517862
0.518901
0.572383
0.29203
-0.0701499
0.22559
0.475606
0.436446
0.730015
0.387645
0.606744
0.590598
0.533383
0.397223
0.303486
0.320548
0.212459
0.494305
0.177172
0.313949
-0.247776
-0.676965
0.09079
0.172281
-0.14696
0.601626
0.443443
0.735223
0.153542
0.675331
-0.184381
0.35646
-0.388177
-0.0490114
-0.245009
-0.108474
-0.0813877
-0.133487
0.359406
0.676556
0.250304
0.430712
1.00518
0.382478
0.409713
0.199696
0.440302
0.224492
0.0831923
0.434186
0.430556
0.560323
0.501072
0.43257
0.103585
0.69158
0.323256
1.352
0.232104
0.171024
0.266587
0.723515
0.501228
0.329615
0.317708
0.394167
0.0536
0.126155
0.484455
0.191033
0.67099
0.609435
0.476077
0.432609
0.830177
0.220107
0.416062
0.654925
-0.00825169
0.17406
0.767572
0.396749
0.329997
-0.424277
0.404126
0.537139
0.443745
0.333994
0.480402
0.703524
0.114472
0.887782
0.178267
0.275351
-0.0777303
0.324466
0.105616
0.361588
-0.113972
0.621722
0.731197
0.338197
0.410073
0.173647
0.396924
0.467379
0.361704
0.481046
0.621119
0.412834
0.862112
0.475133
0.527158
0.666571
0.517605
0.930125
0.210235
0.491796
0.584371
0.315036
0.572865
0.609584
0.858687
1.00374
0.796161
0.627606
0.626618
0.454938
0.463829
0.675383
0.515878
0.506499
0.657137
0.789946
0.593566
0.459108
0.874941
0.681472
0.614149
0.712987
1.02227
0.630117
0.783745
0.856648
0.270886
0.878495
0.337467
0.62171
0.914073
0.409166
0.694324
0.583576
0.130234
0.634874
0.0551979
0.488451
0.469899
0.483433
0.468926
0.720444
0.389997
0.281271
0.95149
0.139038
0.74831
0.362488
0.605435
1.2816
0.540888
-0.00499457
0.368713
0.653375
0.422494
0.127761
0.360414
0.877122
0.709094
0.217998
0.986514
0.67411
0.770526
0.393566
0.274963
0.694942
0.0796467
0.368696
0.977807
-0.348748
0.681926
0.462226
-0.00240381
-0.139517
0.241011
0.0294184
0.156
0.539653
-0.359118
1.13841
-0.189499
1.10567
0.0912619
0.0906378
1.1793
0.779428
1.3443
-0.0988441
0.693611
-0.348734
0.245695
0.623881
-0.421006
0.643523
-0.859075
0.262714
0.730398
-0.00687565
0.301872
0.0756377
0.347912
0.138624
0.65245
0.071558
0.906438
0.591489
0.921182
0.0113573
0.40563
1.32104
-0.234006
0.698308
0.225915
0.0112658
0.130463
1.05366
-0.0486851
0.683304
0.480113
0.53968
0.592964
0.618521
0.576779
0.301384
0.897211
0.49059
0.137544
0.634098
0.99128
1.27251
0.881183
0.728203
0.352316
0.562969
0.763913
0.733023
0.556746
0.388501
0.0484988
0.892817
0.704027
0.660665
0.66893
0.898706
0.771273
1.00829
0.905349
0.658346
0.842394
0.30965
0.802696
0.649752
0.866237
0.380302
0.925337
0.227431
0.996767
0.652848
0.245238
0.517728
0.278525
0.373582
0.819755
0.582092
0.505111
0.820339
0.320621
0.715179
0.506811
0.518496
0.50601
0.701804
0.429077
0.477176
0.99136
0.538183
0.327648
0.338669
0.140382
0.99027
0.907814
0.47948
0.43508
0.0737813
0.120373
0.491213
0.30059
0.596033
0.372431
0.46678
0.35675
0.105138
0.48515
0.337644
1.28196
0.27647
0.364752
0.794864
0.0507709
1.32502
0.456634
0.894511
0.4614
0.738856
-0.341077
-0.19713
1.02351
0.0253237
1.33855
0.559065
0.413345
1.60121
-0.334392
1.39759
-0.776612
1.40811
1.21544
1.34019
1.0829
-0.693935
0.989534
-0.733171
1.62
0.104676
0.644774
-0.0674327
0.569737
0.584534
0.155122
0.928816
0.0796826
0.839948
0.600067
0.942234
0.764573
0.259063
0.286422
0.135362
1.32056
0.729075
0.884995
0.464778
0.223141
0.74942
0.696112
-0.140049
0.917856
0.329197
1.52383
0.281843
-0.100384
0.92629
0.0408693
1.28386
0.258365
0.483863
0.886241
0.831483
0.910505
0.318431
0.721378
0.188753
0.687329
0.614879
0.456203
1.02356
0.837395
0.806943
0.812439
0.940262
0.450611
0.514639
0.509241
0.808431
0.191634
1.01596
0.816685
0.830457
0.308573
1.03391
0.415846
0.756804
0.867707
0.196333
0.659468
0.58261
0.369007
0.547176
0.266696
0.0800261
0.543623
0.515966
0.664528
0.235135
0.598748
0.42089
0.487359
0.471945
0.327984
0.426449
0.380304
0.315437
0.224048
0.632793
0.213869
0.752747
0.622465
0.172603
0.528595
0.255529
0.607037
0.386992
0.239291
0.814187
0.504466
0.643592
0.677831
0.361063
0.681758
0.584895
0.242681
-0.0647899
0.94054
0.20931
0.43909
0.536345
0.220416
0.620951
0.894707
0.662007
0.544756
0.528664
0.882357
0.506219
0.772946
0.82337
0.697141
0.390735
0.70203
0.695703
-0.0682077
0.629
0.65198
0.450315
0.71611
-0.103234
0.720776
0.426968
0.674417
0.36233
0.844756
0.538616
0.679701
0.591979
1.18399
1.3853
1.13378
0.98737
0.87246
0.845344
0.298706
0.860082
0.695431
0.664465
0.864989
0.684484
0.503871
0.658854
0.429289
1.37759
0.635762
0.621461
0.613335
0.609221
0.169578
1.05531
0.956458
0.779383
0.803582
1.14303
0.880219
0.69918
0.588469
0.861211
0.868987
0.650069
0.608981
0.664191
0.422348
0.946
0.85058
0.777513
0.412233
0.318291
0.59659
0.68179
0.595373
0.419266
0.200413
0.329374
0.312909
0.054232
0.457108
0.379999
0.395285
0.759604
0.6206
0.185327
0.243354
0.764498
0.403096
0.334997
0.111033
0.490443
0.786308
0.540255
0.74386
0.433205
0.753953
0.781821
0.664272
0.224501
0.284981
0.462406
0.328223
0.591237
1.21374
0.728555
0.679717
0.6114
0.373185
0.802193
0.121922
0.964511
0.616701
0.474063
0.302686
0.639728
0.28712
0.2575
0.554413
0.815113
0.0139339
0.550367
0.413081
0.184876
0.921838
1.09175
0.750688
0.503296
0.75619
0.631239
0.295673
0.930862
0.735255
0.428902
0.849917
0.61643
0.439266
0.557001
0.446975
0.665545
0.155776
0.246832
0.615112
0.601998
-0.116047
0.501005
0.243883
0.504453
0.477526
0.394244
0.847371
0.441068
0.727094
0.803629
0.616034
0.644442
0.673801
0.199387
0.742026
0.430994
0.726317
0.910168
0.552667
0.355686
0.728468
0.28083
0.751706
0.653103
0.691386
0.554933
1.04414
0.302863
0.696022
0.704667
0.278568
0.284832
0.441962
0.0285017
0.858651
0.0517235
0.380062
0.866302
0.292398
0.458913
0.812919
0.533739
0.537168
0.580056
0.829817
0.508616
0.808627
0.656247
0.65178
0.643089
0.560352
0.192452
0.269813
0.527843
0.664483
0.65688
0.732171
0.589774
0.166295
0.770553
0.517707
0.503282
0.515222
0.382769
0.553873
0.517644
0.487043
0.652258
0.315457
0.592943
0.362198
0.627516
0.294828
0.284414
0.55188
0.500905
0.340096
0.528937
0.380695
0.32446
0.291738
0.384744
0.238214
0.642172
0.791235
0.206109
0.481263
0.508315
0.353932
0.584254
0.633235
0.66294
0.557736
0.544326
0.525477
0.992281
0.3977
0.618944
0.822648
0.447157
0.790477
0.18086
0.178169
0.748047
0.546504
0.707328
-0.187105
0.666022
0.293805
0.00627557
0.199373
0.837547
0.826862
0.421776
0.61656
0.104974
0.475214
0.342803
0.779676
0.936911
0.858664
0.710212
0.686304
0.400517
0.414156
0.632002
0.610587
0.464843
0.365475
0.296638
0.923946
0.482912
0.173428
0.576959
0.680809
0.545562
0.490756
0.145239
0.40673
0.31417
-0.0163034
0.377431
0.278203
0.305544
0.0906276
0.0196656
0.449019
0.230497
0.233481
0.776923
0.381722
0.0480203
0.345482
0.51924
0.393421
0.162868
0.223869
-0.0450408
0.893442
0.0845043
0.368434
0.38744
0.397953
0.212727
0.670178
0.551475
0.466487
0.118724
-0.0417964
0.68964
0.420991
0.503525
0.396259
0.555513
0.993268
0.896356
0.736432
0.642861
0.745192
0.152788
0.765001
0.831412
0.0806912
0.704812
-0.123994
0.372519
0.06018
0.134164
0.755927
0.680002
0.590011
0.984588
0.197655
0.166663
0.578471
0.285529
0.751032
0.78501
0.679703
-0.440782
0.496396
0.667262
0.698753
0.610718
0.314383
0.228827
0.62088
0.532053
0.782735
0.561222
0.596675
0.627663
0.749377
0.567097
-0.143593
0.705402
0.369284
0.195451
0.327202
1.07153
0.54219
0.152189
1.44074
0.725025
0.261432
0.44135
0.772054
0.438272
-0.55073
0.99864
0.529671
0.693588
0.4842
-0.447091
0.63423
0.704652
0.139413
0.411833
0.901454
0.340154
0.772718
0.250727
0.107139
0.796167
0.962111
-0.158361
0.668771
1.39112
0.450058
1.06335
-0.138007
0.727369
0.239869
1.04663
0.0828772
0.804237
0.366901
0.478635
0.881662
0.644256
0.692371
1.26244
1.09122
-0.355965
1.10677
0.00950956
0.776283
0.403486
-0.203187
0.344277
-0.052909
0.776156
0.094197
0.453445
0.925216
0.454096
0.0028447
0.355898
0.18918
-0.121526
0.56796
0.328013
0.698859
0.637958
0.0821898
0.566087
0.160469
0.714862
0.534567
1.10885
0.621252
0.327036
0.267262
0.220678
0.866415
-0.494592
0.420328
0.819104
0.515587
0.412318
0.365655
0.965907
0.437475
0.796416
-0.0308049
0.0175849
0.234966
0.238909
0.428927
0.512107
0.513022
0.512549
0.160378
0.212773
0.695326
0.289363
0.0818733
0.799777
0.26284
0.396493
0.180982
0.72638
0.708615
0.410927
-0.034361
0.198407
-0.0376903
0.451138
-0.000777738
-0.0125344
0.792822
0.207176
0.550668
-0.046357
-0.0286948
0.17906
-0.0942825
0.389571
0.245211
0.255526
-0.194536
0.178939
0.494234
0.0487727
0.322764
-0.0346351
0.260758
-0.0517935
0.0196769
0.0157958
0.273188
-0.298289
0.41417
0.320431
0.115117
0.0384448
0.545077
0.319468
0.114701
0.804788
-0.24005
0.521756
0.152338
-0.0166867
0.39429
0.331806
0.148814
0.301006
-0.294917
0.120625
0.117774
0.0893725
0.269286
0.650978
-0.0300289
0.458119
0.293821
0.534295
0.636622
-0.120123
0.262505
0.494658
0.408625
0.494775
0.107228
0.368373
0.190861
0.604657
0.436006
0.457413
0.236881
0.165825
0.442517
0.295753
-0.0857532
0.517785
0.113966
0.619338
0.597547
0.285139
0.244381
0.296015
0.0897669
0.169691
0.478719
0.152803
0.394311
0.322168
0.364492
0.193111
0.618911
0.428195
0.343112
0.402928
0.194873
0.20907
0.248857
0.0508881
0.229416
0.639846
0.600931
0.468836
0.0335878
0.414563
0.376417
0.320274
0.625247
0.598667
0.473709
0.795897
0.4499
0.0882072
0.551
0.344573
0.806403
-0.141195
0.210771
0.471996
0.615008
0.356963
0.121171
0.22183
0.185802
0.392767
0.207326
0.704581
-0.348345
-0.0336677
0.67987
0.212555
-0.00932133
0.0881106
0.644199
-0.237642
0.291339
0.0269034
0.0757507
0.375484
0.0218134
0.389227
0.355139
0.100025
-0.0739357
0.133732
0.0469086
-0.158205
0.140722
-0.180066
-0.181024
0.10252
-0.248958
0.0217699
0.152282
-0.159075
0.110889
-0.259852
-0.301554
-0.19506
0.341166
-0.142509
-0.0478085
-0.53043
0.189555
0.541228
0.276874
-0.0576578
-0.135398
-0.221163
0.124236
0.168424
0.308673
-0.321142
0.690575
0.0749576
0.334293
-0.0312537
-0.187178
0.376396
-0.0281041
-0.075463
0.109829
0.261264
-0.197153
0.241467
0.161978
-0.0290065
0.263856
0.175121
0.182811
0.202967
0.0312023
0.583358
0.567155
-0.011559
0.458261
0.524463
0.326762
0.444272
0.160759
0.101308
0.32837
0.100797
0.375292
0.159774
0.0942475
0.123981
0.358122
-0.396307
0.242733
0.360533
0.389333
0.154883
0.565736
0.239
0.485938
0.431525
0.526723
0.433487
0.303759
0.242037
0.105558
0.0300031
0.133432
0.336974
-0.115059
-0.0827117
-0.088207
0.183448
0.144133
0.104881
0.179477
-0.266489
-0.379179
-0.143011
-0.199572
0.0302931
-0.177325
0.363792
0.163765
-0.17731
0.20375
0.237013
-0.0701944
-0.0604333
0.0349492
-0.0459436
-0.104304
-0.038743
0.374206
0.16901
-0.353024
0.422785
-0.294642
0.0344772
0.208183
-0.0804832
-0.0609951
0.114977
0.143836
0.396891
0.615833
0.313555
-0.140698
0.302028
-0.0855662
-0.000508981
0.268435
0.12897
0.349179
0.218454
0.00738093
0.22535
0.18244
0.289553
0.00136803
-0.225348
0.023618
0.0777615
-0.111391
-0.0381918
0.226231
-0.0894163
0.0252734
0.324686
0.0353921
-0.0310604
-0.0882373
0.0177872
0.222743
-0.0666084
-0.0684964
-0.152503
-0.429509
-0.241135
0.0189095
0.0242851
0.139261
-0.157576
-0.252463
-0.182924
0.0335092
-0.152672
-0.447182
-0.351182
-0.0111765
-0.345002
-0.267272
-0.350736
-0.211421
-0.375857
-0.140271
-0.412398
-0.299521
-0.664498
-0.381632
-0.433491
-0.1594
-0.137489
-0.00221085
-0.12478
-0.0830899
-0.239067
-0.118938
-0.12491
-0.144033
-0.379614
-0.186319
-0.0475031
-0.31129
-0.0224779
-0.384549
-0.486946
-0.163034
-0.292272
-0.98496
-0.399088
-0.700971
-0.985461
-0.644448
-0.970063
-0.92901
-0.324644
-0.160995
-0.829036
-0.829495
-0.932625
-0.99486
-0.950541
-0.671225
-0.827041
-0.392299
-0.590274
-1.09482
-0.610858
-0.923277
-1.07743
-0.545292
-1.00931
-1.14136
-0.883284
-0.757284
-0.741638
-1.2401
-0.957391
-0.659835
-0.496481
-0.523846
-1.07426
-0.802397
-0.756983
-0.798772
-1.07821
-0.875401
-1.11136
-0.565793
-0.545364
-1.15357
-0.870509
-0.733848
-0.857769
-0.996886
-0.985014
-0.690896
-0.980391
-0.629693
-0.903559
-1.10124
-0.596175
-0.894528
-0.937176
-1.03863
-0.474054
-0.613914
-0.783775
-0.84318
-0.753316
-0.739309
-0.680425
-0.797459
-1.28632
-1.1905
-1.27911
-0.995458
-0.958114
-1.33922
-1.11462
-0.823859
-1.37572
-1.21656
-1.26685
-1.25597
-1.43119
-1.60516
-1.54047
-1.2543
-1.55384
-1.10359
-2.08113
-1.37027
-1.59274
-1.6047
-1.54737
-1.62286
-1.19436
-1.40374
-1.87028
-1.2381
-1.36985
-1.32463
-1.15502
-1.35129
-1.13993
-0.821744
-1.38325
-1.54956
-1.31941
-1.33012
-0.92016
-1.58905
-1.21473
-1.28713
-1.38642
-1.2788
-1.45945
-1.16232
-1.51829
-1.36383
-1.52298
-1.59031
-1.3935
-1.49881
-1.39179
-1.53446
-1.35955
-1.80963
-1.55649
-1.16921
-0.755339
-1.14096
-1.20194
-1.26379
-0.808906
-0.813644
-1.23006
-0.688984
-0.126464
-0.814081
-0.424238
-0.745485
-0.855713
-0.813586
-0.74935
-0.575496
-0.565937
-0.670978
-0.851476
-0.928051
-1.0515
-0.965693
-0.957033
-0.821573
-0.793065
-1.01677
-1.11499
-1.05497
-0.838936
-1.19627
-1.13157
-0.705105
-1.57309
-1.03082
-1.23875
-0.965488
-1.01878
-1.11936
-1.23879
-1.38912
-1.36672
-1.06699
-1.23948
-1.23786
-1.74036
-1.99188
-1.45359
-1.94143
-1.84101
-1.80652
-1.86557
-1.7137
-2.00351
-2.25013
-1.82335
-2.1778
-2.06011
-1.58942
-1.75671
-2.51126
-2.27383
-1.86674
-2.09437
-2.14107
-1.84108
-2.58286
-2.34952
-2.45816
-2.50638
-2.65216
-2.51826
-1.91917
-1.90935
-2.25003
-2.10066
-2.71662
-2.66418
-2.37097
-2.46204
-2.45887
-2.22001
-2.84913
-2.33722
-2.83181
-2.80155
-2.39786
-2.82747
-2.81177
-2.79687
-2.61112
-2.54602
-2.63657
-2.5795
-2.88706
-2.62743
-2.69986
-2.57201
-2.57866
-2.30452
-2.44328
-2.54936
-2.41671
-2.60222
-2.30577
-2.55517
-2.73973
-2.42296
-2.82452
-2.56982
-2.62119
-2.72236
-2.9741
-2.72692
-3.32367
-2.95939
-2.95719
-3.27063
-2.75874
-3.07228
-2.79903
-3.14955
-3.0033
-2.92954
-3.01535
-2.69888
-2.54996
-2.5937
-2.77883
-2.63926
-2.43481
-2.50373
-2.5211
-2.601
-2.95402
-2.73394
-2.66314
-2.83016
-2.89476
-3.02998
-3.33859
-3.42987
-3.51749
-3.32262
-3.57333
-3.33416
-3.59387
-3.23013
-3.59925
-3.22941
-3.37
-3.34857
-3.36318
-3.12925
-3.43188
-3.50784
-3.0494
-3.44253
-3.22869
-3.08722
-3.03887
-3.06659
-2.6699
-2.92685
-2.78439
-2.66155
-3.01588
-2.92819
-2.92369
-2.63983
-3.24532
-2.86458
-3.04582
-2.80384
-3.01413
-2.93563
-3.53249
-3.56892
-3.07152
-3.51821
-3.68644
-3.66167
-3.21178
-3.26953
-3.13552
-3.23672
-3.44231
-3.5407
-3.41033
-3.05712
-3.82089
-3.14947
-3.39085
-3.6214
-3.1492
-2.87118
-3.41998
-3.37719
-3.94678
-3.66434
-3.75685
-3.98859
-3.67541
-3.30127
-3.56513
-4.10891
-4.31005
-4.30863
-4.57419
-4.3639
-4.49887
-4.88861
-4.74265
-4.94578
-4.78201
-4.95881
-5.27178
-4.63937
-4.53617
-4.57873
-4.24122
-4.45098
-4.1764
-3.96924
-3.77253
-3.80692
-3.76747
-3.39485
-3.2159
-3.09072
-3.21713
-3.41303
-3.29982
-3.43201
-3.59998
-3.76046
-3.80533
-3.32169
-3.97536
-3.77697
-4.22757
-4.39167
-4.4922
-4.7626
-4.55355
-4.631
-4.26579
-4.08554
-4.04257
-3.76103
-3.51679
-3.66073
-3.46792
-3.24009
-3.25336
-3.35103
-2.93502
-2.67362
-2.69257
-2.89889
-2.68174
-2.39696
-2.63317
-2.80898
-2.96443
-2.76282
-3.1167
-3.10175
-3.17704
-3.49271
-2.78164
-3.274
-3.13272
-3.62383
-3.17716
-3.05935
-3.21797
-3.30635
-3.0807
-3.24711
-2.83188
-3.13114
-2.94704
-2.81708
-2.5424
-2.80883
-2.14892
-2.19681
-2.51186
-2.06773
-2.09113
-2.32451
-2.38066
-2.05896
-2.16994
-2.08193
-2.23706
-2.48215
-2.17397
-2.44671
-2.35494
-2.38906
-2.5966
-2.61108
-2.52544
-2.09344
-2.5044
-2.5663
-2.15831
-2.18575
-2.54162
-2.28059
-2.20754
-2.38287
-2.40642
-1.95073
-2.13991
-1.96005
-2.03652
-1.8559
-1.27761
-1.82465
-2.03565
-1.71535
-1.70324
-2.02938
-2.38564
-2.03259
-2.3088
-2.19337
-2.46191
-2.37145
-2.71765
-2.47707
-3.09639
-3.03775
-2.64235
-2.66297
-2.81779
-2.82503
-2.66458
-2.97877
-2.5729
-2.34558
-2.53846
-2.09737
-1.94236
-1.92848
-1.854
-2.12237
-1.59726
-1.70305
-1.7589
-2.34534
-1.69541
-2.25343
-1.96639
-2.23685
-2.25966
-2.51074
-2.70293
-2.73789
-2.59835
-2.59588
-2.87354
-2.72044
-2.88923
-3.13766
-3.0451
-2.77502
-2.97107
-2.94108
-2.92994
-2.55959
-2.63488
-2.45703
-2.16575
-2.39693
-2.96015
-1.9452
-2.33345
-2.22522
-2.30636
-2.09825
-2.38708
-2.72574
-2.66403
-2.61676
-2.90695
-2.65269
-3.06961
-2.35382
-2.9246
-3.19721
-3.25757
-2.73965
-3.06028
-2.78382
-3.28716
-3.37565
-3.56655
-3.28151
-3.11316
-3.06683
-3.16438
-3.308
-3.16318
-2.67207
-2.91095
-2.9042
-3.17309
-3.20616
-3.00453
-2.92773
-3.10367
-2.52348
-3.00252
-2.89733
-2.67383
-2.70604
-2.75492
-2.91412
-2.96974
-2.55363
-3.32838
-2.94694
-3.13561
-3.05227
-3.78205
-3.25628
-3.51431
-3.83782
-3.47436
-3.80751
-3.8171
-3.51109
-3.47835
-3.59378
-3.29898
-2.99113
-3.84149
-3.11319
-3.33008
-3.04416
-3.09141
-2.6291
-2.82513
-3.42281
-2.93707
-2.73317
-2.9854
-2.92166
-3.09332
-3.17443
-2.88535
-3.10664
-3.11586
-3.28409
-2.99531
-3.28256
-2.97072
-3.28667
-3.30185
-3.33842
-3.64109
-3.63431
-3.37032
-3.62755
-2.92577
-3.57093
-3.64049
-3.95762
-3.86317
-4.04792
-3.99059
-3.99245
-4.07181
-3.6637
-3.96703
-3.29059
-3.80164
-3.63167
-3.58798
-3.56554
-3.15866
-3.43054
-3.67008
-3.97181
-3.954
-3.73001
-3.9141
-3.74676
-3.85331
-3.26483
-3.83559
-3.92897
-4.3549
-3.72023
-3.93766
-3.95545
-3.52526
-3.98223
-4.25563
-3.69054
-3.79328
-3.92539
-3.71692
-3.685
-3.90928
-3.62732
-4.52572
-3.92412
-3.71418
-3.4808
-3.86266
-3.79744
-3.33027
-3.17697
-3.57826
-3.62423
-3.95586
-3.95731
-4.1492
-4.24584
-4.56478
-4.29034
-4.44871
-4.86239
-4.46596
-4.29008
-3.68241
-3.99547
-4.39711
-3.81129
-4.0334
-3.86367
-3.66961
-3.72778
-4.06643
-3.60265
-4.1108
-3.54898
-4.46349
-4.06902
-4.0694
-4.20451
-4.17907
-4.57167
-4.27916
-4.26165
-3.87085
-4.19346
-4.09937
-4.08289
-3.64116
-3.42871
-3.70602
-3.60606
-3.61438
-3.15856
-3.16278
-2.85326
-2.79495
-2.95986
-2.90251
-2.68962
-3.00615
-3.47223
-3.12372
-4.17037
-3.86698
-3.58948
-4.2318
-3.89789
-4.40451
-4.53987
-4.93267
-4.82505
-5.2705
-4.96411
-4.99529
-4.86079
-5.4603
-4.96055
-4.87367
-4.75485
-4.55714
-4.82265
-4.74416
-4.75395
-4.7124
-4.64264
-3.89586
-4.03007
-4.03381
-3.67772
-3.67368
-3.84287
-3.76557
-3.74366
-3.84409
-3.95681
-3.90891
-3.75039
-3.8859
-4.09787
-4.03631
-4.50032
-4.59336
-5.04599
-4.38243
-4.91089
-4.77216
-4.58124
-4.56043
-4.59136
-4.34447
-4.35866
-4.20784
-4.41423
-3.80066
-3.73967
-3.59524
-3.01481
-2.84898
-3.43369
-3.26098
-3.44737
-3.20188
-3.42728
-3.21509
-3.95803
-3.98658
-3.93772
-3.86211
-4.00291
-4.67972
-4.78618
-4.91369
-4.90779
-4.92314
-5.42409
-5.56518
-5.33726
-5.81619
-5.79827
-5.90668
-5.40945
-5.15524
-5.16156
-4.90776
-4.53914
-4.9143
-4.61604
-4.00362
-4.27289
-3.85979
-3.96517
-3.48896
-3.79126
-4.10306
-3.50137
-3.88947
-4.01368
-4.178
-4.39765
-4.03146
-4.51137
-4.50324
-4.70949
-4.88361
-5.30682
-4.98323
-5.41317
-5.87131
-5.77894
-6.16811
-6.1041
-5.7187
-5.95237
-5.99827
-5.98232
-6.00693
-5.70048
-5.58071
-5.38749
-5.74249
-5.26499
-5.20164
-4.81741
-5.0035
-4.75813
-4.94885
-4.73096
-4.968
-5.58822
-5.75279
-6.08661
-6.43302
-6.1099
-5.99876
-6.3325
-6.08251
-6.63592
-6.88239
-6.83188
-6.87506
-7.12968
-6.78881
-6.08519
-6.56856
-5.91734
-5.79724
-5.30336
-5.32388
-4.64024
-5.0295
-4.60391
-4.809
-4.55107
-3.80024
-3.60902
-3.76359
-3.81517
-4.06884
-3.82417
-4.35776
-4.028
-3.82543
-4.28208
-4.14037
-4.09048
-4.23339
-4.10016
-3.67178
-3.6861
-3.49289
-3.42237
-3.07413
-2.79762
-2.9901
-2.57456
-2.29041
-1.80143
-1.52454
-1.32753
-0.885984
-1.20857
-0.702917
-1.08488
-1.13503
-1.30407
-1.51202
-1.85791
-2.2219
-2.32467
-2.87793
-2.56087
-3.5631
-3.56906
-3.65724
-3.71689
-3.41902
-3.80813
-3.41637
-3.09344
-2.87802
-2.77558
-1.88019
-1.76074
-1.8778
-1.50094
-1.16252
-0.574248
0.369804
0.0890125
0.449533
0.36622
0.361521
0.23685
0.128206
0.434676
0.125779
-0.779515
-0.728702
-0.830085
-1.85389
-1.91805
-2.38701
-2.92062
-2.86466
-2.83873
-3.07777
-2.84435
-2.78521
-3.07273
-2.44697
-1.96302
-1.78308
-1.51789
-1.29498
-0.951402
-0.878379
-0.0364882
-0.0897496
-0.0453628
0.370684
0.804462
-0.0427343
0.320459
0.236195
0.200103
-0.462233
-1.29053
-1.31443
-1.80452
-2.55572
-3.24827
-3.25613
-3.91308
-3.45894
-5.02773
-4.89494
-4.97452
-4.8887
-4.74025
-4.42397
-4.39721
-4.2313
-3.70724
-3.58543
-3.39654
-2.93925
-3.14206
-2.70652
-2.23141
-3.12866
-1.8085
-2.11789
-2.27256
-2.62258
-2.48653
-3.19885
-3.65406
-3.47825
-3.33902
-4.3346
-4.07937
-4.41239
-4.91831
-5.33263
-4.93146
-5.37575
-5.58835
-5.54902
-5.7381
-5.99044
-5.31506
-5.44195
-4.95073
-4.90971
-4.25001
-4.21866
-4.11671
-3.92351
-3.58725
-3.52584
-3.58367
-3.51829
-3.69994
-3.62063
-3.90838
-3.92882
-4.53167
-4.53175
-4.71564
-4.64141
-4.50727
-5.14399
-5.33444
-5.44366
-5.13422
-4.82538
-5.24368
-5.20489
-4.34074
-4.33253
-4.26232
-4.21065
-3.96283
-4.04203
-3.72789
-3.59391
-3.22383
-2.76174
-2.7186
-2.43325
-2.20295
-1.48992
-1.7382
-1.84792
-1.59702
-1.49299
-1.80134
-1.51035
-1.71275
-2.37084
-2.36142
-2.71683
-2.91395
-3.31617
-3.68511
-3.42633
-3.90884
-3.59196
-3.70392
-3.66439
-3.36214
-3.04293
-2.88358
-2.95994
-2.83075
-2.39882
-2.79086
-2.14531
-2.21602
-1.85031
-1.78236
-1.81043
-1.40563
-1.21485
-1.54878
-1.05643
-1.61581
-1.67234
-1.86448
-1.9454
-2.14385
-2.22863
-2.92408
-2.97877
-2.49604
-2.94585
-2.79223
-2.65405
-2.43927
-2.742
-2.22896
-1.80081
-1.57183
-2.18272
-1.37012
-1.46014
-1.1566
-0.961727
-1.43188
-0.902129
-0.745116
-0.854781
-0.914315
-0.804805
-0.914685
-1.071
-1.24384
-1.90019
-1.54823
-1.728
-1.89566
-2.69154
-1.91257
-2.14583
-2.47273
-2.31511
-2.61721
-2.33006
-2.48819
-1.76962
-2.0024
-2.18189
-1.8464
-1.80891
-1.54996
-1.18313
-1.05812
-0.871525
-0.950509
-0.71774
-1.30468
-0.98933
-1.13166
-1.5497
-2.42169
-2.58469
-3.18808
-2.86216
-3.26282
-3.10724
-3.11038
-2.68478
-2.57513
-2.67175
-2.45109
-2.29758
-2.14309
-1.41875
-1.62182
-1.15381
-1.27218
-0.810255
-1.25254
-0.908069
-1.50306
-1.64214
-1.08173
-1.69239
-1.99723
-2.60091
-2.87718
-3.08755
-2.67738
-2.70601
-2.63789
-2.77824
-2.13385
-2.46293
-2.37167
-2.03171
-1.53031
-1.51487
-1.17302
-1.11551
-1.18973
-1.06968
-0.954492
-1.48935
-1.31729
-1.10936
-0.984686
-0.471329
-0.729108
-1.17565
-1.63884
-1.67703
-1.42157
-1.45854
-2.07273
-2.10053
-2.08915
-1.98144
-2.07121
-1.98012
-1.54002
-1.76072
-1.50199
-1.70939
-1.10739
-0.898123
-0.982392
-1.01475
-1.19416
-1.00666
-1.19383
-1.17936
-1.24783
-0.943711
-1.00002
-0.757914
-0.69325
-1.04211
-1.07493
-1.11642
-1.02082
-1.24819
-0.917517
-1.38363
-1.63183
-1.65572
-1.46463
-1.41532
-1.78565
-1.93161
-1.81338
-1.65848
-2.00475
-1.86565
-1.68554
-1.35948
-1.50053
-1.34255
-1.28442
-1.15318
-0.751797
-1.17843
-0.628558
-0.894258
-0.791888
-0.393306
-0.842956
-0.388855
-0.384611
-0.863238
-0.40227
-0.727068
-1.066
-0.92158
-0.902189
-1.44822
-1.45937
-1.94888
-1.68123
-1.64969
-1.63774
-1.55647
-1.11147
-1.05981
-0.819094
-0.742758
-0.766451
-0.64355
-0.484699
-0.204346
-0.0168211
0.466647
0.0567181
-0.0903453
0.144884
0.24308
0.343712
0.977586
0.885726
0.294937
0.487039
0.453694
0.778378
0.370128
1.08221
0.218142
0.402635
0.111705
-0.124446
0.286372
-0.281735
0.322483
0.0353947
0.0700541
0.216881
0.618409
0.665316
0.774616
0.829918
1.11234
1.31643
1.70184
1.54735
1.84849
1.84245
1.63116
1.77384
1.61802
1.61606
1.47227
1.16329
1.31767
0.831248
0.852415
0.548683
1.16783
0.854993
0.319377
0.497394
0.619418
0.293921
-0.140839
-0.0970083
0.044413
0.0692163
0.238436
-0.344426
0.472176
-0.228942
-0.104011
0.211242
0.239128
0.66953
0.547
-0.199979
0.546118
0.443034
0.206651
0.296013
0.370776
-0.00560424
0.508091
0.459802
-0.0355062
-0.0636542
-0.529704
-0.283415
0.140349
-0.55895
-0.312109
-0.207339
-0.672196
-0.741156
-0.642548
-0.672835
-1.304
-0.658891
-0.941024
-0.989195
-1.00497
-1.1495
-0.663184
-1.00411
-0.919281
-0.685384
-0.506621
-0.565952
-0.249347
-0.270792
-0.0382902
0.269707
0.0237859
0.436418
0.172675
0.01416
0.105936
0.772544
0.353936
0.7675
0.855123
0.776295
0.632859
0.787456
0.447326
0.752826
0.380837
0.546846
0.0258383
0.620801
0.440206
0.36902
0.0469656
0.38289
0.235558
0.400799
0.29559
0.295297
-0.227588
0.293056
-0.119741
0.0200255
0.128344
0.0138068
-0.329534
0.0390528
0.0917557
-0.238889
-0.187413
-0.338776
-0.0681561
-0.240104
0.331292
0.205275
-0.265912
0.159224
-0.0235803
-0.280846
-0.287171
-0.0810725
-0.0377345
-0.1367
-0.227347
-0.0452987
-0.473055
-0.499982
-0.761858
-0.608595
-0.823864
-0.126802
-0.28593
-1.05281
-0.757316
-0.759087
-0.853045
-1.0592
-0.594877
-1.0457
-0.847441
-0.411443
-0.473729
-0.758426
-0.863435
-1.23314
-0.569508
-0.769381
-0.62189
-0.187203
-0.556326
-0.559842
-0.503203
-0.614289
-0.33245
-0.622473
-0.453938
-0.387069
-0.922736
-0.687295
-0.398136
-0.536372
-0.687888
-0.929657
-0.695214
-0.195379
-0.51556
-0.657112
-0.43074
-0.931383
-0.785598
-0.486661
-0.838564
-0.634287
-0.602675
-0.769209
-1.0327
-0.863127
-0.222645
-0.749755
-0.71662
-0.386853
-0.293333
-0.326322
-0.433598
-0.671677
-0.502209
-0.645049
-0.376468
-0.829391
-0.710946
-0.554602
-0.809694
-0.544947
-0.577308
-0.67787
-0.765401
-0.978996
-0.955419
-0.604142
-1.00811
-0.467699
-0.797657
-1.09974
-0.838935
-0.854495
-1.56237
-1.50954
-1.15333
-1.44063
-1.40353
-1.49787
-1.30865
-2.00357
-1.28678
-1.38787
-1.53797
-1.30206
-1.19624
-1.50564
-1.16074
-1.28177
-0.934604
-1.37885
-0.911425
-1.56066
-0.96607
-1.24212
-0.946298
-0.895939
-0.915101
-0.673615
-0.785007
-0.647768
-0.857794
-0.773517
-0.681573
-0.73147
-0.756524
-0.284726
-0.901946
-0.98419
-1.10592
-0.880508
-0.998688
-0.911249
-0.772375
-0.68046
-1.02583
-0.768144
-1.10662
-1.11411
-0.783745
-1.26288
-1.36861
-1.0303
-1.70948
-1.70614
-1.55587
-1.68451
-1.71712
-1.87588
-2.07805
-1.60335
-1.92074
-1.91025
-1.97896
-1.96318
-1.91034
-1.5923
-1.64239
-1.60838
-1.71477
-1.41145
-1.36896
-1.53486
-1.75873
-1.65079
-1.51245
-1.63776
-1.58345
-1.74582
-2.45491
-1.54663
-1.73504
-1.49224
-2.014
-1.35565
-1.36619
-1.88138
-1.74571
-1.47963
-1.32029
-1.72681
-1.31187
-1.6874
-1.2455
-1.46671
-1.32098
-1.36026
-1.53023
-1.05291
-1.74077
-1.1052
-1.3856
-1.12458
-1.6134
-1.79374
-1.50787
-1.40141
-1.11035
-1.36394
-1.44147
-1.58266
-1.33839
-1.4146
-2.02846
-1.45074
-1.19794
-1.39609
-1.06628
-1.33054
-1.08327
-1.47143
-1.38468
-1.41017
-1.42686
-1.4517
-1.5831
-0.848865
-1.12833
-0.962601
-1.16565
-0.775187
-0.902815
-1.30157
-0.637064
-0.653423
-0.88603
-0.685197
-0.358534
-0.812764
-0.418534
-0.575974
-0.762687
-0.0695288
-0.552184
-0.27359
-0.15447
0.027223
-0.348008
-0.026507
-0.265848
0.17042
-0.0398706
0.0130136
0.526957
0.133411
0.122834
0.356038
0.281932
0.118944
0.126507
0.113472
0.0997883
0.385937
0.334318
0.721278
0.611453
0.326551
0.922638
0.810271
0.485559
0.509431
0.702282
1.17265
0.437705
0.411533
0.165445
1.04382
0.407049
0.398473
0.602817
0.725681
1.20626
1.07452
1.08747
1.17351
0.705671
0.907859
1.17369
1.35627
1.31974
1.40694
1.48993
1.67125
1.38417
1.65318
1.7193
1.5922
1.60436
1.79808
1.89417
1.80456
1.75855
1.76182
1.7877
1.69564
1.67837
1.91617
1.51056
1.61832
1.77852
1.97413
1.44823
1.53865
1.67797
1.65466
1.71634
1.80832
1.53762
1.30152
1.59867
1.39553
1.41298
1.39121
1.44322
1.75258
1.36656
1.38621
1.20486
1.4483
1.61726
1.14019
1.64451
1.87208
2.04048
1.40986
1.7382
1.72222
2.03385
2.10338
2.4031
1.58494
1.47727
1.88991
1.50561
1.66272
1.36394
1.39618
1.7956
1.90355
1.86877
1.6428
1.91313
1.44451
1.64879
1.69604
1.43415
1.47117
1.38489
1.91318
1.14413
2.00243
1.20556
1.32506
1.87122
1.46261
1.20865
1.49823
1.36751
1.19626
0.984731
1.27116
0.951214
1.60901
0.992454
1.32352
1.52049
1.76032
1.4843
1.27987
1.50748
1.48349
1.06951
1.5293
1.59696
1.52991
1.4947
1.5661
1.34961
1.39076
1.4485
1.03187
1.33211
1.49927
1.23608
0.97094
0.990982
0.779399
0.985048
1.32207
1.14156
1.33752
1.70793
1.44994
0.952455
0.916933
1.41497
1.58803
1.93539
1.65557
1.567
1.48699
1.32638
1.41166
1.44495
1.78359
1.76442
1.44973
1.82439
1.57962
1.86861
1.74003
1.47001
1.77098
1.73027
1.72091
2.01897
1.26414
1.41886
1.24083
1.51943
1.40026
1.31867
2.03204
1.65848
1.56382
1.64931
1.48961
1.71778
1.45057
1.75047
1.40035
1.80372
1.46138
1.6742
1.40377
1.77927
1.34363
1.56748
1.55249
1.2845
1.60711
1.67449
1.87463
1.30486
1.55006
1.73076
1.28634
1.70391
1.46362
1.13881
1.83909
1.29577
1.60862
1.07925
1.94559
1.39967
1.02474
1.3668
1.69175
1.48844
1.38762
1.23713
1.2148
1.64184
1.15297
1.66861
1.39766
1.16965
1.28993
1.06149
0.767533
1.20225
1.23429
0.909136
1.29152
1.34493
1.44058
1.63293
1.54
1.30579
1.27181
1.22644
1.6207
1.28416
1.05618
1.03882
1.04714
0.991956
0.637681
1.04263
0.943616
1.08185
0.940209
0.962213
0.909087
1.05596
0.963864
1.40146
1.12313
1.13932
1.44155
1.54569
1.26902
1.19359
0.818358
0.913419
0.988677
1.23246
0.947382
0.442421
0.921137
0.895563
0.898979
0.839473
0.91292
0.968226
0.463921
0.886151
0.609958
0.882887
0.977426
1.18691
0.470748
0.569902
0.973462
0.340627
0.958996
0.535418
0.365307
0.587343
0.763252
0.4165
0.462892
0.566435
0.187235
0.9023
0.94265
0.423044
1.08504
0.313119
0.782499
0.394162
0.873272
0.762665
0.503788
0.48594
0.915651
0.410702
0.667262
0.794727
0.190337
0.500887
0.867933
0.57084
0.699787
0.581455
0.526187
0.413315
0.742992
0.459794
0.614939
0.78209
0.402626
0.769988
1.08656
0.370232
1.20714
0.493713
0.859289
0.724415
0.755671
0.825836
1.21713
0.340059
0.668482
0.746353
0.937268
0.868834
1.09792
0.705104
0.386986
0.622342
0.783578
1.08183
0.601635
0.399267
0.722356
0.525903
0.675894
0.355532
0.705645
0.484345
0.521868
0.677322
0.586434
0.221783
0.865859
0.364739
0.20773
0.626207
0.815949
0.532974
0.584485
0.564931
0.677127
0.29439
0.72534
0.274522
0.652985
0.585694
1.09323
1.11996
0.835287
0.520128
0.672261
0.812331
0.237171
0.459432
0.723012
0.433118
0.636057
0.505683
0.800602
0.98622
0.423367
0.31944
0.0248907
0.392221
0.711348
0.418545
0.301325
0.217494
0.785401
0.465397
0.78261
1.02092
0.590729
0.528187
0.408274
0.450062
0.828637
0.969715
0.736808
0.849911
0.773197
0.167787
0.974427
0.360052
0.69212
0.961777
1.27423
0.449322
1.01305
0.777001
0.472198
0.734531
0.820934
0.617595
0.824981
1.1068
1.02396
0.882611
0.965182
0.707802
0.596307
0.374157
0.759476
0.813437
0.946829
0.184107
0.621535
0.740348
0.529473
1.04402
0.82259
0.634399
0.322753
0.192339
0.752647
0.921399
0.886784
0.65548
0.713242
0.521079
0.889817
0.655455
0.0498622
0.215207
0.717264
0.520973
1.0949
0.36611
0.486334
0.890767
0.743395
1.16683
0.944148
0.548655
0.220298
0.375505
0.513578
0.830068
0.918524
1.00007
0.752871
0.773895
0.318507
0.431225
0.54809
0.135078
0.767296
0.588669
0.788479
0.656848
0.637589
0.775093
0.576338
0.753139
0.48339
0.35535
0.300939
0.624111
0.527197
0.379012
0.593594
0.684613
0.56496
0.624827
0.669666
0.608278
0.710911
0.785222
0.733783
0.487892
0.550531
0.450159
0.21369
0.684004
0.269731
0.458801
0.454314
0.778045
0.269111
0.0945498
0.774436
0.568732
0.969501
0.42688
0.428924
0.74277
0.304899
0.458263
0.130844
0.464927
0.456169
0.5154
0.585002
0.562109
0.733958
0.816351
0.633544
0.782071
0.321261
0.547836
0.525634
0.65359
0.325536
0.663406
0.136774
0.539815
0.305152
0.404718
0.314582
0.497148
0.367362
0.38464
0.508365
0.674173
0.799755
0.668308
0.905987
0.708749
0.820993
0.44848
0.156875
0.840273
0.4007
0.989633
0.327771
0.877808
0.498107
0.580667
0.647659
0.21045
0.489077
0.478359
0.682536
0.616538
0.438813
0.331263
0.573566
0.693362
0.5978
0.638123
0.632489
0.812326
0.501946
0.46968
0.514107
0.600003
0.878827
0.186871
0.33934
0.392541
0.622645
0.754848
0.730788
0.697232
0.616839
0.779025
0.773275
0.506643
1.05679
0.840676
0.788265
0.571538
0.265665
1.14754
0.483248
0.845846
0.997325
0.725356
0.621039
0.66603
0.295503
0.711502
0.626987
0.861539
0.538144
0.395248
0.42815
0.959425
0.738079
0.742936
0.642726
1.16195
0.860148
0.821374
0.368166
0.398803
0.658112
0.592432
0.50529
0.809385
0.691161
0.67572
0.503134
0.87244
0.51063
0.598236
0.189249
0.5001
0.645713
0.744218
0.168687
0.515402
0.305931
0.606686
0.598121
0.313782
0.235606
0.312167
0.52581
0.418838
0.569808
0.489868
0.429013
0.271091
0.490974
0.7679
0.163635
0.974578
0.712482
0.47649
0.435591
0.0583434
0.405205
0.293335
-0.0868292
0.377769
0.475364
0.488981
0.211081
0.593957
0.418908
0.333375
0.721131
0.393545
-0.0331082
0.276323
0.850611
0.624175
0.447419
0.671213
0.315255
0.271595
0.848686
0.375282
0.37677
0.249662
0.293162
0.695228
0.831447
0.724053
0.193765
0.57399
0.357755
0.356219
0.600608
0.490443
0.509851
0.759561
0.628476
0.871906
0.641346
0.582821
0.547876
0.492499
0.69722
0.327388
0.746634
0.537768
0.531841
0.831214
0.298203
0.722327
0.431271
0.659889
0.501314
0.763291
0.817256
0.633647
0.859815
0.80705
0.851923
0.912554
0.711135
0.229622
0.934121
0.406599
0.605406
0.846233
0.632484
0.887121
0.591294
0.660177
0.862931
0.370629
0.675313
0.754808
0.387851
1.06963
0.610289
0.477774
0.305519
0.187813
0.798968
0.752467
0.537952
0.701995
0.465423
0.215004
0.835521
0.590495
0.575058
0.355709
0.370565
0.743849
0.358477
0.790327
0.178463
0.385253
0.581816
0.433692
0.933374
0.642207
0.780717
0.514592
0.763349
0.843005
0.872098
0.46843
0.426288
0.52433
0.716199
0.822931
0.588317
0.49558
0.47645
0.736187
0.704552
0.476612
0.48084
0.632044
0.200717
0.721321
0.508492
0.635287
0.813783
0.581155
0.667986
0.66876
0.79245
0.833948
0.414453
0.897229
0.845102
0.538859
0.234422
0.565905
0.403298
0.505744
0.84532
0.460749
0.650742
0.166036
0.838359
0.53346
0.634672
0.476595
0.444992
0.355192
0.47516
0.690772
0.439764
0.578233
0.425144
0.906332
0.812074
0.653485
0.174
0.550971
0.65523
0.98663
0.737263
0.387418
0.798898
0.35577
0.386486
0.501307
0.431431
0.826796
0.726683
0.632742
0.576391
0.247891
0.596149
0.603798
0.772192
0.993251
0.964757
0.349671
0.0703755
1.02403
1.11475
0.955792
0.828779
0.69157
0.652083
0.879088
0.369607
0.401058
0.389411
0.527975
0.502495
0.899646
0.543177
0.74626
0.503951
0.815855
0.420853
0.643584
0.413249
0.619139
0.506692
0.615941
0.276291
0.588066
0.80771
0.53696
0.77803
0.587271
0.694977
0.848281
0.474876
0.339072
0.349172
0.636426
0.850576
0.475652
0.775196
1.07603
0.495018
0.684585
0.670909
0.761032
0.503208
0.740279
0.756368
0.729559
0.333994
0.5616
0.47704
0.725322
0.936938
0.34794
0.47224
0.368108
0.342494
0.0636302
0.523893
0.603157
0.793054
0.565982
0.259558
0.246174
0.478412
0.727627
0.203148
0.379636
0.658204
0.629859
0.678329
0.684792
0.694377
0.357675
0.294974
0.745542
0.47809
0.440839
0.401813
0.802053
0.585575
0.374016
0.722933
0.568431
0.818741
0.597578
0.638441
0.698462
0.470535
0.839422
0.352134
0.680044
0.92719
0.550783
0.447748
0.499371
0.827955
0.529052
0.44704
0.600637
0.273596
0.439222
0.934669
0.699849
0.649819
0.295346
0.933697
1.02664
0.900538
0.68882
0.399213
0.294239
0.730383
0.269041
0.627644
0.619515
0.516954
0.685355
0.375432
0.607762
0.0737983
0.478409
0.920202
0.779347
0.473597
0.0778301
0.701031
0.350798
0.788783
0.607332
0.400016
1.10626
0.60727
1.02289
0.890593
0.952167
0.272523
0.54741
0.438999
0.787341
0.539871
0.726374
0.468626
0.828938
0.299171
0.359909
0.224935
0.70938
0.694226
0.583641
0.449482
0.529457
0.370253
0.738069
0.929634
0.73225
0.372249
0.768296
0.156093
0.612671
0.452529
0.520718
0.632861
1.05587
0.646213
0.552348
0.518433
0.63709
0.884109
0.846406
0.637896
0.539105
0.78376
0.443773
0.613725
0.804942
0.66639
0.547878
0.591021
0.498273
0.823486
0.487121
0.587398
0.2499
0.752867
0.721307
0.229825
0.6662
0.72371
0.567502
1.05239
0.488684
0.83837
0.353945
0.843225
0.30417
0.316242
0.800767
0.748381
0.959553
0.487042
0.592822
0.313695
0.594887
0.584425
0.480214
0.533519
0.706462
0.734209
0.524241
0.495122
0.368355
0.54864
0.711176
0.415868
0.437218
0.738465
0.313208
0.734731
0.722423
0.792759
0.706545
0.935553
0.369225
0.76095
0.745084
0.760205
0.555377
0.578857
0.938073
0.820178
0.134186
0.806809
0.565523
0.926217
0.492295
0.379919
0.437565
0.684941
0.468453
0.69847
0.827843
0.282266
0.907186
0.489392
0.761822
0.468305
0.743857
0.309047
0.532678
0.361224
0.58633
0.275722
0.462508
0.783655
0.623231
0.45503
0.664702
0.870864
0.573202
0.619193
0.601311
-0.00709175
0.56161
0.22631
1.01245
0.375069
0.265601
0.616775
0.650844
0.303985
0.281556
0.26955
0.600579
0.778141
0.659306
0.141432
0.395974
0.532934
0.438052
0.632591
0.322295
0.607291
0.559008
0.414547
0.539047
0.804232
0.30731
0.370614
1.03204
0.260026
0.643605
0.549347
0.547106
0.554575
0.405712
0.530044
0.440601
0.671477
0.549604
0.147033
0.734917
1.02838
0.955982
0.529177
0.900349
0.587826
0.791289
0.71255
0.749124
0.782362
0.25806
0.385015
0.406138
0.346861
0.651228
0.55621
0.332951
1.03122
0.337395
0.716088
0.752739
0.490506
0.540218
0.751175
0.600812
0.500552
0.610474
0.617915
0.444547
0.61722
0.704556
0.705658
0.799634
0.182842
0.436511
1.08769
0.716316
0.312873
0.507296
0.74299
0.316684
0.539051
0.413465
0.402143
0.635205
0.149328
0.54354
0.636891
0.697795
0.633398
0.380191
0.335055
0.551852
0.630884
0.454548
0.709498
0.135178
0.425156
0.147033
0.493458
0.348795
0.123249
0.159282
0.461858
0.328448
0.611887
0.715882
1.28214
0.603015
0.257222
0.663784
0.360433
0.104994
0.624088
0.526603
0.684062
0.822761
0.47934
0.344384
0.474824
0.685877
0.624962
0.512941
0.52413
0.105779
0.669206
0.487529
0.805929
0.422838
0.367923
0.579732
0.607974
0.996283
0.361237
0.685463
0.484464
-0.0903901
0.899788
0.67627
0.532748
0.654307
1.00273
0.503739
0.827061
0.481323
0.669397
0.487526
1.00182
0.340432
0.494368
0.642605
0.398364
0.580324
0.492667
0.902445
1.18722
0.811136
0.91233
0.547164
0.752837
0.177798
0.430884
0.394478
0.694028
0.514256
0.364474
0.436493
0.558708
0.38219
0.390849
0.716333
0.74247
0.575894
0.432327
0.29313
0.586081
0.635274
0.474188
0.954662
0.57148
0.334774
0.28868
0.19159
0.353623
0.417499
0.349073
0.558701
0.590029
0.528812
0.423611
0.255531
0.29917
0.640225
0.376163
0.69116
0.449941
0.467368
0.299442
0.416627
0.452645
0.405288
0.540003
0.732781
0.506441
0.859592
0.869036
0.350574
1.23816
0.565804
0.682411
0.699118
0.648258
0.501603
0.929927
0.512118
0.610622
0.510307
0.470383
0.409184
0.79644
0.559688
0.598455
0.473067
0.628294
0.26964
0.313658
0.65564
0.320974
0.400363
0.65693
0.558746
0.431334
0.439079
0.720468
0.348171
0.402459
0.546302
0.366918
0.620857
0.169851
0.612113
0.98275
0.573486
0.526796
0.47043
0.62363
0.407642
0.834728
0.491797
0.537162
0.331489
0.777261
0.220979
0.537681
0.536238
0.959505
0.671114
0.610646
0.610758
0.352717
