0.764873
0.419719
0.52152
0.204335
0.213576
0.262676
0.526054
0.350711
0.141299
0.393997
-0.0179338
0.89478
0.467279
0.416726
0.515286
0.498537
0.387422
0.845135
0.695531
0.733473
0.581259
0.627427
0.400396
0.565899
0.72061
0.287554
0.439394
0.275797
0.580912
0.505049
0.793015
0.669906
0.0545429
0.344219
0.311681
0.670357
0.355375
0.206608
0.208025
0.675431
0.424633
0.46781
0.293071
0.582747
0.539512
0.201958
0.387942
-0.107375
0.249995
0.430218
0.547886
0.420908
0.204144
0.628859
0.560335
0.222955
0.445576
0.0275214
0.362108
0.654228
0.551867
0.270791
0.111746
0.772249
0.646608
0.298737
0.464654
0.0595112
0.592571
0.753687
0.279294
0.418209
0.0248283
0.102225
0.300205
0.372345
0.688112
0.336691
0.243745
0.466945
0.504633
0.34122
0.551848
0.632032
0.500201
0.184083
0.350914
0.595386
0.541376
0.546499
0.188634
0.890061
0.55028
0.52032
0.371241
0.680535
0.319164
0.626829
0.347752
0.455428
0.553987
0.228188
0.687018
0.633148
0.19683
0.628968
0.337812
0.33774
0.246489
0.0521241
0.68155
0.894257
0.341063
-0.0159865
0.721615
0.510662
0.689449
0.543786
0.108791
0.951946
0.483077
0.283332
0.85579
0.77994
0.530355
0.513741
0.53692
0.430482
0.510708
0.0274977
0.365565
0.428965
0.385512
0.537317
0.688805
0.503896
0.428675
0.214628
0.537331
0.18145
0.522023
0.923741
0.57658
0.485378
0.724194
0.66485
0.554725
0.605756
0.189135
0.255873
0.368738
0.60456
0.521999
0.540241
0.523277
0.371197
0.409365
0.705009
0.372602
0.497486
0.209729
0.638131
0.425247
0.15786
0.385861
0.272416
-0.0836172
0.419463
0.294692
0.413915
0.29694
0.564888
0.389765
0.368967
0.480361
0.577163
0.478023
0.628798
0.320356
0.486405
0.541964
0.0925921
0.494289
0.402097
0.411367
0.640156
0.856863
0.501154
0.900722
0.497707
0.214236
0.464165
0.429452
0.0958006
0.801646
0.269626
0.200077
0.370301
0.731068
0.234365
0.373836
0.625835
0.517779
0.417774
0.536663
0.652681
0.545166
0.706302
0.605147
0.31318
0.571822
0.472851
0.434015
0.642213
0.325442
0.368299
0.157449
0.47462
0.455653
0.481684
0.66476
0.803096
0.377268
0.386998
0.374501
0.486849
0.353485
0.333918
0.353697
0.511704
0.630806
0.419571
0.251598
0.602723
0.645228
0.327781
0.642108
0.51076
0.18172
0.479042
0.521976
0.595128
0.691781
0.364728
0.236357
0.400947
0.47734
0.559969
0.58968
0.470707
0.441717
0.598323
0.588386
0.410187
0.383416
0.597613
0.273183
0.876613
0.252544
0.454326
0.64095
0.737768
0.385485
0.444046
0.498915
0.801537
0.333962
0.650352
0.458736
0.276413
-0.0193787
0.433152
0.469131
0.527766
0.843753
0.337196
0.542134
0.106593
0.553911
0.650819
0.459
0.676059
0.346477
0.314661
0.233875
0.726277
0.074364
0.54985
0.772475
0.478771
0.863398
0.530049
0.500498
0.696518
0.787345
0.456602
0.46058
0.80202
0.368378
0.395102
0.292543
0.332734
0.661162
0.505445
0.655323
0.448178
0.792577
0.644648
0.514408
0.608323
0.775697
0.598444
0.533016
0.456412
0.341159
0.777605
0.395236
0.665433
0.433152
0.623794
0.793084
0.410762
0.67215
0.596056
0.672939
0.717425
0.461909
-0.0867618
0.325059
0.525498
0.485073
0.346832
0.611218
0.438233
0.568116
0.733934
0.36627
0.46569
0.900561
0.118987
0.229136
0.282872
0.496549
0.320434
0.508577
0.38583
0.440753
0.399835
0.393033
0.591881
0.260208
0.352076
0.490767
0.836924
0.38949
0.536784
0.698175
0.284817
0.308491
0.4075
0.281322
0.284374
0.414037
0.284681
0.137682
0.480536
0.86814
0.663019
0.188199
0.0161683
0.281129
0.542634
0.328385
0.459514
0.0792154
0.609716
0.597337
0.152591
0.338884
0.548125
0.35949
0.536576
0.896404
0.318177
0.581281
0.350714
0.471371
0.379679
0.196794
0.379302
0.248241
0.302352
0.499734
0.735606
0.130876
0.456777
0.472713
0.167136
0.218215
0.885883
0.641975
0.373762
0.568144
0.48695
0.451493
0.496008
0.614324
0.39662
0.364124
0.58453
0.541984
0.155739
0.270999
0.293134
0.312243
0.178981
0.115751
0.316827
0.227934
0.692408
0.591312
0.574472
0.783504
0.793838
0.576692
0.349038
0.482772
0.829632
0.828048
0.266453
0.515679
0.439594
0.704473
0.336687
0.638439
0.37287
0.383558
0.536046
0.707179
0.172392
1.01344
0.515697
0.947174
0.222061
0.397496
0.287077
0.562277
0.361387
0.658852
0.164191
0.210445
0.29017
0.539154
0.541209
0.342876
0.441671
0.292591
0.725286
0.280823
0.439314
0.414344
0.44271
0.398891
0.657113
0.312017
0.416465
0.826822
0.554627
0.565878
0.342443
0.394412
0.686568
0.248001
0.523347
0.296459
0.734043
0.691349
0.800823
0.437616
0.579065
0.0727338
0.593757
0.574195
0.251765
0.587176
0.556155
0.11123
0.310005
0.873936
0.413124
8.69901e-05
0.421478
0.57809
1.01676
0.408133
0.284953
0.129251
0.411422
0.347509
0.301337
0.518904
0.285507
0.154067
0.624333
0.0198866
0.703286
0.255908
0.412306
0.684003
0.458148
0.347325
0.321245
0.121579
0.570881
0.508933
0.459889
0.824751
0.515151
0.531117
0.715983
0.706261
0.680966
0.673116
0.350317
0.417848
0.643138
0.721989
0.570097
0.217494
0.70045
0.676013
0.817531
0.55771
0.395579
0.318534
0.0398978
0.54698
0.222627
0.6148
0.0968224
0.243558
0.373627
0.567261
0.563242
0.476484
0.411033
0.476129
0.68386
0.294226
0.0685625
0.295586
0.540155
0.59496
0.409654
0.461765
0.763217
0.796997
0.262821
0.422381
0.397707
0.485518
0.494839
0.876604
0.605747
0.346073
0.231893
0.430518
0.471721
0.45611
0.411815
0.611834
0.720045
0.238304
0.555967
0.263446
0.566845
0.654082
0.597327
0.839999
0.753828
0.715188
0.852987
0.458552
0.323541
0.92924
0.572326
0.270488
0.690982
0.915156
0.467601
0.377008
0.553253
0.332983
0.164609
0.524214
0.782035
0.63043
0.0533104
0.3331
0.453906
0.617362
0.576614
0.0560479
0.263747
0.777949
0.677234
0.886202
0.353764
0.619157
0.52319
0.309435
0.799231
0.73144
0.39222
0.564887
0.30168
0.0475608
-0.090664
0.130507
1.00606
0.5425
0.401444
0.500364
0.58345
0.808542
0.72856
0.170855
0.359589
0.542684
0.185308
0.472456
0.265578
0.366519
0.228548
0.528806
0.405373
0.908578
0.490755
0.697082
0.48095
0.579193
0.988045
0.322782
0.754405
0.441439
0.572287
0.159473
0.318628
0.597504
0.291081
0.203843
0.469123
0.260008
0.216305
0.530452
0.609433
0.608272
0.515941
0.619406
0.464514
0.433627
0.670561
0.585827
0.124577
0.455196
0.618603
0.160538
0.204601
0.0290083
0.667003
0.557589
0.54882
0.798776
0.45291
0.693367
0.26855
0.217049
0.357885
0.777336
0.737855
0.491414
0.433943
0.492023
0.658106
0.862629
0.424859
0.329829
0.418966
0.598077
0.813355
0.764404
0.516834
0.475243
0.365227
0.694719
0.571203
0.768602
0.279088
0.441702
0.547894
0.544144
0.312413
0.810717
0.516324
0.151905
0.757206
0.560211
0.655529
0.397041
0.579947
0.363351
0.599516
0.215737
0.777677
0.673919
0.429046
0.402269
0.476078
0.357987
0.548976
0.399659
0.503627
0.921334
0.813465
0.401527
0.550059
0.454271
0.766753
0.282737
0.556393
0.361525
0.524196
0.505502
0.511382
0.439013
0.458486
0.54634
0.46014
0.7149
0.436496
0.305385
0.676359
0.333095
0.285149
0.720947
0.240779
0.562759
0.320849
0.774293
0.346986
0.427259
0.791043
0.512542
0.269185
0.507283
0.413954
0.795809
0.702588
0.850489
0.342103
0.41517
0.163015
0.331255
0.647122
0.229436
0.49624
0.667799
0.320199
0.522792
0.529596
0.444731
0.394058
0.568425
0.566911
0.499451
-0.201471
0.679101
0.530847
0.486771
0.363509
0.658268
0.257322
0.492894
0.428917
0.612285
0.34093
0.0753901
0.0677174
0.173528
0.716759
0.324765
0.667154
0.385867
0.514701
0.419184
0.456789
0.330688
0.748515
-0.0182273
0.0760923
0.378229
0.110674
0.148329
0.055118
0.479743
0.61579
0.705304
0.219982
0.382881
0.43807
0.355358
0.461993
0.519188
0.15024
0.559971
0.610857
0.102823
0.377957
0.679326
0.132454
0.287102
0.629694
0.220363
0.756697
0.54708
0.0649322
0.270394
0.288238
0.445407
0.534512
0.368022
0.492293
0.411168
0.688647
0.575627
0.199702
0.183853
0.21998
0.366641
0.454385
0.535611
0.693891
0.213391
0.41861
0.124204
0.380019
0.605187
0.210834
0.187517
0.98848
0.246947
0.409694
0.163356
0.594006
-0.0156992
0.194588
0.130143
0.0977413
0.17954
0.583265
0.253145
0.400925
0.292174
0.516665
0.326976
0.217623
-0.0156763
0.380283
0.439027
0.261072
0.173789
0.390454
0.352824
0.338971
0.314125
0.522677
0.84502
0.773201
0.37754
0.409762
0.113199
0.314757
0.504145
0.589245
0.383245
0.356211
0.0840516
0.474019
0.929009
0.244132
0.304816
0.0518511
0.517869
0.333435
0.444541
0.14874
0.571797
0.0678005
0.648174
0.451618
0.469804
0.516768
0.11695
0.0372788
0.749255
0.620654
0.912632
0.58092
0.551729
0.298409
0.56245
0.264693
0.46682
0.402653
0.122836
0.243738
0.284653
0.745349
-0.0586694
0.874405
0.768093
0.0970781
0.46506
0.590701
0.720788
0.317539
0.507148
0.624118
0.882975
0.649666
0.500726
0.777098
0.735039
0.964409
0.619605
0.573682
0.495169
0.858476
0.391182
0.521686
0.689205
0.27601
0.466244
0.546576
0.583116
0.72302
0.401689
0.651954
0.241172
0.42104
0.497577
0.489853
0.413198
0.439392
0.231536
0.408056
0.507065
0.146887
0.415616
0.560685
0.638887
0.212424
0.517043
0.469971
0.650796
0.604641
0.422771
0.314152
0.17663
1.02939
0.945963
-0.0879471
0.398677
0.544422
0.443161
0.27432
0.119362
0.454347
0.392301
0.425637
0.403038
0.493088
0.807478
0.397068
0.263387
0.0542748
0.123598
0.451179
0.0221843
0.384707
0.468739
0.128239
0.697623
0.291157
0.382595
0.431726
0.263059
0.239099
0.601134
0.842129
0.203665
0.323902
0.0769954
0.385588
0.421146
0.231113
0.413634
0.159476
0.658165
0.617811
0.678687
0.209614
0.200557
0.755941
0.760094
0.917489
0.576105
0.483108
0.433845
0.290052
0.560584
0.505505
0.365187
0.340906
0.206958
0.690515
0.267821
0.294244
0.231479
0.797162
0.185234
0.281501
0.661016
0.600331
0.326249
0.257754
0.416389
0.402014
0.393102
0.472852
0.565929
0.470383
0.26775
0.46404
0.583746
0.375847
0.0440635
0.343508
0.67296
0.439023
0.351769
0.651786
0.365228
0.418535
0.164402
0.437757
0.385547
0.5749
-0.0553189
0.448656
0.718269
0.603876
0.369796
0.335192
0.294964
0.329353
0.640713
0.789666
0.361041
0.236902
0.580894
0.169233
0.30714
0.290929
0.409759
0.551713
0.410205
0.58303
0.319365
0.428086
0.122208
0.125004
0.642956
0.482752
0.445067
0.579653
0.190266
0.486321
0.272142
-0.0730081
0.440287
0.341554
0.193116
0.714506
0.162789
0.39576
0.215331
0.214232
0.316272
0.445525
0.491675
0.177779
0.381039
0.700372
0.727509
0.690204
0.0711114
0.624671
0.452182
0.376029
0.534147
0.133953
0.571794
0.308797
0.486412
0.241537
0.329212
0.743861
1.06434
-0.0202679
0.19615
0.299307
0.29355
0.415326
0.511908
0.539995
0.235315
0.193731
0.562985
0.441212
0.226642
0.125344
0.222654
0.405405
0.519896
0.265844
0.476826
0.157722
0.33081
0.552091
-0.166242
0.557304
0.537158
-0.239846
0.24932
0.212756
0.29093
0.448808
0.359532
0.723564
-0.0110601
0.469581
0.782983
0.458483
0.153818
0.348345
0.278888
0.68709
0.82733
0.492905
0.263494
0.616796
0.368847
0.226393
0.383971
0.29734
0.375616
0.591469
0.285137
0.36223
0.313891
0.546826
0.236679
0.379909
0.447833
0.275306
0.568723
0.269604
0.200868
0.11592
-0.0169019
0.607975
1.02239
0.484804
0.696185
0.289619
0.622298
0.375692
0.371427
0.642312
0.0961827
0.820579
0.589921
0.429939
0.404327
0.56131
0.542776
0.3984
0.11355
0.449558
0.487483
0.499221
0.487167
0.26484
0.0151187
0.470196
0.358486
0.567264
0.309041
0.176284
0.309381
0.514084
0.153979
0.685484
0.587078
0.414895
0.33738
0.341142
0.00924929
0.553393
0.509322
0.363511
0.0459019
0.400636
0.888308
0.299922
0.511277
0.773753
0.501686
0.481429
0.428434
0.240518
0.411228
0.468256
0.338928
0.0169978
0.511856
0.476548
0.682022
0.400206
0.218044
0.562072
0.375992
0.323937
0.360635
0.576796
0.556396
0.179546
0.616873
0.872152
0.686876
0.0911266
0.218328
0.40398
0.41846
0.281744
0.372521
0.349391
0.842952
0.284002
0.371611
0.481326
0.59106
0.643188
0.160392
0.227686
0.32654
0.512195
0.7594
0.445824
0.228219
0.707605
0.517964
0.285864
0.200819
0.436496
0.12784
0.278293
0.507021
0.522056
0.630143
0.332708
0.275757
0.237836
0.26632
0.171803
0.460988
0.301774
0.00826567
0.690731
0.353847
0.350824
0.467013
0.711969
0.51574
0.06224
0.595662
0.387208
0.21003
0.723599
0.403603
0.131991
0.914476
0.404471
0.290289
0.431598
0.385261
0.504835
0.68543
0.333424
0.565499
0.758523
0.391714
0.315346
0.655921
0.298166
0.907241
0.602143
0.339427
0.424774
0.354585
0.429465
0.381876
0.347406
0.209863
0.41253
0.745137
0.318599
1.00115
0.273101
0.363929
0.218848
0.542715
0.95031
0.338382
0.353924
0.678759
0.370162
0.379216
0.746507
0.665073
0.295183
1.09846
0.534922
0.646726
0.767999
0.808651
0.337877
0.365143
0.073488
0.320998
0.406477
0.236931
0.367674
0.93226
0.531753
0.533648
0.508483
0.283669
0.270401
-0.0761147
0.540497
0.328469
0.445346
0.253019
0.781168
0.38212
0.333918
0.415298
0.616565
0.376814
0.489684
0.684489
0.367931
0.584717
0.18276
0.800106
0.564745
0.510222
0.169787
0.732117
0.209504
0.401239
0.114414
0.190797
0.602177
0.3771
0.766657
0.767608
0.835588
0.539569
0.499123
0.43065
0.515028
0.832595
0.301026
0.468176
0.545756
0.0710585
0.634006
0.233791
0.526574
0.661438
0.292228
0.462524
0.372984
0.202673
0.549653
0.508727
0.517361
0.325444
0.582115
0.726495
0.449576
0.606682
0.690743
0.421781
0.515703
0.511834
0.645926
0.513949
0.357432
0.498806
0.484956
0.328785
0.656319
0.222893
0.322735
0.283154
0.621252
0.603196
0.600382
0.860874
0.665718
0.218913
0.619306
0.332209
0.0709146
0.551983
0.370861
0.827654
0.57893
0.760222
0.695828
0.370018
0.667478
0.296
0.630816
0.535835
0.49038
0.390466
1.04036
0.585249
0.527629
0.247395
0.447299
0.199017
0.696681
0.792967
0.419249
0.179976
0.439318
0.415319
0.552187
0.739046
0.48342
0.616115
0.678468
0.725288
0.351151
0.395399
0.645617
0.487223
0.641454
0.898238
0.402705
0.415801
0.255518
0.249446
0.258345
0.235324
0.581697
0.565834
0.461007
0.903964
0.809307
0.365071
0.317221
0.517294
0.320987
0.586993
1.01515
0.184597
0.438924
0.147286
0.370483
-0.0786475
0.594413
-0.0966814
0.634241
-0.104876
0.293847
0.513593
0.259961
0.383445
0.294211
0.0928533
0.50316
-0.017203
0.251903
0.0983997
0.281396
0.395037
0.288284
0.240843
0.154856
0.0077954
0.160105
0.445766
0.643749
0.175581
0.685354
0.220343
0.448275
0.0502344
0.144858
0.27964
0.0949038
0.097424
0.275846
0.293904
0.143937
0.210586
0.478887
0.436914
0.338612
0.0727924
0.312423
0.0597572
0.215547
0.240641
0.51035
0.653383
0.258259
0.197525
0.165409
0.287124
0.433343
0.421243
-0.176244
0.203936
0.318273
0.56548
0.21724
0.250142
0.553694
0.117021
0.662292
0.22006
0.543504
0.114174
0.0205872
0.800822
0.100628
0.624067
0.135613
0.13271
0.269547
0.091589
0.684832
0.571528
0.40618
0.269253
0.105538
0.608257
0.38405
0.567155
0.0845617
0.582582
0.220055
0.163525
0.535448
0.275792
0.324637
-0.065944
0.377624
0.562544
0.199777
0.227314
0.447294
0.334653
0.165572
0.469334
0.607839
0.065057
1.05939
0.667798
0.483831
0.491811
0.525569
0.72365
0.114841
0.49987
0.387386
1.05644
0.397849
0.771731
0.293602
0.0914662
0.539482
0.309222
0.801642
0.439257
0.204472
0.321968
0.315919
0.806542
-0.00766138
0.812062
0.0280991
0.551458
0.574497
0.337395
0.183272
0.393818
0.822952
0.0171249
-0.0233247
0.583584
-0.0207134
0.301208
0.0917255
0.661692
-0.170984
0.677328
-0.149925
0.690451
0.0362461
0.639995
0.861143
0.362853
-0.515679
0.199635
1.15482
-0.149084
0.242976
0.224357
0.287114
0.592866
0.243162
0.933334
0.730136
0.16914
0.392946
0.805533
1.17414
0.211738
0.854037
0.423415
0.821871
0.252207
0.50023
-0.377884
0.621674
0.192946
0.728795
0.81886
-0.64751
1.05284
0.00078622
0.0405814
0.327152
0.0506688
-0.0781533
0.262609
0.28674
-0.353512
0.0240464
-0.535469
0.748589
-0.136135
1.06638
0.146746
0.205419
1.36646
0.137325
1.25632
-0.409393
1.0673
1.44762
0.852032
1.01285
0.629417
1.07499
1.0196
0.213575
0.555132
0.735541
0.659019
0.139578
1.14068
-0.195565
-0.255524
0.762158
-0.121643
0.094321
1.18619
0.414359
-0.594053
1.43423
0.237261
0.451582
0.83907
-0.784227
0.635773
0.695931
-0.194607
-0.618327
0.635034
-0.317556
0.306392
0.699872
0.672025
0.153031
0.140318
1.72621
-0.182096
0.0494973
-0.114778
-0.425526
1.65905
-0.463697
0.42724
1.18743
-0.163198
0.381398
-1.16633
0.642913
0.689453
0.213991
-0.372073
-0.534554
0.26995
0.735938
0.717587
-0.0187331
0.207914
0.161328
0.0751025
0.327498
-0.0076318
0.133218
0.23398
0.392532
0.190337
0.363847
0.270678
0.183175
0.0740391
-0.0347267
0.125968
0.446968
0.354036
0.0756688
0.58437
0.378945
0.218723
-0.12972
0.535869
0.34043
0.537852
0.482147
-0.0511679
0.685786
0.623513
0.513169
0.0865011
0.538784
0.136467
0.757486
0.00324412
0.165339
0.56736
0.582843
0.502735
0.473048
0.686805
0.184916
0.862013
0.405829
0.518701
1.05597
0.599013
0.664703
0.69127
0.814948
0.692612
0.584033
1.04659
0.596082
0.203336
0.958062
0.180663
0.658154
0.263236
0.694293
0.396949
0.58334
0.709113
0.818416
0.687137
0.684506
0.408484
0.479586
0.572061
0.724009
0.507274
0.40835
0.867751
0.592785
0.450334
0.600565
0.59532
0.631893
0.130675
0.544192
0.717012
1.14876
0.689194
0.557872
0.814945
0.691734
0.572231
0.354021
0.960118
0.672752
0.82684
0.155686
0.930145
0.484821
0.805602
0.759684
0.476616
0.61392
0.868103
0.540644
1.00719
0.563213
0.417312
0.534094
0.81004
0.0578838
0.525159
0.990616
0.866395
0.44064
0.3313
0.576472
0.378742
0.955
0.298725
0.343465
0.449345
0.456472
0.626103
0.295366
0.745546
0.446487
0.231251
0.364535
0.769561
0.593895
0.306293
0.304028
0.746877
0.611409
0.460761
0.404669
0.413244
0.687669
0.483196
0.452437
0.597285
0.414737
0.357604
0.338382
0.390627
0.180238
0.00453134
0.268999
0.789995
0.593714
0.647205
0.495908
0.55628
0.259782
0.26039
0.700589
0.689976
0.600164
0.793781
0.724027
0.224628
0.642102
0.549437
0.60059
0.450051
0.607965
0.52523
0.582897
0.547539
0.381001
0.543496
-0.0366519
0.499795
0.2761
0.263932
0.500838
0.436517
0.114051
0.472252
0.679856
0.836391
0.350829
0.359687
0.214699
0.103571
0.299616
0.461086
0.434054
0.289292
0.431982
0.704507
0.254406
0.18265
0.468259
0.259953
0.371672
0.935068
0.323493
0.364577
0.577744
0.587806
0.0854255
0.408065
0.454432
0.663403
0.77121
0.39082
0.557163
0.322113
0.502472
0.53259
0.379782
0.338226
0.520595
0.154288
0.356708
0.44496
0.258019
0.367239
0.198765
0.637093
0.401583
0.764118
0.0328012
0.522783
0.673472
0.063404
0.541264
0.355953
0.380013
0.6299
0.770885
0.785416
0.484957
0.467275
0.743573
0.549676
0.370813
0.554983
0.574422
0.200818
0.450602
0.466591
0.296996
0.200106
0.646152
0.690292
0.634377
0.345419
0.50029
0.454608
0.346406
0.965284
0.294511
0.527224
0.42672
0.455366
0.746612
0.317979
0.25011
0.707784
0.821471
1.05654
0.239684
0.615681
0.3097
0.269816
0.680253
0.514112
0.66786
0.385968
0.464871
0.33856
0.312353
0.742635
0.822219
0.68058
0.939726
0.820234
0.594236
0.558021
0.590905
0.853201
0.530689
0.583297
0.446898
0.775992
0.671692
0.238438
0.371133
0.58878
0.354831
0.657322
0.66804
0.581583
0.632333
0.537958
0.976582
0.656356
0.100575
0.824211
0.559232
0.820413
0.634678
0.955188
0.575507
1.06198
0.659939
0.676814
0.502662
0.75682
0.730738
0.704429
0.348835
0.285057
0.667684
0.315792
0.772476
0.32733
0.329592
-0.289747
0.282955
0.231145
0.611529
0.521542
0.549369
0.57663
0.56959
0.408894
0.790748
0.805323
0.210917
0.216836
0.47513
0.371253
0.853933
0.399712
0.437548
0.444976
0.785022
0.583741
0.771374
0.755338
-0.055036
0.68222
0.184909
1.03697
-0.0394621
0.268844
0.50914
0.261915
0.455167
0.725701
0.365352
0.66179
0.535099
0.503639
0.60281
0.365884
0.485072
0.535842
0.206287
0.360348
0.342175
0.68359
0.337269
0.593947
0.359195
0.438632
0.303542
0.307422
0.428252
0.715675
-0.0580019
0.0667951
0.122825
0.426525
0.723516
0.215938
0.407404
0.666974
0.710376
0.0224106
0.613668
0.60453
0.282453
0.337146
0.419049
0.45585
0.512526
0.548419
0.231039
0.696614
0.561239
0.154243
0.77232
0.427518
0.385755
0.885819
-0.00303308
0.597018
0.349486
0.588986
0.163685
0.0811661
0.181238
0.725834
0.350689
0.632707
0.553419
-0.161585
0.519809
0.304757
0.163674
0.550722
1.05677
0.462721
0.248885
0.474132
0.633208
0.478034
0.137955
0.43549
0.249753
0.282825
0.43055
0.632531
0.13032
0.645667
0.653118
0.586799
0.483684
0.477384
0.266647
0.212998
0.457719
0.62844
0.211684
0.342063
0.789613
0.437742
0.596258
0.290549
0.615222
0.394392
0.178956
0.402908
0.357631
0.353129
0.906953
0.300446
0.228743
0.446822
0.117249
0.553353
0.731295
0.562652
0.609315
0.782452
0.264882
0.730203
0.368775
0.468583
0.820703
0.545085
0.518418
0.923748
0.613459
0.684387
0.597608
0.30437
0.695127
0.519098
0.0625421
0.211179
0.819916
0.387203
0.719747
0.361467
0.412523
0.390468
0.302649
0.467062
0.793782
0.641774
0.485462
0.807835
0.607469
0.431809
0.208781
0.566048
0.593092
0.844419
0.58855
0.313665
0.780782
0.463973
1.03318
0.601631
0.455236
0.745284
0.284525
1.13039
0.486041
0.376488
0.43996
0.52139
0.456774
0.920116
0.173979
0.62794
0.903393
0.870493
0.535378
0.205532
0.442758
0.476331
0.515717
0.58954
0.523204
0.445374
0.655127
0.45328
0.430141
0.274549
0.470361
0.299012
0.881327
0.500272
0.721909
0.660679
0.748402
0.841041
0.464079
0.558776
0.230192
0.273669
0.266745
0.417646
0.516663
0.4899
0.755914
0.224583
0.613975
0.507163
0.303591
0.412224
0.700571
0.277367
0.732906
0.745244
0.692263
0.557943
0.463196
0.509571
0.312671
0.4683
0.964594
0.774623
0.342384
0.732773
0.627898
-0.0491826
0.572554
0.831198
0.215231
0.508743
0.578657
0.461398
0.458026
0.349465
0.393499
0.459905
0.554963
0.510404
0.403811
0.537668
0.413788
0.61678
0.711839
0.489342
0.532494
0.560345
0.458238
0.438504
0.77164
0.681747
0.75144
0.691963
0.184702
0.763847
0.452628
0.478958
0.88227
0.461299
0.465996
0.503086
0.824253
0.780361
0.852516
0.754672
0.431715
0.452096
0.698315
0.704754
0.905854
0.8503
0.366658
0.900365
0.203174
0.540022
0.329776
0.568446
0.498672
0.452901
0.470484
0.189324
0.909165
0.237416
0.950617
0.725315
0.663836
0.758989
0.204275
0.345696
0.476014
0.620864
0.747924
0.733073
0.558287
0.393895
0.515579
0.528519
0.307151
0.594196
0.493824
0.230198
0.612518
0.910775
0.966786
0.770994
0.862758
0.499617
0.520637
0.522026
0.6425
0.860718
0.423638
0.233946
0.118625
0.543792
0.619931
0.695738
0.796895
0.789676
0.832687
0.337013
0.422678
0.806128
0.680012
0.70596
0.515107
0.730145
0.283361
0.458297
0.87733
0.458191
0.544453
0.576902
0.674775
0.813912
0.356453
0.515581
0.380728
0.474554
0.66903
0.867039
0.39631
0.329457
0.570499
0.565121
0.377872
0.804847
0.627769
0.20451
1.14906
0.431154
0.513456
0.963814
0.549279
0.533057
0.317325
0.734618
0.413546
0.323865
0.503302
0.4684
0.279762
0.889177
0.899465
0.347179
0.530841
-0.0112311
0.443634
0.350781
0.329785
0.777375
0.551389
0.353246
0.585105
0.171369
0.475235
0.368896
0.865842
0.272053
0.408048
0.36801
0.587739
0.570462
0.512838
0.429846
0.763976
0.498198
0.409979
0.1887
0.193189
0.477485
0.280738
0.888168
0.633782
0.211
0.805165
1.00518
0.581352
0.273909
0.796428
0.662901
0.61958
0.334501
0.65526
0.428966
0.436201
0.202847
0.49751
0.527186
0.31714
-0.453049
-0.158838
0.145926
0.356822
0.1831
0.149055
0.159925
0.0173386
0.635517
0.795208
0.662717
0.984865
0.790762
0.578913
0.691088
0.551157
0.685703
0.725885
0.6557
0.828929
0.414073
0.5783
0.821233
0.77135
0.827922
0.28783
0.859096
0.792448
0.600165
0.767787
0.673207
0.748687
0.913695
0.392886
0.505583
0.443695
0.795388
0.919966
0.577521
0.0419818
0.497336
0.685968
0.601109
0.731059
0.402942
0.615013
0.703051
0.710494
0.480016
0.76708
1.18961
0.871867
0.849524
1.10679
0.48224
0.858678
0.729321
0.826738
0.778382
1.28756
0.628553
0.58492
0.411787
0.746999
0.103749
0.636747
0.586881
0.381856
0.714857
0.642243
1.01926
0.909671
0.916468
0.802341
0.603681
0.454904
0.678559
0.782452
0.730136
0.898142
0.778354
0.597882
0.573941
0.32567
1.06793
0.859484
0.487442
0.566031
0.637194
0.907312
0.662416
0.326678
0.652567
0.451848
0.46108
0.936697
0.632335
0.782296
0.500612
0.554395
0.723795
0.248962
0.511871
0.806796
0.736058
0.878622
0.752851
0.765509
0.353908
1.12535
0.639719
0.451474
0.913552
0.824421
0.606281
0.438081
0.446328
0.596214
0.909324
0.513212
0.74081
1.01432
0.815445
1.05562
0.87604
0.589996
0.257829
0.650191
0.530214
0.709151
0.858877
0.991059
0.693282
0.418956
0.609892
0.298599
0.761626
0.625865
0.652332
0.810139
0.373034
0.68338
0.832072
0.594955
0.518103
0.214125
0.182206
0.150041
0.274202
0.627479
0.42605
0.288718
0.698057
0.547927
0.804035
0.31741
0.744117
0.785273
1.01837
0.558606
1.01662
0.700402
0.807449
0.648968
0.535965
1.28826
0.963644
0.746655
0.784972
0.850564
0.984352
1.01064
1.00746
1.21657
1.55398
0.954186
0.890841
0.915907
0.838365
0.883951
1.16536
0.924559
0.724721
0.738856
1.15168
0.487738
1.0994
1.15978
0.822303
0.957866
0.733233
0.479632
0.72876
0.605598
0.705163
0.693026
0.693574
0.44905
0.720468
0.531197
0.614869
0.686626
0.776365
1.01133
1.19238
0.656023
0.780931
0.81319
0.296919
0.193559
0.903747
0.57174
0.726334
1.07884
0.796969
0.796252
0.972703
0.966917
0.635863
0.681365
0.493892
0.40375
0.670384
1.08719
0.665814
0.70135
0.604429
0.821979
0.525235
0.635989
0.41662
0.518997
0.450327
0.617341
0.548632
0.951672
0.401686
0.414972
0.336362
0.354285
0.24802
0.439797
0.0986304
0.184628
0.34901
-0.0177021
0.211348
0.576452
0.282141
0.307677
0.301224
0.601073
0.764027
0.346602
-0.154197
0.476802
-0.0888691
-0.0666075
-0.0039968
-0.14951
0.485276
-0.111857
0.1187
-0.205996
-0.591605
-0.494887
-0.496209
-0.933922
-0.930953
-0.72114
-0.474066
-0.782288
-0.859431
-1.17887
-0.720636
-1.21429
-0.986164
-1.38268
-1.02532
-1.50197
-0.841922
-1.5127
-0.944741
-1.04263
-1.37732
-1.25967
-1.59352
-1.30241
-1.33847
-1.49776
-1.5978
-2.00556
-1.77408
-2.03346
-1.97701
-1.94588
-1.57635
-1.68204
-2.01511
-2.08128
-1.70258
-1.93228
-1.98348
-2.4961
-1.99447
-1.93582
-2.09203
-2.09336
-2.17501
-2.41433
-2.19606
-1.95979
-2.25459
-2.34191
-2.18102
-2.37221
-2.66827
-2.51106
-2.38852
-2.29901
-2.40024
-2.59789
-2.25084
-2.52559
-2.51161
-2.44559
-2.53513
-2.53223
-2.76609
-2.86635
-2.45356
-2.5487
-2.76935
-3.12256
-3.0538
-2.83831
-3.29333
-2.99162
-3.47572
-2.98537
-2.89256
-3.2179
-3.00252
-2.70931
-3.05047
-3.00738
-3.3754
-2.4162
-3.10202
-3.05922
-3.39526
-3.15217
-3.39898
-3.7649
-2.88664
-3.36016
-3.23748
-3.53001
-3.3328
-3.37219
-3.4837
-3.37332
-3.46407
-3.59566
-3.70376
-3.36782
-3.49271
-4.04201
-3.30668
-3.47909
-3.4364
-3.69254
-3.21598
-3.7857
-3.21588
-3.49261
-3.50143
-3.5863
-3.73859
-3.78461
-3.85572
-3.92252
-3.81917
-3.95098
-3.82496
-3.89019
-4.0343
-3.91206
-4.10821
-4.02281
-4.04351
-4.03397
-4.21701
-4.20595
-3.96841
-4.38544
-4.36573
-4.09124
-3.78259
-3.97473
-4.04422
-4.10325
-4.16632
-4.31264
-4.39216
-4.22407
-4.40131
-4.27617
-4.6501
-4.32987
-4.63474
-4.49817
-4.2814
-4.51682
-4.34316
-4.25076
-3.71198
-4.26698
-4.16444
-4.48072
-4.55186
-4.18092
-4.31463
-4.22204
-4.56485
-4.52587
-4.26929
-4.23133
-4.77322
-4.46874
-4.76995
-4.40394
-5.06036
-4.50916
-4.65058
-4.72445
-4.71892
-4.99009
-5.3892
-5.0252
-5.26791
-4.61329
-4.85683
-5.13077
-4.9771
-4.87119
-4.97928
-4.66799
-4.99441
-5.21827
-4.91356
-5.06159
-4.8973
-5.10462
-5.17474
-5.05501
-4.90468
-5.0918
-5.18755
-5.13206
-5.28438
-5.01169
-5.14742
-5.07265
-5.02458
-5.57807
-5.55672
-4.96294
-5.25718
-5.02973
-5.32058
-4.8133
-5.07903
-5.03253
-5.36931
-5.21941
-5.00656
-5.12656
-5.49493
-5.20001
-5.29456
-5.28823
-5.48229
-5.50389
-5.56896
-5.38153
-5.83617
-5.64935
-5.46527
-5.44157
-5.48919
-5.26371
-5.68211
-5.72332
-5.45017
-5.67041
-5.78782
-5.69479
-6.00803
-5.81584
-5.57329
-5.46416
-5.71043
-5.62915
-5.94728
-5.72528
-5.38776
-5.43524
-5.7109
-5.9023
-5.61853
-5.80886
-5.63368
-5.5331
-5.46265
-5.4522
-5.60284
-5.92287
-5.41468
-5.61529
-5.82371
-5.83226
-5.62139
-5.33024
-5.34975
-5.24397
-5.40482
-5.56209
-5.87679
-5.34675
-5.56035
-5.77645
-5.46784
-5.66579
-5.54348
-5.30509
-5.97974
-5.6617
-6.05073
-6.05224
-5.98626
-6.17714
-5.58639
-6.22298
-5.62591
-5.84782
-5.90875
-6.08521
-5.96685
-5.97157
-6.435
-5.99578
-6.07652
-5.96357
-6.24383
-6.37207
-6.53351
-6.37048
-6.51009
-6.11452
-6.64031
-6.51464
-6.29066
-5.94185
-6.56951
-6.69359
-6.2598
-6.55491
-6.11826
-6.63823
-6.31333
-6.27336
-6.49812
-6.79979
-6.59937
-6.50061
-6.82891
-6.7677
-6.54459
-6.77399
-7.25318
-7.11984
-7.05606
-7.09132
-7.39176
-7.23145
-6.90768
-7.29855
-7.54794
-7.27366
-7.29273
-7.53743
-6.98969
-7.47446
-7.34886
-7.40523
-7.2469
-7.22386
-7.34789
-7.2203
-7.26157
-7.55448
-7.73997
-7.56091
-7.64193
-7.55501
-7.3784
-7.56126
-7.41499
-7.4855
-7.4348
-7.65256
-7.6524
-7.36465
-7.88579
-8.08139
-7.79697
-7.73074
-7.89583
-7.89672
-7.99451
-8.02176
-8.49021
-7.8919
-8.06815
-8.25307
-8.64757
-8.1708
-8.57252
-7.86618
-8.41208
-8.41031
-8.47917
-8.44323
-8.12198
-8.60431
-8.32996
-8.5456
-8.43737
-8.37832
-8.7489
-8.22176
-8.54155
-8.26184
-8.67787
-8.80381
-8.49852
-8.29971
-8.233
-8.81813
-8.72639
-8.64915
-8.92118
-9.27453
-9.32197
-9.01165
-9.5032
-9.4463
-9.57835
-9.32141
-9.49032
-9.28906
-9.50712
-9.99596
-9.52612
-9.50192
-9.76065
-9.74634
-9.78436
-10.0442
-9.62074
-10.01
-9.93548
-9.6763
-9.78755
-9.81643
-9.60561
-9.89645
-9.82524
-10.0613
-9.76464
-9.9642
-9.97105
-10.0005
-9.94287
-9.88672
-10.0918
-10.1611
-9.66296
-9.63445
-10.0758
-10.048
-10.068
-9.86217
-10.2242
-9.73388
-9.58403
-9.68998
-10.0225
-9.68752
-9.86402
-9.87957
-10.1397
-10.4253
-10.3396
-10.1018
-10.6262
-10.2733
-10.8907
-10.6526
-10.7537
-10.671
-10.1996
-10.2831
-10.4363
-11.1473
-10.293
-10.4294
-10.7527
-10.7297
-10.4385
-10.5376
-10.2227
-10.2205
-10.5372
-10.5851
-10.7694
-10.3057
-10.4097
-10.9632
-11.0126
-10.7452
-10.724
-11.1127
-11.0663
-11.2082
-11.3396
-11.1738
-10.9935
-11.6537
-11.4931
-11.5696
-11.4826
-11.34
-11.446
-11.6463
-11.5284
-11.5102
-11.5222
-11.3164
-11.7685
-11.6048
-11.8859
-12.1449
-11.8217
-12.4391
-12.1299
-11.929
-12.2866
-12.4818
-11.9738
-12.3436
-12.8126
-12.7282
-12.8473
-12.6731
-12.8822
-13.6777
-13.3279
-13.5369
-13.459
-13.3365
-13.4842
-13.6267
-13.7446
-13.6778
-13.775
-13.137
-13.4622
-13.3115
-13.5009
-13.442
-13.0425
-13.3504
-13.0884
-13.5329
-13.1925
-13.4488
-13.5615
-13.375
-13.3718
-13.5044
-13.762
-13.5092
-13.4122
-13.6004
-14.0514
-13.8069
-14.0923
-13.9443
-14.3261
-14.3772
-14.4983
-14.5074
-14.7332
-14.8475
-14.8594
-14.941
-14.4119
-15.1999
-14.6748
-14.4959
-15.1473
-14.998
-14.8846
-15.023
-15.2527
-14.8971
-14.8903
-15.1712
-14.9944
-14.858
-15.0174
-14.8863
-15.0812
-15.1329
-15.317
-15.3663
-15.7774
-15.6585
-15.9328
-15.764
-15.8468
-16.1665
-15.7228
-15.9551
-16.2609
-16.0144
-16.3811
-16.0735
-16.1237
-16.1769
-16.0994
-16.6404
-16.226
-16.3508
-16.4796
-16.7825
-16.6105
-16.1971
-16.7614
-16.5985
-16.831
-16.6522
-17.0613
-16.694
-16.8657
-16.8958
-17.2307
-17.4458
-16.9471
-17.5955
-17.566
-17.5866
-17.7862
-17.5919
-17.3524
-17.2269
-18.0882
-17.7729
-18.1093
-17.838
-17.7967
-18.0379
-17.901
-17.9689
-17.9468
-18.1498
-17.8787
-18.1925
-18.2263
-18.6087
-18.5347
-18.6472
-18.8059
-18.8153
-18.6132
-18.7844
-18.8265
-18.9522
-19.1333
-19.0329
-19.0595
-19.2657
-19.0494
-19.1783
-19.3286
-19.3787
-19.6124
-19.3919
-19.4381
-19.2501
-19.0267
-19.1858
-18.8642
-19.4922
-19.1523
-19.0275
-19.0255
-19.1586
-19.2913
-19.0637
-19.1337
-19.1618
-19.274
-19.2647
-19.8864
-19.6743
-19.538
-19.8413
-19.7425
-19.9811
-20.066
-19.9815
-20.0837
-20.6065
-20.2588
-20.099
-20.58
-20.2072
-20.4408
-20.6787
-20.0726
-19.8815
-20.3695
-19.9989
-20.545
-20.2147
-20.1557
-20.0193
-20.0561
-19.8243
-19.5172
-19.9718
-19.2857
-19.4699
-20.1283
-19.7262
-20.0344
-19.971
-20.1762
-19.9054
-19.9063
-20.4859
-20.6268
-20.3839
-20.5991
-20.9927
-21.035
-21.3823
-21.7317
-21.2
-21.4377
-21.5922
-21.9792
-21.9812
-22.1477
-22.0266
-21.7747
-21.8452
-21.6569
-21.6019
-21.7726
-21.8534
-21.9311
-21.6215
-21.5074
-21.5739
-21.3719
-21.6075
-20.9838
-21.5756
-21.5534
-21.1484
-21.5191
-21.7494
-21.5333
-21.8026
-21.6264
-22.0417
-22.242
-22.3945
-22.5019
-22.0684
-22.3806
-22.8186
-23.0463
-22.8549
-23.5776
-23.4654
-23.3063
-23.2507
-22.9973
-22.988
-23.031
-22.894
-22.7558
-23.1406
-22.84
-22.6389
-22.8247
-22.4472
-22.6887
-22.7253
-22.7363
-22.7656
-22.2688
-22.7802
-22.3807
-22.8431
-22.6385
-22.2457
-22.5834
-22.5625
-22.6549
-22.7759
-22.4048
-22.7997
-22.6494
-22.2043
-22.472
-22.3415
-22.1483
-22.0226
-22.0096
-21.5819
-22.3212
-22.1876
-21.6649
-21.4403
-22.0512
-21.9834
-21.6644
-21.9806
-21.8054
-22.244
-22.1391
-22.1142
-22.4281
-22.4328
-22.6497
-22.5167
-22.6029
-22.9419
-23.0456
-22.9815
-23.2632
-22.991
-22.9833
-23.2581
-23.4485
-23.2383
-22.9486
-23.1051
-22.6198
-22.987
-23.2695
-22.7607
-22.3061
-22.695
-23.0993
-22.395
-22.6465
-22.6654
-22.3248
-22.3946
-22.3705
-21.8874
-21.6283
-21.7001
-22.0888
-21.6409
-22.2753
-22.2763
-22.3969
-22.6135
-22.6779
-22.5173
-22.7942
-22.8757
-23.2557
-23.5125
-22.9519
-23.3149
-23.4898
-23.6622
-23.4684
-23.6051
-23.6057
-23.5616
-23.3078
-23.0445
-23.2767
-23.2762
-22.9986
-22.7554
-23.0924
-22.9105
-22.9124
-23.0899
-22.9857
-22.8228
-22.4704
-22.6934
-22.0517
-23.0048
-22.605
-22.3348
-22.9916
-22.604
-22.8237
-23.1968
-23.3943
-23.2411
-23.6901
-23.4081
-23.859
-23.467
-23.6947
-24.0039
-23.924
-23.8292
-23.9279
-24.0286
-24.316
-23.9211
-23.9961
-24.1874
-24.1945
-23.4858
-23.7284
-23.788
-24.2822
-24.0846
-24.759
-24.138
-24.6037
-24.2028
-24.5397
-24.6323
-24.3212
-24.2907
-24.3058
-24.5556
-24.8166
-24.4639
-24.9257
-24.8435
-24.7134
-24.4991
-24.9435
-25.0479
-24.6052
-24.6702
-24.9143
-24.4929
-24.6349
-24.8818
-24.7909
-24.9384
-24.8543
-24.9007
-25.1913
-25.5623
-24.9217
-25.4169
-25.5328
-25.5867
-26.0154
-26.1104
-26.1325
-26.4177
-26.4182
-26.5681
-26.5875
-26.5919
-26.6866
-27.118
-26.9031
-26.7833
-27.0125
-26.4216
-27.013
-27.2833
-26.8243
-26.3207
-26.6379
-26.6584
-26.7395
-26.8066
-26.7702
-26.2672
-26.6935
-26.7948
-26.8324
-27.2686
-27.0508
-27.3357
-27.3488
-27.4065
-27.5103
-27.1661
-27.4809
-27.6796
-27.569
-27.8617
-27.8157
-27.8257
-28.1968
-28.1922
-28.0809
-27.9373
-27.5091
-28.1072
-27.5204
-27.724
-27.58
-27.9389
-28.1934
-28.0112
-28.0534
-27.8366
-28.1942
-28.2067
-28.9486
-28.9133
-28.7711
-28.805
-28.6684
-28.8127
-29.0277
-29.8003
-29.1472
-29.6151
-29.2623
-29.32
-29.5264
-29.6661
-29.2791
-29.2262
-29.1254
-28.9532
-28.9057
-28.8891
-28.8694
-28.951
-28.6881
-28.8488
-28.8839
-28.6481
-28.8856
-28.6435
-28.6332
-28.6284
-29.5566
-29.4678
-29.6078
-29.6227
-29.8202
-30.513
-30.4382
-30.6254
-30.4608
-30.5217
-30.9595
-30.6702
-30.7919
-30.1793
-30.1909
-30.4421
-30.347
-30.2328
-30.3682
-29.8941
-30.5341
-30.5507
-30.9911
-31.0097
-30.8883
-31.2553
-31.1666
-31.5941
-31.568
-31.1882
-32.0612
-31.1463
-31.3819
-31.4729
-31.977
-31.5575
-31.902
-32.0823
-32.1528
-31.885
-32.1804
-31.3155
-31.7864
-31.4268
-31.7519
-31.6182
-31.4803
-31.9895
-31.9768
-31.5786
-31.7857
-32.3036
-32.0461
-32.3148
-32.0532
-32.218
-32.5336
-32.4554
-32.8319
-32.7855
-32.6616
-32.2087
-32.479
-32.3148
-32.5039
-32.2817
-32.3451
-31.9968
-31.8588
-31.755
-31.7935
-31.7571
-31.0997
-31.6683
-31.3868
-31.5107
-31.3603
-31.2236
-31.3953
-31.9087
-31.407
-31.7105
-31.7107
-31.8166
-32.2716
-32.5301
-32.4018
-32.3629
-32.127
-32.1817
-32.232
-32.5734
-32.9721
-32.5922
-32.3852
-32.5291
-32.6055
-32.6218
-32.3439
-32.5671
-32.2132
-31.9254
-32.3466
-31.3019
-31.5773
-31.8618
-31.8484
-31.5453
-31.5249
-31.9476
-31.9022
-32.0526
-32.4549
-32.6698
-32.8789
-32.6273
-32.8427
-33.0211
-33.4389
-33.3999
-33.6681
-33.7905
-33.7844
-33.7067
-33.2932
-33.3252
-33.7128
-33.6383
-33.3374
-33.3659
-33.0743
-33.3448
-33.0014
-32.6361
-32.6461
-32.6471
-33.0057
-32.9605
-33.0434
-32.876
-32.9796
-33.2687
-33.4752
-33.3573
-33.4504
-33.5007
-33.9493
-33.9819
-34.2554
-34.5257
-34.424
-34.7541
-34.8211
-34.6646
-34.8805
-34.8754
-34.9616
-35.1111
-34.3404
-34.4943
-34.0834
-34.2385
-33.7669
-34.4174
-34.5429
-34.1956
-34.153
-33.9468
-34.5258
-34.2544
-33.9513
-34.1819
-34.2197
-34.699
-34.9963
-34.6655
-34.9458
-35.2653
-35.4833
-35.706
-35.6492
-35.4983
-35.921
-35.9532
-36.3644
-36.4682
-36.0496
-36.7221
-36.5668
-36.5706
-36.0863
-36.5101
-36.5211
-35.9615
-35.5689
-35.8781
-35.4932
-35.3201
-35.3739
-35.546
-35.5063
-34.9035
-35.0421
-34.8731
-34.8762
-35.1278
-35.5561
-35.1917
-35.7252
-35.8002
-36.0111
-36.8451
-36.6749
-36.4066
-36.7608
-36.9657
-36.6855
-36.7544
-36.8022
-37.2401
-36.963
-37.1278
-36.861
-36.7709
-36.4922
-36.8854
-36.7317
-36.3581
-36.4831
-36.2317
-36.1321
-36.4098
-35.9535
-36.494
-35.8748
-35.9784
-35.7304
-35.9195
-36.2429
-36.1502
-36.7962
-37.161
-37.2815
-37.8131
-37.7632
-38.1597
-38.0313
-38.3346
-38.3946
-38.7402
-38.7432
-38.9642
-39.0011
-38.8398
-38.7272
-38.9156
-38.46
-38.4081
-38.4953
-38.3598
-38.1739
-38.0574
-37.8192
-37.7695
-37.3313
-37.212
-37.8072
-37.4325
-36.8601
-37.2158
-36.9475
-36.9668
-37.2001
-37.2169
-37.6853
-37.4293
-37.6878
-37.6348
-37.9965
-37.4839
-37.9517
-37.9965
-38.5049
-38.1794
-38.0937
-37.8772
-37.9885
-38.2338
-38.0531
-37.3868
-37.9834
-37.3851
-37.832
-37.6928
-37.5102
-37.5479
-37.1054
-37.2143
-36.9555
-36.947
-36.9494
-37.1994
-36.917
-36.8271
-37.5006
-37.6736
-37.1852
-37.3007
-38.1049
-38.0207
-38.5065
-38.4823
-38.8415
-38.754
-38.8378
-39.037
-38.9259
-38.7012
-38.6763
-38.102
-38.0617
-38.0326
-37.1697
-37.2385
-36.9085
-36.6829
-36.7779
-36.5648
-36.5035
-36.1003
-36.1857
-36.0526
-34.8544
-34.0779
-33.5121
-32.7
-31.5474
-31.8746
-32.2443
-31.3098
-31.4038
-30.2577
-29.9602
-30.2071
-29.3621
-29.2109
-29.7483
-30.483
-32.1554
-32.2521
-32.812
-33.1924
-33.2369
-33.0342
-33.1285
-32.8832
-32.7456
-33.2593
-34.0238
-33.4552
-32.3627
-31.0143
-29.6741
-28.7888
-28.7007
-27.9826
-27.5034
-27.0401
-26.3938
-25.4652
-25.2016
-24.6243
-24.514
-24.1556
-24.4012
-24.0064
-23.9976
-24.043
-23.2983
-23.4265
-23.2526
-23.2123
-22.7034
-22.7067
-22.0864
-21.8527
-20.9925
-20.7873
-20.643
-20.8158
-20.2354
-20.2044
-19.8568
-19.9709
-19.705
-19.5256
-19.2724
-19.6964
-19.9106
-19.7059
-18.7238
-18.6217
-17.7133
-17.3945
-16.7425
-16.3639
-16.18
-15.2806
-14.6738
-14.1995
-14.3752
-13.7696
-13.6642
-12.5251
-12.9763
-12.8327
-12.3847
-12.0218
-11.3413
-10.4968
-10.36
-9.61258
-9.79124
-9.88722
-9.53696
-8.62887
-9.16985
-9.02837
-8.63135
-8.9526
-9.1072
-8.90862
-8.35882
-8.70025
-8.70583
-8.9548
-8.97875
-8.73513
-8.5766
-8.26493
-7.94845
-8.51894
-8.01869
-8.12838
-7.8824
-7.37848
-7.24195
-7.05107
-7.55759
-7.24135
-6.77199
-6.53644
-6.49144
-6.2707
-6.37339
-6.35166
-5.96616
-6.26704
-6.53167
-6.0547
-5.96313
-5.50716
-5.4388
-5.43511
-4.79492
-4.89592
-4.79258
-4.89564
-5.17742
-4.86624
-4.77468
-4.37958
-4.68798
-4.65701
-4.34155
-4.40221
-4.60233
-4.12606
-4.08946
-4.36773
-3.96523
-4.17834
-3.87197
-3.53246
-3.93431
-3.85243
-3.53072
-3.57561
-3.46428
-3.48481
-3.71696
-3.3231
-3.53912
-3.45933
-3.05508
-3.17551
-3.2098
-2.85979
-2.86903
-3.16307
-3.30277
-2.8406
-2.77531
-2.81141
-2.6298
-3.08468
-2.87255
-2.87685
-2.54626
-2.82129
-2.95195
-2.155
-2.82364
-2.48276
-2.34961
-3.14806
-2.38546
-2.28926
-2.02395
-2.41861
-2.21747
-1.95451
-2.34301
-2.0841
-2.15786
-2.11686
-1.60825
-1.69881
-1.73563
-1.77616
-1.97668
-1.64238
-1.34814
-1.17355
-1.16819
-0.849282
-1.11876
-1.01521
-0.670139
-0.652254
-0.921799
-0.86518
-0.30146
-0.862502
-0.392933
-0.387563
-0.11599
-0.226956
-0.112731
0.259592
0.277365
0.0990301
0.417607
0.134545
0.740132
0.419456
0.534713
0.641101
0.491127
0.501792
0.597993
0.649964
0.728876
0.593249
0.43111
0.523009
0.28141
0.694615
0.529381
0.757395
0.346965
0.66789
0.297771
0.574626
0.666948
0.644111
0.583159
0.930887
0.977215
0.604023
0.587606
0.813647
0.453548
0.603398
0.810453
0.267511
0.664865
0.194853
0.533472
0.633057
0.551858
0.65802
0.855136
0.73329
0.759236
0.514388
0.501796
1.0031
0.883807
0.479374
0.581423
0.696036
0.446145
0.566772
0.485341
0.977376
1.16574
0.82704
0.617452
0.715412
0.642456
0.631181
0.427536
0.884084
0.497078
0.794347
0.403133
0.868964
0.711623
0.645915
0.383225
0.893933
1.18646
0.765511
0.970108
0.369549
0.548766
0.741181
0.645123
0.992273
0.680719
0.33381
1.0325
1.2051
0.755522
0.763072
0.82344
0.593777
0.680837
0.50324
0.60493
0.680137
0.748812
0.814515
1.03068
0.831053
0.909338
0.688065
0.856039
0.997804
0.85896
0.750178
0.530334
0.640675
0.485868
0.640734
0.558529
0.654499
0.480355
0.865984
0.945071
0.717546
0.899528
0.717284
0.781761
0.589876
0.493282
0.693947
0.389715
0.47939
0.939339
0.512215
0.612822
0.634596
0.629344
0.767589
0.618922
0.559361
0.24507
0.631541
0.79171
0.971502
0.511352
0.405658
0.658368
0.798156
0.587295
0.270674
0.466602
0.43992
0.960205
0.583555
0.944582
0.419522
0.425928
0.514967
0.589438
0.714816
0.606107
0.709528
0.802787
0.852406
0.902991
0.605171
0.507226
0.137664
0.642409
0.347839
0.458859
0.480821
0.849822
0.449373
0.918821
0.580719
0.879144
0.916989
1.00598
0.59851
0.567603
0.633842
0.128183
0.696764
1.00909
0.645423
0.670169
1.10509
0.463542
0.756536
0.526337
0.445914
0.763154
0.517251
0.473091
0.530486
0.456364
0.855692
0.361564
0.908956
0.735665
0.789784
0.780108
0.634924
0.734699
0.725289
0.636587
0.554711
0.561903
0.490085
0.633797
-0.00730003
0.399417
0.761625
0.575718
0.647879
0.697575
0.588121
0.679063
0.570004
0.880811
0.583943
0.583598
0.891407
0.548462
0.688801
0.737168
0.480021
0.431706
0.493607
0.20708
0.556224
0.450314
0.458277
0.453801
0.49446
0.792668
0.816726
0.487904
0.509474
0.591727
0.889046
0.657502
0.914435
1.08832
0.475016
0.643452
0.404123
0.7758
0.549909
0.524026
0.649432
0.567143
0.700046
0.927162
0.999409
0.591299
0.737588
0.833377
0.809046
0.483031
0.895966
0.630061
0.627971
0.957268
0.821972
0.592682
0.548467
0.600468
0.735668
0.531157
0.653513
0.900995
0.298215
0.7606
1.00705
0.786701
0.683551
1.19695
0.651269
0.480694
0.543672
0.399162
0.837831
0.536756
0.670409
1.05773
0.572861
0.349836
0.735665
0.396061
0.759333
0.841829
0.973477
0.257113
0.615101
0.429868
0.654264
0.72682
0.512644
0.397827
0.593794
0.547405
0.761251
0.887702
0.589524
0.70264
0.786014
0.437182
0.654139
0.405518
0.239413
0.671362
0.824808
0.800141
0.623297
0.809944
0.540515
0.259694
1.07257
0.425512
0.662819
0.390674
0.574245
0.758168
0.595099
0.719119
0.567363
0.512219
0.731409
0.978687
0.717275
0.574774
0.747422
1.01771
0.590595
0.795519
0.844214
0.982551
0.611483
0.879939
0.842565
0.728783
0.546541
0.178434
0.599754
0.650889
0.368783
0.706097
0.723794
1.07729
0.56084
0.839189
0.992504
0.971806
0.514948
0.909076
0.658445
0.528597
0.116848
1.11768
0.498425
1.03684
0.545913
0.678055
0.696853
0.201765
0.675785
0.826552
1.03339
0.406661
0.59353
0.663376
0.651241
0.811429
0.315579
0.506234
0.601821
0.33275
0.677477
0.581652
0.738575
0.807223
0.920019
1.05492
0.573042
0.980496
0.565525
0.695903
0.944686
0.555696
0.610759
0.963549
0.637421
0.512304
0.587534
0.94303
0.769087
0.448102
0.746891
0.773393
0.57541
0.904528
0.621657
0.749669
0.804567
0.55572
0.887112
0.679422
0.903082
0.815917
1.04701
0.547064
1.1203
0.301287
0.272062
0.466423
0.626065
0.594647
0.659788
0.893561
0.704505
0.918818
1.27362
0.696843
0.400549
0.76799
0.881835
0.904978
0.333904
0.628421
0.6108
0.774527
1.07882
0.989731
0.51426
0.904552
0.465117
0.997706
0.715229
0.618842
0.362407
0.513369
0.804226
0.810555
0.926354
0.932213
0.530553
0.618666
0.455074
0.822013
0.842486
0.722757
0.634193
0.779449
0.934093
0.564708
0.841177
1.10853
0.585784
0.677411
0.590673
1.14765
0.762989
0.842047
0.939461
0.919919
0.635072
0.693134
0.948377
0.640822
0.464192
0.54113
0.824949
0.417544
0.638324
0.921649
0.869849
0.360622
0.601811
0.649272
0.61849
0.993855
0.347314
0.837795
0.491266
0.743086
1.10486
1.03733
0.934692
0.700582
0.930734
0.402974
1.01665
0.829743
1.06079
0.663312
0.893957
1.06913
1.1788
1.02104
0.787627
0.620658
0.747276
0.8961
1.1232
0.956263
0.995925
0.834898
0.472665
0.879014
0.909603
0.718314
0.786188
0.507447
1.15191
0.770221
0.533338
0.604711
0.713571
0.567365
0.620641
0.660842
0.783543
0.79041
1.05043
1.21111
0.937455
0.916099
0.518776
0.878547
1.26054
0.960025
0.865235
0.686944
0.53822
0.546426
0.904509
0.766224
1.4843
1.09542
0.990565
1.05269
0.424494
0.341368
0.937776
0.818599
1.17471
0.725905
0.594219
1.14198
0.791061
0.462173
0.680699
0.98105
0.880548
0.872491
0.702106
0.878622
1.00248
0.76973
0.71332
1.41933
0.384454
0.682024
0.972517
0.492318
0.66287
0.925221
0.700353
0.757338
0.560261
0.632935
0.57123
0.775102
0.830035
0.924613
0.664721
1.22223
1.04367
0.871912
0.505513
0.799799
0.350024
0.705715
0.850713
0.466415
0.599167
0.57156
0.580579
1.12901
0.970189
0.946819
0.591843
0.913843
0.57661
0.990317
0.770504
0.464917
0.84431
0.715556
0.94469
0.725234
0.382763
0.814938
0.719249
0.961303
0.744821
0.891003
1.09616
0.611446
0.944222
1.1651
0.355188
1.01419
0.911815
0.913134
1.02235
1.10556
0.187458
1.05082
0.64157
0.830616
0.640775
0.932086
1.25672
0.37534
0.640058
1.01985
0.580506
0.741767
0.885223
0.688799
0.597206
0.903691
1.19984
0.626967
0.55042
0.867927
0.878761
0.783028
0.8078
1.01062
0.911096
0.631331
0.531548
0.807354
0.885067
0.706676
0.979987
1.0369
0.792034
0.855556
1.10143
0.792678
0.90188
0.640394
0.88879
0.759905
0.52026
0.952701
0.576928
1.09199
0.832166
0.487021
1.13792
0.833266
0.803388
0.774305
1.02824
0.86724
0.805441
0.72917
0.743795
0.831382
0.60553
0.819841
0.948332
0.790929
0.701699
0.709711
0.930142
0.611379
0.53658
1.09406
0.477341
0.828017
1.18873
1.03832
0.802917
0.782605
1.01325
1.02582
0.573524
0.883096
0.727178
0.901136
1.05245
0.469077
0.61443
1.03239
0.982297
0.875628
0.633646
0.626394
0.97246
0.72964
0.640514
1.3483
0.354112
0.524151
0.788374
0.618338
0.396802
0.912383
1.23069
0.986736
0.873365
0.720472
0.840378
0.50441
0.916007
0.899469
0.732034
0.672795
1.07419
0.782273
1.03124
1.07614
0.953731
0.89837
0.792992
0.708386
1.09377
1.16974
1.00323
0.630379
0.800193
0.956108
1.46924
0.817642
0.886282
0.973664
0.878641
0.742188
0.776832
0.283581
0.620347
0.54627
0.627856
1.13791
0.733716
1.05354
1.23008
0.818817
1.05393
1.02037
0.756606
0.608724
0.473067
1.28447
0.745583
0.923045
0.83272
0.823801
0.897569
1.05982
0.997416
0.760928
1.20824
0.600174
1.15018
0.610636
1.10122
0.797396
1.04107
0.73769
1.22478
1.07209
0.900233
0.826154
0.894643
0.897112
0.86769
0.973781
0.905734
0.759397
1.02786
0.708594
0.686547
0.578578
0.380505
1.09071
1.10768
0.916755
0.828992
0.456256
0.812341
0.864416
0.882813
1.08156
0.939242
0.763428
0.793012
0.870061
0.906181
0.818821
0.594694
0.946139
1.00496
1.15282
1.25512
0.77681
0.88715
0.795155
0.630004
0.611529
0.660475
0.95677
0.837828
0.645685
0.445704
0.858567
0.703477
0.593848
0.798828
0.967365
0.746772
0.2668
0.970844
0.846644
0.442975
0.533665
0.796356
1.11236
0.619946
0.875038
0.560069
0.719937
0.560884
0.283807
0.603473
