0.17766
0.280808
-0.249562
-0.156642
0.0670761
0.270474
-0.295662
-0.237588
-0.0228501
0.0547961
0.108359
-0.493906
-0.0167235
-0.403371
-0.142396
0.0395083
-0.10307
-0.11131
-0.538438
-0.0193516
0.169702
0.0299837
0.417082
0.0781481
0.00608824
-0.22956
-0.21717
-0.130079
-0.0296797
-0.358413
0.0486695
0.543724
-0.00974975
-0.0690826
-0.0059417
0.1799
0.0198962
-0.177214
-0.30233
0.320774
0.0587603
-0.00572249
-0.0727405
-0.120039
0.190327
-0.270818
-0.0998868
-0.384234
-0.251917
-0.000296113
0.177294
-0.249289
0.0683618
0.142936
0.00838934
0.105977
-0.0662087
0.0397961
-0.285294
-0.0182839
-0.0216959
-0.356891
0.0258193
-0.368959
-0.0125104
0.00127904
0.181818
-0.0197112
-0.206066
0.16249
-0.0378773
0.0403691
0.0106197
-0.0401118
-0.215603
-0.189382
-0.343502
-0.213071
-0.436859
-0.177829
-0.303336
-0.178664
-0.125762
-0.0445956
-0.235628
0.30668
-0.48792
-0.253223
-0.0529704
-0.209366
-0.16781
-0.238138
-0.319552
0.071227
0.118673
-0.245707
-0.38615
-0.417115
0.111537
-0.527137
-0.18204
0.252784
-0.0945161
-0.367503
0.199077
-0.0162133
-0.425322
0.0626017
0.0114536
-0.254226
-0.0693311
-0.384356
-0.602783
-0.0229472
-0.196075
-0.685462
-0.570029
-0.107842
-0.317415
-0.117805
-0.532076
0.123265
-0.469856
-0.139521
-0.373257
-0.233085
0.0793111
-0.311425
-0.164535
-0.42737
-0.319388
-0.0474636
-0.125736
-0.630252
-0.258123
-0.101934
-0.198124
0.217591
-0.0546024
0.200275
-0.0336896
0.169818
-0.272209
-0.22507
-0.466756
-0.365754
-0.133879
0.0120022
0.101402
-0.330642
0.272877
-0.00849756
0.00552854
-0.126832
-0.0589181
0.0736975
-0.035204
0.308553
-0.389442
0.278647
-0.42051
-0.151323
-0.245937
-0.183674
-0.000158488
-0.470164
-0.0822293
-0.203159
-0.491005
-0.0374584
-0.182027
-0.202958
0.183767
-0.0450847
-0.255521
-0.349357
0.0509869
-0.173429
-0.124271
-0.187999
-0.240157
-0.0630467
0.0230423
-0.499888
0.191908
0.0210048
-0.442264
-0.494721
-0.452207
-0.52293
-0.435206
-0.214089
-0.678481
0.0769237
0.110136
-0.212761
-0.283013
-0.424153
-0.352089
-0.363501
-0.557994
-0.207285
-0.298524
-0.384786
-0.249813
-0.506648
0.0378639
-0.0302746
-0.380792
-0.137417
-0.403902
0.032313
0.143668
-0.196926
-0.48161
0.082002
0.094314
-0.420305
-0.195328
-0.137654
-0.228318
-0.183346
-0.209812
-0.596631
-0.205348
0.0723655
0.137488
-0.0283224
0.0805154
-0.391324
-0.199949
-0.162518
0.140574
-0.135635
-0.204326
-0.0212295
-0.0268052
0.0324954
-0.190842
0.15937
0.0770902
-0.304917
-0.147965
-0.241847
-0.319103
0.0818673
-0.28548
-0.420459
-0.0482009
-0.121146
-0.55499
0.0416896
-0.212618
-0.0914091
0.0581242
-0.19333
-0.219732
-0.335982
-0.216812
-0.104588
-0.42331
-0.366425
-0.0528279
-0.00429785
-0.239238
-0.118907
-0.689433
-0.147717
0.175211
-0.30069
-0.0381075
-0.115507
-0.12129
0.195841
-0.130547
-0.000294193
-0.46987
-0.331516
-0.18729
-0.157069
0.226376
-0.359231
-0.172011
-0.0700043
-0.20079
-0.0859555
-0.100487
0.0129204
-0.149402
-0.144492
-0.349755
-0.509212
-0.280688
-0.206853
-0.256036
-0.333081
-0.418746
-0.251732
-0.399623
-0.302598
0.0144036
-0.329437
-0.342325
0.168645
-0.136264
-0.314881
-0.153076
-0.477325
-0.24998
-0.112956
-0.28728
-0.135849
-0.506901
0.313878
0.173411
-0.599678
0.356713
-0.148026
-0.433397
-0.252462
-0.0488364
0.0774519
0.235134
-0.36971
0.0696518
-0.0979011
-0.109255
-0.119263
-0.325082
-0.0987828
-0.75225
0.17521
0.160886
-0.0123531
-0.247753
0.0346998
-0.0166565
-0.0387152
0.114322
-0.200773
-0.10118
0.0211614
-0.317518
-0.0519088
-0.134212
0.0587512
-0.25373
-0.041936
-0.477819
-0.478777
0.0118793
0.00206328
-0.155602
-0.221072
0.157315
-0.132647
-0.293924
0.158451
-0.0648586
0.165043
0.0961049
-0.443111
-0.055159
-0.0148854
-0.204217
-0.120592
-0.501345
-0.130357
-0.171975
-0.581795
-0.0619907
-0.408519
0.181063
-0.0748093
0.205402
-0.328466
0.0837273
-0.347258
-0.0565559
-0.225999
-0.486956
-0.119822
-0.0380902
-0.317141
-0.24499
-0.0587756
0.125813
-0.266134
-0.260453
-0.0506667
0.139235
-0.0340271
-0.122909
-0.0396557
-0.372465
-0.254916
-0.0123258
-0.123703
0.0403783
-0.0404593
0.287789
0.0893035
-0.0330405
0.156585
-0.267585
-0.299657
0.370294
0.14902
0.259021
0.0108276
0.0746114
-0.307981
0.0801801
0.0603576
-0.0635795
0.539646
-0.136556
-0.00586176
0.0791314
0.127491
-0.44911
-0.281829
0.0422709
-0.185364
-0.204281
0.0801802
0.0322949
-0.588719
-0.208186
0.164273
0.281872
0.023112
0.0518554
-0.190866
0.0317962
0.213582
-0.422487
-0.311399
-0.0191386
-0.215273
0.0370948
-0.110001
-0.344609
-0.373024
-0.10747
0.185117
-0.00616749
-0.45568
-0.17166
-0.0967746
-0.378782
-0.056593
-0.0352903
-0.253777
-0.0728144
-0.0505203
0.022652
-0.160109
-0.351106
0.0441138
-0.218194
-0.0720525
-0.0658726
0.0709283
-0.118921
-0.0199527
-0.00647787
0.396239
0.0970339
0.214107
0.100048
-0.419509
0.0901809
0.0626556
0.256892
0.365213
-0.127661
-0.00138677
0.0178328
0.0227214
0.303451
-0.109028
-0.195593
0.0434346
0.173002
0.187393
-0.0456361
0.0194752
0.048991
-0.177987
-0.119104
-0.427896
-0.129994
0.21561
-0.133356
-0.0988824
0.181816
0.0454126
-0.201205
-0.135806
0.191093
0.0310277
-0.0191362
0.016341
0.227394
0.12899
-0.271403
-0.0412804
0.333495
0.0518459
0.175788
0.0813871
-0.0802674
0.371218
0.109811
0.167239
-0.00976741
0.304149
0.382541
-0.0406861
0.273231
0.288796
0.0553285
0.190153
-0.00717259
-0.283958
-0.0200467
-0.136356
0.103918
-0.0395288
-0.0562974
-0.219527
-0.138271
-0.0133614
-0.0157246
-0.0277458
-0.242356
-0.0227255
0.422808
0.00635795
-0.0312038
0.134635
0.0488479
-0.155078
0.134471
0.111431
0.147704
0.280795
-0.105286
-0.0618733
-0.0931621
-0.04054
-0.0660748
-0.652935
0.0708349
-0.226273
-0.12041
0.0637296
-0.0699303
-0.280369
-0.291196
0.153919
-0.0364435
-0.311541
0.333331
0.197159
-0.0611756
0.376252
0.159226
-0.427878
-0.216783
-0.0994683
0.0111758
-0.376072
-0.296126
-0.533831
0.190656
0.419042
-0.131561
0.280266
-0.239365
0.0950883
-0.171512
0.184352
0.141245
0.2861
0.251638
0.171913
-0.0724163
-0.353114
-0.0802986
0.0783354
-0.158695
0.181167
-0.304986
-0.051347
-0.325259
-0.0759722
-0.516086
-0.0886356
-0.358958
-0.0492025
-0.434648
0.0570587
0.100304
0.194675
-0.399643
-0.0959252
-0.160779
-0.423493
0.0960445
-0.11728
-0.163768
0.047971
-0.213873
0.267136
-0.3807
0.772788
0.101277
0.0645209
0.0710421
0.062192
-0.00723345
-0.0815213
0.355275
0.0600908
0.110748
0.0421494
0.485044
0.0930424
0.457271
-0.0142958
0.382008
0.129252
0.226435
0.0639107
-0.0823443
-0.0610887
0.134222
0.140046
0.396184
-0.227498
-0.232989
0.359405
0.0512794
-0.385199
-0.0955892
-0.0844692
-0.136323
-0.51337
-0.125162
-0.330417
-0.38243
-0.251857
-0.0393665
-0.0187999
-0.0315412
-0.157432
-0.174331
-0.155461
0.256721
-0.0900665
-0.327027
0.0501396
0.0560166
-0.0875021
-0.121913
0.0553454
0.259214
-0.583908
-0.0302541
0.0506263
-0.111304
-0.0658466
0.496475
-0.186221
-0.224784
0.0568674
0.141844
0.0516421
-0.202089
-0.166598
-0.482111
-0.317496
0.00532185
0.184742
-0.213626
-0.677856
-0.475325
-0.292252
0.0123149
-0.295578
-0.0213448
-0.455341
0.22598
-0.0449783
-0.110138
-0.50319
-0.377765
0.16512
0.340403
0.0310603
0.432645
0.0119832
0.0293981
0.0250443
-0.506403
0.278816
-0.108535
-0.516831
-0.145726
-0.0590352
-0.312626
-0.481018
-0.213502
-0.674929
-0.13532
0.0252242
-0.586869
-0.330251
-0.339455
0.0571804
-0.00603441
0.192631
-0.336889
-0.602045
-0.555304
0.21512
-0.273305
-0.991684
0.157007
-0.253199
0.0122217
0.0211272
0.339349
0.11361
-0.553272
0.348141
-0.401337
0.0657761
-0.0616277
-0.0614177
0.181178
0.213936
0.203905
0.402891
-0.491161
0.0128023
-0.412164
0.389954
0.600432
-0.309583
0.240731
-0.0551704
-0.111423
-0.580871
0.15106
0.0470051
0.06575
0.030617
-0.260604
0.281728
-0.179172
-0.582683
-0.435398
0.283075
0.0636434
-0.390849
0.0785902
-0.23938
-0.275273
-0.174716
0.0267983
-0.38292
-0.406665
-0.342538
-0.349412
-0.325959
-0.12802
-0.160409
-0.0636347
-0.489852
-0.729016
-0.0519803
-0.223941
-0.463902
-0.254245
0.131887
-0.295342
-0.257456
-0.264326
-0.0944981
-0.357753
0.104951
-0.221583
-0.0993714
-0.408825
-0.217719
0.0513085
0.0785678
0.158203
-0.4144
0.0605452
0.289681
-0.145929
-0.261878
-0.246117
-0.150242
-0.266973
-0.0404938
-0.258882
-0.18241
0.170703
0.20985
0.0521985
0.274494
-0.0799117
0.00231042
-0.206995
-0.0298298
-0.311275
-0.00464166
-0.207056
-0.541941
0.208108
-0.15154
-0.179001
-0.00926475
0.394009
-0.126291
-0.133051
-0.133887
-0.181933
-0.217811
0.149856
0.224442
-0.165986
-0.130635
-0.263422
-0.096858
0.0534624
-0.151406
0.0509162
0.0942114
-0.268254
0.0647178
0.104118
0.0414071
0.0376555
0.134596
0.282784
-0.128955
-0.0181195
0.0234261
-0.234361
0.267052
0.220211
0.466048
0.0695685
0.248652
0.100954
-0.308751
0.447865
-0.163932
-0.133233
0.227246
0.108648
0.309746
-0.150309
0.226481
0.167721
0.0760824
0.114497
0.526028
0.088297
-0.0391408
-0.0434677
0.0193074
0.354069
0.26582
0.116199
-0.0739536
0.618456
0.321323
0.406369
0.0364847
0.111634
0.114513
-0.0357392
-0.0452785
0.116088
0.305353
0.439323
-0.156
0.139462
-0.250023
0.0628213
0.054419
-0.0451478
0.133273
0.0699347
0.186494
0.163913
0.181496
0.0754972
-0.0299603
-0.00681906
-0.01188
0.185267
0.0238734
-0.0411616
0.290022
0.155055
0.126785
0.0174948
0.434631
0.0649665
0.16718
0.33575
0.026843
0.384606
0.393659
0.553952
0.12218
0.328675
0.00502219
0.400928
0.262111
-0.124742
0.176392
-0.066168
0.106675
0.207391
-0.342497
-0.235024
0.21024
-0.279023
0.198256
0.502594
0.00747365
0.301312
0.222805
0.406492
0.0443083
0.196665
0.147628
0.171091
-0.0513216
-0.0381174
0.210246
-0.0027773
0.372619
0.0950995
-0.13879
-0.355583
0.287385
0.0251216
0.241251
0.205232
-0.383439
0.0995162
0.150672
0.0429718
-0.0246791
0.105358
0.0337071
-0.24254
0.205756
-0.055238
0.140106
0.16173
0.0159608
0.342005
0.139767
0.141035
0.142802
-0.0117372
0.0739608
0.20681
-0.131988
0.0803585
0.0139856
-0.228894
0.332949
0.219501
0.0685067
0.100308
-0.113681
-0.118395
0.213457
-0.22205
-0.0269879
-0.331318
0.17143
0.0843645
-0.0686896
0.176171
0.138353
0.0274884
0.166836
-0.249699
0.177778
0.129671
0.175539
-0.140489
-0.277755
-0.174633
0.155116
-0.236881
0.151317
0.268245
0.235023
-0.182077
0.0624466
-0.0654699
0.365908
0.122618
-0.138585
-0.0295542
0.0889182
0.00190468
0.189237
-0.283957
0.054012
0.0562973
-0.0738873
-0.101687
-0.370109
0.0649906
0.203262
-0.0790204
0.258089
0.41303
-0.0160644
0.050418
0.194816
0.370472
0.132279
0.232851
0.0514354
-0.158245
0.0823566
0.117165
0.0461631
0.0614504
0.332914
-0.1706
0.170652
-0.0910454
0.0784665
0.174436
-0.118483
0.316482
0.119703
0.044011
-0.00661797
0.456891
0.376646
-0.216963
-0.0978173
0.382697
0.0857831
-0.0691063
-0.0178138
-0.22655
-0.242333
-0.0566577
-0.00766299
-0.278599
-0.0905441
0.0723478
0.23461
0.0660016
-0.121445
0.265692
0.310809
0.509993
0.0298489
-0.310123
0.258177
0.232242
0.254744
-0.273861
-0.0531555
0.112948
0.362843
0.0965407
0.0221064
0.177146
-0.202686
-0.0590674
0.0389258
0.319573
0.307865
0.0271859
-0.192126
0.190682
0.050347
0.0064898
0.148433
0.0300515
0.182918
-0.171422
0.235889
0.151092
-0.168565
0.425327
0.0469952
0.379897
0.0756213
0.352228
0.270087
0.0188714
-0.104694
0.286885
0.304251
-0.415177
-0.0951215
-0.131207
-0.138996
0.0288783
0.144085
-0.206929
-0.0919299
-0.0302941
0.191047
0.0415888
-0.228843
0.462131
0.296552
0.253592
-0.0700797
0.219139
-0.0294511
-0.0295466
-0.308781
0.227043
-0.464103
-0.0197892
-0.0159276
-0.142576
0.160837
0.0673263
0.0331616
-0.0732253
0.440118
-0.278339
-0.0219577
-0.0778429
-0.0768472
0.0547735
-0.121174
-0.0144591
0.353471
0.271201
0.421603
0.398469
-0.114364
0.2906
0.201269
0.264025
0.440848
0.108337
0.410592
0.421661
0.242716
0.429775
-0.0648351
-0.123658
0.127668
0.00145655
0.175502
-0.0862646
0.16989
0.247451
-0.0417412
0.259967
-0.107883
0.0544449
0.0144988
0.187425
-0.0934758
0.112571
0.0930976
0.298843
0.0797298
0.426699
0.324463
0.222574
-0.15305
0.514678
0.176202
0.0638545
-0.321573
0.365187
0.295608
-0.0125767
0.534985
0.366851
0.0526603
0.0993927
-0.0664534
0.248057
0.2385
0.357206
0.114163
0.264657
-0.219874
0.261493
0.426041
0.267525
-0.132875
0.18985
0.0793958
-0.220794
0.46199
0.210074
-0.0649112
0.376027
0.104996
-0.0558113
0.0670261
-0.192714
-0.0105471
0.232987
0.364878
0.226576
0.285889
0.160108
0.0204468
-0.203743
-0.0730536
0.569765
0.208855
0.0764649
-0.0392479
-0.0820357
0.0845806
0.215873
-0.142407
-0.144617
-0.0831131
0.193966
0.0602801
-0.0567197
-0.0672057
-0.26229
-0.112246
-0.124285
0.0657727
0.213468
-0.364846
0.147322
-0.0122917
0.0962007
-0.107993
0.179126
0.0660358
0.110866
-0.00204012
-0.282303
-0.345249
-0.135432
-0.135576
0.143787
-0.0825671
0.213606
-0.209232
0.164647
-0.204966
-0.0255416
0.12217
0.11425
0.0218322
0.285364
0.347605
0.410116
0.0282998
0.292625
-0.144228
-0.333897
0.0366851
0.197063
-0.0280501
-0.310521
0.0230265
-0.212281
0.0543614
0.0627569
-0.211653
0.0120858
-0.148329
0.113122
-0.126574
-0.110219
0.0103507
0.194188
-0.0298915
-0.414353
0.0922518
-0.278339
0.17697
0.0423167
-0.0211346
-0.0725588
-0.0790295
0.22348
0.200747
0.159485
-0.0552619
0.563703
-0.307612
-0.0900461
0.147059
-0.204494
0.0932544
0.244577
-0.00227746
-0.0127891
-0.00949277
0.625691
-0.163005
0.0541811
0.0519623
-0.194817
-0.112402
0.104651
0.409704
-0.00747757
0.184443
-0.169899
-0.100097
-0.281382
0.225475
-0.0630981
0.0431336
0.285618
0.109454
-0.159602
-0.106101
0.120887
0.302208
0.0153532
0.398427
0.0227568
-0.123029
-0.0286708
0.307291
0.561097
-0.120926
-0.0320975
0.0562451
0.0970931
0.523025
0.191092
0.182605
-0.304732
-0.199845
0.1779
0.0287906
-0.311951
-0.152597
-0.0251773
-0.383756
0.212244
-0.182779
0.137145
0.0134873
0.00126803
-0.188875
-0.104357
0.237663
0.156127
-0.0304645
-0.0473602
-0.248173
0.261449
0.283949
-0.411338
0.252295
0.127585
0.225823
0.0657036
0.0406656
-0.0186142
0.285271
0.0965469
-0.0226169
0.0121152
0.043791
-0.0551144
0.155679
-0.0039207
0.406218
0.0397611
0.0925518
0.162686
0.0257571
0.0583048
0.0764804
0.121966
-0.204747
0.042557
0.196979
0.126596
-0.187052
0.508097
0.278851
-0.313435
-0.175983
-0.294874
-0.118271
0.0570984
-0.0229161
0.226005
-0.0572097
0.251599
0.294227
0.143983
0.0509883
-0.00203622
0.287357
-0.073265
-0.185768
0.380593
-0.140731
0.0558588
0.301532
-0.0179875
-0.153125
0.331823
0.00734963
0.227464
-0.184811
0.224949
0.500002
0.293566
-0.0720166
0.228399
-0.056954
0.124242
-0.339134
0.215766
0.306089
0.440077
0.336083
-0.234706
0.344809
0.60227
0.133544
0.316231
-0.142186
-0.164702
0.234169
0.364725
0.416364
-0.0141996
0.0255527
-0.0917252
-0.12537
-0.164382
0.0051617
-0.290518
-0.29396
0.0753959
-0.017662
0.188208
-0.0502482
-0.115923
0.0499346
0.173642
0.347656
-0.0937982
-0.17511
-0.162981
-0.237276
0.159733
-0.218314
0.123095
0.0589136
-0.334937
0.0654903
-0.0712457
-0.213624
0.0152948
-0.383396
-0.096549
-0.250307
0.0423613
0.167837
0.0302203
-0.313029
-0.428862
-0.0885232
0.118341
-0.0150907
-0.400792
0.0919078
-0.0194313
-0.0843032
0.11373
0.152708
-0.127563
0.0549192
0.143221
0.212002
0.387751
-0.201235
0.235417
0.0711041
0.0800846
-0.21142
0.0285632
0.187014
-0.181351
0.0146523
0.244383
0.0395608
0.0848144
-0.147513
0.0174692
0.0226698
0.171583
0.432554
0.000281544
0.293615
-0.064475
0.0930574
0.0167671
0.0682886
-0.154735
0.167878
-0.0876807
-0.0333987
-0.224323
-0.344842
-0.0640685
-0.2164
-0.304233
0.116157
-0.11369
-0.119677
0.00215336
-0.364402
-0.227055
-0.200094
0.281043
-0.107706
-0.0240963
-0.183316
-0.314812
0.231577
0.255534
0.366785
-0.18414
0.0438093
0.291407
-0.0749047
0.2703
0.096117
-0.0587132
-0.146365
0.290798
0.365214
-0.02581
-0.104608
0.337785
-0.0019753
0.14408
0.028574
0.18814
-0.092378
-0.356462
-0.274425
-0.00714862
-0.139099
-0.228423
0.185733
-0.101146
-0.0210815
-0.183901
-0.289018
0.21776
-0.0131542
-0.107029
-0.197006
0.143821
0.298728
0.0321869
-0.059564
-0.0656979
0.461788
0.182193
-0.160575
0.239248
-0.0500331
0.0922951
0.214281
0.0593205
-0.164683
-0.0469518
0.372472
-0.027252
0.297394
0.432549
0.017978
0.407116
-0.0942424
0.111007
0.11487
0.0100292
0.0874127
0.334418
0.162802
0.305173
0.110417
0.129471
0.174038
-0.137572
-0.207268
0.0315534
0.0951181
0.0664713
0.0289497
0.0994729
0.22564
0.131597
-0.234764
0.0518679
0.32987
-0.0735749
0.389727
0.135985
0.393517
0.3037
0.0999693
0.12912
-0.067076
0.194885
0.156674
-0.0194841
0.146608
0.111103
-0.0283656
0.139449
0.0601874
-0.0248728
0.204931
0.161187
0.0932985
-0.012632
0.0344118
-0.013426
0.230501
0.147017
-0.185162
-0.0233534
-0.162718
0.0785465
0.0670888
0.264848
0.212293
0.384274
0.0967498
0.19168
-0.0181474
0.308435
-0.159695
0.153993
-0.238863
-0.053959
0.238786
-0.0653001
0.23515
0.0193898
0.0425782
-0.146982
-0.468651
0.281587
-0.0555722
-0.237574
0.425974
-0.365188
-0.319649
-0.0774905
-0.495852
-0.0960888
-0.448231
-0.0490484
-0.223091
0.0184757
0.0567631
-0.213192
0.0397443
-0.00780272
-0.109746
0.034697
-0.0415313
0.118398
0.0108025
0.0613153
0.254577
-0.0905962
0.113185
-0.311997
0.042091
-0.0794669
-0.340059
-0.0585045
-0.0157525
0.265062
0.115709
-0.52922
-0.0136407
0.125474
0.0458721
0.149475
-0.232196
0.00672037
0.0115572
-0.0229725
0.203472
0.0342323
-0.0886343
-0.195751
0.311882
-0.171262
-0.302455
0.0987789
-0.0638967
-0.137561
0.008259
0.0182901
-0.0534065
-0.000882815
-0.242659
0.223388
-0.207923
-0.223256
-0.0852081
0.011046
-0.23879
-0.243198
0.163487
-0.02678
-0.0734567
-0.432334
-0.266228
-0.391848
-0.177902
-0.152279
0.206317
0.124084
0.200146
-0.045886
-0.511159
-0.167521
0.0450221
0.266641
0.0701272
-0.0136871
-0.195312
0.0549082
0.302573
-0.241925
0.0852842
0.116839
-0.393824
0.0222685
-0.395906
0.287442
0.112739
0.26556
0.131536
-0.0604431
0.189853
0.0108978
0.16403
4.82542e-06
0.0735849
0.0182165
0.0403254
0.385483
0.173586
-0.0670659
0.0184237
0.0309016
0.389859
-0.0857191
-0.042203
0.0145828
0.19789
0.188907
0.323448
0.268417
-0.371131
-0.17688
-0.0366263
0.413809
-0.00280794
-0.315098
-0.112186
-0.0744868
-0.301691
0.0752956
0.136257
0.345421
-0.160649
-0.0664049
-0.0695784
0.0753672
0.328273
-0.228781
0.0893168
0.262385
0.0388467
0.105818
-0.0849194
-0.0106355
-0.0695695
-0.320669
-0.0788585
-0.0827904
0.231505
0.00222498
0.106362
-0.138046
-0.353892
-0.193572
-0.131895
0.23355
0.237279
0.27125
0.283826
0.244265
0.337184
0.0765511
0.204022
0.221581
0.0851056
0.242672
0.0822188
-0.175437
0.0234705
0.0482003
0.033273
-0.10987
-0.0117107
0.233422
0.00412131
0.0618806
0.266034
0.170195
-0.105138
0.113256
0.163176
0.477381
0.07431
0.000766879
-0.19313
-0.182506
0.0777687
-0.272049
-0.124123
0.160166
0.0910869
-0.246707
0.202256
0.13539
0.157625
-0.181647
0.166941
0.0361375
0.21294
0.0878521
-0.220916
-0.265634
-0.21615
0.160804
0.304504
-0.0210398
0.106303
0.2548
0.211665
-0.147014
0.0901495
-0.0403603
0.219416
-0.0809036
0.127579
0.156214
-0.0511465
-0.000389068
-0.194371
-0.123707
-0.0504437
-0.139547
-0.236977
-0.0876326
0.116838
-0.0927329
0.033808
0.0715319
-0.0349261
-0.412461
-0.157555
-0.282049
-0.139335
0.139103
-0.321269
0.395837
0.145121
-0.24714
0.108882
0.408377
0.00249133
-0.191547
0.0795763
-0.0703417
0.0501242
-0.229783
-0.0481122
-0.182138
-0.184503
0.239319
0.45108
-0.243176
-0.134324
0.193985
0.130468
0.356603
0.500544
0.275376
-0.0241756
-0.313639
-0.119895
0.195687
-0.0419449
0.00428248
-0.0654666
0.0227887
0.0477445
-0.100182
-0.193814
-0.312767
0.00148502
-0.00748525
-0.179014
-0.206174
-0.257538
0.277178
0.153821
0.19007
0.167258
-0.0571061
0.283188
0.0312054
-0.0976862
0.220519
0.770658
0.101375
0.109272
0.233194
-0.00382544
0.00163976
0.205007
-0.103561
-0.187798
0.219995
0.0643363
-0.137876
-0.663717
-0.285941
-0.0288482
0.141026
0.100372
-0.206845
-0.189418
-0.0839066
-0.277252
0.0418293
-0.120199
0.320582
-0.00982886
-0.080363
0.0600469
-0.11492
-0.17463
-0.516593
0.299112
0.0877512
0.00743468
-0.253505
0.00865684
-0.152754
0.153961
-0.155913
0.00156153
0.260518
-0.0425843
-0.0170612
-0.170611
0.181785
-0.276475
0.127686
0.0518276
-0.256937
0.190145
-0.329417
-0.251448
0.0267651
0.14443
0.0798511
-0.17509
0.135576
0.0794672
0.0913133
0.273816
-0.1215
-0.125631
-0.0614894
-0.039397
0.0785693
-0.00982897
-0.171869
-0.0712318
0.0645272
-0.143985
-0.0969583
-0.0526879
-0.275219
-0.0906829
0.197788
-0.0926287
0.108524
0.00138939
0.0519149
0.186525
-0.0950595
-0.160725
0.00201566
-0.371496
0.0551568
-0.159161
-0.297258
-0.313065
-0.0349303
0.0758323
0.0161694
-0.13141
-0.329967
0.153717
-0.0659892
-0.370405
-0.172141
-0.384122
-0.0785857
-0.241673
0.0881264
-0.289698
0.106947
0.0616636
-0.143721
0.191822
0.140418
-0.211307
-0.0994275
0.176186
0.19605
0.1156
-0.289896
-0.297834
-0.0672166
0.13998
-0.0980819
-0.151423
0.0285835
0.155866
0.204622
-0.218813
-0.318112
0.0525403
0.00156943
-0.087063
-0.396811
-0.206565
-0.623217
-0.0111156
-0.297979
-0.555574
0.0888716
-0.191571
0.084149
-0.349224
-0.264177
-0.0826334
0.0170095
-0.0261456
0.208549
-0.302389
-0.127528
-0.0708811
0.00674631
-0.0139946
0.0517534
-0.110255
-0.254124
0.187516
-0.290531
-0.172196
0.00369437
-0.118621
0.30247
-0.228067
0.309597
0.0423887
0.251188
0.385327
0.068425
0.0943105
-0.0752584
0.121164
0.0219343
0.39545
0.132918
-0.0750273
-0.497915
-0.483893
0.0838814
-0.337822
-0.138275
0.162991
0.194722
-0.146095
0.0371752
-0.0136601
-0.145259
-0.122545
0.0178343
0.122978
-0.0358005
0.201545
-0.140196
-0.0502492
-0.0602131
0.0641561
0.144609
-0.195928
-0.0749041
-0.112521
-0.0384342
-0.330334
-0.113634
-0.245612
-0.337652
0.1799
0.0396722
0.116943
0.241385
-0.0334578
0.142033
0.246052
0.21356
0.0716565
0.0622764
0.254891
0.185255
0.00415037
-0.355154
0.197515
0.00278547
0.0110392
0.209269
-0.169338
-0.290956
0.0559394
-0.304299
0.254315
-0.0445996
0.130322
0.178326
-0.381687
-0.225321
-0.133249
0.0909884
0.159249
-0.238426
-0.138362
-0.121056
-0.112377
0.200088
0.14746
-0.00267159
0.263872
0.0435741
-0.0159165
-0.133177
0.302337
0.168643
-0.0851992
-0.0699187
0.0545781
0.0499075
0.0369966
-0.152426
-0.115474
0.00301213
0.185226
-0.472492
-0.146839
0.0260721
0.0665415
-0.350077
0.0986682
0.0458586
-0.191328
-0.459171
0.129075
-0.224517
-0.238874
0.103787
0.308539
-0.112961
0.0985112
-0.0177906
-0.353292
0.0218528
-0.337597
0.047653
0.0295396
-0.2287
-0.085958
-0.207378
-0.300778
-0.0892376
0.131344
0.127933
-0.132313
0.158742
0.135428
0.0271067
0.327787
0.543902
0.154518
-0.0307692
0.099644
0.0325194
0.165345
0.192293
-0.11819
-0.367035
-0.271433
-0.0451626
-0.449531
-0.192463
-0.345146
0.025328
0.152759
-0.251233
-0.223818
-0.523722
-0.164489
-0.221677
0.13114
-0.437096
-0.194956
-0.0206503
-0.0486567
-0.563244
-0.246416
0.108133
-0.349163
0.0495365
-0.302812
0.0672036
-0.472387
-0.504894
-0.169546
-0.511339
-0.345416
-0.0671273
-0.0269414
-0.245007
0.232521
-0.397343
-0.0259468
0.139136
-0.242735
-0.921734
0.387384
-0.496278
0.123384
0.20591
-0.172942
-0.525395
0.539149
-0.513367
-0.474172
-0.486176
-0.117203
-0.2447
-0.0585979
-0.319483
-0.619384
0.380982
-0.75607
0.521133
0.0021803
-0.554894
0.0641915
0.213686
-0.08079
-0.290698
-0.508132
-0.150302
0.0990272
0.135611
-0.794544
-0.361908
-0.359202
0.0479074
-0.106215
-0.357606
-0.790688
-0.340455
-0.112462
-0.297445
-0.0858371
-0.669106
-0.636894
-0.390425
-0.191685
-0.312247
-0.0103208
-0.417046
-0.105428
-0.421087
-0.558229
-0.558469
-0.0765947
0.104354
-0.448438
-0.0484736
-0.385112
0.0825305
-0.54754
-0.463398
-0.544398
-0.230254
-0.259925
-0.166181
-0.0481729
-0.279733
-0.134327
-0.316605
-0.515803
-0.473773
-0.439145
-0.574038
0.0663663
0.196947
0.0986309
-0.330402
-0.00400292
-0.182506
-0.109372
0.341413
-0.0811919
-0.726269
-0.313663
-0.452842
0.0946401
-0.321657
-0.0313255
-0.143223
-0.323637
-0.601276
-0.4798
-0.424094
-0.340682
-0.141041
-0.0427982
-0.440601
-0.39497
0.09111
-0.568364
-0.304219
-0.150828
-0.460283
-0.249269
-0.240306
0.188266
-0.364045
-0.130931
-0.0107706
-0.289611
-0.187795
0.01887
-0.251885
-0.339683
-0.0576896
-0.204112
0.0413818
-0.120089
0.0691164
-0.0607396
-0.254895
-0.409041
-0.123983
-0.246725
-0.33521
0.00979594
-0.250609
0.0600083
-0.264531
-0.0921084
-0.408434
-0.570673
-0.242592
-0.125764
-0.514133
-0.333881
-0.332407
-0.105723
-0.00694805
-0.228489
-0.124467
-0.207472
-0.0550745
-0.259478
-0.0547775
-0.259819
-0.350586
0.0450711
-0.302287
-0.0866637
-0.457876
-0.320495
-0.186946
-0.275881
-0.298463
-0.292614
-0.511731
-0.597623
-0.378707
-0.748301
-0.592637
-0.618216
-0.282928
-0.663308
-0.953784
-0.638875
-0.998821
-0.751487
-0.83791
-0.772122
-1.29606
-0.76004
-0.816365
-0.529681
-0.631625
-0.836812
-1.09628
-0.77333
-0.979609
-0.730837
-0.629502
-0.825155
-1.14142
-1.2135
-0.766116
-1.10585
-1.1077
-1.08125
-0.798749
-0.931952
-1.29769
-0.84556
-0.904507
-0.752145
-0.835577
-0.741885
-1.18127
-1.16207
-0.760608
-0.858518
-0.877245
-1.02833
-0.750907
-0.979333
-0.897394
-0.729512
-0.79845
-0.598744
-1.20741
-0.818655
-0.909353
-0.717825
-0.95504
-0.998773
-1.09909
-1.00273
-0.894981
-0.896137
-0.782563
-1.16089
-1.03461
-1.26322
-1.04657
-1.44245
-0.93167
-1.13338
-1.2149
-1.36875
-1.33612
-1.15096
-1.15322
-1.13382
-1.04576
-1.53719
-1.32028
-1.05735
-0.965442
-1.14293
-0.969393
-1.28999
-1.36322
-1.47829
-1.54755
-1.55618
-1.46678
-1.55976
-1.20414
-1.4416
-1.0896
-1.65549
-1.58624
-1.74108
-1.48201
-1.63069
-1.76216
-1.36208
-1.43646
-1.7362
-1.88371
-1.92034
-1.58589
-1.60262
-1.54989
-1.36295
-1.68074
-2.04155
-1.59124
-1.93015
-2.00434
-1.88534
-1.56696
-2.15342
-1.91851
-1.65958
-1.89978
-2.1572
-1.81523
-1.99498
-1.70138
-2.0523
-2.09415
-2.13728
-2.16789
-2.00315
-1.94216
-1.86769
-1.94592
-2.26284
-2.38408
-2.1248
-2.33559
-2.20302
-1.8882
-2.18719
-2.35174
-2.42668
-2.15802
-1.98971
-2.0828
-2.42067
-2.5785
-2.35322
-2.45559
-2.31991
-2.57947
-2.49386
-2.78898
-3.15112
-2.89245
-3.19479
-2.85883
-3.29575
-2.98072
-3.54906
-3.12845
-2.95385
-3.56762
-3.23761
-3.17809
-3.33983
-3.54204
-3.68957
-3.12742
-3.54792
-3.40593
-3.25709
-3.31769
-3.25588
-3.50907
-3.04238
-2.8896
-2.68137
-3.01677
-3.07542
-2.90177
-2.83185
-3.29819
-3.02603
-2.40196
-2.82971
-3.17895
-3.0226
-3.40311
-3.03927
-3.19956
-3.07195
-2.99378
-2.93207
-3.34354
-2.96168
-2.957
-3.33106
-3.27026
-2.84338
-3.05173
-3.54427
-3.61873
-2.93287
-2.9984
-3.17576
-2.86518
-3.07039
-3.30426
-2.99562
-2.93021
-2.91051
-3.08427
-3.24895
-3.24876
-3.22496
-2.93838
-3.46349
-3.0213
-3.53961
-3.8672
-3.82588
-3.62481
-3.96876
-4.33599
-4.088
-3.99272
-4.333
-4.17086
-3.94476
-4.37429
-4.27276
-4.16136
-3.93699
-3.66688
-3.50047
-3.43204
-3.19043
-3.17729
-2.85085
-3.14748
-2.82718
-2.6389
-2.55006
-2.44035
-1.99805
-2.56441
-2.24589
-1.9344
-2.0976
-2.23037
-1.8943
-2.28978
-1.92878
-2.12514
-1.83008
-2.35091
-2.36436
-1.92781
-2.14145
-1.66018
-1.69405
-1.6932
-1.59994
-1.96977
-1.63261
-1.536
-1.88717
-1.77443
-1.46649
-1.58097
-1.58004
-1.79462
-1.3815
-1.77945
-1.56435
-1.48137
-1.41846
-1.73518
-1.79757
-1.52585
-1.8497
-1.60372
-1.58559
-1.67802
-1.59854
-1.41837
-1.76773
-1.22143
-1.65188
-1.60282
-1.8053
-2.02548
-1.62564
-1.99714
-1.56785
-1.80446
-1.28536
-1.77601
-1.3472
-1.48403
-1.36185
-1.13485
-1.57158
-1.36854
-1.49332
-1.31638
-1.43883
-1.03883
-0.964893
-1.06365
-1.17736
-1.22197
-1.35932
-1.40868
-1.01287
-1.42249
-0.910511
-1.20403
-1.39022
-1.24968
-1.41474
-1.03938
-1.17313
-1.42313
-1.63545
-1.42202
-1.34416
-1.79548
-1.62232
-2.00618
-1.79035
-1.45769
-1.99509
-1.3847
-1.57975
-1.50834
-1.77167
-1.48154
-1.48563
-1.46233
-1.72046
-1.79343
-1.65775
-1.73775
-1.77304
-1.77137
-1.4539
-1.66302
-1.66441
-1.71809
-1.9431
-2.16747
-1.95786
-1.83131
-1.44304
-1.56773
-2.07607
-2.02996
-2.01244
-2.02128
-2.16955
-2.04959
-2.077
-2.24026
-1.962
-1.79021
-2.287
-2.1792
-2.07624
-2.11067
-2.31901
-2.23915
-2.39652
-2.52205
-2.37634
-2.21576
-2.21276
-2.52902
-2.17171
-2.14677
-2.05689
-2.27879
-2.06296
-2.00967
-2.53697
-1.90213
-2.00575
-2.11587
-2.17185
-1.94154
-2.20242
-2.1413
-1.90028
-1.95563
-2.28777
-2.19984
-2.01395
-1.94545
-1.66177
-2.21033
-1.99685
-2.37306
-1.87658
-1.98803
-1.82297
-2.15619
-1.72511
-1.75164
-1.94202
-1.66377
-2.14221
-1.69877
-1.59964
-1.69358
-1.8302
-1.86342
-1.70097
-1.45689
-1.66461
-1.42945
-1.62853
-1.61642
-1.68911
-1.85209
-1.37827
-1.56377
-1.74418
-1.64864
-1.92044
-1.97202
-2.1726
-1.70818
-2.27823
-1.80442
-1.58303
-1.92248
-2.37748
-2.09954
-2.22612
-2.08147
-1.84446
-2.18124
-1.74504
-1.93794
-1.81233
-2.08353
-1.92711
-1.61126
-1.34219
-1.64304
-1.85546
-1.47342
-1.58855
-1.87284
-1.62089
-1.71678
-1.47901
-1.67866
-1.48684
-1.41346
-1.50277
-1.31998
-1.2395
-1.99249
-1.52149
-1.31394
-1.00521
-1.55148
-1.02566
-1.40388
-1.58579
-1.18612
-1.25598
-1.30426
-1.60545
-1.7326
-1.16652
-1.50334
-1.65607
-1.37413
-1.63961
-1.52521
-1.57701
-1.60376
-1.99611
-1.80918
-1.66209
-1.96019
-1.66107
-1.96322
-1.69954
-1.72575
-1.36805
-1.52634
-1.3847
-1.38714
-1.51591
-1.37447
-1.64854
-1.17063
-1.43552
-1.21576
-1.31645
-1.15924
-1.29022
-1.17569
-1.47415
-1.38243
-1.39128
-1.26865
-1.26409
-1.6221
-1.324
-1.32881
-1.31859
-1.66294
-1.40578
-1.24157
-1.05454
-1.30874
-1.61024
-1.1601
-1.46841
-0.894829
-1.06974
-1.54794
-1.55605
-1.23986
-1.21385
-1.34394
-1.25138
-1.26802
-1.07529
-1.24041
-1.01004
-1.07335
-1.41335
-1.65893
-1.54698
-1.14958
-1.39967
-1.61087
-1.6033
-1.77258
-1.51299
-1.78862
-1.62904
-1.46603
-1.66341
-1.50731
-1.80421
-1.97972
-2.03148
-1.60446
-1.93815
-1.65906
-1.66512
-1.77997
-1.55628
-1.9706
-1.84951
-1.33124
-1.50858
-1.83935
-1.69209
-1.80211
-1.63199
-1.89672
-1.96089
-1.89309
-1.57172
-1.6966
-1.49498
-1.67674
-2.05939
-2.08812
-2.01639
-1.63181
-1.88231
-1.92153
-1.95247
-1.88947
-1.79386
-1.69533
-2.41178
-1.88341
-2.02284
-1.83278
-2.1689
-1.93763
-2.00557
-1.98617
-1.76637
-1.61727
-1.7993
-1.71644
-2.15938
-1.84499
-1.65505
-1.97825
-2.03489
-2.048
-1.99134
-2.20781
-2.23541
-2.01884
-2.05872
-2.08103
-2.15162
-1.91414
-2.30121
-2.39273
-2.24155
-2.22175
-2.2936
-2.04902
-2.34784
-2.09556
-2.4329
-1.9462
-2.03222
-1.92894
-2.36903
-1.73184
-1.91132
-1.72101
-2.07516
-2.29601
-2.07778
-2.24072
-2.05042
-1.61747
-1.71687
-2.0833
-1.81571
-2.33576
-1.81486
-2.15862
-2.14932
-2.01698
-2.12562
-2.1582
-1.93964
-2.16503
-2.17629
-2.43469
-1.99561
-2.13278
-2.0853
-2.23692
-2.21921
-2.15074
-2.24716
-2.1648
-1.73612
-2.28775
-2.22276
-1.91131
-2.10639
-2.29841
-1.74067
-1.91131
-2.16702
-1.91768
-2.23334
-2.13923
-2.17246
-2.10084
-1.74486
-2.2479
-2.16379
-2.32816
-2.14915
-2.15299
-2.28448
-2.12833
-1.68291
-2.07543
-1.77964
-1.97958
-2.07729
-2.21834
-1.78935
-2.07864
-2.19047
-1.77861
-1.97646
-2.29468
-1.69795
-1.67731
-1.99225
-1.72266
-1.91187
-1.8978
-2.0272
-2.10431
-1.98747
-2.20266
-2.27949
-1.98425
-1.92975
-1.72094
-1.87538
-1.76625
-1.62285
-1.74524
-2.05363
-1.31356
-1.67145
-1.71582
-1.8003
-2.07626
-1.47231
-1.93639
-1.61844
-1.79172
-1.60285
-1.70519
-1.55196
-1.52815
-1.56896
-1.71567
-1.34116
-1.4192
-1.6901
-1.59264
-1.74587
-1.43476
-1.62575
-1.68934
-1.75007
-1.88031
-1.52313
-1.6357
-2.02703
-1.41033
-1.50553
-2.03955
-1.86244
-1.566
-1.65418
-1.35573
-1.54069
-1.68983
-1.80407
-1.86334
-1.85831
-1.35112
-1.75126
-1.9981
-1.84246
-1.69212
-1.73362
-1.59344
-1.69102
-2.05606
-1.44582
-1.68661
-1.85607
-1.3787
-1.5449
-1.85846
-1.46616
-1.64415
-1.66959
-1.62655
-1.91056
-1.89526
-1.92818
-1.7109
-1.44132
-1.74503
-1.65004
-1.93088
-1.65984
-1.80321
-1.91219
-1.71316
-1.36823
-1.7775
-2.10534
-1.5912
-1.69538
-1.83046
-1.36448
-1.76294
-1.79777
-1.61433
-1.76533
-1.6379
-1.61073
-1.87442
-1.63014
-1.45717
-1.81801
-1.855
-1.56076
-1.85679
-1.91797
-1.65311
-1.20937
-1.82548
-1.87725
-1.72842
-1.70916
-1.49161
-1.42453
-1.95915
-1.78514
-1.70016
-1.7907
-1.71909
-2.02359
-2.0357
-1.53566
-1.70721
-1.67976
-1.79953
-1.66967
-2.03243
-1.64392
-1.60891
-1.3841
-1.59595
-1.7143
-1.59957
-1.86218
-1.64618
-1.56918
-1.58084
-1.66558
-1.52363
-1.59845
-1.57873
-1.81794
-1.80743
-1.60188
-1.45065
-1.55128
-1.44525
-1.98952
-1.87581
-2.01055
-1.99763
-2.00966
-1.44183
-1.64794
-1.50211
-1.53811
-1.76321
-1.74128
-1.71983
-1.50216
-1.45962
-1.46327
-1.5707
-1.41595
-1.4481
-1.58853
-1.55965
-1.75004
-1.90547
-1.43029
-1.53641
-1.68953
-1.27746
-1.38892
-1.44889
-1.22691
-1.40804
-1.5579
-1.71406
-1.37692
-1.02904
-1.57642
-1.41053
-1.13777
-1.61318
-1.36073
-1.8631
-1.49627
-1.6473
-1.57812
-1.79441
-1.44568
-1.82042
-1.37135
-1.57146
-1.41104
-1.38497
-1.57876
-1.45566
-1.23844
-1.57184
-1.62555
-1.69917
-1.67695
-1.60793
-1.43414
-1.67758
-1.63812
-1.2421
-1.5309
-1.82471
-1.27747
-1.4987
-1.87181
-1.42246
-1.73348
-1.88813
-1.65186
-1.87458
-1.46092
-1.30322
-1.68905
-1.68579
-1.75877
-1.72178
-1.75644
-1.50914
-1.76679
-1.5818
-1.33061
-1.87305
-1.57858
-1.73641
-2.06201
-1.89948
-2.0306
-2.14533
-2.37059
-1.80272
-1.86693
-2.60564
-2.24236
-1.85251
-2.27077
-2.3209
-1.94744
-2.4097
-1.83288
-2.37691
-2.42402
-2.19584
-2.43486
-2.31273
-2.32385
-2.44426
-2.28275
-2.78855
-2.45846
-2.52348
-2.50854
-2.83707
-2.73048
-3.04456
-3.02286
-2.92744
-3.13993
-3.20273
-3.2382
-3.04692
-2.78661
-2.94406
-3.03059
-2.96834
-3.17366
-2.82983
-3.19699
-3.43437
-3.19745
-3.39526
-3.11235
-3.68949
-3.7492
-3.61166
-3.6989
-3.42666
-3.78942
-3.97982
-4.09601
-4.11088
-4.27386
-4.24864
-4.2784
-4.07606
-4.23805
-4.21856
-4.14659
-4.10404
-4.37779
-4.25926
-4.10438
-4.32149
-4.03272
-4.01722
-4.5212
-4.11499
-4.40829
-4.75727
-4.59467
-4.36826
-4.59349
-4.13566
-4.62868
-4.75532
-4.97156
-4.58192
-4.6879
-4.60502
-4.5545
-4.52251
-4.8409
-4.24971
-4.25032
-4.2326
-4.86846
-4.97833
-4.41522
-4.10969
-4.34042
-3.83827
-4.09322
-4.03056
-4.55248
-4.54493
-4.83604
-4.48985
-4.83846
-4.50085
-5.13454
-5.01666
-5.34643
-5.06207
-4.55171
-5.18293
-4.58568
-4.65274
-4.8921
-4.89233
-4.66355
-4.5994
-4.35747
-4.66758
-4.41646
-4.29581
-4.33326
-4.26295
-4.28419
-4.25902
-4.16029
-4.2029
-4.23929
-3.92082
-4.03538
-3.73962
-4.12418
-4.14102
-3.988
-4.43293
-3.92268
-4.36571
-4.19856
-3.93552
-4.07082
-3.96637
-3.56775
-4.03606
-4.13707
-4.20568
-4.2562
-4.16408
-4.64328
-4.15075
-4.53837
-4.42967
-4.17877
-4.29807
-4.41737
-4.42301
-4.22023
-3.83397
-3.96078
-4.0069
-4.03914
-4.34171
-3.95112
-4.1827
-4.19787
-4.07026
-4.14255
-4.80776
-4.21041
-4.44372
-4.61435
-4.67203
-4.78898
-4.81979
-4.64371
-4.70027
-4.60237
-4.70706
-4.61999
-4.60364
-4.26782
-4.56766
-4.45975
-4.4072
-4.44934
-4.47062
-4.66368
-4.64102
-4.53866
-4.02316
-4.24032
-4.27987
-4.24193
-4.42473
-4.40097
-4.51467
-4.31017
-4.58268
-4.89792
-4.53544
-5.03946
-4.83773
-4.85996
-4.65477
-4.89915
-4.81865
-4.72958
-4.91829
-4.99976
-5.0841
-4.65139
-4.95954
-4.51267
-4.93073
-4.68318
-4.50181
-4.31774
-4.86393
-4.90799
-4.73076
-4.86751
-4.93238
-5.09043
-5.13488
-5.39873
-5.11159
-5.26665
-4.79155
-5.00383
-5.2771
-5.33553
-5.20682
-5.23055
-5.01306
-5.30261
-5.07285
-5.26252
-5.45302
-5.08579
-5.10615
-4.89288
-5.0113
-5.28185
-5.24907
-5.42888
-5.00765
-5.05267
-4.98185
-5.19294
-5.50286
-5.22487
-5.23416
-5.20869
-5.03742
-5.07613
-5.20232
-5.18122
-4.98676
-5.24236
-4.88996
-5.0273
-4.82777
-5.05655
-4.74767
-4.45883
-4.70142
-4.36949
-4.56829
-4.22339
-4.45367
-4.16084
-4.41536
-4.32065
-4.38085
-4.42291
-4.77504
-4.4652
-4.76515
-4.50647
-4.47724
-4.63534
-4.86009
-5.09853
-4.72423
-5.01676
-4.88739
-5.37921
-5.44357
-4.98403
-4.53423
-4.59001
-4.81105
-4.68679
-4.55864
-4.71401
-4.51991
-4.21515
-4.20049
-4.25902
-4.69272
-4.35288
-4.06603
-4.15069
-4.55722
-4.13931
-4.45104
-4.54832
-4.033
-4.69175
-4.33248
-4.6673
-4.59868
-4.73249
-4.68
-4.69107
-4.54279
-4.55376
-4.63963
-4.74319
-4.52038
-4.94728
-4.7253
-4.74845
-4.98072
-4.88274
-4.65307
-4.36856
-4.48709
-4.2709
-4.08424
-4.61306
-4.32838
-4.37029
-4.35205
-4.47545
-4.92977
-4.60733
-4.58504
-4.26309
-4.87739
-5.19984
-4.94811
-4.68299
-4.51186
-4.98232
-4.52224
-4.75985
-5.09901
-4.54225
-4.68061
-4.97927
-4.61373
-4.68189
-4.73606
-4.75028
-4.68523
-4.61303
-5.01222
-4.9954
-4.51715
-4.58027
-4.29454
-4.65443
-4.33374
-4.9452
-4.59012
-4.88869
-4.74807
-4.74711
-5.35225
-4.95699
-4.99745
-5.17485
-5.08139
-4.95857
-5.12957
-5.05709
-5.19076
-5.0011
-5.0544
-4.91499
-5.33216
-4.90248
-4.92581
-4.80268
-5.04433
-4.87457
-5.03054
-4.87531
-4.75681
-4.90759
-5.00719
-5.05849
-5.01252
-5.03728
-4.99451
-5.12796
-4.75328
-5.06044
-5.14643
-5.2134
-5.01339
-5.2713
-4.92096
-5.23501
-4.99163
-4.7458
-5.39411
-5.15241
-5.10556
-4.87489
-4.94514
-4.82146
-4.76787
-4.94351
-4.41722
-4.75436
-4.46402
-4.36024
-4.89677
-4.51759
-4.08224
-4.78123
-4.72585
-4.67919
-4.54753
-4.12382
-4.25329
-4.65121
-4.55198
-4.62862
-4.72455
-4.53665
-4.49678
-4.84801
-4.6102
-4.97367
-4.91735
-4.77766
-4.88102
-4.95798
-4.82906
-4.85046
-4.69907
-4.84139
-4.72326
-4.79542
-4.70182
-4.9976
-4.93774
-5.15764
-5.00563
-4.78495
-4.98924
-4.66786
-4.7978
-4.59179
-5.05375
-4.39344
-4.94045
-4.80016
-4.64305
-4.93415
-4.46121
-4.53313
-4.57621
-4.77785
-4.78777
-4.84646
-4.94035
-4.71146
-5.00831
-4.65829
-4.75096
-4.69136
-4.75669
-4.71256
-4.7091
-4.91021
-5.1386
-5.11706
-4.93614
-4.78741
-5.08024
-4.95018
-4.91496
-4.95062
-4.84992
-5.10569
-5.55929
-5.14565
-5.1235
-5.21896
-5.17557
-4.84933
-5.00237
-5.20205
-5.12881
-5.16769
-5.08882
-5.60463
-5.53603
-5.50989
-5.49385
-5.63338
-5.98866
-5.10942
-5.61579
-5.5624
-5.40645
-5.41875
-4.91535
-5.21894
-5.43394
-5.07129
-5.28235
-5.26667
-5.16393
-5.50893
-5.57312
-5.43883
-5.68515
-5.57872
-5.32118
-5.54359
-5.38557
-5.29917
-5.16866
-5.42644
-5.39288
-5.32932
-5.52168
-5.49553
-5.46325
-5.47593
-5.74688
-5.79147
-5.93946
-6.14558
-5.75402
-5.98206
-5.66769
-6.3334
-5.87735
-5.83474
-6.25327
-5.73929
-6.08892
-5.86429
-6.30839
-6.14348
-5.62493
-6.08656
-5.75515
-5.86747
-6.07205
-5.76768
-5.81368
-5.63292
-6.02478
-5.47775
-6.02931
-5.60355
-5.48671
-6.00319
-5.73677
-6.28999
-5.98393
-5.91902
-5.87807
-6.37288
-6.41294
-6.34861
-6.496
-6.05109
-6.66315
-7.17234
-7.00675
-7.16587
-6.64151
-7.22423
-6.77942
-6.77694
-6.63566
-6.74496
-6.76855
-6.83939
-6.6864
-6.69218
-7.11976
-6.81939
-6.86496
-6.77763
-6.99307
-7.45002
-7.34585
-7.55736
-7.73029
-7.82374
-7.29824
-7.61302
-7.6225
-7.68189
-7.45238
-7.91441
-7.62724
-7.50636
-7.45062
-7.32337
-7.61117
-7.29376
-7.34298
-7.12094
-7.28317
-7.24213
-7.19439
-6.88285
-7.18604
-7.47091
-7.45285
-7.17246
-7.32555
-7.24755
-7.42432
-8.19558
-7.51065
-7.6312
-7.63124
-7.92386
-7.88398
-7.46009
-7.74992
-7.68213
-7.72806
-7.9171
-7.78291
-7.37125
-7.87839
-7.83864
-7.96004
-7.58854
-7.93386
-7.70615
-7.75383
-7.64821
-7.99463
-7.98317
-7.94468
-7.6818
-7.8327
-7.74098
-7.8419
-7.81244
-7.89855
-8.14242
-7.70927
-8.13614
-7.81546
-8.23893
-8.17053
-8.09108
-7.99505
-7.76766
-8.06856
-8.12192
-8.01999
-8.22385
-8.26141
-7.98815
-8.15617
-8.19392
-8.01528
-8.23413
-8.34416
-8.48065
-8.23202
-8.04174
-8.23809
-8.01648
-8.28241
-8.14688
-8.17074
-8.43034
-8.10687
-7.93691
-8.30584
-8.2253
-8.40322
-7.91065
-7.94454
-7.54506
-7.60968
-7.55636
-7.57267
-7.38249
-7.29764
-7.17087
-6.94085
-7.21318
-6.82017
-6.29054
-6.90654
-6.39952
-6.58714
-6.27937
-6.61561
-6.00287
-6.47884
-6.22511
-5.86101
-6.5125
-6.31712
-5.93403
-5.71088
-5.60574
-5.96464
-6.06216
-5.79618
-5.95006
-5.96385
-5.54521
-6.32679
-5.76415
-5.74933
-5.50838
-5.79409
-5.48745
-5.57712
-5.67255
-5.7312
-5.5579
-5.51977
-5.46325
-5.40908
-5.61769
-6.09134
-5.78626
-5.53055
-5.33054
-5.35158
-5.10546
-5.11365
-5.423
-5.25498
-4.8779
-4.94805
-4.95496
-4.74751
-4.72797
-4.47426
-4.35512
-4.46425
-4.61876
-4.50675
-5.08065
-4.48679
-4.74131
-4.68039
-4.74111
-4.6573
-4.721
-4.28685
-4.57814
-4.12829
-3.96805
-4.08965
-3.9712
-3.80984
-3.75546
-3.91003
-3.55103
-2.9896
-3.5002
-2.66291
-2.58323
-2.16042
-2.81642
-2.74272
-2.5884
-2.2924
-2.46025
-2.91382
-2.7081
-2.82615
-2.99369
-3.19951
-3.49403
-3.40835
-3.19563
-3.88896
-3.65403
-3.61077
-3.58456
-3.75566
-3.47281
-3.75067
-3.52023
-3.18567
-3.57029
-3.52703
-2.76026
-2.76628
-3.01385
-2.53279
-2.38778
-2.65181
-2.74689
-2.25125
-2.56668
-2.21917
-1.97603
-1.93987
-1.96872
-1.93231
-1.88464
-2.04337
-1.91948
-1.66387
-1.55811
-1.6124
-2.05045
-1.87863
-2.0012
-1.60681
-2.05706
-2.31278
-2.79533
-2.65079
-2.53262
-2.91973
-3.23078
-3.1966
-3.08054
-2.95976
-2.89033
-3.04992
-3.05123
-2.88579
-3.06702
-3.14464
-3.12665
-3.35193
-3.10686
-2.80636
-2.89769
-3.09674
-2.97045
-2.86791
-2.97616
-2.42079
-2.2405
-2.40271
-2.72061
-2.39851
-2.51257
-2.33313
-2.24018
-2.2767
-2.36291
-2.01503
-2.3797
-1.99391
-2.49787
-2.32796
-2.54909
-2.76475
-2.57004
-2.65733
-2.93493
-2.7064
-3.04103
-3.35398
-3.29562
-3.56751
-3.0266
-3.49215
-3.17325
-2.80765
-2.97645
-3.22455
-2.78306
-2.82903
-3.15499
-3.18476
-3.05009
-2.88534
-3.12075
-2.78708
-2.89313
-3.03786
-3.13121
-3.1576
-2.84065
-2.82613
-2.98973
-3.13841
-2.92509
-3.23548
-3.55535
-3.42642
-3.48097
-3.38562
-3.86579
-3.51017
-3.31358
-3.27739
-3.38887
-3.24019
-3.2161
-2.98276
-3.44424
-2.85016
-2.82929
-3.24488
-3.22097
-3.02831
-3.00506
-3.19736
-3.28191
-2.83227
-3.04193
-3.26176
-3.31394
-3.53695
-3.05083
-3.50854
-3.27712
-4.05262
-3.5885
-3.91745
-3.36563
-3.61238
-3.56152
-3.85704
-3.87261
-3.84881
-4.05276
-3.66935
-3.69161
-3.58661
-3.93226
-3.60813
-3.60354
-3.93859
-4.14256
-3.76078
-3.71734
-3.37931
-3.67928
-3.88776
-3.63892
-3.76339
-3.59403
-3.92955
-3.81806
-3.64107
-3.15141
-3.31459
-3.70687
-3.42032
-3.19031
-3.5213
-3.58879
-3.47895
-3.53224
-3.96024
-4.02464
-4.08852
-3.88562
-3.92879
-3.7996
-4.4526
-4.09169
-4.33203
-4.11922
-3.86289
-4.24821
-4.04551
-3.91867
-4.30046
-4.24442
-4.27427
-3.91722
-4.29268
-4.00773
-3.92842
-3.93776
-4.21408
-3.76001
-3.51849
-3.83195
-3.42275
-3.09517
-3.91665
-3.30267
-3.61402
-4.06705
-3.69794
-3.60276
-3.61325
-4.34323
-4.30632
-4.41244
-4.16375
-4.46078
-4.54084
-4.52685
-4.41531
-4.3509
-4.85122
-5.09381
-4.94701
-4.89663
-4.74419
-4.77795
-4.91131
-4.89891
-5.02899
-4.76534
-5.16032
-5.03703
-5.09798
-5.32881
-5.03325
-5.22212
-4.85224
-5.32915
-4.93531
-5.43931
-4.80729
-4.92811
-4.55483
-4.93617
-4.8835
-4.73777
-5.02636
-5.46612
-5.02823
-5.6535
-5.47888
-5.46295
-5.43855
-5.38787
-5.48515
-5.40094
-5.41377
-5.6421
-5.75951
-5.82422
-5.83039
-5.81391
-5.92207
-5.73695
-5.94777
-5.8749
-6.10677
-6.03932
-5.98354
-6.04195
-5.6542
-5.54016
-5.75611
-5.77264
-5.90906
-5.32934
-5.75825
-6.12257
-5.55208
-5.71693
-5.73518
-5.61238
-5.66089
-5.88082
-5.95751
-5.68029
-5.47267
-5.5038
-5.98367
-6.01546
-5.78174
-5.78067
-5.90538
-5.66114
-5.84966
-6.4408
-6.3254
-5.82711
-6.0564
-5.75697
-5.97501
-5.62313
-5.85104
-5.84191
-5.23228
-6.16992
-5.62828
-5.42615
-5.26952
-4.92929
-5.30512
-4.94743
-5.31934
-5.13056
-4.97467
-5.11573
-5.38961
-5.31947
-5.55326
-5.75552
-5.31842
-6.26248
-5.91741
-6.40773
-5.58052
-5.33341
-5.76742
-5.82433
-5.53066
-5.36476
-5.78572
-5.21459
-5.95471
-5.7534
-5.61075
-5.42678
-6.02095
-5.84678
-5.83123
-5.46946
-5.69177
-5.41536
-5.60811
-5.18682
-5.52222
-5.49616
-5.35077
-5.30987
-5.58803
-4.95078
-5.82448
-5.30042
-5.47771
-5.73538
-5.72684
-5.80026
-5.24793
-5.4157
-5.28665
-5.47625
-5.27922
-5.35876
-5.21165
-5.16059
-4.99176
-4.79865
-4.58021
-5.01025
-4.99009
-4.88249
-4.61632
-4.78815
-5.03228
-4.69065
-4.50397
-4.99694
-4.6592
-5.17425
-4.71871
-4.93381
-4.49018
-4.82341
-4.81936
-4.61351
-4.64979
-4.4621
-4.57667
-4.40447
-4.65313
-4.32282
-4.75495
-4.73966
-4.38633
-4.50732
-4.73836
-4.69062
-4.85995
-4.66128
-4.7672
-4.67259
-4.43211
-4.52087
-4.37083
-4.32835
-4.59401
-4.38723
-4.51318
-4.25018
-4.56775
-4.34939
-4.19461
-4.22157
-4.00749
-4.11683
-4.07682
-3.99346
-4.15761
-4.17685
-4.12135
-4.31526
-4.14717
-4.53292
-4.54221
-4.62651
-4.57533
-4.74008
-4.71547
-4.81971
-4.64919
-5.0155
-4.90659
-4.99284
-5.08503
-4.64431
-5.13454
-4.9806
-4.53204
-4.90818
-4.87956
-4.49516
-4.33379
-4.65142
-4.23654
-4.1902
-3.62158
-4.08532
-4.46504
-3.94814
-4.11085
-3.90323
-3.85492
-3.89545
-3.74364
-3.67943
-3.88599
-3.86549
-3.98482
-3.87598
-3.62288
-3.66583
-3.80217
-3.67871
-3.14024
-3.69533
-3.76366
-3.56162
-3.26454
-2.949
-3.10274
-3.59034
-3.04978
-3.33755
-3.15125
-3.39756
-3.30867
-3.20312
-2.79193
-3.112
-3.06981
-2.86768
-2.93709
-3.06182
-2.58977
-2.88171
-2.84702
-2.57266
-2.8628
-2.41379
-2.80594
-2.71248
-1.98583
-2.42199
-2.08901
-2.15624
-2.31207
-2.01022
-2.1073
-1.8104
-1.97694
-1.51914
-1.49724
-1.62275
-1.90407
-1.71396
-1.33866
-1.24875
-1.38428
-1.23104
-0.834005
-0.922757
-1.0897
-0.671084
-0.753452
-0.496704
-0.548275
-0.0230764
-0.14566
-0.0493584
-0.0386658
0.00433015
0.177836
0.376822
-0.165092
0.21469
0.443866
0.589047
0.426224
0.789216
0.803452
0.715581
1.01157
0.986042
0.9159
0.925726
1.02486
1.48489
0.865265
1.07298
0.764331
1.32049
1.50679
1.4878
1.25459
1.29085
1.19891
1.46348
1.03991
1.19074
1.56999
1.28685
1.28066
0.90653
1.12225
0.827167
0.986797
0.594613
1.01651
0.585066
0.635218
0.950904
1.03837
0.567103
0.607434
0.302618
0.647869
0.131284
-0.279076
-0.259232
0.0386772
0.211268
-0.276628
0.118268
-0.195943
-0.161158
0.273857
0.010751
-0.0849789
0.50631
-0.284065
0.0173423
0.163698
0.0309241
0.202663
0.0942718
0.0455135
0.306013
0.0493775
-0.00932343
0.0271771
0.146117
-0.0255273
-0.556621
0.0332448
-0.0557392
0.428435
0.155081
-0.0613926
-0.0719391
0.0468799
-0.207736
0.103661
-0.297166
0.0255379
-0.14501
0.126302
-0.103953
-0.0911066
0.0917803
-0.314328
-0.176521
-0.559405
-0.051498
0.0371191
-0.0708575
-0.1391
-0.310934
-0.125932
-0.502384
-0.457548
-0.196311
-0.271456
0.0245796
-0.117763
-0.263872
-0.314175
0.0300108
-0.0722482
0.0588298
0.0393004
-0.0161922
-0.0260242
-0.635659
-0.206896
-0.0156293
-0.215734
0.0329187
0.218309
-0.360615
0.0643986
0.00268633
-0.0587426
-0.135225
0.0372262
-0.193074
0.00642424
-0.143312
-0.142248
-0.137509
-0.45642
-0.157559
-0.113493
-0.127746
0.0654225
-0.305744
0.0334365
-0.383923
-0.189615
-0.388245
0.098716
-0.098099
-0.0803893
-0.0949089
-0.13877
-0.172177
0.0606713
0.269091
0.0474458
-0.0548926
-0.0422024
-0.273963
-0.1929
-0.285363
0.207208
-0.0574908
0.0419873
0.130405
0.26647
-0.217572
-0.201573
-0.0894475
0.304294
0.0545928
-0.00848209
-0.0426037
-0.114506
0.461946
-0.0712816
0.345093
-0.0169033
-0.0385982
-0.355492
-0.314992
-0.512531
0.30087
0.135149
-0.031513
0.312225
0.155922
-0.376705
-0.046566
0.209784
0.0445754
0.176859
0.474763
-0.0500115
0.420079
-0.0190106
-0.0957732
-0.184473
-0.0126514
0.0172114
0.239747
-0.213863
0.70013
-0.184195
-0.0469539
0.251503
-0.00249058
-0.0189481
-0.0279346
-0.156799
-0.238605
0.0578371
-0.150728
-0.0624039
0.42531
-0.0575228
0.174277
0.0595596
0.342372
0.175207
0.166504
0.185861
0.178246
0.0769165
0.225564
-0.0606986
0.0851976
0.0644856
0.00574945
0.257855
0.172936
0.137143
-0.238596
-0.00188491
-0.00666657
0.0274442
-0.0835854
0.0643935
-0.016734
-0.355599
-0.0326287
0.277422
-0.0730878
0.278381
0.340419
0.269101
-0.162336
0.0457169
-0.0512996
-0.0485675
0.229159
-0.0679817
0.192325
0.294029
0.104862
0.115555
-0.147945
-0.10134
0.00429507
0.178863
0.0567544
-0.0709655
-0.0865692
0.27509
0.184107
0.23957
-0.0778458
-0.00243295
-0.260153
0.233008
0.220582
0.0745831
0.264106
-0.0501933
-0.0089789
-0.246617
0.0216105
0.0975421
-0.225135
0.0526557
0.0487081
-0.312478
-0.216509
-0.0554496
-0.313673
-0.0527196
-0.556894
0.272829
-0.370564
-0.120968
-0.156008
-0.406422
-0.0582084
-0.221093
-0.558702
-0.170495
-0.422784
-0.254657
-0.0939937
-0.271775
-0.180779
-0.417797
-0.191471
-0.0263043
-0.632015
-0.150917
0.180346
-0.281809
-0.257166
-0.209037
0.170984
0.165545
-0.0559988
-0.481275
-0.46148
-0.308231
-0.266572
-0.252016
0.122738
-0.357007
-0.128857
-0.166857
-0.10426
-0.196469
-0.407082
-0.0305519
-0.313062
-0.261194
-0.141215
-0.112782
-0.142085
-0.0547434
-0.348154
-0.346189
0.0514036
-0.164183
-0.287407
-0.474609
-0.0124601
0.0789593
-0.0611754
-0.0908879
-0.382838
-0.123101
-0.0345449
0.11183
-0.209426
-0.28592
-0.763667
-0.126144
-0.343038
-0.284257
-0.122824
-0.382129
-0.479537
-0.357347
-0.50225
-0.222426
-0.266805
-0.368357
-0.298793
-0.268673
-0.140263
-0.212969
-0.108554
-0.208142
-0.140633
-0.252717
-0.362515
-0.466687
-0.330926
-0.188776
-0.628067
-0.632602
-0.0100897
-0.732932
-0.417669
-0.535173
-0.242838
-0.566601
-0.234391
-0.639298
-0.449766
-0.733158
-0.563924
-0.610017
-0.759026
-0.466812
-0.307405
-0.550528
-0.593402
-0.309936
-0.371361
-0.604233
-0.674849
-0.603582
-0.267854
-0.370798
-0.611854
-0.347003
-0.240236
-0.365509
-0.532555
-0.249289
-0.548239
-0.46993
-0.174174
-0.50765
-0.237508
-0.328317
-0.38202
-0.0151663
-0.328556
-0.465914
-0.380905
-0.280487
-0.314851
-0.484881
-0.216911
-0.301147
-0.54206
-0.340518
-0.283752
-0.407699
-0.399745
-0.11257
-0.338215
-0.204704
0.0705921
-0.609761
-0.0793696
-0.159399
-0.114078
-0.496963
-0.452357
-0.548781
-0.00139717
-0.0761676
-0.397154
-0.0155922
-0.351895
-0.205161
-0.368342
-0.355697
-0.228763
-0.246644
-0.63089
-0.317669
-0.146246
-0.0648395
-0.454195
-0.133043
0.104891
-0.23434
-0.497604
-0.248494
-0.356762
-0.212401
-0.354964
-0.474212
-0.447962
-0.352267
-0.222641
-0.311507
-0.281749
0.0744815
-0.117764
-0.259609
-0.185636
-0.38933
-0.242175
-0.38003
-0.424392
-0.462813
-0.302743
-0.451329
-0.194742
-0.266488
-0.183554
-0.593649
-0.543533
-0.223187
-0.397522
-0.472389
-0.600299
-0.306942
-0.457255
-0.439805
-0.17441
-0.514206
-0.305446
-0.465587
-0.126675
-0.306485
-0.0691524
-0.425761
-0.441803
-0.258492
-0.409685
-0.0546883
-0.638559
-0.564248
-0.181961
-0.318472
-0.243463
-0.136839
0.0543464
-0.255421
-0.506522
-0.369309
-0.595084
-0.351799
0.218993
-0.0814877
-0.0295197
-0.169567
-0.00241323
0.0716001
-0.427565
-0.16269
-0.146162
-0.184185
-0.609258
-0.17166
-0.0949544
-0.0931736
-0.109217
-0.340881
-0.0198601
-0.447074
-0.267391
-0.158186
-0.15166
-0.478727
-0.0271192
-0.183156
-0.153549
-0.168672
-0.221478
-0.197104
0.0388636
-0.0638749
-0.361856
-0.297264
-0.0934589
-0.199028
-0.306149
-0.0963199
-0.0243778
0.0775219
-0.379407
-0.20864
-0.482953
0.142546
-0.0318544
-0.0451855
-0.0426683
0.319633
0.0572546
-0.131824
-0.0398616
-0.179958
0.170047
0.111244
-0.202956
-0.287789
0.147311
-0.181387
0.00716265
-0.214339
0.128943
-0.109148
0.153891
-0.186687
-0.0712702
-0.0764507
0.113119
-0.242273
-0.036755
-0.0794823
-0.145733
-0.0438078
-0.0258671
-0.107383
-0.135313
-0.0846579
-0.222876
-0.0563601
-0.623494
-0.273296
-0.405445
-0.247013
-0.259248
-0.389367
0.0395726
-0.320385
0.136782
-0.41804
-0.0981925
-0.127784
0.030217
-0.0664595
-0.338306
-0.283812
-0.122152
-0.071078
-0.456992
-0.495271
-0.423565
-0.106216
-0.323712
-0.169843
-0.27888
-0.326266
0.00553519
-0.345011
-0.00637166
0.0311424
-0.139638
-0.360288
-0.360745
-0.461768
-0.490014
-0.051728
-0.292962
-0.281374
-0.163704
-0.073219
0.140716
0.0810389
-0.164248
-0.23303
-0.270645
-0.130986
-0.0631596
-0.550192
-0.405511
-0.411189
0.0753792
-0.22415
-0.0172168
0.313124
-0.208982
-0.126865
-0.516944
-0.27315
-0.313431
-0.373422
-0.578548
-0.590127
-0.251092
-0.354139
-0.711945
-0.286087
-0.544993
-0.583613
0.033241
-0.0370081
-0.421375
-0.582296
0.155068
0.0411416
-0.106832
-0.257741
-0.187627
-0.558246
-0.457575
0.00317325
-0.303823
-0.419721
-0.289769
-0.695744
-0.260859
-0.40588
-0.436557
-0.32392
-0.53074
-0.24393
-0.549711
0.00615188
-0.0674859
-0.167375
-0.241654
-0.448861
-0.00653912
-0.739794
-0.0875392
-0.265361
-0.103284
0.0642406
-0.252018
-0.441131
-0.288208
-0.22886
-0.558989
-0.133819
-0.372094
-0.557642
0.041493
-0.743966
-0.027635
-0.209535
-0.39084
-0.410093
-0.129652
-0.287369
-0.243016
0.198303
0.0248168
-0.40931
-0.279289
-0.106498
-0.161005
-0.272381
0.152755
0.069994
-0.0705179
0.163971
-0.417809
0.132022
-0.0264332
-0.0295275
-0.0447189
-0.337796
-0.109862
0.01315
-0.246212
-0.0633771
-0.0222736
-0.109135
-0.173384
0.0415285
-0.0615109
0.0570646
-0.127833
0.168603
-0.361008
-0.30473
-0.181989
-0.196778
-0.63976
-0.222097
-0.386805
-0.173849
0.0181213
-0.239407
-0.483308
0.0816181
-0.239421
-0.180048
-0.17102
-0.143652
-0.246395
-0.188222
-0.377508
-0.154654
-0.134245
-0.102528
-0.193116
-0.0343298
-0.506442
-0.0295977
-0.110917
-0.0154339
-0.205186
-0.541078
-0.48074
-0.0803551
-0.160659
-0.131196
-0.212173
-0.128987
-0.456316
-0.261705
-0.0534221
-0.0126611
-0.180238
-0.370919
-0.149499
-0.171011
0.0527601
-0.0216362
-0.369931
-0.150465
-0.12179
0.112193
-0.0256176
-0.284503
-0.184811
-0.492724
-0.179608
0.0015093
-0.304456
-0.403286
-0.368916
-0.344653
-0.150758
-0.323637
-0.569976
-0.188477
-0.46797
-0.298542
-0.464005
-0.43442
-0.495907
-0.550651
-0.595445
-0.497181
-0.351448
-0.454228
-0.112508
-0.154411
-0.407461
-0.0687756
-0.1984
0.177642
-0.157297
-0.0904935
-0.361554
-0.261511
0.137661
0.212411
-0.182309
-0.0928102
-0.163228
-0.485837
-0.454687
-0.300225
-0.343423
-0.346387
-0.443228
-0.176136
-0.3824
-0.11486
-0.518945
-0.251218
-0.0171938
-0.130895
-0.274983
-0.193289
-0.365278
-0.302486
-0.462437
-0.6123
-0.301293
-0.431987
-0.348946
-0.529542
-0.164052
-0.425155
-0.184505
-0.00457636
-0.541458
-0.468101
-0.770576
-0.275087
-0.424052
-0.378143
-0.266439
-0.380056
-0.343404
-0.270549
-0.19074
-0.400406
-0.589224
-0.364705
-0.40634
-0.131614
-0.154593
-0.222773
-0.216524
-0.227952
-0.193797
-0.300524
-0.428387
-0.302806
-0.233786
-0.174102
-0.312402
-0.459942
-0.224312
-0.21379
-0.2274
0.0468513
-0.127928
-0.0875156
0.235015
-0.408249
-0.188016
-0.273182
-0.436011
-0.307971
-0.128656
-0.413991
-0.478556
-0.225477
-0.525885
0.27909
0.162247
-0.445205
-0.317597
-0.348176
-0.0173764
0.171627
-0.151884
-0.298229
-0.228319
-0.204939
-0.129704
-0.0108453
-0.533188
-0.23436
-0.434272
-0.368556
-0.291814
-0.231281
-0.464213
-0.560397
-0.0375453
-0.173023
-0.258726
-0.183858
-0.0531342
-0.130895
-0.108389
-0.205994
-0.328207
-0.0730381
-0.144982
-0.36373
-0.257376
-0.681245
-0.022873
-0.92808
-0.493444
-0.588203
-0.215603
-0.601238
-0.841972
-0.329012
-0.407421
-0.405001
-0.364336
-0.143767
-0.208507
-0.362174
-0.287476
-0.366824
-0.378589
0.0249159
-0.40414
-0.436072
-0.196971
-0.615241
-0.315709
-0.830158
0.135113
-0.320411
-0.233898
-0.512634
-0.535591
-0.145574
-0.157272
-0.419175
0.0327004
-0.0325009
-0.0945465
-0.01947
-0.58348
-0.248018
-0.182894
-0.357355
-0.329751
0.0851748
-0.488741
-0.347884
-0.291271
-0.548158
-0.733671
-0.393453
-0.705514
-0.484332
-0.304938
0.173003
-0.0978273
-0.330702
-0.0907557
0.0538564
-0.309537
-0.23565
-0.426671
-0.379901
-0.437923
-0.13695
-0.271254
-0.118341
-0.181511
-0.27031
-0.416134
-0.699872
-0.408301
-0.379073
0.0258954
-0.515696
-0.383615
-0.336174
-0.320969
-0.194191
-0.0365303
0.250388
-0.345387
-0.495914
-0.827882
-0.221445
-0.545788
-0.5126
-0.392125
-0.514197
-0.165136
-0.423014
-0.1843
-0.515315
-0.186244
0.0342603
-0.409975
-0.668102
-0.575317
-0.421266
-0.380716
-0.641387
-0.305931
-0.395342
-0.269068
0.0124538
-0.192453
0.0856111
-0.0407791
-0.416847
-0.158826
-0.307263
-0.302333
-0.187536
-0.437152
-0.443626
-0.392124
-0.187499
-0.281197
-0.22748
-0.371108
-0.0582914
-0.506997
-0.274988
-0.510524
-0.134463
-0.604783
-0.635842
-0.492825
-0.268792
-0.141344
-0.215073
-0.151593
-0.330817
-0.105421
-0.391244
-0.294687
-0.567754
-0.377977
-0.404423
-0.245198
-0.380903
-0.285081
-0.613202
-0.506283
-0.469328
-0.339281
-0.854951
-0.529994
-0.645569
-0.50334
-0.323378
-0.58503
-0.580342
-0.439524
-0.358892
-0.460593
-0.30905
-0.093671
-0.297856
-0.231687
-0.255671
-0.557966
-0.441586
-0.275744
-0.372392
-0.635772
-0.27583
-0.218478
-0.60727
-0.491511
-0.442552
-0.2954
-0.342233
-0.380308
-0.502424
-0.441908
-0.264572
-0.00901682
-0.729147
-0.626209
-0.567336
-0.546885
-0.361864
-0.350145
-0.270767
-0.51643
-0.140668
-0.452447
-0.568886
-0.741948
-0.107479
-0.464147
-0.382146
-0.0922959
-0.530963
-0.370344
-0.490775
-0.337256
-0.340722
-0.33383
-0.183334
-0.521887
-0.460164
-0.178443
0.0534707
-0.214474
-0.401692
-0.298436
-0.447216
-0.240733
-0.423594
-0.263532
-0.263123
-0.512947
-0.0839747
-0.151978
-0.256563
-0.541733
-0.0105668
-0.619309
-0.395845
-0.485785
-1.00877
-0.551914
-0.171823
-0.292355
-0.267421
-0.613021
-0.0142393
-0.387898
-0.544996
-0.112629
-0.0280767
-0.366217
-0.396786
-0.472788
-0.357371
-0.0278253
-0.397173
-0.309501
-0.0198515
-0.103765
0.0309106
-0.588767
-0.260881
-0.0758356
-0.138303
-0.328924
