-0.325661
0.00858594
-0.13706
-0.199136
-0.13858
-0.3411
0.104354
0.297129
0.00782414
-0.182854
0.230002
-0.394902
-0.0360474
0.12132
-0.240524
-0.00477142
0.200799
0.192737
-0.235816
-0.226149
0.260076
0.0874848
0.148656
-0.118902
0.0923422
0.338728
0.0202011
-0.318519
-0.0249986
-0.353056
0.229341
0.252895
-0.0490834
0.173646
-0.0592799
-0.169038
-0.0348667
-0.5153
0.0206362
-0.307121
-0.398027
0.197273
-0.448675
-0.243667
0.419732
0.199511
-0.178187
-0.328954
-0.474515
-0.483776
-0.345101
0.0166406
-0.125923
-0.327031
-0.120389
-0.18914
-0.216671
-0.132352
0.146233
-0.0931025
-0.00497874
-0.195325
-0.865729
0.0728782
0.0644842
-0.421232
-0.175152
0.0458592
0.191045
-0.0888823
0.16481
-0.368488
-0.412185
-0.294697
-0.370352
-0.00636144
0.0946045
-0.0603061
-0.183888
-0.300608
-0.557087
-0.0921381
-0.366422
-0.0309517
-0.0702592
0.0315427
1.37618e-05
-0.0679673
0.0139398
-0.127175
-0.200368
-0.136221
-0.19551
0.0817092
-0.331332
-0.399427
-0.325536
-0.152543
0.0259734
-0.525089
-0.099164
-0.318013
-0.228104
-0.413926
-0.163455
-0.302916
-0.0382021
0.107666
0.0787161
-0.037823
-0.16493
0.00431379
-0.0525673
-0.275492
-0.132174
-0.421221
0.0748979
-0.563797
-0.229637
-0.0671636
-0.328961
-0.377505
-0.347264
-0.0400683
-0.129861
0.00800475
-0.337099
0.0575171
0.0475138
-0.0843103
-0.244992
0.117977
-0.165919
0.0194808
-0.382022
-0.537685
-0.0986488
-0.238669
-0.488315
-0.178693
-0.225401
-0.0776454
-0.215271
-0.513383
-0.268591
-0.266347
-0.417887
-0.0275869
-0.17209
0.229501
-0.267237
0.323055
-0.293909
-0.399455
-0.201528
-0.633985
-0.516587
-0.111543
-0.246298
-0.0389685
-0.243948
-0.469053
-0.250288
0.187719
-0.528463
-0.264379
-0.378686
-0.142556
0.112699
-0.105754
-0.35741
-0.522385
-0.296623
-0.200456
-0.479916
-0.135483
-0.17207
-0.111376
-0.331878
0.217345
-0.261004
-0.344852
-0.158193
-0.320676
0.116821
0.0420095
-0.780429
-0.131723
-0.533152
-0.564925
-0.140127
-0.273167
-0.226564
-0.226032
0.0916543
-0.073863
-0.045989
-0.16815
-0.331985
-0.679482
-0.306513
0.0465576
0.0172463
-0.484992
-0.142072
-0.378342
-0.218803
-0.323639
-0.145915
-0.114782
-0.415118
-0.433888
0.163093
-0.762968
-0.271868
-0.213574
-0.368171
-0.104176
-0.527556
-0.267656
0.0576675
0.128715
-0.0837541
0.0530243
-0.450644
-0.342613
-0.533356
-0.390676
0.0506441
-0.18645
-0.0666797
0.227062
0.160444
-0.22659
0.13315
-0.233234
-0.322127
0.178014
0.0769666
-0.132874
-0.444706
-0.07533
-0.132237
-0.277557
0.00317501
-0.140076
-0.446923
0.0242372
-0.27004
-0.51723
-0.315665
-0.203577
-0.464119
-0.228071
-0.121384
-0.53129
-0.566454
0.144481
-0.113171
-0.440265
-0.165714
-0.459899
-0.237747
-0.482978
-0.553986
-0.48072
-0.370378
-0.126274
-0.130054
-0.194713
-0.178484
-0.19937
-0.0387168
0.0234054
-0.264932
-0.254093
-0.374901
-0.436724
-0.0937546
-0.201813
-0.107874
-0.0780766
-0.309906
-0.141781
-0.599871
-0.120186
-0.344467
-0.204652
-0.102183
-0.273344
-0.163912
-0.556879
-0.0940483
-0.366971
-0.353169
-0.267358
-0.116991
0.246933
-0.0666944
-0.0814209
0.0485151
-0.224157
-0.153273
-0.415696
0.0216322
-0.0235713
-0.0719843
-0.180549
-0.0615805
-0.327686
-0.0705579
0.014663
-0.539699
-0.282513
-0.472644
-0.200932
-0.418135
0.174999
-0.0238414
-0.436627
-0.19977
0.0563905
0.045457
-0.0290724
-0.199819
-0.33745
-0.493246
0.0481805
-0.241395
-0.0788559
-0.327039
-0.131416
-0.0589534
-0.67744
-0.197684
0.0370316
-0.398175
-0.163989
-0.355871
0.125284
-0.404468
-0.145111
-0.431847
0.0401809
-0.0786508
-0.394457
-0.217567
-0.265407
-0.30151
-0.411665
-0.410547
0.0190793
-0.0764216
-0.15631
-0.142812
-0.210041
-0.196095
-0.234429
-0.056472
-0.545238
-0.0971255
-0.000430037
-0.460738
-0.0402941
-0.0889486
-0.211348
-0.159157
-0.0582549
0.0233889
-0.0294576
-0.527758
-0.24765
-0.277399
-0.547561
0.0838317
-0.295849
0.0705609
-0.286254
-0.372363
0.127694
-0.673915
-0.2954
0.0360367
-0.387459
-0.597569
-0.235493
-0.33048
-0.156608
-0.155524
0.00076116
-0.112179
0.0169078
-0.336802
-0.165758
-0.185545
0.0268045
-0.199223
-0.530726
-0.346932
-0.307734
-0.172509
-0.254913
-0.174347
-0.132277
0.00964132
-0.147174
-0.186591
-0.15027
-0.331629
-0.232084
-0.0909082
-0.194975
0.0450522
-0.468409
-0.100661
0.224672
0.234985
-0.0381115
-0.199484
0.00780623
-0.389169
0.124891
-0.595319
0.341712
-0.558763
-0.00923769
-0.187423
-0.30508
-0.356422
-0.205451
-0.378067
0.205481
-0.5869
-0.14096
0.026909
-0.124361
-0.304998
-0.15002
-0.154318
-0.223455
-0.256525
-0.298562
0.108096
-0.63606
-0.27634
-0.27324
0.0345499
-0.528412
-0.309069
-0.166248
-0.341692
-0.105333
-0.481344
-0.0094571
-0.024363
-0.269243
0.174232
-0.209547
-0.425497
-0.0518287
-0.225316
-0.281971
-0.239225
-0.32713
-0.164622
-0.306793
-0.000251504
-0.110996
0.0755489
-0.450387
-0.244438
-0.0184515
-0.327832
-0.160193
-0.618093
-0.0620329
-0.161193
-0.240538
-0.409486
-0.277424
-0.474212
-0.032291
0.0464587
-0.199874
-0.209782
-0.241499
-0.272519
-0.171359
-0.257652
-0.447563
0.144575
-0.506911
-0.151243
-0.447799
0.163937
-0.197631
0.0492767
0.13042
0.00923812
0.182873
-0.229266
-0.128917
-0.307466
0.314896
-0.358005
-0.16129
-0.0494888
-0.169708
-0.390194
-0.341022
-0.340685
0.0210984
-0.470061
-0.086363
-0.33272
-0.0996663
-0.514758
-0.514993
-0.276225
-0.270449
-0.588187
-0.299054
-0.140266
-0.49844
-0.234354
0.37838
-0.19851
0.0216224
0.0779874
-0.141541
-0.0442765
-0.165121
-0.481311
-0.151953
-0.0750022
-0.0339882
0.0807411
-0.160076
-0.325035
0.0551535
-0.405606
0.0277791
-0.928243
-0.340814
-0.0235704
-0.320016
0.152969
-0.302593
-0.390087
-0.181162
0.214986
0.0748755
-0.0555289
0.0235639
0.100364
-0.222877
-0.192683
-0.38602
-0.356274
0.000938789
-0.128039
-0.238813
-0.988815
-0.132932
-0.166928
-0.0852333
-0.295242
-0.187912
-0.356228
-0.674781
-0.472208
-0.290989
-0.130743
-0.453545
-0.11874
0.158234
0.165016
-0.0470067
-0.313648
-0.11114
-0.279085
0.265582
-0.36897
-0.442943
-0.40456
-0.315816
-0.0238259
-0.15059
-0.269635
-0.357232
-0.0743073
-0.101782
-0.545058
-0.186295
-0.310764
-0.310361
-0.0012291
-0.217339
-0.370857
-0.248953
-0.233595
-0.0895033
-0.196715
-0.390176
-0.585545
-0.385511
-0.102924
-0.266757
0.164141
-0.149729
-0.220243
-0.498941
-0.455186
-0.334156
-0.418845
-0.289634
-0.51031
-0.220363
-0.367262
0.0718382
-0.0473708
-0.327661
-0.192008
-0.226861
0.229402
-0.0886289
-0.183897
-0.330073
-0.439586
-0.0436782
-0.0923896
-0.318609
-0.415875
-0.112395
-0.195361
-0.256364
0.219533
-0.0890629
0.416088
-0.253376
-0.359108
0.388722
-0.150472
-0.520071
0.147345
0.0870711
-0.34412
-0.252939
-0.280813
-0.0671135
-0.199369
0.292521
-0.143964
-0.258539
0.226801
0.098827
-0.0579478
-0.361977
0.00956141
0.142588
0.103293
-0.212418
-0.0889078
0.0526215
0.147724
0.10452
-0.0804766
0.0179493
-0.299473
-0.0826747
-0.719006
-0.463054
-0.0602276
-0.163535
-0.0040792
-0.370547
-0.0243374
-0.298457
-0.242167
-0.196394
-0.300663
-0.660973
0.054668
-0.466628
0.0297084
-0.730999
-0.353065
-0.0581013
0.0126512
-0.10543
-0.201299
-0.148338
-0.235189
0.0320809
-0.337604
-0.381766
-0.110336
0.145157
-0.481713
-0.313297
-0.406025
-0.076372
-0.32208
-0.0427016
-0.275492
-0.0219112
-0.208904
-0.36261
0.301644
-0.419614
-0.300876
0.0116555
-0.0989907
-0.355792
0.181673
0.0411778
-0.267815
-0.243899
0.119851
-0.0490729
-0.000581832
-0.152005
0.149648
0.00147605
-0.309651
-0.098598
-0.229308
-0.15155
-0.0673061
-0.148589
-0.384694
-0.321575
-0.0135181
-0.536437
-0.402761
-0.47467
-0.114595
-0.109383
-0.128347
-0.496945
-0.459194
-0.30881
0.0959472
-0.129918
-0.203174
-0.096401
-0.262148
-0.186605
-0.501975
-0.486575
-0.248176
-0.332042
-0.518319
-0.289847
0.0104313
-0.329798
-0.449199
-0.488728
-0.254202
-0.600172
-0.0856022
-0.241792
-0.0953936
-0.00603495
-0.28265
-0.188721
-0.0956692
-0.0311629
-0.155554
-0.28897
-0.134845
0.18076
-0.351597
0.0612642
-0.201834
-0.399744
-0.433582
-0.175673
-0.104848
0.0965159
-0.371815
-0.229267
-0.0318005
0.160724
-0.293898
-0.498937
-0.280188
-0.0960147
0.0631171
-0.237819
0.195485
-0.272341
0.192605
-0.155449
-0.0328856
-0.190668
-0.0773927
-0.0647343
-0.404432
-0.376713
-0.121019
-0.260366
-0.0744359
-0.22787
-0.319028
-0.0888232
-0.139137
-0.114045
-0.216405
0.0382128
-0.204592
-0.274141
0.0492734
-0.0679343
-0.555396
-0.298809
-0.278526
-0.0969646
-0.106367
-0.656179
0.120672
0.094649
-0.476139
-0.108285
-0.19392
0.151464
-0.0201715
0.0256192
0.208883
0.0245059
-0.299454
-0.38487
-0.157571
-0.0982409
-0.375984
-0.0257417
-0.310648
-0.265234
-0.04802
-0.166946
-0.470135
-0.398305
-0.0917809
-0.0243316
-0.115443
-0.272032
-0.0213996
-0.660479
-0.240231
-0.0656214
-0.291346
-0.191263
0.31473
-0.162172
0.120105
-0.199391
-0.125417
-0.214879
-0.245599
-0.406114
-0.283219
-0.617215
-0.465158
-0.505956
-0.348217
-0.0312333
-0.312524
-0.0810887
-0.103571
-0.343428
-0.424938
-0.365028
-0.0666969
0.0136425
-0.137289
-0.529586
0.0623944
-0.477179
-0.371484
-0.385034
-0.285955
0.297678
-0.135304
0.00434888
0.0722534
-0.261159
-0.48328
-0.336755
-0.136231
-0.0421881
-0.424172
-0.00359263
-0.0393753
-0.453302
0.166247
-0.133838
-0.705159
-0.341308
-0.171494
-0.356035
-0.24265
-0.285595
-0.412107
-0.220864
-0.131168
-0.66134
-0.0371721
-0.806917
-0.269211
-0.260826
-0.497307
-0.129319
-0.518289
-0.634393
0.144261
-0.479067
-0.2077
-0.337708
0.0468177
-0.498461
-0.156852
-0.0770221
-0.181447
-0.581715
-0.203678
-0.602882
-0.422965
-0.382502
-0.408355
-0.31071
0.186984
-0.138752
-0.231944
-0.0969665
-0.230142
-0.257191
-0.526414
-0.66294
-0.525867
-0.147411
-0.370328
-0.26826
-0.287008
-0.632968
-0.549145
-0.144222
-0.132631
-0.112153
-0.354211
-0.217316
-0.272894
0.00280524
-0.43658
-0.291848
-0.661554
0.0900582
-0.153985
-0.271897
-0.195804
-0.197305
-0.504228
-0.231912
-0.0275966
-0.490218
-0.219135
-0.102508
-0.38867
-0.181504
-0.0123756
-0.049766
-0.161307
-0.387733
-0.128899
-0.54674
-0.306885
-0.388234
0.261365
-0.225296
-0.326273
-0.248756
-0.327167
-0.382413
-0.315962
-0.451064
-0.226195
-0.293364
-0.423846
-0.138334
-0.355689
0.105177
-0.19787
-0.0920655
-0.350549
-0.284515
-0.169465
-0.0749134
-0.378189
-0.159927
-0.626326
-0.380779
-0.333875
-0.341307
-0.289725
0.0315471
-0.638931
-0.28319
-0.332852
-0.334121
-0.385497
-0.208964
0.192207
-0.521902
-0.0654389
-0.321242
-0.122815
0.0932584
-0.196363
0.00340375
-0.205664
-0.420901
-0.041123
-0.20487
-0.313059
-0.0685643
-0.284999
-0.447544
-0.337308
-0.482047
-0.168793
-0.0409515
-0.510928
-0.206548
0.0167953
-0.373484
-0.488134
-0.603678
-0.442177
-0.199096
-0.399122
-0.314776
-0.520863
-0.663074
-0.431867
-0.478713
-0.355644
-0.39807
-0.40251
-0.280183
0.0374756
-0.293117
-0.255824
-0.525468
-0.358612
-0.453814
-0.567617
-0.221053
-0.445948
-0.298457
-0.46283
-0.363812
-0.405353
-0.244698
-0.14293
-0.156528
-0.147862
-0.408672
-0.49416
-0.384278
-0.811329
-0.245664
-0.213258
-0.344492
-0.624325
-0.238974
-0.225761
-0.308831
-0.285786
-0.353194
-0.357419
-0.598881
-0.180054
-0.020855
-0.00782812
-0.469881
0.0635037
-0.691106
-0.344143
-0.494598
-0.0769478
0.0619189
-0.359223
-0.373698
-0.277672
-0.258068
-0.374123
-0.339771
-0.233483
-0.161301
-0.229403
-0.399457
-0.383476
0.0521512
0.0927089
-0.403777
-0.370305
-0.133048
-0.294256
-0.352927
-0.612293
-0.255829
-0.236715
-0.346332
-0.0257391
-0.298294
-0.0757756
-0.110521
-0.545491
-0.308381
0.097042
-0.510043
-0.423769
-0.352044
-0.126998
-0.394941
-0.225948
-0.145032
-0.621652
0.0491073
-0.146323
0.0280806
0.0550422
-0.227689
0.0712013
-0.237398
-0.534189
-0.0669361
-0.317122
-0.245297
-0.150094
-0.246497
-0.734771
0.167462
-0.284719
-0.0199969
-0.0651257
-0.372749
0.197275
-0.00711939
-0.0268265
-0.257338
0.0418132
-0.290878
-0.349621
-0.501971
-0.351839
0.12791
0.155313
-0.209332
-0.0695413
-0.0522893
-0.333937
-0.635514
-0.298859
0.0218585
0.176471
-0.0946251
-0.243201
-0.25411
-0.450367
0.216489
-0.121542
-0.466334
-0.0136043
-0.330793
0.019895
-0.432618
-0.593428
-0.0935331
-0.147066
-0.140322
-0.173533
-0.180942
-0.0860131
-0.089343
-0.163651
-0.493636
-0.321396
0.0249102
-0.0874202
-0.11811
-0.611359
-0.157337
0.0444256
-0.282721
-0.334218
-0.436099
-0.563656
-0.385697
-0.111888
-0.382271
-0.0177004
-0.373272
-0.612455
-0.0593622
-0.278094
-0.223533
-0.28497
-0.125302
-0.254666
0.0433079
-0.540429
-0.360191
-0.101068
-0.47221
-0.135112
-0.550187
-0.34448
-0.418303
-0.164971
-0.268116
0.0906933
-0.453902
-0.34991
-0.0930529
-0.178428
-0.587987
-0.566293
-0.399769
-0.0851921
-0.289432
-0.225981
-0.337844
-0.109982
-0.568185
-0.366067
-0.172936
0.0287461
-0.690204
-0.159162
-0.685273
0.00115263
-0.640723
-0.566712
-0.528993
-0.213653
-0.021411
-0.168788
-0.0729476
-0.128995
-0.274881
-0.187578
0.0266123
-0.336768
-0.0177275
-0.514321
0.0419727
-0.43277
-0.292134
-0.407682
-0.574994
-0.271417
0.085896
-0.0821609
-0.647419
-0.22215
0.0480973
-0.0186387
0.0460336
-0.707655
-0.263352
0.0703971
-0.327171
-0.448271
-0.290715
0.147232
-0.258119
-0.284362
-0.0134898
0.181371
-0.409108
-0.200095
-0.323545
-0.319143
-0.584943
-0.391511
-0.28453
-0.0516403
0.100836
-0.349746
-0.192253
-0.0250403
-0.316367
-0.129471
-0.0358446
-0.146112
-0.590515
-0.0534922
-0.34274
-0.0945067
-0.159035
-0.412932
-0.0691795
-0.302003
-0.0182953
-0.271392
-0.296514
-0.224814
-0.103692
-0.0250358
-0.0940799
-0.0364187
-0.000700047
-0.315113
-0.0256402
-0.444826
-0.0569467
-0.0090896
-0.638846
-0.141546
0.0148858
-0.0970392
-0.623523
-0.179198
-0.175694
-0.56135
-0.201725
-0.0530548
0.105324
-0.259866
0.0946071
-0.572378
-0.335361
-0.237723
-0.435225
-0.358302
-0.20239
0.0822622
-0.313982
-0.213303
-0.453998
0.0746412
-0.654566
-0.274934
-0.205088
-0.229687
-0.149001
-0.098665
-0.399439
0.00937133
-0.212776
0.189249
0.0133343
-0.316623
-0.545109
-0.378928
-0.383119
-0.293828
-0.425139
-0.239378
-0.0975066
-0.533969
-0.300804
-0.821276
-0.228937
-0.215032
-0.288239
-0.600641
-0.214356
-0.265259
-0.147093
-0.269167
-0.532262
-0.164774
-0.156379
-0.0490927
-0.221117
0.182514
-0.378521
0.205042
-0.418532
-0.0160671
-0.00418682
-0.170105
-0.486784
-0.526642
-0.528211
-0.610514
-0.127386
-0.0985525
-0.188176
-0.546065
-0.553172
-0.33983
-0.502244
-0.193833
-0.159993
-0.462962
-0.449427
-0.00419958
-0.171364
-0.332002
0.0631434
-0.539207
-0.571804
-0.389977
-0.312212
-0.447741
-0.472911
-0.358161
-0.48596
-0.381694
-0.431616
-0.436146
-0.383174
-0.398414
-0.0481753
-0.400456
-0.0969723
-0.212262
-0.139082
-0.341911
-0.134451
-0.4617
-0.116649
-0.0108565
-0.41173
-0.220615
0.0772303
-0.465977
-0.382588
-0.591496
-0.111329
-0.238871
-0.133084
-0.256672
-0.385513
-0.605029
-0.182266
-0.317526
-0.157462
-0.252746
-0.437618
-0.165973
-0.47511
-0.212122
-0.14986
-0.267881
-0.14087
-0.399129
-0.395621
-0.471466
-0.138372
-0.271173
-0.349929
-0.410917
-0.391625
-0.129635
-0.185422
-0.121814
-0.486226
-0.337508
-0.530547
-0.17401
-0.222795
-0.511585
-0.323153
-0.555476
-0.00690962
0.00959348
-0.315728
-0.0996387
-0.726278
-0.414836
-0.420549
-0.265812
-0.293331
-0.232708
-0.724552
0.0834048
-0.566884
0.111932
-0.00413984
-0.112153
-0.308018
-0.0753847
-0.396157
-0.0710822
-0.117843
-0.425127
-0.095302
-0.373116
-0.0863681
0.118056
0.0324185
-0.0887054
-0.431156
-0.528697
-0.409607
-0.0198403
-0.772703
-0.0343597
-0.422779
-0.228861
-0.582059
-0.389104
-0.0883135
-0.140972
-0.0696298
-0.41544
-0.0330412
-0.117604
-0.609745
-0.243499
-0.193353
-0.880615
-0.389038
-0.486444
-0.232021
-0.128053
-0.282129
-0.531926
-0.00693983
-0.427516
-0.26985
-0.35346
-0.299386
-0.261602
-0.205783
0.00288721
-0.823597
-0.0704222
-0.158949
0.10309
-0.605883
-0.266419
-0.208962
0.0658063
-0.258603
0.0495894
-0.273086
-0.209735
-0.450431
-0.677352
-0.693257
-0.196656
-0.0396825
-0.313094
-0.282229
-0.203709
-0.635889
0.293742
-0.412396
-0.516146
-0.130787
-0.29854
-0.308885
-0.205666
-0.171781
-0.516428
-0.226868
-0.386083
-0.0483433
0.211119
0.0452078
-0.243924
-0.25839
0.167715
0.0990598
0.042587
-0.151573
-0.31125
-0.0861242
-0.0905009
-0.423314
-0.0691105
0.0488551
0.185709
0.256473
0.0658248
-0.0403306
0.329916
0.239696
0.211849
-0.0126866
-0.106018
0.21755
-0.124904
0.401702
0.0402999
-0.0109476
-0.18088
0.41816
-0.107358
-0.231295
-0.146905
0.18156
0.0300398
-0.0841855
-0.0525254
-0.0821037
-0.0201614
-0.269069
0.172358
-0.0437618
-0.352516
-0.0335329
-0.344659
-0.151484
0.0810304
-0.449886
-0.447858
-0.50703
0.225705
0.123257
-0.25996
-0.1422
-0.154528
0.0769228
-0.14187
-0.333593
0.0644352
0.0385243
-0.436768
-0.321798
-0.0649264
0.0897496
0.335591
0.0440204
0.0551381
-0.189791
-0.173468
-0.00905536
0.0881718
-0.130177
0.249543
-0.579327
0.0751239
-0.42849
-0.111001
-0.00856762
-0.223699
-0.00830597
-0.649078
-0.106725
-0.921121
-0.397346
-0.0977719
-0.0503964
-0.0903089
-0.196627
-0.26792
-0.16899
-0.417499
-0.256001
-0.276697
-0.0793876
-0.694163
0.0228744
-0.210329
0.58415
0.0652687
-0.222728
-0.153536
-0.378864
0.382292
0.455013
-0.239328
-0.097167
-0.219518
-0.135782
0.0561188
0.0679128
0.0404982
0.179313
0.0362052
-0.428717
-0.467016
-0.115577
0.220528
-0.075887
-0.148048
-0.238177
-0.340699
-0.282781
-0.268956
-0.367163
-0.48145
-0.300793
-0.124459
-0.304956
-0.296658
-0.610967
-0.257275
-0.483417
0.088264
-0.2297
-0.323518
0.302875
-0.202096
-0.579124
-0.458847
-0.167687
-0.0994849
-0.19527
-0.185294
-0.530581
-0.0929097
-0.240426
-0.329131
-0.254175
-0.355069
-0.128479
-0.471055
-0.133371
-0.174752
-0.0489616
-0.24059
-0.415242
-0.371105
-0.419833
-0.143757
-0.0387099
-0.43202
-0.00254051
-0.380438
-0.0632645
0.223909
0.105667
0.127048
-0.0235076
0.546676
-0.0604289
0.13709
0.673355
-0.17498
0.109702
0.375115
0.148084
0.384009
0.62551
0.799416
0.533518
0.321699
0.19128
0.239602
0.382759
0.530806
0.25666
0.0223055
0.285016
0.390331
0.297121
0.404297
0.272069
0.0729951
0.341855
0.191602
0.0718341
-0.0381789
0.386857
0.0295661
0.362966
0.221804
0.381524
0.350986
0.851249
0.559638
0.908342
1.09304
0.482348
0.631576
0.761554
0.370666
0.565235
0.866144
0.594069
0.85631
1.02969
0.939044
0.628943
0.990527
1.21609
0.977515
0.936225
0.944603
0.900469
1.12316
0.942516
0.80391
1.16471
0.62497
0.880422
0.830904
0.512878
0.899873
1.01735
1.11894
1.1502
1.05708
0.952384
1.10163
0.564731
0.691202
0.638768
1.12362
0.920984
1.00996
0.920758
0.808262
0.796997
0.649559
1.01276
0.979551
1.02324
0.932125
1.1037
0.964566
1.0738
0.94485
1.19061
0.653375
0.212973
0.833201
0.847043
0.813673
0.91097
0.779598
1.39258
1.13356
0.849443
1.03013
1.02562
1.00728
1.0853
1.11852
0.925271
1.22575
1.06754
1.17643
0.82017
1.15684
1.37175
1.27097
1.36214
0.986705
1.34924
1.19451
1.19891
1.30859
1.23653
0.923056
1.56796
1.09198
1.50146
1.64205
1.12938
1.52791
1.71247
2.03931
1.84788
1.81437
1.55639
1.67995
1.57511
1.72557
1.49139
2.09404
1.76999
2.27183
2.15321
2.06615
2.35348
2.29559
2.50886
2.99637
2.12756
2.57073
2.47077
2.60613
2.71727
2.97395
3.08916
3.01021
2.70984
2.77349
3.12962
2.99419
3.42129
3.21128
3.66313
3.26279
3.26663
3.4777
3.63769
3.4491
3.81593
3.80853
3.9225
4.59996
4.29012
4.39243
4.78559
4.48866
4.84072
4.6661
4.7542
4.73739
5.00896
5.04741
4.66346
4.96448
4.65073
4.94554
4.94577
4.86122
5.32115
5.51101
5.1781
5.34242
5.70905
5.30686
5.23979
5.64926
5.3063
5.21554
5.41912
5.12886
5.20323
5.68525
5.46373
5.52832
5.82203
5.42463
5.62293
5.59242
5.73209
5.72417
5.72612
5.25865
5.65135
5.78311
5.94392
5.51221
5.70044
6.05119
6.25043
5.85345
5.68258
5.8948
5.39589
6.01472
5.93232
5.78245
6.14587
5.9132
5.72411
6.0875
5.89207
5.90838
5.98932
5.93119
6.25842
6.30716
6.30441
5.93874
5.99117
6.20109
6.27436
6.22338
6.12729
6.09902
6.41087
6.36292
6.32808
6.70332
6.45635
6.35469
6.55611
6.59888
6.74044
6.47183
6.3378
6.5606
6.61671
6.50361
6.36701
6.27205
6.65855
7.03887
6.65664
6.52559
6.77664
6.79738
6.70545
6.44184
6.7741
6.63046
7.22846
7.49009
7.292
7.28877
7.68573
7.33778
7.44316
7.50449
7.85979
7.35844
7.63038
7.78029
7.73784
8.20919
8.06934
8.01162
7.80263
8.58749
7.98844
8.24659
8.11644
8.40555
8.39289
8.01395
8.65148
8.51406
8.38746
7.93188
8.62441
7.93713
8.27822
8.31004
8.27657
8.15659
8.36809
8.45188
8.12338
8.44169
8.12382
8.80613
8.45964
8.92811
8.65678
8.61276
8.41335
8.62201
8.83412
8.62763
8.33953
8.50117
8.2618
8.67873
8.4426
8.30591
8.48684
8.3475
8.14428
8.43333
8.61672
8.35441
7.83799
8.60918
8.57104
8.31387
8.52761
8.96999
8.6442
8.66507
9.07372
8.4822
8.3614
8.33756
8.7671
8.60562
8.46944
8.52965
8.61735
8.89958
8.36824
8.36916
8.2943
8.54374
8.8479
8.72798
8.56038
8.51217
8.94007
8.64238
8.97302
8.60283
8.54211
8.83323
9.06454
9.14515
8.73069
8.76847
8.89554
8.94487
8.81346
8.90883
8.86796
8.7856
9.0782
8.7228
8.95017
8.85126
9.1641
9.3188
9.10131
8.94319
9.04677
9.27232
8.95547
9.13589
9.16402
9.13534
9.14909
8.95471
9.62251
8.95277
9.52069
9.26614
9.07602
9.4919
9.35514
9.52512
9.59189
9.57918
9.5792
9.72534
9.5036
9.80436
9.57768
9.77565
9.66102
9.97665
9.76937
9.80732
9.29805
9.45903
9.3002
9.26099
9.32459
9.21344
9.22498
9.08921
9.3224
9.23645
9.2383
9.14116
9.83131
9.95667
9.43876
9.78067
9.77088
10.4615
10.4342
10.7001
10.4996
10.4813
10.4313
10.7071
10.4
10.8578
10.4976
10.5858
10.4578
10.9416
11.2446
10.9148
10.8587
10.9115
10.7227
10.5463
10.5353
10.5869
10.4167
10.695
10.8666
11.2445
11.2657
10.9266
11.2628
10.9963
10.9913
10.9169
10.9414
11.1581
11.226
11.0127
11.318
11.6667
11.4956
11.3019
11.5754
11.4838
11.5162
11.2588
11.7497
11.1548
11.4478
11.4409
10.7601
11.732
11.3342
11.025
11.3069
11.0499
11.191
11.1302
11.0592
11.1227
10.9823
10.8747
10.9835
11.1609
11.3609
11.9126
11.3317
11.6521
11.5419
11.7492
11.8534
11.6625
11.6386
11.5964
12.0151
11.5826
11.7485
11.4381
11.8651
11.3773
11.364
11.4387
11.7655
11.6822
11.4406
11.5614
11.4408
11.7667
11.7847
11.9947
12.2566
11.7234
12.0167
12.7252
12.3295
12.1933
12.5816
12.3822
12.5011
12.1888
12.3898
12.3285
12.3475
12.4891
12.4977
12.0615
12.3393
12.365
11.6567
11.9878
11.5903
11.9374
11.8704
11.5143
11.5136
11.1079
11.088
11.5806
11.7851
11.3206
11.1866
11.6854
11.4295
11.6197
11.7338
11.5099
11.5228
12.169
11.6382
11.4383
11.2929
11.452
11.5786
11.1555
11.3126
11.0719
10.8004
10.9976
10.9449
10.8032
10.626
10.7075
11.2531
11.4502
11.0618
11.5366
11.6291
11.5088
11.8461
12.0619
11.9487
12.3921
12.3435
11.9033
12.5047
12.4164
12.3959
12.6285
12.3028
12.5697
12.9083
12.5263
12.5848
12.8185
12.7801
12.3431
12.8052
12.9208
13.0785
12.7658
12.6625
13.1264
13.057
12.3824
12.9027
12.5588
12.4445
12.6208
11.9552
12.4789
12.231
12.1144
11.874
12.286
11.6695
11.8427
11.4802
11.648
11.819
11.7281
11.5881
11.4344
11.5173
11.5459
11.0958
11.6723
11.277
11.3184
11.0051
11.2052
10.7404
10.7795
10.3099
10.9722
10.2889
10.2999
10.7238
10.985
10.9346
10.4661
11.3626
10.3774
10.4863
10.3553
9.83823
10.1419
10.5599
10.3134
9.95628
9.65522
10.0956
10.1348
10.1733
9.60328
9.02969
9.76049
9.7779
9.38405
9.44465
9.64842
9.51289
9.71512
9.8499
10.1177
10.2419
10.2535
9.5887
9.63244
9.86499
9.83525
9.81598
9.9263
9.19049
9.49038
9.24692
9.46396
9.48699
9.39606
9.88175
10.2
9.64983
9.74214
9.69407
9.60688
9.69821
10.1515
10.6014
10.0944
9.95359
10.1395
9.85435
9.52403
9.3681
9.64268
9.49446
9.37906
9.72774
10.2781
10.0164
10.0018
10.3103
9.98319
9.94494
10.2899
9.82843
10.1652
9.96633
10.4145
10.6785
10.7501
10.4382
9.99528
10.5341
10.8279
10.1966
9.54493
9.70727
10.0068
9.59918
9.84493
9.56372
9.13392
9.29129
9.04328
8.86264
9.36073
8.92349
8.51887
8.94129
8.60721
8.71399
8.46506
8.45778
8.55317
8.59365
8.79291
8.462
8.33744
8.60246
8.56301
8.35131
8.43424
8.51263
8.80341
8.71905
8.75635
8.61757
8.53313
8.4467
8.9008
8.1847
7.7221
7.98509
7.64262
7.66954
7.67619
7.79771
7.21196
7.29349
6.69491
7.42711
6.79844
6.66225
6.38171
6.16165
6.41549
6.33312
6.77765
6.79915
6.6851
6.4633
6.51766
6.41564
6.08043
6.06837
6.18583
6.01646
5.68412
5.79527
6.07364
5.81731
5.77287
5.70079
5.07464
5.38596
5.7179
5.42571
5.10148
5.53779
5.74489
5.3527
5.63393
5.35096
5.2239
5.17904
5.67199
5.76828
5.78232
6.13698
6.05745
6.03802
5.80461
6.16062
5.56105
5.73827
5.66729
5.82897
5.63214
5.491
5.83563
5.86969
5.68943
6.22089
5.66105
6.20773
6.35365
6.11387
6.05107
6.36954
6.50514
6.03884
6.24547
6.66608
6.52238
7.03227
6.68178
6.55264
7.06752
6.50025
6.85157
6.72364
7.22084
7.1533
7.29675
6.98203
6.93683
7.29554
7.58225
7.63054
7.6657
8.20771
7.75738
8.17325
8.04022
8.12498
7.8933
8.37034
8.21452
7.98504
8.13305
7.77422
7.78135
7.77694
7.74771
7.77908
7.64219
7.94552
7.91211
7.91971
7.91553
7.93474
7.76854
7.64175
7.79177
7.88428
7.84417
7.7512
8.00437
8.06925
7.7328
8.00692
7.76809
8.10403
8.01299
8.16245
7.83915
8.218
8.46509
8.61061
8.1342
8.35494
8.407
8.6757
8.40837
8.53378
8.43664
7.98208
7.95475
8.4227
8.26155
8.3013
8.66899
8.15637
7.99428
8.11676
7.97142
7.99114
7.82942
7.58223
7.76924
7.59767
8.06844
7.81947
7.83066
7.85451
8.08037
7.72618
7.82902
7.75248
7.48772
8.00127
7.92229
8.22985
8.27752
7.83541
7.86775
7.87052
7.81595
8.36691
8.25876
7.52571
7.90061
7.70022
7.32082
7.5269
7.56963
8.05643
7.84258
7.72215
7.54767
7.43099
7.58405
7.78699
7.30477
7.35792
7.57689
7.78378
7.25175
7.60394
7.25238
7.9245
7.78174
7.42733
7.8735
7.51804
7.76643
7.71956
7.97684
7.90062
7.80697
7.87585
7.87742
7.66417
8.32854
7.57189
7.59843
8.05349
7.75511
7.27704
7.2139
7.80387
7.77375
7.92456
8.18054
7.82828
8.00282
7.5613
8.17671
8.07438
8.33357
8.19252
8.37209
8.45908
8.66784
8.63339
8.32734
8.90547
8.3873
8.424
9.17537
9.05469
8.70483
8.40336
8.30649
8.56357
8.84782
8.72177
9.16067
8.89495
8.95028
8.69844
8.89417
8.72542
9.11672
9.00823
9.37294
9.06887
9.41994
9.2017
8.80659
9.37295
9.05412
8.75672
8.70865
9.20722
9.29715
8.97345
9.00587
8.61378
8.93094
9.06053
8.8675
8.64024
8.94121
8.79092
8.61122
8.89107
9.04209
8.60717
8.63672
8.44313
8.6087
8.7732
8.65779
8.30697
8.14912
8.41928
8.29087
8.41741
8.25541
8.35721
8.11226
8.27529
8.0003
8.12593
8.01418
8.37815
8.04133
7.98424
8.23086
8.1978
8.19697
8.08625
8.01201
7.83601
7.94604
7.97724
8.11635
7.76669
7.72937
7.93879
7.87949
7.75894
7.89638
7.8534
7.71108
7.67555
7.42697
7.93493
7.39645
7.92751
7.79755
7.72936
7.4185
7.00848
7.33946
7.65731
7.53463
7.41496
6.98237
7.37334
7.13961
7.2545
7.69336
7.4346
7.01593
7.22775
7.40489
6.94601
7.24497
6.882
6.86067
6.34918
6.78193
6.43547
6.64734
6.49043
6.269
6.66755
6.43511
6.66189
6.28358
6.36389
6.3548
6.30405
6.36876
6.48102
6.27996
6.56314
6.40135
6.51872
6.39628
6.15418
6.6541
6.51966
6.3131
6.33237
6.67379
5.9868
5.95263
5.96895
6.11017
6.18608
5.75033
5.86376
5.75692
5.77108
5.35571
5.58293
5.92476
5.86215
5.46455
5.75212
5.2257
5.283
5.32451
4.93743
5.33936
5.65843
5.17174
5.38146
5.13111
5.73525
5.25065
5.48297
5.21597
5.13523
5.3346
5.32088
4.79421
5.30263
5.11131
4.84133
4.78765
4.90027
4.86325
5.22474
4.31401
4.30216
4.50194
4.13346
4.22739
4.67688
4.40965
4.45001
4.30133
4.23113
4.36218
4.18516
3.66667
3.69776
4.1105
3.50481
3.50092
3.77355
3.37415
3.99855
4.18032
3.37875
3.53411
3.03876
3.21511
2.93695
2.86121
2.48451
2.98133
2.57702
2.09157
1.86505
1.91142
1.75596
1.35804
1.6819
1.52771
1.29753
1.30362
1.25274
1.34202
1.10552
1.33101
0.906146
1.17445
1.23174
0.782217
0.554638
0.647139
0.266692
0.390919
-0.0048455
0.746472
0.256527
0.272465
0.45151
0.0992878
-0.2103
-0.00798355
-0.380529
-0.109567
-0.0374222
-0.529733
-0.24475
-0.469691
-0.317779
-0.363308
0.0250568
0.166231
-0.129782
0.121163
0.0940505
0.426415
0.436413
-0.37521
-0.355049
-0.342233
-0.38986
-0.614119
-0.272943
-6.22191e-05
0.237964
0.253871
-0.200608
-0.104608
-0.283242
-0.404674
-0.353658
-0.262741
-0.0540782
-0.0137893
-0.178001
0.133778
0.0161509
-0.193846
0.312256
0.177775
0.0527346
0.194792
0.456638
0.0868995
0.609073
0.204541
0.101744
0.198063
0.120392
-0.168714
0.0206607
0.334926
-0.244526
0.265045
-0.254345
-0.211702
-0.0628184
-0.0975614
-0.204368
0.310677
0.0155755
0.2676
0.153156
0.460652
0.158583
0.474482
0.288348
0.274115
0.0401558
0.170881
0.0105935
0.355462
0.474441
0.220049
0.543344
0.504749
0.385677
0.434799
0.280956
0.102672
-0.38592
-0.478072
-0.476521
-0.170924
0.378518
-0.132789
-0.264039
-0.0498982
-0.1391
-0.356803
0.315051
-0.294675
0.321924
-0.0631366
0.297647
0.361255
-0.0241155
0.55852
0.317494
0.580389
0.553315
0.329141
-0.0766068
0.170372
0.728167
-0.0193787
0.733611
0.158635
0.0486647
0.284108
0.205059
-0.0947233
0.466831
0.217788
0.193654
0.183313
0.00639889
0.28339
0.177082
-0.295275
0.107851
0.194648
0.570027
-0.395544
0.347106
0.427518
0.76203
0.215634
-0.295691
0.0552365
-0.0692548
0.191948
-0.129878
-0.00371703
0.378298
0.352459
-0.055146
0.574308
0.47676
0.403638
0.317678
0.677384
-0.150786
0.189961
0.367457
0.182103
0.491625
0.175189
0.068295
-0.438286
-0.064891
-0.202857
0.469002
0.24764
-0.225421
0.68729
0.257399
0.0921231
0.568806
0.514086
0.623975
0.413098
0.615136
0.478374
0.289584
0.340904
0.606784
0.0655215
0.675477
0.398504
0.218431
0.199481
0.662187
0.596242
0.188424
0.500161
0.305763
0.311498
0.435912
0.211779
0.548846
0.315852
0.39451
0.142578
0.409039
0.52279
0.00536951
0.363445
0.166065
0.163815
0.032597
0.027966
0.0614467
0.250064
0.455256
0.273432
0.0790806
0.118461
0.535529
0.234638
0.0163739
0.653405
0.189731
0.189295
0.477303
0.115028
0.473447
0.495389
0.658469
0.242961
0.459297
0.115498
0.253416
-0.0830331
0.189589
0.240485
-0.324384
0.154688
0.444672
0.659661
0.0135753
0.315574
0.504932
0.139833
0.743536
0.775896
0.272233
0.0791721
0.631385
0.394237
0.249137
0.62283
0.308018
0.406858
0.733547
-0.0624702
0.481983
0.654317
0.46923
0.491642
0.452735
0.29573
0.943299
0.53866
0.426009
0.20343
0.167448
0.40599
0.36353
0.451862
0.0361271
0.486728
0.390549
0.260268
0.435548
0.267706
0.270591
0.321094
0.202662
0.135231
0.0440404
0.311202
-0.0273582
0.375575
0.179933
0.196361
0.491346
0.413783
0.809745
0.24355
0.115999
0.120837
0.547414
0.119916
0.327976
0.285075
0.0983554
0.0556299
0.0890711
0.174664
0.15897
-0.00276737
0.541723
0.419192
0.298837
0.137344
0.135953
0.168472
0.309745
-0.0549251
0.078891
0.0720635
0.342044
0.284856
0.233372
0.1623
0.229595
0.0392105
0.141901
0.317472
0.0741903
0.15544
0.424885
0.063047
0.30335
0.227003
0.609278
0.324898
0.590754
0.464056
0.299571
0.291567
0.139569
0.521417
0.743351
0.744911
0.517994
0.599846
0.54914
0.559951
0.594875
0.373508
0.48836
0.839249
0.166396
0.608451
0.226179
0.331054
0.391516
0.432506
0.426226
0.699617
0.44625
0.258471
0.327927
0.421645
0.448825
0.809673
0.192545
0.427737
0.0788595
0.317548
0.0412433
0.243491
0.182278
0.520475
0.433172
0.30666
0.0136276
0.0867744
0.326322
0.209895
0.139782
0.273633
0.170071
0.213436
-0.171533
-0.0640031
0.213187
0.179304
0.14714
-0.0168907
-0.00753512
-0.223396
-0.0451622
-0.127062
-0.122691
0.293299
0.101147
0.628153
0.385471
-0.488818
0.0966789
-0.211954
0.00305145
0.542506
0.274713
0.173062
-0.20731
-0.3237
0.0654956
-0.0499848
-0.160157
0.0483942
0.221161
-0.249521
0.187079
-0.175388
0.287485
-0.254192
-0.235763
-0.0860931
0.718104
0.322467
-0.0191868
0.0498306
0.210364
0.130742
0.0760688
0.0818604
0.653622
-0.169416
-0.427673
0.427285
0.0438762
-0.164607
-0.0145022
-0.156045
0.553302
-0.0968263
0.0934655
0.112379
0.125961
0.0071184
0.206728
0.00721527
-0.27545
0.389503
0.410804
-0.0272713
0.398138
-0.0228153
0.349236
-0.243051
0.070768
0.0551188
0.205997
0.234232
0.00751928
0.471351
0.00686009
0.407
-0.0830308
0.177552
0.0680096
0.0262819
0.407974
0.034678
0.217933
0.00329487
0.0651103
0.482586
0.0865992
0.275538
0.465523
-0.0064556
-0.0640743
0.163272
0.510351
0.116493
0.342048
0.243386
0.268008
0.0716056
-0.0627492
-0.202617
-0.0299162
0.155771
0.101118
0.19724
-0.070071
0.347205
0.152521
-0.00720504
0.428659
0.28661
0.171785
0.126226
-0.0180375
-0.0958606
0.0158659
0.142162
0.234205
-0.0985854
-0.144702
0.0690191
0.151296
-0.00737791
0.361891
-0.0188671
0.360828
0.472204
0.0738536
0.103704
0.204582
-0.0268087
-0.00110951
0.0934451
0.0652881
0.177168
0.0495764
0.359405
0.15257
0.318556
0.0443647
0.234209
-0.175333
0.00225772
0.0662233
0.206106
-0.137502
0.186014
-0.0611953
-0.112048
0.0903474
-0.266487
0.385551
0.290778
0.114654
0.294982
0.0876377
0.0580117
-0.142849
0.201118
-0.0835438
0.0727371
0.532012
-0.0293621
0.0652041
0.199846
0.279685
0.147456
0.214465
0.417212
-0.0574769
0.156273
0.00566211
0.123727
0.0570495
0.421211
-0.178886
0.439804
-0.388544
0.137064
0.276451
-0.236233
0.0076007
0.197745
0.129664
0.224656
0.437879
-0.134017
0.184978
0.310591
0.206191
-0.245634
0.209084
-0.0281654
0.220533
-0.141063
0.11612
0.0982326
-0.34942
0.130793
0.018623
0.259333
-0.114493
0.0871612
0.361199
0.176616
0.0563862
-0.138751
0.180972
-0.0516537
0.107412
0.0821248
0.317347
0.35543
0.151577
0.292106
0.555418
-0.138322
-0.273275
0.159261
0.242346
0.224271
0.0588569
-0.0332495
0.299001
0.0435259
0.0792451
-0.243192
0.375045
0.0698304
0.03159
0.259636
-0.165457
0.247235
-0.0170722
0.131432
0.412042
0.402525
0.446298
-0.0266996
0.442959
0.148936
0.258754
0.197794
0.143683
0.217151
0.102432
0.246895
0.214478
0.0592178
0.0019131
0.105656
-0.0437252
0.499708
-0.0618561
0.652276
0.0490918
0.464778
0.281106
-0.43634
0.191174
0.165954
0.323052
-0.0560734
0.781161
0.2846
0.0958999
-0.0314576
-0.0146986
-0.0104319
-0.00642999
0.440078
0.252379
0.297383
0.298047
-0.0135548
0.201467
-0.091113
0.142614
-0.141517
0.31942
0.202025
0.118986
-0.0789336
0.610128
0.237825
-0.0764471
0.132885
0.114245
0.166759
0.477092
0.0212562
0.114508
-0.064305
0.213504
0.224772
0.300023
0.388214
0.129039
0.0773515
-0.229363
0.0749656
0.118258
0.128836
0.422006
0.0182084
0.284597
-0.065839
-0.0985011
0.013987
0.041889
-0.0333603
0.24948
-0.00479354
-0.0560274
0.209536
0.244539
0.0161208
0.0725024
0.0836143
-0.12592
-0.230932
0.478619
-0.170743
0.233523
0.0779964
0.105874
-0.253256
-0.206243
-0.121514
-0.0543067
0.268303
0.248878
0.344717
0.110019
0.0969171
0.125545
0.0268673
-0.150185
-0.0197106
-0.0408578
-0.0447608
0.13121
-0.190422
0.24979
0.0112144
-0.109978
-0.20975
0.388456
-0.0746997
-0.106536
-0.296705
0.2113
-0.0590857
-0.0900401
0.133769
0.118735
0.561186
0.225352
-0.10746
0.112903
-0.039659
0.161367
0.354518
0.0901815
0.25691
0.664531
0.448206
0.319159
0.342924
0.0093821
0.0724623
0.353772
0.260544
0.0357195
0.226354
0.348181
0.467892
0.456403
0.268277
0.459585
0.000320871
0.0394838
0.360091
-0.0666849
-0.289067
-0.0348355
0.0825309
0.247758
0.288317
-0.160287
-0.239031
-0.26928
0.323101
0.189995
-0.045981
-0.0962633
0.0929464
0.334332
0.0563093
0.0958732
0.350138
0.154264
-0.136356
0.162422
0.188714
0.0154804
0.0119531
-0.0275166
-0.194874
0.193319
-0.136831
0.154692
-0.0526027
-0.182733
-0.0651249
0.407471
-0.183925
0.30665
0.242092
-0.220104
0.124135
0.149493
-0.425717
0.0932038
-0.13557
0.468427
0.144644
-0.149391
0.0211878
-0.0514887
0.526432
-0.0569941
-0.15989
0.0896746
0.033504
-0.105013
0.254699
0.28094
0.419911
0.187847
0.172219
0.00755567
0.474529
-0.0698106
0.0731443
0.00438387
0.309955
-0.25688
0.476483
0.317243
0.326164
0.306314
0.0434875
0.170332
-0.0621818
0.210656
0.229381
-0.0619711
0.315875
-0.124895
0.152794
-0.0461989
-0.0037002
-0.0532216
0.0847583
0.115865
0.114376
-0.543845
-0.101248
-0.0100059
0.0349607
0.0946147
0.0293765
-0.280683
0.0776767
0.0420937
0.180323
0.28825
-0.330554
0.0431282
-0.127565
-0.0243116
0.189067
-0.396579
0.264225
0.417919
-0.16495
0.0776342
0.6285
0.0415006
-0.0544779
-0.0823163
0.0830125
-0.0573602
-0.053683
-0.431668
-0.281149
0.027059
-0.0378347
0.448316
0.148498
0.558189
0.19571
0.136628
0.165711
0.0480299
0.279872
-0.13318
-0.182026
0.0483046
0.0684642
0.0772391
-0.1613
-0.12592
0.0224344
-0.0440767
-0.0279047
-0.0434102
-0.416821
-0.433086
-0.152275
0.00219398
-0.249078
-0.331648
-0.127999
-0.259036
-0.185101
0.22698
-0.0527469
-0.263125
-0.0632646
-0.236772
0.265567
-0.389471
-0.198777
0.0712354
-0.322635
-0.578831
0.0315152
-0.458968
-0.38965
-0.285139
-0.44646
-0.0434787
-0.0525213
-0.00406031
-0.0109495
-0.175577
0.11235
-0.247818
-0.256768
-0.0259311
-0.518962
-0.535338
0.0307707
0.0572067
-0.183233
0.0227131
-0.0806126
-0.0505321
-0.17097
0.10321
0.169416
-0.328681
0.227557
0.000812802
0.0683508
0.166796
0.108017
0.204156
0.284426
-0.0459109
-0.267519
0.250048
-0.418362
0.27792
0.358542
0.300463
0.508196
0.198142
-0.110469
-0.178888
0.291145
-0.347114
0.106716
-0.565002
0.131896
0.110034
0.03537
0.187747
0.0851915
0.277281
0.175138
0.176249
0.469985
0.515079
0.396517
0.366111
0.418477
0.799159
0.569978
0.572261
0.603562
0.330387
0.634456
0.587493
0.418723
0.610456
0.720032
0.465081
1.05495
0.606157
0.440197
0.545383
0.0778278
0.276028
0.555094
0.694206
0.805368
0.706382
0.852711
0.678464
0.59434
1.36355
0.91774
1.19104
0.888004
0.889558
1.01021
1.3291
1.32642
1.27026
1.36904
1.35253
1.55279
1.46236
1.33828
1.32745
1.59389
1.82095
1.46021
1.7146
1.60222
1.36958
1.59455
1.59882
1.73146
1.88723
1.96177
1.83949
1.68547
1.69891
1.82617
1.92644
2.13087
1.73546
2.29595
2.1822
2.28266
2.44223
2.80227
2.34052
3.00388
2.79169
3.0908
2.64122
3.0868
3.18495
3.54205
3.11925
3.50234
3.39768
3.48612
3.94207
3.49458
3.47086
3.78733
3.81588
4.31239
4.1466
4.06273
4.44805
4.278
4.11795
4.52034
4.54654
4.36124
4.58933
4.81759
4.74016
5.272
5.04834
5.05717
5.53167
5.51799
5.91421
6.06321
5.97899
6.57799
6.46935
6.55121
6.47741
6.94556
7.13541
7.39475
7.54926
7.5392
8.02649
8.14787
7.78052
8.2777
7.69346
7.8842
7.6882
7.95229
7.96255
7.79369
8.14264
7.96725
7.9359
8.0516
8.00979
8.36799
8.1652
8.54012
8.57559
8.75801
8.68824
8.56802
9.15298
9.11833
9.28815
9.35638
9.52898
9.44344
9.56773
9.67129
10.1166
10.0338
10.1257
10.3508
10.1708
10.153
10.4067
10.027
10.8146
10.0478
10.4678
10.6659
10.195
10.6205
9.92075
10.1017
10.3877
10.5934
10.4411
10.8236
10.5725
10.5708
10.5425
10.5092
10.5018
10.7128
10.7557
10.5612
10.9564
10.6213
10.5684
10.7244
10.4619
10.6537
10.4006
11.2668
10.9396
11.2723
11.2231
11.3754
11.2077
11.5158
11.3164
11.3303
11.6763
11.7053
11.2833
11.6816
11.3726
11.6858
11.5216
11.0497
11.4857
11.1072
10.9851
11.1715
11.4422
11.3225
11.0921
10.9727
11.0234
10.8726
10.8361
10.9815
10.5977
10.8311
10.8097
10.7235
10.6284
10.7433
10.3419
10.781
10.2716
10.8401
10.5549
10.0412
10.7801
10.24
10.3095
11.0338
10.4451
10.1309
10.5414
10.752
10.336
10.5715
10.4269
10.271
10.3461
10.3466
10.3507
10.3309
10.3309
10.6619
10.8085
10.4059
10.4427
10.4606
10.8752
10.4897
10.274
10.4814
10.9119
10.9453
10.7407
10.7986
10.9874
11.0152
11.1142
11.3143
11.2082
11.3651
11.2506
11.6274
11.0582
11.2272
10.9958
10.9239
11.1083
10.8002
10.9081
11.5311
11.1728
10.6184
11.0355
10.889
11.6087
11.0317
11.304
11.6727
11.5424
11.307
11.9531
11.3189
11.29
11.3052
11.5219
11.8673
11.6752
11.9652
12.4772
11.6579
11.1982
11.5261
11.8717
11.2966
11.7215
11.6201
11.7721
11.8675
11.9123
11.7
11.8009
11.9552
11.6847
11.774
11.9902
12.1202
12.3501
12.1899
12.0995
12.4297
12.2128
12.3121
12.3351
12.4232
12.3322
12.4586
12.3708
12.1332
12.4577
12.6345
12.2111
12.6378
12.9253
13.2289
12.7084
12.8382
12.9519
13.3489
13.2596
13.0111
13.0509
13.2316
13.124
13.2359
13.2901
12.9964
12.994
13.2596
12.9857
13.1786
13.4947
13.5571
13.5325
13.5646
13.6158
13.188
13.6571
13.8605
13.8802
14.1273
13.7751
14.3289
13.8841
13.7228
14.1904
13.9429
14.0075
13.9994
13.7067
13.9475
14.0855
13.7787
14.1142
14.1122
13.9622
13.9303
14.0614
13.7673
14.0395
13.7289
13.9515
13.9758
13.7199
13.4398
13.6011
13.2383
14.0087
13.381
13.2845
13.6387
13.3236
13.3459
13.6719
13.4381
13.6219
13.6767
13.8136
13.7406
13.4774
13.7647
13.54
13.8527
13.6916
13.8241
13.5114
13.5462
13.4295
13.5776
13.0877
13.2292
13.0465
13.1097
12.9005
12.769
12.9299
13.1109
12.7412
12.8785
12.5023
12.7459
13.0125
12.5472
12.8042
12.4335
12.5406
12.455
12.1855
12.2156
12.2153
11.979
12.3831
12.2145
12.0602
11.8387
12.0261
12.1602
11.9581
12.2146
11.8501
11.8725
11.9479
11.9092
12.0103
11.6259
11.5019
11.5167
11.469
11.294
11.5394
11.3789
11.2038
11.579
11.5382
11.2266
11.9572
11.3775
11.4655
11.7285
11.4148
11.4422
11.7742
11.4928
11.289
11.3911
11.4615
11.2657
11.2186
11.1773
11.2773
10.9325
11.0098
10.9369
11.1015
10.8793
11.0026
10.9463
10.8354
10.5256
10.4451
10.0823
10.137
10.49
10.1805
9.89679
10.2166
9.93534
10.1186
9.88248
9.86711
9.41295
9.75875
9.6814
9.86024
9.80552
10.1668
9.90319
9.5773
10.0169
9.64317
9.68831
9.86697
9.36728
9.06284
9.11532
9.4405
9.57764
9.49691
9.42106
9.27898
8.92056
9.04571
8.97233
9.01182
9.29856
9.21106
9.4375
9.23965
9.08334
9.02428
8.77642
8.99936
9.14203
9.28259
9.2063
9.21748
9.18851
9.21167
8.47952
8.8735
9.10494
8.7757
8.59433
8.97909
8.72393
9.04956
9.01546
8.95717
8.8589
8.73175
9.02827
9.06139
8.99728
9.12541
9.40001
8.65211
8.75473
9.10352
9.15062
9.41249
9.3171
9.69998
9.64134
9.34451
9.47978
9.94154
9.51047
9.54983
9.31732
9.16957
9.15432
9.33901
9.22721
9.43659
8.66872
8.93435
8.78679
9.37874
8.52833
8.77703
8.73182
8.74766
8.81908
8.73441
9.03269
8.60428
8.61913
8.23615
8.53502
8.80469
8.89648
8.99561
8.58922
9.09406
8.96595
8.97654
9.0252
9.128
8.53818
8.5452
8.78232
8.71378
8.72193
8.93401
8.96011
8.67472
8.52511
8.2534
8.54844
8.43605
8.27463
8.44099
8.15044
8.40471
8.12901
8.20039
8.03427
8.30404
8.10536
8.43215
8.32006
7.96293
7.69847
8.28002
7.97864
8.38408
8.17571
7.97873
7.73694
7.74194
7.97674
8.25666
7.95015
7.88246
8.20199
8.24986
8.12951
7.99987
7.99564
8.13799
7.8667
7.9247
8.05987
8.0156
7.91503
7.84734
7.95272
7.64951
7.4187
8.0184
7.46153
7.63365
7.50496
7.24511
7.25717
7.45274
7.66184
7.29045
7.40231
7.28313
7.77835
7.57007
7.4101
7.16065
7.13047
7.58206
7.27306
7.69703
7.44133
7.39005
7.44817
7.22323
7.553
7.29637
7.30504
7.50914
7.4701
7.22165
7.61324
7.62856
7.3516
7.69331
7.44979
7.20314
7.06329
7.03066
7.19331
6.87321
7.36233
7.08653
7.32175
7.47007
7.70821
6.97141
7.29237
7.31592
7.15613
7.3252
7.2549
7.34411
6.94452
7.41175
7.19241
7.34704
7.29737
7.14366
7.40185
7.39679
7.6022
7.3164
7.37779
7.0971
7.66194
7.57954
7.31443
7.36116
6.78114
7.40871
7.31672
6.97256
6.94391
6.85413
7.0582
6.80394
6.89992
6.90414
6.94376
7.32137
6.84432
7.06986
6.79009
7.02478
6.61894
6.97359
7.08916
7.05242
6.90921
7.17706
6.82671
7.07377
6.73917
7.26939
7.14576
6.71603
6.91373
6.92276
6.84913
7.00504
6.79184
6.93188
6.5932
6.93777
6.84015
6.4894
7.07215
6.62432
6.59248
6.72632
6.82406
6.68177
6.95656
6.88595
6.81214
6.86374
6.85027
6.85238
6.75017
6.57647
7.09613
6.76718
6.79826
6.56377
6.67094
6.99016
6.46433
6.3351
6.67336
5.95142
6.63578
6.41374
6.14465
6.01334
6.17712
6.38363
6.07932
6.34117
6.56459
6.36187
6.40636
6.59953
6.22287
6.20713
6.72293
6.57523
6.66077
6.74561
6.46163
6.59198
6.62426
6.8438
6.64056
6.61278
6.42804
6.62202
7.0697
6.38174
6.4014
5.85006
5.7571
6.33148
5.99088
5.77208
5.78109
5.69848
5.34364
5.87024
5.36001
5.46824
5.66454
5.11328
5.39163
5.25679
5.67856
5.53953
5.89494
5.69047
5.79432
6.01304
5.57854
5.61793
5.68858
5.63018
4.97236
5.47347
5.19918
5.77905
5.11787
5.21864
4.89245
4.9093
5.11294
5.14822
4.93695
4.33884
4.47251
4.07832
4.27375
4.30804
3.73286
3.98651
4.04904
3.52697
3.35188
3.29265
3.22387
3.09314
2.87399
2.73633
2.85106
3.10442
2.22024
2.58783
2.60709
2.28572
2.36471
2.21081
1.89405
1.59707
1.58838
1.81705
1.45224
0.941851
1.40566
1.29528
1.08989
0.941094
0.797711
0.449689
0.674592
0.65781
0.553528
0.774287
0.683798
0.377768
0.64137
0.627369
0.45446
0.499805
0.585119
-0.228522
-0.00730593
-0.241886
0.454508
0.187717
-0.243129
-0.197962
0.130213
0.23712
0.166124
0.086425
0.0388991
0.295677
-0.0379076
-0.188183
0.498774
0.475288
-0.171248
-0.190489
0.119725
0.283172
0.547746
0.446969
-0.0169011
0.0269785
0.052825
0.308053
0.12032
0.0251645
0.156785
0.120588
0.514731
-0.27764
-0.0982702
-0.0641306
0.124823
-0.02635
0.17968
0.125973
-0.0069973
-0.166674
0.251167
-0.0254314
0.687076
0.544489
0.242556
0.345728
-0.0438384
0.0302901
0.292226
0.176071
0.566717
0.169997
0.587907
0.544118
0.443338
0.461897
0.180073
0.354133
0.416862
0.556544
0.317341
0.0775453
0.0581802
0.118815
0.262696
0.628485
0.22483
-0.177203
0.113301
0.158922
0.0483382
-0.0646914
-0.302581
-0.029586
0.0738723
-0.0780759
0.0407773
0.256195
0.250125
0.442804
0.145789
-0.0926602
0.203099
0.0676452
0.0401347
0.15065
-0.107014
0.0522481
-0.00787475
0.00255524
0.213324
0.509861
0.335184
0.283124
0.045284
-0.107268
0.0104818
0.110061
0.463038
0.0322157
0.217928
0.0580178
0.0502763
-0.00184864
0.213116
-0.275369
-0.558842
-0.188183
0.109703
-0.27182
-0.495148
0.320676
-0.00788248
0.337923
0.368321
0.626657
-0.046868
-0.0221844
0.192146
0.247405
0.267356
0.276574
0.38764
0.431774
-0.0779361
0.445632
0.0967523
0.420836
0.546728
0.232315
0.496718
0.28274
0.482992
-0.0197118
0.335019
0.0712195
-0.207813
0.418938
-0.207318
-0.0223664
0.0676357
-0.174862
-0.382304
0.537806
0.245419
-0.0356774
-0.100114
-0.019509
0.0289431
-0.1274
-0.28844
0.0590568
-0.174492
0.0524071
0.111452
-0.214832
-0.302733
0.227815
-0.191738
-0.0923742
0.0561913
0.440919
0.160443
0.290916
0.0655815
0.213775
-0.035897
0.0520556
0.131225
0.302014
0.201177
-0.0706982
0.0163685
-0.108911
-0.0571649
-0.129507
0.24228
0.445069
0.23837
0.443889
0.409613
0.330469
-0.0137764
0.44515
0.245625
0.166523
0.0682164
0.705092
0.0936136
0.0679661
0.277532
0.284743
0.266008
0.470931
0.453205
0.490112
0.265488
0.68273
0.777602
0.477528
0.196597
0.542903
0.501146
-0.127247
0.460757
-0.14269
-0.079128
-0.375115
0.0456386
-0.111157
-0.26141
0.149084
0.191297
0.573823
0.0974553
0.24658
0.131546
-0.0255788
-0.148164
0.15015
0.378953
0.0147289
0.247842
0.68181
0.352659
0.139745
0.0995349
0.299066
0.311289
0.220719
0.522653
0.31867
0.338449
0.497096
0.433732
0.593401
0.581163
0.596841
0.347956
0.22562
0.311237
0.150282
0.260414
0.711762
0.267207
0.592811
0.665656
0.272293
0.504502
0.248289
0.261849
-0.0258975
0.456144
0.281451
-0.286082
0.126041
-0.297545
0.0989865
0.176824
-0.0917121
0.0522352
0.142436
-0.263176
-0.188996
-0.151075
-0.00765366
0.00531362
0.130309
0.423851
0.385985
0.309205
0.275228
0.206229
0.29927
0.47181
0.795747
0.0830237
0.234014
0.342025
-0.424199
0.144868
0.124652
0.121595
0.478448
0.0720781
0.346191
0.463656
0.442104
0.324844
0.357782
0.139795
-0.043827
-0.0487496
0.518465
0.0683511
0.24817
0.419365
0.104646
0.537767
0.452767
-0.105569
0.00615664
0.648732
0.233189
0.623736
-0.00454973
0.305587
0.740297
-0.150362
0.428854
0.181297
0.0912179
-0.392544
0.195218
0.386056
-0.153617
0.338906
-0.109119
0.149026
-0.11216
0.0407786
0.184438
-0.0742459
0.422403
-0.546296
-0.120051
-0.0996089
0.124008
-0.0142081
0.571951
-0.756674
-0.303786
-0.852264
0.105781
-0.275649
-0.196772
0.491349
0.272415
0.576774
-0.300013
-0.0973054
-0.732808
0.480173
0.469535
-0.50779
0.745801
-0.448442
0.366023
0.0209633
0.203052
0.219868
0.217532
0.51189
-0.269645
0.218512
-0.169716
0.730014
0.508195
0.114512
0.29831
-0.13802
0.989022
0.279024
0.699845
0.129639
0.486184
0.404115
0.746262
0.048202
-0.883336
0.207351
-0.440173
-0.130053
-0.249235
0.433728
0.0602158
0.382051
0.0571726
-0.50421
-0.0995702
-0.36599
-0.155606
0.00887258
-0.281103
0.12699
0.414967
0.234844
-0.14953
0.226418
0.0901825
-0.194544
-0.122344
-0.101089
-0.0332638
0.311997
-0.158098
-0.0272761
-0.0378187
-0.155944
-0.105619
-0.178438
0.187196
0.0181849
-0.107378
-0.182557
0.319192
0.371388
0.194868
-0.0897596
-0.0518077
0.0380509
0.309554
-0.0648719
0.370944
0.162448
0.457206
-0.185553
-0.00653123
0.179135
-0.0540279
0.183406
0.243421
0.274555
0.12215
0.361618
-0.407248
0.115184
-0.409452
0.0535534
-0.352898
-0.0972551
0.0114589
-0.0922933
-0.00691217
-0.291305
-0.499185
0.0993108
-0.137027
-0.144789
-0.348746
-0.0652595
0.285101
-0.133296
-0.235435
-0.0485306
-0.0935007
0.0637655
-0.240856
0.220749
-0.225217
0.280978
-0.0435007
-0.264429
0.00444483
-0.161008
-0.271816
0.0534905
-0.0763089
0.127371
-0.0430274
0.194487
-0.0868197
-0.367554
-0.212773
-0.0881783
-0.419
-0.212355
0.0612463
-0.453737
-0.0293484
-0.408645
-0.196873
-0.102822
-0.4099
-0.0562938
0.0681634
-0.0659536
-0.0964519
-0.175873
0.171149
-0.278676
-0.222987
-0.177371
0.0487062
0.00189421
0.209859
0.126494
0.0164969
-0.123479
-0.34536
0.0847307
0.0556955
0.1153
0.120578
0.00799022
0.095382
-0.149474
0.071175
0.126346
-0.145648
0.108175
0.0668475
-0.0751117
0.420187
-0.074164
0.0425951
0.0600425
0.305417
0.225967
0.348612
0.0848545
0.104549
0.201418
-0.136243
0.195357
-0.0164145
-0.0212266
0.0693365
0.099111
0.369341
0.0392401
0.0146938
0.165219
0.194048
-0.283857
0.0981956
-0.00251162
0.0225388
-0.175661
-0.107756
0.335891
-0.0617267
-0.0761509
0.383769
-0.13877
0.24944
-0.382274
0.184552
0.0102049
-0.118577
0.0977697
-0.182422
0.110564
0.221689
0.213681
-0.198083
0.0214653
-0.159471
0.383071
0.322154
0.114203
0.176932
-0.0584452
0.236808
-0.209754
-0.125359
-0.229547
0.0379838
0.261124
0.0700937
-0.133327
0.130068
-0.215236
-0.38974
-0.0584756
-0.241408
-0.0106457
-0.243124
-0.252857
-0.256671
-0.17993
0.303052
-0.0700033
-0.027255
-0.383945
0.0687928
-0.0988039
0.00825982
0.00564876
-0.261629
0.141033
-0.160248
0.278309
-0.130251
-0.0249687
-0.105009
-0.435004
0.0976112
-0.320556
-0.209069
-0.616299
-0.232513
-0.0688305
-0.555684
-0.2551
0.0122476
-0.196617
-0.52324
-0.299858
0.175331
-0.150904
-0.561135
-0.245755
0.192056
-0.127244
-0.199794
-0.0683304
-0.245047
-0.208819
-0.0619143
-0.233121
-0.176477
-0.303279
-0.104612
-0.151208
-0.278504
-0.204329
-0.383413
-0.210353
-0.0457242
-0.0492079
-0.357293
-0.111859
-0.1437
-0.319326
-0.463033
-0.0627038
-0.0923063
-0.0480923
-0.00342463
-0.122959
-0.230888
-0.0901248
-0.237462
-0.174502
-0.253318
-0.157396
-0.0857333
-0.138017
-0.193698
-0.452455
-0.335683
0.284543
-0.0484762
-0.217162
-0.108949
-0.16538
-0.503732
-0.432446
0.0135107
-0.460854
0.141527
-0.33221
-0.102229
-0.100599
-0.38441
-0.356094
-0.312098
-0.474869
-0.125955
-0.294997
-0.374422
-0.172896
-0.145181
0.00340208
-0.124021
0.079254
-0.108777
-0.0900194
0.0639084
0.0271814
-0.273715
-0.364063
-0.130711
-0.251269
-0.39511
-0.459717
-0.180122
-0.221609
0.0473675
-0.0436974
-0.263103
-0.413049
-0.212367
-0.0810341
-0.576097
-0.449876
-0.0539704
-0.288429
-0.308739
-0.16126
-0.180744
-0.404928
-0.143328
-0.210358
-0.077397
-0.27769
-0.100497
-0.225445
-0.149625
-0.27652
-0.246452
-0.0788933
0.0898676
-0.575976
-0.222052
-0.260331
-0.140039
-0.0318199
0.20486
-0.110108
-0.296514
-0.179113
0.180729
0.0784617
-0.212713
0.0751735
0.182025
-0.422605
0.149578
-0.183925
0.0564023
-0.135648
-0.199192
-0.146913
-0.0126507
-0.359529
-0.657517
0.069064
-0.435743
-0.260302
0.216882
-0.258485
-0.12332
-0.0846896
-0.0403502
-0.136432
-0.244159
-0.0289883
-0.193239
-0.342121
-0.309051
-0.514193
-0.104782
-0.0885346
-0.331656
0.0103325
-0.32171
-0.213321
-0.118063
-0.0534577
-0.451818
-0.300325
-0.499399
-0.101662
-0.152383
-0.14001
-0.301708
-0.00393166
-0.257703
-0.328315
-0.187748
-0.105801
-0.22198
-0.273933
-0.063861
-0.0665667
0.027572
-0.127268
0.0944653
-0.222385
-0.405545
-0.318041
-0.381116
-0.283126
-0.26716
-0.255177
-0.136371
-0.225776
0.0919128
-0.019266
-0.145733
-0.381325
0.0688893
-0.165556
0.102981
0.130758
-0.486561
0.0925751
-0.266527
0.256895
-0.224506
-0.380134
-0.323794
-0.500818
-0.669736
-0.446908
-0.225453
-0.32043
-0.547339
-0.381221
-0.284926
-0.344163
-0.247814
-0.357612
0.0267961
-0.307165
-0.270869
-0.0954476
-0.155564
-0.0538479
-0.171897
-0.610907
-0.492627
-0.351388
0.0464228
-0.0844217
-0.288501
-0.0920692
-0.0650119
-0.426871
-0.144782
-0.0374398
-0.448764
0.140522
-0.267959
-0.227743
-0.276231
-0.0794569
-0.244766
-0.172654
-0.0369902
-0.0404421
-0.242311
-0.568
-0.29849
-0.117425
-0.282923
-0.212753
-0.121485
0.0248597
-0.0798226
-0.0644171
-0.29773
-0.0241806
0.00732236
-0.186627
-0.0654975
-0.196706
-0.493138
0.28803
-0.381229
0.0641877
-0.184032
-0.118826
-0.388502
-0.265113
-0.086858
-0.555579
0.0667199
-0.166836
-0.0959842
-0.25647
-0.398791
-0.230942
-0.37006
-0.170323
-0.0746514
0.0920842
-0.11552
-0.434409
-0.195733
-0.165336
-0.120003
-0.402688
-0.031884
-0.144801
-0.434049
-0.221165
-0.196906
-0.439638
-0.347266
-0.20335
-0.219293
-0.345011
-0.211003
-0.26449
-0.0183481
-0.177374
-0.328691
-0.459735
0.12465
-0.0970801
-0.564809
-0.394026
-0.38882
-0.200357
-0.462427
-0.171838
-0.209228
-0.388806
-0.134224
-0.119506
-0.420857
-0.390799
-0.000332879
-0.788413
-0.430443
-0.202391
-0.164414
-0.198424
-0.43174
-0.0252563
-0.465972
-0.440424
-0.146007
0.0717022
-0.12778
-0.254655
-0.381008
-0.509485
-0.230952
-0.357451
0.0791659
-0.293126
0.0963323
-0.293769
0.0312927
0.148344
-0.106088
-0.12136
-0.151567
-0.0534488
-0.357838
-0.235878
-0.252822
-0.230995
0.0228441
-0.434143
0.028557
0.0236277
-0.262291
-0.136937
-0.350034
-0.430239
-0.344088
-0.150262
-0.208959
-0.37117
-0.494745
-0.0843448
-0.0775009
0.330447
0.240954
-0.110304
-0.241134
-0.199467
-0.167625
-0.377416
-0.161427
0.0465385
-0.021011
-0.0428515
-0.460809
-0.137362
-0.21062
-0.0955735
-0.00452031
-0.0921775
-0.0141822
-0.191727
-0.583979
-0.057448
-0.185583
-0.116895
-0.20342
-0.291211
-0.260847
-0.113494
0.0210929
-0.0109872
-0.0948079
-0.372437
0.0813022
0.0205477
-0.186712
-0.450521
-0.119996
-0.0659091
0.0440376
-0.0627679
-0.376811
-0.247203
-0.0299127
-0.0525734
-0.653401
-0.28988
-0.330783
-0.0875334
-0.24517
-0.225132
-0.402158
-0.0444636
-0.326622
-0.181199
0.164275
-0.125224
-0.109028
0.0344231
-0.274326
-0.0925781
-0.0668403
-0.339316
-0.111293
-0.349522
-0.513789
-0.322742
