0.178679
0.170114
0.202753
-0.238463
-0.0618165
-0.206304
0.311257
-0.00625422
0.189044
0.0316189
0.235179
0.36522
0.463017
0.0932566
-0.0685601
-0.326751
-0.0526363
-0.179085
0.30662
-0.0976906
0.538058
-0.202559
-0.379049
0.181966
-0.0669388
-0.0408636
-0.172247
-0.347041
0.248923
0.175911
0.096931
0.0258653
0.0548427
0.251403
0.183013
0.261878
-0.198084
0.168043
-0.235543
-0.13806
-0.00159441
0.27945
-0.111022
-0.00386014
0.106854
0.220426
-0.159718
-0.0339462
0.431049
-0.217364
0.255601
-0.134783
0.161337
-0.0844467
0.101345
-0.0377913
0.270471
-0.173827
0.116709
-0.204756
-0.00928837
-0.125794
0.116695
-0.0697464
0.150929
0.0984878
0.000890581
0.0804696
-0.000172764
0.054878
-0.225756
-0.24946
0.242022
0.59263
0.0997649
-0.0501475
-0.282131
0.00130818
0.265295
-0.137653
0.142975
-0.0162973
0.00110792
-0.287439
0.0876646
-0.255242
-0.355257
0.190974
-0.0750679
-0.0714038
0.07204
-0.077041
-0.1693
0.456133
0.0951595
-0.141771
0.118859
-0.348054
-0.305982
0.149843
-0.587496
0.167272
-0.0115914
-0.125679
-0.267874
-0.0787084
-0.14171
-0.437145
0.0662905
-0.00905039
0.139183
-0.114171
0.252301
0.301977
0.276541
0.0407766
0.17993
-0.105769
0.149384
0.240456
-0.146224
-0.221559
1.41579e-05
-0.0417402
0.0455685
-0.0687541
0.155477
-0.0372621
0.320608
0.109647
0.161344
-0.304501
-0.192994
-0.127012
0.0923362
0.388288
0.167474
0.0921522
-0.102625
0.254074
0.395238
-0.264856
0.246852
-0.143093
-0.0403751
0.0341461
0.255105
0.193559
0.281859
0.0235174
0.0139055
0.0170247
0.000469995
0.277739
0.0602951
-0.211717
0.339238
-0.168323
-0.0818787
-0.0788469
-0.0808292
0.135052
0.0737476
-0.0596054
0.370498
-0.0701732
0.0645868
0.0113022
0.14465
-0.0862046
-0.00459897
0.126657
0.453011
-0.249219
-0.404644
-0.320642
-0.126303
0.131919
-0.281175
0.033791
0.161168
-0.190452
-0.194999
0.269031
-0.046009
-0.405377
-0.128602
-0.127613
-0.454354
-0.0237044
-0.0207361
0.150493
-0.0920181
0.150895
-0.0685592
-0.105142
0.00161799
-0.0251985
0.0528659
-0.182785
0.121485
-0.24435
-0.177137
0.0103311
-0.0551876
0.081768
-0.00372306
0.0195806
0.0330937
0.0580889
0.0408056
0.368872
-0.348412
0.336561
0.40601
0.347326
0.106677
-0.454459
0.0963518
0.0631243
-0.178228
0.32123
0.355106
0.18918
0.267131
0.136829
-0.0448436
0.0645493
-0.060079
0.218399
0.162964
-0.0924036
0.337786
0.231502
0.313185
-0.170009
-0.225794
0.57311
0.220778
-0.109811
-0.0762837
0.174834
0.0722779
0.12164
0.146419
-0.155056
-0.135463
-0.0567999
-0.101205
0.295286
0.103553
0.347123
0.527783
0.0479647
-0.0212506
0.349332
0.128986
0.249252
-0.0837371
0.203399
0.0809722
0.371383
-0.214702
0.257951
0.275003
0.220362
0.00354629
0.0192969
0.293311
-0.150868
0.0146311
-0.131287
0.191729
0.663763
0.47233
0.246787
0.207269
0.124954
0.10557
-0.0197424
0.139049
0.0698831
0.100382
-0.24596
-0.165482
0.0519838
0.197684
-0.18364
-0.0282671
0.258805
-0.053924
0.0361277
-0.130036
0.116078
0.254415
0.0819592
0.142975
-0.274104
0.136666
-0.376669
0.178169
0.217577
0.00884877
0.294753
0.174897
-0.270582
0.0473349
0.120019
0.00282038
0.157229
0.123537
-0.143619
-0.0406024
0.337853
0.046933
0.0929029
-0.0711401
0.188448
0.601168
0.205717
0.266644
0.005792
0.564083
0.40495
-0.150281
0.428072
0.381192
0.103589
0.921374
0.225986
0.0574748
-0.0148946
0.185574
0.273567
0.194114
-0.0835129
0.176657
-0.0380763
-0.000789942
-0.0314481
-0.266138
0.0398395
0.132784
0.0275281
0.336264
-0.021357
-0.113789
0.0363369
0.365529
-0.104379
-0.322922
0.280356
0.261717
-0.204454
0.214305
-0.118286
0.111146
0.33125
0.0829907
0.499824
0.268197
-0.0256781
-0.0426668
-0.0149515
-0.154503
0.114402
0.164378
0.444338
-0.132574
0.272835
-0.132941
0.138362
-0.10392
0.272713
-0.125543
0.0653908
0.536381
0.2206
-0.14551
0.130339
0.104523
-0.216052
0.0510082
-0.185612
-0.181878
-0.212805
-0.102905
-0.150009
-0.0571648
-0.0937622
-0.0322603
-0.460461
-0.00197579
-0.217883
-0.0874891
-0.159397
-0.224651
-0.0992313
-0.219946
-0.463917
-0.266982
-0.252564
0.14542
-0.320764
-0.18858
0.146107
-0.00436272
0.344117
-0.115934
0.03284
0.26907
-0.156127
0.00925142
-0.385821
0.221892
0.362783
0.230392
0.00502258
0.0100532
0.0772831
0.28977
0.132841
0.0954766
-0.00133288
0.287718
0.0268334
0.16239
0.244593
0.19972
0.10816
0.00895151
-0.112845
0.0460741
-0.0837849
-0.0716633
0.16824
0.412379
-0.282171
0.201831
0.191393
0.107506
-0.0937423
-0.145677
0.289165
0.350098
0.0343686
-0.104862
0.129958
-0.0992235
0.0989637
-0.13018
0.265663
0.181816
-0.0369082
0.128873
0.0015408
0.111622
0.152357
-0.384958
0.121007
0.277218
0.167266
0.100338
0.163488
0.223894
0.21591
-0.0803183
0.223985
0.0386414
0.0049326
0.418116
-0.198404
0.368354
0.251051
-0.118196
0.348024
0.0272089
0.067931
-0.376138
-0.118878
0.0345899
0.145284
-0.00117951
-0.195337
0.313686
0.392221
-0.151752
0.15795
0.154998
-0.111596
0.597965
0.443839
0.259518
0.346692
0.114499
0.0382737
0.53371
-0.201698
0.102452
-0.0477057
0.271739
0.387178
0.0502763
0.14766
0.636864
0.255351
0.311035
0.294471
0.535822
0.228847
0.197862
0.254016
0.23593
0.399305
0.323419
0.392658
0.223063
0.274885
0.0579252
-0.0860986
0.35111
0.772637
0.685909
0.368409
0.0560829
0.194525
0.312789
0.383504
0.0655786
0.0671834
0.339226
0.136858
0.0228962
0.475725
0.470917
-0.27151
0.721098
0.479168
0.348824
0.264384
0.578153
0.559196
0.019548
-0.221039
0.109045
0.0436857
0.264987
0.487089
0.0588184
-0.177965
-0.233023
0.0346566
0.119435
0.000842115
0.208684
0.182865
-0.163829
-0.00326553
0.00995936
-0.141966
0.133395
-0.250831
-0.148957
-0.088022
-0.235771
-0.25603
0.258206
-0.114129
-0.344915
-0.225113
-0.135915
-0.068368
-0.0100321
0.0172773
-0.0564757
-0.372568
-0.244183
0.0814831
0.181498
0.0496148
0.00656503
-0.222914
-0.0542825
-0.35665
-0.0775225
-0.259504
-0.460392
-0.382438
-0.200098
-0.204376
-0.000624246
-0.213492
-0.0257965
-0.2781
-0.293134
-0.0185575
-0.151949
-0.0453555
-0.440655
0.186797
-0.586792
0.0469966
-0.496301
-0.297282
-0.0798679
-0.463562
-0.14413
-0.469022
0.157266
-0.323021
-0.160187
-0.498352
-0.254323
-0.264367
0.10654
-0.186538
0.300009
-0.119569
-0.187905
-0.0130894
-0.359206
-0.0940638
-0.0876021
0.175826
-0.145878
-0.0661966
-0.323903
-0.0973869
0.188705
0.276591
-0.453031
-0.229786
-0.404376
-0.156559
-0.591243
-0.153475
-0.512469
-0.303506
-0.320161
0.119699
-0.104443
-0.0106585
-0.243287
-0.31679
-0.145165
-0.0339666
0.108273
-0.155422
0.326967
0.104177
-0.320383
-0.0466956
-0.00618767
0.307642
-0.0945525
0.100324
-0.194131
0.0248055
-0.225497
0.156344
0.140022
-0.0648845
-0.105085
-0.130771
-0.171251
-0.23188
-0.00732975
0.284324
-0.0142547
-0.432341
0.112132
0.153495
-0.321408
0.19693
-0.230824
0.187073
-0.240421
0.0676347
0.292251
0.0276319
-0.0965262
0.114301
0.313801
-0.154213
-0.17762
0.251399
0.0440611
0.0566382
-0.146795
-0.414788
-0.0718215
-0.127938
-0.593545
0.175347
-0.434382
-0.193106
-0.242352
-0.0189258
-0.192452
0.120926
0.0490674
-0.0655008
-0.0475202
-0.0246116
-0.329308
0.108437
-0.543946
0.20615
-0.0615791
0.00292751
0.184081
-0.457202
-0.236837
-0.237117
-0.0902633
-0.192852
-0.134435
-0.153962
-0.368998
0.116288
0.0740972
0.274457
-0.0566432
-0.610646
-0.142472
0.256693
0.188496
0.36335
-0.0225293
0.227357
0.162136
-0.286469
0.0327205
-0.351786
0.316382
0.312245
-0.00737976
-0.0649548
0.317424
-0.242569
0.0457265
0.0872198
0.0929408
-0.160658
-0.171001
-0.0412286
0.44997
0.227091
0.0995873
-0.0830109
-0.182173
0.0670082
-0.0945886
-0.345991
-0.511488
-0.331363
-0.035827
-0.11556
-0.182141
-0.149222
0.311743
-0.176519
-0.368073
-0.105487
0.0414755
0.110214
-0.129147
-0.135039
-0.36413
-0.125742
0.0780499
0.144468
0.0303379
-0.309336
0.0934519
0.278236
-0.337703
-0.000501498
-0.0603993
0.199614
-0.170304
0.13106
0.0298006
-0.0680191
-0.137341
0.0307164
-0.282077
0.406946
-0.0901057
0.415081
0.167199
-0.258605
-0.524742
-0.113751
-0.2177
0.321997
0.00571693
-0.251449
-0.11894
0.0280264
0.0601274
0.0806069
-0.169466
-0.184079
-0.175973
-0.0843869
0.0648389
-0.00484702
-0.0389545
-0.187685
-0.0455925
-0.251914
-0.20139
-0.0557327
-0.467093
0.068247
-0.392429
0.27866
0.21722
-0.153987
0.000853652
-0.129976
-0.0232263
-0.20112
0.35126
-0.408524
-0.121485
0.14384
-0.51169
-0.136975
-0.210501
-0.0636311
-0.0900909
-0.10426
0.426915
-0.149796
0.203754
-0.0422729
0.179966
0.0878385
0.257105
-0.222237
-0.32338
0.0297722
-0.347711
0.106115
0.152417
0.14111
-0.114519
-0.127759
-0.217493
0.0942744
0.24331
-0.0235301
-0.137019
-0.090433
-0.237895
-0.129079
-0.113882
-0.320601
-0.278643
-0.3282
-0.0184931
0.120671
0.0735828
0.299269
-0.148194
-0.198275
0.219874
0.171222
-0.331594
-0.319029
-0.0191841
0.321434
-0.224804
-0.189759
-0.509186
-0.508975
-0.00219898
-0.0182129
-0.0950364
-0.0233899
-0.325105
-0.343047
-0.123078
0.0902385
-0.0168165
-0.215378
-0.531491
-0.0510319
0.0866573
0.0484317
0.0729622
0.134346
-0.412385
-0.178275
0.515067
0.00956946
0.290739
-0.0984344
-0.179188
-0.165206
-0.119584
-0.12456
-0.352721
0.245386
0.0654257
0.240407
-0.0294686
-0.363759
-0.182752
-0.0695973
-0.420066
-0.148742
0.160579
-0.215741
-0.00784051
-0.041481
0.250212
-0.279051
-0.107174
-0.163083
-0.258043
0.0121656
-0.0746923
0.242908
-0.150317
-0.0229545
-0.101815
0.426306
0.0923934
0.0797148
0.157439
-0.474731
-0.14393
-0.0960556
-0.211868
-0.0480309
-0.331213
0.270903
0.00377873
-0.311708
-0.117319
0.259729
-0.312957
-0.012029
-0.282632
-0.716127
-0.143544
-0.0288523
-0.0513914
-0.215776
-0.153917
0.264171
0.558129
0.0116858
0.347633
0.455663
-0.30219
-0.424277
0.17799
0.219918
-0.0785394
0.033626
0.0699498
-0.0167868
0.304529
-0.132322
-0.0434991
0.154297
-0.212376
-0.29243
0.0668522
0.251747
0.100222
-0.0703464
-0.0161238
-0.0411633
-0.00617721
-0.146149
0.242597
-0.178484
0.0858141
-0.155215
-0.132153
0.118903
0.0865355
-0.230462
0.0245317
0.437683
0.26019
-0.340561
-0.0988928
0.144182
0.175341
-0.0170013
-0.159494
0.00945558
-0.2051
0.117759
-0.136901
0.0597723
-0.408781
-0.258326
0.233814
-0.216321
-0.0860141
-0.293819
-0.245964
-0.00847614
-0.00629727
0.108133
0.00951449
-0.26721
-0.290054
-0.20605
-0.232834
0.0892465
0.140586
-0.277421
0.149321
0.17689
0.192873
0.0535898
0.0080709
0.236408
-0.176057
0.120244
0.245383
0.368732
-0.351065
0.047728
0.0915773
0.485597
-0.137736
-0.274306
-0.246998
-0.317743
0.0136438
0.108924
0.118717
0.221081
-0.0995281
-0.0306088
0.14274
-0.2366
0.0742542
0.25745
0.102358
-0.0331104
0.348855
-0.103768
0.304011
0.103798
0.355767
0.12502
0.0710118
0.200665
0.101646
-0.0391222
0.265408
-0.327438
-0.0217282
0.0162605
0.166705
0.0857102
0.17643
-0.0295197
0.133527
0.210022
-0.015393
-0.257415
0.0474027
0.215401
0.017878
-0.260616
-0.10001
-0.301919
-0.100317
0.245405
0.577319
0.0708128
0.0996642
0.226324
0.279734
0.434892
0.159875
-0.123328
-0.0977276
0.0755536
0.397382
0.0451965
0.00952845
-0.00527422
0.200374
0.223319
0.140732
-0.174814
0.525183
0.269465
0.00942006
0.290779
0.5111
-0.233289
0.0951463
0.0325676
-0.207619
0.10185
0.0418145
0.213965
0.125585
-0.126419
0.192219
0.0885361
0.0772191
-0.180065
-0.0190327
-0.130791
-0.0280144
0.242355
0.193545
0.165121
0.329118
-0.106313
0.283183
-0.178354
0.0255253
-0.246923
-0.541075
-0.440245
0.134853
0.145225
0.134081
0.138076
-0.117702
-0.0291278
-0.146568
0.128072
0.255626
0.388631
0.542163
-0.00958142
-0.201953
-0.0193191
0.0523439
0.102202
0.0731374
0.0909549
-0.291543
-0.147852
-0.101326
0.188618
-0.114981
0.257319
-0.105199
0.522797
-0.228764
0.264634
0.152294
0.387318
-0.0815244
-0.139903
-0.00419053
0.397808
-0.274121
0.187469
-0.0323057
0.0839045
0.0288297
0.312606
0.123623
0.4033
-0.136279
-0.435198
-0.166859
-0.581474
0.306132
-0.208145
0.168094
-0.174185
0.053947
-0.202431
0.0336176
-0.17723
-0.012041
0.273276
-0.0639138
-0.375932
-0.214878
0.0319664
0.321298
0.0239466
0.338729
0.0292852
-0.376263
-0.131358
-0.423199
0.0362393
-0.275368
-0.226232
-0.0384343
0.144531
0.15169
-0.134575
0.0272945
0.0414862
0.0521791
0.270432
0.0173003
-0.0453498
-0.0941602
-0.0498673
0.0907324
-0.249412
0.324726
0.116851
-0.323752
0.0359987
-0.369839
0.0646213
-0.377696
-0.0199363
-0.218613
0.00424854
0.145968
0.174055
0.0137714
-0.127557
-0.00173646
0.0496863
-0.101748
0.0472191
-0.0742989
-0.116224
-0.253652
-0.348637
0.256117
-0.249559
0.0627597
-0.236026
0.207703
0.213428
0.460217
-0.140025
-0.423921
-0.270611
-0.29813
0.0343855
-0.0430375
-0.159132
0.0713409
-0.185243
-0.150162
0.40329
-0.273587
0.154953
-0.0093007
-0.0825793
-0.364101
-0.224237
0.0269024
-0.197055
0.264354
-0.104842
0.137086
-0.178983
-0.124573
0.173717
0.229725
0.00475788
0.10125
-0.121844
0.0233273
0.0285742
0.278559
0.157245
0.221615
-0.189042
-0.124062
0.0511764
0.403546
0.0296156
0.175845
0.152001
0.698834
-0.0384071
-0.202609
0.378418
-0.319415
0.00361139
-0.108051
0.109943
-0.085059
0.281057
0.0521045
0.313075
-0.0763648
0.0511148
0.0631493
-0.0310827
-0.17789
-0.278636
0.356936
-0.274183
-0.178022
-0.103146
-0.241518
0.153286
0.49932
0.0210638
-0.0371634
-0.160286
0.168166
-0.0501509
-0.330431
0.126624
-0.0083395
-0.0842171
0.00679272
-0.019773
-0.207677
-0.00334321
0.255993
0.431962
0.0405544
-0.0789499
-0.265784
0.248886
-0.279862
-0.18473
0.261755
-0.191321
-0.136123
0.0444196
0.0341885
-0.142345
0.316458
-0.0728725
0.12628
0.0233422
0.150555
0.154955
-0.0520733
-0.0424487
0.162577
0.082116
0.0531687
0.022723
-0.16025
-0.0408143
-0.154843
-0.233606
-0.424838
0.472134
0.0312773
-0.394115
0.0405085
0.355152
0.191368
0.0374798
-0.164757
0.0308044
0.21217
-0.0764055
-0.214859
-0.171765
-0.402449
0.122973
0.20954
-0.190095
-0.204517
-0.131866
0.220525
0.205895
-0.0278823
-0.15705
0.110834
-0.0320435
-0.0039224
0.258483
0.276236
0.211155
0.533234
-0.0758965
-0.0593848
-0.257566
-0.0962821
-0.228815
-0.0504127
0.0116809
-0.106887
0.0968567
-0.505558
0.151011
0.118755
-0.128643
0.00811173
0.377476
0.285171
0.230372
0.37717
0.0548168
-0.466283
0.00875401
-0.0452433
-0.114867
0.0735305
-0.340645
-0.11323
0.235273
-0.0225755
0.368493
0.298097
0.105459
0.113275
0.0610914
0.106685
-0.220607
-0.234306
0.171759
-0.0222957
-0.220197
-0.0133038
0.173252
0.0682368
0.137906
-0.138121
0.0839101
0.175345
-0.186461
0.278767
-0.193288
0.0850822
-0.0497441
0.125247
-0.100076
0.189915
-0.042545
0.173298
-0.0261721
0.0143138
-0.0134498
0.110361
0.102865
-0.182256
-0.619497
0.413021
0.209504
0.214712
0.41644
-0.0453774
0.345071
0.363337
-0.17936
0.0630142
0.0438632
0.135545
0.12799
0.113264
0.323745
0.215657
0.182761
0.152504
-0.163546
0.281264
0.14332
0.283893
-0.187231
-0.201725
0.160662
0.538781
0.00927592
0.188242
0.330767
0.0876043
0.307174
0.187808
-0.382021
0.405442
0.0770815
0.433085
0.0447881
0.235919
0.249951
-0.190383
0.23395
0.0744705
-0.0104312
-0.062559
0.157256
0.247328
0.181024
0.307355
-0.313603
0.384498
0.345077
-0.246629
0.00509354
-0.00535512
0.36519
0.132808
-0.0568974
0.123366
0.0962322
-0.147988
0.328157
0.50988
-0.202442
0.369279
0.0470675
0.0617878
-0.144898
0.000429728
-0.225835
0.213711
-0.0789632
-0.175237
0.0657866
0.0334007
0.056662
-0.0605665
0.119402
-0.0190673
-0.23724
0.139486
0.47641
0.294082
0.115032
0.222985
0.125897
0.29308
0.119302
0.112514
-0.0503534
0.40726
0.214672
-0.145548
0.220775
0.22692
-0.0440007
-0.0967263
0.0321757
-0.295573
0.463472
0.19869
-0.0213294
0.0717945
0.349895
0.103478
0.09727
-0.128012
0.224111
0.142055
0.177475
0.1374
0.0865825
-0.117668
-0.0500919
0.00734253
0.10676
0.469712
0.36736
0.206254
-0.00384631
0.182202
0.0414261
0.384006
0.299199
0.346139
0.12667
-0.168359
-0.0775211
0.256584
0.171051
0.0563702
0.0286981
-0.043265
0.475523
0.085719
0.124161
0.474528
0.0995737
-0.21949
0.173874
-0.0863513
0.305589
0.17983
0.0748598
0.601618
0.192646
0.274475
-0.248905
-0.186963
0.228037
0.0801562
0.267274
-0.197583
0.776418
0.170514
-0.0834901
0.268753
0.129901
0.165261
0.272063
0.0606753
0.415421
0.308576
0.265839
0.267765
0.367031
0.0892377
0.110214
0.247486
-0.0484042
-0.00695411
0.307305
-0.0560913
-0.506399
0.307407
0.0282123
-0.183016
0.265931
0.220566
0.293014
0.373306
-0.00813177
-0.0192421
0.448208
0.0104951
-0.0348186
-0.163504
0.115294
0.44894
0.0909191
0.474055
0.329232
0.143318
0.227215
0.210354
0.0852745
-0.143055
-0.12621
-0.150063
0.475158
0.32005
0.288433
0.218386
0.196159
0.215443
0.320849
0.234525
-0.128061
-0.119276
0.137993
-0.156536
0.23982
0.0899445
0.134918
0.556021
0.320774
0.163026
0.104466
0.171783
-0.183084
0.376614
-0.0914631
0.011746
-0.0708546
0.375802
0.0155464
-0.0215523
0.0602176
-0.114146
-0.117455
0.201661
0.376804
-0.0889289
0.289306
-0.186362
0.134576
-0.0412024
0.22222
0.222492
-0.0356047
0.0475997
0.173605
-0.147088
0.339461
0.0695509
-0.065039
0.202292
0.162323
-0.12887
-0.0281968
-0.39982
-0.0919464
0.317266
-0.0164178
0.254022
0.190508
0.325086
-0.136972
-0.280496
0.017352
0.0135345
0.353664
0.085224
0.120519
-0.0948735
0.231346
0.146716
0.388877
0.0927349
0.133656
0.0963677
0.369754
0.21319
0.119004
0.0873833
0.223593
-0.107248
-0.00391921
-0.127804
-0.0722726
-0.411909
0.0544862
-0.0345937
0.0853908
0.413521
-0.0599808
-0.162969
0.0770822
-0.0811597
0.297275
-0.143071
0.302459
-0.235277
-0.0300626
0.12979
0.0355866
-0.133651
0.0446714
0.12432
-0.0227095
0.0468118
0.177944
0.135233
-0.195511
0.161834
0.135031
0.399724
0.0576566
0.199551
-0.158573
0.280043
-0.0113206
0.120975
0.48303
0.288629
0.248461
0.164943
0.472227
0.160429
0.116622
0.342797
0.206651
-0.15795
0.315779
0.199892
-0.141078
0.0250484
-0.0871273
-0.0016898
0.381193
0.347721
0.179824
0.133429
0.525145
0.332223
0.491357
0.203126
0.468676
0.272905
0.250936
0.0600264
0.084771
0.166023
-0.0886528
0.0604311
0.311281
0.370664
-0.159248
0.0959356
0.220688
0.0668709
0.180887
0.49763
0.141973
-0.185332
-0.0778999
0.383591
0.0312141
0.135486
0.343158
0.263128
0.174195
-0.141367
0.234922
0.0749667
0.0374759
-0.110306
-0.048254
-0.458333
-0.26938
-0.0364133
0.192125
-0.0177183
-0.0675826
-0.0166476
0.0921735
0.633395
0.422554
0.185149
-0.214171
0.375864
-0.0559185
0.0730443
0.205798
0.234888
0.208754
0.167907
0.339815
0.138319
0.284481
0.0965072
-0.395621
0.282801
-0.00988524
0.178982
0.440094
0.19146
-0.0869665
0.365551
0.253057
-0.0241267
0.0642552
0.236596
0.125577
-0.144468
-0.302217
0.425189
0.0350546
-0.0470814
-0.00307667
0.55289
0.289424
0.236142
0.176025
-0.13317
-0.0929655
-0.041048
-0.042742
0.294228
0.186788
0.103108
-0.0767029
-0.270971
0.166266
0.0297383
0.13706
0.228334
0.0591576
0.12303
0.130499
-0.267875
0.189988
0.193684
0.187306
-0.340072
0.465685
0.218554
-0.138506
-0.205193
-0.0498883
0.107089
-0.0440884
0.208289
0.154724
0.403211
-0.160211
0.166069
0.0188619
-0.10049
0.500587
0.0254416
0.00496044
0.0370487
0.45901
0.335962
0.0604787
0.129123
0.0387148
-0.0768276
0.0483143
0.227971
-0.0696355
0.194265
0.0715213
0.388632
-0.323994
-0.0869678
0.0857366
-0.145903
0.0229565
0.0761746
-0.0231619
-0.155734
0.0821856
0.199876
0.00438772
-0.136667
0.33418
0.151632
0.0472544
0.179319
0.121345
-0.0633489
0.129695
0.0870134
0.31409
-0.0677449
-0.156309
0.305772
-0.0833408
0.254331
0.0184762
0.267928
-0.01821
0.124972
0.0695046
0.0819413
0.169221
0.130795
0.396334
-0.129858
-0.278464
0.0924481
0.0440307
-0.0979806
-0.0198085
0.368116
0.013274
-0.0357359
-0.0122494
0.193894
-0.44566
0.179975
0.192834
0.43372
-0.0445428
0.490836
0.158158
0.298968
0.15948
0.346054
-0.0590064
0.38288
0.0254652
-0.0213074
-0.0951696
-0.0207377
-0.0273218
0.029257
-0.212125
-0.0736811
-0.0772778
0.0649299
0.182819
0.0270092
-0.0817339
0.460482
0.216483
0.247212
0.102723
0.168408
0.133803
0.462465
-0.144332
-0.152498
-0.00805841
0.246947
0.0884522
0.132847
-0.0668955
0.351374
-0.248533
-0.0911803
0.2505
0.294565
-0.126732
-0.103387
-0.127916
0.317435
-0.128141
-0.0636217
0.0217082
-0.0656611
-0.193485
-0.385767
0.002327
0.109398
0.140657
0.253082
-0.317124
-0.200528
0.185174
0.048544
0.18102
-0.111968
0.218357
0.0632201
0.133593
-0.014219
0.0116326
0.106737
0.114238
0.158082
-0.151786
0.359088
-0.380861
-0.0337517
0.153114
0.00922913
-0.305645
-0.00583337
-0.243232
0.402693
0.302435
0.340952
-0.400922
0.427289
-0.268336
-0.1362
-0.151008
0.379699
-0.182479
0.0503946
0.0979516
0.0588452
0.116381
0.155272
-0.0281488
-0.241677
-0.295809
-0.120834
-0.509445
0.303415
-0.00956444
0.0625084
-0.283288
-0.226336
-0.156938
-0.141459
-0.106855
-0.370617
-0.0135709
-0.403976
-0.281371
-0.101583
0.335337
-0.127937
-0.152066
0.113892
-0.0657924
-0.128969
0.0694826
0.0709741
0.159343
-0.236242
0.274784
-0.226613
0.104101
-0.18597
-0.0204821
-0.265493
-0.170307
-0.149708
-0.255581
0.0618467
-0.215529
-0.15979
-0.258505
-0.0159071
-0.0726231
-0.114147
0.0247972
-0.371458
0.00649376
-0.0434175
-0.343377
-0.349942
-0.485451
-0.635224
-0.640342
-0.209494
-0.0643613
-0.378992
-0.101526
0.128068
-0.292131
-0.0934291
-0.355519
-0.28726
-0.116848
-0.295784
-0.377821
-0.0278784
-0.210657
-0.550959
-0.0602386
-0.468094
-0.167838
-0.565993
-0.31598
-0.542077
-0.166426
0.0201928
-0.317048
-0.490106
-0.0708914
-0.410955
0.233322
-0.17392
-0.64726
0.00278915
-0.445033
-0.0805595
-0.527657
0.0689897
-0.277563
0.114785
-0.390548
-0.212687
0.00717135
0.257665
-0.607124
0.0446348
0.268053
-0.389292
-0.291981
-0.184575
-0.147636
0.247816
0.346038
-0.189405
0.0581889
-0.13224
0.100835
0.141563
-0.0311939
0.124216
0.163135
0.222978
0.193697
0.25994
0.214187
0.486897
0.0456685
0.047077
-0.235308
-0.19358
0.0330194
-0.564137
-0.133358
-0.346933
0.169914
-0.0461561
-0.597444
0.0803131
0.121228
-0.0748489
-0.266619
0.449421
0.0493788
0.806357
0.0174182
0.713579
0.645877
0.505844
0.946083
0.752308
0.944233
0.571631
0.945712
0.753732
0.892728
1.21487
0.737314
0.893514
0.677765
1.2949
0.787058
1.12999
1.27773
1.25327
1.02828
1.01403
1.37935
1.12027
0.816856
1.39939
1.44548
1.25604
1.13019
1.20052
1.38282
1.29396
1.52581
1.27753
1.83496
1.43027
1.72469
1.72845
1.5162
1.64212
1.70366
1.50983
2.2855
2.15177
2.29126
1.72643
1.91798
2.45001
1.99991
1.91938
2.02617
2.55231
2.22014
2.38151
2.20488
1.72204
2.09111
2.24237
2.29513
2.48499
2.3919
2.88427
2.71704
2.54051
2.19554
2.81318
2.93461
2.95567
2.72305
2.75462
2.95724
2.79084
3.48046
3.09351
3.20075
3.71826
3.0367
3.41051
3.98861
3.49871
3.61773
4.26769
3.87172
4.11932
4.30214
4.46751
4.53873
4.50939
4.29967
4.89354
5.27222
5.18016
5.11446
6.06573
6.17562
6.07948
5.8533
6.072
6.66403
6.68635
7.09422
7.18875
7.52764
7.54421
7.63182
7.90592
8.3074
8.70987
8.92487
8.80661
9.22541
9.81969
9.79217
9.41774
9.69785
10.0362
9.99783
9.92151
10.5224
10.5174
10.5557
10.8382
11.0689
11.0772
10.8694
11.3943
11.5019
11.8908
11.5508
12.1822
12.301
12.4881
12.2251
12.8026
12.4379
12.7549
13.1129
13.2422
13.3565
13.7928
13.6551
13.434
13.6201
13.9637
13.6227
13.9282
13.8715
13.942
13.8134
13.8972
13.8835
13.8527
13.7905
13.9216
13.7795
13.4248
13.3186
13.4794
13.5215
13.1437
13.5102
13.6107
13.4602
13.6461
13.6402
13.3597
13.7007
13.6738
13.6911
13.937
13.7749
13.7444
13.4401
14.2387
13.7925
14.1984
14.3439
13.869
14.4899
14.2847
14.296
13.708
13.9045
13.917
14.3503
14.5008
14.3246
13.8359
14.0739
14.343
14.3255
14.2192
14.4406
14.5244
14.5644
14.543
14.2545
14.3834
14.3182
14.5649
14.5937
14.5735
14.2184
14.719
14.4721
14.6223
14.7126
14.3882
14.8152
14.8572
15.0409
15.0428
15.2569
15.2651
15.253
15.5992
16.0597
15.8833
15.6883
15.848
16.1348
15.8603
16.0832
15.974
15.9665
16.336
16.1947
16.6193
16.3343
16.6221
16.8324
16.3052
16.4973
16.5899
16.2564
16.74
16.5059
16.6747
16.6406
16.7551
16.528
16.6572
16.7384
16.754
16.4552
16.751
16.3643
17.3255
16.5804
17.1111
16.9888
16.6865
17.0356
17.1673
16.7953
16.7961
17.3475
17.3367
17.1344
17.3844
17.4591
16.8062
16.6875
16.877
16.5991
17.0203
16.5282
16.4515
16.7052
16.7304
16.1447
16.9877
16.9001
16.4575
16.6093
16.5423
16.8732
16.705
16.924
16.8423
16.7444
17.3605
17.7665
17.7362
17.5346
18.3208
18.1516
18.0439
18.3602
18.3638
18.717
18.7267
18.7042
18.8718
18.6905
18.6657
19.189
19.0275
19.0091
18.7407
19.3074
18.5912
19.2134
18.5988
18.7654
18.7263
18.7486
19.1091
18.5175
18.4519
18.7963
18.8978
18.5915
18.7178
18.43
18.4047
18.631
18.9539
18.9256
18.4411
18.5893
19.1707
18.8824
19.3914
18.8883
19.3598
19.5597
19.5129
19.607
19.5048
19.4295
19.3941
19.2693
19.0087
19.3041
19.4022
18.9883
19.234
18.8497
19.3352
19.2076
19.3604
18.9096
18.9418
19.2405
19.4511
19.3737
19.2296
19.3909
19.1686
19.7602
19.478
19.8157
20.0129
20.2265
20.2615
20.2532
20.3714
20.5191
20.5955
20.7069
20.2334
20.7491
20.4231
20.341
20.5632
20.4168
20.3544
20.2239
20.2309
20.2978
20.3269
19.8718
19.8301
20.223
20.0479
20.0956
20.011
19.8294
19.7949
20.1821
19.9621
20.0217
20.4429
20.3184
20.2014
20.3855
20.5148
20.5682
20.7841
20.2383
20.0599
20.7365
20.3738
20.4382
20.4041
20.4719
20.6567
20.8181
20.7972
20.3875
20.4007
20.2664
20.5979
20.661
20.253
20.3389
20.8859
20.9084
20.5671
20.66
21.2148
21.2342
20.9981
21.2926
21.3903
21.5195
21.3283
21.3557
20.6125
21.181
21.2446
20.9745
21.2705
21.4684
20.8864
20.9814
21.2562
21.0154
21.5459
21.504
21.5999
21.3008
21.5285
21.6181
21.5294
21.5306
21.4017
21.8563
21.9874
21.7284
21.9742
21.9144
22.3389
22.3738
22.2042
22.2984
22.2915
22.2067
22.6223
22.6648
22.3993
22.6553
22.7154
22.0819
22.4577
22.4753
22.6014
22.5771
22.4964
22.6043
22.4359
22.2638
22.2184
22.8051
22.426
23.1367
22.5607
22.8363
22.644
22.5859
22.6247
23.3591
22.4699
22.7779
23.0758
22.7241
23.5547
23.1011
23.4608
23.5054
23.5529
23.3228
23.297
23.4044
24.0505
23.7476
24.0005
23.9471
23.7591
23.7603
23.8528
23.8885
23.7433
24.1082
23.9215
24.1717
24.2027
24.0136
23.4827
23.8201
23.8303
24.0952
24.0808
23.7856
23.8613
23.8645
23.8812
23.9305
23.8927
24.3621
24.0349
23.6908
24.0436
24.0254
23.8917
24.2645
24.0237
24.2819
24.228
23.9119
23.7963
23.5879
23.8872
23.4457
23.4777
23.6855
23.8575
23.9466
23.7196
23.6782
23.2755
23.9423
23.8849
23.6832
23.6434
23.6155
23.0923
23.2748
23.5636
23.3604
23.8918
23.5006
23.6451
23.4196
23.7608
23.6837
23.8608
24.1807
24.0292
23.9966
23.5471
23.591
23.7069
23.9449
23.7725
23.4262
23.6424
23.7597
23.8702
24.0025
23.8711
23.9106
23.483
23.8339
23.328
23.7634
23.373
23.4441
23.8665
23.8375
23.9452
23.6908
23.4577
23.5943
23.876
24.0066
23.8008
24.0168
24.0518
24.3603
24.6616
24.8817
24.7524
24.6581
24.7923
24.7566
24.1998
24.5155
24.443
23.8191
23.8453
24.0312
24.0465
23.7576
23.7955
23.5304
23.7101
23.7293
24.1455
23.8353
23.6912
24.091
23.8314
24.1069
24.0852
24.0716
24.0015
24.2956
24.6019
24.486
24.434
24.2253
24.3646
24.3721
24.392
24.2341
23.9795
24.3578
23.8692
24.1425
24.0568
24.4845
24.7841
24.4826
24.2341
24.6203
24.8264
24.6011
24.8429
25.2101
24.6428
24.7829
25.1614
24.7205
24.9613
25.0497
25.2785
24.5857
24.5962
24.9303
25.5611
24.656
24.761
24.9569
24.5305
24.776
24.3237
23.9765
23.9141
24.2977
24.212
24.4122
24.0692
24.5139
24.4675
24.3274
24.6553
24.9225
24.2459
24.7424
24.9269
24.4631
24.5788
24.9361
25.1109
25.159
24.6311
24.8514
25.0726
25.117
25.037
25.3036
25.4018
24.8913
25.0939
25.4957
25.0719
24.7061
25.0377
24.9532
24.7792
25.0161
24.3409
24.7063
24.2406
24.3891
24.6448
24.3499
24.8237
24.7325
25.334
25.3389
25.6795
25.6054
25.3521
26.4264
26.2587
26.3707
26.4674
26.8717
26.3437
26.571
26.4664
26.2628
26.4597
26.5793
26.246
26.3384
26.2198
26.4465
26.2495
25.7665
25.9033
25.6714
25.4507
25.0501
25.3975
25.2444
25.509
25.7424
25.6546
25.4503
25.2019
24.9045
25.2773
25.6888
25.4227
25.0918
25.6451
25.1758
25.233
25.6206
25.3171
25.5816
25.3205
25.4971
25.8559
26.1494
25.4085
25.6104
25.3998
25.3123
25.7271
25.5232
25.7936
25.9139
25.5687
25.4643
25.3278
25.2744
25.5525
25.5356
25.3373
25.3822
25.6289
25.3179
25.3645
25.1687
25.4087
25.5158
24.998
25.1236
25.1956
25.4979
24.8484
25.3099
25.0447
25.3197
24.8502
25.0394
25.0036
25.3745
25.1571
24.7838
25.1276
25.2523
25.1854
25.7143
25.4019
25.4862
25.6941
25.3357
25.6025
25.186
25.6158
25.5263
24.9052
24.8871
24.6727
24.6567
24.4666
25.0972
24.6821
24.7397
24.6816
24.5285
24.4748
24.7963
24.821
24.4334
24.5308
25.2652
25.0194
24.7606
25.2008
24.849
25.0516
25.0234
25.6752
25.1908
25.2499
25.0339
24.5901
24.6819
24.8618
24.7614
24.4643
24.6632
24.1444
24.0212
23.5993
23.8486
24.2114
24.0651
24.5679
24.272
24.3774
24.7272
24.8032
25.0253
24.7152
24.7966
25.1866
25.0659
25.1698
25.1974
25.284
24.7576
25.1832
24.6625
24.6746
24.7902
24.9318
24.5455
24.0974
23.7546
24.2442
24.317
24.2127
24.9103
24.3488
24.6327
24.5782
24.8146
24.9056
24.9728
24.5557
24.5375
24.7216
25.1082
25.0046
24.7756
24.4779
24.6893
24.5381
24.6723
24.8744
24.4191
24.5243
24.2988
24.4705
24.04
23.6686
23.4048
23.7256
23.8429
24.0504
23.6727
23.8247
23.922
23.9245
24.4893
24.3345
25.034
24.6866
24.3261
24.5878
24.6395
24.2977
24.7239
24.5893
24.1486
24.3455
24.1072
23.8907
23.9398
24.0384
23.9001
23.7124
24.1266
23.5085
23.6296
23.6596
23.7393
23.7544
23.6126
23.7139
24.5608
23.5808
24.3033
24.1373
24.254
24.9899
24.3676
24.6005
24.6139
24.4323
24.8
24.4242
24.6912
24.7994
25.1221
25.0015
24.9876
25.5223
24.9691
24.9922
25.0765
25.0285
25.1872
24.9459
25.1332
25.0037
25.2584
25.3505
25.342
24.892
24.594
25.0286
25.4798
24.9186
25.3702
25.1034
26.0217
25.0193
25.2357
25.1819
25.1608
24.8818
25.1751
25.3401
25.2818
25.563
25.4692
25.6644
25.7468
25.9751
25.6983
25.1532
25.7793
25.2572
25.407
25.4952
25.484
25.6322
25.5047
25.3098
25.2506
25.5303
25.5094
25.6122
25.1756
26.1678
25.5787
25.804
25.5393
25.9876
25.6173
25.9052
25.8901
25.5434
25.6134
25.599
25.7299
25.4795
25.4124
25.2595
24.8216
24.492
24.4886
24.2278
24.1174
23.9447
24.2743
24.4287
24.2317
23.7623
24.2985
24.1153
24.0369
23.8749
24.4029
23.8172
23.9721
23.9856
24.3664
23.9537
23.9779
23.8962
23.6817
24.0054
23.516
23.4088
23.5354
23.0088
22.6877
23.2127
22.7508
22.5772
22.7479
22.912
22.8572
22.9098
22.6921
23.1113
22.9175
23.1443
23.6558
23.2865
23.3056
23.2005
23.4128
22.8839
22.9881
23.038
23.1197
23.0146
22.7027
22.5082
22.5038
22.4785
22.3407
22.3107
21.6547
21.7284
21.7165
22.3477
21.8053
21.7159
21.8511
21.7233
22.0636
21.89
22.1694
22.3557
22.0514
22.1598
21.3906
21.3775
21.5976
22.4174
22.1123
21.7878
21.5796
21.5918
21.7803
21.2766
21.682
20.8644
21.0677
20.9413
20.8056
20.5908
20.6652
20.6977
20.3411
20.3694
20.1565
20.445
20.2983
20.1595
20.3276
20.3395
20.4022
20.1702
20.0652
20.5366
20.0919
20.1098
19.8677
19.8343
19.9113
20.0344
20.2973
19.8202
19.469
19.4977
19.6548
19.3016
19.1694
18.9939
19.1535
19.0141
19.4668
19.4229
19.2402
18.813
19.0612
19.6235
19.873
19.6357
19.7536
20.0471
19.6662
19.5028
19.7829
19.6438
20.0337
19.8117
19.7564
19.4019
19.5612
19.3278
19.0566
19.1326
18.826
18.829
18.7709
19.021
18.8587
18.4748
18.5159
18.0244
18.1127
17.9849
17.6041
17.6009
17.3985
16.8871
17.1735
17.1513
16.7247
16.7548
16.5462
16.0778
16.4756
15.7498
16.1002
15.5871
15.3197
15.0184
14.846
14.7242
14.4695
14.3685
13.6909
13.7827
13.2078
13.4026
12.7684
12.0069
11.8564
11.9092
11.4192
10.9429
10.5619
10.3685
10.6555
9.57014
9.42559
9.17758
9.05297
8.99971
8.72274
8.90508
8.31689
8.8232
7.84051
8.40574
8.0517
7.68533
7.32231
7.1693
7.15222
6.558
6.67717
6.3299
5.96789
6.31831
5.73208
5.71135
5.56454
5.37632
4.87561
4.67801
4.34702
4.19953
4.41579
3.59619
3.81178
3.13731
3.11373
2.8561
2.83707
2.91204
2.61318
2.5129
2.46625
2.15593
2.33657
1.86641
1.89799
1.7
1.41084
1.60524
1.7848
1.48158
1.43869
1.33817
1.31393
1.46566
0.864501
1.39143
0.925848
1.47128
0.786301
0.715647
0.931036
0.790671
0.549335
0.453314
0.297602
0.0131513
0.805111
0.359039
0.00589571
0.38541
0.249875
0.421479
0.319099
-0.0706981
0.26076
0.307849
0.0196088
0.14365
0.140871
-0.131343
-0.145807
-0.351937
-0.482179
0.146119
-0.439352
-0.11222
-0.205877
-0.12841
-0.165755
0.064979
-0.191304
0.4376
0.00919489
0.589515
0.236044
0.179878
0.0213636
0.0729012
0.400699
0.695478
0.212631
0.189964
0.146993
0.0561244
-0.00527502
0.364988
0.0715633
0.307233
0.550365
0.0115648
0.233323
-0.178171
0.0611847
0.0239829
-0.369244
-0.320727
0.224516
-0.127477
-0.360441
0.37717
0.0785472
0.386824
-0.310685
0.153728
0.372069
0.14614
0.0710426
-0.03581
0.0117376
-0.458945
0.0665907
-0.174612
0.195882
-0.132788
-0.318829
-0.265599
-0.281375
0.107012
0.0726681
-0.128191
0.155909
0.0588126
0.266332
0.430886
-0.00829015
0.305324
0.017505
0.110843
-0.163313
-0.113317
0.295083
0.238105
-0.00905269
-0.0420903
0.0882137
0.126728
-0.0704608
0.0821298
0.145785
0.0104896
-0.288796
-0.12169
-0.0115319
-0.304638
-0.019269
-0.00317644
-0.436296
-0.308133
0.238703
-0.147556
-0.00681057
-0.0180592
-0.716939
-0.235346
-0.304562
-0.0673275
-0.2115
0.260958
-0.171657
-0.389737
0.0410093
-0.321453
0.204422
-0.00524915
0.1374
0.0811843
0.318726
0.203071
0.440328
0.0835308
0.138714
0.0898008
0.188402
-0.135129
0.403569
-0.144824
-0.11985
0.615261
0.183411
-0.150624
0.238955
0.123904
-0.000747722
0.350257
-0.138259
0.357273
-0.186994
0.0893764
0.0247922
-0.0445762
-0.110491
-0.113001
-0.171606
0.227678
0.301251
-0.0342008
-0.25183
-0.0143786
-0.16399
0.00511058
0.106916
0.0405434
-0.314231
0.0401769
0.163699
0.173778
-0.3477
0.391953
-0.0630508
-0.017192
-0.0167909
0.267442
-0.251873
0.0615963
0.307
0.120569
0.0291037
-0.0409966
0.132894
-0.366927
-0.444409
-0.0652876
-0.0288142
-0.50671
-0.518502
-0.418957
-0.0821899
0.0570229
-0.103428
-0.0656952
0.18078
0.455496
0.472336
0.433874
0.16877
0.205863
0.290116
-0.0781917
-0.109848
0.401535
0.0360262
0.188655
0.186399
0.254383
0.740737
0.522539
0.307422
0.292329
-0.34427
0.0571291
0.499323
0.351663
-0.0162657
0.175188
0.323591
0.4168
-0.11319
0.267294
0.187444
0.230566
-0.0225656
0.0221281
0.0508472
0.0851215
0.0930082
0.539705
0.363333
0.00539169
0.196883
0.476688
-0.10571
0.224865
-0.0521579
0.100121
0.258652
0.131207
0.469134
0.443487
0.663119
0.0453315
0.295415
0.131619
0.332945
-0.0212863
0.176401
0.705942
0.255534
0.676161
-0.192824
0.0693013
0.0654248
-0.170581
-0.445593
0.0372303
-0.0696122
0.5075
0.372195
0.305529
0.0493822
0.72255
0.599337
-0.0899665
0.51621
0.311925
0.192347
-0.21127
0.59627
0.145453
-0.00760887
0.896519
-0.0710553
0.13846
0.311589
0.296798
0.378057
0.240531
-0.646184
-0.0269765
0.0122853
-0.213027
0.548203
-0.280816
-0.330582
-0.0476363
0.362443
0.715814
0.126359
0.931494
-0.565022
1.65972
0.449269
-0.29092
0.409364
-0.563984
0.884385
0.321689
-0.555695
0.498527
-0.133167
0.502588
0.168758
-0.580156
0.828655
-0.287315
1.04127
-0.391791
0.31071
0.0919618
0.308654
0.437331
0.841299
0.683432
0.494811
0.764476
-0.24461
0.357733
0.388492
0.740985
-0.183668
-0.451736
0.513946
-0.445458
1.18811
0.598464
-0.251917
-0.0833974
0.177197
0.444983
0.169329
0.53228
0.625044
-0.104068
0.557975
0.467902
-0.238662
0.419938
0.381973
0.0632553
0.579414
0.119361
1.01194
0.0547372
-0.162056
0.0468283
0.813887
0.444445
-0.0928187
0.460004
1.2065
0.333228
0.167982
0.18865
0.0176588
0.197937
0.356123
0.226203
0.258787
0.0685644
0.170458
0.0987789
0.391654
0.416923
0.42406
0.120279
-0.217712
-0.020783
-0.476168
-0.122135
-0.125047
0.320496
0.148146
0.369996
0.208033
0.177352
0.308598
0.121258
0.78429
0.737963
0.261581
0.446897
0.506082
0.156904
0.531671
0.144726
-0.106895
0.624017
-0.437141
0.257957
-0.0698933
-0.0383818
-0.783531
0.817486
-0.296384
0.202322
0.0725855
-0.166783
0.500918
0.0802615
-0.0157218
-0.363809
0.397921
0.0820079
0.289003
0.129797
0.577359
-0.164203
-0.0214415
-0.177683
0.551799
-0.22337
-0.241406
-0.0464291
0.426957
-0.0428086
-0.0225343
-0.21646
-0.213621
-0.219119
-0.352857
-0.386192
0.130845
-0.394198
0.111333
0.167925
0.0606131
-0.0687344
0.283949
-0.118985
0.394749
0.125068
0.284334
0.456216
-0.160158
0.246391
-0.110929
0.175764
-0.0579399
-0.0208439
0.0925331
0.332497
-0.364422
-0.299584
0.259636
-0.0964307
0.280539
0.112924
0.214294
0.190298
-0.14118
0.174718
0.111511
0.316908
-0.35131
0.42633
0.00239296
-0.136022
0.172726
0.320526
0.099009
0.360506
0.254506
0.214975
0.0289167
0.197666
-0.0379624
-0.200333
-0.0500416
0.117
0.568263
-0.0227945
0.0978611
0.288248
0.0870634
0.179998
0.104329
0.321128
-0.148437
0.23867
0.519878
0.461243
0.256771
0.322854
0.170445
0.360382
0.503206
0.116554
0.146449
0.286939
0.237765
0.493438
0.123962
0.166373
-0.255996
0.248405
-0.244873
-0.343108
0.267373
-0.37859
0.227835
-0.289219
0.159974
0.0170119
0.102011
-0.23351
0.123267
-0.0804598
0.370021
-0.111287
0.071849
0.160002
0.0941424
-0.320346
0.219968
0.358023
0.0929187
0.0491397
0.0778407
0.320156
0.193946
-0.0137089
-0.0330759
-0.0572379
-0.193592
0.10867
0.0654267
0.223714
0.665711
0.101103
0.207093
0.219408
-0.0825379
0.381897
-0.130555
0.35322
0.106949
0.179673
0.494863
0.0543239
-0.0673173
0.0870129
0.33316
0.463692
0.162142
0.127388
0.218254
0.0238658
-0.0344137
-0.142169
0.104761
0.589511
-0.0665242
0.215778
0.487255
-0.339777
0.098587
-0.0235703
-0.177013
0.243219
0.254499
0.141251
-0.284451
0.116334
0.429241
-0.100922
-0.0409629
0.0146513
0.189807
-0.167095
0.0176956
-0.00384489
-0.440912
0.0376196
0.276365
-0.306702
-0.0339392
0.206184
-0.0934481
-0.23152
0.208169
0.000321242
-0.0675622
-0.164496
0.13586
-0.152115
-0.141089
0.350868
-0.108025
-0.0404989
0.0629352
0.0522228
0.0489936
0.109516
0.0855004
-0.116336
0.14756
-0.0317326
0.134306
-0.17166
0.0563107
0.471898
0.0717114
-0.0189198
0.208725
-0.302278
-0.019503
0.00423464
0.41271
0.262931
0.221165
0.00462746
0.0529302
0.178555
0.338983
0.203695
0.29932
0.147558
0.143096
0.19276
-0.128109
0.19652
0.040069
0.00297834
0.0195652
0.530057
0.203956
-0.237059
0.326315
0.331554
-0.0100753
0.47497
-0.10241
0.288899
0.0419816
0.0847472
0.0264226
0.0133576
0.0661303
0.277645
0.0583124
0.161357
0.390407
-0.111495
0.315165
0.255384
0.408308
0.771858
-0.25874
0.132177
-0.0886674
0.230581
0.112113
0.378447
0.194114
0.126304
0.0556367
0.259325
0.259774
0.200241
0.241803
0.159643
0.1332
-0.273918
0.0500524
0.0864005
-0.1819
-0.424729
0.254808
-0.000923856
0.0639784
-0.0293354
0.461163
0.208263
-0.103959
0.0641526
-0.462887
0.0759203
-0.00058354
0.298504
0.251359
-0.239597
-0.119445
0.228772
0.1127
0.279836
0.107191
0.0753816
0.282572
0.217251
0.201007
0.681371
0.17712
-0.0720971
-0.0983615
0.23325
-0.401601
-0.302023
0.131094
-0.153382
0.206481
0.242196
0.142052
0.219724
0.283546
-0.0409517
0.183819
0.0545649
0.0666835
-0.014835
-0.00231113
0.333472
0.228284
0.352549
0.429446
0.227564
0.0132394
0.181513
0.0622369
0.0337417
-0.172546
0.0205054
0.105235
0.00572432
-0.189379
0.417991
0.268802
-0.0118647
0.118964
0.297777
-0.157798
0.237505
0.150138
0.142379
-0.0328417
-0.203861
0.0636073
0.231443
0.12751
0.199571
-0.106683
0.143117
0.383194
0.0948985
0.0025729
-0.0965335
-0.0835399
0.433422
0.245895
0.32334
0.122201
-0.0703099
0.289957
0.352337
0.0464909
0.192186
0.111871
0.423122
0.143718
0.0682974
0.301872
0.269162
-0.160092
-0.139916
0.323667
0.302576
0.338744
0.3224
0.292074
-0.242279
-0.107769
0.106468
0.309324
0.110671
-0.0129364
-0.0691813
-0.230867
0.1214
0.0657731
-0.0599957
-0.144738
-0.143831
-0.0125247
0.0720787
-0.0657054
0.392914
-0.0605491
0.0241131
0.224962
-0.00205123
-0.150809
-0.251113
0.380649
-0.0939051
0.163131
0.0399888
-0.139003
-0.0126572
-0.195766
0.0419134
-0.0782973
-0.139391
-0.0437155
-0.0501145
0.258259
0.0490334
0.0235117
-0.458012
0.1258
0.354571
-0.132511
-0.150444
-0.0732241
0.180171
0.0894721
0.165068
0.015934
0.020763
-0.0641139
0.22465
-0.0184618
-0.23843
-0.0251299
0.282194
0.200163
0.182065
0.271162
0.0929128
0.662957
0.0528381
0.319741
0.385255
-0.0529155
0.216977
0.487203
0.313067
-0.0687508
-0.00331885
-0.241858
0.272409
0.0571932
0.109067
0.119019
0.159653
0.0361886
-0.0720184
0.0832311
-0.120815
-0.206405
-0.227186
-0.0442042
0.052485
0.473206
0.290869
0.564063
0.0309173
-0.190072
-0.286827
0.552432
0.279725
-0.163389
0.511325
0.545985
0.529415
0.37037
-0.21867
0.429857
-0.209878
0.467999
0.0701889
-0.0645816
-0.196753
-0.0529972
-0.159665
0.411822
-0.25443
0.152533
-0.280994
-0.168844
0.200164
0.447107
0.14084
0.0834525
0.350968
0.533329
0.0317768
0.668195
-0.054293
-0.178384
0.20162
0.745139
0.37443
0.0540893
0.0614447
-0.0521271
0.9305
0.267213
0.0781632
0.385936
0.446544
0.425837
0.523317
0.213394
0.312369
0.508555
0.356764
0.570106
0.342914
0.105496
0.391466
0.00284093
0.0607489
-0.012978
0.0964154
-0.00769704
0.507649
-0.144569
-0.0855034
0.274096
-0.0107937
0.233249
0.153683
-0.6199
0.0241755
0.186025
0.327861
-0.277878
0.342545
-0.119622
0.59195
0.0883026
0.278027
-0.0723374
0.14165
-0.741617
-0.268146
0.22838
0.0653635
-0.223351
-0.311934
-0.446147
-0.106818
0.0796811
-0.168927
-0.157671
-0.0997421
-0.195
-0.166589
-0.247617
-0.154973
0.071096
-0.17227
0.102959
-0.0784122
-0.2709
-0.140181
0.0816795
0.649896
0.135928
-0.145151
0.0461615
0.0898776
0.430947
0.732118
0.972469
1.06867
0.761881
0.888924
1.13579
1.23186
1.19171
0.996541
0.952972
1.31539
1.28409
0.883089
1.23051
1.92175
1.18684
1.97486
1.92649
1.96807
2.26528
2.19924
2.42687
1.80533
1.80927
1.9574
2.62839
2.70813
2.64009
2.33704
2.59152
3.07929
3.33215
3.39191
3.52276
3.56811
4.09896
4.02865
4.18957
4.42954
4.52698
5.03182
4.96213
5.27692
5.09897
5.09044
5.13921
5.08691
5.59085
5.33177
5.9489
5.55927
5.64334
5.67975
5.81702
6.12206
6.44245
5.98964
6.51716
6.3946
6.63452
6.66277
6.71938
7.00563
7.16741
7.46764
8.16769
7.86322
8.65016
8.84399
8.66976
9.09337
9.46915
9.39974
9.55366
9.67475
10.1918
10.6962
10.6824
10.7828
11.377
11.6457
11.6807
11.7313
12.3665
12.0823
12.4232
12.8608
13.0598
13.0821
12.8569
13.3077
13.3308
13.0077
13.5376
13.7522
13.5444
14.0762
13.9082
13.9649
14.5402
14.5457
14.7516
14.4819
14.7028
14.8826
15.0032
15.0466
15.3507
15.3774
15.6349
15.7741
15.8279
15.9037
16.0504
16.1217
15.7955
16.3577
16.0267
16.0695
16.0665
15.992
16.1083
16.2115
16.3988
16.0715
16.4386
16.2223
16.0962
16.1718
16.1436
15.9511
16.4053
16.7487
16.7366
16.3305
16.3205
16.4975
16.3091
16.5958
16.1853
16.0127
16.2805
16.118
16.3745
16.4374
16.5182
16.2644
15.9742
15.9751
15.9898
16.1546
16.1147
15.8694
16.0455
16.1777
15.8659
15.9451
16.01
16.1425
16.3415
15.9045
15.5465
16.2764
16.1516
15.9442
16.129
16.1491
15.6533
16.0735
16.0135
15.5894
16.0311
15.6519
15.4107
15.5922
15.4579
15.4676
15.4083
15.3829
15.4297
14.9546
15.179
15.3909
15.2093
15.4198
15.3534
15.5855
15.5423
15.9522
15.5242
15.7165
15.3938
15.6475
15.5084
15.1986
15.2668
15.6471
15.1298
15.9113
15.6186
15.4204
15.6006
15.4519
15.5908
15.4743
15.9044
15.8278
15.7561
16.0496
16.1947
16.3089
16.7715
16.8176
16.8628
16.777
17.1418
17.2776
17.4587
17.6786
17.2235
17.6306
17.5891
17.4856
17.9215
17.8615
17.866
17.8582
17.4271
17.5081
17.7799
17.4967
17.5487
17.677
17.7914
17.6064
17.713
17.6902
17.6536
17.8286
17.8888
18.0869
18.3678
18.4533
18.4239
18.7859
18.2882
18.8187
19.0392
19.1406
19.2703
19.3891
19.433
19.5278
19.2309
19.1565
19.0346
19.4209
19.285
19.2214
19.5814
19.5626
19.5982
19.7255
19.8944
20.0825
19.9484
19.8046
20.0079
19.9165
20.0615
20.0357
20.5507
20.1713
20.0965
20.9192
21.1521
21.3439
21.5553
21.8968
22.1577
21.8745
22.3139
22.0403
22.4486
22.7588
22.7108
22.2448
22.368
22.6889
22.2453
22.5672
22.4404
22.7514
22.0732
22.0683
22.0271
21.9707
22.5834
22.023
21.9994
22.4086
21.6871
21.8697
21.7905
21.2433
21.203
21.3609
21.8333
21.351
21.4094
21.2488
21.7408
21.1283
21.1803
21.5365
21.8839
21.7474
21.7888
21.5958
21.9532
21.8634
21.7877
21.8133
21.5478
21.7672
22.1671
21.9694
21.4935
21.9007
21.7743
21.8832
21.4857
21.4791
21.868
21.7656
21.7225
21.4997
21.1333
21.9885
21.4261
21.669
21.4127
21.1854
20.9254
20.9485
21.1792
20.9055
20.8353
21.0398
20.5334
20.9879
21.0599
21.0274
20.7243
20.9691
21.2501
21.1057
21.365
21.3492
21.3764
21.575
21.2672
21.1223
21.455
21.4996
21.6443
21.4136
21.3047
21.3052
21.4101
21.5437
21.3349
21.1524
21.0903
20.3879
20.5963
20.9683
20.5587
21.0627
20.9507
20.8232
20.8386
20.7993
20.8863
20.9464
21.3682
21.2695
21.3825
21.2354
21.365
21.4966
21.4313
21.856
21.7651
22.0132
21.5932
22.3081
22.1642
22.1234
22.1691
22.2591
22.2794
21.8688
21.9408
22.1972
22.0105
22.1
21.7804
21.8138
21.7972
21.9656
21.6685
21.8035
21.8165
21.7427
21.9629
21.9415
21.7846
21.8243
22.1304
22.153
22.1472
22.4346
21.8162
22.1261
22.3529
22.2166
22.1902
22.0504
22.135
22.1372
22.3858
22.5462
22.9029
22.527
22.2186
22.6782
22.5828
22.7603
22.6641
22.5241
22.5003
22.8004
22.7693
22.7403
22.7449
23.0731
22.7047
22.3278
22.1361
22.6533
22.4803
22.4105
22.5799
22.7404
22.92
22.8106
23.0217
22.9996
23.2843
23.1361
23.1969
23.09
23.4733
23.0118
23.2429
23.1896
23.0922
23.2706
23.2888
23.0333
23.0947
22.7287
22.7836
22.8593
22.9848
23.4759
22.9629
22.97
23.1473
23.1792
23.5212
23.7111
23.5134
23.8107
23.6604
23.883
24.2751
23.7785
23.7297
23.4223
23.884
23.5447
23.4213
23.5828
23.706
23.5101
23.6267
24.0331
23.3884
23.6878
23.2281
23.3917
23.6422
23.5229
23.3081
22.9268
22.739
23.0234
22.7398
22.8502
22.9542
23.0253
23.2743
23.1282
23.1114
23.5588
24.102
23.666
23.9665
23.7884
24.0645
24.3064
24.3835
24.3741
23.9743
23.8473
23.8584
23.6773
23.6353
24.0334
23.9676
23.7221
24.0367
23.7164
24.1
23.98
24.2199
24.3757
24.0264
24.3972
24.6238
24.9626
25.4554
24.7583
24.7467
24.8101
24.8847
25.1055
25.0248
25.471
25.4006
25.2087
25.2016
24.8192
24.7929
25.245
24.8521
25.0694
24.8486
24.8485
24.9684
25.3024
24.8384
25.0953
25.02
25.412
24.8802
25.2162
25.2114
25.8068
25.958
25.6883
25.5587
25.9055
25.9616
25.8416
25.7922
26.4665
25.9631
26.5723
26.0477
26.5407
26.5387
26.5001
26.3603
26.1747
26.1909
25.5686
25.6487
25.6261
25.5158
25.7017
25.6516
25.7756
26.0193
25.6004
25.3954
26.38
25.8224
25.9362
26.7412
26.2792
26.7505
26.8324
26.4238
26.7224
26.8654
27.5458
27.2174
27.4417
27.3969
27.0184
27.1862
27.1134
27.2232
26.935
26.2933
26.633
26.2953
26.3116
26.0767
26.8411
26.2444
26.3339
26.7861
26.4577
26.3947
26.6308
26.255
26.3878
26.188
26.0844
25.964
26.1756
26.1626
26.275
26.1626
26.0519
26.5036
26.4425
26.3887
26.3637
26.7206
26.1216
26.0472
25.8679
26.0134
25.8291
26.024
25.7211
25.8056
25.3224
25.6231
25.46
25.9303
25.6088
25.4548
25.7877
25.4031
25.7425
26.0364
25.9083
26.4992
26.3333
26.1255
26.3605
26.2224
26.0851
26.5341
25.8197
25.6878
25.5282
25.5525
25.1562
25.0427
24.7828
24.9514
24.2045
24.3471
23.8338
23.8125
23.7301
23.7075
23.4921
23.2063
22.8206
23.0565
23.2134
23.3678
23.4294
23.3599
23.2856
23.0844
23.1457
23.3835
23.4702
23.4863
22.7126
22.9076
22.7154
22.0621
21.8737
22.2212
21.7473
21.1713
21.3759
21.2029
21.6039
21.4994
21.2367
21.0391
21.4941
20.7202
21.3704
21.2849
21.8748
21.469
21.752
21.9142
22.4163
22.123
22.0195
21.5892
21.5507
22.0473
21.6399
21.5561
21.8112
21.5756
21.3515
21.0103
20.2325
20.3724
20.1245
19.7762
19.1198
19.0062
18.5904
18.8622
17.9438
18.1493
17.2837
17.3195
17.0485
16.8618
16.5695
16.6423
16.3166
16.0922
16.1141
16.296
15.5759
15.7887
15.6066
15.4404
15.1555
14.9563
14.9716
14.828
14.2645
14.7933
14.8427
14.582
14.3684
13.924
12.9961
13.4354
13.3331
13.0879
13.0166
12.6896
12.6899
12.466
12.7394
12.6557
11.9714
11.8431
11.6532
11.0653
11.7804
11.2933
10.9851
11.1429
11.0882
11.4293
11.0594
10.6122
10.5198
9.96694
10.4648
10.0908
9.62213
9.1852
9.33338
9.35807
9.24884
9.4893
9.48523
9.16528
8.55783
8.33995
8.32217
7.93096
7.92385
7.34142
7.3546
7.30886
7.39562
7.3288
7.25332
7.40183
7.34925
6.9918
6.4742
6.65947
6.1477
6.59042
5.82136
6.00591
5.74357
5.88557
5.63334
5.74156
5.45866
5.19459
4.91519
5.12942
4.87045
4.3699
4.42018
4.43923
3.99883
3.86828
3.64036
3.96289
3.38366
3.28553
2.96956
2.94279
2.91724
2.16953
2.41217
2.19661
1.69503
2.07153
2.03347
1.93639
2.32628
1.85471
1.55145
1.24119
1.09191
0.836853
1.05476
0.0930891
0.584554
-0.162843
-0.288014
-0.0872682
-0.161576
-0.488188
0.00643461
-0.113619
-0.218577
-0.00187171
0.461358
-0.440114
-0.274535
-0.481286
-0.0366187
0.421315
-0.302731
0.197665
0.13752
0.188161
-0.0140613
-0.527017
-0.390169
-0.192194
-0.270685
-0.338701
-0.148575
-0.208013
-0.335078
-0.0597255
0.188328
-0.0941372
0.207423
0.597288
0.114077
-0.13034
-0.0522802
0.0840583
-0.21355
0.488062
0.214908
0.635915
0.114449
0.525641
0.142533
0.0848351
0.133873
0.0978023
0.0513516
0.177161
0.140263
0.138281
0.110258
0.240318
0.0766362
-0.164785
-0.351391
0.130373
0.11289
-0.0601933
-0.0145082
0.106473
0.153353
-0.23173
-0.213478
0.158774
-0.0342213
-0.352945
-0.534278
-0.0969668
-0.0896231
-0.0931722
-0.351132
0.00109361
0.108489
0.341529
-0.229482
-0.0502212
-0.0785989
0.122172
-0.49828
-0.170678
-0.0249407
0.00966715
0.133395
0.31778
0.0266939
-0.485588
-0.293228
-0.352494
-0.170768
-0.0482426
-0.225425
-0.183432
0.328906
-0.29333
-0.122799
-0.183261
-0.0143668
0.00157345
-0.136699
-0.139922
-0.115931
0.0936147
0.148459
-0.168623
-0.00963086
-0.345238
0.0514542
-0.310148
0.011111
-0.3524
-0.381665
-0.459728
0.0981005
0.0283612
-0.0997723
-0.516358
0.154024
-0.454338
-0.625211
-0.393688
-0.471415
-0.423043
-0.124077
-0.382761
-0.139784
-0.455562
-0.365912
-0.319289
0.13677
-0.226845
0.310596
0.23017
-0.0448472
0.250241
0.101252
0.36935
0.176615
0.201758
-0.399377
0.159516
-0.533502
-0.133063
0.379273
-0.531493
-0.721703
0.00322203
-0.209824
-0.31506
-0.0943346
-0.6655
-0.0847753
-0.439725
-0.322633
-0.215028
0.105918
-0.233829
0.11881
-0.203
-0.0611655
-0.0398633
-0.181488
0.151004
-0.74045
-0.418945
0.0856222
-0.198669
0.0301898
-0.408503
0.260414
-0.0429829
0.291167
0.0451765
-0.38974
-0.426494
0.121069
0.541044
-0.415355
0.224596
0.1591
0.0628794
0.267384
-0.0746029
0.467615
0.345286
0.0331244
0.156739
0.0464714
0.255532
0.812284
0.449564
0.328089
0.251172
0.44964
0.222683
-0.00362952
0.145476
-0.0503787
0.204046
0.145029
-0.469294
0.068887
0.229763
-0.0110425
-0.0299349
0.252682
0.346233
0.147759
-0.15996
0.145172
0.180649
0.143891
0.0222325
0.445897
0.38373
-0.0525222
0.213128
0.47383
0.295588
0.226113
0.122293
0.0847204
0.477877
0.324366
0.564743
0.561562
0.326408
0.0374379
0.376546
-0.106246
0.206262
0.28879
0.312517
0.500414
-0.116361
-0.316059
0.0218689
-0.077855
0.00232132
0.00939917
0.301314
0.346015
-0.111082
-0.0861774
0.127467
-0.326736
-0.364569
0.219982
0.418174
-0.0134955
0.320666
0.637033
-0.0707828
-0.21289
0.223729
0.0054169
0.25305
-0.0818781
0.251588
0.242285
0.422986
-0.213642
0.536466
-0.103392
0.253019
0.100456
0.260499
-0.0677653
0.234269
0.355435
0.387345
0.264198
0.218656
0.265022
-0.181947
-0.307572
0.248521
0.398343
0.0967388
0.189522
0.500328
0.171623
0.125722
0.245634
0.429044
0.246722
0.118481
-0.0427049
-0.058805
0.00317656
0.489432
-0.0962882
0.219211
-0.260694
0.0489702
0.1481
0.215061
0.165394
0.0806679
0.219668
0.019197
-0.100118
0.30244
0.25673
0.537037
0.106414
0.393886
0.258965
0.500399
0.0382166
0.101498
0.312882
0.183452
0.487114
0.389759
0.692011
-0.331383
0.514832
-0.00320757
0.459281
0.197595
-0.0266145
0.173577
-0.0853946
0.372212
-0.311851
0.351449
0.297767
-0.0803796
0.0378506
0.580041
0.224413
0.536099
0.253155
-0.0233517
0.823578
0.382962
0.156132
0.060236
0.148784
0.113671
0.0466386
0.263596
-0.0867739
0.140079
0.104831
0.16875
-0.29448
0.0809167
-0.0255302
0.128883
0.811614
0.189363
-0.210711
0.262195
0.2234
0.501081
0.233786
0.378976
0.167118
0.721537
0.263669
0.265032
0.825641
0.285666
-0.07606
0.591549
0.660156
0.0949057
0.593055
0.364415
0.306587
0.281191
0.0952048
0.395799
0.0132436
0.211436
0.173409
0.20855
0.219227
0.169612
0.253538
0.408178
0.198111
0.331603
0.0851388
-0.150853
0.0690921
0.24192
0.336069
0.19368
0.346445
0.166448
0.499876
0.196379
-8.41557e-05
0.261947
-0.187498
0.481857
0.677131
0.348605
0.245581
-0.12182
0.041387
-0.00532096
-0.179628
0.0935959
0.215067
-0.274712
-0.252935
-0.237398
-0.237532
-0.259794
-0.349225
0.12207
-0.162916
0.0295236
-0.0231727
-0.120953
-0.318421
-0.101477
0.0689883
0.0769283
0.110112
0.260045
0.139582
-0.240788
0.0234636
-0.0917512
0.126953
0.026465
0.0340104
0.00246923
0.211539
0.334129
-0.0203771
0.43361
0.349877
0.152227
0.0647722
-0.0917687
0.418476
-0.112227
0.0914879
0.0379299
0.170731
0.371294
-0.14796
0.0368283
-0.0985798
-0.482962
-0.183668
-0.0211102
-0.253878
0.268309
-0.375635
0.0100643
0.120547
0.169713
0.18771
0.374897
0.273164
0.367197
-0.237435
-0.371753
0.320844
0.356917
-0.230755
0.128379
0.0739862
0.330204
0.124652
0.014616
0.0949894
-0.0177724
-0.29579
0.0980561
0.0700931
0.122089
0.479057
0.145507
-0.420905
-0.0680857
0.114983
-0.219491
0.197036
0.500578
-0.274144
0.28108
0.295093
0.0368057
0.17788
-0.0997407
0.453681
0.168607
-0.0522927
-0.356911
0.226331
-0.132545
0.186145
-0.0121809
0.0793546
-0.147477
-0.178678
0.0521029
-0.450127
-0.00748613
-0.0351334
0.099524
0.0267076
-0.102289
0.288259
-0.110611
0.15245
0.177223
-0.0924216
-0.573195
-0.0780719
-0.330048
0.287007
-0.205769
0.0956103
0.241823
0.124515
-0.186902
0.173338
-0.0703688
-0.122002
0.301784
-0.138569
0.0670414
0.0576334
-0.221857
-0.041986
0.162285
0.204039
-0.147538
0.0290978
0.146962
-0.13895
0.163784
-0.0707066
0.0912048
-0.0453743
0.0174784
0.110215
0.151121
-0.0931844
0.140924
-0.236213
-0.0783336
-0.147885
-0.234054
0.175627
-0.0416575
0.216727
0.057838
-0.369373
0.11212
-0.0146462
-0.0648513
-0.279678
0.0157239
-0.0444857
-0.437333
-0.182572
-0.138636
-0.136216
-0.128277
0.202838
-0.0104458
-0.295248
-0.0898805
-0.295779
0.291781
-0.0440085
0.257273
0.231102
0.055771
0.144671
-0.0103767
-0.24081
0.308619
-0.25694
-0.070689
-0.185251
-0.123855
-0.366048
-0.0928586
-0.112989
0.359137
-0.0103548
0.183289
0.198163
-0.0600157
0.128718
-0.39075
-0.0254006
-0.0756889
-0.0372866
0.373052
0.313485
0.127892
0.0481299
0.369483
0.413356
0.230825
0.146003
0.243871
0.223988
0.208478
0.210584
0.0267985
0.320189
0.0246571
0.112669
-0.112602
-0.0307292
-0.0780177
0.36738
-0.30758
-0.0713385
0.162413
-0.0234717
0.222737
-0.125457
0.333946
0.269852
0.250758
0.0209156
-0.139388
0.506784
0.497136
0.432822
0.261555
0.130668
0.179337
-0.0577007
0.265583
0.100684
-0.0357141
-0.122516
-0.0369309
-0.0407524
0.471687
-0.00998493
0.0344706
0.219196
0.449903
0.00721308
0.100379
0.29133
-0.114229
0.0622419
0.116699
0.126643
0.232474
-0.0146819
0.19067
0.0860663
-0.0869759
0.091855
-0.019356
0.482581
0.49394
-0.0482872
-0.233653
-0.057989
0.0296118
0.45494
0.420128
0.20815
0.0703583
0.0618746
-0.0393085
0.153711
0.193849
-0.182793
-0.214148
-0.276183
0.164334
0.468813
0.181132
0.194523
0.0763246
0.0261379
0.0737081
0.206484
0.394555
0.0812863
0.375772
-0.223051
0.191627
-0.513225
0.0176254
0.417712
0.310764
0.354986
0.294231
-0.0606426
0.111451
-0.264742
-0.113414
0.137879
0.128513
0.35264
-0.194917
0.198422
0.0584025
0.0396394
0.0353334
0.0201667
-0.0787619
0.242586
-0.0664567
0.411928
0.102183
0.195016
0.164159
0.00466734
-0.12488
0.329471
0.00850011
0.190007
0.686242
0.203779
-0.0547519
0.0855624
-0.303164
0.0822716
0.166911
-0.24398
0.168556
-0.240989
0.153291
-0.00827988
0.154964
0.316892
0.227305
-0.167737
-0.0405643
0.0378317
-0.160384
-0.179949
-0.346741
0.0504025
-0.0470712
0.468102
-0.0763733
-0.206689
0.123183
0.401175
0.25236
0.094267
0.279805
-0.0116288
0.204149
0.198853
-0.0311074
-0.17346
0.28028
-0.368172
0.168095
0.355027
0.11302
0.369941
0.199512
-0.202528
0.192202
-0.0621746
0.0894397
-0.0693919
0.388676
0.0271337
0.533881
0.0499473
0.110079
-0.465965
-0.208843
0.0349693
0.0799783
-0.116322
0.0742523
0.216261
0.0395803
-0.026973
0.149285
-0.0384757
0.000145505
-0.0861145
0.256173
0.283149
0.420291
0.0133648
0.506283
-0.0354038
0.306648
0.3057
0.198883
-0.0849428
0.172064
0.171227
0.243905
0.0460462
-0.139834
0.084569
-0.076008
0.294049
0.000987732
0.0778396
-0.103359
0.020346
-0.348245
-0.132685
0.206216
0.269743
-0.148941
0.112067
-0.0988709
-0.0212741
0.323591
0.159593
-0.147073
-0.230965
-0.104249
0.221812
-0.236504
-0.0336053
-0.120199
0.0577086
0.277173
-0.190117
0.100625
0.00207478
0.148905
-0.108302
-0.358522
-0.0218462
0.52995
0.281132
0.470921
0.251948
0.274466
-0.206374
0.21247
-0.0202614
0.427548
0.0736298
0.0487861
-0.0723194
-0.564642
0.179816
-0.011111
0.0353886
0.130657
-0.0345719
0.372328
0.281695
0.192927
-0.304958
-0.363879
-0.0951487
0.449777
-0.150684
0.133726
0.13863
-0.29578
0.126934
0.0533669
-0.00172976
0.0375189
0.00384949
-0.0981033
0.323161
-0.102518
-0.505521
-0.106697
0.0227474
-0.15468
-0.000261142
0.118752
0.194055
-0.270534
0.42067
0.160106
0.268785
-0.13284
0.00270474
-0.461204
0.0774768
0.272733
0.0773742
0.00282296
0.0458083
-0.0710363
0.0985547
-0.0807616
0.0722833
0.38003
-0.188632
0.0247155
-0.0939868
0.219448
0.0143659
-0.0367793
-0.0046983
-0.0205787
0.481441
0.129471
-0.0293416
0.0957339
0.340935
0.0672239
-0.0737641
0.153922
-0.0531009
-0.289523
0.319118
0.140496
0.055798
0.387842
0.0674063
-0.119081
0.00132027
0.0798529
0.221662
-0.141457
0.051391
-0.250896
-0.110809
0.156101
0.203266
0.369843
-0.143006
0.248701
0.0733241
0.285733
0.0787809
-0.202841
0.00596676
-0.0315917
0.219939
0.443455
0.0299241
0.398072
-0.0078131
0.304975
0.0748247
0.399359
0.371928
0.448127
-0.0374996
0.553425
0.0215117
0.0962206
0.0598723
-0.0378052
0.0914751
0.285828
-0.116394
0.382981
0.302968
-0.10486
0.166002
-0.0408322
-0.0144962
0.164172
-0.0421449
0.100471
-0.0301264
0.062008
0.105303
-0.215552
-0.147564
0.390794
0.217718
0.343681
0.0412113
0.105223
-0.0626612
-0.477621
0.0232112
-0.0149611
0.265355
-0.133686
0.123922
0.146533
0.0173179
0.146446
0.159721
0.238272
-0.430895
-0.171841
0.100531
-0.102348
0.238675
0.100515
0.078311
0.232571
-0.102216
0.254079
0.209
0.0431049
-0.365674
0.477405
-0.0265749
-0.185819
0.129849
0.366514
0.586992
0.177765
0.206022
0.0269335
-0.0143928
0.0744885
0.448584
0.621611
0.824724
0.617377
0.579796
0.501992
0.282026
0.606566
