0.165049
0.00954269
0.128307
0.0967982
0.406768
0.226436
0.27852
0.288911
-0.272501
0.685733
0.0122209
0.323037
-0.259581
0.0519359
0.293866
-0.0175802
-0.176091
0.283757
-0.23965
0.317186
0.20618
0.283906
0.134326
0.00323276
0.0328305
0.217024
0.146514
-0.171399
-0.0399169
0.115496
-0.165259
0.433041
0.556695
0.350522
0.0964255
0.145221
0.334924
0.0423383
0.475222
0.103291
-0.057745
0.501282
0.00781801
0.348182
-0.0698291
-0.0985857
-0.152919
-0.223441
0.562645
0.351689
0.134758
0.410872
0.109069
-0.00460829
0.114876
0.185382
0.151647
-0.0758414
0.00242543
-0.0928947
-0.0172544
0.260913
0.532784
0.464713
0.0364675
0.00273079
0.316331
0.226204
0.341208
0.248717
0.383978
0.652141
-0.106869
0.563586
0.224314
-0.0201691
0.267316
0.167297
0.0801899
0.492457
0.0452114
0.6409
0.311027
0.385105
0.3002
0.41769
0.0123397
0.354129
0.542529
0.493543
0.324663
-0.0592418
0.517587
0.583117
0.11844
0.429441
0.0537324
0.347765
0.416958
0.412431
0.408899
0.0177098
0.339682
-0.281893
0.269981
0.114723
0.393464
0.206611
0.484952
0.587974
0.318837
0.461865
0.314832
0.134177
0.43062
0.311778
4.12022e-05
0.30898
0.315276
0.0740319
0.387192
0.0940463
0.194872
0.340862
0.24195
0.272461
0.101934
0.167997
0.255639
0.334809
0.0895224
0.0723031
0.426281
0.241528
0.199995
0.596975
0.0307506
0.45929
0.616507
0.278318
0.176201
0.0101845
0.184153
0.32905
0.0988628
0.0512668
0.0299641
0.507797
0.0579695
0.170729
0.278875
0.328957
-0.152256
0.268287
0.0947556
0.242577
0.213356
-0.00485773
0.178664
-0.0889259
0.246657
0.0668398
0.0153304
0.196843
0.196843
0.196843
0.196843
0.196843
0.196843
0.196843
0.196843
0.196843
0.196843
0.196843
0.196843
0.196843
0.196843
0.196843
0.196843
0.196843
0.196843
0.196843
0.196843
0.196843
0.196843
0.196843
0.196843
0.196843
0.196843
-0.0502073
0.14919
0.291624
-0.0295085
0.247781
0.035277
-0.161872
-0.231251
0.0811815
0.463662
-0.225862
0.0868567
0.0282954
0.440237
0.254367
0.075177
0.488814
0.185861
0.265568
0.260151
0.0385676
0.524865
0.251864
-0.0178858
0.101075
0.306423
0.24308
0.0201802
0.0305308
0.00940874
0.181856
0.179095
0.189922
0.148476
0.112595
0.198813
-0.272682
-0.0522717
0.0264481
-0.00579615
0.590696
0.00328328
0.345778
0.258096
0.20217
0.236332
0.405357
0.383419
0.0178855
0.408734
-0.0271081
0.175523
0.265641
0.466117
-0.106212
0.0412487
0.240117
0.360667
0.307784
0.935473
0.217889
0.434259
-0.0446544
0.154964
0.265074
-0.0107882
0.359013
-0.0409866
0.320599
0.190533
0.0976494
-0.139466
0.592997
0.342057
0.00893868
0.228075
0.246933
0.1518
0.388211
0.0500408
-0.159666
0.0749287
0.441971
0.0690646
0.354116
0.395795
0.0341655
0.0650166
0.584761
0.430075
0.0231533
0.173664
-0.0647619
0.324464
0.0915923
0.398676
0.250288
0.222701
0.068118
0.429158
0.248729
-0.165125
0.489383
0.416784
0.458014
0.0598182
0.0533695
0.208645
0.0597283
-0.249567
0.0437594
0.203069
0.554565
0.543819
0.26636
0.278086
-0.0186574
0.311376
0.150744
0.177756
0.2971
-0.00169932
0.0168404
0.272196
0.309075
0.314229
0.378177
0.102904
0.133393
0.38232
0.400336
0.27856
-0.412155
0.284379
0.215429
0.120161
0.485652
-0.208164
0.168426
0.231291
-0.00833992
0.260423
0.395295
-0.111998
0.114639
0.283999
0.125169
0.230663
0.349328
-0.307703
-0.540746
0.130355
0.00825203
-0.406886
0.215175
0.285794
0.47534
0.690168
0.710778
0.386733
-0.171584
-0.218294
0.0777175
0.167707
0.137278
0.0964896
0.258178
0.105911
0.0555438
-0.0269133
0.161129
0.31057
0.347459
0.431492
0.095175
0.547536
0.102886
0.191274
0.797418
-0.159021
0.236607
0.508862
0.236885
-0.0800602
0.456727
0.341794
0.193931
0.250756
0.249923
0.286703
0.101055
-0.0407975
0.60289
0.351838
0.160179
0.588004
0.0532052
-0.0941923
0.219727
0.387159
0.103438
0.362697
0.124042
0.413606
0.160495
0.242872
0.349439
-0.24856
-0.115378
0.517387
0.524353
0.304221
0.374262
-0.0455589
-0.255951
0.625903
0.097037
0.513664
-0.377667
0.162745
0.129693
0.203076
-0.095115
0.424189
0.282471
0.386343
0.0739717
0.207806
0.031477
0.461553
0.127565
0.121276
-0.177035
0.543529
-0.122671
0.23875
0.636822
0.209437
-0.0169317
0.126101
0.314081
0.352486
0.377433
0.398597
0.203182
-0.0888943
0.264501
0.151675
0.277978
0.266551
0.0888163
0.542094
0.08192
0.240978
-0.0256926
0.352735
0.413725
0.441034
0.282979
0.214623
0.312942
0.320314
0.196703
0.459693
0.187428
0.126666
0.366608
0.344154
0.0763473
0.326694
0.429246
0.146867
0.318323
0.160199
-0.0618779
0.243746
-0.00364286
0.346961
-0.0474495
0.177348
0.474499
0.269229
0.259846
0.108446
0.192883
0.527843
0.366038
0.0153268
-0.0584107
0.376688
0.52282
0.520911
0.100633
0.518016
0.511856
0.511597
0.266516
0.451175
-0.0187844
0.0816506
0.0829
0.538125
0.651605
0.194183
0.386137
0.548311
0.319952
0.537047
0.711882
0.627338
0.0485689
0.473134
0.136291
0.249678
0.474348
0.649963
0.327192
0.435058
0.844819
0.286779
0.33814
0.223189
0.148359
0.268014
0.103363
0.218233
0.264221
0.342793
0.0828776
0.143848
0.453069
0.282468
0.547403
-0.0321983
0.210903
0.324381
0.0824362
0.724757
0.149452
0.277398
0.0918098
0.678528
0.237915
0.510898
0.294256
0.309407
0.10917
0.493223
0.223246
0.314434
0.183763
0.294761
0.572013
0.478779
0.224193
0.659663
0.132824
0.409619
0.102063
-0.0255266
0.609067
0.128945
0.490951
0.428971
0.20884
0.34548
0.0720443
0.566452
-0.0106422
0.223704
0.0636344
0.314207
-0.14111
0.198678
0.434254
0.320522
0.211258
-0.0203021
0.487447
0.271914
0.171996
0.0420479
0.427033
-0.263779
0.261236
0.144867
0.0840124
0.283929
0.260617
0.212749
0.50312
0.518694
0.483178
0.544521
0.284861
0.457974
0.0273319
0.0819643
0.527596
0.264543
0.279128
0.241689
0.617814
0.128563
0.148632
0.304122
0.048064
0.162971
0.289461
0.393488
0.39426
-0.052256
0.582414
0.166011
0.632117
0.781658
0.148661
0.120445
0.284347
0.490429
-0.0733012
0.128953
0.23159
0.35977
0.568158
0.0429948
0.355802
0.287305
0.218227
0.919797
0.039475
0.454512
-0.272364
0.0787519
0.0390304
-0.00642881
0.184578
0.294269
-0.198059
0.42634
0.144666
0.160914
0.294449
0.297366
0.812895
0.841606
0.260902
0.683585
0.346476
0.206008
0.350653
0.36914
0.435712
-0.0247202
0.375342
0.208245
0.156789
-0.0602621
0.184925
0.470907
0.543804
0.625329
0.190699
-0.0314281
0.284582
0.56321
0.0103171
0.441846
0.0453438
-0.0104563
0.361016
0.113
-0.0603979
0.236818
0.300796
0.0989291
0.490334
0.232421
0.225231
0.287013
0.0441392
0.514093
0.596683
0.423336
0.167014
0.497002
0.291999
0.197633
0.802326
0.0828006
0.0563082
0.0561769
0.135586
0.46075
-0.202969
0.219048
0.275411
0.189872
0.324408
0.253358
0.206997
0.205675
0.029461
0.334493
-0.293123
0.249203
-0.198126
0.0898589
0.0872823
-0.290328
0.332415
0.523321
0.20786
0.35925
-0.065389
0.319156
0.268437
0.641564
0.22835
0.640814
0.300885
0.723093
0.166365
0.242912
0.121454
0.28584
0.157217
0.596261
0.495469
0.0101938
0.112017
0.172877
0.159472
0.114832
0.0794162
0.618712
-0.0828823
0.0598425
0.409768
0.351184
0.468144
-0.0492589
0.318926
0.328016
0.375442
0.00693141
0.365167
0.263517
-0.246791
0.557251
0.460453
0.188957
0.302084
0.509747
0.291269
0.324627
0.485303
0.431883
0.21136
0.311202
0.26761
0.414871
0.551885
0.275513
0.204879
0.513741
0.0740622
0.241995
0.33835
0.288239
-0.0272625
0.272273
0.228147
0.21135
0.268251
0.251194
0.198929
0.435779
0.194749
-0.102728
-0.217354
0.124365
-0.0675352
0.280285
0.436123
0.062456
0.100415
-0.490015
0.518866
-0.121173
0.0253618
0.132858
0.236661
-0.0163274
-0.164245
0.229592
0.0764253
0.163572
-0.086869
0.324291
-0.0179405
0.718353
0.210944
0.262187
0.182275
0.371259
0.0619031
0.260685
0.34266
0.497228
0.245155
0.11275
0.250058
0.27169
0.125574
0.11062
0.0774201
0.476682
0.365759
0.41609
0.396499
0.213638
0.116324
0.530694
0.512261
0.315562
0.227227
0.315959
0.306179
0.382001
0.353279
0.309584
0.337773
0.622924
0.280967
0.340269
0.331035
0.208166
-0.0303824
0.419326
0.39735
0.308932
0.297066
0.12289
0.0543023
0.206634
-0.00606379
0.364303
0.351322
0.284568
0.134771
0.0669196
0.42938
0.0761488
0.0646027
0.383219
0.322291
-0.0327819
0.0240032
0.0609485
0.0981473
0.403961
0.46203
-0.0248844
0.401241
0.125398
0.569342
0.0808408
0.347216
0.729468
0.069005
0.53076
0.427368
0.289857
0.557965
0.22634
0.333478
-0.299317
0.199482
0.23603
0.305953
0.0496764
0.32417
-0.144024
0.116776
-0.0324665
-0.0326299
0.455728
0.0917157
0.0742551
0.0017814
0.265955
0.286403
0.565411
-0.0434971
0.417706
0.169938
0.317011
-0.0618872
0.241667
0.271724
-0.103542
0.4184
0.307704
-0.194766
-0.0675349
0.321565
0.137555
0.0418576
0.147052
0.346435
0.0161115
0.123118
0.220685
-0.127894
0.0064088
-0.0358991
0.293551
0.410559
0.0218409
0.309816
0.294056
-0.208079
-0.054101
0.421164
-0.271694
0.659071
-0.0473596
0.20059
0.214305
0.254291
0.108509
0.134033
0.103341
0.41042
0.272141
-0.108209
0.68357
0.247853
0.0764812
0.265045
0.306013
0.221193
0.0680001
0.377873
-0.0076957
-0.175026
-0.00984466
0.0356564
0.080461
0.185091
-0.0384601
0.191204
0.337194
0.205171
-0.0366114
0.287032
0.251591
0.227912
0.129996
0.0167272
-0.128608
0.290411
0.335957
0.248631
0.350924
0.0560934
0.329847
-0.199341
-0.0798268
0.22849
0.286427
0.269227
0.0170929
0.367868
0.282667
-0.0266532
0.203093
0.208946
0.0663086
-0.0119893
-0.191172
0.321352
-0.0519856
-0.0381518
0.185281
0.197004
0.298477
0.55765
0.114578
0.0870917
-0.0550595
-0.267769
0.225899
-0.142786
-0.207022
0.212641
0.286496
0.54214
0.143244
-0.0518512
-0.180384
0.2417
-0.187999
-0.0302211
-0.0696583
0.036762
-0.135754
0.430952
0.0732019
0.221366
0.177743
0.445822
0.119661
0.139187
0.0360745
0.35988
0.13257
0.165225
0.110838
0.171242
0.144441
0.136231
0.541415
-0.0173236
0.0790156
0.424785
-0.0798275
0.265931
0.430158
0.3341
0.337162
0.0796213
0.172355
0.00739325
0.206663
0.226146
0.0655435
0.112645
-0.156509
0.0330969
-0.0768818
0.227091
0.581057
0.188002
0.204248
0.467125
-0.149845
0.397863
0.440967
-0.0705
-0.0946714
0.093852
0.518334
0.440275
0.276436
0.335202
0.272637
0.0633633
0.197543
0.356363
0.0264915
0.0705407
-0.224025
0.18602
0.162875
0.368887
0.25464
0.470158
0.383498
0.467541
0.227833
0.438525
0.182343
0.247177
0.290371
0.283847
0.481686
0.306636
0.0567017
0.128111
0.732631
0.282435
0.126053
0.310081
0.305543
0.0233504
0.022992
0.254118
-0.000737414
0.18555
0.347384
-0.0304412
0.345311
0.295791
0.0615157
0.180621
0.237152
0.321989
0.141666
0.144798
0.0925488
-0.116369
0.00683562
0.481796
0.411362
0.347366
0.183268
0.41954
-0.0455038
0.172214
0.192555
0.073411
0.221932
0.101375
0.366599
0.126037
0.0947716
0.160742
-0.20419
0.281959
0.12329
0.0976843
0.180274
0.3541
0.0836738
0.106268
0.208465
-0.462795
0.290239
0.13214
-0.172047
-0.102712
-0.0610596
-0.0710951
0.100575
-0.0024448
-0.180102
0.309883
-0.099898
0.336629
0.0362937
-0.126412
0.0150979
0.13825
0.284901
0.386629
-0.11653
0.166979
0.234204
0.0593369
0.0166664
0.117815
-0.0099195
0.216438
-0.165685
0.134308
0.218005
0.059458
0.0855519
0.189508
0.0369289
-0.0845963
0.250751
0.2302
0.384116
0.40168
0.100289
0.844131
0.102487
0.145066
0.230333
0.133548
0.351984
0.229192
0.155171
0.0249839
0.309667
0.202384
-0.17652
0.261777
-0.287608
0.0423904
0.0347694
0.0242697
0.145429
0.0615354
0.112916
0.542548
-0.0434827
0.201413
-0.11947
0.250491
0.0601698
0.292881
0.392917
0.117229
0.168856
0.290158
0.0516088
-0.0400019
-0.288081
0.361525
0.0883437
0.130692
-0.0564565
0.182404
0.246034
0.469259
0.0428478
-0.0452806
0.0106805
0.309686
-0.0540283
0.301282
0.444025
0.0860463
0.168659
-0.0269326
0.073558
0.440238
0.345228
0.358329
0.246564
-0.20234
0.0439066
-0.20499
0.391724
0.184293
-0.0375552
0.179912
0.169266
0.218323
0.255844
0.0873017
0.403687
0.611704
0.165571
0.285602
0.18973
0.333329
0.0194511
0.497619
0.497753
-0.0630583
0.130961
-0.266136
0.115589
0.185365
0.389886
0.324469
0.38642
0.180444
0.237221
0.395244
0.215257
0.00137739
0.229188
0.298792
0.421538
-0.0614969
-0.0758408
0.208879
0.0193831
-0.12803
0.16972
0.461981
-0.0975473
-0.0208943
0.422187
0.212733
0.145817
0.248888
0.13344
-0.149259
0.0708081
0.0656896
0.0474209
0.417967
-0.015961
0.41577
-0.00072743
0.265969
0.044844
0.119969
0.0602421
0.231086
0.131247
0.235924
0.0186609
0.295884
0.0927539
0.213879
0.293797
0.204033
0.199979
0.0596672
0.00959276
-0.105867
0.0676878
-0.122282
0.139531
-0.125912
0.476904
-0.0262783
-0.132328
0.138211
0.0204987
0.0482171
0.229208
-0.0888755
0.230508
-0.102171
0.111132
-0.221508
0.132871
0.0234531
0.434626
0.155729
0.550014
0.191828
-0.35472
0.308065
0.195914
0.265294
-0.242651
0.115373
0.0918567
-0.00902939
0.305892
0.571208
0.301652
0.499297
0.391232
0.0757433
0.407862
0.327453
0.0245452
0.238932
0.267698
0.145974
-0.0193376
0.240662
0.2092
0.352149
0.499178
0.338883
-0.26281
0.06216
0.297682
0.0541086
0.151074
0.287518
0.340254
-0.129919
-0.0591311
0.414118
0.387746
0.24838
0.127653
-0.0386593
0.0687728
0.432732
-0.153956
-0.0219384
0.49228
0.15612
-0.0449813
0.161308
0.355644
0.31274
-0.303246
0.0905886
0.292263
0.0127555
-0.114985
0.0479987
0.115171
0.407737
0.016622
0.200138
0.124116
-0.078572
-0.0648234
-0.127234
-0.186102
0.566001
-0.23969
-0.25677
0.227386
0.211357
-0.18368
0.238414
0.155612
0.196824
-0.292069
0.0988145
-0.0950328
-0.0201117
0.0421312
0.25377
-0.0817905
-0.0419067
0.173807
0.0504567
0.324455
-0.14996
0.0882677
0.272845
0.257202
0.0927024
0.462894
-0.153099
0.414454
0.289889
0.260532
0.16553
-0.0304724
0.270206
0.301414
0.116356
0.0589212
0.210121
0.180319
0.234852
-0.106653
-0.190975
-0.081415
-0.0606061
0.122196
0.0351789
0.351568
0.295685
0.0450283
0.037367
-0.000412118
0.386869
0.243246
0.0262964
-0.330177
0.182729
-0.145071
0.0436199
0.180207
0.428822
0.209872
0.272917
0.0218325
0.228058
0.51775
0.239327
0.326055
0.445213
0.340785
0.318118
0.271955
-0.183926
0.274393
0.220672
0.364414
0.490227
0.184154
0.234187
0.257399
0.375738
0.21412
0.270908
0.358169
0.321267
0.0155092
0.432417
0.449393
0.141616
0.303284
0.359068
0.0968529
0.136875
0.477879
-0.159063
0.513546
0.603467
0.0432008
0.0702509
-0.0447872
0.0169607
0.426896
0.217983
0.0564626
-0.154185
0.216273
0.319924
0.10673
0.100559
0.351093
0.465565
-0.190244
0.661692
0.473907
0.523923
0.0506506
0.118138
-0.0249303
-0.177481
-0.127641
0.192856
0.335963
0.292812
0.241703
0.164632
0.0870303
0.289827
0.332786
0.096814
-0.0794739
0.626157
0.530395
0.17935
0.327715
0.192725
0.483575
0.170824
0.150152
0.346243
0.340407
0.181516
0.410788
0.486292
0.72425
0.464848
0.313049
0.00647804
-0.190092
0.0259746
0.578386
0.554931
0.388473
0.106373
0.355489
0.0560236
0.279982
0.220405
0.175291
0.377708
0.178115
-0.230867
0.437534
0.135297
0.154145
-0.259164
-0.223298
-0.255818
-0.0327842
0.389095
-0.0907226
0.202108
0.100646
0.137919
0.22448
0.0734338
0.144529
0.269112
0.385092
0.695679
0.266454
0.63367
-0.0122336
0.219428
0.0399547
0.0517579
0.315656
0.376722
0.191955
0.349898
0.384604
0.297423
-0.0249083
0.24248
0.101475
0.474224
0.150666
0.161468
0.180616
-0.150501
-0.00439124
0.364618
0.154462
0.291362
0.377993
0.265053
0.228677
0.295699
-0.115374
-0.13596
0.39683
-0.108699
0.0980195
0.0134434
0.739596
0.464579
0.0861897
0.495559
0.0739813
0.23139
-0.10246
0.382017
0.513412
0.482741
0.182718
0.386204
0.330958
0.507206
0.609679
0.381828
0.322867
0.0233959
-0.0652752
0.832844
0.225509
-0.00916554
0.232607
-0.0412567
0.135017
0.153611
0.538066
0.622695
0.506095
0.47281
0.362308
0.346883
0.257216
-0.0214801
0.124977
0.323179
0.313643
0.28231
0.4471
0.239333
0.235724
-0.171404
0.0341091
0.565077
0.00451806
-0.065588
0.250763
-0.102912
-0.158672
0.534818
0.223389
0.400692
0.249237
0.386579
-0.0110982
0.182664
0.266074
0.0722886
0.257652
0.297367
0.0908691
0.170021
0.0722702
-0.0204909
0.422593
0.19126
0.442953
0.414006
0.0295936
0.618317
0.0283484
0.631229
0.00596951
0.489917
0.15346
0.13724
0.606551
0.376784
0.365791
0.157063
0.330996
0.621931
0.509241
0.19417
0.192015
0.34768
0.272177
0.662178
0.284421
0.323917
0.310149
0.449177
0.0867627
0.399255
0.417718
0.28112
0.529197
0.427019
0.957493
0.458959
0.057418
0.274029
0.634894
0.214783
0.533022
0.440448
0.0825721
0.456989
0.40781
0.577138
0.456369
0.556391
0.42345
0.640603
0.538437
0.54756
0.576179
0.1936
0.540169
0.467031
0.356929
0.276349
0.304592
0.166449
0.450357
0.308328
0.450489
0.194356
0.173673
0.683049
0.211176
0.0835759
0.652298
0.553248
0.586095
0.500053
0.612669
0.156586
0.395375
-0.176192
0.823434
0.350528
0.116434
0.251614
0.297698
0.713726
0.28175
-0.112493
0.264667
0.425504
0.0396609
0.318685
0.633247
0.109082
0.169908
0.353926
0.587197
0.600904
0.59585
0.484708
0.24284
0.522283
0.346272
0.197634
0.463872
0.859763
0.234376
0.435354
0.516117
0.193271
0.342571
0.361595
0.621787
0.220719
0.516663
0.141599
0.403566
0.557748
0.657973
0.320868
0.466997
0.165491
0.194057
0.192504
0.117101
0.499708
0.0557677
0.100134
0.562875
0.249698
0.0824379
0.432745
0.451017
0.199381
0.563399
0.51074
0.593506
0.332402
-0.188149
0.285942
-0.0679414
0.251327
0.43701
0.160501
0.300561
0.238652
0.0617663
0.190793
0.226397
0.0336254
0.194775
0.203257
0.239457
0.110936
-0.0834269
0.422264
0.310397
0.490348
0.320557
0.459932
0.594921
0.266877
0.154764
0.153652
0.374751
0.167965
0.348629
0.594728
-0.05399
0.39714
0.276987
-0.0464797
0.709853
0.0147068
-0.016492
-0.0896275
0.442115
0.414512
0.392875
-0.0380825
0.214241
0.339683
0.371348
0.478983
0.607384
0.407227
0.4551
0.246796
0.376758
0.404151
0.146038
0.2933
0.218554
-0.115619
0.261522
0.652509
-0.2701
0.3996
-0.0727225
0.17253
-0.0977804
0.231468
0.454063
0.111742
0.147529
0.191572
0.121283
0.175465
0.641787
0.32811
0.139825
0.306675
0.412517
0.431076
0.253448
0.813782
0.537175
0.385345
0.521236
0.34283
0.263985
0.142308
0.723214
0.43901
0.737653
0.0400649
0.256185
0.219923
0.2265
0.497756
0.269383
0.255939
0.461689
0.298761
0.374749
0.394815
0.199757
0.0569326
0.488079
0.00966906
0.431926
-0.120344
0.250322
0.718874
0.294817
0.140141
0.709369
0.255916
0.14222
-0.181388
-0.183824
0.26232
0.477898
0.107219
0.590391
0.242728
0.331655
-0.00997358
0.211562
0.465176
0.184501
0.350317
0.29425
-0.0559345
0.683055
0.247129
0.257715
-0.179072
0.416264
0.0600188
-0.0936809
0.653109
0.304727
0.514515
0.167607
0.267749
0.453319
-0.150843
0.533141
0.437264
0.331351
0.118026
0.217574
0.21294
0.32016
0.0571928
0.387031
0.0943482
0.490188
0.0121217
-0.0757461
0.252516
0.470905
0.1489
0.194074
-0.0318783
-0.176211
0.411172
-0.0438703
0.0893116
-0.049051
0.577716
0.599033
0.279587
0.0062954
0.322911
0.0537585
-0.163823
0.379424
0.0919611
0.293017
0.488247
0.302419
0.287143
0.588466
0.490497
0.397681
0.551027
0.565771
0.189443
0.588681
0.476522
0.0546862
0.193024
0.53785
0.137477
0.351678
0.590323
0.300115
0.482302
0.608833
0.313789
0.185377
0.539805
0.516877
0.123749
0.144254
0.315459
0.28532
0.0570936
0.539255
0.558804
0.468129
-0.038711
0.34263
0.445523
-0.401152
0.320138
0.161542
-0.137673
0.215041
0.165433
0.251259
0.333463
0.438512
0.192531
0.586228
0.398789
0.359257
0.211445
0.218908
0.126167
0.155557
0.271112
0.586691
0.140989
0.231704
0.133178
-0.203015
0.284017
0.201254
-0.14967
0.100797
-0.00370904
0.260395
0.43371
-0.0504365
0.201112
0.131508
0.0819111
0.052129
0.0827067
0.445443
0.196705
-0.141967
0.76285
0.0825334
0.300365
-0.0526041
0.472426
0.307827
-0.0655493
0.164949
0.384503
0.123543
0.108042
0.23899
0.0203275
0.181513
0.515988
0.116202
0.209908
0.429017
-0.316015
0.0230501
0.148893
0.135315
-0.0591111
0.258988
0.145186
0.185094
0.292059
0.230247
0.0651437
0.323741
-0.32418
0.165152
0.191551
0.204032
0.0520115
0.162958
0.211049
-0.134118
0.114247
0.350295
0.222017
0.0148734
0.395352
0.371585
0.358028
0.822037
-0.0846002
-0.0621315
0.139771
0.600029
0.0810416
0.644647
0.0110512
0.380591
0.504233
0.0872991
-0.00972596
0.393915
0.182933
0.3824
0.192874
0.153794
0.125926
-0.0687203
0.066604
0.389497
0.480298
-0.132034
0.66652
0.505615
0.243664
-0.0319706
0.553679
0.14374
0.323063
-0.0403367
0.475887
0.0274762
0.057234
-0.056026
-0.11594
0.298244
0.260746
0.3942
0.190003
0.309274
0.36037
0.107212
0.0879208
0.109028
0.205891
0.558154
0.427245
0.21588
0.200234
0.589914
0.185368
0.336591
0.415806
0.0865277
0.308924
0.107456
0.292574
0.160437
0.34136
-0.0376444
0.292085
0.242592
0.173252
0.345207
0.387996
0.0637292
0.0322168
0.385327
0.0928056
0.345403
0.369138
0.153952
0.205059
0.217624
0.437254
0.30411
0.378542
0.577554
0.178208
-0.00695647
0.34767
0.519882
0.432699
0.171138
0.060814
-0.147714
0.106702
0.598972
-0.0418247
0.174703
0.342416
0.0284947
0.325138
0.338555
0.12665
0.26456
0.472692
0.331804
0.378674
0.0170611
0.313965
0.673087
0.575894
0.312919
0.179067
0.118435
-0.0924387
0.484419
-0.0170534
0.460935
0.316269
0.0993202
0.383166
0.266961
0.133362
0.389535
0.381717
0.0334785
0.564703
0.310754
0.706423
0.0195868
0.217109
0.488175
0.273048
0.364188
0.585716
0.302093
-0.0909743
0.255456
0.19662
0.395081
0.319409
0.524265
0.0980792
0.473664
0.281742
0.698147
0.429176
0.532057
0.35298
0.265505
0.293394
0.314737
0.37557
0.439166
0.101509
0.133888
0.156209
0.266535
0.328531
0.104974
0.753738
0.171129
0.262679
-0.416563
0.0897328
-0.109017
-0.112298
0.405836
0.36129
0.129246
0.476104
0.156104
0.403743
0.3588
0.646846
0.245085
0.410507
0.238707
-0.0295167
0.244929
0.345759
0.373874
0.584162
0.380748
0.109009
0.477308
0.138238
0.532553
0.294545
0.13211
-0.154161
0.265615
0.287882
-0.0182351
0.453525
0.522206
0.104686
0.168823
0.366356
0.192388
0.0227875
-0.106724
0.29634
0.533116
0.364839
0.266874
0.451252
0.00599484
0.180576
0.215791
0.426932
0.324691
0.327361
0.320094
0.18938
0.395953
0.177451
0.234293
0.385856
0.152432
0.0760332
-0.23553
0.0159284
0.41805
0.370243
0.458516
0.373983
0.254338
0.191859
0.261259
0.58403
0.48748
0.476268
0.239408
0.325329
0.239869
0.452067
0.18641
0.1424
0.00442536
0.0302453
0.619124
0.404255
0.428642
-0.032858
0.307382
0.203383
0.222277
0.219197
0.40941
-0.156625
-0.12677
0.190579
0.444432
0.246389
0.200027
0.487799
0.115785
0.444272
0.10101
-0.0187542
0.0692405
0.322657
0.0458791
0.132848
-0.225267
-0.037857
0.386068
0.424885
0.15812
0.411517
0.258319
-0.01799
-0.0761998
0.375953
0.0475035
0.249194
0.332216
0.651231
-0.0865308
0.288985
0.0857443
0.0691652
0.142733
0.746535
0.174838
0.314238
0.212449
0.360774
0.391179
0.0995203
-0.238488
-0.283438
0.201196
0.0615403
-0.0577201
0.0214548
0.415145
-0.101764
0.108223
0.338553
-0.0947378
0.426538
0.100528
0.119275
0.290576
-0.0638148
0.139317
0.0801784
0.310393
0.227804
-0.106307
-0.0927254
-0.201419
-0.312207
0.145334
0.0949259
-0.0303123
-0.0127035
0.131338
-0.0291272
-0.0599633
0.0502079
0.485316
0.467815
0.232883
0.413045
0.324499
0.796077
0.44285
0.0428066
0.261531
0.240158
0.34756
0.278652
0.373263
0.41272
0.171279
-0.00483945
0.289333
0.142089
-0.0195511
0.15871
0.370591
-0.4065
0.20054
0.461653
-0.0409436
-0.049708
0.0887953
0.285287
0.258577
0.125468
-0.134438
0.259137
0.527324
0.230909
0.0813016
0.244501
-0.0847456
0.550556
-0.0765826
-0.252943
0.30581
0.120713
0.0156294
0.176284
0.295022
0.260127
0.20125
0.495498
-0.0991893
0.22981
0.22008
0.467452
-0.0338598
0.515763
0.260467
0.314091
-0.00802739
0.491394
0.080503
-0.0247315
0.0748481
0.687886
0.118188
-0.13892
0.339171
0.0368313
0.156705
0.111094
0.421015
0.046832
0.483752
0.043396
0.201065
0.0464768
0.335477
0.0794388
0.56325
0.0733806
0.101854
0.367228
0.346898
0.232574
0.325149
0.287894
0.512197
-0.275251
0.400369
0.421512
0.200336
-0.324526
0.0542721
0.296798
0.432231
-0.147203
0.124486
0.510828
-0.0263634
0.364968
-0.112237
0.268327
0.535295
0.0845171
0.146368
0.355813
0.0924228
-0.0585163
0.146684
0.128929
0.388012
-0.343811
0.078844
0.114541
-0.00269021
-0.0291035
0.409469
0.414557
0.190707
0.312905
0.289524
-0.138515
0.179283
0.270605
0.0959301
-0.0334195
0.182796
0.242544
0.110719
0.0310227
0.501645
0.0342176
0.622996
0.141403
-0.0904599
0.120003
0.204782
0.38452
0.0775967
0.51755
0.282427
0.210726
0.442776
0.369855
0.619198
-0.170035
0.229192
-0.192216
0.397472
0.261542
0.537516
0.100398
0.514154
0.0037206
0.111323
0.447937
0.476871
0.0109385
0.0659716
0.129274
0.302485
0.34145
0.411232
0.35139
0.0855734
0.160125
-0.127173
0.314615
0.319828
0.348264
0.508613
0.383748
0.178161
0.32036
0.208869
0.253934
0.379384
0.303851
0.392263
0.209674
0.33407
-0.0774816
0.476723
0.126105
0.0100309
0.342378
0.37482
0.160391
0.0552361
0.130307
0.146936
0.347216
0.440674
0.142707
0.132671
0.299956
0.258822
0.304866
0.340812
0.0514305
0.162406
0.618657
0.0692414
0.270644
0.102523
0.21309
0.396547
0.36369
0.263866
0.433357
0.45349
-0.26467
0.021205
0.0759153
0.428796
0.629136
-0.155543
0.140272
0.173392
-0.0264995
-0.24495
0.184602
-0.172439
0.293234
-0.0211436
-0.140192
0.000597147
0.00700198
0.181837
-0.37159
0.0523348
0.218418
-0.027031
0.265203
0.0379074
-0.369251
0.282451
0.0425991
0.0973137
0.366544
0.02567
-0.0382806
0.318583
0.178129
0.324855
0.404528
0.4086
0.293151
0.3442
0.236497
0.35559
-0.10321
0.303787
0.267538
0.00683091
0.183229
0.637703
0.414674
0.101455
0.587895
-0.058175
0.35515
0.577885
0.162743
0.0522773
0.0738782
0.10475
-0.170582
-0.174784
0.168611
0.593841
0.469282
-0.161164
0.305018
0.38128
0.11214
0.330134
0.225939
0.489964
0.0793261
0.429747
0.126114
0.355799
0.240452
0.456254
-0.0704376
0.456897
0.331445
0.0901636
0.470691
-0.173059
0.0732485
0.517639
-0.014654
0.302081
0.0805333
0.714304
0.660364
0.336911
0.208381
-0.0647077
0.12528
0.0491728
-0.253673
0.160555
0.283846
-0.00421196
0.026221
0.161803
-0.30364
0.69969
0.09102
0.168332
0.222673
0.215886
0.188121
0.40952
-0.0589662
0.0918412
0.318224
0.259535
-0.204703
0.0779759
-0.178169
0.30367
0.220434
0.422887
0.0434805
0.354248
0.307101
0.326533
0.321348
0.524997
0.466837
0.620885
-0.103757
0.151911
-0.11626
0.07769
0.203111
0.485434
0.440104
0.0844403
0.421845
0.678143
0.105731
0.164249
0.0882263
0.712495
-0.0393413
0.152077
0.21083
0.168145
0.246814
0.633476
0.233439
0.118817
-0.181757
0.379546
-0.196998
0.132714
0.0813593
-0.0958417
0.26725
0.223047
0.283303
-0.0513487
0.0545879
-0.157253
0.680361
0.0792561
0.232779
0.256256
0.485879
-0.0448358
0.189513
0.0115137
0.0628284
0.141199
0.123667
0.25399
0.317431
0.436723
0.0456746
-0.090837
0.0995954
0.368457
0.360393
0.31516
0.145958
0.0617606
0.344919
0.198521
-0.255419
0.397714
0.100961
-0.100598
-0.0277456
0.176557
0.229967
-0.116803
-0.0515998
-0.0413661
0.496509
0.515188
0.16555
-0.47455
0.0638897
0.0596157
0.26145
0.45851
0.104608
-0.04478
-0.00258552
0.310168
0.509902
0.106519
0.182936
0.465364
0.0851267
0.391372
-0.00665427
0.140735
0.142127
-0.114778
0.563006
0.216809
0.163878
0.0812412
0.186617
0.220263
0.266638
0.34371
0.0659325
0.20002
0.273822
0.166355
0.530032
0.12233
0.370506
0.470314
0.350151
0.13715
0.421374
0.182522
-0.0755313
-0.0565491
0.418526
0.0916061
0.170975
0.0577162
0.00419026
0.410905
0.332977
0.234902
0.759992
0.199662
0.121322
0.121322
0.121322
0.121322
0.121322
0.121322
0.121322
0.121322
0.121322
0.121322
0.121322
0.121322
0.121322
0.121322
0.121322
0.121322
0.121322
0.121322
0.121322
0.121322
0.121322
0.121322
0.121322
0.121322
0.121322
0.121322
0.121322
0.121322
0.121322
0.121322
0.121322
0.121322
0.121322
0.121322
0.121322
0.121322
0.121322
-0.448489
0.300556
0.377059
0.300699
0.562613
-0.0227772
0.179334
0.010028
0.337245
0.506397
0.474633
-0.0496608
0.38448
-0.219626
0.576119
-0.0117094
0.0100332
0.544032
0.153474
-0.177602
-0.329438
0.0203742
0.281025
0.218105
0.371946
0.168486
0.170341
0.203499
0.212083
-0.00224398
0.300979
-0.0565124
0.341389
0.418134
0.157232
0.150323
0.61773
-0.226376
-0.0661291
0.349209
0.334066
0.624935
0.218032
0.243758
0.0245495
0.220767
0.100852
0.294722
0.139028
0.663477
0.25827
0.237947
0.279301
-0.484644
-0.121724
0.393249
0.0760655
0.286933
0.284291
-0.0438555
0.0245922
-0.076518
0.554845
0.211723
0.102131
0.221271
0.163453
0.197168
0.0826786
0.0496025
0.0374434
0.0178653
0.48216
0.364588
0.0127969
0.284896
-0.0866027
0.482666
0.132655
0.144337
0.233174
0.352009
-0.086678
0.0338609
0.201786
0.064007
0.199695
0.163361
0.0188837
0.196069
0.221635
0.0751652
-0.110655
0.0550025
0.216275
0.273205
0.313661
0.375146
0.383381
0.063782
0.350656
0.125117
0.168596
-0.115744
0.220073
-0.218444
0.495641
0.0995454
0.531526
0.0465175
0.308022
-0.0202546
-0.0217731
0.244384
0.168663
0.120912
-0.00824696
0.163765
0.24027
0.0177262
0.117612
-0.0341561
-0.200374
0.0841683
-0.126915
0.42673
0.315565
-0.00932287
0.486188
-0.104801
0.417551
0.242043
-0.0318552
0.0866002
-0.237043
0.125611
-0.00978899
0.161867
-0.049618
0.213355
0.211514
0.0345432
0.00976224
-0.0978266
0.40324
0.363862
0.0650896
0.0403201
0.400363
-0.330581
-0.0651303
-0.00937611
-0.0295362
0.344312
0.512281
-0.102708
-0.118721
0.0441438
0.3126
0.186486
-0.0200286
0.242274
0.362785
0.100775
0.393189
0.136126
0.758048
0.334774
0.225099
0.373962
0.109429
-0.120036
0.621874
0.236868
0.324236
-0.0904632
0.187837
0.129098
0.203772
0.164056
0.19703
-0.102045
0.205131
0.656943
0.282865
0.481008
0.175155
0.0292456
-0.280832
-0.0936083
-0.336507
-0.125249
0.0595529
0.162893
0.284247
0.477675
0.171328
0.0166552
0.179791
0.128468
0.3876
0.643141
0.13727
0.245307
0.379011
0.337554
0.480434
0.180958
0.479991
0.332228
0.130181
0.0141643
0.727698
0.517768
-0.173186
0.389991
0.626804
0.279898
-0.0789522
0.152881
0.262009
0.214806
0.457074
0.287395
0.315926
0.292125
0.170555
0.222754
0.642223
0.259047
-0.222692
0.267736
0.24892
0.258993
0.338311
0.355659
0.358331
-0.0631811
0.132319
-0.272388
0.193477
0.00219158
0.32451
0.283903
0.158205
0.11639
0.34338
-0.234561
0.129037
0.236722
0.153888
-0.256278
-0.243868
0.416648
-0.271328
0.655997
0.328113
0.425087
-0.144434
-0.360084
0.157445
0.0528268
-0.151673
0.208716
0.519604
0.419126
0.240059
0.343651
-0.234079
0.101383
-0.0197541
-0.158913
-0.179987
-0.0917255
0.336357
0.450839
0.572875
0.508401
0.116608
0.489874
0.154782
-0.237665
0.16213
0.163705
0.565257
0.00207317
0.247405
0.147462
0.305127
0.53201
0.0294658
0.294013
0.327065
0.292555
0.197067
0.342652
0.358523
0.172917
0.0468868
0.486994
0.346404
0.331198
0.161763
0.275159
0.2348
0.263915
0.348328
0.266441
0.30536
0.44126
0.215283
0.0071264
0.275931
0.171675
-0.122775
-0.338105
-0.0866219
0.0307523
-0.0527175
0.153568
0.0087327
0.502232
0.0611009
0.0689788
-0.538909
0.322551
0.51817
-0.102149
0.216395
0.224594
0.284802
0.0119191
0.917664
-0.0122586
0.407595
0.212073
0.204668
0.108445
0.184105
-0.00204935
0.0666033
0.0172724
-0.294985
0.199659
0.598669
0.433417
0.335772
0.294958
-0.110591
0.0156919
0.412788
0.345155
0.335138
0.149887
0.398517
0.00270544
0.179081
0.0965418
0.0059998
0.120834
0.322069
-0.0340856
0.329427
0.115136
0.0175545
0.0886629
0.399929
0.385209
0.494673
0.0452125
-0.120753
-0.168696
0.0303839
0.342192
0.108961
0.168889
0.00783497
-0.0650409
0.294921
-0.0891184
-0.0444572
-0.00497098
0.143542
0.0742008
0.0898037
0.0623544
0.0481338
0.302458
0.124122
0.0641286
0.242759
-0.191675
0.264099
0.0407849
-0.0906878
0.231141
0.078175
0.13562
0.140201
0.0549747
0.0987188
0.339261
-0.206987
0.198176
0.160761
0.394271
0.387837
0.341433
0.504695
0.26915
-0.188135
0.425523
0.194909
-0.0549501
0.4
0.46017
0.190394
0.426684
0.0479885
0.389007
0.108866
0.239072
0.288468
0.469333
0.12024
0.260227
-0.0451201
0.286072
0.190702
0.633472
0.0231329
0.0715814
0.511441
0.148846
0.259711
0.417833
0.124919
0.466758
0.345991
0.241404
0.562229
0.348788
0.399203
0.408546
0.640513
0.538007
0.160481
0.0972411
0.263645
0.136867
0.23575
0.257251
-0.026113
0.056922
0.359451
0.428489
0.353869
0.162378
-0.167941
0.156465
0.145148
0.243385
0.40663
0.108661
0.291881
0.184547
-0.0179123
0.692075
0.386512
0.0654649
-0.000127719
0.0450601
0.231067
0.307138
0.0229615
0.367416
0.495282
-0.1141
0.135381
0.251298
0.561657
0.334866
0.400702
-0.0776379
0.348368
0.115622
0.241984
0.0222296
-0.225162
0.789673
0.608498
0.237566
0.0467691
0.320528
0.21491
0.319691
0.186656
-0.223692
0.137483
0.164265
-0.328328
-0.154093
0.537166
0.0245747
0.0181473
0.15133
0.488709
0.295642
0.108251
0.0188435
0.201882
0.486595
0.104536
0.00265872
-0.274207
-0.0105004
0.235317
0.15683
-0.209054
0.0641758
0.196207
-0.133203
-0.191178
0.128765
0.323539
0.0536376
0.235088
0.117989
0.352493
0.19284
0.0471297
-0.144403
0.346578
0.173959
0.279871
-0.116313
0.133677
0.283858
0.253951
0.244905
-0.0649155
0.389239
0.151474
0.260916
0.125976
0.141967
0.173476
0.0399178
0.199011
0.24538
0.0622873
0.0784314
0.654442
0.304349
-0.0440908
0.14345
-0.150342
0.340185
-0.0347233
-0.105562
0.305803
0.441076
0.416323
0.162252
-0.373868
0.440392
0.564616
0.229721
0.252207
0.0116011
0.148438
0.101737
0.2552
0.530602
0.227765
0.609298
0.193566
0.356921
0.169253
-0.0418362
-0.163979
0.564965
0.671556
0.0330818
0.400457
0.372483
0.212585
0.0293394
0.0576716
0.40562
-0.346372
-0.158822
0.258255
0.401442
-0.143597
0.072412
-0.0781692
0.14881
0.384888
0.224162
0.280234
0.231805
0.137542
0.0139033
0.0543548
0.37977
-0.380579
-0.122062
-0.0031026
0.136967
-0.0246395
0.347812
0.234977
0.0222502
0.306811
0.110745
0.234392
0.3701
0.195216
-0.502262
-0.297775
0.0914539
0.16083
0.0213917
0.270088
-0.128951
-0.1076
-0.44141
0.116245
0.0297298
0.0739771
0.25986
0.216514
-0.260825
-0.255217
0.0847525
-0.0635672
-0.0657175
-0.0670246
-0.345985
0.392428
-0.52357
-0.122656
-0.0411126
0.233523
-0.0956596
0.127778
0.0500846
-0.394025
0.119427
0.289839
0.130178
-0.395333
-0.0426062
-0.197661
0.0498885
0.168425
-0.11699
-0.023491
0.00808572
0.228198
-0.0339392
-0.437873
0.452159
0.314534
-0.0161206
-0.215001
-0.0226166
-0.190527
-0.0622623
0.256888
-0.0580621
-0.0930203
0.240702
0.0426045
0.372474
0.30615
0.483245
0.286638
-0.0376048
0.14362
-0.0568837
-0.281115
-0.0222535
0.0792857
0.183179
0.108582
0.295094
0.285683
0.0953969
0.447492
0.453508
0.152589
0.109557
0.142249
0.0827441
-0.144791
0.443306
0.213898
0.144687
0.134926
0.260669
0.251286
-0.0373474
-0.116147
0.263493
0.340153
0.274875
0.210933
0.308094
0.056716
0.203212
0.323306
0.345019
0.136816
0.639523
0.107476
0.443695
0.640877
0.0729266
0.64638
0.181577
-0.190274
0.248084
0.106789
0.170807
0.378861
0.334945
0.332892
0.0453755
0.381445
0.22154
0.529342
-0.0237952
0.170016
0.333856
0.0791136
0.20815
0.0469964
0.30181
0.10223
0.0165216
0.732425
0.398786
0.377165
0.391045
-0.018477
0.432147
0.274238
0.369119
0.304829
0.0754992
0.0663423
0.133256
0.20592
0.569661
0.195397
0.0842799
-0.045593
0.249811
0.212611
0.311528
0.235507
0.318561
0.604351
0.386054
0.10749
0.197934
-0.0580448
0.0513587
0.634114
0.283432
0.470017
0.105716
0.359964
0.358922
-0.080514
0.521563
0.123714
0.297074
0.316235
0.176723
0.475267
0.554217
0.348839
0.0780897
0.389698
0.426251
0.57109
0.508207
0.407198
0.69956
0.254976
0.247931
-0.0126368
0.418893
0.382965
0.513005
0.8702
0.833242
0.498175
0.476541
0.466593
0.112082
0.514422
0.700048
0.62764
0.146618
0.455787
0.4822
0.347907
0.304236
0.464351
0.71116
0.212952
0.433367
0.372196
0.377504
0.350814
0.802391
0.272132
0.545098
0.482162
0.687208
0.671495
0.0929501
0.565239
0.555244
0.192856
0.421416
0.431857
0.654677
0.392466
0.558162
0.35441
0.669955
0.28899
0.388028
0.716034
-0.10679
0.488371
0.811385
0.780833
0.520919
0.63421
0.7342
0.439155
0.649012
0.49393
0.833386
0.886309
0.874137
0.267778
0.319679
0.71386
0.826856
0.471378
0.790319
0.877693
1.18691
0.683855
0.809471
1.0313
0.42241
0.79203
0.898068
0.980293
1.17008
0.899123
1.10093
0.971306
1.43273
0.997725
1.15331
1.40508
1.28699
1.35898
1.30391
0.991031
0.782419
0.958863
0.912708
0.735404
1.18969
1.06051
0.67916
1.23446
1.23158
0.897984
1.09859
1.11205
1.06866
0.981366
0.94021
0.808746
0.832676
1.00416
0.714841
0.771447
0.806463
0.769725
1.36378
0.853444
1.01242
0.908179
0.889636
1.38984
1.32404
1.21469
1.35049
1.30583
1.3121
1.30969
1.21717
0.953715
1.44729
1.04657
1.50871
0.992167
1.27117
1.31607
1.17831
1.26412
1.22486
1.14773
1.42753
1.11749
1.32979
1.01217
0.864597
1.19113
1.03193
1.31678
1.28224
1.1618
1.39936
1.3024
1.44361
1.40129
1.27279
1.4878
1.1117
1.64179
1.77402
1.63577
1.27503
1.64483
1.51866
1.44758
1.49569
1.38327
1.74673
1.27387
1.56433
1.27709
1.7593
1.61425
1.57679
2.06901
1.55863
1.82999
1.56565
1.88499
1.87468
1.88699
1.66098
2.1137
2.0513
2.23641
2.06628
2.36603
2.34586
2.35297
2.01108
2.29759
2.15961
2.0776
1.77328
2.0987
2.17441
1.91085
2.60393
2.29914
2.06753
2.77062
2.41836
2.60061
2.41484
2.43117
2.43509
2.4874
2.26268
2.57803
2.53092
2.72166
2.80299
2.52654
2.75129
2.72086
2.78325
2.78754
3.12559
3.00112
2.67006
2.84373
2.90318
3.27576
2.95299
2.92871
3.20051
3.03951
3.27154
3.5486
3.21061
3.2757
3.24979
3.42606
3.3983
3.18564
3.16504
3.23816
3.28474
3.35713
3.46333
3.57341
3.4728
3.36005
3.68645
3.88386
3.97036
4.21129
3.82333
3.75134
3.75416
3.28977
3.84177
3.85811
3.73597
4.01021
3.69107
3.51896
3.63064
3.56951
3.26488
3.53479
3.81209
3.72296
3.94101
3.49965
3.65646
3.63574
3.87512
3.87535
3.77938
3.47062
3.75267
4.02347
3.83291
3.64321
3.61577
3.61647
3.52256
3.59306
3.93836
4.05653
3.76577
3.63481
4.11428
3.64502
3.90567
4.29208
4.67514
3.79062
3.73651
3.87277
3.90368
4.03101
3.74776
4.16464
4.20194
4.22043
4.02916
4.17305
3.69403
3.76081
3.72271
4.16915
4.06273
4.07879
4.08541
4.53224
3.61892
3.85258
4.14933
4.08939
4.17751
3.93628
3.63185
4.10901
3.97569
3.96607
4.04883
4.42503
3.73781
4.22013
3.99708
4.30699
3.97623
3.9164
4.52584
3.95431
4.22255
4.37052
4.26222
3.76651
3.89817
4.25204
3.87553
4.225
4.13539
4.31831
3.79126
4.06914
4.00578
3.88865
4.06734
3.69922
4.11194
4.21566
4.18244
4.32679
3.89155
3.87486
3.7495
3.7077
3.88068
3.92322
4.0518
3.7444
4.2355
4.07701
3.93168
3.86629
3.83162
3.42123
3.90739
3.53719
3.48276
3.68575
3.26571
3.7128
3.49789
3.404
3.59842
3.47962
3.6305
3.55873
3.56128
3.51676
3.66285
3.43309
3.38248
3.54816
3.34141
3.29185
3.27105
3.25473
3.39429
3.19069
3.51576
3.2122
3.29324
3.29582
3.04812
3.61463
2.98998
2.88833
2.9712
2.9341
3.29876
3.10323
3.22677
3.33249
3.32567
3.20715
2.69213
3.04374
3.11149
2.55864
2.62215
2.48011
2.92058
2.91272
2.70923
2.68079
2.67217
2.57304
2.24248
2.08237
2.55289
2.55309
2.4162
2.05984
2.06186
2.31561
2.21048
2.2385
2.22051
2.24706
1.99266
1.85081
2.01284
2.13276
2.22823
1.89466
1.56061
2.18088
1.84994
1.87652
1.93659
1.58801
1.86294
1.88748
2.10594
1.74128
2.00664
1.85406
2.01313
1.52137
1.78206
1.702
1.67509
1.96914
1.48343
1.38577
2.01362
1.34862
1.57622
1.66929
1.95389
1.48895
1.36328
1.50404
1.26987
1.65867
1.28924
1.27761
1.02318
1.30222
1.32454
1.49258
1.37408
1.29896
1.29307
1.2589
1.53943
1.15014
1.25215
1.50567
0.785546
1.33711
0.929299
1.17043
1.19185
1.03187
1.172
1.2933
0.986332
1.05125
1.19178
1.16023
0.888478
1.21198
1.36936
0.783391
0.824725
1.22674
1.09634
1.14195
1.28345
1.21635
1.32981
0.950509
1.26705
0.979323
1.13265
1.1947
1.25257
1.13584
1.35269
1.30998
1.48428
1.17091
1.38099
1.22226
1.46282
1.53366
1.16251
0.860963
1.45633
1.52484
1.47957
1.41761
1.49542
1.60422
1.856
1.46547
1.88571
1.53855
1.3055
1.3718
1.63641
1.33475
1.35223
1.4941
1.52036
1.90204
1.58851
1.68001
1.74853
1.43456
1.77746
1.29572
1.69549
1.60524
1.4442
1.41498
1.58298
1.35769
1.91735
1.37402
1.81442
1.85218
1.53891
1.75884
1.52662
2.16071
1.7601
2.01414
1.90792
1.89093
1.65326
1.89144
1.81421
2.13254
1.87155
2.0505
1.95534
2.07821
2.25296
1.98533
1.96044
1.91105
1.94919
2.09942
2.22234
1.94587
2.0034
2.35658
2.46407
2.35559
2.19824
2.61532
1.96173
2.41164
2.14288
2.86651
2.56786
2.68754
2.76559
2.22366
2.55028
2.51835
2.59337
2.82587
2.49059
2.41951
2.75273
2.42782
2.24885
2.44554
2.58864
2.55152
2.53797
2.75658
2.70051
2.71075
2.91371
2.92772
2.26581
2.69031
2.85601
2.73231
2.86281
2.89979
2.69714
2.88758
2.87687
3.12509
3.11993
3.52398
3.24897
2.94345
3.35839
3.38089
3.14041
2.80183
2.47663
2.95642
3.00207
3.11418
3.01712
2.6675
2.90791
3.03336
3.25176
3.47433
3.29464
3.34642
3.05438
3.35914
3.01938
3.17863
3.14398
3.27088
3.21107
3.50011
3.09106
3.32479
3.24195
3.5589
3.27884
3.25088
3.31442
3.46848
3.39103
3.75969
3.06687
3.25985
3.2392
3.59732
3.04629
3.36252
3.46698
3.24889
3.39009
3.29599
3.11996
3.61171
3.60304
3.39027
3.7437
3.34018
3.76341
3.63468
3.52807
3.63128
3.42688
3.44465
3.62403
3.29122
3.62932
3.67802
3.55921
3.10823
3.47911
3.20599
2.9833
3.46289
3.45799
3.58208
3.53126
3.51916
3.81602
3.55367
3.74867
3.41125
3.66896
3.41405
3.58889
3.70082
3.63313
3.79911
3.82659
3.75591
3.51777
3.80771
3.42682
3.98516
4.33758
4.45602
4.06619
3.90072
4.32138
4.02595
4.11299
3.7783
3.94401
3.72766
3.67169
4.42074
3.98949
3.69763
4.11238
3.79717
4.12245
4.02058
3.57565
3.95318
3.89577
4.23694
4.06576
4.20182
4.256
4.03551
4.49773
4.25823
4.29402
3.94801
4.17757
4.59033
3.86243
4.78019
4.57752
4.78992
4.59753
4.46442
4.75715
4.63339
4.6877
4.51392
4.30377
4.46632
4.17321
4.43713
4.60628
4.8047
4.89149
4.43035
4.37471
4.5664
4.71616
4.67597
4.48611
4.51176
4.30546
4.26808
4.69944
4.62862
4.86696
4.64169
4.9559
4.68982
4.3231
4.8805
4.88361
4.653
4.80401
4.83132
4.68008
4.71639
4.91837
4.9082
4.98808
4.4564
4.86653
4.57119
4.64226
5.01272
4.97282
4.682
4.69231
4.91294
4.70384
4.39593
4.50164
4.36042
4.38542
4.95455
4.56175
4.18477
4.64894
4.5535
4.10622
4.0185
4.30068
3.85814
3.90126
3.63416
4.13974
4.31339
3.84367
4.04496
4.2653
3.58459
4.05662
4.41235
4.13203
3.50306
4.29371
4.50057
4.02668
4.14159
4.13275
4.04724
4.04091
4.27334
3.81136
3.58307
3.77749
4.00011
3.96682
3.7678
3.62723
3.45046
3.41118
3.95946
3.59913
3.51832
3.69515
3.85206
3.56583
3.45825
3.59344
3.30201
3.13987
3.06465
3.11372
3.67396
3.26563
2.97975
3.26802
2.81187
3.02576
3.01306
3.02485
2.87155
2.82753
2.92932
3.28254
2.71963
2.56093
2.75571
3.00649
2.73687
2.64418
2.31869
2.9704
2.36326
2.48465
2.53194
2.37388
2.53368
2.44793
2.68609
2.81023
2.37491
2.79724
2.71776
2.78408
2.32711
2.59702
2.10011
2.87358
2.7855
2.13923
2.35327
2.29816
2.61394
2.43113
2.55213
2.17846
2.27487
2.39793
2.07379
1.73849
2.38733
1.75266
2.28321
2.38271
2.296
2.18741
2.35088
2.35618
1.57247
2.07695
2.06202
2.22709
1.73434
2.50798
2.00765
1.8907
2.29083
2.29613
1.90948
2.54775
2.0924
2.24818
2.45619
2.0533
2.67156
2.44784
2.62636
2.56456
2.4827
2.4243
2.59241
2.66273
2.7927
3.07347
2.5682
2.63418
2.38665
3.01138
2.52312
2.83885
2.7234
2.91353
3.15935
2.60836
2.9744
3.09539
3.02294
2.70467
2.788
3.03751
3.14209
2.72506
2.774
2.63543
3.10744
3.17175
2.72009
2.75817
3.10506
3.2863
2.92355
3.09585
3.16202
3.3099
3.1394
3.23978
3.57009
3.39482
3.23349
3.52042
3.52836
3.51062
3.45159
3.75555
3.63414
3.58885
3.32234
3.65562
4.12657
3.66539
4.13586
3.66802
4.03991
3.97703
4.41855
4.15252
4.33615
4.59358
4.49638
4.80188
4.63458
4.59719
4.64706
4.43843
4.8807
4.62553
4.6849
4.48162
4.97749
5.216
4.88695
5.4065
5.15805
5.12571
4.91133
5.21936
4.9563
5.06621
4.97837
5.20516
5.41965
4.85713
5.1412
4.896
5.54082
5.13548
5.24218
5.06549
5.07799
5.08745
4.95405
4.84853
5.23719
5.43855
5.28896
5.2884
5.95819
5.40252
5.21643
5.11838
5.42834
4.97086
5.27265
5.49707
5.25678
5.42026
5.05177
4.66077
5.24959
5.56588
5.50237
5.25846
5.3418
4.79879
5.3516
5.02513
5.22526
4.80547
4.87868
4.96885
4.81009
4.74298
4.93304
4.61036
4.75215
4.93059
4.69782
5.3713
5.12297
5.25127
4.96739
4.50455
5.20469
5.1633
5.04778
4.85012
4.93775
5.23314
4.97667
4.94034
5.32489
4.89317
5.13475
4.80953
4.72752
5.19993
4.81105
5.03597
4.55624
4.57369
4.54975
4.75174
4.09183
4.57013
4.51218
4.67944
4.56783
4.55633
4.48141
4.14049
4.59866
4.15125
4.06081
4.27713
4.27042
4.21423
4.51022
4.26106
3.70324
4.32685
4.3847
3.87861
3.92754
4.18713
4.26958
4.11833
3.97449
3.64411
3.94036
3.68464
4.1494
3.70191
3.49363
3.43176
3.2871
2.99439
3.29279
3.27901
3.29346
3.31399
3.01303
3.32967
3.22955
2.90141
3.366
2.99557
2.67519
2.52262
3.02407
2.70341
2.36609
2.42499
2.63263
2.44143
2.95558
2.29848
2.66716
2.31234
2.49246
2.83481
2.54388
2.26762
2.93308
2.55892
2.50339
2.68037
2.20099
2.66002
2.34913
2.47913
2.39353
2.65632
2.4986
2.53356
2.30555
2.76658
2.50138
2.66094
2.66122
2.64234
2.56576
2.24754
3.12631
2.70783
2.52761
2.17031
2.28307
2.56649
2.22428
2.52536
2.61306
2.70311
2.49147
2.09679
2.5807
2.87085
2.74052
2.68868
2.46998
2.60389
2.67277
2.83569
2.8962
2.74503
3.05944
2.79361
2.57359
2.75415
2.76397
2.53746
2.54732
2.73943
2.42989
2.62607
2.73402
2.75514
2.40401
2.41461
2.80315
2.53423
3.34021
2.57171
2.53518
2.55802
2.93198
2.83747
2.59171
2.55126
2.88592
2.42008
2.62916
2.16143
2.5962
2.85783
2.81959
2.7259
2.72272
2.45098
2.81601
2.57066
2.83263
2.97663
2.57787
2.8815
2.73692
2.46197
2.5335
2.57709
2.64029
2.6143
2.7219
2.75045
2.82038
2.48225
2.37078
2.22857
2.69407
2.89948
2.34435
2.54292
2.28698
2.64734
2.47758
2.49933
2.53351
3.06978
2.55006
2.59659
2.70019
2.92405
2.70707
2.92632
2.91198
2.97657
2.41031
2.75045
2.75123
2.33314
2.55375
2.63228
2.68089
2.24776
2.85287
2.53899
2.5954
2.86067
2.45292
2.7616
2.63238
3.1336
2.50483
2.40515
2.4603
2.51433
2.70363
2.9451
2.80858
2.99863
2.89075
2.50406
2.54042
2.79727
2.87025
2.67922
2.74889
2.333
2.98258
2.53153
2.81436
2.62516
2.8971
2.79882
2.46688
2.49213
2.60804
2.88306
2.41343
2.50339
2.66265
2.79575
2.15638
2.1811
2.83056
2.55698
2.53861
2.7778
2.46431
2.15478
2.64017
2.33675
2.79134
2.34523
2.60597
2.51809
2.41874
2.62399
2.93774
2.72963
2.87218
2.66229
2.39298
2.43135
3.04681
2.37226
2.69756
2.75671
2.73738
2.51909
2.39791
2.34247
2.22672
2.68573
2.14489
2.29662
2.37775
2.41511
2.60149
2.59409
2.59534
2.45726
2.45408
2.28663
2.15243
2.35587
2.54318
2.46536
1.84672
1.94214
2.17336
2.33616
2.17058
2.02649
1.93954
2.30481
1.7335
1.73435
1.8983
1.47507
2.14037
1.64156
1.73783
2.17621
1.86027
1.87488
1.97868
1.50565
2.10696
1.82002
1.74731
1.71596
2.04435
1.65615
1.86286
1.77522
1.71968
1.64286
1.71986
1.68517
1.86081
1.61414
1.80448
1.72557
1.67863
1.31949
1.94721
1.61484
1.55844
1.46627
1.79945
1.60348
1.27663
1.07264
1.77965
1.53773
1.54374
1.47961
1.5466
1.185
1.34193
1.26432
1.00443
1.3383
0.911743
1.464
1.27074
1.84962
1.28848
1.2176
0.963385
0.973621
1.33399
1.15522
1.44567
1.52046
1.52079
1.15216
1.07606
1.27698
1.27393
1.27891
1.22364
1.24989
1.22947
0.88443
1.26961
1.06355
1.05414
1.37686
0.869935
1.10081
1.26455
1.15703
0.693198
0.844451
1.00349
1.3515
1.11322
1.17279
0.552675
0.710865
1.04111
0.741241
0.686946
0.871502
0.735375
0.850868
0.645644
0.579639
0.187142
0.595282
0.519254
0.533469
0.785023
0.49455
0.507249
0.77862
0.684163
0.958743
0.249998
0.716714
0.512864
0.527655
0.3633
0.311354
0.347219
0.176683
0.518971
0.192675
0.358766
0.316696
0.278265
0.133198
0.130846
0.555404
0.0915938
0.146259
0.39219
0.0323985
0.144355
0.225792
0.391178
0.309218
0.311867
0.103346
0.244234
0.00165794
0.322937
0.264984
0.106637
0.689915
0.111598
0.451168
0.0468117
-0.069123
-0.16771
0.331922
0.123765
0.394012
0.332767
0.0714173
-0.137805
0.072316
-0.104912
0.173875
-0.0587112
-0.0103683
0.228484
-0.0949169
-0.236375
-0.411194
-0.0656625
-0.0808321
-0.0869565
0.469126
0.155508
-0.0639232
0.273555
0.410061
0.0137961
0.0810614
0.0751336
-0.170133
0.0904916
0.215475
0.209037
0.093971
0.167425
-0.0291386
-0.258414
-0.0322215
-0.180004
0.0748614
0.117641
0.249968
0.291145
0.308222
0.343555
0.493858
0.120143
0.430439
0.190278
0.0608647
0.0209383
-0.112568
0.394987
-0.0452051
0.0913331
0.247401
0.498201
0.383343
0.41667
0.445028
-0.0807704
0.613419
0.430314
0.455704
0.184529
-0.114759
0.123903
0.486009
0.0799093
0.427874
0.203738
0.347965
0.371923
0.199206
0.377846
0.0398786
0.339573
0.1486
0.0936027
0.0791054
0.281922
0.0821006
-0.0334822
0.464175
0.458281
0.0937045
0.468753
0.407304
0.321882
-0.0894716
0.225132
0.168113
0.189195
0.0497303
0.0914953
0.105147
-0.197672
-0.13929
0.175838
0.0210731
0.310817
0.361857
-0.00268793
0.118594
-0.0570613
0.559175
0.569554
0.238255
-0.076641
0.365429
0.181703
0.164799
-0.471556
-0.209015
0.234814
-0.306134
0.333229
0.239851
-0.0340899
-0.186762
0.23569
-0.353227
0.198857
0.272702
-0.0594282
0.137456
-0.434212
0.0124416
0.367441
0.0640071
-0.0815599
-0.0552241
0.237238
0.044797
0.111127
0.0621011
0.425033
-0.0326162
-0.0208729
0.100174
-0.100619
-0.0473956
0.334166
0.215505
0.0676453
0.0346665
0.266133
0.0823117
-0.14869
0.404831
-0.147149
0.210111
0.0837379
0.259793
-0.378013
0.0647483
0.0631501
0.238507
-0.0746186
-0.268647
0.31051
0.360438
0.397802
0.329386
-0.0109624
0.0661383
-0.0500154
0.316783
0.0433029
0.10871
0.294176
0.078424
0.355843
0.124056
0.402085
0.157515
0.221553
-0.173491
0.556661
0.106736
0.495914
0.132111
0.465485
0.250781
-0.0282412
0.174627
0.412767
0.105442
0.0567038
0.0132557
0.420083
0.420822
0.345751
0.376163
0.521053
0.369794
0.124851
0.323666
0.318096
0.0926572
-0.00256885
0.304563
0.278616
0.572893
-0.150881
0.561341
0.469012
0.0751714
0.149658
0.479041
0.216556
0.2571
0.325206
0.196718
0.581309
0.285973
0.447573
0.797132
0.189147
0.598797
0.44198
0.32152
0.683132
-0.012521
0.0913701
0.472597
0.283027
0.420785
0.218951
0.43961
0.297674
0.252599
0.333329
0.350915
0.554845
0.717105
0.864738
0.1344
0.962547
0.603102
0.331695
0.336443
0.50411
0.351
0.755006
0.526654
0.46076
0.415957
0.403187
0.387309
0.654362
0.622553
0.458876
0.237163
0.516895
0.423926
0.328541
0.579841
0.738769
0.574272
0.55891
0.456419
0.263911
0.333669
0.795659
0.78778
0.821623
0.112958
0.642611
0.364526
0.264182
0.395402
0.850369
0.86379
0.390386
0.47251
0.487151
0.80003
0.55983
0.740393
0.284529
0.352578
0.0294262
0.224959
0.667078
0.763269
0.324132
0.559945
0.307907
0.599062
0.622751
0.599854
0.860234
0.847119
1.08092
0.51541
0.820822
0.446216
0.361762
0.613281
0.454115
0.65053
0.44784
0.92241
0.734718
0.648815
0.5176
0.587666
0.356735
0.276649
0.492932
0.158744
0.551332
0.918517
0.340442
0.500372
0.750513
0.53312
-0.139756
0.455964
0.700592
0.136218
0.116492
0.632622
0.452109
0.401314
0.204436
0.111093
0.414883
0.0868002
0.544076
0.213701
0.376157
0.177901
0.0667529
-0.00164888
-0.369284
0.432443
0.389521
0.413792
0.499634
0.106761
-0.149906
0.282168
0.117842
0.232527
-0.0816441
0.226196
-0.210525
0.305602
0.227707
0.266508
-0.109264
-0.130043
0.132322
-0.12717
0.401439
-0.0827614
0.225884
0.531958
0.294905
-0.185526
0.170011
0.177196
0.0284602
0.0728358
0.0732124
0.179303
0.203231
0.399843
-0.119238
0.340528
0.229192
0.677531
0.374272
-0.20841
0.0961843
0.139641
-0.0850968
0.0453922
0.049803
-0.1812
0.321045
0.0440779
-0.14394
0.093999
0.174663
0.141195
0.328697
0.219922
-0.0668011
0.0256449
-0.253288
0.431459
0.22212
-0.143991
0.122047
0.0696094
0.10503
-0.501248
-0.212353
-0.403205
-0.13082
-0.612439
-0.467117
-0.124967
-0.654907
-0.216522
-0.327306
-0.416038
-0.308935
-0.13639
-0.569991
-0.159209
-0.310807
-0.29893
-0.0409501
-0.354958
0.111277
-0.567002
-0.138464
-0.284114
-0.0316331
-0.119626
-0.0966055
-0.155337
-0.00565954
-0.0546813
-0.0614817
-0.157157
0.028015
-0.208177
0.026831
-0.0045294
0.188372
-0.108958
-0.0156166
0.0818901
0.0106484
-0.204932
-0.201387
-0.0278029
-0.0744439
-0.177596
-0.239265
-0.0791921
-0.213175
0.125756
-0.488044
0.0157076
-0.265677
-0.532526
-0.0136293
-0.0883436
0.127605
-0.0226879
0.284995
0.0825113
-0.156189
0.330943
0.00928613
0.441767
0.0531918
0.189948
0.49905
0.148648
0.0376659
0.106327
0.0521111
0.294602
0.350049
0.211206
-0.0492572
0.239344
-0.0115197
0.123546
0.0887531
0.235781
0.0686024
0.336048
-0.155046
0.296002
0.216534
0.465219
0.577589
0.0684235
0.664967
0.363891
-0.0190653
0.426071
0.110574
-0.0810335
0.405932
0.0650908
0.44606
-0.0145957
0.30059
0.0098617
0.0700395
0.166625
0.203068
-0.101669
0.0492188
0.15442
0.0597979
0.0417323
0.834627
0.233026
0.178045
0.28613
0.113965
0.0444298
-0.121725
-0.126034
0.00542538
0.158739
-0.25272
0.0443345
-0.141575
-0.144126
-0.192224
-0.0118531
0.176781
0.174468
0.203024
0.04614
-0.314912
0.196723
0.015497
-0.0263305
0.0116565
0.421451
0.230969
0.0544294
0.0637775
0.386525
0.0670189
-0.152841
0.265463
0.0693819
0.254983
0.0448954
0.0392829
-0.032881
-0.179712
0.288639
-0.148692
0.036728
0.0790736
0.0609928
0.196354
0.061898
-0.11179
-0.221732
-0.0556115
0.12392
0.101695
-0.207283
-0.0251032
0.259173
0.578327
0.135569
0.0180548
0.339272
0.0969259
-0.0512932
0.00770941
0.200751
-0.450798
0.0832629
-0.128783
0.0325238
-0.163653
0.214128
0.149036
0.12784
0.204039
-0.130575
0.246996
0.190719
0.707538
0.0845053
0.174773
0.1108
0.225109
-0.0378865
0.206588
-0.00957884
0.057758
0.139879
-0.312438
-0.0581927
0.148204
0.118867
-0.155935
-0.0992707
0.566872
0.368366
0.242076
0.159238
0.0109546
0.181601
0.137568
0.0152195
-0.0847965
-0.477871
-0.109119
0.154886
0.0960693
0.13907
0.145374
0.0543031
0.21209
0.07431
0.370442
0.157567
-0.0944288
-0.00594966
0.248768
-0.0758125
-0.125201
-0.00649317
-0.180863
0.3415
0.102652
0.0707139
0.0956437
0.612614
0.228984
0.180838
0.311236
0.0228403
0.381963
0.190709
-0.000570589
-0.0831605
0.201308
-0.0469638
0.0587133
0.111414
-0.0860094
-0.127087
-0.420044
0.0432318
-0.37965
0.133863
0.172931
-0.287866
0.116249
0.403922
0.330996
-0.231058
0.0766237
-0.0575626
0.0262954
0.111634
-0.0772182
0.229458
0.218096
-0.0792397
0.383667
0.099518
0.117636
-0.053549
0.172832
-0.171878
0.556478
-0.183566
0.125912
-0.161525
0.140033
0.730916
0.292346
0.263753
-0.134781
0.341927
-0.0351208
0.196166
-0.126721
-0.0997263
0.0977058
-0.305066
-0.101007
-0.112524
0.0661121
-0.393368
0.294311
-0.112672
0.133257
0.226523
-0.279282
-0.287579
-0.197598
-0.364012
-0.302572
0.244159
0.0939617
0.368505
-0.00931469
0.143636
0.276708
-0.107811
0.0947428
0.0123732
0.271922
0.220205
-0.0508778
-0.121117
0.32589
-0.126575
-0.00965528
-0.00897811
-0.178801
-0.34985
0.132741
0.111377
0.028616
0.255992
0.301154
0.328009
0.369984
0.276882
0.138174
0.328281
0.0429459
0.0826961
-0.216941
0.300096
0.274214
-0.0844772
-0.159131
-0.221994
0.0903387
0.0181233
-0.159526
0.163538
0.156424
-0.24534
-0.215667
0.0815602
-0.29137
0.245492
0.0722342
-0.26654
7.39268e-06
-0.412551
0.208644
-0.356699
0.039428
0.213942
0.237899
0.164561
0.488872
0.102086
0.386392
-0.259014
-0.057339
-0.148237
-0.394088
-0.271533
-0.255369
0.314012
0.201736
0.0844936
0.0516922
-0.315422
0.547763
0.251365
0.266134
-0.220662
-0.347724
-0.138253
0.379948
0.024268
-0.130724
-0.0113206
0.337354
0.037138
0.00661404
-0.00697759
-0.264807
0.271929
0.132729
0.0483621
0.350872
0.156434
-0.223433
-0.113092
0.35243
-0.0753419
-0.117608
-0.0545162
0.223643
-0.0808854
0.377914
0.378535
-0.238807
-0.0692455
0.170926
-0.0395473
-0.110328
-0.0254322
0.0912307
0.00373473
0.154191
0.0533552
0.413236
0.201149
-0.0882325
0.0208291
-0.100972
0.163154
-0.084556
0.386846
-0.0460121
0.0935524
0.149168
0.248738
0.0199437
0.0938348
0.191712
0.317086
0.0947376
0.0347875
0.208172
0.154143
0.0202538
0.248666
0.0422988
-0.2231
0.0934969
0.136789
0.363944
0.206409
0.448292
0.138281
0.335941
-0.273524
-0.471034
0.0566849
0.290721
0.0278654
-0.0252137
0.205152
-0.0377667
-0.230675
-0.115698
0.0565697
0.0185592
0.105055
0.0352583
0.270154
-0.0602759
-0.347232
-0.261067
-0.0981035
0.257044
0.361564
0.014961
-0.14116
0.136492
0.00796402
-0.151734
0.246834
0.276921
0.0289702
0.160661
0.108866
-0.176072
-0.109501
0.267007
0.0064053
-0.150742
-0.362147
-0.197556
0.260161
-0.219692
0.0825152
-0.230781
0.258085
0.116583
0.0791483
-0.0620764
-0.213429
-0.0497561
-0.0905895
0.145743
-0.12331
-0.183217
-0.0314531
-0.0664447
0.0621953
0.28352
-0.0637665
0.0032628
-0.08173
-0.0039039
-0.237278
-0.0710079
-0.245449
0.0645617
0.0570818
-0.152592
0.309343
0.161274
-0.0031121
0.0499868
0.169879
0.152697
-0.0797008
0.267926
0.229667
-0.0771019
-0.172935
0.298522
0.205974
-0.311756
0.350866
0.0503124
-0.110569
-0.0886578
0.0775033
0.0381378
0.125392
-0.141922
0.312768
0.235643
0.112089
0.0795973
0.00243647
0.132856
0.110194
-0.0158942
-0.127855
-0.639804
0.0127817
-0.0341538
0.0924506
0.166044
-0.0569804
0.304288
-0.0557095
0.649687
0.21498
0.229395
0.166385
0.0812977
-0.0220529
-0.237069
0.175811
-0.0271879
0.242301
0.142158
0.0138025
-0.212366
0.25185
0.0244924
0.0714866
0.10048
0.239788
0.356584
0.217669
0.105872
0.249256
0.188339
0.230994
0.172798
-0.104453
-0.0931552
-0.227957
-0.0289822
0.188086
0.286777
-0.401214
0.535075
0.143924
0.0730827
0.0599142
-0.0525622
0.190795
0.0651233
0.0658678
-0.0392595
0.383737
0.275493
-0.087655
0.238453
0.449847
0.176144
0.0414084
0.154429
-0.147225
0.402187
0.375571
-0.102069
0.25616
0.0353109
0.26456
0.120438
0.236961
0.503237
-0.114378
0.0869892
0.34693
-0.00601898
-0.0144638
0.259378
0.0408863
-0.0430745
0.0612076
0.167163
-0.0203804
0.385895
-0.0260001
0.473459
0.191881
0.116093
0.0197115
-0.120647
0.11222
-0.205164
-0.0846469
-0.0991929
-0.353693
0.25756
0.348721
-0.0660632
-0.0187159
0.174836
0.164721
0.354027
0.211884
0.203774
0.229787
0.319716
0.019205
0.0502398
0.202952
0.0268528
0.12491
0.441423
0.060703
0.374543
0.124198
0.112077
0.138745
-0.232789
0.168409
0.0983171
-0.00379129
0.201881
0.297107
0.0112625
0.314499
-0.0157058
0.0974366
-0.362107
0.0378717
0.268699
0.154704
0.396432
0.623654
0.0734714
0.0442395
0.30105
0.212769
0.0155627
0.0636691
0.0974173
0.352937
0.153214
0.0698905
0.402835
0.160666
0.514851
0.194571
0.0762276
0.0350734
-0.205777
-0.0235544
-0.184618
-0.107147
0.167266
-0.0214869
0.104833
0.392302
-0.0682043
0.0164564
0.420286
0.385036
-0.00483756
0.151448
0.326625
-0.096323
0.10311
0.278771
0.556501
0.0969497
0.245473
0.569835
0.13017
0.321194
0.447651
0.64413
0.125116
0.127672
0.0309077
0.143833
0.157704
-0.0676897
0.115279
0.283223
