0.234654
0.211362
0.220706
0.132983
0.306699
-0.16884
0.714658
0.518572
0.482473
0.545085
0.248206
0.198676
0.325281
-0.229908
0.327309
0.561988
0.553546
0.188928
0.284223
0.241222
0.191463
0.00750617
0.463505
0.515878
0.195704
-0.0575091
0.282986
0.239465
0.573195
0.39848
0.381749
0.337702
0.531351
0.287569
0.28178
0.499138
0.0554052
0.41118
0.122551
0.0395333
0.288907
0.100352
0.288813
-0.166118
0.389335
0.0660061
0.442409
0.370534
0.402616
0.242608
0.192641
0.0693462
0.0362087
0.226269
0.0308884
0.156604
0.263163
0.456151
-0.0359008
0.160215
-0.0490765
0.227193
-0.0892167
-0.0485155
0.328481
-0.0472035
-0.23403
0.0577418
0.335501
0.247816
0.208672
-0.107756
0.420011
0.235896
0.341665
0.0734731
0.276813
0.362299
0.190372
0.0605926
-0.0136927
-0.122423
0.218401
0.126891
0.336597
0.392457
0.124487
0.0960148
0.52545
0.145932
0.206778
-0.033469
-0.0469502
0.359467
0.0783998
0.415976
0.547061
0.129154
0.0795251
0.0410188
0.310747
0.360581
0.0717209
0.181073
0.271324
0.158088
0.524592
0.231297
0.145495
0.0675386
0.532849
-0.0844754
0.111594
0.553474
0.158383
-0.0218073
0.440145
0.0290639
0.398339
0.328433
0.170271
0.170271
0.170271
0.340656
0.352531
-0.0342388
0.144075
0.231487
0.202929
0.291256
0.249173
-0.0641316
0.0750056
-0.0140184
0.324064
0.13933
0.22014
0.401834
0.335421
0.0757964
0.137154
0.310593
0.537258
0.817461
0.3841
0.268397
0.316344
0.241401
0.185362
0.378279
0.049485
-0.0343035
0.190478
-0.247139
0.137437
0.276558
0.13761
0.132256
0.291872
0.288647
0.347509
-0.277646
0.17364
0.24353
0.0418136
-0.287102
0.248017
0.264703
0.181435
0.485406
0.112892
-0.0528428
-0.122236
0.0472336
0.14865
0.18101
0.197851
0.143017
0.140862
0.263797
-0.118731
-0.129471
0.344963
0.302745
0.00551571
0.442881
0.258616
0.383613
0.220027
0.183676
0.0524791
0.118066
0.295506
-0.0839432
0.084797
0.245177
0.123439
0.0105024
0.170762
-0.0524307
0.0988851
0.227684
0.586601
0.176084
0.051438
0.526783
0.555658
0.413811
0.244836
0.507536
0.483168
0.107267
0.036392
-0.0190067
0.285097
0.209502
0.338058
0.295307
0.337973
0.517855
0.307245
-0.0489264
0.0556808
-0.016422
0.368279
0.0599408
0.18947
0.163262
0.272706
0.0940533
0.243088
0.289479
0.118925
0.0502375
0.262109
0.0535747
0.447644
0.41349
0.0168263
-0.00241857
0.263958
-0.117397
0.633184
0.334517
0.172457
0.301111
-0.0879137
0.522762
0.438663
0.374987
0.333474
0.114025
0.723535
0.387305
0.340376
0.133992
0.235088
0.381113
0.397527
0.193327
0.174992
0.324304
0.132538
0.156891
0.102553
0.446595
0.213718
0.107696
0.403317
0.116933
0.181214
0.195253
0.222873
-0.216976
0.0559843
0.130688
0.102981
0.147424
-0.0947958
0.246024
0.537217
0.609149
0.373545
0.224494
0.231406
-0.229406
0.193644
0.117941
0.497252
0.208908
-0.00498549
-0.0384518
0.303378
0.0909033
0.248494
0.281008
-0.12517
0.32463
0.331053
0.422798
0.206452
0.0854821
0.23742
0.00649827
0.284861
0.144916
0.255455
0.0977696
0.210521
0.0432191
0.278932
0.00168272
-0.0252725
0.445792
0.0330918
-0.0839032
0.284966
0.264544
0.208654
0.15088
0.208533
0.245735
0.0849511
0.393779
0.653026
0.226368
0.598255
0.130593
-0.0662897
0.69566
0.356475
-0.0495468
0.367102
0.313505
0.196909
0.141723
0.142505
0.298023
0.288555
0.328416
0.447413
-0.137328
0.0503337
-0.152594
0.351606
0.104018
0.445802
0.522018
0.420137
0.299585
0.350551
0.14251
0.247049
0.580514
-0.0258463
0.209916
0.124139
0.0842813
0.426142
0.247848
0.00881919
0.444273
0.273816
0.248971
0.286063
-0.0339679
0.54183
0.156409
0.640098
0.381297
0.18444
0.0908076
0.321727
-0.145558
0.393421
0.223441
0.374447
0.108269
0.359397
0.274851
-0.0798891
0.164234
0.239623
0.352903
0.0449434
0.406158
0.405532
-0.144813
0.506686
0.0592202
0.507119
0.325063
0.324193
0.225925
0.312624
0.210013
0.411228
0.0983208
0.047151
0.426718
0.200958
0.0690146
0.426636
0.306987
0.592473
0.346879
0.334003
0.289851
0.177278
0.425901
0.566795
0.368173
-0.0893812
0.168207
0.284196
0.15185
0.227968
0.328133
0.131282
-0.191396
0.310889
0.19612
0.219057
0.186838
0.504052
0.195217
0.227815
0.289616
0.555259
0.368085
0.277824
0.215002
0.0455166
0.414016
0.54851
0.239346
0.380509
0.350244
-0.0720704
0.495989
0.207463
0.393233
0.456544
0.505857
0.463893
0.045354
0.367934
0.482758
0.110841
0.897968
0.698706
-0.0310879
0.650148
0.206085
0.249128
-0.00870921
0.203531
0.470509
0.626997
0.374754
0.317293
0.231278
0.126203
0.0868453
0.289719
0.662561
0.428236
0.682769
0.343919
0.283381
0.305699
0.190398
0.230054
0.146946
0.326001
0.316406
0.160279
0.224733
0.503078
0.451255
0.528602
0.749982
0.448196
0.486953
0.740554
0.572465
0.130371
0.539361
0.226911
0.7589
0.611329
0.239666
0.53105
0.279799
0.608558
0.8287
0.261292
0.236271
0.458051
0.669015
0.750488
0.202287
0.653703
0.607221
0.306583
0.484141
0.8419
0.0534589
0.474299
0.461607
0.547409
0.153366
0.324576
0.731252
0.167943
0.674157
0.994552
0.361643
0.277149
0.617762
0.218743
0.502729
0.581959
0.236971
0.268414
0.732764
0.347877
-0.187735
0.51696
0.661243
0.654348
0.0288405
0.295078
0.467202
0.460018
0.221092
0.295912
0.25902
0.703787
0.431474
0.833961
0.603983
0.804554
0.483935
0.299651
0.285337
0.0841354
0.321218
0.293115
0.42775
0.463413
0.364351
0.576267
0.0857838
0.348283
0.497769
0.303388
0.220307
0.720765
0.186563
0.735397
0.224937
0.279813
-0.113832
0.15078
0.535304
0.464383
0.315919
0.547506
-0.0266397
0.235891
0.249988
0.487129
0.221703
0.2123
-0.20496
0.624617
0.627535
0.521458
0.269949
0.42531
0.127289
0.397443
0.498023
0.196763
0.537041
0.41616
0.138832
0.34029
0.223736
0.456027
0.489098
0.08562
0.0844917
0.0354135
0.108244
0.409088
0.234194
0.388476
0.467788
0.698817
0.287946
0.745584
0.137389
0.395091
0.125842
-0.162371
0.172166
0.460487
0.402659
0.301501
0.438233
0.268369
0.0187583
-0.243234
0.259127
0.333018
0.495079
0.311535
0.0467811
0.241759
0.262252
0.197711
0.575878
0.164181
0.133482
0.437994
0.303841
0.0298313
0.105882
0.0298236
0.185746
0.274077
0.102347
0.180426
0.12721
0.393109
0.327303
0.0883577
0.00119355
-0.197641
0.500203
0.399299
0.103007
0.165138
0.723818
0.432541
0.126011
0.187421
0.475563
0.638623
0.561191
0.512381
0.229781
-0.0228534
0.523916
0.708379
0.10887
0.23855
0.403712
0.332018
-0.147847
0.0727707
0.0778102
-0.112174
0.325417
0.251381
0.554729
0.256228
0.147275
0.0738316
0.214601
-0.199242
-0.0431016
0.177156
0.389877
-0.0483243
0.406
-0.0361448
-0.0700811
0.274781
0.344175
-0.0955052
0.423843
0.359833
0.202655
0.393202
0.218806
0.395394
0.694229
0.0651226
0.482832
0.165308
0.308673
0.0271476
-0.0774181
0.341199
0.510177
0.0784173
0.471399
0.270909
0.3301
0.458789
-0.0121186
0.181088
0.197092
0.631892
0.192164
0.312175
0.045619
0.507831
0.480432
0.36143
0.692168
0.0671116
0.0783804
0.497402
0.0936362
0.491146
0.115507
-0.0602101
0.107444
0.114713
0.45737
0.391416
0.634959
0.379779
0.0632697
0.332063
0.191741
0.53736
0.307655
0.346927
0.687444
0.127564
0.612344
0.604499
0.403521
0.160673
0.324634
0.230375
0.148703
0.0788911
0.231141
0.63219
0.21437
-0.0460497
-0.0483919
0.234577
0.146862
0.399123
0.16505
0.321599
0.581854
-0.175695
0.447876
0.210954
0.133019
0.086572
-0.257021
0.119167
0.121628
-0.141034
0.26247
0.152287
0.419467
0.149116
0.0129971
0.154203
0.602073
0.171136
0.172937
0.300041
0.28182
0.160368
0.5936
0.476264
0.467455
0.176109
0.317154
-0.166289
0.493217
0.208979
0.337483
0.487857
0.473206
0.170675
0.402743
0.252025
-0.00100204
0.123297
0.206692
0.00596092
0.34541
0.23746
-0.183825
0.190312
-0.147652
0.0445451
0.258508
0.279864
0.22761
0.579641
0.441621
0.714465
0.366778
0.721844
0.381923
0.285849
0.651361
0.11765
0.275571
0.392613
0.0958508
0.390237
0.187215
0.0498792
0.0198892
0.507108
0.270029
0.215492
0.37844
0.171867
0.120183
0.238237
0.477729
0.294804
0.485403
0.0457661
0.308088
0.226944
0.164153
0.451402
0.216802
0.429679
-0.051891
0.213799
0.128299
0.187
0.656299
0.0971967
0.519145
0.320862
0.302952
0.834655
0.384367
0.560586
0.207111
0.132844
0.298307
0.453724
0.301268
0.0738852
0.192271
0.155485
0.392196
0.0109055
0.288684
0.340195
0.403976
0.450358
0.358686
0.0760399
-0.186831
0.209602
0.359738
0.340684
0.436612
0.345699
0.43641
0.491429
-0.0401366
0.330478
0.230966
0.00691318
0.325801
-0.101664
0.253809
-0.00624703
0.378487
0.316232
0.0833062
0.264982
0.566156
-0.0944533
0.571978
0.280939
0.204359
0.746967
0.577147
0.35367
0.359882
0.0446949
0.606659
0.474997
0.265908
0.333468
0.298665
0.281936
0.471876
0.29951
0.247986
-0.0154532
0.324574
0.203488
-0.0249569
0.617694
0.217361
-0.163997
0.124941
0.230142
0.479929
0.0391358
0.295742
0.514531
0.711441
0.383635
0.32208
0.109473
0.587704
0.342395
0.112309
-0.128487
0.210382
0.373004
0.259922
0.336358
0.0405539
0.218271
0.157735
0.0927865
0.238108
0.607646
-0.0999327
-0.0470941
0.374473
0.285335
0.335774
0.167447
0.199278
0.745568
0.227294
0.410762
-0.0110647
0.0275658
0.0719989
0.113892
0.651183
0.499478
0.23535
0.518586
0.492298
0.275853
-0.022139
0.186874
0.507766
0.279902
0.181109
-0.0394139
0.359592
0.111763
-0.00770866
0.294675
0.0214481
0.433401
0.656104
0.339656
0.0572778
-0.304044
0.505359
0.272021
0.378588
0.0378468
0.0732148
0.101364
0.42864
0.228956
0.273755
0.244576
0.0840289
0.0194567
0.136518
0.0660493
0.191623
-0.0573744
0.215554
0.146349
0.456267
0.349253
0.593252
0.459592
0.597733
0.101727
-0.312616
0.591864
0.425035
0.473677
0.41429
0.0595769
0.322023
0.67279
0.109673
0.169874
0.224354
0.379493
0.101408
0.527324
0.48871
0.310969
0.48054
0.579748
0.1272
0.359566
0.393539
0.0721067
0.152349
0.449626
0.364926
0.30296
0.157564
0.456154
0.482561
0.408912
0.424721
0.302668
0.713301
0.083184
0.32998
0.103861
0.254759
0.294472
0.0991839
0.201881
0.222397
0.312471
0.220457
0.172517
0.136421
0.300277
0.320451
-0.0832227
-0.047968
0.468891
0.608019
0.247569
0.60784
0.00325528
0.13992
0.619829
0.0545351
0.20501
0.436693
0.293373
0.229479
0.290334
0.158673
0.0359948
-0.0412774
0.378859
0.0778306
0.428015
0.161103
0.413602
0.340196
0.195495
0.53994
0.763298
0.402346
0.0213143
-0.114981
0.152202
0.195727
0.108372
0.161385
0.23274
0.173641
0.259932
0.273652
0.377549
-0.0701945
0.111984
0.301855
0.0938156
0.110679
0.44032
0.624581
0.597741
0.407753
0.427438
0.422943
0.480364
-0.237288
0.181416
0.403287
0.487288
0.179103
0.0731706
0.276793
0.464427
0.190962
0.521165
0.326611
0.703719
-0.162537
0.0168925
0.182382
-0.00685029
0.286037
0.554369
0.0931259
0.123279
0.307675
0.290233
0.152553
0.421276
-0.0829007
0.0972981
0.338451
0.680839
0.111461
0.118112
0.32819
0.16229
0.154092
0.323287
-0.268191
0.54215
0.158486
0.050072
0.184474
0.0291939
0.225685
0.268375
0.533851
0.190924
0.435645
0.358928
0.259442
0.526465
0.282865
0.198956
-0.139731
0.15641
0.603992
0.251867
0.283155
0.64593
0.573431
0.207482
0.262236
0.0668388
0.328301
0.110373
0.401744
0.536245
0.38142
0.423727
-0.0190896
0.0867974
0.493158
0.281217
0.109826
0.280448
0.339319
0.386793
0.22357
0.158779
-0.0460803
-0.251238
0.0556416
0.608567
0.407512
0.663081
0.0803393
-0.161792
-0.0255583
0.392582
0.212342
0.149565
0.262184
0.37638
0.100044
0.0994507
0.267836
0.173301
-0.153609
0.486899
0.398288
-0.2662
0.297311
0.250248
-0.017146
0.231998
0.0879324
0.330322
-0.197695
0.104401
0.442586
0.132147
0.0646767
0.548051
-0.110424
0.00318551
0.0785053
0.206638
0.0259076
0.0710778
-0.086617
0.0469582
0.0335113
0.195418
0.174453
0.383974
0.423902
-0.197707
-0.262117
-0.376496
0.0198725
0.00260851
0.127464
0.0942657
0.477863
-0.138258
0.0785588
0.445655
0.305275
0.117103
0.0719285
0.298096
0.0479413
0.133685
0.0167628
-0.132198
0.302038
0.32398
0.0344318
0.0536917
0.409179
-0.0619765
0.514413
0.28623
0.0255452
-0.157661
0.15105
0.260598
0.496309
0.240093
0.399334
0.539748
-0.24727
0.39688
0.352527
-0.233136
0.355102
0.490772
0.190857
0.661571
0.57034
0.203249
-0.249958
0.476812
0.390997
0.253126
0.402452
0.105857
0.171395
0.451637
0.222517
0.393637
0.348146
0.0412512
0.276328
0.484502
-0.0284107
0.412412
0.146378
0.311706
0.239364
0.270304
0.183825
0.357239
0.591396
0.22318
0.536886
0.486739
0.0405137
0.250079
0.213097
0.241122
0.155685
0.273782
0.222951
0.188379
0.0802247
0.662486
0.0705867
0.275515
0.157439
0.488995
-0.0261014
0.662507
0.397408
-0.184918
0.525188
0.127673
0.60193
0.0182682
0.463809
0.442842
-0.0252113
0.136596
0.106774
0.485904
0.0378102
0.291233
0.231216
0.428856
0.0971431
0.530138
0.589648
0.317376
0.270586
0.321615
0.505611
0.289727
0.350859
0.483301
0.331054
0.337972
0.280048
0.149096
0.592109
0.186824
0.366677
0.582918
0.195968
0.400483
0.502043
0.392293
0.460806
0.200813
0.0746141
0.314049
0.817336
0.400348
0.391427
0.398448
0.67018
0.31699
0.992774
0.0970486
0.40349
0.0475541
0.185476
0.246912
1.09188
0.423391
0.330154
0.32567
0.407611
-0.0759054
0.521485
0.453276
0.23248
0.139177
0.263229
0.180266
0.403688
0.286518
0.297015
0.434446
0.17436
0.305321
0.268446
0.318379
0.327741
0.324034
0.336497
0.78576
0.543341
0.063484
0.615772
0.366597
0.528622
0.713733
0.367974
0.195557
-0.0988096
0.290114
0.128509
0.394038
0.606941
0.786944
0.724887
0.720802
0.241137
0.037927
0.475056
0.686152
0.642471
0.368774
0.235026
0.356629
0.744687
0.457522
0.151725
0.522062
0.496167
0.892235
0.571004
0.430741
0.456396
0.537928
0.342257
0.251231
0.325204
0.375038
0.125861
0.278035
0.515964
0.17023
0.709113
0.290707
0.461575
0.196673
0.184804
0.371687
0.327803
0.456333
0.480741
0.566836
0.467257
0.0923055
-0.0193328
0.0117148
-0.0649015
0.479334
0.173929
-0.156243
0.0737485
-0.282374
0.429533
0.241886
0.162785
0.264116
0.154466
-0.140618
0.360913
0.327151
0.0844559
0.411366
0.48686
0.394452
-0.0906627
0.811986
-0.407601
0.659148
0.919686
0.77434
0.636735
-0.0502782
0.930859
0.305393
0.693787
1.08237
-0.203555
0.710412
0.0919812
0.576977
0.418816
0.805284
0.644991
0.340056
0.878309
0.264443
-0.354758
0.910169
0.0680896
0.27055
0.240927
0.299585
1.16855
-0.111072
0.808877
0.891247
0.645024
0.879183
0.70612
0.212107
1.08181
0.141994
0.782223
0.622907
0.484144
0.239265
0.295608
-0.0723955
0.360815
1.12952
0.623313
0.0146266
0.500003
0.0883072
0.685517
0.22492
-0.134364
0.661079
0.496802
1.00833
-0.108529
0.29849
0.316134
0.208854
0.0740034
0.263046
0.180602
-0.0205177
0.389549
0.00857377
0.293623
0.505829
0.70684
0.753887
0.339122
0.453814
0.430577
0.434231
0.42259
0.367004
0.363619
0.45819
0.492238
1.01165
0.294414
0.0726116
0.624741
0.125497
0.285162
0.657038
0.0264965
0.698203
0.421991
0.378512
0.456369
0.409765
0.367482
0.824925
0.414338
0.375311
0.427704
-0.170245
-0.0269784
0.520914
0.937062
0.29704
0.301485
0.370364
-0.143391
0.210328
0.136842
-0.035442
0.358989
0.271185
0.772331
0.986559
0.258958
0.532433
0.820959
0.485196
0.182788
0.363157
-0.269931
0.446684
0.273602
0.223855
0.0151025
0.315172
0.0765096
0.159139
0.619645
0.121346
0.0709938
0.440243
0.105142
0.0394601
0.407241
0.0320698
0.472197
0.624392
0.479132
0.393416
-0.0321752
0.0265131
0.446418
0.257165
0.50547
0.374456
0.222746
0.283855
0.0212578
0.149233
-0.142516
0.750929
0.499075
0.554316
0.84354
0.0902563
0.136964
0.601648
0.313703
0.113611
0.246532
0.265812
0.259489
0.562722
0.411624
0.302983
0.220106
0.0686636
0.0927471
0.938208
0.33754
0.236181
0.0533065
-0.160134
0.143553
-0.0500644
0.369546
0.402516
0.931694
0.308401
0.358807
0.436719
0.277598
0.532133
0.69617
0.284768
0.241358
0.259445
0.320535
0.0442183
0.211882
0.361899
0.274943
0.00815763
0.76585
0.190619
0.182329
0.230246
0.276763
-0.250767
0.0684226
0.494817
0.292589
0.229511
0.0906108
0.292299
0.0160438
0.205621
0.32833
0.0164516
0.585558
0.141767
-0.0744491
-0.00668926
0.237771
-0.0537232
0.0827161
0.314352
0.426753
-0.196325
0.167378
0.326961
0.209868
0.245881
0.622322
0.247188
0.727337
0.499613
0.236659
1.00216
0.52985
0.851493
0.982535
0.76777
0.679298
0.573161
1.19132
0.884004
0.6607
1.19223
0.467144
0.476162
0.637204
1.01099
0.490053
0.713843
0.648539
0.778783
0.780051
0.783271
0.93848
0.515307
0.693371
0.487221
0.39209
0.668604
0.59576
0.669036
0.518842
0.42082
0.65533
0.618555
0.537471
0.750551
0.481545
0.698347
0.414629
0.63424
1.02028
1.03132
1.09577
1.01444
0.842874
1.03518
0.875504
0.693013
1.06991
0.876139
1.11225
0.896922
0.663693
0.860853
0.980534
0.898388
0.982024
0.890989
0.905943
1.29612
0.907907
0.958202
1.13501
1.23889
1.10385
0.643017
1.12635
1.32383
0.609685
1.06366
0.730912
0.56113
0.869427
0.352117
0.837787
0.849591
1.10542
0.405996
0.92486
0.355766
0.736077
0.608312
0.729733
0.634584
0.0664991
0.891075
1.0323
0.64747
0.31048
0.272836
0.888201
0.394062
0.553615
0.741574
0.685868
0.636062
0.220372
0.383282
0.274463
0.657273
0.609612
0.109685
-0.006812
0.728282
0.229225
0.273639
0.581189
0.179185
0.402642
0.720307
0.169185
-0.0536232
0.480136
0.202355
0.114287
0.1105
0.524729
-0.0715087
0.32997
0.261653
0.271208
-0.162808
0.347104
0.239918
0.134553
0.0717318
0.109348
-0.0359453
-0.238657
-0.128286
-0.402315
-0.0468098
-0.0509847
-0.167492
-0.143371
-0.256286
-0.583545
-0.583546
-0.17125
-0.506624
-0.821899
-0.799084
-0.863263
-0.798099
-1.03322
-1.09018
-0.470006
-0.922517
-0.438297
-0.869708
-0.83846
-0.845552
-0.658411
-0.762908
-1.32224
-0.82462
-1.17553
-0.859843
-1.00609
-1.28057
-1.10846
-1.31345
-1.60801
-1.09758
-1.21959
-1.20665
-0.691747
-0.825659
-1.22844
-1.43689
-1.00936
-1.14957
-0.716523
-1.28907
-1.03381
-1.02144
-1.18765
-1.16204
-1.07578
-1.26256
-1.00539
-1.28639
-1.8236
-1.60414
-1.27077
-1.78705
-1.3539
-1.50331
-1.58184
-1.56788
-1.94659
-1.66471
-1.52686
-1.90891
-1.62608
-2.06817
-2.18051
-1.68773
-1.77704
-1.78601
-2.45701
-2.2013
-2.36188
-2.17202
-2.26427
-2.24951
-2.59796
-2.60826
-2.66235
-3.03504
-3.12105
-2.8116
-2.67903
-2.47949
-2.25969
-2.14217
-1.75008
-1.9639
-1.86368
-1.5342
-1.04196
-1.00591
-1.08178
-0.990592
-0.612467
-0.881477
-1.02763
-1.27581
-0.642012
-1.58078
-1.5933
-1.64518
-1.6689
-1.99602
-1.9588
-2.44555
-2.5598
-2.80585
-2.85516
-3.06409
-3.37219
-3.39823
-3.18014
-3.20477
-2.84351
-2.99911
-2.858
-2.75037
-2.86833
-2.51676
-2.59891
-2.25724
-2.11995
-2.06866
-2.18207
-2.10261
-1.55694
-2.07671
-2.10162
-2.05178
-2.53967
-2.55284
-3.04238
-3.49704
-3.80689
-3.57232
-3.93322
-3.91165
-3.92491
-4.25821
-3.9528
-4.3967
-4.42442
-4.81879
-4.30849
-4.40289
-4.36805
-4.51401
-4.04583
-4.18851
-4.30906
-3.5759
-3.47174
-3.47687
-3.41526
-3.21515
-2.81478
-2.77396
-2.89242
-2.7291
-2.99139
-3.15965
-3.49965
-3.54483
-3.72263
-3.61153
-4.208
-4.37242
-4.1867
-4.77327
-4.38178
-4.31693
-4.28778
-4.52335
-4.02496
-3.95431
-3.89446
-3.91874
-3.77121
-3.67354
-3.57619
-3.43908
-3.25697
-3.28017
-3.51404
-3.0644
-3.37347
-3.00377
-3.2186
-3.29283
-3.35681
-3.60071
-2.88559
-3.28813
-3.53585
-3.6173
-3.76721
-3.71844
-3.70261
-3.61814
-2.94005
-3.08015
-3.156
-3.13314
-2.99948
-2.54411
-2.79197
-2.51807
-2.10176
-2.45361
-1.94729
-1.97596
-1.98197
-1.74534
-1.40018
-0.97258
-0.944442
-0.70956
-0.698231
-0.991857
-1.06495
-0.660416
-0.862436
-0.82002
-0.325848
-0.618556
-1.08969
-0.514027
-0.643713
-0.836683
-0.789211
-0.896488
-0.191781
-0.975425
-0.424324
-0.760073
-0.511226
-0.582278
-0.347857
-0.234543
0.193743
0.325308
0.555934
0.493692
0.715843
0.511254
0.561315
0.742682
0.751152
1.02746
1.04409
1.04644
0.691379
0.686351
0.17114
0.890517
0.42011
0.402318
0.0666536
0.191367
-0.22571
0.076946
0.324399
0.409358
-0.401073
0.0432104
0.326756
0.710354
0.0930603
0.345711
0.0690439
0.802866
0.457047
0.316622
1.17624
1.13266
0.982873
1.08414
1.09418
1.61382
1.11558
0.944988
1.64586
1.16172
1.53333
1.06853
0.863366
0.490909
0.629993
-0.0665052
0.449215
0.222694
0.304219
0.606576
-0.155951
0.19621
0.576942
1.04807
0.247509
0.5054
1.29889
0.949015
1.06922
1.06221
1.18763
1.43813
1.82427
1.36954
1.64095
1.91884
1.76273
2.01248
1.24828
1.52499
1.01281
0.982243
0.842433
0.0404482
0.747201
0.509593
1.10112
0.100476
-0.180925
-0.11821
0.408305
0.223421
0.152942
0.334629
0.0397753
0.657196
0.246736
0.721282
0.607273
0.66766
1.0423
0.733533
1.18739
1.24945
1.22522
1.49879
1.63981
1.19286
0.835047
0.890536
0.599555
0.674037
0.466531
0.0339444
-0.00389554
0.0991453
-0.0753825
-0.640339
-0.270387
-0.309217
-0.462083
-0.440228
-0.157429
-0.688253
-0.255339
-0.209338
-0.421128
-0.379001
-0.323772
-0.065433
-0.276573
0.0931798
0.154868
0.480501
-0.0182033
0.351677
0.158244
-0.0494999
-0.11221
-0.322182
-0.712724
-0.545958
-0.951495
-0.848584
-0.780045
-1.12368
-1.1187
-1.65845
-1.55225
-1.71847
-0.924063
-0.845793
-0.869721
-0.973808
-1.04105
-0.680591
-1.14344
-1.41533
-1.38235
-1.14556
-1.78984
-1.23123
-1.42806
-1.08859
-0.698894
-1.33117
-1.27248
-1.1338
-1.48078
-0.95488
-1.48212
-1.39481
-0.710552
-1.25733
-1.52836
-1.2534
-1.65833
-1.371
-1.38592
-1.56615
-0.444325
-1.42085
-1.17353
-0.39255
-0.659056
0.468533
-0.095167
0.53601
0.267542
0.588811
0.248821
0.1098
0.209007
0.13486
0.506126
-0.218651
0.652449
-0.00959448
-0.474824
-0.0526549
-0.699944
0.239723
0.331459
0.0980069
0.244282
0.350005
1.44866
1.17139
1.36853
0.907926
1.2787
1.63223
1.54748
1.45113
1.72943
1.71788
2.07126
1.76396
1.52589
1.97953
1.98261
2.12979
2.07401
1.6913
1.81311
1.72021
1.11224
1.39412
1.24957
1.46355
1.01181
1.46506
0.986813
0.903386
1.42603
0.988026
1.70201
1.72895
1.80741
1.90219
2.48955
2.33756
2.31754
3.23699
3.39058
2.8211
2.95997
3.00781
3.24954
2.58473
3.11807
2.81335
2.42519
1.9749
1.94176
1.71858
1.69621
1.15821
1.25135
1.45131
1.73368
1.06284
1.16205
1.62178
1.18718
1.83285
1.52861
2.09989
2.25763
2.53841
2.76457
2.70404
3.23001
2.83459
3.27073
2.9697
3.00643
2.3333
2.56986
2.14818
2.13061
1.40449
1.00068
0.63509
0.182985
-0.0514312
-0.578563
-0.249965
-0.150791
-0.349455
-0.534335
-0.5184
-0.374463
-0.48208
-0.357554
-0.512197
-0.310099
0.130559
0.711823
1.04759
0.883054
1.36571
1.50966
2.02465
2.4827
2.23364
2.57565
2.19432
2.35418
2.43361
2.23936
1.767
2.02647
1.82999
1.451
1.10245
0.690591
0.107012
0.126579
0.0376374
-0.372511
-0.156909
0.0317702
0.186738
0.156584
0.000174009
0.691676
1.16224
1.24209
1.26049
1.8892
2.41751
2.97262
2.43498
3.1003
3.43951
3.57387
3.82838
3.81967
3.4007
2.75267
3.00349
2.51958
2.21021
2.02668
1.91795
1.94343
1.0699
1.20026
1.45571
1.44823
0.92005
1.07123
1.47991
1.71673
2.12809
2.70906
3.3598
3.34481
3.54433
3.75026
4.21329
4.56893
4.59217
5.09808
5.23997
5.43917
5.43395
4.96488
4.82201
4.61101
4.31127
3.80411
3.65016
2.97373
2.68459
2.09005
2.34684
1.78423
1.42136
1.53336
1.49723
2.0448
2.14008
1.92872
2.33128
2.88043
3.25276
4.13612
4.23075
4.27625
4.53081
4.90917
4.90325
4.99602
5.01741
4.87475
4.80303
4.70841
4.55029
4.01971
3.71572
3.51121
2.92682
2.90909
2.22765
2.43917
2.22402
2.11829
2.40682
2.52994
2.38294
2.63077
2.52726
2.73354
2.42414
3.12137
2.86433
3.76572
3.41005
3.53264
3.90524
3.59651
3.76551
3.70682
3.6481
3.58605
3.05402
2.84843
2.87933
2.33929
2.01599
1.6258
1.22348
0.619806
0.762918
0.456829
0.318017
0.14317
-0.348712
-0.644255
-0.556208
-0.353019
-0.439052
-0.13376
-0.53482
-0.585615
-0.669453
-0.791254
-0.361022
-0.632493
-0.71553
-0.633628
-1.17942
-0.754769
-0.661539
-0.907228
-0.627996
-0.883455
-0.827683
-0.608122
-0.682609
-1.10705
-1.14686
-0.973104
-1.11218
-0.71766
-0.885954
-1.19988
-1.28078
-0.996831
-1.14465
-1.01759
-0.940098
-0.779282
-0.696414
-0.561973
-0.603999
-0.454707
-0.00235666
-0.209121
0.0953804
0.388421
0.806146
0.716011
0.747929
0.570032
0.587559
0.366405
0.609873
0.279593
0.617254
0.620019
-0.0731898
0.136601
-0.356303
-0.347986
-0.531493
-1.04392
-0.727736
-0.742541
-1.0939
-0.246579
-0.302541
-0.297962
-0.533764
-0.234417
-0.199462
-0.139152
0.333593
0.648499
0.475087
1.03526
1.70242
1.35977
1.75712
2.08718
2.11237
1.91611
1.56912
1.88395
1.41116
1.41711
1.48464
1.33544
1.2092
0.943577
1.02948
0.846561
0.966061
0.778813
1.38695
0.957642
0.913876
1.17744
1.96065
1.77613
1.40928
2.53722
2.48151
2.56471
3.04032
3.20225
3.23206
3.31805
3.18498
2.85144
3.27683
2.92467
2.77274
2.48158
2.87156
2.27593
1.82511
2.14443
1.63333
1.42643
1.10646
1.01652
0.801737
0.503337
0.883808
0.36849
0.65972
1.00375
0.859569
0.583078
0.873607
0.78454
1.05145
0.873522
1.19222
1.10064
1.42711
1.22802
1.04012
0.891935
1.45764
0.744418
1.17244
0.789967
1.02088
0.760872
0.6196
0.12959
0.252794
-0.265103
0.0711188
-0.143108
-0.552233
-0.79691
-0.923079
-0.877476
-0.769271
-0.600964
-0.95824
-0.414362
-0.551036
-0.213654
0.257791
0.445512
0.327932
0.162199
0.281946
0.928691
0.864592
0.519648
0.39417
0.303811
0.387076
0.111299
-0.151895
-0.744126
-0.739164
-0.29758
-1.47474
-1.46815
-1.00044
-0.990821
-0.98691
-1.17473
-1.04835
-1.60325
-1.01657
-1.17562
-1.18299
-0.806887
-0.781325
-0.928037
-0.756126
-0.772328
-0.197126
-0.0461304
-0.396336
-0.227729
0.157117
0.259355
-0.36805
-0.920088
-0.840698
-1.16058
-1.09626
-1.40099
-1.15093
-1.46231
-1.17051
-0.888128
-0.992377
-0.570571
-1.17315
-0.822423
-1.04214
-0.948389
-0.33106
-0.628374
-0.783663
-0.335199
0.116025
-0.0709083
-0.0241024
0.0489997
0.462097
0.54065
0.48658
0.879403
0.712448
0.684575
0.582154
1.16797
0.919822
1.17806
0.982297
0.962579
0.631868
0.613868
0.327929
0.147658
-0.224463
-0.011197
0.111215
0.13668
0.349877
0.694463
1.17777
1.12956
1.53141
1.89835
2.64949
2.55907
2.31901
2.56193
2.86321
2.67727
2.72622
3.10504
2.18618
1.96305
1.94567
2.21481
1.48153
1.1255
1.09445
0.870418
0.666432
0.650946
0.537066
0.340348
0.160197
-0.0899314
-0.311074
-0.0793472
-0.482507
-0.223133
0.102671
-0.204793
0.0936299
0.625754
1.10754
1.48832
1.27146
1.94459
1.8616
2.09253
2.35134
2.13195
2.0121
1.92695
1.87798
1.33807
0.743682
0.527953
1.02339
0.524094
0.549832
0.237448
0.678057
-0.25119
-0.37006
0.204388
0.133329
-0.294476
0.478421
-0.419746
0.123629
0.150969
0.0208315
1.08759
0.677938
1.36012
1.66344
1.35745
0.982314
1.07249
1.6055
1.43748
0.6529
0.713172
0.244906
-0.0522817
0.0245431
-0.379242
-0.9667
-1.03301
-1.36635
-0.879068
-1.24293
-0.99474
-1.66033
-1.51389
-1.26576
-0.873362
-0.311973
-0.0860049
0.458782
-0.13296
0.196869
0.57983
0.979961
0.844401
1.62345
1.6155
1.65045
1.35823
1.41596
1.03097
1.28161
1.15439
1.15312
1.3479
0.946711
1.172
1.14109
1.03665
0.975229
0.928237
0.933862
0.499624
0.374655
-0.0652492
-0.037931
0.345401
-0.174985
0.111317
-0.0601108
0.502899
1.01632
0.897351
0.991694
1.68374
2.43594
2.57735
2.54002
3.10458
3.09399
2.44286
3.23223
2.70126
2.487
3.01866
1.93982
2.4211
2.20835
1.45588
1.61795
0.852503
1.25982
1.0979
1.50118
1.04281
0.756061
1.33736
0.867936
0.754397
1.02426
1.2241
1.07616
1.62638
1.66504
2.17556
1.80365
2.15128
2.61177
2.22767
2.23092
2.01013
2.354
2.06143
2.34735
2.21611
2.1293
2.24037
1.88577
1.94053
1.75372
1.94887
1.85427
2.11791
1.77925
2.25916
1.69042
2.16527
1.74521
1.91828
1.80419
1.78407
2.12895
2.02714
2.00231
2.12168
2.19442
2.00352
2.28425
2.27231
2.22583
2.17077
2.47056
2.63399
2.32865
2.95326
2.90093
2.53218
2.69652
2.75571
2.3684
2.42406
2.17657
2.11328
2.0645
1.94757
1.58251
1.58642
1.6522
1.7351
1.89441
1.95849
1.95542
2.1771
2.09392
1.88486
2.32405
2.39206
2.15432
2.06597
2.1442
1.55903
2.34303
2.06219
1.8398
1.82758
1.28655
1.37466
0.938353
1.00793
0.273098
0.828674
0.496053
0.526842
0.293258
0.634024
0.742522
0.0996375
-0.0690268
0.624
0.0841854
0.310136
0.440612
0.203806
0.198528
-0.0604519
0.235263
0.385523
0.12889
0.392372
0.483592
0.105618
0.791115
0.801986
0.856088
0.361
0.469233
-0.145403
0.889642
0.589276
0.400055
0.60416
1.17997
0.197791
1.08419
1.14663
1.35009
1.46557
1.23562
1.11565
0.949528
1.95537
1.18375
1.37855
1.27499
1.62567
1.3026
1.68914
1.60987
0.920383
1.08684
1.69126
1.02375
1.7079
1.15439
1.03008
1.31089
0.690211
0.931009
0.822981
0.715231
0.779451
0.49402
1.0369
1.17492
0.584383
0.554205
1.73675
1.44185
1.06106
1.45248
1.06941
1.34148
1.19711
1.20576
2.01544
1.02165
2.02377
1.63388
1.41385
1.09065
1.32021
0.592767
0.875143
1.16674
0.759452
1.1496
0.721984
0.852185
0.742815
0.953291
0.755482
0.880708
0.498287
0.68381
0.663306
0.304522
0.200739
0.911536
0.510657
0.918103
0.503618
0.584959
0.397254
0.0459814
0.228651
0.614438
-0.160903
-0.212202
0.0738047
0.225142
0.204777
0.398657
0.578317
-0.00281735
-0.106613
0.361682
0.362405
0.51259
0.360447
0.426696
0.110814
0.628295
0.445936
0.554724
0.364013
0.482733
0.0778499
0.209947
0.942228
0.511146
0.602092
0.535224
0.64219
0.255858
0.355563
0.467786
-0.0587316
-0.00970472
0.0862398
0.0216202
-0.0735
0.100814
0.158396
0.0635107
-0.21698
0.491639
-0.132129
-0.130799
0.133687
-0.12886
0.223871
-0.225209
0.125064
0.729757
0.809822
0.655025
0.682025
1.02925
0.500061
0.722633
0.619168
0.643172
0.398998
0.8545
0.638964
0.761422
0.688299
0.678823
0.632141
0.426432
0.173783
0.827125
0.720254
0.438562
0.88144
0.424465
0.197355
0.65341
0.177652
0.448448
0.66308
0.419256
0.880901
0.61194
1.11163
0.472457
1.16906
0.560579
0.754754
0.682798
0.722202
0.825042
0.852246
0.951182
0.775389
0.728744
0.919933
0.749637
0.781409
0.723975
1.28602
0.616248
0.80708
1.07321
0.577663
0.656045
0.772834
1.16478
0.839852
1.34873
1.1997
0.969631
0.857753
0.916665
0.944981
1.20147
0.861281
0.765778
0.841268
0.568115
0.901091
0.787601
1.11098
0.469062
0.966086
0.4755
0.728123
1.16021
0.711072
0.855511
1.00225
0.878135
0.903807
0.568371
1.12398
0.645638
0.887166
0.659472
0.793249
0.989733
1.27566
1.00169
0.732746
0.850954
0.573239
1.06399
0.904634
0.864503
0.903381
0.798843
0.508923
1.03392
0.559881
0.622289
0.982914
0.837844
0.272174
1.0272
0.758557
0.694458
1.06754
0.71171
0.864117
0.966635
0.705507
1.03422
0.480412
0.766113
0.977822
0.929771
0.525047
0.867313
0.724004
0.805167
0.683052
0.877258
1.06683
0.142424
0.859404
0.756728
0.791492
0.275608
0.80126
0.226419
1.14905
0.85783
0.407807
0.409109
0.653085
0.777752
0.504506
0.246968
1.1927
0.306468
0.393107
0.548805
0.875385
0.600636
0.350224
0.998946
0.684909
0.719879
0.960194
0.669764
0.342447
0.377935
0.870363
0.847566
0.578154
0.657049
0.81335
0.582977
0.968543
0.598278
0.484654
0.302616
1.05493
0.593625
0.440401
0.568437
0.938987
0.334735
0.360228
0.527858
0.702797
0.525508
0.718501
0.843374
0.810647
0.389012
0.65092
0.565736
0.914909
0.572836
0.512486
0.799373
0.943059
0.786657
1.01721
0.720438
1.14265
0.875785
0.893698
0.502589
1.0054
0.443369
0.578353
1.08128
0.319995
0.667876
0.854536
0.540189
1.04842
1.08771
1.20064
0.23835
0.829444
0.977006
1.08303
0.87437
0.85193
0.529673
0.871307
0.534494
0.95427
0.734435
0.301598
0.968823
0.568146
1.02767
0.693359
1.01652
0.672076
0.363909
0.604096
0.575116
0.860801
0.822394
0.74995
0.767994
0.759067
0.97824
0.75249
0.627915
0.671136
1.17445
0.684165
0.375468
0.969809
0.395961
0.645869
0.723683
0.708827
0.502724
0.762112
0.798713
0.540275
0.848333
0.723389
0.701275
0.471342
0.502942
0.502145
0.607715
0.350427
1.08229
0.59695
0.710295
0.951038
0.764769
0.791275
0.777124
0.394932
0.398542
0.564132
0.804542
0.758406
0.710892
0.693975
0.476687
0.795077
0.687319
0.19562
-0.142269
0.483519
-0.0369863
0.581388
0.0771451
0.578751
0.382916
0.784092
0.634354
0.283993
0.410168
0.7256
0.80135
0.4568
0.673683
0.74184
0.529967
0.668421
0.567771
0.654872
0.706542
0.702787
0.582351
0.461689
0.555014
0.965996
0.63062
0.698306
0.884144
0.220573
0.573967
0.554929
0.898044
0.462782
0.64917
0.640167
0.558764
0.723471
0.631776
0.568598
0.819104
0.517298
0.885355
0.775338
0.666057
0.669315
0.864495
1.00978
0.763437
0.903752
1.0854
0.786512
0.822727
0.790386
1.10341
1.11261
0.961568
0.510972
0.670119
0.88341
1.20662
0.764736
1.02583
0.889787
0.62393
0.695598
0.825608
0.809035
0.590809
1.03528
0.709698
0.51496
0.771146
0.978878
0.916087
0.285597
0.447012
0.598749
0.366163
0.808667
0.58697
0.42865
0.637875
0.527296
0.479469
0.892031
0.766339
0.613102
0.655475
0.737835
0.659165
0.54776
0.866251
0.494464
0.943619
0.77921
0.486738
0.760737
0.44462
0.658029
0.753116
0.707211
0.700472
1.24868
0.806192
0.694755
1.04389
1.10015
0.987867
1.06728
0.838669
0.729187
0.544635
0.634284
0.44909
0.889477
0.877122
0.383737
0.807278
0.664554
0.629021
1.04594
0.813382
0.777256
0.922209
0.852558
0.706034
0.747516
0.960538
1.0953
0.696029
0.557001
0.634917
0.546787
0.489818
1.07739
0.757856
0.682973
0.842261
0.388016
0.404918
0.664711
0.409252
0.729962
0.572336
0.69722
0.438254
0.244035
0.739438
0.680223
0.542749
0.572214
0.59875
0.542677
0.455047
0.504703
0.805159
0.638841
0.871797
0.544161
0.803549
0.151348
0.756136
0.404342
0.437544
0.508405
0.691113
0.325365
0.411619
0.369156
0.495398
0.55321
0.295761
0.799408
0.751892
0.765767
0.646028
0.517469
0.555856
0.802299
0.494808
0.902713
0.626554
0.685113
0.609144
0.574887
0.535188
0.553809
0.6773
0.560358
1.02866
0.791664
0.946422
1.22072
0.98742
0.937223
0.923788
0.538428
0.797453
0.874246
1.17348
0.916146
0.423222
1.12286
1.00629
0.840686
0.95813
0.662449
0.783783
1.0743
0.891283
1.06034
0.85144
0.803282
0.642902
0.689714
1.14678
1.12492
1.11469
1.15043
1.13561
0.67952
1.12168
0.659374
0.902047
0.984802
0.91434
0.946598
0.632413
0.721687
0.982009
0.895057
0.841722
0.57973
0.517019
0.339352
0.663096
0.519781
0.270706
0.691739
0.613842
0.788303
0.544185
0.860186
0.704034
0.764886
0.801826
0.945195
1.16145
1.1669
1.32816
0.96628
1.24164
0.975125
1.09955
0.818709
0.837994
0.742282
0.70171
0.27509
0.135898
0.0626024
-0.183799
-0.165227
-0.801231
-0.540168
-0.691283
-0.677706
-0.561276
-0.596601
-0.861455
-0.584171
-0.722151
-0.993011
-1.11916
-0.796086
-0.68038
-0.900526
-0.399285
0.00187539
-0.0810953
-0.178727
-0.484104
-0.234752
-0.0308035
-0.673135
-0.479634
-0.895634
-0.979961
-1.6714
-1.15303
-1.75892
-1.47164
-1.80843
-1.80405
-1.77386
-1.59815
-1.88613
-1.82846
-1.82455
-1.20671
-1.61991
-1.47071
-1.06865
-1.30166
-0.749329
-0.738657
-0.803927
-0.426914
0.195092
-0.339415
-0.291069
-0.239513
-0.248368
-0.817824
-0.502385
-0.9793
-1.07452
-1.37186
-0.977227
-1.88045
-1.76008
-1.88588
-1.81441
-2.43255
-1.99917
-2.1733
-2.0986
-2.62239
-1.68302
-2.18942
-1.66722
-1.91269
-1.32721
-1.74035
-1.6916
-1.41701
-1.21359
-1.31132
-1.21621
-1.05699
-1.18481
-0.695655
-1.21778
-1.29235
-1.28986
-1.53344
-1.41977
-1.49885
-1.71339
-1.92533
-1.65072
-2.0682
-2.35478
-2.03999
-2.53655
-2.67992
-2.68614
-2.82506
-2.76834
-2.44339
-2.70476
-2.56169
-2.54992
-2.06077
-1.88296
-1.5872
-1.73823
-2.0145
-2.14635
-1.8494
-1.88753
-2.21729
-2.52478
-2.87145
-3.08185
-3.20649
-3.01073
-3.33193
-3.38387
-3.87094
-3.67225
-3.77652
-3.83602
-3.91506
-4.39256
-4.01351
-3.84797
-3.84442
-3.90255
-3.72228
-4.12946
-3.56217
-3.67093
-3.31234
-3.18873
-2.64592
-2.89922
-2.70916
-2.78467
-2.66517
-3.18681
-3.18037
-2.56045
-2.93473
-3.37887
-4.01772
-4.0974
-3.70713
-4.23493
-4.2025
-5.05144
-4.64847
-4.92117
-4.75558
-4.82089
-4.96963
-4.27887
-4.04881
-3.9693
-3.9474
-3.47973
-3.63776
-2.94384
-2.92296
-2.8405
-3.04577
-2.95975
-3.13171
-2.66812
-2.71468
-2.89446
-3.25874
-2.9951
-3.44592
-3.32944
-3.42686
-3.59396
-3.71001
-3.58601
-3.78578
-3.60744
-3.77244
-4.01204
-3.65279
-3.85109
-3.70282
-3.40696
-3.44914
-3.07378
-3.1696
-3.03871
-2.53881
-1.94384
-2.21794
-1.9315
-2.05196
-1.30195
-1.18864
-1.32821
-1.46834
-1.26111
-0.997177
-1.61021
-1.68073
-1.87252
-2.36055
-2.58154
-2.94722
-2.72343
-3.17491
-3.11
-3.1606
-3.38032
-3.49593
-3.591
-3.08395
-3.53974
-3.20118
-3.18782
-3.0122
-2.80238
-2.29234
-2.74696
-2.15059
-2.01983
-1.63506
-1.52888
-1.37546
-1.52396
-1.56933
-1.32394
-1.5306
-1.78178
-2.07851
-2.03917
-2.6411
-2.57537
-2.80382
-2.87123
-2.94018
-2.85549
-3.4706
-3.19969
-3.24146
-3.36534
-3.41153
-3.30161
-3.21629
-3.33254
-2.92106
-2.7112
-2.97894
-2.76053
-2.71051
-2.39181
-2.06831
-1.68833
-1.8448
-2.0399
-1.63236
-1.50353
-1.28507
-1.16593
-1.65137
-1.65039
-1.52352
-1.85097
-1.80276
-1.62717
-1.96092
-2.17184
-2.61704
-2.47138
-2.25557
-2.09962
-2.20568
-2.37921
-2.17041
-1.99228
-1.92892
-1.60527
-1.82158
-1.25537
-1.10223
-1.22823
-0.789703
-0.533154
-0.594477
-0.128783
-0.894633
0.193878
-0.0837834
-0.287481
0.110741
0.0586339
0.0745978
0.348572
0.0378077
0.269628
-0.506291
-0.245364
-0.140762
0.112146
-0.517203
-0.220791
-0.378711
-0.119844
-0.660373
-0.797919
-0.643449
-0.304673
-0.321153
-0.383778
-0.0436637
-0.0552497
0.386333
0.189397
0.415996
0.724116
0.965034
0.297482
1.03721
1.13779
1.19766
1.04839
0.653819
0.793056
0.723795
0.643787
0.939428
0.474273
0.907849
0.0415369
0.356332
0.508237
-0.078576
0.017537
-0.279587
-0.331481
0.0330465
-0.492976
-0.383052
-0.239612
-0.279537
0.261389
-0.312122
0.362959
0.281111
0.516401
0.604196
0.368221
0.92222
0.808031
0.567981
0.684004
0.37345
0.474764
0.217588
0.0662099
0.295845
0.454027
-0.346244
-0.489172
-0.839155
-0.531627
-0.818019
-0.585354
-0.854398
-0.938858
-0.759135
-0.844667
-1.08649
-0.462781
-0.986215
-0.745627
-0.12385
-0.515663
-0.773691
-0.527575
-0.227481
-0.424349
-0.453958
-0.72221
-0.579437
-1.16604
-1.51418
-1.51101
-1.68585
-1.54755
-2.14998
-1.95305
-1.90318
-2.31868
-2.45858
-3.13859
-2.92531
-2.79035
-2.92633
-2.59526
-2.70674
-2.82774
-2.72104
-2.73981
-2.25662
-2.12402
-1.73989
-2.06
-1.92495
-2.09216
-1.79488
-1.95056
-2.19917
-2.22087
-2.59604
-3.04745
-3.58517
-3.7869
-3.84667
-3.96522
-3.89373
-3.93124
-3.09523
-2.63545
-2.67603
-2.58578
-2.41976
-2.7628
-2.23747
-2.12807
-2.44325
-2.44342
-2.43405
-2.60335
-3.33296
-2.77288
-3.37728
-3.52015
-3.95731
-3.79928
-4.17746
-4.13091
-4.29421
-4.27033
-4.0546
-4.28524
-3.91717
-3.78247
-3.1939
-3.57396
-3.40765
-3.11554
-2.4739
-2.98606
-2.88187
-2.67425
-2.58755
-2.47641
-2.70173
-2.49807
-2.99322
-3.06167
-3.14191
-3.24002
-3.40851
-3.31757
-3.37803
-3.70556
-3.56454
-3.08015
-3.33815
-3.29671
-2.55901
-2.47191
-2.28299
-2.38944
-1.80338
-1.97127
-1.71904
-1.58893
-1.26389
-1.02915
-1.23345
-0.715358
-0.66006
-0.737453
-0.982489
-0.854542
-0.707404
-0.893913
-0.782177
-0.984242
-1.31421
-1.27222
-1.13248
-1.27167
-1.61951
-1.19493
-1.54484
-2.47866
-2.43119
-2.27067
-2.5226
-2.38277
-2.54884
-2.09599
-2.51816
-2.35719
-2.44148
-1.90574
-1.87527
-1.92929
-1.5247
-1.72834
-1.49044
-1.39846
-0.981178
-0.799277
-0.833317
-0.746412
-1.04619
-0.997689
-1.13449
-0.953016
-1.56892
-1.7295
-1.86277
-2.03796
-2.52215
-2.37329
-3.00264
-2.92931
-2.82878
-2.99995
-2.98982
-3.51542
-3.40348
-3.22835
-3.15956
-3.01916
-3.27168
-2.78444
-2.71972
-2.50104
-1.71373
-2.30681
-1.95364
-1.94851
-1.55192
-2.15854
-2.12263
-1.96241
-2.01957
-2.33516
-2.48274
-2.91966
-2.75052
-2.66333
-2.90247
-3.2892
-3.52618
-3.30716
-3.42086
-3.83339
-3.52531
-3.65473
-3.61038
-3.48523
-3.39195
-3.48463
-3.34925
-3.70654
-3.67651
-3.55821
-3.36169
-3.23309
-3.42994
-3.65905
-3.75475
-3.62697
-4.06314
-3.93157
-3.71022
-4.05823
-3.57905
-2.61808
-2.69914
-2.9478
-2.00727
-2.21011
-2.06671
-1.57928
-2.33621
-1.33106
-1.46966
-1.57214
-1.74015
-1.77905
-1.93996
-1.98514
-1.97128
-2.32651
-2.03438
-2.39496
-2.32093
-2.18754
-2.5398
-1.98029
-2.68745
-2.2515
-2.28598
-2.28681
-2.42431
-2.35908
-2.32047
-2.72057
-2.39785
-2.70954
-2.72121
-2.56671
-3.00851
-3.09293
-2.65009
-2.3626
-2.51463
-2.76515
-2.35942
-2.43414
-2.08599
-1.87974
-1.99605
-1.27836
-0.853232
-0.0595722
-0.274163
0.641985
0.858626
1.38009
1.51425
1.86691
1.78609
1.36729
1.67726
1.43891
0.905712
0.734373
0.227559
0.0360591
-0.124615
-0.444837
-0.676168
-0.780144
-0.70755
-1.03008
-1.36067
-1.57159
-1.18853
-1.32038
-1.32801
-1.14195
-0.60809
-1.05409
-0.174209
0.256064
0.48585
0.290737
0.821338
0.569563
0.980182
1.17533
1.23098
1.36215
1.16731
1.20746
0.961365
1.04326
0.86457
0.550128
0.539343
0.251343
0.440292
0.458322
0.054113
-0.171422
-0.102496
-0.288995
-0.510502
0.267736
-0.319094
-0.0514942
0.316861
0.181429
0.513721
0.618087
0.624562
1.06463
1.26659
0.882103
1.44785
1.31883
1.22075
0.879004
1.1613
1.20628
1.07273
1.09792
1.22247
1.10602
0.985354
0.737437
0.637649
0.653041
0.294625
0.132537
0.387504
0.473938
0.20534
0.487429
0.613944
0.554168
0.768386
0.826246
1.0737
1.85864
1.78548
1.8265
2.29871
2.75275
3.35893
3.13192
3.28062
3.7282
3.36154
3.45722
3.62202
3.53154
3.08729
3.33482
3.30681
2.64918
2.69876
2.28247
2.00343
1.45795
1.7685
1.5123
1.19977
0.863303
1.02474
1.1526
0.849825
1.03635
0.989923
1.20451
1.26465
1.24122
1.21806
1.6677
1.50585
1.7414
1.78406
1.88153
1.79044
2.0936
2.47201
2.0436
2.5783
2.29849
2.39351
2.54407
2.4188
2.19764
2.26631
2.13759
2.20439
1.97141
2.01907
2.0755
2.02311
1.8377
1.967
1.97538
2.16909
1.97798
2.14009
1.89783
1.99429
2.31157
2.22076
2.12025
1.50689
1.9074
1.93749
1.63664
1.64144
1.86345
1.9684
1.59448
1.75657
1.48414
1.50041
1.25349
1.4329
1.1737
1.61283
1.13958
1.24237
0.947758
1.17079
1.49176
1.13382
0.960063
0.880587
0.997578
0.625868
0.614065
0.794225
0.431686
0.575539
0.197476
0.04879
-0.254155
-0.24641
0.278328
0.109793
-0.107706
-0.0347
0.369505
-0.280662
-0.216615
0.0466748
-0.238279
-0.189533
-0.461823
0.200205
0.214783
0.196944
-0.160193
0.53496
0.679091
0.37426
0.986018
0.0961992
0.9648
0.264305
1.0189
0.454227
0.259715
0.902733
0.623725
0.942623
0.279866
0.638905
0.465335
0.558619
0.623385
0.788035
0.571285
0.851613
1.06428
1.1529
1.11416
1.19483
0.829423
1.50228
1.18085
0.891209
1.27728
1.14605
0.748291
0.813927
1.29989
0.97777
1.38057
1.10553
1.09984
1.73712
1.15339
0.799865
0.629817
0.973957
1.16948
1.07758
1.22739
1.1882
1.2214
1.38413
1.29747
1.2942
1.19172
1.07829
0.662142
1.11867
1.14048
1.29704
1.15441
1.45219
1.01991
1.50409
0.953603
1.20664
0.954516
0.996282
0.794873
1.11695
0.826462
1.32025
0.822193
1.11651
0.933912
1.34686
1.0891
0.803686
1.67967
1.37234
0.796045
1.05957
0.835477
1.0579
1.49798
1.09029
1.33491
1.08029
1.13255
0.86935
1.18521
1.21844
1.14312
1.57732
1.02301
1.20201
1.07311
1.21275
1.39892
0.963254
1.28721
0.784974
1.29698
1.14327
1.54734
1.17338
1.58574
1.43328
1.15924
1.25905
1.12771
1.07227
1.08298
1.53881
1.24511
1.64878
1.13355
1.14106
1.18325
1.0543
1.38778
0.943932
1.24037
1.31437
0.911256
1.18898
1.30747
1.6059
1.38908
1.03088
1.32678
1.18634
1.07608
1.27473
1.14251
1.10495
1.36226
1.47958
1.11648
1.61084
1.18504
1.13127
1.25807
1.17471
1.55843
1.02215
1.35027
1.0836
1.10262
1.13473
1.39541
1.00691
1.36479
0.737198
1.38257
0.932346
1.00574
1.30677
1.36216
1.32042
1.18909
0.919421
1.47602
0.986189
1.06308
1.05388
1.17857
0.836504
1.14418
1.35969
1.13128
0.994709
1.25144
0.617104
1.07194
1.12851
1.02353
0.943321
1.13505
1.37038
1.19874
1.16803
1.33867
1.08076
1.16304
1.07547
0.933525
1.32505
1.1469
0.999796
1.38335
1.27216
1.28913
1.07343
1.31152
1.13937
1.18971
1.23703
1.18919
0.990506
1.09861
1.15319
1.37266
1.32861
1.36937
1.38421
1.14417
1.48041
1.23997
1.21137
1.20934
1.09496
0.843894
1.06128
1.01042
0.762342
0.825614
0.532073
0.903882
1.05314
1.14318
0.746944
1.2231
1.37618
1.38426
1.20084
1.3191
0.841743
1.47426
1.48582
1.12025
1.30557
1.23073
1.07836
1.4092
1.67779
1.40616
1.36419
1.86205
1.402
1.17758
1.74322
1.44508
1.46013
1.0518
1.40047
1.28309
1.65859
1.54564
1.44148
1.41495
1.2793
1.4155
1.52748
1.57694
0.589973
1.09892
1.20565
0.690409
0.96037
1.3786
1.22352
1.09693
0.905901
1.28878
0.770458
1.95309
1.29643
0.930684
1.28568
1.11897
1.03617
2.0667
0.932645
1.4419
1.12629
2.0746
0.742794
1.08901
1.84804
1.07037
1.08605
0.389845
1.1965
1.13863
1.11339
1.22497
1.11707
1.29954
1.32761
0.469605
0.974343
0.949211
1.30407
0.748811
0.680101
0.686212
1.11041
1.16471
0.751657
0.675391
0.950793
1.13965
0.740916
0.941531
1.19008
1.04676
1.10691
0.830832
1.02405
0.875762
1.49374
0.978823
1.12813
0.927511
1.24247
0.951556
0.865118
0.803481
0.604061
0.341956
0.627192
1.15829
0.740023
1.3453
0.872089
0.903986
0.744441
0.951299
0.728418
1.14659
0.877307
0.909575
1.46756
0.986611
0.830226
1.04712
1.05185
1.01187
0.919828
1.17201
1.11075
0.737963
0.916723
1.25124
1.11401
0.771527
1.29486
1.02254
1.10841
0.662159
0.711968
0.94015
0.751341
0.877069
0.648886
0.588892
0.886475
0.731328
0.421502
0.542912
0.974368
0.611975
0.821966
0.991151
0.773299
1.13834
0.87955
0.560427
0.814035
0.349335
0.660165
0.8272
0.612119
1.38352
1.10834
0.988613
1.28885
0.933096
1.29318
0.644838
0.735024
0.402346
0.654168
0.75626
0.860391
0.88693
0.698089
1.04825
1.40403
1.10833
1.00938
1.22317
0.815251
1.05119
1.17386
1.01209
1.10197
0.903262
1.17672
1.24386
0.979259
1.30154
1.4168
1.11537
0.977822
1.40327
1.07633
1.17339
1.6002
1.15172
1.11164
1.36667
1.14888
1.43978
1.13731
1.20764
1.56646
1.17224
1.46369
1.47915
1.30292
1.35733
1.47704
1.20041
1.48074
1.18199
1.26806
1.23491
1.13733
1.28561
1.37062
1.06939
1.14528
1.19933
1.12755
1.39022
1.20452
1.36155
1.18875
1.04353
1.677
1.00543
1.37192
1.50257
1.48026
0.903643
1.12295
1.43565
1.48326
1.09138
0.971477
1.46608
0.898495
1.25625
0.658508
1.25868
0.825188
0.88089
1.16625
1.05522
1.20546
0.825661
1.08545
1.06348
1.24318
1.05708
1.49045
1.07997
0.945968
1.05916
1.68559
1.0129
1.21653
1.19511
1.04123
1.1814
1.22887
0.932934
0.975281
0.826966
0.968203
1.38024
0.999896
1.12901
1.08602
1.1345
0.877724
1.29639
1.03143
1.1559
1.38122
1.32631
1.05564
1.11704
1.10962
1.38204
1.00683
0.931113
1.23766
1.26512
1.35892
0.719828
1.04301
1.12679
0.97589
1.02605
0.769922
1.08975
0.872642
1.30695
0.717955
0.982393
1.35258
0.881748
0.965996
1.14082
1.05567
1.21713
0.791066
0.779855
1.27352
1.15757
0.961742
0.991123
1.21558
1.02922
1.3096
1.19321
0.889769
0.921381
1.02762
0.946692
0.9392
1.061
0.97238
0.924455
1.04798
1.17073
1.14445
1.39982
1.30612
0.979001
1.13837
0.988598
0.913446
1.11236
1.32655
0.763766
0.789886
0.711785
0.927629
1.02443
0.931322
1.15792
0.842665
1.10687
0.93439
0.952801
0.972896
1.37983
1.23824
1.06372
1.11447
1.17461
1.13665
1.12823
1.41306
1.05731
1.11106
1.51389
1.15959
1.57089
1.16399
1.38533
1.52139
1.10077
0.897191
1.1324
0.962058
1.09601
1.05359
1.0344
1.10437
1.13543
1.03993
1.10431
1.61406
1.29761
1.35043
1.23393
1.27444
1.27378
1.47602
1.29828
1.37295
1.19005
1.2445
0.968976
1.36941
1.36134
0.831341
1.13396
1.32905
1.34482
1.11594
1.29312
1.14415
1.11521
1.23869
0.869215
1.0358
0.919199
1.00989
1.16848
1.05032
1.03173
1.10721
0.794985
1.44306
0.947243
1.04636
1.14225
1.07234
1.31705
1.1196
1.27302
0.900687
0.946889
0.978685
0.84339
1.18812
1.30687
1.15927
1.18603
1.23544
1.16939
1.08548
0.591874
1.1207
1.24531
1.11063
1.23332
1.31164
1.05908
1.3033
1.2253
0.910661
1.33442
0.948127
0.93803
1.39981
1.2196
0.883287
1.03655
1.29529
1.22946
1.22832
1.21434
0.749427
1.13179
1.33433
1.21658
1.22607
1.28498
1.44608
1.08184
0.982356
1.17795
1.09432
0.976618
1.11266
0.951471
0.922109
0.986707
0.595942
0.934595
0.989513
1.06394
1.25965
0.8532
1.23827
1.07135
1.18589
1.29647
1.08586
0.630056
0.993329
1.22739
1.00171
1.09714
1.12771
0.921877
0.969669
0.821636
0.972727
1.13494
1.0603
1.13499
0.997903
0.674095
1.09665
1.06214
0.834137
1.50293
1.49581
0.96401
1.04392
0.954155
0.892724
0.857671
0.800205
1.14411
0.747012
1.21067
1.3215
1.08808
1.06976
1.10518
0.866122
1.33321
1.20143
0.857717
1.0388
1.0781
1.00661
1.06526
0.926928
1.19362
1.01145
1.03196
0.95702
0.999012
1.09822
0.98938
0.765276
1.48496
0.947822
1.25609
0.968318
1.12155
0.816155
1.29054
1.2629
0.772624
1.27439
1.24819
1.5601
0.96167
0.862547
1.00191
1.15357
1.3242
1.2915
1.2702
0.986989
0.881773
1.07328
1.13193
1.32056
1.10984
0.97318
0.807363
0.928034
1.09403
1.18118
1.33444
0.96513
0.997463
1.17287
1.13061
1.16699
1.41876
0.797066
1.05873
1.47129
0.860297
1.09358
1.2288
0.99485
1.09776
0.777354
1.25538
0.749332
1.33529
1.13925
1.07881
1.06056
1.19966
1.34463
1.22699
1.20931
1.02909
1.19789
1.12334
1.21166
1.1029
1.19136
1.1728
1.26092
1.07004
0.876213
1.04333
1.13422
1.06436
1.11151
0.916169
1.29634
0.951706
1.41841
1.25174
0.91134
1.02429
0.896018
1.19747
0.902561
1.10827
1.27263
0.845063
1.01149
1.21457
0.975356
1.00802
1.04872
1.03891
0.709407
1.04017
1.19485
1.25833
1.08845
0.686395
0.943261
1.00685
1.24287
1.08136
1.11015
1.0124
1.25522
1.50397
0.984573
0.809698
1.1813
1.03992
1.33121
1.08212
1.19584
0.929467
1.47812
1.16457
0.772533
0.834211
1.38049
1.22714
1.01453
1.09836
1.4243
1.28443
0.968443
1.07449
1.06482
0.902707
0.757961
0.713677
0.871694
0.896788
1.52207
1.03097
1.15671
0.879678
1.1323
0.982078
0.568984
0.909234
1.10923
0.923465
1.13076
1.33836
1.26605
1.38672
1.19898
1.36644
0.896121
1.0283
1.18233
1.01385
0.998896
1.23934
1.00591
0.973546
1.0605
1.27235
0.738157
1.2294
1.08364
1.22269
1.1875
0.90816
1.38557
1.10782
1.21326
0.733534
1.18701
1.38117
1.29312
1.27005
1.2115
1.55408
1.06342
0.804297
1.27429
1.13586
1.48592
0.871828
1.09296
1.44327
1.03036
1.10777
1.36644
1.2393
1.04092
1.21073
0.997962
1.15804
0.976089
1.23993
1.02852
1.26848
0.809145
1.28514
1.47572
0.664737
1.19217
1.29926
1.25134
1.28614
1.16794
0.899487
1.09946
1.00836
1.23348
1.1244
1.01604
1.09254
1.35651
0.977053
1.18969
1.15851
1.0647
1.15724
1.31691
0.690544
0.993869
0.773497
1.56017
1.56232
1.1418
1.13372
1.26572
1.20127
1.15098
1.05918
1.12047
0.854286
1.04258
1.48549
1.26804
1.14967
0.767043
1.25067
1.15828
0.975407
1.26737
0.840424
1.25998
0.883624
0.770872
0.745751
0.97582
0.902934
1.28831
1.30779
1.49275
1.23138
1.32065
1.42204
1.03297
0.801049
1.27596
1.12471
1.17984
1.19692
0.958376
1.03775
1.11445
1.2556
1.22639
0.96719
1.08087
1.16496
1.1589
0.922085
1.21242
1.1103
0.93796
0.923106
1.13939
0.953466
1.12382
1.09805
1.29597
0.658118
1.06163
0.925631
1.25463
1.23336
1.20629
1.3527
0.893399
0.760848
1.40099
1.13195
1.06194
1.01384
1.30991
0.848695
1.11163
1.14494
1.32906
0.972934
1.17581
0.852185
1.0384
1.0436
0.797558
0.91133
0.837757
1.30341
1.25853
1.37217
0.595217
0.801545
1.11086
1.0271
1.25362
1.50574
1.13029
0.954618
1.26605
1.15202
1.01348
1.32659
1.24138
0.972159
0.850448
1.21505
0.923131
1.39474
0.889231
0.80635
0.867769
0.975314
1.08597
0.941529
1.30247
1.17277
1.16248
1.02353
1.17831
0.8883
1.19395
1.08765
1.2326
1.18084
1.39899
0.945277
0.487339
1.07753
1.0105
1.21494
1.36137
1.39251
0.966762
1.28231
1.11104
0.869037
0.752492
1.2102
1.09552
1.25049
1.36723
1.05159
1.23394
0.937935
1.01755
0.887439
1.05455
0.943914
0.956373
1.11471
0.993628
0.879098
1.24151
0.96176
1.06616
1.13595
1.39397
0.902179
1.07254
0.831275
0.900277
0.998279
0.916421
1.25401
1.12769
0.726688
1.20888
1.33959
0.899305
1.14696
1.38745
1.11622
1.02993
1.21344
0.809667
0.697848
1.06871
0.898821
1.28029
1.00213
0.768803
1.03927
1.13279
1.14521
0.771458
1.17752
1.02971
1.63431
1.07226
1.34819
0.971305
