-0.00381936
-0.00886312
0.0616774
-0.0580859
-0.0717044
-0.0013179
0.100615
0.138151
0.127341
0.00945517
0.113042
0.0168009
0.00785095
-0.123011
-0.0400599
0.054114
-0.0455687
-0.158725
0.00569473
-0.0980799
-0.0472929
-0.100668
-0.118431
-0.00389557
-0.0748852
-0.159172
-0.0691844
0.0296558
-0.0701455
-0.00247809
-0.100102
0.0576665
-0.0399964
0.0202889
0.0210225
-0.0471613
-0.104645
-0.0464542
-0.201298
-0.0891589
-0.15588
-0.00679667
-0.051735
0.0177131
-0.11383
-0.0074735
-0.0745149
-0.16787
-0.057393
-0.0118012
0.0265952
-0.0875822
-0.119571
-0.0235796
0.0557721
2.48506e-05
-0.0477036
0.00967852
-0.0326707
0.0995859
-0.0776859
-0.0318631
-0.0231551
-0.0116527
0.0652665
-0.0941179
-0.097078
-0.060801
0.0163448
-0.154201
-0.03214
0.0162845
-0.0293212
0.0414822
0.0472318
-0.00715489
0.0148407
-0.0125221
-0.131475
0.0288647
-0.117196
-0.128906
-0.0961414
-0.132609
-0.0765621
0.0235184
-0.0119934
-0.0301277
-0.0199649
-0.17131
-0.0717202
0.150627
-0.0098407
-0.103093
0.0485588
0.20035
0.169472
0.0877182
0.0871497
0.0410018
0.126012
0.137413
0.246224
0.1134
0.0412903
0.0688191
-0.0174356
-0.0251503
-0.0904318
-0.0658039
0.0752328
0.00559973
0.00351121
-0.0932566
-0.0155106
0.0841397
-0.021913
0.0592894
0.0540156
-0.0268867
0.12217
-0.152046
-0.0450451
0.0510117
0.0309965
0.0146491
-0.0293566
-0.0604731
0.0693057
0.0473807
-0.0628969
-0.106935
-0.00529692
0.0587548
-0.0243684
0.020264
-0.159993
-0.000548176
0.063924
-0.0870621
-0.0578895
-0.0205019
0.00618719
0.198567
0.0644778
-0.055552
0.120208
0.0769837
0.131336
0.138112
-0.00443703
0.0762879
0.088685
0.0891175
0.122461
0.157076
0.0206894
0.0236447
-0.0692763
0.0664561
0.0616329
-0.125754
-0.0514411
-0.0269374
-0.119434
0.00325329
0.0818373
0.0814023
0.181801
0.189288
0.157264
-0.0405102
-0.00971326
0.059202
0.0597238
-0.00726119
0.0296955
-0.186547
0.0462732
0.130362
0.0517511
0.0518953
0.083011
0.0769568
0.0735603
0.172113
0.138782
0.0733154
-0.0212899
0.114475
0.000152481
0.133963
0.0410179
0.0317116
0.195359
-0.0135959
0.00272797
0.0217514
-0.0745968
-0.0301094
-0.013458
-0.0115456
-0.0262373
0.0373426
0.026649
0.0518175
0.00923465
-0.00351748
-0.138244
-0.040028
-0.0991307
0.0963018
0.0783806
0.0199958
0.132594
0.0657386
0.00293359
-0.0329163
0.00031111
0.0379549
-0.0822489
0.0264376
-0.00127228
-0.00128562
0.180488
-0.00463303
0.0686517
0.0260489
0.251807
0.049052
0.113568
0.0923741
0.123144
0.154542
0.0759581
0.203433
0.159139
0.0645374
-0.00300993
0.0316585
0.0839119
0.0388351
-0.0150891
0.0387217
0.0149991
0.0993787
0.0979473
-0.0167428
-0.0562269
-0.029965
-0.0258397
0.0470523
-0.0658916
0.0571523
-0.0777775
0.0315387
-0.020996
-0.221223
-0.0620653
0.106065
0.0293545
0.00304643
0.00840351
-0.0455214
-0.0278534
-0.056363
-0.0504891
0.072425
-0.0934257
0.0729444
0.0316086
-0.141799
0.0267507
-0.0315194
0.130812
-0.040198
-0.0038911
-0.0536383
0.0559751
0.0173304
-0.0413681
0.068184
0.075861
0.0244368
0.0452776
0.0753332
-0.0221404
0.0919724
0.00934939
-0.126153
-0.00875633
0.0169091
-0.0683994
-0.0574464
0.0216467
0.0140066
0.110065
0.0061168
-0.0384037
-0.0223775
-0.0780404
-0.0141354
0.042669
-0.0544574
-0.114487
0.00256441
-0.0451206
0.0644306
0.0695738
-0.144357
0.133788
0.135085
-0.00724291
0.147554
0.134296
0.0910267
0.0362815
0.0371335
0.013138
-0.0313908
0.0446771
0.00825381
-0.00991539
0.0560988
0.0135319
0.0180601
-0.0777955
-0.0255545
-0.0313652
0.0149166
-0.103951
0.0689533
0.0836555
0.122926
-0.0483589
0.0962285
0.065227
0.148661
0.0210113
0.00562638
0.0652176
0.0960577
0.130219
0.210608
0.116124
0.164621
0.120029
0.163736
0.203598
0.129835
-0.0199918
0.0963157
0.0730618
0.129391
0.186862
0.021523
0.00822447
0.0730383
0.154089
0.0383061
0.20204
0.0442487
0.14232
0.0824945
-0.0135865
0.0208006
0.123142
0.13953
0.117848
0.0832383
0.12873
0.16697
0.129224
0.0673538
0.0402994
0.0536696
-0.00387137
0.226901
0.0558187
0.0338814
0.101855
0.151491
0.0226867
0.0467231
0.203096
0.192791
0.129275
0.0964159
0.232171
0.119794
0.149656
0.191393
0.13627
0.0571231
-0.0320074
0.230825
0.0774858
0.185678
0.214015
0.115381
0.0465898
0.0295318
0.0517943
0.134127
0.117454
-0.0100573
0.149431
0.0238203
-0.0545238
-0.0175404
0.0927147
0.146372
0.100226
-0.00981538
-0.0328639
0.117572
0.0759227
0.115166
0.0690702
0.100822
0.18554
0.117776
0.0914563
0.0014386
0.135345
0.160384
0.0889711
0.0472135
0.0717195
0.03559
-0.0812206
0.141034
0.0190016
0.0413144
0.0286977
-0.00734668
0.0411711
0.0683241
0.0738058
0.137652
0.0360212
0.0488485
0.0235537
0.155993
-0.0829203
-0.0169108
0.0469993
0.0614863
0.0855198
0.101946
0.0333443
0.0796362
0.238968
0.0359652
-0.00741817
0.0321357
0.0699993
0.0441576
0.0360961
0.0593019
0.0658231
0.0365068
0.156553
0.123193
0.155873
0.149497
0.125184
0.173913
0.143518
0.166825
0.126959
-0.00221927
0.104484
0.190406
-0.0386962
0.0638426
0.0423744
0.139302
0.0611965
0.175537
0.140112
0.115317
0.196353
0.0125015
-0.0634477
0.0526333
0.154122
-0.0217232
0.126219
0.128638
-0.0391484
0.111948
0.152787
0.0331844
0.0788894
0.0600033
0.0359523
0.051017
0.074987
0.169547
0.231526
0.10474
0.197655
0.105607
0.132273
-0.0584869
0.0507522
-0.140584
-0.148981
0.0305315
0.0389954
0.0505086
-0.0978763
0.00236313
0.189933
0.168924
0.0553447
0.086831
0.228556
0.0528277
0.0519075
0.0994622
-0.0116716
0.0340779
-0.144535
-0.0815993
0.0405977
0.0730044
0.104894
0.0317177
0.135292
0.0117137
0.0674218
0.0517603
0.0348836
0.0349163
0.146752
0.115052
0.000439371
0.0816797
0.00803205
-0.0130054
0.0440039
-0.0181697
0.0408197
-0.0021582
0.0144977
0.0955691
0.0216496
0.320247
0.140182
-0.0585091
0.0796018
0.143785
0.0268927
0.0499363
-0.0056529
0.179431
0.195057
0.211527
0.126159
0.0660195
0.0386448
0.00265056
0.0934741
0.159439
0.0740649
0.00617131
0.203454
0.187161
0.175797
0.233745
0.180695
0.120643
0.126597
0.0918189
0.145902
0.166085
0.126384
0.23628
0.146164
0.0717589
0.0346696
0.0719303
0.0696939
0.129813
0.0814836
0.0448645
-0.0344231
0.160719
0.0529469
0.114803
0.105505
0.209698
0.248035
0.18721
0.168851
0.0588188
0.140783
0.137382
0.0785908
0.0622193
0.07209
-0.0078615
0.0458999
0.15048
0.131159
-0.00890883
0.179538
0.0962903
0.12434
0.175591
0.147154
0.245809
0.197615
0.118637
0.316127
0.0751584
0.17914
0.135803
0.224115
0.0541215
0.106898
0.152193
0.188341
0.151915
-0.0249286
0.128071
0.161187
0.0779367
-0.0338103
0.0691519
0.0687649
0.138808
0.0559306
0.133752
0.0238136
0.104989
0.0293694
-0.0640149
-0.00288893
0.0777876
0.0388956
0.0331525
0.201858
0.0795447
0.0297765
0.0135384
0.0211847
0.111601
0.163242
0.0988727
0.0270859
-0.00783641
0.0206154
0.0186576
0.1661
0.128212
0.119408
0.00728067
0.0210681
0.0737284
0.0193783
0.0813519
0.111007
0.142493
0.0658951
0.105227
0.197982
0.0438254
-0.031586
0.146666
0.026701
0.0894469
0.0747975
0.0986439
0.171375
0.0890489
0.0558745
0.0682565
0.108038
0.0806097
0.154707
0.168413
0.0849221
0.191744
0.160968
0.0677921
0.091706
0.1349
0.248532
0.0803176
0.127873
0.245456
0.0843442
0.137632
0.160493
0.123663
0.215997
-0.00142018
0.19301
0.101361
0.10803
0.228801
0.245117
0.147077
0.14561
0.197949
0.118329
0.219273
0.077855
0.0787665
0.108061
0.129147
0.0814605
0.0642749
0.141521
0.0911884
0.257265
0.249005
0.282016
0.193347
0.292388
0.241096
0.220138
0.148623
0.155575
0.273265
0.123168
0.110463
0.138695
0.179285
0.0336418
0.152789
0.0647734
0.0979907
0.143504
0.100053
-0.0106769
0.176204
0.145418
0.0526034
0.27178
0.110163
0.186548
0.245819
0.202737
0.0187522
0.160717
0.0183443
0.167777
0.210926
0.175614
0.132165
0.103849
0.162191
0.142788
0.207829
0.106531
0.085648
0.162658
0.282548
0.248574
0.236394
0.149153
0.207358
0.292582
0.12978
0.289345
0.236042
0.149124
0.177185
0.216961
0.264915
0.219877
0.195714
0.0603785
0.164041
0.0840757
0.0531399
0.085131
0.138302
0.199094
0.0976917
0.0663309
-0.01611
0.171237
0.0254956
0.123401
0.0594089
0.0261941
0.106776
0.0451442
0.0962227
0.235147
0.137125
0.113288
0.0930361
0.102392
-0.000873109
0.0923436
0.0505881
0.0817131
0.147845
0.106462
0.0586443
0.296801
0.260423
0.0986293
0.0526848
0.171663
0.266244
0.284898
0.186953
0.219062
0.280373
0.245634
0.119008
0.239257
0.0456791
-0.00210543
0.064903
-0.0728516
0.024757
-0.000593601
0.169238
0.201322
0.211127
0.0865722
0.113591
0.0719278
0.212759
0.132794
0.202699
0.0480548
0.125619
0.26244
0.204323
0.0961209
-0.00989097
0.0833317
-0.0116759
0.149951
0.09124
0.246069
0.221687
0.197419
0.0918164
0.148865
0.189091
0.173119
0.136866
0.119087
0.263319
0.0804664
0.174428
0.0573047
0.179493
0.159307
0.169174
0.101128
0.161224
0.267595
0.341086
0.185543
0.260998
0.183573
0.153838
0.0899149
0.21266
0.0344345
0.108111
-0.00497477
0.166731
0.0778743
0.158153
0.115431
0.23248
0.052028
0.0376653
0.0768677
0.129604
0.0973035
0.0550622
-0.0457894
-0.0103508
0.186082
0.205539
0.10028
0.0374978
0.141724
0.0647668
-0.0373235
0.0911528
0.0016338
0.0714463
0.291668
0.0379321
0.063477
0.0986409
0.0308205
0.158511
0.147831
0.0603567
0.0265537
0.0845422
0.0463159
0.107811
0.0600185
0.0294609
0.0922251
0.148726
0.111414
-0.0291659
0.0962814
0.200048
0.151195
0.242296
0.177594
0.10772
0.228833
0.053147
0.136529
0.107991
0.149969
0.141057
0.133794
0.0942853
0.118959
0.166582
0.197342
0.169831
0.187709
0.26537
0.0506556
0.107371
-0.00855753
0.10607
0.0158617
0.0902727
0.0663335
0.0948645
0.115208
0.0316848
0.20134
0.170972
0.0335248
0.0895138
0.195188
0.0012732
0.245007
0.214356
0.0961806
0.18195
0.0697462
0.256076
-0.078597
0.202365
0.21689
0.13219
-0.00907066
0.177621
0.1392
0.18361
0.138776
0.253195
0.252992
0.18761
0.132392
0.0846604
0.218605
0.0632089
0.147037
0.119261
0.210314
0.183498
0.18526
0.160411
0.0894473
0.125547
0.144325
0.0743395
0.0923269
0.183721
0.221834
0.271987
0.244073
0.269078
0.151105
0.267789
0.181804
0.147684
0.14449
0.100078
0.143489
0.170045
0.208699
0.221743
0.147118
0.0451218
0.366334
0.286633
0.258297
0.0177828
0.206399
0.098493
0.111737
0.185204
0.227978
0.108231
0.163649
0.133378
0.0654473
0.134091
0.184721
0.0427859
0.252911
0.0675424
0.187653
0.190628
0.312221
0.389296
0.415193
0.33927
0.335088
0.223317
0.250212
0.212677
0.0098471
0.168755
0.293113
0.29416
0.155945
0.280614
0.351358
0.266959
0.142008
0.210316
-0.0184899
0.105801
0.224765
0.333596
0.305746
0.285383
0.355153
0.164565
0.28022
0.295082
0.325163
0.247107
0.344276
0.273657
0.415419
0.152672
0.323241
0.317791
0.269156
0.365412
0.263383
0.421548
0.442685
0.642985
0.51946
0.569693
0.35901
0.569984
0.593569
0.5463
0.58556
0.642056
0.562127
0.507157
0.638847
0.442832
0.593856
0.563023
0.679162
0.235854
0.763023
0.662855
0.349955
0.693835
0.538461
0.894693
0.571872
0.445312
0.483611
0.522744
0.389598
0.335391
0.549995
0.363371
0.496112
0.517907
0.552431
0.170075
0.375605
0.468635
0.575349
0.445465
0.486796
0.288004
0.358072
0.319408
0.166631
0.498049
0.340968
0.28917
0.407178
0.267368
0.241977
0.0564175
0.742936
0.841571
0.410571
0.299852
0.511336
0.69803
0.446012
0.231669
0.772116
0.546543
0.28506
0.655926
0.426493
0.160148
0.624301
0.459144
0.385829
0.4799
0.468897
0.612282
0.49931
0.349066
0.790066
0.232249
0.0595922
0.610357
0.0491749
0.38215
0.536781
0.476121
0.149555
0.610796
0.551313
0.439649
0.303369
0.282427
0.245553
-0.0418939
0.435818
0.50418
0.160835
-0.138853
0.332306
0.249133
0.000479778
0.159519
0.312038
0.245049
0.0422418
0.266316
0.051525
0.0803854
0.201893
0.531383
0.417042
0.195252
0.321175
0.199283
0.347854
0.337495
0.440171
0.395439
0.434882
0.194845
0.236248
-4.84188e-05
0.0679373
0.361287
0.509176
0.10993
0.445562
0.535377
0.0100704
0.171176
0.472907
0.278079
0.203427
0.377891
0.0967443
0.129714
0.12558
0.266415
0.215367
-0.245573
-0.257985
0.153121
0.267806
0.114808
0.18765
0.218495
0.311247
-0.341469
-0.0282341
0.174747
0.621966
0.137849
0.391203
0.220705
0.421349
0.349359
0.320926
0.641552
0.749224
0.338133
0.277769
0.36315
-0.159489
-0.0949688
-0.012928
0.132646
0.1038
-0.435249
-0.273845
-0.242216
-0.229668
0.598342
0.388119
0.224362
-0.0652069
0.41985
0.13339
-0.134647
0.365376
0.270086
0.0666281
0.428896
0.273308
-0.449166
0.0829786
0.311902
0.0482811
0.0310883
0.368261
0.137267
-0.144806
0.376495
0.530706
0.153045
0.241672
0.315796
0.124695
0.218394
0.443003
0.396214
0.591311
0.866937
0.54399
-0.102642
0.0669162
0.238492
0.0342542
-0.409316
0.229908
0.304416
-0.558552
0.301934
0.336576
-0.152088
-0.29646
0.166906
-0.167412
0.089615
0.517834
-0.232401
-0.0131169
-0.0399413
-0.0106394
-0.132325
-0.392368
-0.442376
0.108593
-0.424709
-0.0319944
0.392337
0.219378
-0.0523166
0.36314
0.426572
0.195678
-0.314661
0.07038
0.467099
0.374783
-0.328078
0.194367
0.497168
0.226367
-0.52422
-0.00899913
0.231772
0.187479
-0.072982
0.0111844
0.0782917
0.0827677
0.386573
0.113946
0.0332984
0.0160373
0.105832
0.266835
0.304805
0.168158
0.192994
0.195145
0.218622
0.425363
0.109822
-0.0255577
0.175405
0.00872591
0.17809
0.183783
0.0377453
0.0843807
0.420655
0.320325
-0.0209296
0.104224
0.262824
0.173658
-0.213854
-0.103685
0.188893
0.129286
-0.189201
-0.220801
0.474202
0.339543
-0.154188
-0.45725
0.333723
0.283469
-0.497381
-0.0824041
0.945542
-0.0846941
-0.368695
0.258067
0.525716
-0.547312
-0.107774
0.769583
0.393452
-0.316332
0.516894
0.781937
-0.190096
0.287601
0.821996
-0.0227933
-0.671194
0.898174
0.388827
-0.672755
-0.0452427
0.591799
-0.436846
-0.0938191
0.70523
-0.294488
-0.0164886
0.409645
0.248938
0.154659
0.250121
0.163044
0.0122907
0.0519089
0.426653
0.445661
-0.0635995
0.412763
0.337764
-0.147348
-0.187263
0.00906688
0.23102
0.0997957
-0.428244
-0.0084141
0.297426
-0.243777
-0.538958
0.321957
-0.214144
-0.444991
0.083302
-0.406071
-0.649651
-0.0137369
0.299304
-0.701005
-0.0612812
0.405631
0.173512
-0.45532
0.274055
0.25499
0.106881
0.262226
0.251204
0.0602626
0.0374769
0.242162
-0.0478379
0.229459
-0.00435457
0.650305
0.349903
0.530474
0.232836
0.423223
0.172241
0.0862531
0.348454
0.117287
0.223931
-0.344224
-0.048447
-0.548713
-0.0523397
-0.0872911
0.0342323
-0.486238
-0.0537261
0.242758
0.278687
-0.130924
-0.152604
-0.00191152
0.48351
0.0329477
-0.0285535
0.117689
0.675164
0.65759
0.0624048
-0.0214132
0.267917
0.713352
0.285836
-0.0127302
-0.215526
-0.0835071
-0.0805548
0.524585
0.383286
0.170844
0.295424
0.138638
0.555292
0.353442
0.0631698
0.166271
0.142709
-0.121484
0.160612
-0.308073
-0.175397
0.229822
-0.00834629
0.383296
0.528612
0.481799
0.233907
0.073774
0.282375
0.331107
0.0682254
0.241993
0.167098
0.418389
0.385318
0.872508
0.831971
0.774058
0.364205
0.432766
0.262048
0.344821
0.389055
0.276674
0.410091
0.535211
0.440065
0.778757
1.13458
0.802469
0.603976
0.69929
0.354176
0.677564
0.474775
0.565035
0.253728
0.47874
0.349947
0.566434
0.492793
0.21592
0.625039
0.445987
0.915349
0.466288
0.63279
0.635733
0.646515
0.755133
0.640652
1.18427
0.695547
0.506907
0.796528
0.0947092
1.02534
-0.0567843
-0.169007
0.95646
0.856735
-0.0420716
0.758179
1.67888
0.46202
1.00991
0.457449
0.693105
0.527391
0.7982
0.569038
0.453318
0.0648296
0.514525
0.900262
0.737566
0.613533
0.691417
0.457851
0.588362
0.148666
1.00485
0.842755
0.354275
0.97673
0.719601
0.301542
0.236276
0.731251
0.325402
0.214213
0.242985
1.23566
0.626192
0.319358
0.138235
0.439565
0.0935507
0.098969
0.454736
1.24124
0.430833
0.288153
0.651382
0.372244
0.416512
0.557696
1.40601
0.649568
0.162697
0.766531
0.61992
0.0719516
0.473344
1.74522
1.19556
0.279039
0.802562
0.428687
-0.0620846
0.379664
1.62621
0.837682
-0.40832
0.286757
0.212463
-0.137583
-0.68081
1.87139
0.93956
-0.108479
0.119499
0.542451
0.0755482
-0.302678
1.02346
0.332396
-0.419823
-0.0270057
0.449029
-0.217567
-0.21859
1.30461
1.5866
0.102256
0.0714587
0.880142
0.577972
0.0981042
0.863617
1.51869
0.844639
0.779736
0.204819
0.320783
0.73453
0.101489
0.767876
0.4354
0.202511
0.419644
0.0889973
-0.220616
-0.201554
0.269816
0.322948
-0.245942
0.29609
0.667111
-0.232932
0.631075
0.525783
0.507728
0.144381
0.430352
0.0269724
0.0179673
0.204781
0.380053
0.462273
0.0980049
-0.0432396
0.00897371
-0.242782
0.649986
0.407158
0.634597
0.606257
0.20043
0.189658
0.604871
0.329081
0.288746
0.308126
0.399751
0.371955
0.808504
0.591094
0.371312
0.0116217
0.254125
0.231137
0.360977
0.540382
0.211285
0.355678
0.268039
0.367726
0.494213
0.488618
0.340927
0.391687
0.570131
0.492787
0.625252
0.256356
0.467163
0.853481
0.79441
0.352609
0.883669
0.895547
0.409957
0.381137
0.543495
0.85297
0.538228
0.586278
0.487005
0.892667
0.0468899
0.950592
1.19789
0.600808
0.893702
0.815893
0.101475
0.294968
0.964071
0.58356
0.629988
0.915962
0.734498
0.616233
0.65464
0.573857
0.65852
0.718438
1.03928
0.773373
0.752847
1.04671
0.785971
0.371836
0.535584
0.920546
0.307821
0.477762
0.788895
0.294463
0.1235
0.384095
0.575571
0.411667
0.0272629
0.22244
0.326066
0.444983
0.561569
0.64133
0.817293
0.0370664
0.499271
0.576985
0.366221
0.489737
0.546793
0.393401
0.551236
-0.0427077
0.270483
0.553829
0.551871
0.570697
0.793463
0.550583
0.179229
0.551401
0.593591
0.218614
0.251738
0.719294
0.466255
0.313852
0.543444
0.405121
0.50904
0.583128
0.718227
0.619265
0.301427
0.40814
0.559781
0.465686
0.520822
0.467614
0.342141
0.129174
0.58281
0.254612
0.381826
0.482001
0.540115
0.404929
0.203289
0.116468
-0.170402
0.488281
0.303346
0.0624909
0.23702
-0.342138
0.320674
0.0750379
0.424625
0.036908
-0.136859
0.19819
0.177228
0.102176
0.029507
-0.0223553
0.151322
0.00207129
-0.104036
-0.184636
-0.272668
-0.00959409
-0.359058
-0.044145
-0.260631
-0.402449
-0.232314
-0.340157
-0.238892
-0.250137
0.180252
0.0403767
0.0477885
0.326046
0.0127339
0.00210689
-0.0264229
0.0308784
-0.0360305
0.171329
0.0359841
0.0760626
-0.0431769
0.0972434
-0.0127117
-0.0880676
-0.0170404
-0.185212
-0.141015
-0.0849578
0.0464288
-0.00290407
0.204788
0.0366859
0.197088
0.308238
0.188806
0.0639104
0.193793
0.15897
0.241365
0.17906
0.0957174
0.0913546
0.013301
0.0375789
0.126393
0.242541
0.26792
0.207636
0.397842
0.189024
0.0106597
0.0438726
0.304992
0.255204
0.379125
0.350149
0.403785
0.276489
0.389447
0.337017
0.257006
0.369703
0.249428
0.333043
0.248417
0.257118
0.175763
0.14265
0.23438
0.193051
0.275333
0.356687
0.13763
0.142092
0.25953
0.0718877
0.228707
0.361187
0.17561
0.162912
0.137378
0.118555
0.0184132
0.0674197
0.155165
0.129468
0.144567
0.0371705
0.174289
0.227351
0.043749
0.248097
0.252585
0.337916
0.322169
0.339188
0.340123
0.174616
0.242865
0.246871
0.199389
0.215361
0.178398
0.304476
0.357615
0.157141
0.325512
0.318941
0.180145
0.217121
0.140542
0.331478
0.223669
0.248836
0.28425
0.204003
0.182132
0.184396
0.179433
0.206236
0.216788
0.151604
0.0995984
0.0488552
0.112352
-0.00588054
0.268216
0.250923
0.174664
0.127046
0.315519
0.148297
0.118736
0.211285
0.0409548
0.195849
0.29382
0.176347
0.212698
0.218991
0.153403
0.203736
0.271263
0.399431
0.374879
0.284613
0.224261
0.276332
0.297458
0.335491
0.187862
0.403687
0.309411
0.344821
0.370442
0.17515
0.339638
0.362489
0.194288
0.294183
0.369396
0.349517
0.321624
0.287963
0.288585
0.111632
0.268896
0.307587
0.349317
0.220872
0.164773
0.342802
0.235694
0.259932
0.171293
0.22719
0.217171
0.244947
0.24113
0.227687
0.300087
0.255658
0.288319
0.387398
0.246398
0.284709
0.15058
0.34922
0.220072
0.187398
0.235424
0.300099
0.326187
0.391115
0.258829
0.344532
0.267117
0.418106
0.450731
0.350696
0.239605
0.247913
0.417611
0.389942
0.348241
0.190047
0.299265
0.298223
0.159522
0.306792
0.277591
0.304049
0.292067
0.394886
0.336785
0.258558
0.334422
0.224766
0.199179
0.212764
0.141241
0.30516
0.118277
0.122576
0.0161648
0.197538
0.175213
0.189287
0.23406
0.225716
0.124984
0.069409
0.226956
0.0781131
0.0425702
0.051897
0.183413
0.215212
0.135637
0.0397034
0.0144788
0.0114986
0.196655
0.0221155
0.225761
0.0694324
0.15231
0.237606
0.187942
0.234733
0.0600026
0.162224
0.165456
0.180139
0.290574
0.322945
0.190527
0.231202
0.253193
0.178883
0.289892
0.250835
0.229416
0.126414
0.238539
0.0597888
0.171916
0.265129
0.0138028
0.0895561
-0.0404774
0.0389398
0.029875
-0.033195
0.170985
0.188775
0.14575
-0.0104835
0.0346081
0.176325
0.1602
0.0985818
0.232671
0.0403696
0.252311
0.198071
0.250557
0.250732
0.194351
0.165454
0.212758
0.281306
0.250067
0.0894861
0.358534
0.326138
0.10387
0.217839
0.245685
0.0960188
0.237678
0.163358
0.298989
0.252626
0.265381
0.373231
0.345143
0.209119
0.398307
0.322976
0.215545
0.263961
0.123455
0.254805
0.100098
0.186212
0.249758
0.108351
0.104388
0.179686
0.273786
0.287924
0.333924
0.294972
0.223327
0.211529
0.187676
0.256214
0.115643
0.179672
0.250292
0.257609
0.174879
0.114025
0.240614
0.0929689
0.190432
0.274348
0.476903
0.3135
0.57251
0.363251
0.569795
0.610449
0.599223
0.451293
0.658599
1.01283
1.07515
0.239593
1.47769
0.860147
0.599367
0.689234
1.0723
0.375378
0.44244
0.809276
0.816496
0.267603
0.527813
0.719777
0.323963
0.309307
0.591682
0.331283
0.516746
0.711766
0.357342
0.187727
0.67722
0.907603
0.665996
0.685978
0.704376
0.407919
0.450751
0.398435
0.515571
0.39773
0.426861
0.649005
0.397963
0.611823
0.916277
0.832597
0.580396
1.02347
1.15421
0.75712
0.815834
0.673942
0.84805
0.752425
0.464226
0.671236
0.523497
0.372773
0.482152
0.590152
0.486537
0.318692
0.615771
0.883659
0.770305
0.940414
1.09603
1.00378
1.07213
0.772811
0.969424
1.25253
0.584157
0.837886
0.824178
0.732795
0.465646
0.807857
0.609989
0.780808
0.863775
0.213956
0.607382
1.16812
0.282186
0.406695
1.08701
0.956892
0.349205
1.09292
1.04291
0.890735
0.963704
1.13329
1.13327
0.47752
1.0367
1.02514
0.577661
0.771888
0.945484
0.642261
0.238494
0.623432
0.498312
0.250919
0.433066
0.398912
0.623729
0.795151
0.715731
0.717158
0.731799
0.498778
0.51101
0.661691
0.394055
0.463687
0.597423
0.340197
0.246875
0.0464796
0.687434
0.540383
0.309911
0.446866
0.476888
0.30599
-0.0118731
0.488166
0.155539
0.0951982
0.326407
0.574936
-0.167654
0.308639
0.417678
0.205201
-0.11398
0.0594893
0.408401
0.00104633
0.184419
0.895268
0.746079
-0.0233496
0.803166
0.732706
0.0490236
-0.0718494
0.288584
0.774162
0.711667
0.108357
0.366891
0.36407
-0.195888
-0.412606
0.865176
0.786119
-0.268986
-0.283159
0.598428
0.0268147
-0.413273
-0.207004
1.11656
-0.360636
-0.521637
0.532535
0.498275
-0.388435
-0.144099
1.0521
0.52092
-0.870236
0.630537
0.18067
-0.409195
-1.18773
1.17332
0.577859
-0.812154
-0.559012
0.506161
-0.699191
-0.718898
-0.186831
0.226029
-0.0818669
0.296324
0.385459
-0.0104588
-0.279642
-0.496859
-0.0437905
0.0783871
0.0548816
0.163332
0.437376
-0.0551172
-0.0839795
0.0589322
0.352158
0.303676
0.441405
0.529149
0.300536
0.402431
0.126476
0.260611
0.826015
0.62117
0.548968
0.950401
0.511789
0.36291
0.931788
0.766459
0.223811
0.497226
0.971839
0.0702022
0.00631872
0.923453
0.943159
0.149326
0.844023
1.27045
0.711857
0.343853
1.00955
1.08513
0.706686
0.423938
0.820811
0.833458
0.416006
0.403364
0.504854
0.566878
0.645186
0.551547
0.829238
0.915115
0.703575
0.764881
0.577907
0.645897
0.644835
0.775605
0.853668
0.692115
0.691842
0.636766
0.553
0.389662
0.520195
0.517279
0.542648
0.637248
0.780414
0.482611
0.364047
0.599065
0.344904
0.533274
0.585696
0.651414
0.430484
0.273945
0.515403
0.368478
0.44896
0.671735
0.520714
0.397673
0.384684
0.338311
0.245788
0.424753
0.65841
0.275482
0.385926
0.33847
0.271516
0.389541
0.493459
0.627846
0.492156
0.628393
0.429765
0.389405
0.13908
0.304732
0.431835
0.4637
0.514156
0.720429
0.54316
0.429501
0.26659
0.19306
0.421772
0.483118
0.520045
0.448626
0.49588
0.320068
0.417409
0.52263
0.362404
0.510686
0.37637
0.282773
0.345372
0.257417
0.243525
0.328563
0.500889
0.326
0.453768
0.428835
0.37101
0.469261
0.397612
0.377319
0.260274
0.251164
0.330418
0.206742
0.423666
0.222511
0.376565
0.264303
0.413623
0.325269
0.325251
0.295342
0.358497
0.314904
0.465525
0.450526
0.292797
0.369255
0.312269
0.333959
0.35742
0.285261
0.523226
0.467424
0.427805
0.537473
0.379105
0.389027
0.418301
0.483216
0.54785
0.462759
0.52719
0.616437
0.443547
0.541871
0.407942
0.450111
0.378231
0.422234
0.363043
0.338389
0.465135
0.411291
0.645576
0.299606
0.270623
0.391884
0.36951
0.424083
0.564836
0.464441
0.470089
0.637037
0.378498
0.354454
0.384832
0.324331
0.59044
0.557546
0.33499
0.620504
0.422146
0.48453
0.299319
0.415796
0.438463
0.289072
0.372697
0.56228
0.461373
0.273784
0.419272
0.508442
0.544666
0.267405
-0.0456121
0.231727
0.235908
0.232827
-0.061934
0.157968
0.753778
-0.10283
-0.176836
0.298526
0.055244
0.138457
0.561366
0.247666
-0.168008
0.76809
0.24644
0.0180653
0.332579
0.446358
-0.101412
0.309783
0.642359
-0.196
0.710524
0.405215
0.283866
0.252462
0.618849
0.928128
0.249816
0.486791
1.09557
0.614518
0.458409
0.778022
0.747412
-0.0693409
0.172295
0.90097
0.353882
0.107561
0.683288
0.32654
-0.242414
0.349792
1.20601
0.28426
0.429962
0.668809
0.718257
0.151569
0.28165
0.440158
0.695486
0.225708
0.561032
0.879092
0.452023
0.31702
0.0695354
0.66894
0.633077
0.138
0.520265
1.03752
0.038703
-0.023267
0.820725
0.491706
-0.190153
0.63622
0.772849
-0.230475
0.362304
1.14542
1.39368
0.444385
0.895523
1.38674
0.360487
0.597612
1.04029
0.637274
0.0338246
0.489615
0.882409
0.276688
0.263829
0.845156
0.630852
0.123526
0.558478
1.33525
0.144414
0.00180196
0.507947
0.959456
0.403653
0.605562
1.10112
1.41865
0.522493
1.29018
1.74717
0.876371
1.10807
1.61688
0.759719
0.423803
1.34867
1.10996
0.326483
0.563884
1.19343
1.01145
0.659509
0.946189
1.20795
0.95414
0.996106
1.06545
0.919657
0.738215
0.709247
0.955294
0.662285
0.693555
0.527309
1.04205
0.504137
0.178132
0.702496
1.40973
0.71507
0.403109
1.04293
1.07386
0.463337
0.425185
0.653701
0.776393
0.576045
0.444524
0.536208
0.75009
0.650266
0.59138
0.780847
0.754283
0.443252
0.914916
0.997577
0.0317739
-0.0494841
1.06469
0.528533
-0.18553
0.356938
0.563185
0.000778458
-0.0510932
0.829117
0.515543
-0.0194295
0.109302
0.502574
0.619974
0.359919
0.0580893
0.0234188
0.728926
0.405648
-0.00745843
0.0659924
0.889132
0.530554
0.240141
0.347892
0.58139
0.287658
0.273121
0.48799
0.632846
0.48995
0.618177
0.592863
0.434888
0.689312
0.594946
0.884008
0.677832
0.734067
0.782203
0.76957
0.79546
0.864496
0.832746
0.579671
0.872057
0.618457
0.942905
1.00784
0.824411
1.10404
0.82588
0.951118
1.03343
1.1321
0.881927
0.599367
0.611499
0.734453
0.548022
0.326703
0.31816
0.562427
0.647957
0.110002
0.0848187
0.737754
0.54284
0.00170141
0.186364
0.802833
0.718816
-0.0630097
0.280227
0.606892
0.395526
0.361354
0.417321
0.524892
0.653324
0.311093
0.411112
0.43198
0.392862
0.523615
0.502592
0.503276
0.397536
0.425028
0.386113
0.477848
0.456149
0.528675
0.418049
0.397868
0.38876
0.357403
0.323007
0.235358
0.380502
0.37139
0.499433
0.508748
0.522326
0.309026
0.288724
0.49482
0.28716
0.367411
0.331486
0.389565
0.372553
0.529661
0.524389
0.458431
0.615152
0.653052
0.672265
0.439508
0.485886
0.0560673
0.143417
0.473342
0.576687
0.248138
0.052484
0.199856
0.310722
0.460765
0.344542
0.192616
0.172377
0.535376
0.226043
-0.168756
-0.0499359
0.592921
0.224731
-0.207523
-0.0348991
0.596898
0.442652
0.175915
0.0325919
0.519931
0.755336
-0.0447228
0.459699
0.630181
0.144302
0.218725
0.387895
0.225603
0.299029
0.120716
0.13942
0.44211
0.113655
0.39153
0.271109
0.310396
0.506006
0.298036
0.248353
0.393866
0.731129
0.371225
0.391671
0.167551
0.844735
0.741509
0.212476
0.902675
0.845954
0.629196
0.116611
1.0046
1.29459
0.198533
0.918368
1.23528
0.648727
0.202435
0.989529
1.18497
0.651544
0.317829
1.17514
1.14289
0.709402
0.216306
1.13828
1.0632
0.591433
0.368208
1.13783
0.795305
0.237629
0.106372
1.33243
0.370762
0.215432
0.962506
0.606902
-0.0892927
0.560722
1.27326
0.139427
0.184742
0.830544
1.11086
-0.136894
0.407076
0.756988
0.67887
0.341596
0.48153
0.549964
0.725613
0.155226
0.512974
1.08377
0.469261
0.543725
0.932666
0.693406
0.444333
0.760132
0.560872
0.496291
0.474222
0.829467
0.430613
0.228106
0.746422
0.428782
0.731269
0.346387
0.829789
0.447546
0.590917
0.958275
0.742445
0.579375
0.878754
1.26355
0.844606
0.873876
1.21767
0.694502
0.951512
1.04092
1.07763
0.849386
0.754193
0.821787
0.740502
0.667544
0.823984
1.07086
0.513875
0.7936
1.15452
0.547697
0.725466
0.676206
1.0549
0.640318
0.970901
0.87032
0.548367
0.482256
0.855308
0.896444
0.379155
1.06737
1.00534
0.488603
0.734129
1.04711
0.880555
0.624619
0.652262
0.953104
0.677058
0.600951
0.780419
1.04404
0.462466
0.24041
0.942483
0.433851
0.642826
1.17661
1.19802
0.870616
0.901936
1.13998
1.12188
1.09141
0.949555
1.22878
1.2161
0.8324
1.05254
1.03606
0.790654
0.838579
1.11143
0.561647
0.902413
1.37867
0.519583
0.765142
1.17991
1.16371
0.963295
1.07947
1.23227
0.988943
1.33613
1.36764
1.15637
0.843061
1.09062
0.922929
0.822019
0.696089
0.938202
0.843614
0.92064
0.846991
1.13107
1.30728
1.09704
1.12794
1.02846
1.00544
0.96992
0.90347
0.564764
0.712055
0.593339
0.849749
0.734585
0.69719
0.634897
0.901703
0.649124
0.508611
1.02176
1.2554
0.52134
0.779763
1.2813
1.03121
0.812898
0.974481
0.953178
0.715017
0.850938
0.922767
0.967543
0.847522
0.70346
0.802758
0.856419
0.834543
0.834426
0.74225
0.915898
0.963966
0.467896
0.701377
1.00098
1.00954
0.532514
0.817812
0.827034
0.455431
0.392282
0.773438
0.581888
0.313878
0.395056
0.585181
0.446572
0.239449
0.805083
0.972046
0.282145
0.206634
0.732987
0.479754
0.244342
0.219278
0.695323
0.138233
-0.0964281
0.413865
0.392503
-0.0623159
0.223005
0.480623
0.0229328
0.420923
0.564542
0.0453197
0.38203
0.593945
0.234453
-0.0342778
0.625303
0.436587
0.0986198
-0.0908608
0.314448
0.0980197
0.0375289
0.0932252
-0.0150267
-0.148974
-0.056183
-0.0961006
-0.421627
-0.181526
0.0574487
-0.0691271
-0.114997
-0.111175
-0.325079
-0.157024
-0.00148413
0.012812
-0.105909
0.165982
0.100943
0.0463912
0.157612
0.23637
0.374275
0.332852
0.213309
0.384647
0.219911
0.326883
0.42429
0.486443
0.317604
0.320939
0.525956
0.547525
0.297701
0.0773196
0.246114
0.358245
0.0782541
-0.150965
0.501798
0.630422
0.316797
0.12218
0.756225
0.870027
0.301971
0.317171
0.810094
0.836975
0.522581
0.334075
0.716525
0.622586
0.181375
0.2361
0.788207
0.799633
0.356491
0.264559
0.857621
0.987815
0.701498
0.483528
0.888628
0.933062
0.704079
0.448053
0.990358
0.911399
0.744037
0.687368
0.808695
0.743926
0.821597
0.855981
0.91076
0.771131
0.955516
0.964767
0.832327
0.861457
1.00839
0.97463
1.08687
1.16885
1.23718
1.1241
1.14934
1.47141
1.16486
0.981381
1.13753
1.04008
1.05749
1.0028
1.18406
1.09781
1.096
1.21807
0.924429
0.938981
1.46492
1.22115
1.07521
0.958994
1.57316
1.0847
0.830229
1.16823
1.76961
1.52536
0.988189
1.62841
1.51932
1.00188
1.34083
1.09093
0.953443
1.12977
1.06889
0.834677
0.736007
1.32626
0.833624
0.937675
1.3065
1.47985
0.693161
1.18042
1.0791
1.02941
1.04503
0.979143
0.749746
1.07916
0.943614
0.909966
1.10003
1.13968
0.549133
0.533436
1.02356
0.886719
0.0533261
0.78878
0.788069
0.776308
0.668083
0.485694
0.593831
-0.304695
0.797281
0.619882
-0.242478
-0.00899679
0.520993
0.148874
0.0139359
0.800511
0.487897
-0.338176
0.176498
1.01967
0.1767
-0.392928
0.31192
0.905185
-0.324553
0.234312
0.35088
0.0721957
-0.153765
-0.193337
0.0673861
-0.0789573
-0.0502198
0.207021
-0.143833
-0.434268
0.104853
0.245266
-0.244439
-0.879955
0.530974
0.11915
-0.72269
-0.770956
0.389499
-0.160433
-0.344809
-0.0780405
-0.128789
-0.267534
-0.353496
-0.431542
-0.802095
-0.652931
-0.167199
-0.10209
-0.0435637
-0.206605
-0.491016
-0.313936
-0.0217204
-0.328071
-0.72724
-0.142302
-0.206019
-0.455756
-0.710077
-0.296608
-0.0800636
-0.495581
-0.186103
0.450915
-0.230698
-0.20686
0.0468824
0.0228205
-0.189247
-0.429514
-0.335993
-0.131337
-0.599766
-0.235195
0.306039
0.253918
-0.210217
0.431237
0.231325
0.2549
0.192105
0.0370227
0.371849
0.255335
0.31485
0.879281
0.949728
0.248293
0.293355
0.643111
0.318205
-0.0184178
0.692445
0.581667
0.423558
0.620663
1.11445
0.664688
0.54832
0.495267
1.06471
0.764575
0.668185
1.15343
0.746847
0.998567
1.3987
1.66398
0.878183
1.31987
1.43758
1.26354
1.1918
1.23946
1.25358
1.43966
1.11591
1.13513
1.22811
1.36619
1.23657
1.22022
1.33986
1.5811
1.46383
1.2617
1.31155
1.32167
1.57174
1.43655
1.20882
1.42138
1.40889
1.04161
1.23682
1.35864
1.13184
1.6865
1.38692
1.25756
1.31805
1.065
1.33667
1.55365
1.67909
0.732811
1.13091
1.52925
1.09714
0.764944
0.86241
1.19679
1.34663
1.10437
1.02173
1.22466
1.15713
1.38872
1.03306
0.96282
1.35488
1.42471
1.33647
1.53705
1.50431
1.39209
1.42235
1.40157
1.04111
1.39574
1.09417
1.07155
1.44203
1.13373
0.637235
0.762149
1.29884
0.514268
0.462756
0.824405
0.86996
0.593698
0.811418
0.958766
0.329469
0.851974
0.811896
0.274197
0.281355
0.632265
0.646322
0.770323
0.587333
0.56168
-0.0707111
0.501582
0.301388
-0.267087
-0.187974
0.298577
0.332514
-0.205132
0.079983
-0.129545
-0.263619
-0.595896
-0.43665
-0.211244
-0.823545
-0.420207
-0.27445
-0.430986
-0.425677
-0.401949
-0.36527
-0.164381
-0.189703
-0.405836
-0.601477
-0.0732217
-0.442209
-0.396662
-0.100373
-0.305331
-0.494494
-0.381895
-0.367026
-0.403283
-0.617584
-0.817902
-1.14681
-0.425844
-0.349157
-0.325475
-0.69974
-0.390351
0.0445983
-0.441993
-0.838343
-0.154118
0.163868
-0.211582
-0.779783
-0.11586
-0.273135
-0.514034
-0.555251
-0.107405
0.402943
-0.0459483
0.176199
0.248966
0.323772
0.062706
-0.0257859
0.0784694
-0.0286634
-0.10486
-0.602309
0.701277
0.513377
-0.280436
-0.63807
0.747877
0.28874
-0.161599
-0.111744
1.26425
0.76909
0.268048
0.184713
0.838858
0.332937
0.01141
0.36643
1.15357
0.482511
0.045154
0.725409
0.493767
0.126086
-0.151767
1.06707
0.842575
0.335625
0.776423
1.48583
0.380097
0.335796
1.30943
1.6618
0.863593
1.08643
1.31593
1.48467
0.335195
1.07255
1.61163
1.34557
1.09843
1.82869
1.52016
0.946824
1.2238
1.79809
2.12832
1.46342
1.45768
1.80254
1.64939
1.11703
1.53598
1.77656
1.25154
1.59361
2.14653
1.3241
1.65604
2.07243
1.87333
2.01582
2.06826
1.90306
1.7415
1.72118
1.72527
1.58675
1.62264
1.70132
1.53554
1.4729
1.69898
1.62541
1.19781
1.76301
2.02828
1.31041
1.59648
1.80694
1.45464
1.55212
1.46833
1.21567
1.37732
1.44601
1.98707
1.68936
1.44355
1.68052
1.74221
1.51827
1.08679
2.12612
1.99052
1.28338
0.751932
1.26017
0.863954
0.0759855
0.253488
1.57441
-0.000303855
-0.0377695
0.988744
1.28555
-0.323272
0.985672
1.76909
0.74227
0.232835
0.917607
0.878032
-0.443831
0.877589
0.857713
-0.317905
-0.324433
0.647121
0.178584
-0.554472
0.0326677
0.767132
-0.12057
-0.48235
0.61726
-0.117699
-0.902598
-0.0832089
0.621668
-0.928746
-0.608068
0.0668518
0.143484
-1.23155
-0.0285043
0.226396
-0.593936
-0.346034
0.357122
0.0994851
-0.860271
0.0381725
-0.15165
-0.683332
-0.606833
-0.227403
-0.673494
-0.797245
-0.485008
-0.597318
-0.764522
-0.48702
-0.764413
-0.463977
-0.386576
-0.395129
-0.783894
-0.560959
-0.448079
-0.43873
-0.57131
-0.439139
-0.514901
-0.617018
-0.267136
-0.412582
-0.525684
-0.136409
-0.255388
-0.135386
0.105894
-0.15349
-0.295712
-0.0813895
0.0581697
-0.111637
-0.225275
0.0800439
-0.339834
-0.228492
-0.260501
-0.0204949
-0.416343
-0.475098
0.422695
0.240358
-0.100166
-0.12185
0.586952
-0.0545357
0.149714
0.47521
0.485336
0.0882731
0.112855
0.643714
0.238925
0.708652
0.615193
0.504083
0.651003
0.594291
0.722779
0.719213
0.597108
0.975444
0.917349
0.900417
1.1269
1.06067
0.886221
0.863901
1.19596
1.47619
1.16874
1.51761
1.77221
1.33961
1.42269
1.68653
1.93713
1.70618
1.9048
2.09706
1.9754
1.6841
1.93809
2.10337
2.33556
1.71212
2.07649
2.23802
1.88355
1.43992
1.38163
2.04652
2.02959
1.52812
2.03507
2.39178
2.1126
1.65323
1.81017
1.84383
1.8547
1.48005
1.69727
1.95132
1.95982
1.71462
1.88397
1.44172
1.40318
1.60565
1.47483
1.17369
1.55424
2.06988
1.33273
1.01662
1.78946
1.23151
0.935944
1.10298
1.79354
0.576128
0.379801
1.01311
1.02053
-0.181325
0.134923
1.24496
1.05521
0.0172734
0.713556
0.781821
-0.0250547
0.170242
1.0893
0.962145
0.259167
0.432122
0.817468
0.19858
-0.981807
0.444878
0.608708
-0.659313
-0.929882
0.380408
-0.162458
-0.929671
-1.09906
0.294315
0.0907147
-0.969004
-0.907896
0.0560313
-0.792016
-1.40711
-0.872723
-0.400474
-0.851466
-0.611685
-0.397502
-0.242805
-0.109004
-0.0167785
0.0866995
-0.647565
-0.440695
0.19858
-0.153515
-0.525088
0.139624
0.197111
-0.184015
-0.36368
-0.282049
0.297134
-0.17162
0.400802
0.741742
0.127102
-0.275506
-0.253657
0.168226
-0.310375
-0.0805074
0.413362
0.113112
-0.0492506
0.120225
1.06106
0.766641
0.477081
0.602542
0.844528
0.234382
0.73463
1.13037
0.168771
-0.0885591
0.918917
1.45449
0.673067
0.761958
1.04103
1.17848
0.737098
1.29411
1.58724
0.789985
0.796054
1.19169
0.94112
0.982857
1.6872
1.43272
1.26717
1.87048
1.17642
1.16649
1.81241
1.85443
1.40177
1.58652
2.28656
1.56538
1.57575
1.85665
1.84387
1.80937
1.86661
2.31573
2.13629
2.0798
1.96487
2.0798
2.0868
2.05855
1.72575
1.66254
2.21165
2.1071
1.50952
1.92468
1.53949
1.47556
1.32662
1.28225
1.4826
1.52036
0.908832
1.10448
1.21559
1.01622
1.24649
1.00476
0.648592
0.960099
1.02358
0.511817
0.280089
0.841941
0.972912
0.163748
-0.161733
0.400899
0.348701
-0.172851
-0.0696017
0.225483
0.252603
0.340983
0.59182
-0.122766
0.0890124
0.00559207
-0.464022
-0.360233
0.277282
-0.531905
-0.310651
-0.337715
-0.224073
-0.872095
-0.602945
-0.389232
-0.549092
-0.585768
-0.361035
-0.833276
-0.752505
-0.411111
-0.420162
-0.394602
-0.463742
-0.54114
-0.490607
-0.586078
-0.537775
-0.41115
-0.448801
-0.34261
-0.227734
-0.527541
-0.545554
-0.392237
-0.406216
-0.638486
-0.496465
-0.436714
-0.508619
-0.0432133
-0.307864
-0.407502
-0.541824
0.00624314
-0.477857
-0.367682
-0.227556
0.723475
0.142171
-0.185962
0.166676
0.439518
-0.272598
-0.0231509
0.859599
-0.0746172
-0.205623
0.0903458
0.814966
-0.0403218
0.850238
0.924585
0.612293
1.14789
1.47308
0.839063
0.876744
0.906235
0.842962
0.845909
1.02649
1.07307
1.15833
1.18404
1.16206
0.931962
1.66791
1.089
1.25547
1.06956
1.61583
1.75991
1.46742
1.73198
1.38563
1.53008
1.54339
1.34747
1.45669
1.8466
1.88445
1.67397
2.07086
1.96938
1.77597
1.90463
2.21779
2.07741
1.67935
1.57978
1.61688
1.66755
1.43893
1.33208
1.56701
1.89382
1.851
1.40925
1.3345
1.45017
1.7333
1.31674
1.1952
1.062
1.55918
0.934309
0.599588
0.902727
1.22675
0.261032
0.654494
1.38697
0.69739
-0.26394
0.438957
0.223443
-0.0980324
0.116927
-0.395163
-0.174871
-0.0717665
-0.0996335
0.25025
0.310704
-0.619009
0.0078116
-0.121611
-0.719547
-1.15257
0.400508
-0.326244
-1.5492
-0.73
-0.332423
-1.27907
-1.06843
-0.303622
-0.45284
-0.424858
-0.15358
-0.0386605
-0.876892
-0.814364
-0.0906713
-0.0121997
-0.858099
-0.678169
-0.545619
-0.635779
-0.606266
-0.617558
-0.725226
-0.785229
-0.571853
-0.569184
-0.293013
0.0381002
-0.644524
-0.112757
0.0729246
-0.152766
0.131748
0.133999
0.0932075
0.186828
0.151586
0.38388
0.0738469
0.185446
-0.00581227
-0.0631972
0.133522
0.391579
0.387455
0.758051
0.836716
0.696134
0.834109
0.944588
1.13137
1.06464
0.693891
0.923946
1.45355
1.13165
1.70148
1.64019
1.36854
1.40421
1.26125
1.47723
1.51052
1.28756
1.48723
1.59645
1.80448
1.75732
1.42723
1.68934
1.93599
1.64062
1.72476
1.86733
1.69311
1.3406
1.21091
1.64676
1.45087
1.16468
1.30479
1.29944
1.43259
1.16065
1.2471
0.857009
0.889227
1.17255
0.688903
0.405035
0.823025
0.94929
0.321173
0.693254
0.866548
0.502764
-0.50443
0.393217
0.467427
0.19634
0.120183
0.571733
0.0234948
-0.174966
0.540341
0.577448
-0.228602
-0.156473
-0.0133391
0.258769
-0.202481
-0.610466
-0.197349
0.0215428
-0.176866
-0.569713
-0.243609
-0.221814
-0.571659
-0.493745
-0.298276
-0.576489
-0.439409
-0.424495
-0.324297
-0.227833
-0.166499
-0.15602
-0.19071
0.601432
0.370709
0.00907086
0.197123
0.476063
-0.0664535
0.0652441
0.638093
0.874818
0.294549
0.226997
1.23857
0.570531
0.043672
0.288928
0.307278
0.208342
0.00312659
1.03749
0.709287
0.225607
0.378429
1.31425
0.519852
0.565563
0.918242
1.92611
0.989379
1.21336
1.47914
1.43441
1.15554
1.31356
1.51372
1.44549
1.26023
1.85543
1.96397
1.30664
1.73048
2.00947
1.78818
1.61362
1.66318
1.74344
1.62119
1.30549
1.47555
1.73853
1.45836
1.34409
1.2912
1.49231
1.07323
1.23266
1.8995
1.67799
1.08731
1.23443
1.56348
1.16631
0.84322
1.19179
1.36892
0.0701832
0.288049
0.821771
0.0722396
-0.210279
1.03648
1.07613
-0.177509
0.246377
0.384091
-0.333511
0.454902
0.476303
-0.885185
-0.806945
0.181651
-0.502493
-1.24782
-0.689048
-0.0172187
-0.816403
-0.844596
-1.06051
-0.281771
-0.772663
-1.15662
-0.561659
-0.714195
-0.915665
-0.379207
-0.0841325
-0.464659
-0.172605
0.0351752
-0.38107
-0.74048
-0.272573
-0.248837
-0.667861
-0.840064
-0.104202
-0.482541
-1.15868
-0.589458
-0.0410835
-0.755131
-0.75055
-0.219681
-0.712274
-0.788084
-0.539744
-0.126304
-0.0380452
-0.311043
-0.347376
-0.274748
-0.0704961
0.296566
0.847921
0.371705
-0.168194
0.456706
0.653011
0.587651
0.258606
0.369737
0.702157
1.11936
0.712794
1.25326
1.16651
0.909605
1.03052
1.07451
1.04287
0.682125
1.41329
1.10729
1.0929
1.17197
1.76078
1.54115
1.13283
1.22794
1.6485
1.0607
1.4199
1.74241
1.13397
1.41141
1.74763
1.56737
1.66561
2.04666
1.73823
1.29759
2.07189
1.96076
1.59701
1.42786
2.27965
1.36308
0.902009
1.16246
1.27755
0.83962
0.642655
0.752656
0.763002
0.329685
0.334401
0.540637
0.122892
0.301543
0.703923
0.555935
0.243876
0.627477
0.592878
8.68087e-05
0.725359
0.660683
0.471925
0.0443321
0.552349
0.0152126
-0.0884212
-0.247246
0.13453
-0.134091
-0.533777
-0.448373
-0.263166
-0.449047
-0.365944
-0.452873
-0.650532
-0.266897
-0.316321
-0.597612
-0.24872
0.300757
0.231535
-0.4351
0.445089
0.219181
-0.0926625
0.091359
0.0473441
0.0421468
-0.1305
0.416627
0.29605
0.111902
-0.126254
-0.00353828
0.23133
0.00296251
0.650181
0.860382
0.292296
0.387421
0.516691
0.961586
0.330546
0.506396
1.19387
0.715876
0.699217
0.75696
1.12201
0.5378
1.09081
0.900078
0.747424
0.923448
1.21809
0.940125
1.34202
1.58132
1.25078
1.62382
1.8575
1.4695
1.42789
1.6274
1.6888
1.29524
1.34407
1.01901
0.877497
0.918312
0.857647
0.459679
0.403718
1.08241
0.313903
0.259011
0.914898
1.32468
0.414553
1.20572
1.32233
0.720975
0.830174
1.1149
0.745793
0.505163
0.967676
0.812833
-0.134176
0.030536
0.248318
-0.270074
-0.513611
-0.0258129
-0.164026
-0.451853
-0.662723
-0.32952
-0.571897
-0.22364
-0.51307
-0.355318
-0.52487
-0.372011
-0.174745
-0.380884
0.16864
-0.0173976
-0.339789
-0.713562
-0.10447
-0.421706
-0.408011
-0.353497
-0.124824
-0.258711
-0.334629
-0.115119
0.274984
-0.0499164
0.0840848
-0.0351595
0.458583
0.182505
-0.147434
0.146335
0.445048
0.150896
-0.031408
0.212923
-0.0770812
-0.0424657
0.474372
0.0643742
0.479397
0.649684
0.536748
0.41402
0.453304
0.616981
0.543753
1.08673
0.890942
0.913353
1.30027
1.02931
0.968261
1.0885
1.42302
1.19319
1.03946
1.6576
1.31348
0.967244
1.2493
1.42388
1.08272
1.38255
1.98971
1.74604
1.27777
2.10857
2.14505
1.62908
1.64972
2.01604
1.921
1.83146
1.63225
1.36804
1.71612
1.61359
1.06208
1.12544
1.38532
0.980916
0.544555
0.526923
0.996492
0.833337
1.18187
1.68903
1.16062
0.903253
1.41071
1.27684
0.23711
0.501268
1.36839
1.15229
-0.535918
0.238013
0.410666
-0.173372
-0.448233
0.302357
0.359075
-0.329311
0.043891
0.577984
-0.251847
-1.1244
0.308977
0.353361
-0.579068
-0.496128
-0.0451658
-0.65121
-1.26109
-0.523644
-0.423064
-1.04504
-1.16373
-0.229249
-0.36042
-1.13936
-0.508399
-0.283473
-0.926518
-0.431536
-0.17098
-0.175178
-0.215761
-0.305919
-0.338941
-0.14291
-0.471831
-0.0237678
-0.0235978
-0.18011
-0.298782
-0.634947
-0.519178
-0.92977
-0.130447
-0.178205
-0.17366
0.484536
0.371687
0.450234
0.453776
0.692412
0.2128
0.654971
0.998157
0.331463
0.122677
0.729457
0.507644
0.338647
0.779439
0.692184
0.901915
0.977675
0.598057
0.483177
1.15841
1.3295
0.639787
1.30736
1.66703
1.13239
0.986653
1.33288
1.46902
1.62591
1.64978
1.6236
1.24047
1.13399
1.08675
1.01678
1.14296
1.10487
1.03594
0.828922
0.985334
1.12315
0.831837
0.642527
1.16303
1.66938
1.25953
1.52877
1.60738
1.17267
1.36328
1.46455
1.30117
1.48672
1.23088
1.68585
1.46251
0.771463
0.888777
0.777128
0.433437
-0.305024
1.36465
0.831249
-0.719196
-0.299619
0.587719
-0.595359
-0.570563
0.736398
-0.47199
-1.01003
-0.0452228
0.0878071
-1.35373
-0.569639
0.0628421
-0.267761
-1.26789
-0.311611
-0.238674
-1.17974
-0.766697
-0.0605303
0.060365
-0.613184
-0.334989
0.154288
-0.127532
-0.674129
0.272525
0.0346566
-0.504217
-0.19877
-0.090731
-0.0164399
-0.0164859
-0.239011
-0.27353
-0.383078
-0.535788
-0.3865
-0.176858
-0.414446
-0.857322
-0.26727
-0.28531
-0.639877
-0.555814
-0.0607365
-0.448313
-0.736979
-0.0771528
0.911695
-0.14261
-0.0226681
0.470357
1.08313
-0.261385
0.722393
0.98082
0.345173
0.184927
0.664343
0.692247
0.74522
0.833928
0.874818
1.05878
1.04424
1.32179
1.03286
1.27262
1.60214
1.39913
1.0771
1.64123
1.72766
1.05159
1.25831
1.57941
1.62524
1.314
1.31243
1.77539
1.42547
1.01271
1.64333
1.33511
1.2834
1.54514
1.00894
1.04163
1.59321
1.6081
1.09527
1.23377
1.50324
1.55669
1.06896
1.4777
1.85006
1.45726
1.01696
1.64627
1.59403
1.05473
0.891737
1.85855
1.56604
0.434724
1.19959
1.45886
0.699802
0.48702
0.723578
0.0922827
-0.11441
0.213233
0.213794
0.259672
-0.482588
-0.523235
-0.117959
-0.586436
-0.701725
0.0830302
-0.836207
-0.552149
-0.131675
-0.0776203
-0.968231
-0.621506
-0.215927
-0.672899
-1.09101
-0.399854
-0.538488
-1.1203
-0.694262
-0.330084
-0.211342
-0.368009
-0.147146
-0.0231494
-0.322905
-0.512088
0.212593
-0.415638
-0.727756
-0.628358
0.083891
-0.19697
-0.768363
-1.00735
0.139809
-0.190625
-0.390873
-0.466063
0.421204
0.276081
0.132169
0.123146
0.164421
0.0756767
-0.0427055
-0.0335201
0.396693
0.0429538
0.229636
0.690203
0.214655
0.320331
0.471833
0.81111
0.450333
0.369459
0.876182
1.29709
0.186038
0.981704
1.35123
0.934317
0.588232
0.977999
1.04708
1.14856
1.27014
1.19432
1.34936
1.43069
1.22411
1.02146
1.4838
1.69247
1.63473
1.48798
1.57537
2.03644
1.53647
1.07082
1.80129
1.01709
1.16477
1.43145
1.17372
0.935519
0.983894
1.1514
1.19715
1.16726
1.18093
0.502641
1.03838
0.802687
0.630779
0.336921
1.09349
0.69441
0.379702
-0.179163
0.621855
-0.289184
-0.663081
-0.559432
0.237699
-0.120261
-0.308577
-0.0783311
-0.402272
-0.130314
-0.0874805
-0.289056
-0.204271
0.123114
0.148309
-0.0599321
-0.580659
-0.179106
-0.146666
-0.530862
-0.421157
-0.216604
-0.63351
-1.09172
-0.412742
-0.0737455
-0.34453
-0.587719
-0.338157
-0.433173
-0.621431
-0.682278
-0.248408
-0.110448
0.0463878
0.125098
-0.0478336
-0.187454
0.0369118
-0.0675368
-0.315994
-0.251934
0.314293
0.406177
0.000644156
-0.352534
0.213689
0.223205
-0.136603
0.447828
0.467076
0.296339
0.235522
0.644489
0.0441461
0.551674
0.686778
0.39142
0.607553
0.873038
0.86672
0.775815
1.23566
1.10919
1.2144
1.61385
1.05894
0.815277
1.55269
1.63103
1.24368
1.40662
1.51065
1.40429
1.25782
1.37606
1.38432
1.09804
1.08361
1.48159
1.20324
0.715417
1.49413
0.807048
0.351285
0.995783
1.0999
0.531031
1.24316
1.88369
0.829071
1.08219
1.51384
1.29036
1.06932
1.55365
2.08454
1.76873
0.846686
1.25849
1.25761
0.137529
0.994312
1.38625
0.26422
0.0521029
0.723657
0.400686
-0.817571
1.13778
0.217848
-0.553825
-0.375482
0.294072
-0.396377
-0.423325
0.32019
-1.13357
-0.530735
-0.146565
-0.438436
-1.11708
-0.387646
-0.318669
-0.676054
-0.399298
-0.0625936
-0.0589964
-0.57062
-0.63482
0.18243
-0.359968
-0.450867
0.028634
0.111883
-0.470809
-0.382343
-0.412155
-0.184923
0.250792
-0.670137
-0.634995
0.274005
0.111159
-0.637964
0.0196436
0.490238
0.050914
-0.345152
-0.389808
-0.354074
-0.263742
-0.510914
-0.0340951
0.139818
-0.393688
-0.327789
0.0702852
0.0180825
-0.112899
0.820532
1.18934
0.251862
0.607201
1.00531
0.933616
0.53525
1.49416
1.48288
0.907472
0.987616
1.44604
1.19932
0.575674
1.42021
1.09481
1.28688
1.43376
1.61164
1.397
0.978792
1.14583
1.40663
0.851563
1.1003
1.51377
0.767166
1.09263
1.48889
1.3429
0.854023
1.8607
2.1688
1.15184
2.02134
2.1506
1.17253
0.899751
1.58362
1.14302
0.89762
0.772058
1.25766
1.1131
0.538181
0.0580316
0.936363
0.524151
-0.131074
-0.175944
0.860404
0.400863
0.122776
-0.248639
0.560922
0.163324
-0.577042
-0.384978
0.300118
-0.199804
-0.177667
-0.0104398
0.184496
-0.887535
-0.17363
0.0259961
-0.572199
-0.136117
0.167717
-0.0709862
-0.277864
-0.65117
-0.0395736
-0.0673685
-0.19962
-0.337787
-0.174223
0.0751826
0.129094
0.0441076
0.0326229
-0.137558
-0.11066
-0.0356847
-0.150348
0.130744
0.155083
-0.225816
-0.249829
0.279202
-0.137907
-0.492472
0.0770445
0.589118
0.730956
0.37176
0.745537
0.747755
0.393685
0.157773
1.13065
1.04037
0.209463
0.184804
0.885809
0.502014
-0.245077
0.808355
0.855925
0.393436
0.886004
1.93157
0.396158
0.894466
1.65365
2.14289
1.0725
1.82912
1.75046
1.46701
1.12386
1.26056
1.1987
1.22694
0.987202
1.16262
1.28744
1.32735
1.2332
1.33335
1.62201
1.36647
1.29902
1.84861
2.0114
1.43855
1.07104
1.90876
1.46198
1.30037
1.18921
1.26248
0.869982
1.03683
1.44779
1.57598
1.43167
1.3979
0.752847
0.944935
0.598696
0.452893
-0.143178
1.00328
0.658796
-0.35091
-0.238477
0.257738
-0.260808
-0.466756
0.260543
0.670857
0.163367
-0.238238
0.0205527
-0.0225819
-0.697374
-0.691502
-0.155507
-0.599754
-0.903136
-0.456949
-0.262676
-0.224153
-0.407533
0.220886
0.311667
-0.192517
0.10955
0.387515
-0.105583
-0.192401
0.732786
0.836924
-0.233617
0.666705
0.601401
-0.201391
-0.761132
0.348338
0.292408
-0.19983
-0.0149302
0.293257
0.393663
0.125888
-0.152543
0.405224
0.483942
0.033955
0.153156
0.723099
0.886074
0.66956
0.52505
0.849959
0.496303
0.244575
0.409233
0.786242
0.736284
0.839432
0.909551
0.750584
0.828675
0.777427
0.918056
0.937823
1.24042
0.900666
1.37385
1.81314
1.44283
1.17961
1.23734
1.27745
1.08457
1.09078
1.02368
1.26338
1.21585
1.38752
1.23117
1.19152
1.34241
1.50546
1.31611
1.00483
1.60463
1.48836
0.913587
1.08993
1.29731
1.24378
0.502318
1.16309
1.26204
0.779109
0.211597
0.70409
0.211217
-0.00412993
0.0620172
0.0589384
-0.245877
0.229088
0.211268
-0.0416033
0.0746759
-0.0878091
0.165849
0.118388
0.00703892
0.0773714
0.235322
-0.309094
-0.0194921
0.436151
0.170926
0.141535
0.231686
0.252105
-0.313677
-0.478684
0.0938124
0.343797
0.278654
-0.0530852
0.385033
0.488452
0.357324
0.330566
0.66606
0.573629
0.475893
0.538392
0.332254
0.191809
0.217966
0.532522
0.870672
0.492039
0.606802
0.675447
0.587081
0.224347
0.317119
0.902397
0.756746
0.922821
1.36957
1.05864
0.72864
1.02009
1.14551
0.809148
0.940463
0.795631
0.923647
0.921915
0.703774
0.878996
0.824736
0.920154
0.969151
1.05765
1.12609
1.15801
1.21948
1.46046
1.35921
1.34278
1.34386
1.50155
1.06269
1.00862
1.31289
0.946813
0.767135
1.31696
1.2929
0.784243
0.757041
0.631058
0.697888
0.540528
0.502747
0.610974
0.949104
-0.0207374
0.45316
0.697061
0.828179
0.33413
0.486393
0.464257
0.250725
0.0973106
0.000555594
-0.00582268
0.331274
0.0203529
0.11282
0.0179036
-0.25978
-0.452971
0.292338
-0.0367321
-0.358802
0.0386794
-0.261559
-0.329177
-0.0920865
0.114135
-0.122519
0.016223
0.00445397
-0.390712
-0.565768
-0.271386
0.496308
0.0756855
-0.587648
0.0473094
0.166377
0.237977
0.28783
0.752002
0.830585
0.436672
0.861854
0.90854
0.62836
0.467763
0.442223
0.605196
0.897759
0.815182
0.789847
0.630533
0.743464
0.689156
0.425852
0.629386
1.11339
0.608482
0.556126
0.901928
0.919768
0.506821
0.731494
0.721506
1.01751
0.528783
0.78345
1.08703
0.985709
0.884231
0.924439
0.900808
0.868858
1.01953
0.698937
0.572226
1.16508
1.11762
1.19902
1.00422
1.20736
1.33079
0.757026
0.817096
0.715265
1.08177
0.780756
0.449299
0.716841
0.918178
0.353932
0.410583
0.79512
0.952227
0.0682663
0.411943
1.01934
0.593695
0.453597
1.07922
0.715978
0.269067
0.210863
0.513768
0.639283
0.427119
0.199497
0.457401
0.500691
0.0255519
-0.0932719
0.729972
0.155403
-0.0504054
0.305407
0.526787
0.205999
0.504993
0.332954
-0.0809182
0.34907
0.305957
0.00819493
0.248724
0.0679309
-0.0626293
0.0566142
0.521438
0.295152
0.294721
0.445277
0.458417
0.158448
0.256212
0.607576
0.854184
0.190071
0.350094
0.749901
0.515044
0.489912
0.395822
0.181011
0.49195
0.367221
0.518626
0.618467
0.540632
0.407946
0.435117
0.625801
0.656915
0.386176
0.636903
0.752985
0.718926
0.290434
0.91066
0.930606
0.413329
0.971085
0.659316
0.506599
0.349635
0.659431
0.911453
0.594015
0.302525
0.582038
0.880324
0.666466
0.54769
0.965983
1.00728
0.538927
0.570752
1.07127
0.838088
0.776453
0.951236
0.717829
0.469131
0.5275
0.598124
0.649935
0.683807
0.682597
0.354781
0.505591
0.907977
0.790703
0.502956
0.48317
0.680547
0.726499
0.413253
0.575816
0.774783
0.67102
0.662817
0.681303
0.673973
0.667595
0.573759
0.655075
0.810934
0.773127
0.762276
0.624107
0.619647
0.448253
0.390146
0.346384
0.461026
0.37597
0.457978
0.522006
0.477332
0.510053
0.380897
0.377788
0.281862
0.315182
0.468393
0.576929
0.339784
0.586873
0.478959
0.41135
0.300542
0.264253
0.585752
0.353924
0.443006
0.627352
0.305535
0.312805
0.132288
0.413453
0.412901
0.563271
0.338539
0.250267
0.0704511
0.190806
0.192785
0.316516
0.232786
0.213879
0.311151
0.326043
0.191826
0.248816
0.278547
0.229998
0.412066
0.472477
0.486009
0.264594
0.331809
0.214353
0.283223
0.364003
0.300079
0.152149
0.28137
0.277515
0.45412
0.366011
0.517912
0.542502
0.592313
0.701095
0.517891
0.486623
0.421209
0.537844
0.411688
0.320971
0.189417
0.197423
0.242747
0.209924
0.224904
0.322012
0.169783
0.224621
0.204662
0.349367
0.179926
0.206429
0.394934
0.36376
0.197933
0.295907
0.236457
0.404921
0.548565
0.518272
0.433393
0.493146
0.470641
0.623958
0.509127
0.521444
0.337069
0.587677
0.541442
0.545017
0.653728
0.679953
0.522655
0.590576
0.490713
0.478708
0.611205
0.529619
0.520818
0.481154
0.521809
0.445179
0.465556
0.613603
0.469781
0.379485
0.628664
0.43989
0.309956
0.413284
0.443711
0.47781
0.442188
0.501741
0.432458
0.505431
0.457231
0.43721
0.484918
0.368034
0.338861
0.396022
0.41985
0.441701
0.605132
0.460783
0.548579
0.56986
0.533563
0.601366
0.673457
0.562696
0.746809
0.587506
0.522693
0.587262
0.565522
0.434138
0.452654
0.449681
0.433484
0.578881
0.515594
0.590381
0.516349
0.620706
0.447503
0.606733
0.302351
0.548786
0.589287
0.71082
0.593697
0.519143
0.566386
0.536358
0.336371
0.513438
0.382316
0.616449
0.54725
0.477648
0.364813
0.416781
0.550417
0.522015
0.6353
0.343217
0.594503
0.416633
0.516231
0.391008
0.467351
0.407092
0.401953
0.443808
0.455533
0.34027
0.486007
0.414089
0.371987
0.422008
0.383393
0.488531
0.44968
0.495294
0.437461
0.30933
0.358321
0.325368
0.310672
0.373044
0.720643
0.519199
0.390802
0.388153
0.377912
0.472101
0.359731
0.221053
0.407667
0.331397
0.362587
0.500055
0.462801
0.565624
0.445143
0.437838
0.464772
0.384609
0.392324
0.379829
0.568063
0.433177
0.352968
0.505012
0.51175
0.700613
0.519969
0.513314
0.492764
0.462506
0.401374
0.510909
0.378313
0.440032
0.446996
0.441011
0.458907
0.345615
0.348811
0.438452
0.467431
0.321053
0.338237
0.284716
0.426451
0.410983
0.642305
0.578346
0.502494
0.523097
0.48302
0.460385
0.394622
0.334848
0.406531
0.437711
0.431084
0.441768
0.474341
0.537763
0.460204
0.396973
0.549778
0.587112
0.41375
0.531191
0.507115
0.54275
0.41799
0.510281
0.407379
0.411177
0.491374
0.643913
0.647248
0.467128
0.375747
0.476866
0.390436
0.488919
0.54106
0.431743
0.43096
0.413102
0.415569
0.425345
0.466055
0.336852
0.457102
0.55792
0.30699
0.329082
0.375149
0.418569
0.412884
0.541616
0.478933
0.456465
0.604726
0.555732
0.476284
0.362308
0.376828
0.449905
0.423138
0.407861
0.409119
0.413992
0.342383
0.306781
0.336686
0.292602
0.36692
0.234388
0.338621
0.541408
0.437855
0.428187
0.551418
0.350618
0.533533
0.436532
0.397639
0.423569
0.263063
0.220193
0.456517
0.327057
0.280447
0.401839
0.411542
0.371219
0.286099
0.368029
0.442434
0.38913
0.364713
0.423925
0.436912
0.554011
0.465857
0.432461
0.486167
0.398593
0.323312
0.282548
0.413879
0.345299
0.312166
0.460229
0.339089
0.372202
0.317567
0.250977
0.312359
0.401764
0.415845
0.31699
0.366976
0.403955
0.408516
0.499533
0.355003
0.495635
0.469877
0.44233
0.419164
0.309762
0.421186
0.432326
0.420861
0.505913
0.479426
0.451452
0.375874
0.596308
0.248399
0.369391
0.404643
0.515572
0.343264
0.486449
0.405769
0.390108
0.502735
0.530564
0.355941
0.245955
0.3664
0.391688
0.333039
0.254813
0.226489
0.317828
0.319107
0.471287
0.452326
0.27937
0.453539
0.570242
0.517782
0.439395
0.40635
0.364715
0.345988
0.406055
0.467831
0.382405
0.464423
0.30972
0.488352
0.298071
0.475512
0.423766
0.418158
0.444103
0.24413
0.36946
0.331354
0.337729
0.353375
0.275958
0.477787
0.286142
0.246394
0.202445
0.213901
0.273378
0.362293
0.352199
0.360614
0.464039
0.369558
0.384949
0.368681
0.489465
0.278885
0.30299
0.348675
0.369184
0.257798
0.321964
0.393225
0.327945
0.499679
0.457222
0.447619
0.473919
0.530761
0.376052
0.364348
0.602172
0.39384
0.473504
0.363051
0.409718
0.592057
0.452594
0.551017
0.44486
0.668255
0.533104
0.491798
0.401067
0.42922
0.52598
0.605747
0.410547
0.531555
0.37846
0.302588
0.354301
0.389471
0.456903
0.439496
0.325184
0.410515
0.337909
0.453572
0.436247
0.314466
0.534425
0.358245
0.416581
0.371992
0.46231
0.553647
0.442691
0.532707
0.374855
0.474946
0.625393
0.370916
0.453505
0.529526
0.442473
0.518262
0.379459
0.413342
0.565406
0.565361
0.649722
0.462421
0.750625
0.542048
0.547646
0.623929
0.598315
0.565751
0.502523
0.492611
0.437488
0.394826
0.501271
0.508181
0.530497
0.518802
0.353467
0.543258
0.688065
0.544367
0.55999
0.65803
0.514188
0.498712
0.531358
0.691144
0.640252
0.66645
0.560514
0.508337
0.346028
0.536681
0.462514
0.480167
0.388256
0.482781
0.390643
0.500683
0.459425
0.649299
0.379948
0.359431
0.362932
0.406411
0.287301
0.340751
0.399494
0.439571
0.310997
0.528961
0.364821
0.373488
0.206192
0.194191
0.244732
0.244868
0.313625
0.408986
0.273009
0.335
0.434488
0.278599
0.27153
0.39519
0.31524
0.208445
0.33953
0.371233
0.281267
0.352921
0.281603
0.326788
0.445279
0.350833
0.399033
0.41436
0.315718
0.443602
0.443619
0.389975
0.420757
0.405591
0.571668
0.508768
0.556508
0.393423
0.515191
0.304676
0.458617
0.412074
0.342711
0.331221
0.424492
0.295548
0.48603
0.432109
0.299182
0.428099
0.422087
0.455089
0.553833
0.380356
0.421912
0.28836
0.351249
0.48388
0.508774
0.396735
0.597686
0.356335
0.419739
0.586991
0.473242
0.381472
0.429703
0.40107
