-0.157222
-0.121269
-0.234843
-0.160152
-0.172687
-0.401222
-0.218827
-0.123992
-0.166171
0.0483097
-0.142796
-0.319172
-0.168575
-0.0665428
-0.0965894
-0.262444
-0.361397
-0.28967
-0.228129
-0.113617
-0.251089
-0.371056
-0.323566
-0.217113
-0.163499
-0.224791
-0.244202
-0.12221
-0.194666
-0.211622
-0.144898
-0.188104
-0.143829
-0.0669476
-0.154336
-0.304291
-0.126487
-0.0453094
-0.0804822
-0.140524
0.0849108
0.029392
0.0205939
-0.109404
0.0151774
0.0116253
-0.0957328
-0.108786
-0.231691
-0.0592162
-0.236468
-0.241274
-0.0838219
-0.213023
-0.0899897
-0.221471
-0.16881
-0.222037
-0.20808
-0.0991408
-0.213835
-0.170728
-0.0358252
-0.0654018
-0.0658967
0.00110041
-0.0818927
-0.0179284
-0.0443382
-0.0397302
-0.107903
-0.0424948
-0.149192
-0.254179
-0.0942607
-0.200156
-0.109906
-0.162502
-0.198595
-0.13332
-0.241809
-0.174051
-0.185397
-0.190337
-0.255182
-0.229717
-0.182118
-0.167019
-0.0199157
-0.0379045
0.0197705
-0.103592
-0.059187
-0.1476
-0.258818
-0.0616808
-0.174121
-0.154805
-0.374304
-0.128933
-0.283288
-0.251917
-0.307624
-0.227288
-0.203631
-0.289642
-0.367015
-0.195093
-0.19525
-0.220613
-0.317602
-0.0102807
0.0880167
-0.0438143
-0.141583
-0.158246
-0.117258
-0.172427
-0.098542
-0.324525
-0.113126
-0.158025
-0.103148
-0.186454
-0.101597
-0.189702
-0.0351974
-0.0905195
-0.0952509
-0.182644
-0.133516
-0.295029
-0.158218
-0.165389
-0.0834224
-0.131628
-0.175253
-0.0928265
-0.245154
-0.0745598
-0.0785495
-0.126149
-0.102765
-0.0613157
0.0608109
0.00352662
-0.172693
-0.124763
-0.0364953
-0.121214
-0.0400216
-0.139441
-0.108457
-0.0789723
-0.102617
-0.067746
-0.0846347
-0.0601959
-0.0162386
-0.12817
-0.154602
0.00765511
-0.092125
-0.0870802
-0.0205494
-0.137254
-0.215683
-0.166129
-0.0714606
-0.132241
-0.178646
-0.0496527
-0.136225
-0.219516
-0.0805141
-0.193474
-0.104274
-0.131477
-0.164118
-0.180803
-0.215486
-0.216881
-0.17223
-0.296491
-0.25467
-0.264027
-0.171978
-0.217083
-0.201614
-0.293989
-0.0777894
-0.188164
-0.0888517
-0.174422
0.0338303
-0.152219
-0.128683
-0.142268
-0.0611962
-0.185935
-0.107317
-0.169957
-0.262597
-0.225047
-0.22949
-0.15875
-0.303716
-0.156295
-0.198167
-0.0665411
-0.0246333
-0.140684
-0.180159
-0.305531
-0.174545
-0.117747
-0.167361
-0.0608064
-0.178584
-0.261669
-0.0415066
-0.0213179
-0.0723049
-0.246335
-0.199713
-0.141575
-0.306317
-0.36798
-0.324586
-0.257147
-0.261828
-0.171379
-0.19624
-0.281053
-0.172661
-0.08673
-0.246156
-0.162209
-0.191595
-0.198904
-0.0393572
-0.200087
-0.246411
-0.281588
-0.0386135
-0.0586268
-0.240331
-0.135842
-0.132732
-0.107491
-0.0658548
-0.189448
-0.0944951
-0.172078
-0.109174
-0.0998876
-0.102246
-0.161786
-0.135277
0.0510792
-0.0747645
-0.0866575
-0.0261555
-0.233682
0.0132925
0.00217638
-0.14716
-0.0645072
-0.193145
-0.228398
-0.240544
-0.111764
-0.152406
-0.180567
-0.182881
-0.104613
-0.0333963
-0.118536
-0.108569
-0.111625
-0.13095
-0.20136
-0.148881
-0.0999431
-0.170367
-0.0400951
-0.0358551
-0.134219
-0.136577
-0.232331
-0.238659
-0.253228
-0.136114
-0.30992
-0.177855
-0.17755
-0.0894506
-0.0627946
-0.0693587
-0.17814
-0.128709
0.0174444
-0.171304
-0.165214
-0.180776
-0.300043
-0.183847
-0.275398
-0.255997
-0.316914
-0.190831
-0.129544
-0.192267
-0.142114
-0.235019
-0.274337
-0.0709247
-0.144233
0.0560271
-0.169773
-0.274634
-0.191162
-0.225406
-0.283858
-0.221527
-0.0848627
-0.338183
-0.296397
-0.172022
-0.225977
-0.173164
-0.14779
-0.111784
-0.296899
-0.231663
-0.261981
-0.0796223
-0.234963
-0.190464
-0.191472
-0.236153
-0.244155
-0.0772521
-0.19905
-0.107552
-0.125508
-0.128791
-0.0720923
-0.0596862
-0.149811
-0.156708
-0.257104
-0.256924
-0.174562
-0.29224
-0.0664053
-0.152158
-0.177358
-0.301702
-0.141819
-0.267477
-0.197513
-0.291985
-0.384982
-0.194946
-0.306977
-0.270097
-0.262412
-0.410221
-0.357448
-0.345306
-0.371332
-0.274003
-0.439206
-0.234785
-0.214187
-0.269192
-0.342289
-0.127028
-0.299927
-0.29185
-0.315835
-0.207137
-0.202874
-0.149151
-0.205601
-0.222599
-0.10065
-0.223663
-0.229719
-6.92184e-06
-0.29774
-0.163998
0.0103536
-0.202018
-0.103451
-0.176897
-0.20088
-0.177399
-0.220277
-0.137436
-0.182704
-0.211376
-0.139027
-0.233185
-0.213692
-0.123002
-0.0221152
0.15307
-0.0991331
-0.130153
-0.239585
-0.184238
-0.228149
-0.181507
-0.169431
-0.221653
-0.0889446
-0.12524
-0.101213
-0.129114
-0.0547545
-0.172315
-0.0221185
-0.258346
-0.21512
-0.297386
-0.307572
-0.200566
-0.183593
-0.232866
-0.251273
-0.173469
-0.0444765
-0.131079
-0.279847
-0.250863
-0.285382
-0.233296
-0.390314
-0.154772
-0.222097
-0.198944
-0.172911
-0.247252
-0.0848762
-0.106625
-0.173089
-0.127856
-0.07036
-0.183323
-0.0578596
-0.141896
-0.155647
-0.161199
-0.187869
-0.125418
-0.349258
-0.125776
-0.342325
-0.282117
-0.111315
-0.238035
-0.210431
-0.129089
-0.248952
-0.160984
-0.217336
-0.23574
-0.26132
-0.266835
-0.0736131
-0.0591208
-0.078757
-0.221738
-0.18055
-0.354962
-0.129958
-0.272779
-0.183675
-0.059145
-0.191251
-0.0417411
0.0686783
-0.0295711
-0.0348713
-0.109971
-0.13891
-0.198105
-0.286078
-0.180442
-0.250185
-0.261568
-0.27626
-0.204642
-0.153037
-0.126885
-0.175799
-0.106873
-0.00412796
0.00262976
-0.125821
-0.126897
-0.0730436
-0.0841458
-0.0920672
-0.16381
-0.173677
-0.11541
-0.0349783
-0.147366
-0.194794
-0.0198733
-0.0509438
-0.209544
0.0077573
-0.0109313
-0.159942
-0.0716927
-0.108163
-0.0476203
-0.0850289
0.0402152
0.0767271
-0.0634481
-0.0888134
-0.095666
-0.0607611
-0.116291
-0.0343029
-0.085798
-0.14944
-0.0348651
-0.0893784
0.0991828
-0.0227869
-0.0264794
-0.0655536
-0.111702
-0.0334389
-0.013069
0.0347047
-0.0118619
0.0628238
0.0812258
-0.00851067
0.0124347
0.0692339
0.0299563
-0.0329279
-0.165376
0.00697651
-0.0125099
-0.122713
-0.0740119
-0.115785
-0.011846
-0.0835224
-0.0789938
-0.0568528
-0.0298819
0.111036
-0.188176
-0.204211
-0.0953911
-0.163903
-0.206925
-0.0873003
-0.100481
-0.182853
-0.0516842
0.00245554
-0.0331119
-0.0463249
-0.149374
-0.133261
-0.243667
-0.20444
-0.340307
-0.307444
-0.163467
-0.270909
-0.166009
-0.126798
-0.185164
-0.181665
-0.240002
-0.261471
-0.309802
-0.107833
-0.164101
-0.0745869
-0.0173477
-0.0354028
-0.0924351
-0.182602
-0.0843453
-0.143134
-0.104781
-0.0898249
-0.200797
-0.212557
-0.248036
-0.216842
-0.0462606
-0.183309
-0.263923
-0.207509
-0.227012
-0.133931
-0.153852
-0.121372
-0.179028
-0.230463
-0.12994
-0.216064
-0.118084
-0.127853
-0.00323566
-0.0854816
0.0236682
-0.146534
-0.250445
-0.0912875
-0.0876989
-0.188804
-0.120976
-0.183854
-0.219028
-0.159159
-0.25295
-0.30043
-0.217907
-0.053935
-0.171355
-0.247254
-0.365808
-0.38386
-0.211763
-0.172808
-0.303229
-0.111991
-0.212647
-0.123462
-0.304095
-0.187112
-0.194766
-0.197276
-0.326814
-0.331297
-0.181356
-0.318688
-0.188978
-0.2906
-0.259358
-0.11295
-0.21218
-0.248634
-0.156141
-0.12466
-0.260334
-0.0494325
-0.291025
-0.151651
-0.176379
-0.150249
-0.0585609
-0.0474792
-0.116569
-0.120472
-0.190266
-0.25939
-0.146082
-0.193106
-0.32078
-0.151002
-0.114395
-0.226745
-0.15325
-0.313578
0.0375996
-0.228703
-0.0670224
0.0374743
-0.075588
-0.1837
-0.137292
-0.21581
-0.174979
-0.308168
-0.170401
-0.140816
-0.248815
-0.291036
-0.22936
-0.186403
-0.16207
-0.27288
-0.173978
-0.195351
-0.275366
-0.288496
-0.20009
-0.118425
-0.179465
-0.27962
-0.248116
-0.290249
-0.195961
-0.242111
-0.246939
-0.250553
-0.0572078
-0.336885
-0.132654
-0.317134
-0.235117
-0.354587
-0.204564
-0.174408
-0.200083
-0.250971
-0.182594
-0.18553
-0.238849
-0.258435
-0.0745825
-0.114977
-0.186182
-0.209815
-0.229864
-0.0881051
-0.0173694
-0.199555
-0.201751
-0.221187
-0.227895
-0.170604
-0.0979544
-0.252121
-0.129875
-0.0352453
-0.318075
-0.0340916
-0.133425
-0.16114
-0.157679
-0.118886
-0.170472
-0.113729
-0.0803276
-0.178835
-0.0174039
-0.203247
-0.107593
-0.263237
-0.180911
-0.1208
0.075395
-0.106797
-0.0626998
-0.192597
-0.0639167
-0.180745
-0.0645317
-0.180107
-0.242644
-0.207338
-0.000601932
-0.145229
-0.0415767
-0.151878
-0.13494
-0.144519
-0.0849492
-0.171821
0.0256137
-0.0605714
-0.0818232
-0.0760543
0.0570384
-0.0191044
-0.0730125
-0.0641471
0.0233752
-0.0435271
0.0282152
-0.0561244
0.00473632
0.23741
0.0211865
-0.00652663
0.0277375
-0.0110198
0.0599603
0.0818015
0.0494586
-0.0117641
0.0153031
0.210388
0.0735717
-0.108727
-0.0122422
0.262381
0.102661
-0.0296334
-0.0923631
0.0282249
-0.0571307
-0.172939
-0.184012
-0.107547
-0.0100412
-0.16371
-0.13114
-0.111716
0.0419123
0.0147276
-0.197437
-0.24048
-0.21403
-0.157629
-0.158871
-0.155797
-0.133387
-0.057975
-0.0621331
-0.166669
-0.184975
-0.141046
0.00332963
-0.0850988
-0.0580203
-0.131069
0.0176336
-0.105217
-0.173514
-0.0700979
-0.154828
-0.113427
-0.060772
0.00956433
0.00946676
0.0955614
0.120068
-0.11867
-0.136049
-0.0290571
-0.199511
-0.277908
-0.127463
-0.00865896
0.0289245
0.0585382
-0.00987835
-0.0626566
-0.0513434
0.0124509
-0.103506
0.0137966
-0.148413
-0.0766727
0.0613572
-0.282841
-0.0553364
-0.208196
-0.159602
-0.141698
-0.141037
-0.156083
-0.0364312
-0.0745085
-0.146572
-0.101816
-0.102749
-0.0725034
0.00584246
-0.124074
-0.135164
-0.0567207
-0.220961
-0.243913
0.010662
-0.168562
-0.0436027
-0.100408
0.046273
-0.0218307
-0.160401
-0.0799238
-0.181567
-0.153939
-0.190495
-0.1273
-0.0993633
-0.00371769
-0.123191
-0.0261739
0.0564937
-0.158502
-0.14511
-0.0443022
-0.176321
-0.0511191
-0.145958
-0.25742
-0.207747
-0.0726712
-0.107062
0.0218319
-0.0879007
-0.0997876
-0.25689
-0.122296
-0.144608
-0.138959
-0.0756215
-0.132293
-0.179801
-0.110132
-0.127583
-0.041799
0.116462
0.00169318
-0.105012
-0.00410008
-0.238646
-0.139659
-0.105033
-0.118134
-0.112425
0.038395
-0.161896
-0.0592845
-0.0694555
-0.101203
-0.164203
-0.0758643
-0.278148
-0.0393032
0.0255016
-0.116565
-0.101572
-0.0993187
-0.219211
-0.107524
-0.290271
-0.263551
-0.0804863
-0.164839
0.00277367
-0.211254
-0.232952
-0.175313
-0.188776
-0.31909
-0.356067
-0.160714
-0.093479
-0.169276
-0.223712
-0.106503
-0.122505
-0.121831
-0.152772
-0.136011
-0.0408166
-0.0313077
-0.0219296
-0.0625263
-0.0675291
-0.124421
-0.0599104
-0.15426
-0.00454299
-0.138963
-0.0925241
-0.0142193
-0.144484
0.0800715
-0.0959645
-0.0994383
-0.063572
-0.144319
-0.225979
-0.00158568
-0.056576
-0.161842
-0.134334
-0.128234
-0.025694
-0.15438
0.0909517
-0.076696
0.206053
0.0939284
0.148768
0.198521
0.0299948
0.0548921
-0.126838
-0.0574555
-0.0738317
-0.00159287
0.0624056
-0.315533
-0.0128349
-0.177207
-0.210019
-0.378795
-0.0462012
-0.0878839
-0.177074
-0.0903333
-0.19276
0.0619728
-0.274877
-0.290991
-0.184847
-0.200873
-0.327686
-0.408348
-0.29935
-0.298316
-0.21459
-0.293147
-0.0911126
-0.14517
-0.232616
-0.261422
-0.38781
-0.238262
-0.131991
-0.22709
-0.145206
-0.120822
-0.110419
-0.377745
-0.160051
-0.19915
-0.153737
-0.18152
-0.262595
-0.0700478
0.0533099
-0.0909543
-0.0387623
-0.079222
-0.0588281
-0.0691213
0.0435645
-0.330844
-0.0555592
-0.162143
-0.088755
-0.0721484
-0.106904
-0.257614
-0.226239
-0.291237
-0.186293
-0.11239
-0.0537953
0.0204268
-0.155549
-0.145384
-0.16961
-0.256683
-0.141804
-0.185291
-0.252712
-0.19661
-0.161912
-0.197951
-0.233044
-0.00490056
-0.0668444
-0.0827984
-0.050834
-0.154551
-0.0204969
0.0163924
0.0277156
-0.0559721
-0.0444993
0.0331012
-0.104464
0.059827
-0.11705
-0.0207404
-0.102832
-0.0249853
0.00445541
-0.115812
-0.0473652
-0.122307
-0.156025
-0.231592
-0.198349
-0.41859
-0.168334
-0.0445928
-0.213648
-0.123655
-0.149279
-0.404844
-0.16172
-0.11247
-0.213692
-0.157681
-0.0864064
-0.192528
-0.111773
-0.361464
-0.0915413
-0.184141
-0.217419
-0.25351
-0.328652
-0.17679
-0.0811045
-0.327685
-0.141017
-0.287486
-0.157509
-0.125776
-0.247963
-0.219248
-0.314311
-0.211985
-0.0381148
-0.138064
-0.115044
-0.211287
-0.218658
-0.11691
-0.0663335
-0.120115
-0.0427307
-0.120825
0.0391854
-0.0971681
-0.043323
-0.0158848
-0.0339382
0.00956193
-0.0504503
-0.0342849
0.00169955
-0.12942
0.0375456
0.0370629
-0.00291439
-0.0258281
-0.0640183
-0.0245716
-0.0308132
-0.0677185
-0.17409
-0.131298
-0.124319
-0.157108
-0.275471
-0.12799
-0.0430372
-0.0288491
-0.0578171
-0.0218966
-0.125157
0.0323212
-0.103883
-0.108732
-0.0562874
-0.00778912
0.00861147
0.0273994
0.139027
-0.0339542
-0.055792
0.0658491
-0.0386459
-0.0987938
-0.0265652
-0.0758499
0.0738694
0.0310348
-0.0447775
0.188044
0.0295436
0.0455919
-0.0237677
-0.00373682
-0.0420199
-0.0235122
0.0343614
-0.094918
0.217467
0.207273
0.0108575
-0.0158295
0.0775746
0.0709563
0.020339
0.031452
0.125585
0.0192572
0.12577
-0.00201087
0.0925018
-0.071854
0.0125396
-0.0338522
-0.216322
-0.193438
0.00673581
-0.0716648
0.0238217
-0.0967205
0.0951479
0.0362667
0.0677635
0.0413031
0.041595
-0.0587851
-0.0939437
-0.117203
-0.0968909
0.025901
-0.0167637
-0.09229
-0.150149
-0.165113
-0.0263984
-0.00716726
-0.00954087
-0.0769467
-0.197595
-0.1645
-0.106092
-0.0191614
0.0982791
-0.165206
-0.0647094
-0.0839389
0.0231004
-0.0218252
-0.0868659
-0.163571
-0.134532
-0.189874
-0.0717917
0.0141419
-0.136261
0.0493669
-0.149763
-0.0141685
-0.154849
-0.192123
-0.165074
-0.157305
-0.237283
-0.131188
-0.126685
-0.199757
-0.0642382
-0.142974
-0.158879
0.00613849
-0.119367
-0.0197413
-0.0803785
-0.146095
-0.137883
-0.319064
-0.172991
-0.24213
-0.215778
-0.315858
-0.211686
-0.203904
-0.357583
-0.305273
-0.326264
-0.32998
-0.303792
-0.184651
-0.0330683
0.0211776
-0.0119189
0.0131764
-0.0406031
-0.100208
0.0082282
-0.0559444
0.0567144
-0.137405
-0.359453
-0.0723611
-0.375155
-0.236256
-0.267
-0.117891
-0.214376
-0.123054
-0.131426
-0.00931165
-0.0707139
-0.0854019
-0.0861105
-0.126726
-0.123245
-0.176148
-0.18709
-0.163078
-0.215842
-0.215027
-0.246894
-0.146306
-0.255219
-0.2209
-0.105793
-0.0764363
-0.175642
-0.150778
-0.227298
-0.007609
0.00285038
0.0375717
-0.00640263
-0.240366
-0.24145
-0.221979
-0.21751
-0.220462
-0.266915
-0.0597204
-0.183863
-0.0595883
-0.0884817
-0.120806
-0.14624
-0.248374
-0.12665
-0.192003
-0.0133836
-0.0493522
-0.151531
-0.0892946
-0.165998
-0.0607785
-0.336691
-0.120453
-0.0290918
-0.100368
-0.0738792
-0.0697938
-0.194632
-0.110819
0.0139327
-0.137316
-0.0843062
-0.146564
-0.0545538
-0.08755
-0.0334532
-0.0362362
-0.0474938
0.0546191
-0.0247432
-0.218031
-0.124799
-0.0642017
-0.00260822
0.0415256
-0.141336
-0.163797
-0.0823569
-0.10396
-0.144202
-0.12332
-0.0709166
-0.150714
-0.269855
-0.0505664
-0.0944767
0.0140024
-0.103984
0.0130264
-0.0321143
-0.12884
-0.0246454
-0.0295001
-0.16757
-0.0110304
-0.158485
-0.0856564
-0.110735
-0.298445
-0.232063
-0.0983982
-0.063708
-0.187056
-0.37147
-0.20401
-0.217219
-0.112156
-0.125861
-0.0607093
-0.0799819
-0.0774816
-0.133922
-0.0266681
0.0739233
-0.139725
-0.0442947
0.0648521
-0.145992
-0.0321593
-0.0770376
-0.0714419
-0.0813431
0.0162348
0.000160999
-0.0237474
0.0011643
0.13008
-0.0428682
-0.0358332
-0.14458
-0.105051
-0.123229
-0.173528
-0.285938
-0.233448
-0.155589
-0.162748
-0.0994788
-0.223478
-0.11956
-0.0847872
-0.25654
-0.1394
-0.170766
-0.00210756
-0.145889
-0.0680607
-0.0404739
-0.0659905
-0.048117
-0.165613
-0.154296
-0.238929
-0.0581918
-0.0462195
-0.00295181
-0.154637
-0.188957
-0.154291
-0.150336
-0.161144
-0.0503036
-0.112282
-0.147723
-0.341885
-0.297404
-0.351808
-0.404714
-0.443052
-0.32969
-0.273628
-0.236123
-0.264696
-0.251118
-0.194639
-0.372739
-0.290451
-0.241147
-0.414129
-0.261835
-0.385916
-0.257841
-0.228714
-0.330338
-0.466646
-0.32324
-0.216063
-0.390193
-0.314771
-0.210927
-0.224731
-0.170536
-0.0978849
-0.299109
-0.24491
-0.22113
-0.17054
-0.177206
-0.139459
-0.0608233
-0.101606
-0.0660425
-0.108749
-0.112899
-0.251815
-0.282472
-0.129191
-0.255044
-0.27645
-0.138313
-0.176421
-0.218666
0.0104561
-0.0448195
-0.0235298
-0.0938816
-0.162013
-0.0507444
-0.0710802
-0.0478361
-0.281677
-0.0970475
-0.214567
-0.0553662
-0.23079
-0.180738
-0.156953
-0.180003
-0.10415
-0.288683
-0.150159
-0.0867708
-0.123197
-0.244014
-0.031306
-0.262243
-0.292683
-0.0908598
-0.226712
-0.166893
-0.0696537
-0.219473
-0.174141
-0.00169116
-0.0776527
-0.110946
-0.00931296
0.0500913
-0.0284226
0.0472295
0.163729
-0.133746
-0.188617
0.131037
-0.12415
-0.049234
-0.1788
-0.13781
-0.201948
-0.205859
-0.0880674
-0.236377
-0.0705592
-0.254231
-0.199943
-0.298589
-0.118835
-0.146936
-0.106212
-0.104564
-0.208176
-0.0850458
-0.13397
-0.0762989
-0.123943
-0.10272
-0.218337
-0.0702006
-0.26128
-0.258718
-0.33915
-0.199528
-0.125126
-0.113274
-0.260128
-0.126733
0.0875918
0.0321555
0.0781864
-0.0140544
-0.0331646
0.0587549
0.251102
0.203606
-0.0788702
-0.174
0.290869
0.136247
0.0548261
-0.0922087
-0.128038
0.16259
-0.211706
-0.327927
0.0367978
0.38685
-0.438039
-0.177804
0.261048
0.153536
-0.398099
0.209181
0.258395
-0.0194739
-0.155905
0.400494
0.426688
0.140937
-0.13493
0.26568
0.493877
0.362321
-0.271584
0.706023
0.125088
-0.254247
-0.139438
0.0458243
-0.276537
-0.423352
0.20287
-0.189691
-0.159245
0.418268
0.400841
-0.380621
0.136101
0.371401
-0.10373
0.124955
0.0459316
-0.283361
0.110128
0.0747102
-0.297559
-0.05336
0.0868399
-0.0893158
0.201332
0.353148
0.217436
0.3589
0.339104
0.459194
0.715728
0.363273
0.224121
0.746695
0.349589
-0.103475
0.306017
0.355949
0.354691
-0.0340819
-0.0965486
0.282388
0.17704
-0.143788
0.423603
0.217716
-0.0361687
-0.0782915
-0.00769762
0.31322
-0.0516488
-0.285576
0.0744404
-0.158551
0.000212507
0.0481217
0.089521
0.0117272
0.138222
0.113085
-0.222899
0.181834
-0.0843304
-0.160435
0.659447
0.037076
-0.0477272
-0.0841715
0.520394
-0.322071
-0.243182
0.385798
0.448457
-0.185211
0.104675
0.241756
-0.300132
0.146238
0.161474
0.0118191
0.125844
0.360376
-0.327077
-0.122763
0.190181
0.358055
0.293793
0.231808
0.0940921
0.484396
0.372558
0.0866445
0.0985471
0.407771
0.330096
0.333807
0.136192
0.497163
0.0143202
-0.321353
0.108091
0.51757
-0.451911
-0.317508
0.222215
0.450367
-0.197779
0.0198965
0.882211
0.3925
-0.00821507
0.0889001
0.915484
0.067054
-0.564853
-0.444227
0.547975
-0.0546295
-0.23614
-0.0450286
0.51757
-0.0314537
-0.0545326
0.0576272
0.489132
-0.252151
-0.151924
-0.118231
0.335199
-0.480971
-0.455025
0.430264
0.564661
0.174525
0.233399
0.662363
0.0675901
-0.454102
0.297371
0.721297
-0.169449
0.0959905
0.216117
0.549428
-0.206595
0.262505
0.800457
0.479127
0.269749
0.736879
0.343514
-0.246979
-0.0315512
0.452565
-0.455247
-0.473328
0.549712
-0.143811
-0.382642
-0.0928743
0.246518
-0.300233
-0.523485
0.0166138
0.0943493
-0.0694661
-0.221866
-0.402907
-0.19138
0.152932
-0.290517
-0.387803
-0.140913
-0.117753
0.11733
-0.0596735
-0.133027
-0.0123127
-0.17074
-0.193545
-0.0750861
-0.0885747
-0.047857
0.165527
0.00888146
0.156024
-0.0956095
-0.109778
0.109245
-0.00485106
-0.117268
-0.0682477
-0.169364
0.129355
0.101794
-0.113999
-0.0242237
0.0171534
0.147968
0.0588038
0.0582631
0.0247965
-0.166465
-0.0784281
0.092008
0.0194577
-0.106701
-0.311806
-0.109516
0.427131
0.0479263
-0.271183
-0.215795
0.464344
0.532087
-0.168516
-0.697613
-0.429574
0.642221
-0.198956
-0.657987
-0.377688
0.631857
-0.363327
-0.723941
-0.104891
0.353024
-0.646609
-0.772683
0.488211
-0.0382565
-0.727531
-0.00215278
0.943423
-0.375319
-0.227493
0.603692
-0.0807416
-0.468462
-0.253678
0.478346
0.61278
-0.501893
0.0112437
0.490756
0.507696
-0.116732
0.572658
0.534466
0.114198
0.511039
0.694171
0.185834
-0.0626422
0.463263
0.506503
0.186456
-0.171999
0.835071
0.660966
0.0499423
-0.123866
0.698857
0.354709
-0.301868
0.146795
0.556687
0.0476998
-0.0923559
0.177316
0.433856
-0.144084
-0.366
0.488133
0.259649
0.0760927
-0.0248639
0.374625
0.160905
0.167907
0.0844136
0.140318
0.127182
0.330996
-0.106724
-0.196793
0.476512
0.437184
-0.233812
0.0238804
0.601641
-0.00311003
-0.403896
-0.372918
0.328119
-0.415603
-0.143922
0.505961
-0.464783
-0.324489
0.0187102
0.489284
-0.0518083
-0.166915
0.137184
0.512461
-0.0899201
0.420609
0.833623
0.03812
0.134707
0.216119
0.284495
-0.088158
0.153324
0.520781
0.615708
-0.0825857
0.395338
0.588392
0.156007
0.601298
0.519055
0.585466
0.18789
0.186897
0.509789
0.586552
-0.129365
-0.0248208
0.471572
0.0802341
-0.145701
-0.0931587
0.292569
-0.206283
-0.436494
0.030037
0.0873761
-0.678557
-0.283535
0.709651
0.268748
-0.348819
0.34257
0.430507
-0.147691
0.33189
0.206709
-0.0805262
0.0796068
0.131341
0.0162094
0.28466
0.219153
0.185442
0.0468361
0.090672
0.126882
0.130597
0.213112
0.377156
0.396475
0.279662
0.306975
0.115337
0.411549
0.22918
0.219087
0.287022
0.171736
0.0764065
0.165961
0.478357
0.186298
0.542347
0.371613
0.357097
0.434313
0.375674
0.415869
0.408168
0.386965
0.493238
0.451376
0.469402
0.39386
0.439391
0.468595
0.291131
0.589202
0.317562
0.269832
0.422541
0.142657
0.245568
0.122006
0.31196
0.292232
0.242272
0.389733
0.249587
0.377554
0.268171
0.0913267
0.265203
0.239252
0.208849
0.258854
0.0289566
0.120188
0.218364
0.17547
0.268445
0.0450421
0.161505
-0.0479014
0.0966163
0.226119
0.283279
0.186468
0.230947
0.113696
-0.0726939
-0.00560077
0.0323961
0.116427
0.158861
0.139428
0.0509131
-0.137856
-0.361811
0.102766
0.0461359
-0.0958826
-0.136438
-0.138818
0.256929
-0.0352396
-0.149688
-0.179189
-0.264244
0.0941622
0.0594982
0.0460462
-0.19644
-0.124873
-0.0319138
0.0411414
-0.0457767
-0.0185184
-0.261086
-0.280115
-0.213074
-0.00405084
-0.282076
0.0572598
0.171908
-0.0509492
-0.0427482
-0.00410232
-0.202788
-0.0415712
0.242934
0.266096
0.140183
0.210652
0.24073
0.180656
0.183614
0.171143
0.279298
0.360632
0.175926
0.246063
0.33305
0.387558
0.311002
0.38729
0.383397
0.152103
0.298888
0.357713
0.241348
0.242423
0.28782
0.307204
0.276696
0.238426
0.347944
0.375234
0.410601
0.318146
0.390602
0.309925
0.36274
0.339851
0.233415
0.381633
0.253604
0.239934
0.186806
0.14756
0.184012
0.14889
0.370796
0.312184
0.267282
0.251455
0.271523
0.492732
0.281766
0.212816
0.281749
0.233427
0.29865
0.268476
0.369902
0.465445
0.434406
0.359984
0.408693
0.320077
0.401425
0.396944
0.379387
0.20946
0.365928
0.418293
0.370512
0.296159
0.155863
0.204846
0.298202
0.240338
0.339304
0.42284
0.402861
0.416576
0.456469
0.528359
0.326676
0.449608
0.451988
0.396252
0.252912
0.253144
0.373675
0.260307
0.410511
0.427029
0.403561
0.263115
0.218575
0.364472
0.292914
0.342015
0.20413
0.258391
0.209103
0.165923
0.345646
0.159567
0.42633
0.227078
0.1771
0.0654176
0.186308
0.0851716
0.200077
-0.135241
-0.0539608
-0.0852138
0.028955
0.0252993
-0.0381896
-0.0637037
-0.202349
-0.0175819
-0.103797
-0.213432
-0.0830778
-0.0340852
-0.00637614
-0.148846
0.0834032
0.106967
0.080125
-0.0112011
0.0373127
0.112881
0.345706
0.179415
-0.0808851
0.190963
0.525945
0.466913
-0.319646
0.114312
0.29943
0.219021
-0.272085
0.173406
0.380439
-0.14529
-0.10866
0.499817
0.342888
-0.488534
-0.278692
0.575445
-0.30478
-0.724657
0.180361
0.122305
-0.596061
-0.210859
0.531005
-0.528803
-0.10431
0.546917
0.5669
-0.319738
0.56068
0.785591
0.22121
-0.061859
0.596532
0.290436
-0.0718915
-0.277053
0.427218
0.196582
0.0790278
0.0906468
0.149206
0.0864153
0.0918798
0.261733
0.179068
0.0960414
0.278435
0.217134
0.0914631
0.0470006
0.161176
0.00255801
0.245188
0.277868
0.252661
0.31818
0.19117
0.0327792
0.0151205
0.111117
0.133672
0.0247328
0.102462
0.035631
-0.0519786
0.0859131
0.139654
0.179193
0.145006
0.0792604
0.198
0.141337
0.231196
0.349528
0.220569
0.180637
0.181666
0.211716
0.210656
0.107139
0.238757
0.359926
0.179057
0.347675
0.250328
0.236
0.175172
0.231628
0.185885
0.160116
0.156927
0.195463
0.137154
0.3102
0.147974
0.248747
0.215805
0.18066
0.216042
0.197053
0.309119
0.27028
0.0651832
0.00739759
0.152097
0.127579
0.189123
0.205833
0.147422
0.197985
0.0958543
0.198037
0.0460402
0.160374
0.191605
0.0997184
0.111218
0.285532
0.348018
0.25634
0.175043
0.215232
0.385313
0.355137
0.31595
0.128409
0.168225
0.202207
0.409757
0.309882
0.248898
0.321754
0.079172
0.188944
0.251944
0.192626
-0.0196571
0.0635092
-0.0149645
0.0844804
0.0672938
0.0112759
-0.0330328
-0.117069
-0.0265295
-0.141428
-0.246695
-0.112483
-0.147133
-0.112931
-0.0351399
-0.0360139
-0.0176776
-0.0272914
-0.205014
-0.232167
-0.239673
-0.0941092
-0.187028
-0.228722
-0.0943175
-0.238571
-0.0509479
-0.0648885
0.0447636
-0.115693
-0.0172661
0.0843471
0.0433685
-0.0359151
0.0462702
0.169379
0.202409
0.201692
0.213909
0.193224
0.0748823
0.0212645
0.17488
0.220633
0.171813
0.104533
0.135684
0.115438
0.206053
0.150867
0.146649
0.0432386
0.0113317
0.122762
0.0229861
0.0565003
0.124418
0.0722618
0.214512
0.0188841
0.0880901
0.0147969
0.0387396
0.139376
0.085934
0.0916976
0.149011
0.275081
0.142304
0.19281
0.0319998
0.234927
0.143377
0.0915704
0.326931
0.308073
0.282478
0.278219
0.31209
0.302876
0.224536
0.300864
0.433088
0.525968
0.371349
0.287522
0.375095
0.275262
0.177215
0.270546
0.135562
0.208131
0.137329
0.0330221
0.072048
0.153933
0.0627299
-0.0387083
0.115329
-0.0681882
-0.176379
-0.0659987
-0.114276
-0.0768583
-0.180875
-0.177074
-0.108166
-0.107263
0.0288267
0.014658
-0.0061969
0.0138712
-0.129631
-0.048243
0.051761
-0.00759444
0.0673297
0.123585
0.115496
0.0968313
0.129348
0.0678843
0.0941806
0.139808
-0.0183799
0.0417378
-0.0190302
-0.156785
0.0622097
0.0951392
-0.0400432
0.0310813
-0.0403292
0.0333534
0.0213814
-0.044699
-0.0269793
-0.0788369
-0.168406
-0.165583
-0.073511
-0.053445
0.0092268
-0.0533369
0.0133395
0.249578
0.0248266
0.239027
0.160482
0.147554
0.062434
0.160064
0.0930732
0.210223
0.229658
0.265574
0.129505
0.234678
0.0487882
0.112637
0.0737095
0.158977
0.0815581
0.0298942
0.135189
0.115624
0.233608
0.0634032
0.105407
0.0232537
0.0842816
0.140385
0.0776828
0.0438216
0.163218
-0.00675951
0.0532015
0.176073
0.20051
0.0372738
0.180272
0.148716
0.340077
0.157625
0.0973159
-0.0700368
0.0312664
0.195003
0.192827
0.153342
0.318804
0.240104
0.0155746
0.181904
0.283422
0.100823
-0.0443912
0.0314121
0.14606
0.306095
0.158407
0.0936986
0.289268
0.143639
0.0610281
0.100625
0.0825571
0.0221659
0.419226
0.0464811
0.129605
0.299378
0.0704973
0.0911019
0.171388
0.280348
0.23079
0.136075
0.320086
0.256575
0.103385
0.231583
0.332246
0.44949
0.224027
0.210104
0.0902534
0.215048
0.142514
0.158427
0.424599
0.325911
0.368491
0.555891
0.404971
0.262583
0.35552
0.26679
0.29821
0.386302
0.418189
0.275412
0.358069
0.387347
0.356441
0.398168
0.390344
0.0887304
0.288496
0.24823
0.419156
0.324285
0.458241
0.564558
0.557217
0.435551
0.441489
0.343213
0.461644
0.314426
0.447874
0.328717
0.466385
0.460247
0.445756
0.396442
0.383413
0.487655
0.588776
0.577598
0.601404
0.357516
0.5331
0.623695
0.457289
0.411225
0.381206
0.331764
0.413667
0.398201
0.276893
0.333969
0.0784803
0.0807804
0.116584
0.311415
0.202437
0.266306
0.209731
0.254759
0.198774
0.0678075
0.177802
0.135525
-0.041275
0.0284612
-0.0399833
-0.0438402
0.0136206
0.0343644
-0.133886
-0.125195
-0.128019
-0.170559
-0.0409236
-0.121946
-0.0720599
-0.0825975
-0.122715
-0.0608608
0.00968364
-0.0641768
-0.0196891
-0.00517103
0.0785849
0.164038
0.0352762
-0.0486589
0.0324039
-0.00822881
0.0561506
0.0196979
-0.0971392
-0.0169403
0.105346
-0.0419841
-0.012106
0.0560395
-0.0444641
0.0911158
-0.0501542
-0.0145083
-0.0530056
0.0470037
0.0795212
0.0304122
0.088612
-0.00790151
0.241869
0.176024
0.139318
0.0765577
0.186688
0.161746
0.0772654
0.123903
0.186607
0.153504
0.150415
0.274936
0.269469
0.118199
0.088046
0.0830889
0.172414
0.13079
0.134743
-0.0179733
0.196852
0.198413
-0.0204426
0.108131
0.207075
0.09048
0.00767629
-0.0395966
0.126319
0.158208
0.121629
0.120913
0.135428
0.0600052
0.10033
-0.0305147
-0.0750265
-0.0127966
-0.0258865
0.0149563
-0.0455015
0.224033
0.060745
0.275217
0.132964
-0.0133211
0.0169135
-0.0222407
0.039535
0.201206
0.116016
0.139009
0.116431
0.198244
0.0372609
0.0983847
-0.0137713
-0.0330157
-0.00640065
0.234101
0.260281
0.219593
-0.0457706
0.226276
0.105509
0.0417741
0.188538
0.0517665
0.146795
0.158606
-0.0380521
-0.062603
0.0889105
0.0131365
0.129718
0.0532629
0.0716424
0.0279017
-0.0692554
-0.0159669
0.129146
0.000166593
0.0156589
0.0576291
0.0185869
0.027971
0.239351
0.178982
0.0257802
0.0264301
0.119504
0.000942198
0.0622792
0.0630511
0.044168
0.0117468
0.0610622
-0.0511205
-0.0872545
-0.0387718
0.143016
0.0335154
0.087535
-0.0567681
0.0784343
-0.104511
0.0082646
0.0759042
-0.0670138
-0.0704251
0.000265792
0.0777705
0.163839
0.0390234
0.0729117
-0.177802
0.0916698
-0.0139638
0.0544828
-0.0232987
-0.102498
-0.103256
0.0390139
-0.0829329
-0.0833343
-0.00946671
-0.0556783
0.0866095
-0.0837355
-0.0690257
0.0336037
-0.0351191
-0.130207
0.0507275
-0.033998
-0.0469874
-0.0867048
0.0669633
0.0436569
0.0878109
-0.0632286
0.107408
0.179618
-0.0556916
-0.0108239
0.0512384
0.0787508
0.0493328
0.104661
-0.00982715
0.0521946
-0.0414787
-0.00694632
0.115971
-0.0763797
-0.0907222
-0.192596
-0.156077
-0.0286881
-0.190133
-0.0736754
-0.0361377
-0.0154995
-0.0574544
-0.0145335
-0.0743643
-0.0541541
0.0123671
-0.019626
-0.00235731
-0.161677
-0.139314
-0.143415
-0.0421456
-0.0997959
-0.0475024
0.09539
0.0170234
0.0433996
-0.0839762
0.0594612
-0.0758474
0.0648989
-0.0392775
-0.0806279
0.0538877
0.0799403
0.0156541
-0.155088
-0.0220373
0.0532969
0.176648
-0.0234643
0.0695915
0.0239236
0.104424
0.127392
0.0259149
-0.101427
0.0678495
0.0773987
-0.0276089
0.10299
-0.0349784
0.0425183
0.171112
-0.0179144
0.0706344
0.0715117
0.149857
0.123468
0.0839992
0.206327
0.0940445
0.177177
0.28404
0.0492888
0.115079
0.0657786
0.188482
0.0278055
0.174918
0.00912776
0.0460766
0.134061
-0.00899377
0.112342
0.021343
0.117331
0.104641
0.250586
0.116351
0.133117
0.0995491
0.218391
0.0893761
-0.0086524
0.166694
0.229732
0.180823
0.0365727
0.137332
0.0495629
-0.0408804
0.0957939
0.0128531
0.101105
0.114196
0.2875
0.0782744
0.0292387
0.14564
-0.0691518
0.175465
0.143534
0.147765
0.176965
0.0398329
0.0786388
0.100925
0.085189
0.0751113
0.162993
0.100217
0.241531
0.236733
0.333566
0.253271
0.197061
0.269411
0.250341
0.189958
0.378246
0.24177
0.160614
0.200421
0.242939
0.0721157
0.188784
0.163865
0.256376
0.230473
0.186524
0.0772286
0.307721
0.224694
0.119424
0.184006
0.0840259
0.0941981
0.00230782
0.172946
0.198935
0.168325
-0.0263163
0.0630552
0.0617059
0.0500772
0.240372
0.0735334
0.0972833
0.162341
0.137011
0.119469
0.159931
0.154604
0.206398
0.0992919
0.223231
0.119058
0.338477
0.248699
0.282911
0.209751
0.127368
0.0773991
0.0411219
0.126402
0.135798
0.158658
0.116204
0.336317
0.209545
0.327423
0.0181757
0.0461245
0.179808
0.165346
0.00386121
0.0711298
0.134398
0.0855899
0.055384
0.115597
0.168758
0.102496
0.0588308
0.0210771
0.0412194
0.0673456
0.193781
0.0191569
0.0217042
0.12119
0.163103
0.17276
0.182093
0.0264948
0.241168
0.113986
0.0816019
5.68446e-05
0.0662198
0.0806683
0.112478
0.28722
0.256874
0.203768
-0.050486
0.194642
0.0943222
0.0843197
0.195798
0.182621
0.131198
0.158817
0.0561988
0.0571466
0.143644
0.130135
0.0388034
0.0316355
0.0714237
0.17346
0.0787044
0.133366
-0.0200884
0.106198
0.0818815
-0.0353022
-0.0494125
0.0472003
0.0864085
-0.0924791
-0.0813683
0.0628472
0.0659271
-0.070206
-0.0177034
0.0612825
-0.110195
0.0235325
0.0265018
0.078825
-0.0831898
0.0606611
0.226278
0.120425
0.233305
0.0988688
0.240836
0.229101
0.168579
0.218036
0.0429603
0.176991
0.194902
0.278345
0.253066
0.239876
0.205364
0.112441
0.132816
0.0304682
0.172665
0.0361675
0.0608636
0.0776105
0.189087
0.0406574
0.192749
0.0730611
0.200415
0.0210798
0.0128072
0.182545
0.0402725
0.142368
0.110498
0.23201
0.173346
0.197199
0.110819
0.116198
0.202851
0.17638
0.107325
0.0594359
-0.0749636
0.069671
-0.090743
-0.0687407
-0.0775052
0.0432293
0.142863
0.0465233
0.228405
0.149921
-0.122784
0.0879554
0.22714
0.192996
0.135783
0.13239
-0.0136735
0.156992
0.194858
0.0745719
0.0260651
0.087615
0.111737
0.0233234
-0.0200661
0.146916
0.0080297
-0.091342
0.0671973
0.0276916
-0.0200495
0.00535168
-0.0981288
0.12738
0.163419
0.0424106
0.127517
0.151172
0.126887
0.0349457
0.0730784
0.142986
0.0939738
0.032812
0.294362
-0.00068377
0.202393
0.0415098
0.157251
0.0526246
-0.0601189
-0.00720947
0.111568
0.258821
0.0156496
0.0816973
0.263976
0.0699198
0.0487983
0.0609394
0.1778
0.0839237
0.245887
0.181019
0.206468
0.13099
0.0885297
0.117243
0.0182984
0.193076
0.23815
0.131114
0.0617647
0.20674
0.0688971
0.0245757
0.0493586
0.252989
0.106253
0.153766
0.075268
0.0562158
0.103066
0.178651
0.0681095
-0.0299572
0.0598834
0.00389913
0.0819443
0.178609
0.14335
0.059635
0.122365
-0.0409556
-0.0445697
-0.0212647
-0.167942
-0.0793753
-0.0757135
0.0101785
-0.00370735
0.0572572
0.0529353
0.0614075
-0.0319718
-0.168247
0.0170175
0.0170015
-0.0350887
-0.103217
-0.0115266
-0.0227009
-0.0794752
0.0241419
0.0153539
0.0104133
-0.099303
0.0518316
0.0715319
0.186898
-0.0787133
-0.110555
-0.0710548
0.0505106
-0.0202467
0.0248113
0.00348442
0.151391
0.0687804
0.070946
0.0923331
-0.0334637
0.286528
0.154002
0.160905
-0.0152122
0.0646787
0.180748
0.0694247
0.169769
0.11454
0.0188433
0.0609284
0.0599281
0.00230583
0.00499424
-0.0586458
-0.03418
-0.104557
0.0403083
-0.106305
0.0577123
-0.0221586
-0.0774276
0.0091202
0.0613392
-0.0172046
-0.0560652
-0.0341014
0.0180974
-0.0161672
0.145302
-0.0516308
-0.0444532
-0.02366
-0.0846933
0.00579284
-0.0389083
-0.105712
-0.11429
-0.116237
-0.0601247
-0.0348641
0.0751987
0.0543704
0.0963496
0.0797829
0.10936
0.15802
0.16997
0.086486
0.105089
0.210527
0.111699
-0.00592721
0.0279651
0.0365021
-0.0737106
0.093936
0.073296
0.0505735
0.119712
0.0211135
-0.0687734
-0.0547726
-0.0835254
-0.0716237
-0.0607087
0.158516
0.0662089
0.0794776
0.0296023
0.0554636
0.0892639
0.199807
-0.0740181
0.0482257
0.0891939
0.210141
0.199659
0.0997434
0.000482715
-0.118302
0.0819981
-0.0387003
-0.0403572
-0.0324129
-0.0490451
0.0585898
0.0816559
-0.0297561
-0.0504454
0.102513
0.0834553
0.102721
0.0254721
-0.0740221
-0.0421101
0.048081
-0.0323671
0.0570427
-0.0438391
-0.047571
-0.00184555
0.107901
0.0696375
0.0739072
0.0650719
0.0666091
0.0741294
-0.0910292
0.0363696
-0.0841707
0.103755
-0.00341036
0.0559668
0.0736921
0.12913
0.171167
-0.0524901
0.0660598
0.16233
0.142824
0.0125518
-0.0300639
-0.0030473
0.20167
0.0896161
0.176575
0.13501
0.0754699
0.0726674
0.0976782
-0.0660309
0.134466
0.108215
0.0209162
0.123006
0.0631507
0.194423
0.0998264
-0.0338521
0.0584158
-0.0541794
-0.0454833
0.0152769
-0.0302027
0.0498193
0.18712
0.174859
-0.0424626
-0.0125172
0.120367
0.129841
-0.0788103
-0.00378777
0.0612675
0.0221708
-0.0355705
0.131119
0.113704
0.0999041
0.140525
0.0959685
0.0502361
0.0402899
0.0996442
0.0198927
0.077741
0.161378
0.311028
0.18185
0.308454
0.212537
0.117108
0.278664
0.129709
0.0844974
0.174996
0.183423
0.0556263
0.0386893
0.0228749
-0.0325495
0.0753159
0.0109987
-0.166687
-0.0936658
-0.151099
-0.159273
-0.193639
-0.00143478
-0.105509
-0.0200863
-0.0941147
0.084646
-0.0162742
0.00937573
0.0884589
-0.175586
-0.0771127
-0.165873
-0.137399
-0.0867853
-0.0617401
-0.0988758
-0.100866
-0.107735
0.0779538
0.0449796
0.0223976
0.123357
0.0535464
-0.0611727
0.222729
0.0737441
-0.00902066
-0.00772584
-0.00212228
0.1903
0.138288
0.16054
-0.0431526
0.0923816
0.0875536
0.124892
0.204627
0.0905481
0.0923447
0.0658033
0.032153
0.0361315
0.0775593
0.152068
0.16766
0.101457
0.209671
0.04795
0.186641
0.0921135
0.0940545
0.103629
0.286018
0.0806699
0.178059
0.112775
0.0774115
0.0279
0.238714
0.193508
0.200284
0.0598979
0.16715
0.0751788
0.0237419
0.0646874
0.0343091
0.167361
0.125775
0.107095
-0.0429861
-0.0835396
-0.0358115
-0.0357291
0.00574142
0.0547731
-0.0114469
-0.00319483
0.0402019
0.0880931
0.184914
0.112909
0.00657315
0.082162
0.149132
0.0878212
-0.0322995
0.0563216
-0.063771
-0.056833
-0.115047
0.0663391
0.053462
-0.0576725
-0.190698
0.123418
0.094122
-0.050284
-0.0718716
0.0172174
-0.0292137
0.0631671
0.0927187
0.143787
0.0466668
-0.164029
0.0933718
0.125808
0.00168046
0.163
0.0902784
0.0878888
0.0847736
0.198506
0.167431
0.0397217
0.0607648
0.181807
0.0211351
0.0330508
0.100882
-0.00864085
-0.126051
0.129524
0.160941
0.114318
0.0242102
0.0653988
0.256637
0.295039
0.19682
0.199772
-0.0213798
0.19209
0.186082
0.136254
0.0903264
0.0837315
0.185085
0.166033
0.124894
0.113132
0.14337
0.0819776
0.0979766
-0.00756863
0.228992
0.156463
0.0961753
0.0511986
0.253712
0.155779
0.167633
0.0826759
0.156758
0.27284
0.103301
0.208559
0.240276
0.161884
0.130671
0.0999676
0.165978
0.167394
0.0716266
0.143914
0.0551902
0.100671
0.107247
0.123175
0.159667
0.24241
0.108911
0.103689
0.114666
0.215119
0.0955751
0.115397
0.123201
0.0909591
0.136809
0.0505802
0.147867
0.00874832
-0.271105
0.0771014
0.0519379
-0.00716491
0.0806445
0.0625972
0.188742
-0.0177358
-0.0132711
0.101322
0.04496
0.0666295
-0.0335908
0.00212265
0.155524
-0.0315246
0.00903663
0.0709149
0.0535387
0.235135
0.131735
0.0818725
-0.0549087
0.0455307
-0.0238495
-0.0987977
0.0260452
0.0761277
0.108886
0.0823972
0.0332828
0.1424
0.0728286
0.144123
0.0934428
0.0603257
0.0915557
0.196966
0.0692793
0.0501268
-0.0227804
0.153628
-0.00147771
0.0805097
0.0347052
-0.134831
-0.0592071
-0.0266145
0.014973
-0.0383637
0.0647807
-0.0511695
0.105619
0.0240782
0.0172182
0.0308469
0.154149
0.13902
0.0656561
0.00011191
0.0468447
-0.0252258
0.0283839
0.0590962
0.00514969
0.0916249
0.13075
0.173242
0.151674
0.0073002
0.0204722
0.00673908
0.203339
0.0243271
0.0861674
0.197799
0.216164
0.0364094
0.0492008
0.187687
0.022527
0.137641
0.0944377
0.0919747
0.154567
0.114423
0.0468924
0.277651
0.11101
0.150978
0.101635
0.112743
-0.00494795
0.124301
0.174518
0.199841
0.135038
0.226476
0.0374777
0.0178305
0.208787
0.167816
0.088041
0.258375
0.317775
0.11645
0.147798
0.218681
0.0528737
0.103448
0.243979
0.225046
0.155926
0.222693
0.371511
0.148697
0.355066
0.201832
0.0591102
0.109336
-0.0139554
0.161511
0.132806
0.0262803
0.101757
0.265261
-0.0172368
0.0368599
0.0231606
0.0176015
0.0758791
0.069317
0.0876747
0.175404
0.0986143
0.0679621
0.103942
0.159853
-0.0898896
0.272072
0.046857
0.197698
0.0894133
0.0901152
0.0996465
0.0656246
0.0949508
0.153302
0.238293
0.167858
0.0668364
-0.0481058
0.0481354
0.0636466
0.132945
0.127768
0.107943
0.0306598
0.0134393
0.187678
0.172951
0.00137432
0.215433
0.0571135
0.2826
0.0524725
0.173671
0.0309673
0.0851243
0.0842363
0.000566742
0.234713
0.0964665
-0.00526788
0.132168
0.203095
0.116324
0.232383
0.283657
0.262204
0.262487
0.369857
0.27774
0.269894
0.23455
0.341176
0.310116
0.344469
0.17895
0.360278
0.0759892
0.172601
0.0496668
0.20723
0.146025
0.220728
0.195535
0.225405
0.231047
0.189855
0.0335627
0.116894
0.108453
0.141164
0.141509
0.0751982
0.179692
0.326212
0.0284342
0.0890767
0.233759
0.201332
0.223479
0.11633
0.243371
0.251741
0.167013
0.107961
0.216374
0.13029
0.141663
0.0841579
0.147424
0.124968
0.256139
0.22154
0.136076
0.145861
0.208841
0.203164
0.162245
0.34567
0.251441
0.233591
0.266424
0.148808
0.157332
0.330627
0.146375
0.295391
0.265089
0.276724
0.166817
0.259834
0.0989714
0.112123
0.263802
0.215147
0.0970537
0.21692
0.159203
0.222604
0.137717
0.264206
0.350588
0.328023
0.267309
0.127053
-0.0423916
0.0529576
0.0313531
0.059829
0.113324
0.28207
0.218751
0.10351
0.118415
0.0595675
0.251549
0.155691
0.231828
0.397361
0.227367
0.347424
0.27681
0.308606
0.118726
0.343194
0.309752
0.405552
0.196074
0.327609
0.40872
0.17425
0.270957
0.282445
0.404657
0.314538
0.23242
0.250918
0.233967
0.261165
0.280911
0.239586
0.223447
0.241377
0.240235
0.113939
0.121716
0.254188
0.214814
0.117095
0.322835
0.26688
0.212533
0.33661
0.133991
0.117945
0.20334
0.253194
0.249472
0.256447
0.262136
0.342912
0.152321
0.198634
0.273864
0.153414
0.254383
0.271005
0.181329
0.256698
0.352478
0.231628
0.251637
0.263287
0.178042
0.286241
0.390367
0.293436
0.390343
0.357246
0.178963
0.244783
0.171596
0.255109
0.190651
0.261505
0.164095
0.247463
0.237253
0.193232
0.319564
0.252888
0.343843
0.245295
0.278166
0.237192
0.299785
0.37315
0.244473
0.359283
0.312272
0.450043
0.391855
0.300384
0.215169
0.395602
0.328606
0.288875
0.248289
0.316548
0.310612
0.503938
0.127852
0.30406
0.389198
0.402777
0.348265
0.293332
0.443784
0.261937
0.23403
0.144113
0.316626
0.341013
0.291041
0.22923
0.180379
0.110591
0.244979
0.230452
0.381532
0.315589
0.300479
0.264332
0.343563
0.234522
0.235529
0.243216
0.284277
0.293033
0.205991
0.28131
0.33151
0.338717
0.415306
0.309916
0.326035
0.227157
0.43961
0.24248
0.331301
0.28369
0.382618
0.179516
0.208204
0.222752
0.0527067
-0.000396457
0.186126
0.0573071
0.0425056
0.184463
0.1086
0.128818
-0.0493849
0.0231954
0.0101146
0.0419828
-0.0492698
0.0858377
0.135075
0.0503211
0.163762
0.108072
0.21409
0.203941
0.138726
0.170064
0.110775
0.109342
0.0337438
0.265946
0.0657885
-0.0458195
-0.00663573
0.0369412
0.00111056
-0.109921
0.0828582
0.0374537
-0.00671337
0.118172
0.21082
0.229881
0.103948
0.0888229
0.08344
0.137349
0.152347
0.190694
-0.0353313
0.04818
0.0992416
0.0914842
0.0202999
0.124691
0.136655
0.160766
0.132464
0.0379816
0.0373465
0.13303
0.000542912
-0.0263744
-0.0524683
0.0290109
0.121179
0.174049
0.0228308
0.122377
0.0533427
0.23874
0.109647
0.247381
0.15165
0.157947
0.259329
0.187207
0.236881
0.383399
0.216514
0.0916515
0.276189
0.236715
0.298063
0.208454
0.100309
0.28975
0.348634
0.283782
0.31491
0.446455
0.323074
0.347533
0.218125
0.384519
0.347682
0.287525
0.284898
0.177091
0.14962
0.207203
0.209268
0.09587
0.103789
0.254712
0.459512
0.131468
0.17205
0.217062
0.152733
0.302157
0.142295
0.154002
0.205819
0.192332
0.173045
0.248978
0.195212
0.242618
0.128899
0.13741
0.0704726
0.169665
0.0360032
0.190924
0.115318
0.0248224
0.141889
0.0550913
0.127897
0.13359
0.117025
0.0270932
0.0972963
-0.0962715
-0.0776714
0.0293477
0.24445
0.172115
0.114634
0.0669635
0.0477095
0.102491
0.0988161
0.100636
0.132366
0.121224
0.119893
0.0440122
0.103122
0.178091
0.0848389
0.0740388
-0.0547213
0.136028
0.0195315
0.0672639
0.0209564
0.14251
0.125935
0.332997
-0.0266918
0.142788
-0.0564173
0.0462697
0.0920118
0.143222
-0.00306313
0.0902285
0.065621
0.0470591
0.239503
0.269654
0.210209
0.11752
0.187901
0.151907
0.165079
0.198798
-0.014765
-0.0119531
0.08087
0.0291412
0.0662323
0.152676
0.286762
0.155723
0.0444558
0.0448643
0.175765
0.147101
0.0952501
0.183368
0.0229012
0.138932
0.245704
0.311761
0.223872
0.275214
0.207865
0.286062
0.202507
0.27419
0.193701
0.231066
0.277048
0.343048
0.349414
0.265484
0.270697
0.159914
0.276591
0.227886
0.191693
0.160408
0.35065
0.155028
0.310109
0.155901
0.351388
0.254857
0.328733
0.339401
0.20718
0.0557392
0.196682
0.220225
0.075426
0.0991063
0.0899337
0.225004
0.118887
-0.0157813
-0.0752629
0.147858
0.0561832
0.168724
0.232865
0.240862
0.242031
0.379338
0.182747
0.238361
0.338276
0.330776
0.35746
0.199633
0.295983
0.1946
0.322735
0.250969
0.182339
0.313076
0.315557
0.233074
0.276468
0.248914
0.222011
0.249641
0.184819
0.253517
0.184309
0.162592
0.276346
0.225867
0.305327
0.290528
0.243
0.15786
0.322001
0.343553
0.15306
0.296811
0.299246
0.28315
0.375018
0.208277
0.198356
0.262014
0.333114
0.281086
0.346505
0.173723
0.170728
0.274897
0.287473
0.384055
0.180429
0.260426
0.159972
0.306474
0.36938
0.162629
0.0809199
0.151314
0.122791
0.105483
0.139621
0.149205
0.17339
0.251217
0.0736168
0.116772
0.281842
0.227699
0.133605
0.241565
0.100463
0.120439
0.358846
0.258841
0.278549
0.314651
0.242417
0.255873
0.133182
0.296664
0.276262
0.367278
0.198211
0.022345
0.17428
0.246237
0.217116
0.0840642
0.226854
0.137873
0.292198
0.20762
0.144716
0.0180297
0.0892667
0.173541
0.0824541
0.189597
0.201021
0.391248
0.288962
0.131875
0.0830592
0.168113
0.1184
0.018955
0.168265
0.202367
0.0447416
0.0108655
0.0338417
0.0383332
0.00703662
0.0195186
0.110965
0.196437
0.0963937
-0.0367413
0.105932
0.133878
0.155893
0.0523979
0.116821
0.0896241
0.263622
0.0260658
0.128917
-0.0129641
0.000495119
0.240522
0.223814
0.1796
0.157446
0.121746
0.102148
0.256319
0.0995975
0.0158309
-0.012141
0.19452
0.236592
0.0819013
0.163086
0.0506606
0.163675
0.205955
0.200011
0.17647
0.271731
0.0242324
0.127489
0.121955
0.242958
0.113763
0.175471
0.254601
0.303363
0.174078
0.19856
0.100409
0.236446
0.211895
0.233072
0.185451
0.340732
0.144135
0.140514
0.304314
0.129157
0.109181
0.209813
0.137663
0.0932268
0.231356
0.153432
0.183264
0.0860482
0.216752
0.168366
0.119542
0.271763
0.174532
0.272874
0.245918
0.220021
0.138154
0.155519
0.282723
0.101688
0.0917258
0.130152
0.0797586
0.126964
0.212348
0.14551
-0.0893132
0.0166606
0.0980585
0.141991
-0.0601816
-0.0513304
0.0216045
0.174274
0.126793
0.125305
0.16344
0.11204
0.133264
0.10687
0.18289
0.0924425
-0.0703389
0.153523
0.159461
0.221755
0.207544
0.141778
0.152025
0.312389
0.272601
0.207781
0.17864
0.153521
0.165121
0.169578
0.154948
0.16015
0.171867
0.0962232
0.0750103
0.174034
-0.0345436
0.229755
0.10556
0.180749
0.130289
0.0577707
0.0442258
0.113509
0.12208
0.161766
0.0385399
0.133879
0.229314
0.197948
0.20031
0.0686025
0.123518
0.168662
0.162347
0.125972
0.265436
0.0296481
0.158907
0.158724
0.18262
0.216756
0.199598
0.108629
0.102965
0.0901179
0.149855
0.0466289
0.12479
0.116594
0.0367814
0.0693861
-0.098398
0.0610196
0.163223
0.130253
0.168243
0.198703
0.185088
0.117148
0.229272
0.0466275
0.059685
0.181509
0.140945
0.0509915
-0.00612896
0.117059
0.0248632
0.0141968
0.0760672
0.00139408
0.0335653
0.120952
0.200301
-0.0246294
0.0673523
0.206499
0.14407
0.0678036
0.0413186
0.16786
0.131064
0.0643147
0.0432113
0.208046
0.0467474
0.0429372
0.0608834
-0.019652
0.154517
0.101696
0.0864202
0.194257
0.0750194
0.0813233
0.170577
0.114189
0.165744
0.181002
0.184757
0.119703
0.185661
0.201144
0.142088
-0.0560794
-0.0145063
0.0992209
-0.00948533
-0.0890826
0.0387718
0.121072
0.0703178
-0.0423482
0.113344
0.0284409
0.119278
0.123081
-0.0233107
0.0466736
0.102486
0.010272
0.0200052
0.0679646
0.0123354
-0.00230668
-0.0974576
0.00999426
0.195331
0.235043
0.0105498
0.0372554
0.0578314
0.190319
0.128829
0.112118
0.0302261
0.108322
0.239586
0.100576
0.14977
0.0252539
0.0833809
0.185444
0.238463
0.0801804
0.0492796
0.0379014
0.0618016
0.132763
0.00146567
-0.00833946
0.0437605
-0.0442335
-0.0242625
-0.0287038
0.130781
0.0931764
-0.148037
0.0289728
0.0894773
-0.0211122
0.159813
0.0309631
0.0132193
-0.00964427
0.131814
0.0603779
0.185398
0.133954
0.149774
0.0295946
-0.0169802
0.087284
0.0377706
0.065826
0.0200645
0.0910473
0.10259
0.0447512
0.0105594
0.0776772
-0.0146241
0.0123428
-0.105412
0.0367196
0.0690713
-0.0126343
-0.0589779
-0.115266
0.0554125
0.117592
0.0958647
0.00858647
0.0391908
-0.127521
0.00867292
0.0572344
-0.121151
-0.103657
-0.118255
-0.0435479
-0.00732814
-0.152748
-0.0971258
-0.145281
-0.0930659
-0.0913395
-0.0796193
-0.02491
-0.213938
-0.0822789
-0.0255603
-0.0767211
-0.0281528
-0.0751119
0.039243
-0.0132806
-0.0440853
0.125328
0.000732263
0.0896053
0.0724604
-0.0166293
0.0549045
-0.0859589
0.0866192
0.0545353
-0.111818
0.0358328
-0.0721053
-0.0619768
0.0465983
0.0291041
0.141066
-0.0125503
-0.0348157
0.0548718
0.0696293
0.0016926
-0.108584
0.0453557
0.0333476
0.0272471
0.0612993
-0.0518779
-0.13494
0.0991287
0.204765
0.130147
-0.00926867
0.197033
-0.0617135
-0.0535763
-0.143825
-0.0761336
-0.106257
0.0127015
-0.00256284
0.030461
-0.0295268
0.0786799
0.181475
-0.0346818
-0.0373853
0.110679
0.0353375
0.0949087
0.0290113
-0.0319076
0.0458817
0.000699498
-0.0651429
-0.0662386
-0.047955
0.0274025
0.12795
0.072052
0.138527
0.00584586
0.0701034
0.144465
0.12724
-0.143845
-0.0127873
-0.0488996
0.0975581
0.0674894
0.106841
0.0107169
-0.012609
0.0983278
0.161962
0.0390684
0.0945986
0.107499
0.161731
-0.0494459
0.0762249
0.16435
0.0655272
0.129099
0.117295
0.0527922
0.173954
-0.0211298
0.17643
0.059168
-0.0848543
0.0057684
0.128505
0.0448509
-0.000405579
-0.141744
-0.128061
-0.114991
-0.10711
0.0703158
-0.00390896
0.0402105
0.00972567
-0.0653784
0.0170318
0.0524543
0.0852948
0.0350625
-0.0575747
0.1295
-0.0158096
0.0963106
0.075456
0.0130113
-0.0246963
0.116926
-0.0476387
-0.188039
-0.145526
-0.0714383
-0.0175792
-0.0531158
-0.10815
-0.134768
0.0230782
-0.0613343
0.0906003
-0.0739396
-0.0386675
-0.0319047
-0.00137629
0.0277113
0.0284361
-0.02334
0.0102264
0.0149934
-0.161047
0.00964347
-0.0169851
0.00350862
0.00977777
-0.133667
0.121695
-0.0617106
-0.155964
0.132077
0.0199211
0.149949
0.131586
0.183409
0.0921553
0.210166
0.167452
0.17463
0.108292
0.0197703
0.0497649
0.0796534
0.174387
-0.0708292
0.0790993
-0.00316031
0.0986319
0.0428768
0.0393856
0.0242078
0.118394
0.160661
0.181736
0.175756
0.161304
0.0438096
0.116468
0.122339
-0.00871626
0.169769
0.084123
0.213317
0.178206
0.248415
0.109637
0.0594405
0.00357059
0.0914713
0.0610611
0.119222
0.113565
0.240005
0.152256
0.186083
0.09697
0.0891511
0.126894
-0.0892844
-0.0202309
0.107877
0.0104727
0.183746
0.0761345
0.0235209
0.160254
0.0945494
0.0368291
0.164527
0.111929
0.0817068
0.172944
0.135594
0.180607
-0.0578091
0.115176
0.155224
0.156398
0.0642058
0.00956144
0.0561169
0.124701
0.101482
0.159192
0.25968
0.12038
0.18391
-0.0774775
-0.0376444
-0.0103166
-0.0204961
0.0834303
0.0620381
0.256746
0.0111396
0.0650703
-0.0968887
0.172519
-0.166868
0.0641865
0.10143
0.137601
0.11725
0.0131697
0.0189685
-0.00466167
0.094493
-0.0422382
-0.0817298
0.073258
-0.021024
0.0719831
-0.0182885
0.0033656
0.133638
0.0240889
-0.00680967
0.0427176
0.13797
0.117975
0.070057
0.0739851
0.108406
-0.0181002
0.215386
0.192915
0.150541
-0.00876416
0.219132
0.000455978
0.243452
0.0141017
0.147033
0.0656827
0.27119
0.0550323
0.0550241
0.278444
0.102418
0.198005
0.198814
0.101202
0.0475148
0.141568
0.0722418
0.231922
0.141399
0.202873
0.044969
0.0807299
0.0511119
-0.0276861
0.0725506
-0.00298045
0.0391929
0.0924294
0.106709
0.100764
-0.0210568
0.225873
0.120088
0.156443
0.194189
0.241288
-0.0567146
0.114974
0.122007
-0.00948265
0.104172
0.274733
0.145157
0.176543
0.17125
0.236067
0.125251
0.0579201
0.0200555
0.0949684
0.100201
0.0439861
0.0771181
0.20284
0.179739
0.179827
0.0739351
0.0834243
0.0812156
0.00294945
0.114222
0.0793135
0.0445744
0.147816
0.0629203
0.221457
0.108029
0.134932
0.134571
0.100251
0.136688
0.0599494
0.0804821
0.153416
0.205297
0.1189
0.135924
0.167096
0.128425
0.142179
0.115007
0.0971499
0.0411158
0.109649
0.101907
0.143089
0.190825
0.183405
-0.0153959
0.101199
0.136626
0.12886
0.143644
0.0785165
0.250532
0.0731835
0.123929
0.0158462
0.0309298
0.0620485
0.0297381
-0.0127726
-0.00807703
0.0216036
0.00302053
-0.105006
0.0671452
0.186959
0.00355244
0.00592549
0.131094
0.177039
-0.00450516
0.120302
0.078185
0.0283283
-0.117444
0.0383017
-0.12247
-0.0207922
0.0411301
0.0218078
0.0726934
0.0917652
0.0464504
0.244612
0.113944
0.038462
0.0832638
0.0580745
0.128738
0.0398999
0.0752725
0.198256
0.072759
-0.0413075
0.237561
0.160508
0.166299
0.346526
0.26487
0.183899
0.269081
0.129923
0.182287
0.191103
0.133149
0.113476
-0.0236446
0.146811
0.122494
0.134866
0.163283
0.0618317
0.0653517
0.0301136
0.0278728
-0.0173585
-0.00977402
0.136845
0.15162
0.175677
0.0357794
0.00448623
0.0578724
-0.00210172
-0.0176306
0.157919
0.0693628
0.0987049
0.0823856
0.261747
0.247537
0.221992
0.188256
0.138748
0.102467
0.0254734
0.169069
0.0561904
0.175471
0.0914963
0.192376
0.147829
0.150114
0.131524
0.229733
0.172634
0.155093
-0.0585448
0.0549957
0.175206
0.0412547
0.0353492
0.0488943
0.071812
-0.0276478
0.0312146
0.165093
0.0577245
0.228624
0.172085
0.0777347
0.145962
0.0787824
-0.0234558
0.0749799
0.0999141
0.0395135
-0.0806929
0.021867
0.0187254
0.0984937
0.162
0.0684973
0.0107435
0.0392934
0.272393
0.096432
0.102524
0.0284506
0.225643
0.297496
0.20285
0.0920604
0.264414
0.0873111
0.148395
0.131774
0.105035
0.129811
0.162278
0.0145845
0.12023
0.0997801
0.0991321
0.19568
0.0732241
0.312092
0.117172
0.20101
0.135923
0.235051
0.188639
0.264808
0.195414
0.211843
0.334425
0.289879
0.255668
0.327224
0.247953
0.153605
0.193276
0.204538
0.206939
0.0903375
0.208702
0.22206
0.353795
0.184382
0.411736
0.389558
0.187616
0.245433
0.283582
0.179611
0.222969
0.266231
0.286903
0.15196
0.291845
0.413497
0.280473
0.388081
0.355348
0.32453
0.382618
0.270133
0.322343
0.253001
0.335465
0.222373
0.328345
0.225393
0.246187
0.184939
0.17334
0.0789083
0.126302
0.232592
0.0671179
0.118858
0.166819
0.028627
0.0796513
0.0903267
0.0475397
0.0947244
0.138429
0.222617
0.248159
0.301715
0.21915
0.0595417
0.2394
0.166227
0.178564
0.109545
0.151399
0.199256
0.04514
0.150678
0.135035
0.208764
0.187161
0.100838
0.190208
0.208366
0.222711
0.175715
0.0491336
0.157164
0.0344902
0.125824
0.0846475
0.0251153
0.0466936
0.047612
0.151939
0.141633
-0.0463533
0.148227
-0.130437
0.073834
0.112862
-0.0496212
0.0313261
0.260822
0.166242
0.152469
0.0386051
0.0925703
0.0213538
0.0770394
0.106236
0.0388259
-0.00485275
-0.059008
-0.0753753
0.0151618
-0.0728554
-0.0371044
-0.0374242
-0.0264356
0.0732221
0.107825
-0.00159689
0.149006
-0.0268609
0.0349075
-0.0802411
0.0699172
0.253568
-0.0112053
0.033211
0.0936579
0.0260166
0.0944121
0.0555765
0.134291
0.0496887
0.0918793
0.115523
0.234247
0.10773
0.185866
0.112662
0.205529
-0.120722
0.0318276
0.0932257
0.0492346
-0.00207803
0.0112406
0.0716568
0.0735595
-0.0789074
0.0499962
0.0417046
-0.0594446
-0.116722
-0.0968859
-0.0465552
-0.168352
0.0842992
0.0854992
0.0172157
0.00730587
0.00985753
0.0349183
0.0883563
0.113622
0.200626
0.2102
0.0441253
0.15224
0.0616039
0.0978169
0.0815288
0.10901
0.0965304
0.0344129
-0.0558993
-0.0523016
-0.129821
0.23877
0.0876033
0.0634967
-0.0716738
0.156245
0.0961621
0.124106
0.0331702
-0.00535353
0.141966
0.0750484
0.0499949
-0.0111593
0.0795187
0.072469
0.0556873
-0.105468
0.0347399
0.084093
0.0663616
0.0899573
0.00344346
0.0972129
-0.0384423
0.0288829
-0.0404841
0.0330787
0.0601365
-0.0237219
0.00984059
0.0205999
0.0194645
0.168796
0.0502313
0.0231841
-0.00991875
0.132459
0.0712787
-0.0544286
0.0985382
0.0405258
0.154854
0.207505
-0.0156443
0.126859
0.247791
0.204482
0.226676
0.168981
0.13746
0.0546591
0.0837603
0.247417
0.161838
0.073638
0.102284
0.0916513
0.15719
0.103993
0.0647082
0.0466498
0.139443
0.0730937
0.0990865
0.139407
0.0415288
0.143618
0.122378
0.182822
0.111577
0.23185
0.105251
0.0801095
0.0908167
0.114249
0.0395821
0.115886
0.0577306
0.179342
0.038194
0.175497
0.184849
0.220602
0.255462
0.156074
0.234717
0.172429
0.0268422
0.253418
0.327438
0.200348
0.120282
0.152787
0.0143135
-0.00830656
-0.100435
0.0208417
0.0511799
0.0740127
0.0847327
-0.000722925
0.219093
0.229898
0.210221
0.329915
0.385764
0.284728
0.0853102
0.197402
0.0858046
0.129139
0.306525
0.0855401
0.061914
0.166634
0.253566
0.22273
0.128038
0.315731
0.2655
0.253905
0.296836
0.205125
0.350783
0.325047
0.267093
0.246287
0.345089
0.479388
0.540755
0.261645
0.304615
0.301935
0.339919
0.362243
0.413785
0.255057
0.42175
0.402327
0.487679
0.398539
0.342337
0.601535
0.596184
0.496149
0.466089
0.354417
0.456614
0.586354
0.40681
0.479923
0.473885
0.511976
0.59076
0.433027
0.564729
0.30412
0.513336
0.673328
0.429294
0.352136
0.513896
0.602309
0.478764
0.30028
0.350904
0.390809
0.434623
0.364795
0.411703
0.482945
0.453834
0.52674
0.393696
0.158767
0.296742
0.233979
0.509385
0.351083
0.458773
0.357033
0.262261
0.243077
0.282179
0.341481
0.213518
0.123692
0.131645
0.252453
0.157517
0.302183
0.197932
0.223861
0.286222
0.228657
0.194753
0.332501
0.245564
0.147764
0.265704
0.196899
0.338529
0.335636
0.33843
0.246473
0.0842218
0.37546
0.243853
0.399901
0.287651
0.323364
0.184173
0.214509
0.249703
0.24998
0.182658
0.186518
0.303465
0.194052
0.257234
0.194156
0.138824
0.176742
0.437855
0.226792
0.203271
0.197829
0.22932
0.325959
0.21967
0.166181
0.200471
0.218327
0.138894
0.116432
-0.0398981
0.136568
0.214398
0.228876
0.176543
0.102456
0.0749822
0.148181
0.0261619
0.0523244
0.0945484
0.160834
0.0906418
0.049489
0.192049
0.079155
0.0847517
0.0743516
0.0746713
0.0660878
0.166781
0.123411
0.147803
-0.0101058
0.0664612
-0.0622515
0.092529
-0.00689284
-0.102238
-0.0934281
0.0708853
0.171749
0.135041
0.236433
0.0561339
0.0176732
-0.0657698
0.102834
-0.0234261
0.100549
0.176456
0.117394
0.0361781
-0.027466
0.0690478
0.145237
0.106978
0.18986
0.20537
0.0973683
0.172518
0.085542
0.140439
0.118131
0.151715
0.306367
0.384212
0.222934
0.315532
0.10523
0.017531
0.090641
0.130435
-0.0291091
0.0869844
0.0334831
0.161609
0.241624
0.114955
0.167378
0.147719
0.128359
0.268322
0.255732
0.275028
0.245038
0.22174
0.20514
0.302699
0.331251
0.388469
0.369037
0.332953
0.478704
0.45365
0.605242
0.523931
0.524531
0.563038
0.48888
0.451441
0.698287
0.51662
0.550035
0.611739
0.570894
0.508762
0.448445
0.560458
0.588128
0.506331
0.507151
0.598481
0.545561
0.578998
0.440523
0.703924
0.504213
0.449318
0.320669
0.336299
0.338919
0.4406
0.509503
0.535679
0.492095
0.484126
0.447258
0.489453
0.413093
0.373665
0.399341
0.513336
0.431867
0.364638
0.301484
0.328614
0.384063
0.272213
0.384664
0.192142
0.359076
0.275628
0.142377
0.162441
0.258712
0.264148
0.203238
0.142052
0.262004
0.284612
0.179407
0.20677
0.164275
0.278652
0.346411
0.246621
0.207183
0.328413
0.205426
0.215095
0.101346
0.173854
0.266934
0.210314
0.0679279
0.185255
0.10688
0.183001
0.359841
0.162439
0.215992
0.253435
0.28373
0.173901
0.00567489
0.298587
0.297943
0.300334
0.315002
0.378699
0.282742
0.418007
0.530675
0.415672
0.330928
0.329837
0.315665
0.320709
0.406537
0.220976
0.228892
0.193507
0.156281
0.394648
0.295834
0.318949
0.219036
0.24768
0.0696165
0.239721
0.225779
0.152192
0.295745
0.112603
-0.0286582
0.170106
0.137784
0.0691314
0.0899468
0.31359
0.20121
0.304345
0.296234
0.135399
0.0183985
0.148859
0.225411
0.0583273
0.0877576
0.0113133
-0.0118573
0.0490525
0.174976
0.277908
0.171029
0.0937554
0.168555
0.0147413
0.0994568
0.153446
-0.0618344
0.0632708
-0.0560639
0.0781864
0.135368
0.0879252
0.0115891
-0.0214346
0.160372
-0.0328949
-0.0456952
0.121855
0.0128499
-0.022362
-0.138749
-0.08576
-0.0559968
-0.0391687
0.079508
0.0212443
-0.0859868
-0.0543098
-0.0236933
-0.0238428
0.0774799
0.0816312
0.0603617
0.0915177
0.0493219
0.0182731
-0.0246238
-0.00742206
-0.10016
-0.00602612
0.0224688
0.0939276
0.0314398
-0.131845
-0.0246485
0.0151984
-0.0930693
-0.286767
-0.0206714
-0.00911329
-0.150687
-0.0485795
-0.0782169
0.0554239
-0.147496
-0.10572
-0.0934009
-0.0794557
0.0517753
-0.00832368
0.0280681
0.0533675
-0.145411
-0.105168
0.0492416
0.00958912
-0.0746449
-0.0364717
-0.00401444
-0.00715752
-0.0237703
0.128397
0.144604
0.0345999
0.0329896
0.0853597
0.0714978
0.0949801
-0.000223867
0.05807
0.0290105
0.177544
0.203129
0.135691
0.0813275
0.136722
0.15376
0.141172
0.0354436
0.0928084
-0.0021731
-0.0415084
-0.0790418
0.0143914
0.0269703
0.0523225
0.11966
0.0788318
-0.0663506
0.105168
0.110685
0.0257186
0.177303
0.0519573
-0.0196105
0.220798
0.174219
0.103845
-0.00269214
0.115401
0.0494861
0.147253
0.320505
0.193935
0.125026
0.0981913
0.267321
0.27472
0.179926
0.13114
0.249356
0.151592
0.157608
0.145601
0.189022
0.143788
0.0659657
0.123714
0.213017
0.167131
0.243131
0.249301
0.16441
0.130711
0.269007
0.0732884
0.127898
0.125482
0.0461189
0.0586686
0.154822
0.122317
0.060086
0.131833
0.0235788
0.116262
0.234854
0.154656
0.27458
0.178611
0.0375037
-0.0340832
0.0343838
0.065204
-0.0177375
-0.0115868
-0.0468323
0.0940537
0.137436
0.110915
0.0483953
-0.0229837
-0.0981366
0.104703
-0.0766564
0.0627241
-0.0185325
-0.111746
-0.163718
0.0748015
0.0955767
0.173944
0.110314
0.175658
0.0229059
0.0587287
0.0219528
0.0454018
0.0814795
-0.0334177
-0.026759
0.131876
-0.0353468
0.293992
0.199703
0.113923
0.206181
0.18571
0.190201
0.107153
0.248127
0.20292
0.0751898
0.025371
0.0861248
0.19701
0.0822426
0.033337
0.178931
0.166367
0.374571
0.223745
0.0240114
0.113187
0.249822
0.28348
0.256762
0.351863
0.187472
0.0411025
0.0359085
-0.000479928
0.0114378
-0.0927033
0.0253317
-0.0931896
0.0701057
-0.0537353
-0.0455619
-0.0549384
0.132493
-0.00419984
0.157796
0.105067
0.00911486
0.0504622
0.146849
0.124433
0.190694
0.00558601
0.0629327
0.0451538
0.0414537
0.0605362
0.103455
0.146853
-0.0979788
0.0296405
0.139631
-0.00523794
0.000683712
0.0506322
-0.0160648
-0.0576808
0.0578794
0.0875165
-0.0291027
0.144777
0.193043
0.0474308
0.240794
0.224258
0.210972
0.145751
0.206326
0.194463
0.00456074
0.274183
0.273734
0.307257
0.332514
0.380368
0.324007
0.286544
0.142909
0.324134
0.271066
0.312572
0.226306
0.315192
0.101625
0.135653
0.153632
0.360551
0.222332
0.0513497
0.0169534
0.168232
0.134772
0.220925
0.0857764
0.0974167
0.174323
0.365047
0.0913691
0.143753
0.132755
0.207716
0.129773
0.155779
0.219265
0.138969
0.180573
-0.158539
0.0313208
0.330885
0.234605
0.175509
0.191143
0.0588801
0.0899003
0.10553
-0.0273486
-0.0293084
-0.155516
-0.264603
-0.0972847
-0.114139
-0.200693
-0.21493
-0.356372
-0.200168
-0.308242
-0.251271
-0.129923
-0.0879113
-0.0106719
-0.160934
-0.238534
-0.131782
-0.177694
-0.246896
-0.220872
-0.380259
-0.239666
-0.181493
-0.219656
-0.314767
-0.352785
-0.405701
-0.347009
-0.334861
-0.151434
-0.0873229
-0.239431
-0.253644
-0.352704
-0.248802
-0.262902
-0.234454
-0.327236
-0.281828
-0.333695
-0.14669
-0.351709
-0.268183
-0.29736
-0.261857
-0.456202
-0.515661
-0.520436
-0.216836
-0.366902
-0.248023
-0.605898
-0.373842
-0.317995
-0.310227
-0.206405
-0.275564
-0.323411
-0.351735
-0.205082
-0.450841
-0.311998
-0.218797
-0.444304
-0.41485
-0.434913
-0.359984
-0.297267
-0.449587
-0.339895
-0.206437
-0.307147
-0.234299
-0.32539
-0.356512
-0.454123
-0.583724
-0.46848
-0.56981
-0.518536
-0.540943
-0.560977
-0.380588
-0.332907
-0.28429
-0.420209
-0.280315
-0.259044
-0.268037
-0.338722
-0.416554
-0.318434
-0.29194
-0.426762
-0.383712
-0.292362
-0.381016
-0.377221
-0.380746
-0.39893
-0.406577
-0.352358
-0.401986
-0.467847
-0.49705
-0.385692
-0.502918
-0.47408
-0.406252
-0.40649
-0.490882
-0.543085
-0.51828
-0.565848
-0.446227
-0.408077
-0.499236
-0.496135
-0.615591
-0.613132
-0.716361
-0.624633
-0.657393
-0.708621
-0.53169
-0.726665
-0.670628
-0.747708
-0.784665
-0.686752
-0.706316
-0.613834
-0.564228
-0.470099
-0.536527
-0.39064
-0.588796
-0.631564
-0.502264
-0.436664
-0.588887
-0.472613
-0.606046
-0.678878
-0.773798
-0.683509
-0.737836
-0.532553
-0.518297
-0.657417
-0.576849
-0.426242
-0.490726
-0.559934
-0.541171
-0.492656
-0.363911
-0.621376
-0.551946
-0.518231
-0.569105
-0.537389
-0.411197
-0.53324
-0.607678
-0.679497
-0.591038
-0.54085
-0.392048
-0.551469
-0.60839
-0.552792
-0.623477
-0.605512
-0.646881
-0.576987
-0.688926
-0.599819
-0.696006
-0.575922
-0.723233
-0.662169
-0.575465
-0.542281
-0.574939
-0.730648
-0.564591
-0.563664
-0.626259
-0.636058
-0.577546
-0.726144
-0.643872
-0.680059
-0.60141
-0.485426
-0.442877
-0.445695
-0.481976
-0.369589
-0.498439
-0.430354
-0.326923
-0.434002
-0.386325
-0.4776
-0.404459
-0.501317
-0.474119
-0.606109
-0.332325
-0.432931
-0.598329
-0.335655
-0.493221
-0.492132
-0.3648
-0.403433
-0.526079
-0.384774
-0.636618
-0.577379
-0.400953
-0.481129
-0.373672
-0.673931
-0.611567
-0.559685
-0.57357
-0.476423
-0.615484
-0.674847
-0.537256
-0.68654
-0.549469
-0.506384
-0.590923
-0.486255
-0.448792
-0.267582
-0.498102
-0.491996
-0.56933
-0.672939
-0.388641
-0.595627
-0.538272
-0.564195
-0.462795
-0.379213
-0.422691
-0.43052
-0.480085
-0.496877
-0.596797
-0.444056
-0.537053
-0.625342
-0.599473
-0.423476
-0.676516
-0.512962
-0.517732
-0.562193
-0.709562
-0.698961
-0.684046
-0.697371
-0.775886
-0.815458
-0.726677
-0.765395
-0.821799
-0.714867
-0.760891
-0.575115
-0.816356
-0.726553
-0.824954
-0.644782
-0.734835
-0.762967
-0.672011
-0.621268
-0.763484
-0.705668
-0.705092
-0.848271
-0.781362
-0.736979
-0.768986
-0.761811
-0.716166
-0.74993
-0.764143
-0.660366
-0.674104
-0.834588
-0.635404
-0.768239
-0.703666
-0.696077
-0.639784
-0.572959
-0.713083
-0.60229
-0.433733
-0.3638
-0.448355
-0.483603
-0.499324
-0.438761
-0.510268
-0.554198
-0.500235
-0.558728
-0.535173
-0.510969
-0.412297
-0.469864
-0.558158
-0.610464
-0.598947
-0.562157
-0.551188
-0.541969
-0.535995
-0.456858
-0.320691
-0.496479
-0.545244
-0.424492
-0.348186
-0.325148
-0.334497
-0.276666
-0.402744
-0.231821
-0.300481
-0.227526
-0.119585
-0.319341
-0.258553
-0.408646
-0.338991
-0.366991
-0.375206
-0.400075
-0.347612
-0.199669
-0.306003
-0.279991
-0.353903
-0.397611
-0.273103
-0.243123
-0.417348
-0.384754
-0.143008
-0.248116
-0.32249
-0.250715
-0.336553
-0.308673
-0.331919
-0.269552
-0.276646
-0.265062
-0.470851
-0.271536
-0.403155
-0.36573
-0.408283
-0.125997
-0.29957
-0.0303528
-0.126255
-0.157397
-0.0802066
-0.119167
-0.178948
-0.201522
-0.34151
-0.224767
-0.0283536
-0.0787801
-0.109057
-0.189557
-0.227454
-0.198995
-0.336147
-0.214149
-0.31034
-0.256822
-0.118909
-0.177811
-0.161314
-0.24048
-0.315233
-0.0594786
-0.279586
-0.258495
-0.203887
-0.348761
-0.389423
-0.309454
-0.138898
-0.227243
-0.35331
-0.276229
-0.36885
-0.284197
-0.0873859
-0.305071
-0.224355
-0.0794505
-0.0444794
-0.281018
-0.204171
-0.0451877
-0.203206
-0.178547
-0.112476
-0.0710921
-0.201791
-0.101757
-0.0159812
-0.122043
-0.15324
-0.0468479
-0.133654
-0.193923
-0.162075
-0.0424682
-0.250475
-0.200652
-0.247368
-0.199112
-0.300483
-0.121564
-0.0749706
-0.121404
-0.118285
-0.121192
-0.15803
-0.192157
-0.250175
-0.0606183
-0.125601
-0.143841
-0.185279
-0.20263
-0.0287122
-0.0240459
-0.164684
-0.114079
0.00281964
-0.0460673
-0.00907392
-0.0467444
0.0419352
0.0711331
-0.0334664
-0.186
-0.0792706
0.111309
-0.354698
-0.0408157
-0.190291
-0.218832
-0.215267
-0.273135
-0.212191
-0.0851921
-0.20915
-0.297546
-0.267279
-0.242048
-0.326036
-0.178988
-0.157758
-0.178407
-0.119604
-0.0735493
-0.0359593
-0.140706
-0.0533142
-0.179081
-0.216965
-0.233953
-0.188266
-0.22414
0.000487129
-0.0948105
-0.248661
-0.373835
-0.23645
-0.147697
-0.0950535
-0.120098
-0.115467
-0.138834
-0.0508282
-0.112894
-0.204001
-0.155452
-0.127107
-0.269793
0.00704409
-0.0171263
-0.0592733
0.00454221
0.105762
-0.197807
-0.156228
-0.103013
-0.108697
-0.14743
-0.0833067
-0.133254
-0.143722
-0.246589
-0.23427
-0.100908
-0.274388
-0.274905
-0.223609
-0.133769
-0.0655692
-0.0841839
-0.206589
-0.19023
-0.0725839
-0.122472
-0.118716
-0.247399
-0.12828
-0.240758
-0.161053
-0.272457
-0.258869
-0.292212
-0.238297
-0.267495
-0.249979
-0.445019
-0.325897
-0.380843
-0.614194
-0.331608
-0.401175
-0.377053
-0.436332
-0.470435
-0.423096
-0.530441
-0.576997
-0.375079
-0.478036
-0.490747
-0.687299
-0.643442
-0.658553
-0.558089
-0.630085
-0.379847
-0.631414
-0.46655
-0.636393
-0.594435
-0.668683
-0.486837
-0.454867
-0.537442
-0.553554
-0.663701
-0.625251
-0.649011
-0.423533
-0.525415
-0.6357
-0.60354
-0.600172
-0.529779
-0.532042
-0.533229
-0.619681
-0.67245
-0.624262
-0.7582
-0.654342
-0.702803
-0.818545
-0.764565
-0.742196
-0.632754
-0.677534
-0.517719
-0.79476
-0.648395
-0.73949
-0.844735
-0.70272
-0.670556
-0.687488
-0.717968
-0.524468
-0.823336
-0.699625
-0.795986
-0.889847
-0.889136
-0.877457
-0.841997
-0.809668
-0.770002
-1.03565
-1.17362
-0.974381
-0.769307
-0.866065
-0.8808
-0.912279
-1.00209
-0.884623
-1.02915
-1.04072
-1.03769
-1.05498
-1.00134
-0.93406
-0.89374
-1.01272
-0.876446
-1.12412
-1.06522
-1.11891
-0.916947
-0.955117
-1.02446
-0.929605
-1.03372
-1.02618
-0.940456
-0.974146
-0.972691
-1.01191
-0.964156
-0.982912
-1.09211
-0.944235
-1.04626
-1.27938
-1.19409
-1.25249
-1.27224
-1.35968
-1.31794
-1.38677
-1.29434
-1.2781
-1.22051
-1.23509
-1.24185
-1.20801
-1.22051
-1.16336
-1.06199
-1.06247
-1.06528
-1.02331
-0.990319
-1.12408
-1.12202
-1.15437
-1.24884
-1.1696
-1.23861
-1.30089
-1.22376
-1.37167
-1.22843
-1.37834
-1.37452
-1.49743
-1.46536
-1.41544
-1.3682
-1.35872
-1.36505
-1.41479
-1.43835
-1.49685
-1.47476
-1.39544
-1.5044
-1.50584
-1.56769
-1.56472
-1.49875
-1.52438
-1.45509
-1.62971
-1.6301
-1.65238
-1.41609
-1.62083
-1.75022
-1.67908
-1.61257
-1.62098
-1.75411
-1.87017
-1.67713
-1.75777
-1.79562
-1.78968
-1.86087
-1.74756
-1.8897
-1.73432
-1.86759
-1.89595
-1.82836
-1.83607
-1.85279
-1.85057
-1.78911
-1.82861
-1.77087
-1.87626
-1.82917
-1.67935
-1.63149
-1.79526
-1.77036
-1.69926
-1.93242
-1.83196
-1.87559
-1.85852
-1.89609
-1.97319
-1.83106
-1.90581
-1.80389
-1.8604
-1.91829
-1.82658
-1.99211
-2.00993
-1.83932
-1.84177
-1.88789
-1.71127
-1.92812
-1.96675
-2.01413
-1.91792
-1.87841
-1.80683
-1.87516
-1.88265
-2.01227
-1.79313
-1.87219
-1.78155
-1.80881
-1.84978
-1.77652
-1.76473
-1.85517
-1.61641
-1.66928
-1.89867
-1.89995
-1.8422
-1.83806
-1.64464
-1.72716
-1.62317
-1.73566
-1.62598
-1.88889
-1.70226
-1.76488
-1.74172
-1.67351
-1.73916
-1.63865
-1.7735
-1.74396
-1.76222
-1.86323
-1.76419
-1.72172
-1.83888
-1.8775
-2.04096
-1.89417
-1.89016
-1.86759
-1.91053
-1.86513
-2.10485
-1.95001
-1.90282
-1.91817
-1.89798
-1.92861
-2.01712
-2.01382
-2.15714
-2.051
-2.026
-2.18767
-2.32064
-2.44868
-2.32612
-2.3653
-2.37911
-2.34863
-2.2812
-2.44575
-2.34039
-2.29221
-2.33704
-2.41147
-2.3567
-2.437
-2.52677
-2.51454
-2.72388
-2.54221
-2.54712
-2.65027
-2.57944
-2.55252
-2.71579
-2.57791
-2.62659
-2.61052
-2.57083
-2.55008
-2.60449
-2.5642
-2.70036
-2.49863
-2.56005
-2.47364
-2.44124
-2.47529
-2.34128
-2.49232
-2.5216
-2.41875
-2.38677
-2.429
-2.33633
-2.25472
-2.34466
-2.19062
-2.19338
-2.28226
-2.20121
-2.25952
-2.15946
-2.32782
-2.24917
-2.32147
-2.173
-2.26214
-2.10834
-2.14169
-2.24247
-2.21052
-2.24855
-2.28806
-2.23851
-2.15863
-2.16433
-1.89111
-2.03636
-1.98338
-1.98943
-2.19044
-1.84842
-1.88803
-1.88816
-1.9023
-1.82538
-1.80532
-1.87682
-1.87317
-1.79597
-1.86056
-1.98843
-1.88193
-1.8916
-1.99186
-2.03392
-2.10707
-2.04547
-2.01755
-2.11109
-1.97181
-1.85333
-2.08652
-2.07586
-2.01397
-1.93389
-2.05438
-1.93439
-1.95953
-2.00367
-1.99053
-1.90642
-1.89824
-1.80404
-1.90233
-1.80147
-1.74694
-1.76576
-1.71389
-1.7768
-1.74207
-1.80412
-1.78666
-1.65098
-1.66092
-1.56535
-1.49975
-1.53597
-1.5306
-1.34017
-1.4041
-1.37423
-1.37751
-1.23693
-1.30641
-1.32288
-1.37089
-1.14651
-1.2461
-1.16682
-1.40698
-0.972338
-1.20673
-1.04839
-1.04448
-1.13445
-1.08406
-1.15556
-1.08785
-1.08058
-1.05169
-1.01323
-0.989708
-1.0189
-1.18607
-0.963276
-1.09578
-1.2045
-1.00084
-0.988732
-1.10826
-1.04287
-1.0018
-0.895658
-0.991837
-0.817518
-0.921558
-0.770001
-0.873172
-0.91645
-0.889591
-0.709502
-0.731331
-0.660032
-0.507958
-0.731089
-0.731075
-0.580308
-0.765407
-0.91248
-0.762208
-0.737314
-0.724422
-0.776595
-0.770561
-0.667617
-0.804067
-0.794465
-0.712248
-0.789167
-0.802849
-0.720392
-0.67381
-0.735942
-0.737551
-0.894878
-0.893989
-0.915945
-0.818612
-1.05368
-0.862432
-0.887253
-0.962551
-1.0263
-1.17974
-1.03063
-1.03634
-0.989105
-1.18219
-1.00579
-1.09518
-1.07086
-1.04139
-1.04233
-0.949217
-0.926446
-1.24305
-1.11756
-1.16079
-1.19467
-1.18339
-1.16303
-1.00982
-1.10508
-1.11984
-1.04124
-1.11406
-1.13223
-1.19059
-1.15692
-1.09822
-1.19362
-1.12839
-1.24066
-1.06467
-1.09099
-1.11493
-1.13492
-1.13008
-0.968782
-1.12441
-1.00462
-1.07102
-1.11988
-1.23232
-1.078
-0.978636
-0.992217
-0.786931
-0.836957
-0.738974
-0.799469
-0.892923
-0.835228
-0.832868
-0.818534
-0.976528
-0.966529
-1.03696
-1.03767
-0.990939
-1.18495
-1.29628
-1.03233
-1.18866
-1.11532
-1.17649
-1.13764
-0.944966
-1.0687
-0.966412
-1.03362
-1.33065
-1.14055
-0.850944
-1.14612
-1.00784
-1.07941
-0.912198
-1.07676
-1.04262
-0.998629
-0.881745
-1.067
-1.18045
-0.987439
-1.01925
-1.04739
-1.17301
-1.1419
-1.09696
-1.10029
-1.13307
-1.18649
-1.1229
-1.1277
-1.0943
-1.26224
-1.11088
-1.06432
-1.35925
-1.28638
-1.31468
-1.30084
-1.31929
-1.26148
-1.21424
-1.23592
-1.2533
-1.23945
-1.21675
-1.26561
-1.28632
-1.41159
-1.35219
-1.21232
-1.31544
-1.22235
-1.29639
-1.13559
-1.34853
-1.22972
-1.26617
-1.29019
-1.30366
-1.23056
-1.10409
-1.40247
-1.25084
-1.2204
-1.36865
-1.17664
-1.14377
-1.17568
-1.05991
-1.16202
-1.22413
-1.10225
-1.27723
-1.28009
-1.33473
-1.32299
-1.22849
-1.33652
-1.3911
-1.42624
-1.39559
-1.38743
-1.49304
-1.30772
-1.24396
-1.34459
-1.28892
-1.40293
-1.38619
-1.20605
-1.41736
-1.25884
-1.31469
-1.13851
-1.29838
-1.20239
-1.06978
-1.19907
-1.15395
-1.21233
-1.08926
-1.12132
-1.19084
-1.01105
-1.15848
-1.08508
-1.14287
-1.05669
-1.13205
-1.2357
-1.11334
-1.07134
-1.02779
-1.16416
-0.973518
-1.20791
-1.22731
-1.13811
-1.30287
-1.17509
-1.13605
-1.23058
-1.20844
-1.16093
-1.12798
-1.41008
-1.2964
-1.44736
-1.41044
-1.26146
-1.41635
-1.30302
-1.36966
-1.194
-1.36381
-1.15417
-1.31749
-1.31411
-1.21051
-1.13514
-1.01468
-1.24334
-1.17446
-0.999852
-0.964813
-1.13978
-1.043
-1.06512
-0.87001
-1.00597
-0.943471
-0.821103
-0.955508
-0.885933
-0.911826
-0.939416
-0.848508
-0.960319
-0.804815
-0.916255
-1.1188
-1.17488
-1.20724
-1.06045
-1.17024
-1.20634
-1.02649
-1.06642
-1.16809
-0.971669
-1.02822
-1.18392
-1.15557
-1.17464
-1.1759
-1.14259
-1.22284
-1.11516
-1.2422
-1.18578
-1.19536
-1.1159
-1.22509
-1.18148
-1.18987
-1.17556
-1.0141
-1.22833
-1.18002
-1.28457
-1.28081
-1.31747
-1.29959
-1.22089
-1.26277
-1.17681
-1.17671
-1.28516
-1.29283
-1.33154
-1.37453
-1.3657
-1.24005
-1.13753
-1.20333
-1.19974
-1.19173
-1.04443
-1.18536
-1.07873
-1.27603
-1.3444
-1.19912
-1.22806
-1.14326
-1.21478
-1.2952
-1.2834
-1.22306
-1.29256
-1.35936
-1.35389
-1.31693
-1.27379
-1.13921
-1.11449
-1.17675
-1.14165
-1.0898
-1.14531
-1.2348
-1.26841
-1.32065
-1.23521
-1.25461
-1.3117
-1.24195
-1.25223
-1.32138
-1.21771
-1.19456
-1.44342
-1.23762
-1.31492
-1.2868
-1.31328
-1.32979
-1.38623
-1.42474
-1.44909
-1.45845
-1.40074
-1.38644
-1.47823
-1.46251
-1.25347
-1.54391
-1.52081
-1.4312
-1.32076
-1.42355
-1.64487
-1.66614
-1.55862
-1.66444
-1.70613
-1.74104
-1.62859
-1.48977
-1.45774
-1.32149
-1.33567
-1.3779
-1.46298
-1.1807
-1.41447
-1.33751
-1.41011
-1.25643
-1.34211
-1.37161
-1.41739
-1.20662
-1.17101
-1.05885
-1.15973
-1.12061
-1.22477
-1.1884
-1.1836
-1.31742
-1.22658
-1.23632
-1.37369
-1.43409
-1.40733
-1.34513
-1.40248
-1.29715
-1.4117
-1.35663
-1.37101
-1.2777
-1.24611
-1.2539
-1.31584
-1.28485
-1.21443
-1.16561
-1.41568
-1.18181
-1.33876
-1.25578
-1.19848
-1.35593
-1.21818
-1.03906
-1.2917
-1.10366
-1.24013
-1.05396
-1.3385
-1.28038
-1.14945
-1.12998
-1.08206
-1.1088
-1.05899
-1.1786
-1.20995
-1.14115
-1.25598
-1.16023
-1.27395
-1.30597
-1.32229
-1.23305
-1.17125
-1.21007
-1.30778
-1.15675
-1.08413
-1.12971
-1.17049
-1.12699
-1.18701
-1.12119
-1.08851
-1.10194
-1.13497
-1.18694
-1.18715
-1.3244
-1.23737
-1.14861
-1.19821
-1.2465
-1.16004
-1.07336
-1.13892
-1.07519
-1.16866
-1.21317
-1.04665
-1.06208
-0.963991
-1.03931
-0.89421
-0.934909
-1.01506
-0.891346
-1.03651
-1.06234
-0.912341
-0.914881
-0.89797
-0.809319
-0.870084
-0.834308
-0.875292
-0.897029
-0.63984
-0.802831
-0.978033
-1.02105
-0.817981
-0.827707
-0.675465
-0.795236
-0.896891
-0.987458
-0.873984
-0.923687
-0.791239
-0.928896
-1.06103
-1.00794
-0.872925
-1.00591
-1.00846
-0.883403
-0.848878
-0.893809
-0.850256
-1.00809
-1.0427
-1.127
-1.00363
-0.959506
-0.945543
-1.12033
-1.19163
-1.06042
-1.16773
-1.15789
-1.06766
-0.914377
-1.03878
-1.07975
-0.987495
-0.829107
-1.04273
-1.03276
-1.08847
-0.991782
-0.959645
-1.08485
-1.21382
-1.10815
-1.33814
-1.24185
-1.22771
-1.0703
-0.987754
-0.989554
-1.22172
-0.976634
-0.954768
-1.04407
-1.16019
-0.992921
-0.973253
-0.894671
-0.999416
-1.03483
-1.2467
-1.2181
-1.14976
-1.25556
-1.39845
-1.21424
-1.24843
-1.45028
-1.37673
-1.26545
-1.32514
-1.471
-1.1705
-1.24997
-1.18711
-1.29698
-1.27325
-1.22994
-1.33931
-1.21734
-1.16541
-1.01712
-1.03104
-1.06209
-1.19448
-1.16567
-1.39251
-1.38164
-1.27057
-1.1928
-1.26574
-1.26088
-1.13573
-1.29414
-1.35747
-1.20408
-1.23241
-1.03868
-1.14414
-0.948595
-0.949473
-0.97046
-0.971724
-1.12851
-1.08304
-1.30725
-1.22211
-1.19862
-1.16764
-1.2729
-1.30744
-1.30069
-1.35321
-1.51755
-1.35825
-1.46079
-1.41705
-1.27077
-1.32002
-1.3245
-1.27367
-1.31544
-1.35564
-1.23337
-1.29176
-1.24405
-1.15483
-1.17926
-1.13704
-1.03604
-0.90509
-0.831894
-1.01341
-0.797493
-0.978525
-0.761341
-0.90033
-0.810747
-0.802278
-0.728257
-0.80194
-0.74415
-0.746567
-0.789284
-0.850186
-0.937116
-0.764224
-0.951248
-0.843465
-0.898001
-1.02774
-0.990509
-0.993382
-0.940199
-0.801221
-0.814239
-0.981668
-0.953176
-0.973484
-1.08993
-1.06615
-0.931335
-0.896435
-0.923007
-0.932144
-0.806086
-0.878324
-0.72555
-0.736984
-0.887448
-0.890197
-0.959866
-0.857176
-0.663874
-0.759779
-0.765342
-0.793236
-0.685799
-0.602208
-0.671749
-0.748607
-0.505414
-0.612381
-0.684318
-0.655575
-0.678638
-0.689837
-0.797062
-0.866535
-0.810136
-0.640056
-0.714824
-0.847492
-0.894666
-0.746814
-0.798935
-0.890968
-0.885182
-0.771687
-0.745018
-0.834709
-0.825818
-0.837338
-0.734842
-0.662588
-0.63568
-0.57874
-0.745458
-0.773761
-0.76917
-0.776877
-0.742754
-0.688742
-0.689324
-0.689963
-0.702762
-0.636087
-0.751027
-0.604043
-0.818284
-0.620197
-0.747248
-0.70266
-0.550864
-0.730259
-0.733147
-0.68751
-0.765027
-0.64347
-0.745578
-0.53452
-0.62159
-0.637282
-0.8521
-0.716137
-0.713683
-0.748867
-0.761243
-0.838348
-0.617178
-0.652496
-0.730665
-0.634983
-0.766985
-0.698605
-0.566146
-0.654808
-0.385515
-0.606917
-0.584931
-0.664009
-0.623968
-0.628481
-0.673496
-0.545673
-0.670121
-0.683699
-0.895416
-0.758155
-0.807909
-0.836022
-0.848311
-0.776105
-0.913191
-0.946775
-0.710747
-0.630702
-0.559804
-0.841544
-0.926022
-0.674204
-0.83747
-0.752922
-0.831155
-0.667522
-0.69973
-0.618647
-0.720112
-0.582884
-0.670805
-0.751098
-0.851036
-0.9142
-0.7954
-0.87528
-0.982346
-0.817223
-0.929306
-0.848131
-1.10148
-1.06486
-0.925071
-1.00182
-1.09673
-1.01956
-1.04023
-0.954129
-1.09312
-0.796903
-0.886963
-0.915535
-0.7125
-0.857406
-1.10505
-1.02415
-0.823188
-0.940383
-0.817886
-0.927499
-0.948554
-1.03919
-0.989704
-0.981299
-1.03363
-0.942974
-0.906684
-0.855059
-1.04333
-0.970307
-0.883793
-0.956923
-0.848158
-1.00057
-0.892989
-1.05477
-0.896675
-0.960066
-0.803376
-0.87021
-0.962236
-0.854369
-0.839088
-0.878071
-0.78959
-0.801913
-0.890822
-0.805666
-0.648148
-0.720893
-0.659921
-0.76164
-0.766858
-0.747132
-0.717448
-0.655122
-0.742009
-0.770038
-0.656339
-0.674017
-0.633196
-0.778319
-0.73753
-0.653173
-0.647268
-0.594605
-0.697602
-0.775488
-0.64499
-0.623703
-0.599816
-0.631502
-0.631647
-0.830677
-0.746776
-0.762721
-0.690603
-0.847256
-0.684742
-0.63599
-0.666384
-0.764612
-0.717015
-0.711202
-0.633787
-0.577121
-0.51694
-0.596772
-0.663081
-0.715989
-0.735844
-0.581564
-0.37156
-0.495317
-0.408921
-0.460024
-0.626873
-0.578123
-0.659547
-0.643404
-0.595915
-0.680695
-0.547968
-0.704717
-0.687678
-0.588894
-0.633447
-0.554048
-0.713511
-0.559537
-0.596944
-0.482212
-0.625529
-0.67713
-0.703526
-0.552113
-0.60338
-0.644375
-0.638525
-0.744564
-0.666767
-0.498822
-0.435727
-0.433265
-0.503143
-0.364981
-0.205066
-0.443131
-0.463794
-0.540118
-0.264309
-0.396711
-0.368198
-0.405867
-0.515665
-0.471948
-0.494675
-0.293334
-0.464369
-0.523578
-0.329141
-0.438348
-0.435656
-0.705377
-0.589903
-0.605001
-0.593699
-0.637395
-0.604731
-0.668195
-0.685882
-0.575946
-0.725625
-0.537408
-0.623038
-0.517535
-0.483587
-0.545624
-0.639782
-0.49886
-0.557487
-0.499067
-0.614002
-0.538513
-0.553639
-0.681152
-0.697966
-0.627807
-0.617426
-0.373005
-0.576964
-0.470273
-0.62787
-0.65099
-0.557266
-0.424694
-0.606663
-0.45303
-0.435941
-0.544593
-0.501807
-0.471079
-0.380027
-0.340341
-0.553055
-0.569203
-0.479803
-0.563165
-0.301756
-0.46375
-0.422456
-0.152031
-0.476957
-0.413957
-0.401886
-0.302283
-0.212539
-0.301345
-0.164954
-0.214136
-0.261881
-0.440283
-0.503724
-0.386717
-0.54781
-0.616347
-0.492647
-0.553096
-0.546253
-0.43715
-0.381832
-0.39142
-0.439775
-0.513076
-0.559874
-0.6632
-0.511863
-0.513185
-0.458555
-0.558071
-0.489793
-0.547836
-0.448534
-0.319422
-0.498656
-0.523569
-0.345622
-0.280289
-0.423092
-0.312416
-0.264784
-0.506679
-0.461524
-0.281389
-0.376523
-0.4821
-0.41245
-0.394078
-0.306013
-0.515234
-0.474505
-0.398709
-0.518491
-0.474257
-0.503808
-0.387588
-0.526692
-0.324996
-0.378906
-0.460323
-0.380691
-0.354281
-0.694975
-0.473359
-0.520031
-0.69129
-0.536075
-0.795558
-0.555725
-0.684778
-0.565491
-0.629738
-0.557795
-0.607471
-0.634414
-0.438346
-0.555783
-0.644825
-0.478125
-0.481217
-0.576097
-0.42802
-0.410165
-0.399973
-0.399458
-0.387514
-0.336991
-0.483493
-0.554958
-0.374334
-0.560214
-0.510612
-0.560729
-0.394743
-0.387141
-0.500378
-0.614708
-0.711956
-0.742529
-0.691945
-0.720731
-0.720584
-0.728459
-0.808141
-0.590318
-0.805222
-0.659237
-0.456649
-0.701024
-0.543527
-0.532482
-0.658428
-0.618207
-0.505138
-0.602684
-0.542918
-0.491389
-0.42304
-0.48866
-0.607969
-0.52651
-0.532286
-0.529196
-0.621743
-0.528202
-0.696496
-0.641376
-0.609216
-0.451304
-0.413942
-0.507759
-0.644085
-0.641277
-0.642155
-0.565572
-0.571302
-0.64181
-0.523768
-0.668291
-0.700766
-0.665421
-0.626402
-0.706708
-0.342435
-0.35771
-0.413199
-0.555725
-0.236232
-0.411703
-0.486804
-0.399002
-0.606752
-0.618159
-0.470983
-0.52682
-0.415245
-0.500157
-0.491153
-0.484853
-0.401388
-0.620148
-0.585643
-0.49045
-0.433109
-0.347351
-0.372915
-0.395458
-0.437454
-0.381626
-0.497726
-0.552071
-0.372913
-0.649289
-0.470006
-0.373062
-0.398229
-0.298997
-0.509379
-0.543452
-0.522324
-0.530512
-0.560122
-0.51159
-0.459531
-0.511504
-0.535688
-0.40973
-0.525222
-0.338178
-0.470888
-0.610086
-0.493987
-0.69247
-0.488426
-0.405319
-0.667315
-0.597676
-0.4947
-0.581305
-0.42161
-0.681577
-0.557432
-0.566926
-0.552418
-0.603238
-0.689224
-0.691901
-0.679798
-0.689668
-0.6614
-0.590293
-0.51548
-0.550536
-0.518735
-0.542735
-0.563627
-0.600134
-0.66276
-0.606987
-0.600667
-0.665566
-0.574561
-0.503617
-0.51178
-0.497483
-0.574266
-0.651851
-0.804686
-0.463588
-0.532817
-0.521644
-0.38291
-0.607557
-0.340442
-0.27756
-0.413096
-0.423738
-0.319762
-0.399988
-0.32387
-0.352011
-0.332846
-0.291688
-0.131977
-0.05342
-0.0741915
-0.0719925
-0.0978601
-0.0432377
-0.162464
-0.178924
-0.210937
0.0372013
-0.131875
-0.10194
-0.0988406
-0.148085
-0.184238
-0.0650995
0.167157
0.171018
0.0581756
-0.139365
-0.131055
-0.0801995
0.00694208
-0.158868
-0.0776281
-0.171846
-0.216025
-0.149277
-0.0479231
-0.148086
-0.250118
-0.128514
-0.0826801
-0.164773
-0.129719
-0.0709954
-0.22482
-0.151515
-0.0205774
-0.0123891
-0.0767889
-0.0872968
-0.0564759
-0.240893
-0.179825
-0.130649
-0.261184
-0.309829
-0.21863
-0.302474
-0.216639
-0.313223
-0.35053
-0.262137
-0.18352
-0.172275
-0.328845
-0.0245528
-0.130616
-0.310736
-0.500733
-0.481392
-0.334979
-0.215506
-0.0485654
-0.260389
-0.145138
-0.138919
-0.263714
-0.103066
-0.174469
-0.0879474
-0.258743
-0.215508
-0.122146
-0.180988
-0.15537
-0.295263
-0.193571
-0.0552258
-0.225852
-0.236239
-0.265887
-0.232008
-0.424093
-0.545875
-0.295199
-0.529974
-0.423206
-0.260824
-0.269631
-0.134851
-0.0564432
-0.267294
-0.232802
-0.229323
-0.235471
-0.165503
-0.30048
-0.418091
-0.309753
-0.139068
-0.212746
-0.22202
-0.265422
-0.341347
-0.342482
-0.182554
-0.312542
-0.331691
-0.183851
-0.193041
-0.127884
-0.362273
-0.198703
-0.235838
-0.187135
0.0263055
-0.0438913
-0.0509671
0.0738139
0.0792851
-0.00317923
-0.151349
0.00610637
-0.119669
-0.0186193
-0.124498
-0.0964379
-0.174386
-0.225371
-0.148104
-0.190216
-0.162855
0.0073
-0.0266373
-0.140807
-0.244414
-0.116656
-0.204681
-0.026095
-0.0804794
-0.150829
-0.110628
-0.00363641
-0.0534111
0.0291461
0.0315365
-0.0198922
0.0415523
-0.0150541
0.155608
0.104335
0.0876829
-0.105166
0.083687
-0.0960918
-0.0565905
-0.05314
-0.0897849
-0.0790804
-0.166539
-0.0457876
-0.0381403
-0.0749264
-0.122337
-0.355009
-0.408254
-0.404673
-0.33192
-0.309474
-0.367953
-0.339179
-0.205952
-0.340212
-0.31853
-0.332053
-0.123231
-0.179079
-0.279686
-0.219045
-0.379447
-0.0529934
-0.287326
-0.209234
-0.235368
-0.13816
-0.224353
-0.281746
-0.394955
-0.390563
-0.20903
-0.24218
-0.219591
-0.381098
-0.147308
-0.202359
-0.234723
-0.285756
-0.430182
-0.258099
-0.234819
-0.316654
-0.288614
-0.335825
-0.387243
-0.365137
-0.276805
-0.288326
-0.370503
-0.30229
-0.364786
-0.341405
-0.221114
-0.17715
-0.174128
-0.0438069
-0.260361
-0.039217
-0.026759
-0.0497191
-0.122745
0.157477
0.137658
0.134411
0.109947
-0.0625337
0.107867
0.187867
0.0762121
0.102312
0.0354998
0.245343
0.222314
0.199011
0.102362
0.141146
0.207895
0.0579998
-0.253516
-0.0513745
-0.0274337
-0.151384
-0.180287
-0.16249
-0.262072
-0.238947
-0.318818
-0.213833
-0.158038
-0.0835462
-0.0300105
-0.097358
-0.382219
-0.279356
-0.271685
-0.169326
-0.423668
-0.154013
-0.00362771
-0.216932
-0.155771
-0.164785
-0.193164
-0.208386
-0.272969
-0.059043
-0.140424
-0.186736
-0.231156
-0.150173
-0.187924
-0.150936
-0.282934
-0.301893
-0.165906
-0.189097
-0.272787
-0.170952
-0.187738
-0.14551
-0.180243
-0.116269
-0.143936
-0.233048
0.0912931
0.123749
0.220822
0.159704
0.190946
0.229872
0.163841
0.434604
0.429422
0.401273
0.332071
0.280532
0.542977
0.266419
0.276458
0.160968
0.287342
0.17181
0.293486
0.304294
0.404682
0.389835
0.371785
0.437977
0.387841
0.440729
0.334884
0.384801
0.427613
0.25373
0.260741
0.384859
0.23863
0.403769
0.419045
0.175096
0.298304
0.0722314
0.123714
0.256821
0.132992
0.290221
0.155714
0.17042
0.237863
0.218115
0.0925231
0.247301
0.590554
0.467703
0.479166
0.424503
0.491914
0.397285
0.270203
0.190538
0.460221
0.161475
0.23321
0.138071
0.16527
0.196061
0.308324
0.419673
0.271547
0.408642
0.370021
0.194013
0.473471
0.416663
0.337089
0.373728
0.460571
0.239706
0.380087
0.251218
0.333859
0.407515
0.422559
0.323969
0.35682
0.348395
0.373049
0.42149
0.390331
0.410987
0.40205
0.554196
0.454175
0.464257
0.483198
0.419185
0.444919
0.491428
0.467008
0.586668
0.421255
0.338957
0.336301
0.414741
0.255773
0.294989
0.379193
0.446073
0.276554
0.434136
0.300217
0.362061
0.445987
0.454464
0.27663
0.36856
0.332581
0.381486
0.434767
0.353711
0.322958
0.485909
0.41556
0.438125
0.505516
0.546285
0.524508
0.693744
0.718627
0.509297
0.559659
0.631535
0.501491
0.691943
0.69548
0.463879
0.423217
0.608464
0.513479
0.428764
0.474063
0.457783
0.278759
0.477635
0.358723
0.566273
0.498487
0.402864
0.336768
0.449984
0.201884
0.123171
0.320343
0.268602
0.133222
0.293094
0.0879849
0.198207
0.139071
0.0296505
0.0398902
0.141141
0.222137
0.064366
0.170455
0.1743
0.133089
0.164642
0.332373
0.200474
0.170219
0.240598
0.0404476
-0.0042048
0.0183007
0.0394592
0.0798147
0.13344
0.0413733
0.0688088
0.244571
0.219418
0.0729867
0.305615
0.437348
0.184705
0.279563
0.318678
0.472814
0.48552
0.494758
0.388056
0.559849
0.376822
0.414838
0.435834
0.479559
0.329984
0.32267
0.384321
0.368951
0.154298
0.281072
0.294037
0.246568
0.298469
0.302562
0.301037
0.162834
0.240526
0.332331
0.254041
0.197826
0.159921
0.2214
0.237881
0.244108
0.184001
0.233911
0.261719
0.117539
0.295472
0.126892
0.217186
0.134459
0.215567
0.182181
0.0850275
0.00252407
0.00333304
0.215345
0.0865179
0.0204554
0.292523
0.0520321
0.082211
0.129172
0.157879
0.0723347
0.074954
0.21865
0.396802
0.182502
0.169955
0.432788
0.283086
0.24029
0.255844
0.233971
0.395749
0.302324
0.397188
0.209898
0.119883
0.239562
0.146774
0.159413
0.130939
0.298062
0.0387499
0.275215
0.319432
0.119421
0.277233
0.0951372
0.160841
0.253659
0.167443
0.132392
0.203218
0.252222
0.1438
0.0754959
0.260456
0.186276
0.182667
0.19422
0.215595
0.182246
0.243729
0.163052
0.205916
0.232425
0.331424
0.340176
0.466849
0.417158
0.629146
0.641094
0.579229
0.569333
0.575598
0.462577
0.33388
0.357423
0.245897
0.396949
0.253092
0.319357
0.270686
0.133081
0.108899
0.47349
0.215051
0.330868
0.270587
0.0550518
-0.0168626
0.174147
0.158817
0.198938
0.1049
0.172654
0.110552
0.167297
0.0403528
0.0729905
0.290551
0.240263
0.216587
0.234495
0.217496
0.207704
0.117516
0.119503
0.492864
0.155397
0.0124461
0.294014
0.237106
0.313416
0.40744
0.296981
0.416934
0.280006
0.419921
0.263583
0.360438
0.386733
0.310667
0.315204
0.303
0.478693
0.411655
0.480813
0.370559
0.290169
0.422033
0.300427
0.422995
0.253427
0.298095
0.227931
0.165963
0.235332
0.192581
0.0707412
0.175669
0.183992
0.113351
0.194118
0.121931
0.143092
0.119123
0.0585009
0.221425
0.159311
-0.0042608
0.0138485
-0.0383114
0.0631052
-0.0349791
-0.0689295
-0.117626
-0.103018
-0.0152555
-0.00218791
0.0731098
0.284725
0.142987
-0.00441786
0.0782132
0.0416803
0.127069
0.157166
0.0687801
0.221921
0.366392
0.263081
0.394045
0.20529
0.0985879
0.139655
0.219444
0.192392
0.271632
0.084893
0.261644
0.178411
0.248936
0.323779
0.301958
0.165623
0.29418
0.126512
0.0168692
0.258396
0.230418
0.243858
0.0330293
0.0191205
0.135234
0.186188
0.128949
0.260416
0.324089
0.173741
0.0780528
0.173727
0.281935
0.226959
0.0642221
0.167918
0.310338
0.189869
0.250349
0.201733
0.350484
0.38747
0.235036
0.211628
0.383438
0.41075
0.386311
0.302313
0.318707
0.469704
0.42339
0.395951
0.313449
0.198239
0.344089
0.246833
0.175802
0.419861
0.153712
0.154164
0.121772
0.363057
0.359954
0.32844
0.382578
0.234359
0.188205
0.196693
0.239976
0.330818
0.0774868
0.242434
0.176525
0.183282
-0.0341965
0.153508
0.134334
0.103616
-0.0302807
0.00622584
0.010194
0.086279
0.23
0.115652
0.123142
0.020419
0.0868248
0.0828284
-0.056154
-0.0334732
-0.0568096
0.187682
0.11441
0.195431
0.133707
0.159354
-0.0157316
-0.0285542
-0.0695594
-0.0223713
-0.00497572
0.156414
0.124263
0.0362513
0.0562776
0.0969981
0.14555
0.257811
0.0711798
0.234045
0.156024
0.117193
0.230077
0.146016
0.238193
0.259092
0.126221
0.245191
0.167974
0.216279
0.089051
0.0524598
0.133194
0.147415
-0.0449177
0.0532841
-0.0578702
-0.0842999
-0.113579
-0.10847
0.0844267
0.0570483
0.0317077
0.11358
0.106679
0.214979
0.224787
0.208174
0.234933
0.131632
0.19944
0.19471
0.277862
0.404691
0.270597
0.335347
0.387707
0.286131
0.435133
0.401072
0.470641
0.433435
0.448355
0.372131
0.402672
0.401644
0.4149
0.313425
0.480806
0.390863
0.390848
0.30538
0.292555
0.355554
0.309419
0.182233
0.0993275
0.24279
0.38099
0.247253
0.344244
0.267473
0.0991012
0.109271
0.122292
0.0221175
0.145143
0.12138
0.285645
0.212329
0.378959
0.330222
0.274786
0.32924
0.31918
0.366343
0.278289
0.343214
0.296828
0.398385
0.308915
0.363251
0.363678
0.314198
0.327365
0.380747
0.403887
0.433951
0.399242
0.440463
0.256445
0.219919
0.334377
0.504655
0.360063
0.417917
0.28359
0.353022
0.337741
0.369747
0.360546
0.397472
0.491911
0.35717
0.364775
0.479354
0.20141
0.180177
0.189684
0.337201
0.305612
0.12634
0.340493
0.247287
0.272466
0.121382
0.307788
0.313046
0.358004
0.207364
0.293258
0.390181
0.328344
0.0299205
0.105007
0.151536
0.0789224
-0.0324773
0.175805
0.238555
0.34397
0.0609305
0.317243
0.217267
0.223072
0.29905
0.231021
0.248615
0.288895
0.359349
0.194885
0.326932
0.250237
0.191468
0.172074
0.390839
0.274156
0.338071
0.102321
0.133155
0.103543
0.236711
0.26017
0.149283
0.294655
0.0933193
0.160717
0.104946
0.183209
0.0890102
0.09096
0.182698
0.0224942
0.226063
0.327157
0.278522
0.218287
0.362583
0.249872
0.274725
0.217405
0.268035
0.214523
0.21996
0.0784479
0.0807112
0.218222
0.247057
0.0741504
0.108813
0.0431422
0.228955
0.28695
0.123459
0.272095
0.383998
0.27862
0.241215
0.303785
0.32688
0.176396
0.237231
0.315529
0.0215868
0.173425
0.234305
0.222914
0.315264
0.199017
0.283094
0.312381
0.310763
0.346191
0.294614
0.252186
0.058623
0.267955
0.113017
0.256928
0.220977
0.260062
0.28511
0.201378
0.304463
0.316374
0.242667
0.18188
0.272594
0.253117
0.0702826
0.273171
0.224092
0.256492
0.258907
0.377535
0.334836
0.299956
0.35522
0.354995
0.335395
0.230582
0.358397
0.108841
0.290988
0.331373
0.252722
0.317474
0.291813
0.30403
0.230763
0.22477
0.306733
0.177853
0.289343
0.10143
0.193406
0.180581
0.100252
0.191257
0.16463
0.275777
0.335955
0.274111
0.315115
0.251677
0.279214
0.344605
0.318897
0.138746
0.177368
0.235685
0.146749
0.163547
0.274377
0.262052
0.165859
0.199098
0.339349
0.323363
0.324139
0.367916
0.36844
0.360618
0.454073
0.286734
0.319292
0.158244
0.167871
0.226144
0.187923
0.245066
0.289873
0.219084
0.337933
0.245572
0.257949
0.106299
0.19675
0.197536
0.197039
0.191577
0.147945
0.154249
0.24189
0.141076
0.115004
0.13655
0.0622503
0.216473
-0.0197302
0.0817932
0.182274
0.156006
0.0949699
0.195198
0.293721
0.274257
0.26322
0.259831
0.323539
0.260239
0.363656
0.154832
0.323712
0.274823
0.127005
0.354671
0.164979
0.281851
0.243112
0.292462
0.232913
0.248173
0.191951
0.186838
0.319153
0.227898
0.350314
0.0937304
0.357098
0.0506882
0.209973
0.317047
0.326958
0.23709
0.142026
0.190666
0.0745641
0.208237
0.224237
0.336851
0.150212
0.229958
0.164118
0.190861
0.110494
0.36045
0.439165
0.209857
0.0884178
0.0876572
0.165201
0.133152
0.152201
0.200132
0.0735635
0.133767
0.104044
0.200225
0.185132
0.022019
0.142088
0.154539
0.103335
0.116359
0.061339
0.0507908
-0.080931
0.0270448
0.145644
-0.016033
0.0901961
0.0406349
0.235038
0.0953997
0.217019
0.0870144
0.106841
0.225353
0.236445
0.218767
0.1867
0.186692
0.138629
0.183909
0.132076
0.0532732
0.277367
0.111815
-0.0149692
0.202989
