-0.0525076
-0.0445341
-0.0641166
0.116443
0.0354132
0.0447979
-0.0489991
-0.157382
0.00461618
-0.0528404
-0.119643
-0.221588
-0.239519
-0.128316
-0.239526
-0.0988835
-0.270028
-0.0989956
-0.269809
-0.256414
-0.173409
-0.203645
-0.254054
-0.246994
-0.101987
-0.181989
-0.128445
-0.254132
-0.180084
-0.143717
-0.0385906
-0.103361
-0.0450369
-0.0746077
-0.148328
-0.0905248
-0.00131836
-0.0753701
0.094667
-0.0943269
-0.0505744
-0.0755434
-0.0476638
0.0266491
0.174318
-0.0529589
0.100419
0.212737
0.136644
0.0513895
0.23041
0.368639
0.18888
0.172599
0.138052
0.0553046
0.0702958
0.139534
0.0159719
-0.0121309
0.109506
-0.172584
-0.00976088
-0.0649513
-0.141759
-0.212309
-0.0901933
-0.277845
-0.0707979
-0.0282175
-0.0278751
0.00187219
-0.163407
0.0547139
-0.106383
0.036871
-0.0198162
-0.0734526
-0.100808
-0.195688
-0.228612
-0.152048
-0.221514
-0.147199
0.00026978
-0.230491
-0.102597
-0.312372
-0.0225785
-0.0747371
-0.0813387
0.0211221
0.0480417
-0.0365841
-0.152878
-0.0744016
-0.0866464
-0.172563
0.0741962
-0.099976
-0.0128368
-0.0433899
-0.117585
-0.0904911
-0.133239
0.0269274
-0.0420653
-0.0161067
-0.0586613
0.0925085
-0.0178499
-0.124173
-0.141738
-0.0791293
0.00724564
-0.0172036
-0.0745501
-0.177243
0.0394713
0.0166403
-0.18221
-0.0470698
-0.258444
-0.148803
-0.193768
-0.329371
-0.129194
-0.196344
-0.211302
-0.246593
-0.433661
-0.236303
-0.284099
-0.307843
-0.287363
-0.229013
-0.204495
-0.22772
-0.279418
-0.191684
-0.321048
-0.347652
-0.351757
-0.187509
-0.414197
-0.311984
-0.318596
-0.370772
-0.363799
-0.355141
-0.354258
-0.498625
-0.382249
-0.400502
-0.325427
-0.364386
-0.326148
-0.301936
-0.423054
-0.257687
-0.405964
-0.346089
-0.28511
-0.28449
-0.530345
-0.476569
-0.290101
-0.259624
-0.26418
-0.258981
-0.306569
-0.243418
-0.0996134
-0.2405
-0.30811
-0.367859
-0.351523
-0.245776
-0.235012
-0.335584
-0.343374
-0.196337
-0.339321
-0.501243
-0.450977
-0.310565
-0.3979
-0.372183
-0.10777
-0.273897
-0.381211
-0.458646
-0.479333
-0.348933
-0.422603
-0.513097
-0.554878
-0.500395
-0.440253
-0.341383
-0.552133
-0.421254
-0.470393
-0.470841
-0.403848
-0.428978
-0.506838
-0.34192
-0.363202
-0.425188
-0.404447
-0.605243
-0.620749
-0.52177
-0.441335
-0.450005
-0.53093
-0.473984
-0.56944
-0.533149
-0.450634
-0.542405
-0.531798
-0.454103
-0.47813
-0.407843
-0.487267
-0.610471
-0.561203
-0.654418
-0.526904
-0.622274
-0.388322
-0.454416
-0.455329
-0.395415
-0.429233
-0.361395
-0.394055
-0.313833
-0.389075
-0.300666
-0.239293
-0.292209
-0.17466
-0.242135
-0.207113
-0.281529
-0.271858
-0.412242
-0.3388
-0.327289
-0.282229
-0.369713
-0.319953
-0.369196
-0.233529
-0.308672
-0.242405
-0.328641
-0.385335
-0.201781
-0.377183
-0.231117
-0.341931
-0.305708
-0.358893
-0.302175
-0.350854
-0.435147
-0.145468
-0.191434
-0.297125
-0.302577
-0.31186
-0.349259
-0.379747
-0.361307
-0.554921
-0.41834
-0.445152
-0.43311
-0.417298
-0.340143
-0.346056
-0.42423
-0.42822
-0.353203
-0.430548
-0.324377
-0.287877
-0.373399
-0.393314
-0.427507
-0.315235
-0.267596
-0.256027
-0.153937
-0.345476
-0.315567
-0.299472
-0.352447
-0.541198
-0.417851
-0.242259
-0.249471
-0.230889
-0.293348
-0.259736
-0.337379
-0.159449
-0.128718
-0.195003
-0.295097
-0.196223
-0.50385
-0.372737
-0.313132
-0.417779
-0.268312
-0.346484
-0.398123
-0.453878
-0.467102
-0.484299
-0.318756
-0.299288
-0.344207
-0.238675
-0.313843
-0.437309
-0.4312
-0.213844
-0.436477
-0.194098
-0.385399
-0.267602
-0.378254
-0.344121
-0.417108
-0.359497
-0.315155
-0.401882
-0.374912
-0.439439
-0.494875
-0.469908
-0.466518
-0.3956
-0.313465
-0.439762
-0.462818
-0.484447
-0.420699
-0.495364
-0.520865
-0.295985
-0.364917
-0.388057
-0.319369
-0.480998
-0.551701
-0.396903
-0.461528
-0.346445
-0.403866
-0.395963
-0.38779
-0.488741
-0.48918
-0.457958
-0.320834
-0.301895
-0.343369
-0.399637
-0.436563
-0.376456
-0.450247
-0.526509
-0.490393
-0.35611
-0.328681
-0.375344
-0.324253
-0.360318
-0.331245
-0.352149
-0.25875
-0.456961
-0.291229
-0.334548
-0.310149
-0.236638
-0.136922
-0.32578
-0.132845
-0.194941
-0.11014
-0.142964
-0.304948
-0.205122
-0.262776
-0.241094
-0.285187
-0.250581
-0.209701
-0.0744176
-0.0983437
-0.00417101
-0.0974766
-0.10215
-0.201665
-0.0961278
-0.0136958
-0.177873
-0.119407
-0.334966
-0.105206
-0.202837
-0.128947
-0.166247
-0.211535
-0.394321
-0.252938
-0.35372
-0.354424
-0.257034
-0.219883
-0.126024
-0.277595
-0.241162
-0.202048
-0.353018
-0.37414
-0.461574
-0.411103
-0.383859
-0.42253
-0.355086
-0.338802
-0.475631
-0.399704
-0.464681
-0.416837
-0.309839
-0.412184
-0.342926
-0.189508
-0.276287
-0.233624
-0.339399
-0.299884
-0.329517
-0.405713
-0.338072
-0.25048
-0.289585
-0.324733
-0.531615
-0.388852
-0.3143
-0.228159
-0.456133
-0.294456
-0.184336
-0.24207
-0.336684
-0.15533
-0.252024
-0.373793
-0.546614
-0.295304
-0.227726
-0.349715
-0.39679
-0.378855
-0.306455
-0.542463
-0.446551
-0.473744
-0.32199
-0.223672
-0.408714
-0.489832
-0.481823
-0.558093
-0.284937
-0.307601
-0.39533
-0.357521
-0.35609
-0.409613
-0.344349
-0.330915
-0.279346
-0.292818
-0.35316
-0.215882
-0.23569
-0.355397
-0.448373
-0.410816
-0.419319
-0.355921
-0.228769
-0.29307
-0.415788
-0.368225
-0.357664
-0.347578
-0.29876
-0.238806
-0.250277
-0.281319
-0.492636
-0.430308
-0.350712
-0.374785
-0.329055
-0.409524
-0.2274
-0.33761
-0.266305
-0.380997
-0.424294
-0.510208
-0.400045
-0.555647
-0.456304
-0.285721
-0.372954
-0.372758
-0.39573
-0.364248
-0.172308
-0.320886
-0.454407
-0.331158
-0.261031
-0.338702
-0.379675
-0.3484
-0.321564
-0.377479
-0.379674
-0.337557
-0.441536
-0.264258
-0.329028
-0.414659
-0.331119
-0.394312
-0.385785
-0.292804
-0.354845
-0.382372
-0.368617
-0.375006
-0.419188
-0.433856
-0.483953
-0.440779
-0.561726
-0.348714
-0.312323
-0.356468
-0.328275
-0.185029
-0.29327
-0.296066
-0.316411
-0.368313
-0.280335
-0.252912
-0.285725
-0.274501
-0.375526
-0.326347
-0.426552
-0.431211
-0.333839
-0.438223
-0.421947
-0.267239
-0.407124
-0.244834
-0.334382
-0.41235
-0.353218
-0.217411
-0.402163
-0.345003
-0.279735
-0.32694
-0.292206
-0.254544
-0.295379
0.0251089
-0.250268
-0.255742
-0.263021
-0.287137
-0.282013
-0.275977
-0.167302
-0.150323
-0.123694
-0.160656
-0.155328
-0.250206
-0.132636
-0.137503
-0.165195
-0.211258
-0.339312
-0.246905
-0.35801
-0.285202
-0.308155
-0.321202
-0.343977
-0.282085
-0.264636
-0.199877
-0.261929
-0.249359
-0.13859
-0.20214
-0.253625
-0.295084
-0.301294
-0.315447
-0.29781
-0.342317
-0.228103
-0.443181
-0.347858
-0.181193
-0.328173
-0.350051
-0.267206
-0.288989
-0.32797
-0.307058
-0.305815
-0.271787
-0.308847
-0.314107
-0.266916
-0.343679
-0.396406
-0.444934
-0.360569
-0.360486
-0.173048
-0.504668
-0.462052
-0.365435
-0.381354
-0.32428
-0.305252
-0.385997
-0.36338
-0.344335
-0.489309
-0.458376
-0.434639
-0.385707
-0.37973
-0.399728
-0.327407
-0.443017
-0.397643
-0.433725
-0.315431
-0.42226
-0.19313
-0.521216
-0.413422
-0.426889
-0.367776
-0.419507
-0.394279
-0.483606
-0.579184
-0.573248
-0.488518
-0.413536
-0.490455
-0.58363
-0.346825
-0.349396
-0.368983
-0.37523
-0.524464
-0.475231
-0.405811
-0.513994
-0.425307
-0.505477
-0.427816
-0.193351
-0.478125
-0.321021
-0.325247
-0.405467
-0.440021
-0.320368
-0.259226
-0.249032
-0.315295
-0.31645
-0.322785
-0.325682
-0.314476
-0.198707
-0.185284
-0.232412
-0.199749
-0.263307
-0.216172
-0.131874
-0.209425
-0.295654
-0.175259
-0.234945
-0.314952
-0.176623
-0.136316
-0.110138
-0.107491
-0.177374
-0.124788
-0.13485
-0.113467
-0.125439
-0.278868
-0.251168
-0.334682
-0.290816
-0.420646
-0.398054
-0.307658
-0.271952
-0.23664
-0.370461
-0.234592
-0.26654
-0.142598
-0.151385
-0.351635
-0.522582
-0.117165
-0.360061
-0.249829
-0.199632
-0.33051
-0.409786
-0.259347
-0.337897
-0.269206
-0.23882
-0.175963
-0.402527
-0.242342
-0.262168
-0.276306
-0.285909
-0.33672
-0.473756
-0.420904
-0.366734
-0.242486
-0.230631
-0.280282
-0.400309
-0.230593
-0.328419
-0.305062
-0.395196
-0.424646
-0.21142
-0.253051
-0.187584
-0.128861
-0.0673413
-0.219105
-0.17069
-0.209022
-0.100354
-0.237697
-0.256522
-0.155615
-0.111047
-0.376853
-0.291585
-0.147396
-0.30385
-0.406301
-0.224072
-0.245319
-0.185749
-0.228634
-0.241053
-0.27669
-0.370306
-0.234688
-0.249452
-0.0952502
-0.218834
-0.277999
-0.306044
-0.112149
-0.285093
-0.0790989
-0.220771
-0.179645
-0.230374
-0.192318
-0.0647433
-0.334972
-0.303453
-0.389438
-0.31791
-0.265656
-0.405584
-0.0475965
-0.459489
-0.363246
-0.0442372
-0.111698
-0.246257
-0.114769
-0.284253
-0.0446319
-0.145109
-0.170192
-0.265014
-0.254244
-0.230211
-0.226073
-0.263443
-0.161843
-0.224739
-0.203048
-0.081041
-0.225126
-0.280097
-0.233865
-0.30707
-0.155441
-0.23635
-0.204452
-0.229198
-0.0779273
-0.049091
-0.187602
-0.301875
-0.113235
-0.255354
-0.159686
-0.320715
-0.266128
-0.105793
-0.183133
-0.184203
-0.195964
0.0143066
-0.27394
-0.102363
-0.0978147
-0.152714
-0.352835
-0.27443
-0.226309
-0.316589
-0.503532
-0.410303
-0.24846
-0.188789
-0.327985
-0.254646
-0.147709
-0.0738623
-0.117183
-0.223483
-0.220763
-0.263739
-0.373689
-0.385973
-0.313777
-0.416924
-0.164601
-0.226752
-0.259916
-0.236592
-0.274782
-0.30418
-0.113872
-0.192528
-0.173534
-0.199379
-0.225339
-0.257367
-0.165975
-0.094475
-0.184996
-0.282439
-0.165654
-0.118204
-0.31656
-0.312538
-0.324276
-0.391601
-0.328516
-0.300742
-0.317487
-0.462108
-0.34503
-0.459424
-0.390663
-0.32654
-0.302144
-0.212811
-0.404136
-0.244811
-0.53237
-0.33797
-0.371514
-0.272564
-0.294494
-0.346001
-0.272914
-0.252013
-0.399115
-0.207206
-0.419532
-0.453151
-0.463921
-0.337772
-0.382573
-0.398246
-0.376774
-0.443275
-0.299761
-0.569942
-0.538243
-0.534277
-0.398354
-0.412809
-0.403652
-0.461337
-0.432505
-0.456818
-0.456717
-0.562113
-0.548606
-0.434224
-0.461535
-0.219385
-0.431576
-0.397626
-0.34475
-0.372462
-0.444678
-0.403868
-0.56073
-0.379122
-0.467235
-0.343503
-0.329183
-0.445904
-0.272238
-0.194105
-0.2775
-0.258061
-0.396221
-0.320729
-0.379396
-0.289705
-0.315063
-0.197099
-0.229181
-0.133432
-0.230111
-0.0626253
-0.134393
-0.174785
-0.274177
-0.23778
-0.182288
-0.323319
-0.315868
-0.269062
-0.415393
-0.218239
-0.288602
-0.283335
-0.28196
-0.346858
-0.21281
-0.189462
-0.22946
-0.254285
-0.284807
-0.37329
-0.378078
-0.323378
-0.210874
-0.261772
-0.350698
-0.307221
-0.260108
-0.370081
-0.204046
-0.390235
-0.23821
-0.372153
-0.221042
-0.363037
-0.256147
-0.268872
-0.376799
-0.33445
-0.31881
-0.364846
-0.415027
-0.374227
-0.43471
-0.427199
-0.446703
-0.187243
-0.358555
-0.360424
-0.340219
-0.465921
-0.255584
-0.429207
-0.446719
-0.382567
-0.376149
-0.413542
-0.389219
-0.352991
-0.319989
-0.177026
-0.28764
-0.327688
-0.505128
-0.33935
-0.534306
-0.430952
-0.498337
-0.36752
-0.570923
-0.490672
-0.543981
-0.371964
-0.457157
-0.35997
-0.55976
-0.607368
-0.432156
-0.428221
-0.465116
-0.399911
-0.577957
-0.577327
-0.45083
-0.436512
-0.426539
-0.485794
-0.388442
-0.346507
-0.42101
-0.356053
-0.383713
-0.1915
-0.313251
-0.298376
-0.23426
-0.317267
-0.273856
-0.401352
-0.243159
-0.187335
-0.224658
-0.248087
-0.404205
-0.309565
-0.343213
-0.19209
-0.295004
-0.299405
-0.407494
-0.50805
-0.368661
-0.318072
-0.272179
-0.419521
-0.314086
-0.46784
-0.488202
-0.472778
-0.407737
-0.376842
-0.247173
-0.380592
-0.30276
-0.207624
-0.204588
-0.215009
-0.37679
-0.204681
-0.330194
-0.278685
-0.330377
-0.224695
-0.285488
-0.403597
-0.256475
-0.344259
-0.29328
-0.220178
-0.220178
-0.243068
-0.256027
-0.131396
-0.334313
-0.247918
-0.297026
-0.234484
-0.19092
-0.515828
-0.456116
-0.355698
-0.280615
-0.29122
-0.214394
-0.266183
-0.280652
-0.289298
-0.437662
-0.395471
-0.356429
-0.174832
-0.217766
-0.126351
-0.247239
-0.18352
-0.255988
-0.315261
-0.173979
-0.347715
-0.304562
-0.189106
-0.324748
-0.325416
-0.397183
-0.219077
-0.321011
-0.209634
-0.252077
-0.224091
-0.273441
-0.265414
-0.0186317
-0.125957
-0.177289
-0.205828
-0.212778
-0.27917
-0.118636
-0.334955
-0.153079
-0.266186
-0.122703
-0.185856
-0.0538294
-0.216589
0.0345659
-0.211706
-0.355564
-0.460168
-0.344186
-0.115418
-0.262523
-0.240187
-0.27428
-0.146447
-0.214022
-0.353184
-0.345977
-0.2803
-0.257057
-0.274414
-0.20827
-0.314504
-0.0603331
-0.0764188
-0.275756
-0.105013
-0.192505
-0.282014
-0.251565
-0.106962
-0.399852
-0.387222
-0.396887
-0.426442
-0.455895
-0.157857
-0.292257
-0.294927
-0.259478
-0.238931
-0.247354
-0.310448
-0.19601
-0.22098
-0.21487
-0.277055
-0.270174
-0.118304
-0.115361
-0.212051
-0.158873
-0.181476
-0.0200623
-0.0998246
-0.242887
-0.133953
-0.24453
-0.14698
-0.148633
-0.174347
-0.193826
-0.27807
-0.228311
-0.265903
-0.166447
-0.161337
0.0872014
0.0129018
-0.10141
-0.182945
0.0918231
-0.117424
-0.082561
-0.0441365
-0.0811755
-0.108558
-0.0390444
-0.0261464
-0.0821859
-0.0137865
-0.160029
-0.130909
-0.0963112
0.0348624
0.0870641
0.030689
-0.0891709
-0.00474791
0.110827
0.0599063
-0.0459766
-0.00460308
0.0723326
0.191418
-0.0802848
-0.00514419
0.090931
-0.077915
0.00379168
0.0413162
-0.0794902
-0.0491374
-0.0967619
-0.100166
-0.185538
-0.215713
-0.128245
-0.213874
-0.212636
-0.172547
-0.283082
-0.328056
-0.187819
-0.246476
-0.279557
-0.309342
-0.196588
-0.316287
-0.282234
-0.388804
-0.281184
-0.117023
-0.32861
-0.457306
-0.345669
-0.187074
-0.197037
-0.230396
-0.39202
-0.386792
-0.392495
-0.186629
-0.274253
-0.314729
-0.371954
-0.3191
-0.377325
-0.260541
-0.292295
-0.379215
-0.335655
-0.382081
-0.357909
-0.316155
-0.434958
-0.282085
-0.431534
-0.38136
-0.29268
-0.417892
-0.515062
-0.519691
-0.25381
-0.317574
-0.279486
-0.324803
-0.238564
-0.182496
-0.288353
-0.289737
-0.233565
-0.328869
-0.207578
-0.202388
-0.180361
-0.226685
-0.163222
-0.344768
-0.283712
-0.27119
-0.128773
-0.214368
-0.178716
-0.113769
-0.196047
-0.122445
-0.105748
-0.296101
-0.208346
-0.192952
-0.293024
-0.258815
-0.352871
-0.201702
-0.181889
-0.334036
-0.285941
-0.271551
-0.276745
-0.371352
-0.297241
-0.159628
-0.316827
-0.259958
-0.214912
-0.292672
-0.210751
-0.218077
-0.255708
-0.208495
-0.0786947
-0.2299
-0.0807343
-0.251627
-0.262867
-0.361735
-0.236589
-0.0985272
-0.155444
-0.100411
-0.191731
-0.274257
-0.320224
-0.244032
-0.209706
-0.061004
-0.226357
-0.154539
-0.15769
-0.144333
-0.106132
-0.0461287
-0.284954
-0.122916
-0.116138
-0.0824877
-0.19179
-0.252076
-0.0655409
-0.202222
-0.314353
-0.200893
-0.146562
-0.258985
-0.269498
-0.167715
-0.201346
-0.176205
-0.158369
-0.168438
-0.252507
-0.297464
-0.232168
-0.201493
-0.37148
-0.261891
-0.170113
-0.32667
-0.232932
-0.260086
-0.351944
-0.368422
-0.271349
-0.386998
-0.236355
-0.336297
-0.2024
-0.0567021
-0.0630972
-0.0424859
-0.112856
-0.135468
0.0209547
0.0417323
-0.314762
-0.196975
0.0269824
-0.0141892
-0.0790328
-0.0632787
-0.0835121
-0.0525829
0.00398447
0.0384589
-0.0828393
0.110348
-0.0322165
0.0887642
-0.0849943
-0.024658
0.0282285
-0.0703891
-0.0892397
-0.0560032
-0.097998
-0.055619
-0.106198
0.0108315
-0.017095
-0.144601
-0.0642456
-0.163015
-0.0921614
-0.202606
-0.15834
-0.181747
-0.242318
-0.261723
-0.267107
-0.201956
-0.331335
-0.309439
-0.190172
-0.285388
-0.145219
-0.265079
-0.246985
-0.343056
-0.222402
-0.491657
-0.359347
-0.25137
-0.349336
-0.268738
-0.307582
-0.401377
-0.395459
-0.240462
-0.285543
-0.259153
-0.321323
-0.269655
-0.305402
-0.105711
-0.300439
-0.323951
-0.213441
-0.391289
-0.240129
-0.359889
-0.214637
-0.341639
-0.344691
-0.245917
-0.308188
-0.388706
-0.340761
-0.323665
-0.427238
-0.256201
-0.336465
-0.191393
-0.248833
-0.275733
-0.23837
-0.352325
-0.241904
-0.347645
-0.315694
-0.276468
-0.196373
-0.225627
-0.26205
-0.257878
-0.106848
-0.325283
-0.186603
-0.513441
-0.16497
-0.366282
-0.158817
-0.166948
-0.235603
-0.245544
-0.267852
-0.224847
-0.147309
-0.116559
-0.176696
-0.234312
-0.189227
-0.234623
-0.379539
-0.313363
-0.189141
-0.301841
-0.352367
-0.3141
-0.367495
-0.327138
-0.233929
-0.279522
-0.308584
-0.209218
-0.370883
-0.397792
-0.497697
-0.374668
-0.276413
-0.333298
-0.294954
-0.267945
-0.33496
-0.247285
-0.238527
-0.265032
-0.235361
-0.352221
-0.259769
-0.080076
-0.0476362
-0.119677
-0.229604
-0.168696
-0.230739
-0.19787
-0.381086
-0.363822
-0.224251
-0.378349
-0.409702
-0.255182
-0.434757
-0.322485
-0.364929
-0.248007
-0.490835
-0.365992
-0.410695
-0.356468
-0.310224
-0.245559
-0.294549
-0.240855
-0.147221
-0.259332
-0.212503
-0.226228
-0.202242
-0.169707
-0.0137509
-0.0835693
-0.00435279
-0.0639189
-0.00832215
-0.0431715
-0.183997
-0.0139443
0.0797066
0.0200213
-0.177737
-0.0653228
0.0996812
-0.167354
-0.083228
0.0890643
-0.157154
-0.101917
-0.261391
-0.0900122
-0.0671175
-0.0626818
0.0146615
-0.10414
-0.0182079
0.0524528
-0.0873747
0.130487
0.0372356
-0.0630711
-0.0712266
-0.118131
-0.223041
-0.0293805
-0.136072
-0.156536
-0.102534
-0.113296
-0.0952342
0.055954
-0.0394626
-0.169432
-0.0133255
-0.144121
-0.130353
-0.168556
-0.0700853
-0.19766
-0.149369
-0.0153032
-0.134514
-0.155063
-0.000712188
-0.0773225
0.0168939
-0.148367
-0.233945
-0.173157
0.0121017
-0.0422108
-0.0619472
0.179733
-0.146043
-0.167715
-0.1837
-0.196912
-0.23658
-0.158145
-0.0609174
-0.145564
-0.204764
-0.186205
-0.0265989
-0.151203
-0.0964664
-0.144755
-0.147392
-0.146336
-0.144073
-0.210068
-0.0317018
0.00424597
0.0133483
0.0249324
-0.156568
-0.190702
-0.252835
-0.185986
-0.245871
-0.0715777
-0.121993
-0.114844
-0.0569186
-0.138883
-0.133291
-0.198471
-0.184115
0.0137679
-0.107726
-0.107306
-0.274566
-0.175417
-0.173173
-0.101966
-0.146305
-0.300139
-0.298729
-0.284563
-0.126376
-0.366592
-0.198697
-0.191889
-0.0672793
-0.233726
-0.40969
-0.43937
-0.409653
-0.171781
-0.27775
-0.0803239
-0.306
-0.0911844
-0.193451
-0.142212
-0.419681
-0.143247
-0.404881
-0.318553
-0.372935
-0.246067
-0.209553
-0.24664
-0.376413
-0.296897
-0.363649
-0.242239
-0.154363
-0.225203
-0.269884
-0.342178
-0.346269
-0.324562
-0.207851
-0.211921
-0.24047
-0.188018
0.029342
-0.157934
-0.23845
-0.15915
-0.172521
-0.192158
0.0700406
-0.101736
-0.16863
-0.0939284
-0.24425
-0.14592
-0.157672
-0.167403
-0.36317
-0.223012
-0.303157
-0.335988
-0.182289
-0.139446
-0.197562
-0.0282193
-0.201364
-0.137461
0.0163281
-0.0539294
-0.103464
-0.173543
-0.125589
-0.071603
-0.222224
-0.22378
-0.0718893
-0.190946
-0.0260489
-0.0560959
-0.107592
-0.0916326
-0.016473
-0.0191404
-0.0426938
-0.153634
-0.260893
-0.200407
-0.217752
-0.176278
-0.0959216
-0.138568
-0.409001
-0.221935
-0.230853
-0.279504
-0.134995
-0.152939
0.0255193
-0.135894
-0.29322
0.00168318
-0.0568189
-0.216983
-0.100875
-0.17836
-0.0246441
0.011953
-0.252505
-0.0852039
-0.129349
0.0235135
-0.0844008
-0.101607
-0.254266
-0.207707
-0.239414
-0.00852661
-0.152236
-0.0451215
-0.252439
-0.200711
-0.296614
-0.171355
-0.241921
-0.0861604
-0.197044
-0.10725
-0.0306215
-0.0843988
-0.165872
-0.159939
-0.11694
-0.119702
-0.0900467
-0.129657
-0.0674378
-0.10419
-0.189629
-0.111403
-0.0640644
-0.20002
-0.142646
-0.107029
0.00135318
-0.0797363
-0.0865907
-0.0233211
-0.0290817
-0.0158504
-0.243028
-0.212928
-0.162532
-0.240855
-0.120007
-0.151171
-0.0340847
-0.189912
-0.140144
-0.131359
-0.122479
-0.151361
-0.00355852
0.0452248
-0.0359962
-0.107085
-0.11421
-0.150922
-0.22591
-0.040525
-0.0309283
-0.161687
-0.100778
-0.0419636
-0.0509262
-0.115294
0.0417272
0.0697098
0.00539273
-0.11984
-0.0115473
0.00318918
-0.0932707
-0.0028847
-0.0624946
-0.0496001
-0.184014
-0.131329
-0.00682629
-0.077449
-0.0071402
0.0223967
0.0354647
-0.0400584
-0.0105438
-0.00964668
0.0730044
-0.0255503
-0.098688
-0.0278279
-0.0618099
-0.130554
-0.0538732
0.0874574
-0.0740144
-0.00513169
-0.13676
-0.106405
-0.0718171
-0.125495
-0.217849
-0.245125
-0.173261
-0.195074
-0.11715
-0.0377874
0.00232839
-0.0575832
0.00959465
-0.0939073
-0.0343542
-0.0312723
-0.0376947
-0.137513
-0.168735
0.0440869
-0.0725684
0.0554021
0.01663
-0.19132
-0.102452
-0.147098
-0.0647277
-0.0683086
-0.169193
-0.0498829
-0.214409
-0.0652234
-0.128746
-0.301588
-0.0844032
-0.0952908
-0.202564
-0.224283
-0.203278
-0.0868762
-0.0297867
-0.120351
-0.250985
-0.195171
-0.101537
-0.20402
-0.178154
-0.205411
-0.0132909
-0.0902573
-0.00697431
-0.237645
-0.148086
-0.260312
-0.103821
-0.108624
-0.0983436
-0.26068
-0.092792
-0.173376
-0.0420402
-0.249631
-0.118079
-0.167953
-0.197459
-0.126195
0.000339315
-0.0720169
-0.25708
-0.153238
-0.291794
-0.180746
-0.1082
-0.0525455
-0.242384
-0.205059
-0.172484
-0.268225
-0.225213
-0.272342
-0.177873
-0.243753
-0.176498
-0.0268042
-0.117584
-0.106335
-0.153469
-0.0865968
-0.124423
-0.177025
-0.245572
-0.266186
-0.249722
-0.27691
-0.261184
-0.312502
-0.354272
-0.336559
-0.340801
-0.204225
-0.286648
-0.195867
-0.144343
-0.161966
-0.124378
-0.123442
-0.250979
-0.111526
-0.124577
-0.192145
-0.355697
-0.164528
-0.191255
-0.207038
-0.229954
-0.173893
-0.106567
-0.0105897
-0.140416
-0.114412
-0.192983
-0.0177113
-0.0926926
-0.100441
-0.0128848
-0.045034
-0.110962
-0.111158
-0.198394
-0.0232612
-0.0802126
-0.0844286
-0.231187
-0.17277
-0.235542
-0.263267
-0.159848
-0.188867
-0.313707
-0.266553
-0.0858159
-0.0766264
-0.188402
-0.0860141
-0.214968
-0.141732
-0.135453
-0.0884193
-0.139372
-0.26797
-0.015101
-0.0949031
-0.0220881
-0.263566
-0.0797531
-0.157935
-0.177342
-0.232823
-0.0970887
-0.128256
-0.233306
-0.112946
-0.101751
-0.14015
-0.0699324
-0.132896
-0.142599
-0.00713481
-0.152745
-0.0789823
-0.237715
-0.288355
-0.290105
-0.110673
-0.201441
-0.249347
-0.250811
-0.308862
-0.0684758
-0.258183
-0.0928387
-0.0805231
-0.211002
-0.226244
-0.141149
-0.0435999
0.0164805
-0.101881
-0.0718842
-0.070257
-0.0798797
0.0882203
-0.0416254
-0.10898
-0.0431047
-0.1765
-0.141148
-0.201428
-0.273319
-0.269894
-0.0308962
-0.091214
-0.0586023
-0.125109
-0.085866
-0.29578
-0.0369403
-0.153898
0.0189723
-0.0207691
-0.277177
-0.0400104
-0.0713603
-0.0423815
-0.16629
-0.0921263
-0.138246
-0.205443
-0.117674
-0.0594783
-0.150619
-0.0644303
-0.0372272
-0.0866085
-0.17773
-0.153613
-0.236753
-0.109468
-0.0521474
-0.19896
-0.191324
-0.183802
-0.151997
-0.135333
-0.16868
-0.119889
-0.158386
-0.137701
-0.0416083
-0.218652
-0.0632794
-0.0369093
-0.245813
-0.242159
-0.219752
-0.26925
-0.178968
-0.024526
-0.168008
-0.129266
-0.215094
-0.10455
-0.204437
-0.219642
-0.0134933
-0.0553594
-0.055507
-0.0664436
-0.208907
-0.147853
-0.225508
-0.0753781
-0.174818
-0.265611
-0.417879
-0.142893
-0.198783
-0.155982
-0.156313
-0.0387723
-0.0426367
-0.120104
-0.127098
-0.204798
-0.0639626
-0.0857497
-0.206811
-0.261578
-0.0911039
-0.246463
-0.267881
-0.39926
-0.276426
-0.279719
-0.283609
-0.0847723
-0.230171
-0.299684
-0.371066
-0.506123
-0.373018
-0.241391
-0.240981
-0.485363
-0.3225
-0.303201
-0.357149
-0.51357
-0.219968
-0.22371
-0.209865
-0.217183
-0.378925
-0.356781
-0.440146
-0.144911
-0.38932
-0.320214
-0.309153
-0.295649
-0.291077
-0.147285
-0.0775565
-0.143264
-0.270299
-0.370948
-0.209538
-0.234189
-0.269508
-0.251815
-0.287123
-0.21483
-0.16555
-0.395984
-0.25742
-0.33097
-0.27128
-0.354882
-0.229876
-0.437246
-0.338844
-0.262762
-0.317153
-0.435819
-0.524694
-0.567752
-0.23453
-0.0698281
-0.0524087
-0.069731
-0.274592
-0.289922
-0.318547
-0.0832872
-0.369702
-0.411669
-0.264247
-0.22935
-0.259288
-0.371658
-0.463345
-0.377838
-0.301998
-0.348673
-0.282894
-0.411637
-0.385656
-0.278587
-0.263289
-0.458036
-0.428421
-0.350253
-0.393391
-0.282102
-0.314256
-0.295962
-0.291117
-0.295206
-0.175997
-0.346035
-0.345499
-0.241239
-0.199054
-0.156795
-0.228996
-0.219881
-0.346039
-0.305818
-0.19089
-0.196721
-0.216786
-0.11899
-0.289634
-0.229765
-0.220986
-0.251113
-0.244066
-0.286554
-0.176529
-0.232897
-0.342454
-0.283838
-0.339794
-0.331954
-0.299379
-0.225161
-0.26823
-0.358402
-0.293842
-0.396531
-0.305193
-0.434669
-0.386344
-0.393633
-0.290884
-0.0868429
-0.0638486
-0.0718729
-0.0639223
-0.139566
-0.20885
-0.139178
-0.132233
-0.142498
-0.111866
-0.287023
-0.0623566
-0.0739574
-0.0513746
-0.244463
-0.260816
-0.161019
-0.0489408
-0.270219
-0.296755
-0.127727
-0.140078
-0.0972785
-0.0704026
-0.00597616
-0.0825627
-0.121948
0.00104725
-0.209053
-0.234701
-0.254279
-0.184509
-0.292849
-0.157185
-0.119811
-0.205193
-0.199655
-0.179073
-0.124429
-0.235194
-0.191437
-0.170409
-0.181129
-0.22987
-0.237799
-0.0986852
-0.240154
-0.129643
-0.111525
-0.104673
-0.208451
-0.223333
-0.192565
-0.162839
0.0453263
-0.119176
-0.151646
-0.170952
-0.132774
-0.264797
-0.0838246
0.1639
-0.0417611
-0.0764364
-0.172291
-0.240481
-0.184988
-0.137734
-0.148178
-0.164858
-0.164244
-0.224962
-0.168327
-0.0656867
-0.0948865
0.0659523
-0.150471
-0.0782233
-0.0979352
-0.210237
-0.287825
-0.270346
-0.31376
-0.162589
-0.187062
-0.441842
-0.455407
-0.13289
-0.177018
-0.128742
-0.218687
-0.306029
-0.00344518
-0.20681
-0.0961351
-0.189821
-0.304221
-0.24502
-0.247065
-0.241644
-0.0734203
-0.0251868
-0.234863
-0.286439
-0.402642
-0.400838
-0.185598
0.00269934
-0.157622
-0.178645
-0.188623
-0.144597
-0.07673
-0.074384
-0.103573
-0.0672408
-0.0540891
-0.167634
-0.0653499
-0.095917
-0.096974
-0.0966849
-0.117874
-0.0766152
-0.257277
-0.270934
-0.154154
-0.0515794
0.000928478
-0.0177271
-0.129198
-0.219379
-0.122016
-0.0730132
0.0749495
-0.171191
-0.185696
-0.143747
-0.0990421
-0.221935
-0.204496
-0.0844616
-0.0196194
-0.190328
-0.0660341
-0.15125
-0.100382
-0.156804
-0.0296452
-0.0932953
-0.0570177
-0.191101
0.0482336
0.0133428
-0.164753
-0.0681835
0.012815
-0.168496
-0.0305354
-0.168182
-0.0904659
-0.203353
-0.0826563
-0.0680865
0.0877483
0.0651248
0.199811
0.0475826
0.0216018
0.0553663
0.00579134
0.0618225
0.144865
0.0723367
0.132478
0.127595
0.20057
-0.0960838
-0.0301926
0.0263219
0.0474661
0.00137058
-0.0212479
-0.100923
-0.00942776
-0.0462717
-0.114856
-0.0182364
-0.27845
0.0539283
-0.0704414
-0.0604892
-0.0151407
-0.0202977
-0.0645243
0.0909804
-0.0991503
0.0709662
-0.0125898
0.000360782
0.0943045
-0.114268
-0.0337075
-0.0676493
-0.125619
0.12974
-0.0197005
-0.0335765
-0.0273399
0.00503327
-0.153588
0.0304419
0.066384
0.115532
-0.0690744
0.0325937
0.00450675
-0.0941215
0.0268736
0.0509692
0.0204675
-0.0679431
-0.0563326
0.080568
0.025272
-0.0792476
0.0279153
-0.030155
-0.0281491
-0.0984766
-0.0864428
0.0424987
0.100235
0.0368471
0.0692293
-0.0600252
-0.00194286
-0.146968
-0.0121935
-0.0886244
0.013675
-0.050005
-0.191317
-0.136328
-0.047794
0.065429
-0.0537524
-0.0428611
-0.213191
-0.107176
0.0102618
-0.162299
-0.162316
-0.222735
-0.178386
-0.0550482
-0.161427
-0.312057
-0.119539
-0.0643556
-0.143458
-0.0645507
-0.108144
-0.257886
-0.206857
-0.201738
-0.0907113
-0.0153793
-0.0659206
0.00885241
-0.0864255
-0.220358
-0.185398
-0.0405756
-0.0353535
-0.0849821
-0.192387
0.0324321
-0.0304697
-0.0134193
-0.00820218
-0.122978
-0.0343728
-0.17164
-0.100486
-0.201633
-0.216776
-0.235895
-0.155088
-0.116172
-0.00873585
-0.174977
-0.248595
-0.235512
-0.124506
-0.0135919
-0.168194
-0.183939
-0.048923
-0.238649
-0.0583542
-0.285334
-0.208478
-0.216834
-0.0820373
-0.0853557
-0.120252
-0.147861
-0.0429649
-0.0968679
-0.0673804
-0.228823
-0.132666
-0.250909
-0.0110842
-0.303885
-0.241072
-0.17675
-0.139355
-0.322521
-0.215653
-0.318156
-0.244986
-0.258572
-0.0713416
-0.194252
-0.137462
-0.242819
-0.137238
-0.253525
-0.186025
-0.261265
-0.418233
-0.247048
-0.173381
-0.100543
-0.197731
-0.0538763
-0.123015
-0.0456206
-0.0324889
-0.0483328
0.00319592
0.0258523
-0.0686846
-0.0905385
-0.0468475
-0.0893801
0.0573394
-0.0296509
-0.12062
-0.0475747
-0.0969095
-0.197297
-0.118103
0.119439
-0.132005
-0.019869
-0.0559388
-0.1634
-0.140874
-0.0689209
-0.142959
-0.186154
-0.100124
-0.0105503
-0.0736115
-0.147305
-0.0907844
-0.238613
-0.00173742
-0.000395027
-0.150415
0.0212666
0.0206883
0.0244907
-0.0100438
-0.0234487
0.0396777
-0.0341817
-0.139034
-0.0346586
-0.127256
0.013121
-0.0408265
-0.161296
-0.101593
-0.109862
-0.276733
-0.109639
-0.143834
-0.212125
-0.0885987
0.061072
-0.0555901
-0.101106
-0.223775
-0.204966
-0.147611
-0.108601
-0.209767
-0.0731186
-0.147345
-0.0442656
-0.225232
-0.275987
-0.2386
-0.203045
-0.12925
-0.159783
-0.0549676
-0.175159
-0.108024
-0.0276497
-0.0678486
-0.0848169
-0.063835
-0.0148327
-0.0281218
-0.0258959
-0.0466382
0.104402
-0.0598946
0.113336
-0.220335
-0.109495
-0.00110738
-0.0375285
-0.0157787
-0.0027067
-0.00859332
-0.126326
0.0284379
0.0600925
-0.0908366
-0.134481
-0.0571925
-0.136685
-0.0817176
-0.104845
-0.0503764
-0.0963926
-0.0418669
-0.165136
0.087509
-0.0417477
-0.0528548
-0.0986564
-0.0591148
-0.0811231
0.0144248
-0.0206596
-0.191805
0.0470492
-0.0324558
0.00283866
-0.0298428
-0.147369
-0.0150517
-0.0725333
-0.0259033
-0.158737
-0.204243
-0.0256002
-0.0434327
-0.0560263
-0.0939401
-0.214826
-0.158946
-0.126601
-0.196532
-0.0767255
-0.077887
-0.322825
-0.144121
-0.159469
-0.0614048
-0.177446
-0.13478
-0.242694
-0.0656624
-0.19512
-0.0326908
-0.162921
-0.175305
-0.177756
-0.19893
-0.119488
-0.162017
0.0895458
0.0283992
-0.165258
0.0206538
-0.0881832
-0.0959631
-0.239931
-0.224244
-0.176489
-0.0942102
-0.0156982
-0.0597817
0.019693
0.0111419
0.0409844
-0.00456048
0.0783691
-0.0533974
0.0735638
0.11267
-0.00381931
-0.000188976
0.0262179
-0.131361
0.0260282
0.0260246
-0.114753
-0.112279
-0.122069
-0.0665444
-0.123926
0.0576861
0.105769
0.0540036
-0.157123
-0.0177847
0.0227003
-0.098437
-0.0493605
-0.076997
0.0382967
-0.000115223
-0.0747549
-0.193559
-0.0397794
-0.223621
-0.0254903
-0.00191264
-0.140629
-0.146821
-0.0456825
-0.194284
-0.147516
-0.191201
-0.0745872
-0.270965
-0.222329
-0.233515
-0.274589
-0.356921
-0.154686
-0.289106
-0.133663
-0.154623
-0.165104
-0.0114265
0.0166674
0.0214311
-0.21719
-0.152939
-0.309502
-0.150773
-0.148598
-0.0698214
-0.133985
-0.153946
-0.134596
-0.0140585
-0.131475
-0.118796
-0.0472944
-0.0941325
-0.165881
-0.0463322
-0.167399
-0.0657512
-0.198794
-0.144545
-0.0427285
-0.241651
-0.109963
-0.269968
-0.249672
-0.213517
-0.179291
-0.325008
-0.315035
-0.194909
-0.0185796
-0.0264688
-0.0819739
-0.182424
-0.244608
-0.187507
-0.0866689
-0.131721
-0.213695
-0.191613
-0.117444
-0.0546328
-0.174659
-0.17147
-0.101622
-0.237113
-0.185049
-0.1472
-0.190175
-0.329101
-0.288783
-0.0994536
-0.315459
-0.0912438
-0.283487
-0.123148
0.0561534
-0.193744
-0.112712
-0.0155264
-0.000642612
-0.0634975
0.0503915
-0.181186
0.0533443
-0.0772208
-0.0229185
-0.0640652
-0.124282
0.08275
-0.00171923
-0.0919132
-0.131076
-0.0296423
-0.0749719
-0.144912
-0.129471
-0.143251
-0.195602
-0.0991643
-0.104213
-0.0997959
-0.130382
-0.167056
-0.260442
-0.221496
-0.219611
-0.0849038
-0.19683
-0.238925
-0.137744
-0.0958998
-0.0638107
-0.234021
-0.270914
-0.138096
-0.344828
-0.282484
-0.243211
-0.202617
-0.272583
-0.241254
-0.0966729
-0.267516
-0.19624
-0.261921
-0.299943
-0.235775
-0.198848
-0.0862868
-0.333408
-0.340519
-0.23375
-0.18551
-0.367583
-0.364036
-0.261067
-0.282326
-0.309892
-0.314355
-0.219546
-0.101495
-0.222419
-0.166998
-0.215637
-0.243532
-0.0962411
-0.107515
-0.150932
-0.11189
-0.204164
-0.152767
-0.131239
-0.216202
-0.157643
-0.183742
-0.324852
-0.368188
-0.275899
-0.119103
-0.17408
-0.303368
-0.323409
-0.193761
-0.345862
-0.096312
-0.0942647
-0.20251
-0.0862962
-0.175755
-0.30567
-0.261181
-0.324081
-0.158741
-0.215904
-0.202133
-0.089192
-0.109966
-0.221392
-0.0551773
-0.103308
-0.156533
-0.0210989
-0.130528
-0.135641
-0.349984
-0.193426
-0.127505
-0.389292
-0.257564
-0.0721339
-0.190494
-0.0973726
-0.160949
-0.319513
-0.103165
-0.115948
-0.158493
-0.147434
-0.189333
0.00250073
-0.0403532
-0.120406
-0.0452124
-0.144825
-0.0978221
-0.171612
-0.264019
-0.115197
-0.280287
-0.176032
-0.14547
-0.091405
-0.337401
-0.181622
-0.0903777
-0.0903465
-0.081701
-0.00261452
-0.178981
-0.0527732
-0.134938
-0.119304
0.00026215
-0.0466534
-0.172769
-0.17859
0.0450631
-0.0389517
-0.0286782
-0.105097
-0.0790608
0.0381624
0.0490718
0.00354506
-0.0955373
-0.0512288
0.0660328
0.144405
0.0398932
-0.0383703
0.133924
0.140406
0.0250091
-0.110945
-0.0921998
0.0176489
-0.194201
-0.178693
-0.00324145
-0.262169
-0.158109
-0.203726
-0.0350023
-0.254038
-0.286703
-0.193776
-0.274628
-0.162048
-0.0643596
-0.0941115
-0.133576
-0.115696
-0.0686216
0.0960872
-0.119749
-0.0820518
-0.00171883
-0.102532
0.045977
-0.157127
-0.0906479
-0.146437
-0.165427
0.0229881
-0.116692
0.0354184
0.0219582
-0.0631917
-0.148635
-0.112271
-0.00538721
-0.255419
0.0652438
-0.209197
-0.207689
-0.120193
-0.333887
-0.107578
-0.191077
-0.0115799
-0.0781053
-0.143749
-0.121554
-0.205726
-0.0996821
-0.104435
-0.0415911
-0.172756
-0.127899
-0.12448
-0.12933
-0.108895
-0.152804
-0.103447
-0.203682
-0.202776
-0.115058
0.0174602
-0.0447283
-0.223879
-0.0418992
0.0122258
0.0128947
-0.128263
-0.255327
-0.0251389
0.144481
-0.0664995
0.00551617
0.0489501
0.152857
0.0200598
-0.0649723
-0.0588529
0.0593312
0.0290535
-0.0804994
0.0910764
0.0848451
-0.272817
-0.0373507
-0.118853
-0.045513
-0.279709
-0.152188
-0.151933
-0.152772
-0.230545
-0.175306
-0.191299
-0.245986
-0.104032
-0.139091
-0.142545
-0.0426221
-0.0198296
-0.136932
-0.058342
-0.110337
-0.154995
-0.203815
-0.233879
-0.243912
-0.148309
-0.143473
-0.168194
-0.1092
-0.222987
-0.0966951
0.0207136
-0.0852603
-0.14471
-0.14135
0.020927
-0.0773818
-0.133592
-0.219965
-0.0864559
-0.186381
-0.0432819
-0.225398
-0.0722983
-0.0557115
-0.139065
-0.246298
-0.159269
-0.128866
-0.238065
-0.22254
-0.162567
-0.157957
-0.0255187
0.106407
-0.166535
-0.029277
-0.0597874
0.0209435
-0.00481303
-0.0319478
-0.102651
-0.0236297
-0.100075
-0.0325837
-0.0434931
0.0443251
-0.0280688
0.0547281
0.0438788
-0.114123
-0.0727116
-0.099396
-0.0649221
0.274677
0.0632959
0.19668
0.211723
0.226507
0.479397
0.405814
0.346607
0.454673
0.594766
0.453265
0.373054
0.0166295
-0.0260211
-0.031749
0.0534521
-0.213278
-0.407629
-0.31153
-0.0703888
-0.232815
-0.579422
-0.219912
-0.083743
-0.192979
-0.197986
-0.197063
-0.231548
-0.108129
-0.431984
-0.618893
-0.143722
0.00443408
-0.596386
-0.45632
0.0699998
-0.626509
-0.658805
-0.0288333
-0.0210327
-0.583873
-0.0957266
-0.0432797
-0.496594
-0.336761
-0.0943059
-0.278299
-0.372649
-0.278753
0.159916
-0.391033
-0.798466
0.0502264
-0.0245604
-0.593137
-0.756786
0.327014
0.0444447
-0.675798
-0.518246
0.11837
-0.325192
-0.617916
-0.361639
0.0518115
-0.580823
-0.535436
0.109389
-0.165604
-0.367336
0.0102062
0.598097
-0.186293
0.0840309
0.333281
0.158513
-0.0577032
-0.00480564
0.297698
0.0717216
-0.204043
0.16111
0.227716
-0.0989844
-0.346891
0.331876
0.267668
-0.269574
-0.238395
0.206729
0.226269
-0.254614
-0.496938
0.301515
-0.387472
-0.627754
-0.0223144
-0.418107
-0.455654
-0.263903
-0.490871
-0.669855
0.119367
-0.418346
-0.612599
-0.12553
-0.433552
-0.339054
0.132151
-0.0823319
-0.560422
0.389732
0.228293
-0.50692
-0.455121
0.50797
-0.266693
-0.567991
0.0304915
-0.00334952
-0.48106
-0.244347
0.497049
0.497045
-0.693721
-0.0511358
0.380865
0.202429
-0.520168
-0.013341
0.353641
0.218066
-0.141397
-0.0681825
-0.0453123
0.023097
-0.025352
-0.0757962
-0.192071
0.0280023
0.144805
-0.264228
-0.0678124
-0.166874
-0.0400892
0.181738
0.083944
-0.043126
-0.199664
-0.224978
-0.104202
-0.0543142
0.0174408
-0.119706
0.0210388
-0.119833
-0.175201
-0.238448
-0.217345
-0.19272
-0.0292694
-0.0993649
-0.320914
-0.190269
-0.206637
-0.41196
-0.336676
-0.349356
-0.242278
-0.371579
-0.352084
-0.399974
-0.326003
-0.364493
-0.284653
-0.282946
-0.24243
-0.485277
-0.460571
-0.470957
-0.467108
-0.637202
-0.582822
-0.467163
-0.397338
-0.50229
-0.703811
-0.6524
-0.476958
-0.44049
-0.274853
-0.393028
-0.44813
-0.397642
-0.389415
-0.262742
-0.352067
-0.432396
-0.608241
-0.494502
-0.545666
-0.654145
-0.517574
-0.505344
-0.326177
-0.253325
-0.210866
-0.445677
-0.418832
-0.524509
-0.491676
-0.548896
-0.549524
-0.392736
-0.224109
-0.338665
-0.268924
-0.241636
-0.271916
-0.136269
-0.16833
-0.244256
-0.253416
-0.204036
-0.154156
-0.154187
-0.270312
-0.128082
-0.368782
-0.444598
-0.249472
-0.277935
-0.162186
-0.277684
-0.0903679
-0.269936
-0.150147
-0.296654
-0.0796614
-0.188329
-0.105103
-0.122123
-0.0213735
-0.00520602
0.0981406
0.0168815
-0.116997
0.0185116
-0.0760011
-0.181622
-0.0167427
-0.099391
-0.31172
-0.0516672
-0.165227
-0.198002
-0.284375
-0.367828
-0.433856
-0.404606
-0.42584
-0.323884
-0.153817
-0.225879
-0.188961
-0.301828
-0.243008
-0.278801
-0.20438
-0.333584
-0.141331
-0.289458
-0.162989
0.0737366
-0.0378441
-0.112528
-0.122484
-0.181016
-0.150086
-0.253693
-0.0812588
0.000747566
0.108562
0.0445938
0.0363397
0.121848
0.137584
0.290177
0.241973
0.250567
0.139175
0.154418
0.166434
0.0618073
0.128952
0.231385
0.166261
0.15749
0.0804365
0.0613459
0.217512
0.204886
0.035919
0.0499622
0.0515565
-0.0558953
-0.00640993
0.0521173
0.0220763
-9.05466e-05
0.0752
-0.0851759
-0.0197557
-0.00332825
-0.00832914
0.170672
0.0301758
-0.0204985
-0.0518745
-0.0461921
0.0953395
0.0876686
0.069873
0.0325884
0.00472071
0.0258308
-0.100956
-0.184881
-0.0735322
-0.116679
-0.0728328
-0.0623178
-0.0989586
-0.121391
-0.262978
-0.336913
-0.308661
-0.200917
-0.120296
-0.244835
-0.18767
-0.19422
-0.186645
-0.326336
-0.22002
-0.173108
-0.293593
-0.245128
-0.195187
-0.219876
-0.147452
-0.194618
-0.166688
-0.248373
-0.201582
-0.199862
-0.298441
-0.217541
-0.269564
-0.173163
-0.214917
-0.312497
-0.24616
-0.24044
-0.213131
-0.405639
-0.269274
-0.428104
-0.262733
-0.362872
-0.276594
-0.269112
-0.284955
-0.340479
-0.351187
-0.402618
-0.331082
-0.372896
-0.521683
-0.367037
-0.501827
-0.53987
-0.469664
-0.459793
-0.333857
-0.313265
-0.548246
-0.481929
-0.442795
-0.484607
-0.270346
-0.341818
-0.203662
-0.204093
-0.438883
-0.300041
-0.330944
-0.357196
-0.332985
-0.465002
-0.247582
-0.332251
-0.207378
-0.149411
-0.373943
-0.3431
-0.276239
-0.211671
-0.319934
-0.198244
-0.238058
-0.112385
-0.193769
-0.258444
-0.464074
-0.187089
-0.133909
-0.24055
-0.282034
-0.0746923
-0.113299
-0.19684
-0.221994
0.00241151
-0.138539
-0.126055
-0.201778
-0.216345
-0.0523716
-0.212645
-0.0887197
-0.120504
-0.155868
-0.105341
-0.227598
-0.245369
-0.153737
-0.0180205
-0.0894646
-0.219973
-0.247732
-0.33447
-0.297159
-0.11612
-0.174165
-0.220474
-0.231373
-0.0863145
-0.305557
-0.132761
-0.232653
-0.258575
-0.249597
-0.292094
-0.113743
-0.211837
-0.234398
-0.0786565
-0.191977
-0.134028
-0.116136
-0.0268685
0.0271114
-0.144323
0.0126245
-0.139384
0.0465603
0.0808835
-0.0278369
0.0716687
-0.164989
-0.179345
-0.0727589
-0.16681
-0.167667
-0.0724741
-0.139707
-0.1078
-0.145299
-0.14169
-0.099321
-0.0580772
-0.12358
-0.174424
0.0018474
0.0225518
-0.115946
-0.0954291
0.0445694
-0.0312659
-0.0557466
-0.0486445
-0.132783
-0.0133726
2.80302e-05
-0.0746183
-0.175455
0.0651565
-0.0423422
-0.056975
-0.0927511
-0.0231955
0.0851582
0.050193
-0.116844
-0.0330037
0.109926
-0.00305215
-0.0312138
-0.0345009
-0.105279
-0.0835183
-0.0157222
-0.107824
0.0441665
-0.0962761
-0.0660561
-0.261182
-0.203512
-0.147048
-0.165066
-0.16133
-0.122184
-0.27863
-0.119064
-0.108725
-0.111498
-0.183854
-0.24089
-0.0403449
-0.105863
0.00446324
-0.154753
-0.154795
-0.029617
0.00201686
0.0207751
-0.01653
-0.0662667
-0.138278
-0.0980848
0.0286892
0.0275863
-0.0078638
-0.100036
0.0982923
0.0209443
0.0425599
0.0487243
-0.00369807
-0.046619
0.0139537
-0.0758382
-0.10945
0.0144949
-0.0457554
-0.00354514
0.0299502
-0.0774246
0.00938669
0.0619023
-0.0256724
-0.0599113
0.123629
0.0151244
0.0505253
-0.0491645
0.021796
-0.0387373
-0.102552
0.0707178
0.081662
0.142947
0.111676
0.0497058
0.0136683
-0.026957
-0.00188711
-0.0161474
-0.012118
-0.123599
-0.0645628
0.0738269
-0.100362
0.0324011
-0.0568822
-0.0923737
-0.0355103
-0.017905
-0.0834244
0.136483
0.0743761
-0.0530784
0.0223367
-0.0810701
0.0257044
-0.00459804
-0.0205424
-0.0293486
0.0553455
0.0129538
-0.0670166
0.00432973
-0.0701234
-0.00792024
-0.0464782
-0.238637
-0.35568
-0.235652
-0.0303846
-0.0586344
-0.116355
-0.012486
-0.150933
-0.123728
-0.133624
-0.110391
-0.00467077
-0.168702
-0.0413859
0.0273734
-0.157972
-0.0370005
-0.0044565
-0.0493663
-0.031851
-0.052012
0.123406
0.0780248
0.0663732
-0.125388
-0.0668748
0.00873045
0.0784519
-0.0164572
-0.0415931
0.0538554
-0.0671821
-0.0238087
-0.0660128
0.0186706
0.0190467
-0.114753
0.0302136
-0.0223432
0.0507068
-0.0225248
-0.0765934
-0.0370208
0.079059
0.0188748
-0.0373297
0.0474116
-0.0891686
-0.0816654
-0.143189
0.0109761
0.00868477
-0.0140461
-0.0581695
-0.0314582
-0.0332596
-0.0214553
-0.079766
-0.043968
-0.166431
0.105719
0.0204342
-0.0206072
-0.0109845
0.0015712
-0.0210009
-0.120805
-0.115887
-0.117857
-0.0465672
-0.190521
-0.107354
-0.0288578
0.0857963
-0.0962543
-0.0618308
0.0151457
0.0164613
0.0667864
0.0794836
-0.0313802
-0.0596329
0.0518537
0.025366
0.103728
0.0781477
0.109473
0.0895717
0.0709651
0.0535879
-0.0332099
0.0451454
-0.0918932
-0.0279974
-0.135212
0.0989607
0.0283155
-0.0523662
-0.00178209
0.0597045
0.157747
-0.211288
-0.113867
-0.0406959
-0.11914
-0.00447018
0.0556169
0.0271759
0.15582
0.11793
0.0690988
-0.050968
-0.0158366
0.0565923
0.0548748
0.00836719
0.140365
-0.0374162
0.0590149
0.0317128
0.0125069
-0.0464819
0.0629705
0.0309071
-0.0408174
-0.0410616
-0.0331794
0.0748986
-0.0454999
-0.0921811
-0.024006
-0.0264845
0.00654601
-0.0570072
-0.123285
-0.136654
-0.0960241
-0.0223645
-0.162542
-0.148134
-0.112703
-0.231724
-0.18845
-0.170858
-0.272115
-0.0563551
-0.220844
-0.125052
0.073063
0.0210356
-0.0185534
-0.072762
0.0112767
-0.064173
0.101837
0.01427
-0.111305
-0.135338
-0.0292397
-0.165301
-0.16476
-0.112347
-0.0023432
-0.0355814
-0.0232251
-0.0413488
-0.0711485
-0.0508295
-0.107928
-0.0939666
0.00471147
-0.129211
-0.0103593
-0.0885565
-0.173506
-0.149046
-0.116996
-0.0504033
0.0116674
-0.203211
-0.122938
-0.125552
-0.0256355
-0.0866004
-0.139508
-0.0953805
0.213185
0.110713
-0.0446693
0.00183084
0.0414364
0.0914071
-0.0476919
-0.0970277
-0.226941
-0.0686167
-0.0816741
-0.0639087
-0.150787
-0.0220802
-0.0906891
-0.234163
-0.28925
-0.20845
-0.182929
-0.353821
-0.216903
-0.286391
-0.356485
-0.316548
-0.283258
-0.295618
-0.429773
-0.225876
-0.295219
-0.289716
-0.305421
-0.318195
-0.33003
-0.191127
-0.109217
-0.0273099
0.0645276
-0.0059809
0.0824594
-0.07378
-0.127804
-0.295592
-0.0732118
-0.314566
-0.169173
-0.179104
-0.198323
-0.135542
-0.0781901
-0.163638
-0.1807
-0.143774
-0.18686
-0.250126
-0.284201
-0.215753
-0.191164
-0.0958902
-0.238933
-0.20145
-0.0648534
0.144304
0.0208275
0.0535079
-0.0243692
-0.00432399
-0.212607
-0.133538
-0.0939024
-0.211126
-0.180401
-0.167587
-0.252077
-0.183166
-0.0232564
-0.0499816
-0.336557
-0.338606
-0.250879
-0.346124
-0.280631
-0.206637
-0.0567195
-0.254817
-0.187984
-0.32994
-0.355028
-0.295122
-0.273614
0.181492
0.18185
0.0917637
-0.119444
-0.158323
-0.204122
-0.401982
0.123659
0.111179
-0.184704
-0.0822375
-0.319526
-0.201993
-0.225954
-0.110294
-0.104283
-0.010366
-0.381233
-0.221313
-0.284314
-0.261246
-0.311428
-0.344066
-0.191929
-0.296765
-0.166424
-0.24831
-0.442792
-0.324629
-0.26167
-0.0971811
-0.129616
-0.0163224
-0.0346733
-0.0719367
-0.103333
-0.114964
-0.0853953
-0.242419
-0.232013
-0.0691052
-0.195583
-0.475917
-0.207154
-0.135699
-0.316729
-0.358247
-0.361503
-0.394849
-0.311576
-0.324742
-0.213227
-0.370487
-0.284854
-0.410553
-0.356977
-0.347852
-0.281016
-0.222001
-0.199437
-0.256092
-0.0167568
-0.0127723
-0.152
-0.0870614
-0.236405
-0.207627
-0.2685
-0.254823
-0.253704
-0.39535
-0.215037
-0.197018
-0.285842
-0.282494
-0.275699
-0.268017
-0.188055
-0.105505
-0.0873563
-0.211758
-0.239391
-0.197543
-0.208892
-0.160588
-0.232765
-0.0480124
-0.0466458
-0.0584073
-0.091927
-0.048594
-0.0778341
-0.173902
-0.0643318
0.0335323
-0.102707
-0.154894
-0.0285414
-0.0685965
-0.120547
-0.0987383
-0.0644353
0.00681144
-0.062423
0.0893625
-0.0183232
-0.0448287
-0.186166
-0.137782
-0.041671
-0.112666
-0.142547
-0.163104
-0.186953
-0.205984
-0.173143
-0.298277
-0.0589159
-0.134977
-0.148426
-0.0670819
-0.117417
0.0373162
-0.0218068
-0.0952736
-0.0241601
0.0501094
-0.191105
-0.13604
-0.286251
-0.168385
-0.34215
-0.105646
-0.205511
-0.274161
-0.147891
-0.111694
-0.148421
-0.105344
0.0432706
0.0189258
0.00800878
0.0576119
0.132846
0.104188
0.0339946
0.059587
0.0895158
0.0569903
0.147393
-0.0303179
0.0463335
-0.220235
-0.288722
-0.202461
-0.107905
-0.168133
-0.0556295
-0.0738396
-0.118547
-0.212831
-0.170947
-0.104545
-0.0411108
-0.0932446
-0.0443331
-0.144428
-0.156027
-0.23766
-0.0750244
-0.157592
-0.0172525
-0.0757773
-0.0346588
-0.0997774
0.00873952
-0.192157
0.038095
-0.134762
-0.197193
-0.235764
-0.291978
-0.277073
-0.183939
-0.289622
-0.393451
-0.240517
-0.303933
-0.289119
-0.172201
-0.213664
-0.142473
-0.154818
-0.13901
-0.0757132
-0.0560029
-0.0704891
-0.096816
-0.140274
-0.159162
-0.113575
-0.0904841
-0.103824
-0.0556914
-0.0349384
-0.0883442
-0.0374493
0.0438624
-0.082716
-0.0794564
-0.0111712
-0.165235
-0.162021
-0.0859829
-0.0827839
-0.18996
-0.0227436
-0.185759
0.110341
0.0877999
0.0610801
-0.028698
-0.0911948
0.0825988
0.000112141
0.134931
0.0930653
-0.0316109
-0.0415446
0.10528
0.0229985
-0.0265516
-0.0559516
0.123884
-0.0130671
0.0755842
0.0833924
0.03257
0.0576959
0.133548
-0.105245
-0.106914
-0.182918
-0.241901
-0.181964
-0.116909
-0.144122
-0.141065
-0.146721
-0.186614
-0.181032
-0.239795
-0.171726
-0.277378
-0.199226
-0.242683
-0.209602
-0.190907
-0.3084
-0.196315
-0.288645
-0.184946
-0.0411125
-0.119321
-0.236501
-0.140229
-0.263634
-0.139958
-0.108169
-0.109245
-0.160938
-0.0580522
-0.162138
-0.349682
-0.0698617
-0.253119
-0.164486
-0.0795707
-0.233443
-0.108414
0.0257624
0.00952002
0.0261235
-0.106181
0.10048
-0.082014
0.050697
0.00937113
-0.0802625
0.0158267
-0.132992
-0.263106
-0.0610254
-0.086157
-0.289858
-0.10447
-0.0795488
-0.136949
-0.256526
-0.286285
-0.356877
-0.430534
-0.28635
-0.236757
-0.180763
-0.132758
-0.127572
-0.0474177
-0.100623
-0.140127
-0.135237
-0.186112
-0.238165
-0.0499857
0.0630781
-0.0191445
-0.116674
-0.00137261
0.0963655
0.103759
0.0900059
0.0751617
0.0771513
-0.0838173
-0.0125581
0.00579544
0.078747
-0.110051
-0.0585587
-0.00119052
0.0639599
0.0473211
0.00954142
-0.0156476
-0.0494544
0.0520002
-0.157279
-0.0523324
-0.207707
-0.140485
-0.12755
-0.0271653
-0.222875
-0.194649
-0.295338
-0.247492
-0.0952704
-0.202475
-0.450947
-0.394583
-0.410741
-0.418337
-0.267177
-0.22557
-0.300035
-0.286617
-0.346996
-0.270377
-0.221781
-0.367512
-0.441766
-0.335315
-0.376471
-0.227424
-0.367358
-0.275193
-0.275515
-0.184153
-0.177952
-0.160341
-0.120054
-0.210794
-0.222536
-0.184937
-0.215084
-0.252581
-0.03037
-0.101576
-0.046853
-0.143056
-0.103707
-0.0376087
-0.0587163
-0.211014
-0.124608
-0.204107
-0.196195
-0.244029
-0.228749
-0.373525
-0.277452
-0.278798
-0.237847
-0.430435
-0.324179
-0.393332
-0.357037
-0.282154
-0.29803
-0.28708
-0.236801
-0.169852
-0.181744
-0.331268
-0.217368
-0.175877
-0.204039
-0.139237
-0.201998
-0.186348
-0.0633571
-0.073386
0.110873
-0.0954171
-0.137514
-0.0580984
-0.142596
-0.080263
-0.128485
-0.196844
-0.168924
-0.218163
-0.201444
-0.158814
-0.229183
-0.261381
-0.182895
-0.36927
-0.346495
-0.150762
-0.110729
-0.19444
-0.0455565
-0.12636
-0.167875
-0.0407574
-0.263881
-0.156439
-0.143019
-0.105622
-0.145497
-0.17969
-0.0949055
-0.147379
-0.106646
-0.0864832
-0.178692
-0.16797
-0.0939646
-0.182093
-0.0711244
-0.0897616
-0.113693
-0.222174
-0.206047
-0.224532
-0.109882
-0.188541
-0.0669201
-0.0435262
-0.113116
-0.101762
-0.0498243
-0.00992045
-0.0923671
-0.127649
-0.123667
0.0420402
0.0342117
-0.0113611
0.12556
-0.0909633
0.0145901
0.173134
0.00435084
0.130311
-0.0482178
0.0285868
0.0278776
0.0150504
0.0900895
0.0328584
0.0686985
-0.0465722
-0.0581186
-0.13406
-0.115553
-0.0877379
-0.170325
-0.202011
0.0237932
-0.103274
-0.262929
-0.179953
-0.061102
-0.208691
-0.100354
-0.10917
-0.16707
-0.145615
-0.186831
-0.149966
-0.126882
-0.207543
-0.282073
-0.168596
-0.0952462
-0.184348
-0.232257
-0.305432
-0.259225
-0.166533
-0.128497
-0.151318
-0.0671649
-0.0671756
-0.121174
-0.0683071
0.119272
-0.0325444
0.0743719
-0.122519
-0.0378221
-0.0569053
-0.00262648
0.0115789
0.0104095
0.0561576
0.0242402
0.0835193
-0.0665229
0.149683
0.0283318
0.0233508
-0.00193587
-0.117696
-0.00649628
-0.17394
-0.30917
-0.205986
-0.187533
-0.252139
-0.328527
-0.207934
-0.373319
-0.241538
-0.25659
-0.200006
-0.3448
-0.338352
-0.281412
-0.184177
-0.202437
-0.183013
-0.100467
-0.0787517
-0.0697215
-0.0184535
-0.0488451
-0.112535
-0.148072
-0.184837
-0.0891379
-0.120274
0.00333978
-0.0408562
-0.0589092
0.0241789
0.0490865
0.0317415
-0.00346914
-0.0579991
-0.0742244
-0.0631325
-0.0998736
0.0396481
-0.0238767
0.0333022
-0.00925626
-0.0863376
-0.0597464
-0.121769
-0.18824
-0.253926
-0.161137
-0.108141
-0.279184
-0.164369
-0.211744
-0.178914
-0.0600209
-0.0988221
-0.109228
-0.0737894
-0.110779
-0.180148
-0.00748924
-0.283787
-0.0690497
-0.215952
-0.150117
-0.132814
-0.122364
0.00233296
-0.0350178
-0.103561
-0.119318
-0.145358
-0.117492
-0.0340985
-0.144232
-0.125702
-0.127299
-0.148537
-0.217026
-0.253076
-0.210621
-0.240309
-0.25206
-0.1593
-0.0202587
-0.137488
0.0394621
-0.143831
-0.229305
-0.160114
0.0490549
-0.0820747
-0.146686
-0.123346
-0.00683085
-0.0759421
-0.0700369
-0.0777773
-0.114981
-0.153302
-0.0945408
-0.0510475
-0.194685
-0.215253
-0.147741
-0.286938
-0.26158
-0.285533
-0.244929
-0.357585
-0.36307
-0.274891
-0.404798
-0.385306
-0.267756
-0.306796
-0.182228
-0.349459
-0.341284
-0.31268
-0.103325
-0.442177
-0.365094
-0.47672
-0.381534
-0.478842
-0.559193
-0.270994
-0.372779
-0.349426
-0.364177
-0.403512
-0.319391
-0.284681
-0.252118
-0.129159
-0.247299
-0.282974
-0.420838
-0.285165
-0.185657
-0.324209
-0.20407
-0.296791
-0.0734228
-0.186456
-0.179522
-0.0736203
-0.304478
-0.159928
-0.179295
0.0357501
-0.163873
-0.0767604
-0.123775
-0.11936
-0.191137
-0.234658
-0.183267
-0.227616
-0.217957
-0.113373
-0.0953222
-0.323644
-0.352834
-0.29973
-0.276382
-0.255993
-0.253486
-0.135632
-0.0497785
-0.176771
-0.23078
-0.000683381
-0.217258
-0.309316
-0.167325
-0.0870952
-0.103459
-0.095175
-0.0975958
-0.0616944
-0.292988
-0.0589404
-0.187459
-0.266893
-0.261371
-0.150141
-0.32929
-0.173395
-0.25057
-0.421863
-0.327035
-0.326308
-0.42975
-0.215643
-0.228618
-0.333778
-0.232123
-0.25641
-0.230225
-0.134325
-0.394568
-0.233114
-0.145685
-0.122005
-0.102212
-0.0412197
-0.327682
-0.287765
-0.416239
-0.210445
-0.251276
-0.17595
-0.185672
-0.284241
-0.344245
-0.296429
-0.424503
-0.257764
-0.370703
-0.20437
-0.00481052
-0.235959
-0.291308
-0.275701
-0.157592
-0.0336716
-0.043121
0.0190415
-0.030868
-0.369007
-0.425061
-0.403737
-0.18934
-0.194384
-0.0610493
-0.0545216
-0.129265
-0.281007
-0.195253
-0.333307
-0.319389
-0.130344
-0.151591
-0.205434
-0.346409
-0.398745
-0.387701
-0.404531
-0.364206
-0.292267
-0.306101
-0.328052
-0.321905
-0.337232
-0.378088
-0.413605
-0.30524
-0.481342
-0.323648
-0.330714
-0.259645
-0.361951
-0.352608
-0.312199
-0.450802
-0.472553
-0.366015
-0.232215
-0.320347
-0.484938
-0.352572
-0.421228
-0.424837
-0.32785
-0.221855
-0.283515
-0.0975256
-0.0843955
-0.178368
-0.137973
-0.14011
-0.111736
-0.0251759
-0.137608
-0.200927
-0.108537
0.0955207
-0.0907157
0.0710485
-0.0952732
0.040879
-0.0510957
-0.18397
-0.0791957
0.0484187
0.0424637
0.112343
0.0818591
0.00431557
-0.0094732
0.0921359
0.0352452
0.120572
0.0729514
0.134154
0.198104
0.0953192
0.0865046
0.131092
0.194376
0.164244
0.107314
0.289038
0.239941
0.166502
0.0980258
0.117178
0.108808
0.213076
0.351035
0.20281
0.368533
0.376408
0.0267117
0.21529
0.221801
0.273488
0.347639
0.228865
0.273368
0.491275
0.147858
0.25439
0.221293
0.377704
0.295941
0.306088
0.336905
0.530257
0.450022
0.453566
0.296295
0.433738
0.436861
0.507731
0.437165
0.548864
0.358156
0.321158
0.390156
0.433642
0.46795
0.427167
0.308497
0.289367
0.251186
0.484742
0.344659
0.425703
0.303173
0.344184
0.260978
0.293978
0.274621
0.164391
0.384192
0.428647
0.367296
0.365917
0.328119
0.303348
0.515219
0.492537
0.510595
0.606622
0.566822
0.523868
0.523879
0.605536
0.688962
0.662067
0.820129
0.825244
0.764803
0.751319
0.945445
0.870667
0.820767
0.878231
0.880747
1.06567
0.959089
0.968013
0.955569
0.974968
0.990356
0.97488
1.02326
1.07229
0.99237
1.06576
1.2038
1.08317
1.07471
1.19991
0.916689
1.00865
1.03478
1.05019
0.918262
1.02589
0.998137
0.894234
0.928902
0.701566
0.699863
0.878551
0.932226
1.02648
0.915476
1.11578
1.01121
0.919937
0.911213
0.894079
0.935292
0.968045
1.17193
1.23804
1.20524
1.24616
1.17671
1.20262
1.24677
1.27663
1.38154
1.62147
1.52296
1.47052
1.47209
1.384
1.37063
1.38103
1.40013
1.33198
1.5141
1.41266
1.31661
1.33391
1.2445
1.13541
1.17439
1.13947
1.29915
1.20172
1.24236
1.27064
1.38615
1.31617
1.4106
1.20532
1.22472
1.20624
1.15802
1.22827
1.46485
1.43927
1.32962
1.57365
1.52548
1.45894
1.51031
1.55389
1.52732
1.43899
1.56219
1.59005
1.47186
1.57613
1.46643
1.50781
1.58931
1.61279
1.66634
1.67139
1.68743
1.50278
1.63515
1.62839
1.66567
1.59963
1.65231
1.69607
1.61041
1.74735
1.72142
1.78895
1.83883
1.78278
1.868
1.85082
1.87695
1.80444
1.72346
1.84984
1.78545
1.83651
1.90912
1.90818
2.00257
1.93816
1.97554
1.92777
2.00236
1.9202
1.89102
2.02169
1.82798
1.97148
1.84914
1.68793
1.78743
1.87972
1.85662
1.90503
2.01693
1.9302
1.865
1.82388
1.83993
1.70554
1.59686
1.69115
1.72758
1.70125
1.6261
1.52457
1.60726
1.55258
1.49591
1.66464
1.61287
1.50631
1.62571
1.6055
1.59335
1.57093
1.73453
1.61519
1.72654
1.59664
1.54324
1.67679
1.67611
1.66501
1.71217
1.55145
1.57943
1.82107
1.77122
1.67661
1.70859
1.76141
1.79459
1.84765
2.00717
1.92493
2.00502
1.95405
1.81644
1.9663
1.80581
1.94889
1.89728
2.092
2.15797
1.88843
1.87813
1.97802
1.88275
1.89455
1.98458
1.92097
1.85534
1.90026
1.93355
1.98603
1.89041
1.84465
1.69526
1.80562
1.80935
1.80483
1.76292
1.8596
1.92359
1.86195
1.80776
1.73021
1.71751
1.92067
1.94415
1.66832
1.8552
1.79307
1.91353
1.78724
1.83339
1.87216
1.8964
1.81181
1.85651
1.91043
1.95778
1.9722
1.89943
1.96447
1.95543
1.86519
2.0284
1.96405
2.00874
2.01029
2.16458
2.16636
2.15491
2.23198
2.15627
2.10955
2.31357
2.17569
2.14945
2.20569
2.2052
2.02757
2.0543
2.01246
2.05128
2.08442
1.89398
1.93587
1.88048
1.99543
1.9228
1.8772
1.87506
1.91393
1.8333
2.00798
1.92424
1.75097
1.81352
1.68336
1.86452
1.93426
2.07561
2.07579
2.1057
2.0803
2.11747
2.22073
2.32578
2.16713
2.26889
2.29495
2.26214
2.16002
2.22245
2.33582
2.29987
2.43052
2.31523
2.27682
2.34176
2.2365
2.30349
2.21792
2.09847
2.06859
2.11134
2.16131
2.13613
2.09894
2.16434
2.20071
2.26862
2.16443
2.18045
2.26003
2.33057
2.17732
2.08741
1.98893
2.01321
1.96303
1.81382
2.06201
1.93072
2.10312
2.1049
2.38458
2.23186
2.36056
2.46018
2.51551
2.59514
2.63711
2.75902
2.74677
2.98748
2.99919
3.03582
3.14171
3.03803
2.9304
2.96988
2.94336
2.96412
2.97922
3.07018
3.09346
3.12762
3.02517
3.037
2.9453
2.92984
3.01988
3.19312
3.1444
3.26732
3.14458
3.07857
3.10261
2.95019
2.9738
2.87523
2.83907
2.74946
2.60708
2.75458
2.79531
2.87412
2.86536
2.84732
2.96768
2.85847
3.13079
3.05074
3.05735
3.20104
3.07941
3.15102
3.34531
3.25736
3.22708
3.2152
3.48871
3.29092
3.25923
3.40606
3.33042
3.32627
3.39421
3.44084
3.4949
3.51435
3.57172
3.60157
3.57971
3.47078
3.67063
3.56017
3.5841
3.5954
3.59723
3.61379
3.44305
3.53334
3.46614
3.54449
3.59686
3.64672
3.67008
3.56742
3.71233
3.70237
3.60066
3.5983
3.57566
3.53977
3.44446
3.36588
3.30756
3.36274
3.35793
3.32155
3.16763
3.18482
3.40123
3.37837
3.42571
3.4895
3.55135
3.34369
3.34447
3.32786
3.38662
3.35271
3.36339
3.40803
3.43112
3.40632
3.44752
3.47699
3.63174
3.4645
3.51351
3.65803
3.69575
3.61137
3.50862
3.45494
3.4536
3.44551
3.59032
3.54827
3.48714
3.57186
3.51962
3.45958
3.59663
3.69593
3.54967
3.5142
3.35498
3.34089
3.22423
3.18691
3.28626
3.30459
3.26038
3.34096
3.303
3.35728
3.39334
3.47048
3.50166
3.3948
3.48217
3.3778
3.35809
3.37387
3.48068
3.36277
3.4164
3.61545
3.76269
3.78941
3.734
3.59129
3.54606
3.42097
3.51098
3.44945
3.50378
3.52222
3.57569
3.47699
3.40838
3.66422
3.64718
3.52648
3.55574
3.53936
3.58433
3.33848
3.39009
3.50582
3.4353
3.55305
3.56204
3.67814
3.68437
3.76254
3.73761
3.73655
3.6751
3.75431
3.74451
3.80438
3.78952
3.81931
3.75944
3.8666
3.89395
3.86943
3.87543
3.63369
3.61015
3.73124
3.6227
3.54319
3.53065
3.54939
3.52516
3.66908
3.74249
3.61206
3.65285
3.68656
3.72815
3.80623
3.62075
3.88609
3.82775
3.83228
3.85317
3.87335
3.87403
3.89036
3.75036
3.72555
3.91263
3.7536
3.70559
3.82853
3.81268
3.80214
3.79142
3.77419
3.64266
3.78095
3.63051
3.81209
3.99273
3.87938
3.92633
3.82316
4.02398
4.02011
3.99898
4.10767
3.83
4.00345
3.89734
4.10913
4.20709
4.1743
4.22449
4.04805
4.0021
3.94253
3.97177
4.04907
4.06504
3.96638
3.9036
3.88053
3.87338
3.84917
3.88777
4.11141
4.09628
4.0169
3.99342
3.99813
3.93998
4.16362
4.24105
4.04176
4.00399
3.87522
3.95297
3.84496
4.12354
4.08604
4.03716
3.75738
3.79294
4.03649
4.06356
3.92727
3.85877
3.92875
3.91771
3.8265
3.74794
3.73127
3.7932
3.51847
3.89854
3.81701
3.76773
3.8706
3.78694
4.10338
4.16222
4.2181
4.3523
4.22387
4.28394
4.51458
4.34192
4.26014
4.24108
4.22617
4.29892
4.26361
4.24303
4.15099
4.35045
4.17236
4.12419
4.03056
4.16201
4.32779
4.27348
4.29009
4.04199
4.0037
3.99884
3.97428
3.96586
4.20613
4.01907
4.06102
3.85722
3.81024
3.71716
3.80149
3.84084
3.68995
3.43625
3.57
3.70318
3.74094
3.89423
3.83734
3.79399
3.89808
3.76447
3.88539
3.67106
3.70275
3.78852
3.59413
3.57356
3.68676
3.66788
3.70929
3.74179
3.73228
3.75416
3.81172
3.88766
3.90356
3.92985
3.98084
3.98161
3.94896
3.97611
3.84323
3.83809
3.86958
3.89946
3.90023
3.9642
3.92153
4.01359
3.89966
3.78609
4.02563
4.02871
4.08929
4.06846
4.29797
4.20564
4.25308
4.0561
4.03773
3.94651
3.90025
3.92187
3.85101
3.68536
3.52487
3.58045
3.50608
3.37681
3.48354
3.52418
3.6072
3.55127
3.75744
3.81862
3.84699
3.84699
3.84699
3.84699
3.84699
3.84699
3.84699
3.84699
3.84699
3.84699
3.84699
3.84699
3.84699
3.84699
3.84699
3.84699
3.84699
3.84699
3.84699
3.84699
3.84699
3.84699
3.84699
3.84699
3.84699
3.84699
3.84699
3.84699
3.84699
3.84699
3.84699
3.84699
3.84699
3.84699
3.84699
3.84699
4.06374
3.88832
4.45075
4.45075
4.45075
4.45075
4.45075
4.45075
4.45075
4.45075
4.45075
4.45075
4.45075
4.45075
4.45075
4.45075
4.45075
4.45075
4.45075
4.45075
4.45075
4.45075
4.45075
4.45075
4.45075
4.45075
4.45075
4.45075
4.45075
4.45075
4.45075
4.45075
4.45075
4.45075
4.45075
4.45075
4.45075
4.45075
4.45075
4.45075
4.45075
4.45075
4.45075
4.45075
4.45075
4.45075
4.45075
4.45075
4.45075
4.45075
4.45075
4.45075
4.45075
4.45075
4.45075
4.45075
4.45075
4.45075
4.45075
4.45075
4.45075
4.45075
4.45075
4.45075
4.45075
4.45075
4.45075
4.45075
4.45075
4.45075
4.45075
4.45075
4.45075
4.45075
4.45075
4.45075
4.45075
4.45075
4.45075
4.45075
4.45075
4.45075
4.45075
4.45075
4.45075
4.45075
4.45075
4.45075
4.45075
4.45075
4.45075
4.45075
4.45075
4.45075
4.45075
4.45075
4.45075
4.45075
4.45075
4.45075
4.45075
4.45075
4.45075
4.45075
4.45075
4.45075
4.45075
4.45075
4.45075
4.45075
4.45075
4.45075
4.45075
4.45075
4.45075
4.45075
4.45075
4.45075
4.45075
4.45075
4.45075
4.45075
4.45075
4.45075
4.45075
4.45075
4.45075
4.45075
4.45075
4.45075
4.45075
4.45075
4.45075
4.45075
4.45075
4.45075
4.45075
4.45075
4.45075
4.45075
4.45075
4.45075
4.45075
4.45075
4.45075
4.45075
4.45075
4.45075
4.45075
4.45075
4.45075
4.45075
4.45075
4.45075
4.45075
4.45075
4.45075
4.45075
4.45075
4.45075
4.45075
4.45075
4.45075
4.45075
4.45075
4.45075
4.45075
4.45075
4.45075
4.45075
4.45075
4.45075
4.45075
4.45075
4.45075
4.45075
4.45075
4.45075
4.45075
4.45075
4.45075
4.45075
4.45075
4.45075
4.45075
4.45075
4.45075
4.45075
4.45075
4.45075
4.45075
4.45075
4.45075
4.45075
4.45075
4.45075
4.45075
4.45075
4.45075
4.45075
4.45075
4.45075
4.45075
4.45075
4.45075
4.45075
4.45075
4.45075
4.45075
4.45075
4.45075
4.45075
4.45075
4.45075
4.45075
4.45075
4.45075
4.45075
4.45075
4.45075
4.45075
4.45075
4.45075
4.45075
4.45075
4.45075
4.45075
4.45075
4.45075
4.45075
4.45075
4.45075
4.45075
4.45075
4.45075
4.45075
4.45075
4.45075
4.45075
4.45075
4.45075
4.45075
4.45075
4.45075
4.45075
4.45075
4.45075
4.45075
4.45075
4.45075
4.45075
4.45075
4.45075
4.45075
4.45075
4.45075
4.45075
4.45075
4.45075
4.45075
4.45075
4.45075
4.45075
4.45075
4.45075
4.45075
4.45075
4.45075
4.45075
4.45075
4.45075
4.45075
4.45075
4.45075
4.45075
4.45075
4.45075
4.45075
4.45075
4.45075
4.45075
4.45075
4.45075
4.45075
4.45075
4.45075
4.45075
4.45075
4.45075
4.45075
4.45075
4.45075
4.45075
4.45075
4.45075
4.45075
4.45075
4.45075
4.45075
4.45075
4.45075
4.45075
4.45075
4.45075
4.45075
4.45075
4.45075
4.45075
4.45075
4.45075
4.45075
4.45075
4.45075
4.45075
4.45075
4.45075
4.45075
4.45075
4.45075
4.45075
4.45075
4.45075
4.45075
4.45075
4.45075
4.45075
4.45075
4.45075
4.45075
4.45075
4.45075
4.45075
4.45075
4.45075
4.45075
4.45075
4.45075
4.45075
4.45075
4.45075
4.45075
4.45075
4.45075
4.45075
4.45075
4.45075
4.45075
4.45075
4.45075
4.45075
4.45075
4.45075
4.45075
4.45075
4.45075
4.45075
4.45075
4.45075
4.45075
4.45075
4.45075
4.45075
4.45075
4.45075
4.45075
4.45075
4.45075
4.45075
4.45075
4.45075
4.45075
4.45075
4.45075
4.45075
4.45075
4.45075
4.45075
4.45075
4.45075
4.45075
4.45075
4.45075
4.45075
4.45075
4.45075
4.45075
4.45075
4.45075
4.45075
4.45075
4.45075
4.45075
4.45075
4.45075
4.45075
4.45075
4.45075
4.45075
4.45075
4.45075
4.45075
4.45075
4.45075
4.45075
4.45075
4.45075
4.45075
4.45075
4.45075
4.45075
4.45075
4.45075
4.45075
4.45075
4.45075
4.45075
4.45075
4.45075
4.45075
4.45075
4.45075
4.45075
4.45075
4.45075
4.45075
4.45075
4.45075
4.45075
4.45075
4.45075
4.45075
4.45075
4.45075
4.45075
4.45075
4.45075
4.45075
4.45075
4.45075
4.45075
4.45075
4.45075
4.45075
4.45075
4.45075
4.45075
4.45075
4.45075
4.45075
4.45075
4.45075
4.45075
4.45075
4.45075
4.45075
4.45075
4.45075
4.45075
4.45075
4.45075
4.45075
4.45075
4.45075
4.45075
4.45075
4.45075
4.45075
4.45075
4.45075
4.45075
4.45075
4.45075
4.45075
4.45075
4.45075
4.45075
4.45075
4.45075
4.45075
4.45075
4.45075
4.45075
4.45075
4.45075
4.45075
4.45075
4.45075
4.45075
4.45075
4.45075
4.45075
4.45075
4.45075
4.45075
4.45075
4.45075
4.45075
4.45075
4.45075
4.45075
4.45075
4.45075
4.45075
4.45075
4.45075
4.45075
4.45075
4.45075
4.45075
4.45075
4.45075
4.45075
4.45075
4.45075
4.45075
4.45075
4.45075
4.45075
4.45075
4.45075
4.45075
4.45075
4.45075
4.45075
4.45075
4.45075
4.45075
4.45075
4.45075
4.45075
4.45075
4.45075
4.45075
4.45075
4.45075
4.45075
4.45075
4.45075
4.45075
4.45075
4.45075
4.45075
4.45075
4.45075
4.45075
4.45075
4.45075
4.45075
4.45075
4.45075
4.45075
4.45075
4.45075
4.45075
4.45075
4.45075
4.45075
4.45075
4.45075
4.45075
4.45075
4.45075
4.45075
4.45075
4.45075
4.45075
4.45075
4.45075
4.45075
4.45075
4.45075
4.45075
4.45075
4.45075
4.45075
4.45075
4.45075
4.45075
4.45075
4.45075
4.45075
4.45075
4.45075
4.45075
4.45075
4.45075
4.45075
4.45075
4.45075
4.45075
4.45075
4.45075
4.45075
4.45075
4.45075
4.45075
4.45075
4.45075
4.45075
4.45075
4.45075
4.45075
4.45075
4.45075
4.45075
4.45075
4.45075
4.45075
4.45075
4.45075
4.45075
4.45075
4.45075
4.45075
4.45075
4.45075
4.45075
4.45075
4.45075
4.45075
4.45075
4.45075
4.45075
4.45075
4.45075
4.45075
4.45075
4.45075
4.45075
4.45075
4.45075
4.45075
4.45075
4.45075
4.45075
4.45075
4.45075
4.45075
4.45075
4.45075
4.45075
4.45075
4.45075
4.45075
4.45075
4.45075
4.45075
4.45075
4.45075
4.45075
4.45075
4.45075
4.45075
4.45075
4.45075
4.45075
4.45075
4.45075
4.45075
4.45075
4.45075
4.45075
4.45075
4.45075
4.45075
4.45075
4.45075
4.45075
4.45075
4.45075
4.45075
4.45075
4.45075
4.45075
4.45075
4.45075
4.45075
4.45075
4.45075
4.45075
4.45075
4.45075
4.45075
4.45075
4.45075
4.45075
4.45075
4.45075
4.45075
4.45075
4.45075
4.45075
4.45075
4.45075
4.45075
4.45075
4.45075
4.45075
4.45075
4.45075
4.45075
4.45075
4.45075
4.45075
4.45075
4.45075
4.45075
4.45075
4.45075
4.45075
4.45075
4.45075
4.45075
4.45075
4.45075
4.45075
4.45075
4.45075
4.45075
4.45075
4.45075
4.45075
4.45075
4.45075
4.45075
4.45075
4.45075
4.45075
4.45075
4.45075
4.45075
4.45075
4.45075
4.45075
4.45075
4.45075
4.45075
4.45075
4.45075
4.45075
4.45075
4.45075
4.45075
4.45075
4.45075
4.45075
4.45075
4.45075
4.45075
4.45075
4.45075
4.45075
4.45075
4.45075
4.45075
4.45075
4.45075
4.45075
4.45075
4.45075
4.45075
4.45075
4.45075
4.45075
4.45075
4.45075
4.45075
4.45075
4.45075
4.45075
4.45075
4.45075
4.45075
4.45075
4.45075
4.45075
4.45075
4.45075
4.45075
4.45075
4.45075
4.45075
4.45075
4.45075
4.45075
4.45075
4.45075
4.45075
4.45075
4.45075
4.45075
4.45075
4.45075
4.45075
4.45075
4.45075
4.45075
4.45075
4.45075
4.45075
4.45075
4.45075
4.45075
4.45075
4.45075
4.45075
4.45075
4.45075
4.45075
4.45075
4.45075
4.45075
4.45075
4.45075
4.45075
4.45075
4.45075
4.45075
4.45075
4.45075
4.45075
4.45075
4.45075
4.45075
4.45075
4.45075
4.45075
4.45075
4.45075
4.45075
4.45075
4.45075
4.45075
4.45075
4.45075
4.45075
4.45075
4.45075
4.45075
4.45075
4.45075
4.45075
4.45075
4.45075
4.45075
4.45075
4.45075
4.45075
4.45075
4.45075
4.45075
4.45075
4.45075
4.45075
4.45075
4.45075
4.45075
4.45075
4.45075
4.45075
4.45075
4.45075
4.45075
4.45075
4.45075
4.45075
4.45075
4.45075
4.45075
4.45075
4.45075
4.45075
4.45075
4.45075
4.45075
4.45075
4.45075
4.45075
4.45075
4.45075
4.45075
4.45075
4.45075
4.45075
4.45075
4.45075
4.45075
4.45075
4.45075
4.45075
4.45075
4.45075
4.45075
4.45075
4.45075
4.45075
4.45075
4.45075
4.45075
4.45075
4.45075
4.45075
4.45075
4.45075
4.45075
4.45075
4.45075
4.45075
4.45075
4.45075
4.45075
4.45075
4.45075
4.45075
4.45075
4.45075
4.45075
4.45075
4.45075
4.45075
4.45075
4.45075
4.45075
4.45075
4.45075
4.45075
4.45075
4.45075
4.45075
4.45075
4.45075
4.45075
4.45075
4.45075
4.45075
4.45075
4.45075
4.45075
4.45075
4.45075
4.45075
4.45075
4.45075
4.45075
4.45075
4.45075
4.45075
4.45075
4.45075
4.45075
4.45075
4.45075
4.45075
4.45075
4.45075
4.45075
4.45075
4.45075
4.45075
4.45075
4.45075
4.45075
4.45075
4.45075
4.45075
4.45075
4.45075
4.45075
4.45075
4.45075
4.45075
4.45075
4.45075
4.45075
4.45075
4.45075
4.45075
4.45075
4.45075
4.45075
4.45075
4.45075
4.45075
4.45075
4.45075
4.45075
4.45075
4.45075
4.45075
4.45075
4.45075
4.45075
4.45075
4.45075
4.45075
4.45075
4.45075
4.45075
4.45075
4.45075
4.45075
4.45075
4.45075
4.45075
4.45075
4.45075
4.45075
4.45075
4.45075
4.45075
4.45075
4.45075
4.45075
4.45075
4.45075
4.45075
4.45075
4.45075
4.45075
4.45075
4.45075
4.45075
4.45075
4.45075
4.45075
4.45075
4.45075
4.45075
4.45075
4.45075
4.45075
4.45075
4.45075
4.45075
4.45075
4.45075
4.45075
4.45075
4.45075
4.45075
4.45075
4.45075
4.45075
4.45075
4.45075
4.45075
4.45075
4.45075
4.45075
4.45075
4.45075
4.45075
4.45075
4.45075
4.45075
4.45075
4.45075
4.45075
4.45075
4.45075
4.45075
4.45075
4.45075
4.45075
4.45075
4.45075
4.45075
4.45075
4.45075
4.45075
4.45075
4.45075
4.45075
4.45075
4.45075
4.45075
4.45075
4.45075
4.45075
4.45075
4.45075
4.45075
4.45075
4.45075
4.45075
4.45075
4.45075
4.45075
4.45075
4.45075
4.45075
4.45075
4.45075
4.45075
4.45075
4.45075
4.45075
4.45075
4.45075
4.45075
4.45075
4.45075
4.45075
4.45075
4.45075
4.45075
4.45075
4.45075
4.45075
4.45075
4.45075
4.45075
4.45075
4.45075
4.45075
4.45075
4.45075
4.45075
4.45075
4.45075
4.45075
4.45075
4.45075
4.45075
4.45075
4.45075
4.45075
4.45075
4.45075
4.45075
4.45075
4.45075
4.45075
4.45075
4.45075
4.45075
4.45075
4.45075
4.45075
4.45075
4.45075
4.45075
4.45075
4.45075
4.45075
4.45075
4.45075
4.45075
4.45075
4.45075
4.45075
4.45075
4.45075
4.45075
4.45075
4.45075
4.45075
4.45075
4.45075
4.45075
4.45075
4.45075
4.45075
4.45075
4.45075
4.45075
4.45075
4.45075
4.45075
4.45075
4.45075
4.45075
4.45075
4.45075
4.45075
4.45075
4.45075
4.45075
4.45075
4.45075
4.45075
4.45075
4.45075
4.45075
4.45075
4.45075
4.45075
4.45075
4.45075
4.45075
4.45075
4.45075
4.45075
4.45075
4.45075
4.45075
4.45075
4.45075
4.45075
4.45075
4.45075
4.45075
4.45075
4.45075
4.45075
4.45075
4.45075
4.45075
4.45075
4.45075
4.45075
4.45075
4.45075
4.45075
4.45075
4.45075
4.45075
4.45075
4.45075
4.45075
4.45075
4.45075
4.45075
4.45075
4.45075
4.45075
4.45075
4.45075
4.45075
4.45075
4.45075
4.45075
4.45075
4.45075
4.45075
4.45075
4.45075
4.45075
4.45075
4.45075
4.45075
4.45075
4.45075
4.45075
4.45075
4.45075
4.45075
4.45075
4.45075
4.45075
4.45075
4.45075
4.45075
4.45075
4.45075
4.45075
4.45075
4.45075
4.45075
4.45075
4.45075
4.45075
4.45075
4.45075
4.45075
4.45075
4.45075
4.45075
4.45075
4.45075
4.45075
4.45075
4.45075
4.45075
4.45075
4.45075
4.45075
4.45075
4.45075
4.45075
4.45075
4.45075
4.45075
4.45075
4.45075
4.45075
4.45075
4.45075
4.45075
4.45075
4.45075
4.45075
4.45075
4.45075
4.45075
4.45075
4.45075
4.45075
4.45075
4.45075
4.45075
4.45075
4.45075
4.45075
4.45075
4.45075
4.45075
4.45075
4.45075
4.45075
4.45075
4.45075
4.45075
4.45075
4.45075
4.45075
4.45075
4.45075
4.45075
4.45075
4.45075
4.45075
4.45075
4.45075
4.45075
4.45075
4.45075
4.45075
4.45075
4.45075
4.45075
4.45075
4.45075
4.45075
4.45075
4.45075
4.45075
4.45075
4.45075
4.45075
4.45075
4.45075
4.45075
4.45075
4.45075
4.45075
4.45075
4.45075
4.45075
4.45075
4.45075
4.45075
4.45075
4.45075
4.45075
4.45075
4.45075
4.45075
4.45075
4.45075
4.45075
4.45075
4.45075
4.45075
4.45075
4.45075
4.45075
4.45075
4.45075
4.45075
4.45075
4.45075
4.45075
4.45075
4.45075
4.45075
4.45075
4.45075
4.45075
4.45075
4.45075
4.45075
4.45075
4.45075
4.45075
4.45075
4.45075
4.45075
4.45075
4.45075
4.45075
4.45075
4.45075
4.45075
4.45075
4.45075
4.45075
4.45075
4.45075
4.45075
4.45075
4.45075
4.45075
4.45075
4.45075
4.45075
4.45075
4.45075
4.45075
4.45075
4.45075
4.45075
4.45075
4.45075
4.45075
4.45075
4.45075
4.45075
4.45075
4.45075
4.45075
4.45075
4.45075
4.45075
4.45075
4.45075
4.45075
4.45075
4.45075
4.45075
4.45075
4.45075
4.45075
4.45075
4.45075
4.45075
4.45075
4.45075
4.45075
4.45075
4.45075
4.45075
4.45075
4.45075
4.45075
4.45075
4.45075
4.45075
4.45075
4.45075
4.45075
4.45075
4.45075
4.45075
4.45075
4.45075
4.45075
4.45075
4.45075
4.45075
4.45075
4.45075
4.45075
4.45075
4.45075
4.45075
4.45075
4.45075
4.45075
4.45075
4.45075
4.45075
4.45075
4.45075
4.45075
4.45075
4.45075
4.45075
4.45075
4.45075
4.45075
4.45075
4.45075
4.45075
4.45075
4.45075
4.45075
4.45075
4.45075
4.45075
4.45075
4.45075
4.45075
4.45075
4.45075
4.45075
4.45075
4.45075
4.45075
4.45075
4.45075
4.45075
4.45075
4.45075
4.45075
4.45075
4.45075
4.45075
4.45075
4.45075
4.45075
4.45075
4.45075
4.45075
4.45075
4.45075
4.45075
4.45075
4.45075
4.45075
4.45075
4.45075
4.45075
4.45075
4.45075
4.45075
4.45075
4.45075
4.45075
4.45075
4.45075
4.45075
4.45075
4.45075
4.45075
4.45075
4.45075
4.45075
4.45075
4.45075
4.45075
4.45075
4.45075
4.45075
4.45075
4.45075
4.45075
4.45075
4.45075
4.45075
4.45075
4.45075
4.45075
4.45075
4.45075
4.45075
4.45075
4.45075
4.45075
4.45075
4.45075
4.45075
4.45075
4.45075
4.45075
4.45075
4.45075
4.45075
4.45075
4.45075
4.45075
4.45075
4.45075
4.45075
4.45075
4.45075
4.45075
4.45075
4.45075
4.45075
4.45075
4.45075
4.45075
4.45075
4.45075
4.45075
4.45075
4.45075
4.45075
4.45075
4.45075
4.45075
4.45075
4.45075
4.45075
4.45075
4.45075
4.45075
4.45075
4.45075
4.45075
4.45075
4.45075
4.45075
4.45075
4.45075
4.45075
4.45075
4.45075
4.45075
4.45075
4.45075
4.45075
4.45075
4.45075
4.45075
4.45075
4.45075
4.45075
4.45075
4.45075
4.45075
4.45075
4.45075
4.45075
4.45075
4.45075
4.45075
4.45075
4.45075
4.45075
4.45075
4.45075
4.45075
4.45075
4.45075
4.45075
4.45075
4.45075
4.45075
4.45075
4.45075
4.45075
4.45075
4.45075
4.45075
4.45075
4.45075
4.45075
4.45075
4.45075
4.45075
4.45075
4.45075
4.45075
4.45075
4.45075
4.45075
4.45075
4.45075
4.45075
4.45075
4.45075
4.45075
4.45075
4.45075
4.45075
4.45075
4.45075
4.45075
4.45075
4.45075
4.45075
4.45075
4.45075
4.45075
4.45075
4.45075
4.45075
4.45075
4.45075
4.45075
4.45075
4.45075
4.45075
4.45075
4.45075
4.45075
4.45075
4.45075
4.45075
4.45075
4.45075
4.45075
4.45075
4.45075
4.45075
4.45075
4.45075
4.45075
4.45075
4.45075
4.45075
4.45075
4.45075
4.45075
4.45075
4.45075
4.45075
4.45075
4.45075
4.45075
4.45075
4.45075
4.45075
4.45075
4.45075
4.45075
4.45075
4.45075
4.45075
4.45075
4.45075
4.45075
4.45075
4.45075
4.45075
4.45075
4.45075
4.45075
4.45075
4.45075
4.45075
4.45075
4.45075
4.45075
4.45075
4.45075
4.45075
4.45075
4.45075
4.45075
4.45075
4.45075
4.45075
4.45075
4.45075
4.45075
4.45075
4.45075
4.45075
4.45075
4.45075
4.45075
4.45075
4.45075
4.45075
4.45075
4.45075
4.45075
4.45075
4.45075
4.45075
4.45075
4.45075
4.45075
4.45075
4.45075
4.45075
4.45075
4.45075
4.45075
4.45075
4.45075
4.45075
4.45075
4.45075
4.45075
4.45075
4.45075
4.45075
4.45075
4.45075
4.45075
4.45075
4.45075
4.45075
4.45075
4.45075
4.45075
4.45075
4.45075
4.45075
4.45075
4.45075
4.45075
4.45075
4.45075
4.45075
4.45075
4.45075
4.45075
4.45075
4.45075
4.45075
4.45075
4.45075
4.45075
4.45075
4.45075
4.45075
4.45075
4.45075
4.45075
4.45075
4.45075
4.45075
4.45075
4.45075
4.45075
4.45075
4.45075
4.45075
4.45075
4.45075
4.45075
4.45075
4.45075
4.45075
4.45075
4.45075
4.45075
4.45075
4.45075
4.45075
4.45075
4.45075
4.45075
4.45075
4.45075
4.45075
4.45075
4.45075
4.45075
4.45075
4.45075
4.45075
4.45075
4.45075
4.45075
4.45075
4.45075
4.45075
4.45075
4.45075
4.45075
4.45075
4.45075
4.45075
4.45075
4.45075
4.45075
4.45075
4.45075
4.45075
4.45075
4.45075
4.45075
4.45075
4.45075
4.45075
4.45075
4.45075
4.45075
4.45075
4.45075
4.45075
4.45075
4.45075
4.45075
4.45075
4.45075
4.45075
4.45075
4.45075
4.45075
4.45075
4.45075
4.45075
4.45075
4.45075
4.45075
4.45075
4.45075
4.45075
4.45075
4.45075
4.45075
4.45075
4.45075
4.45075
4.45075
4.45075
4.45075
4.45075
4.45075
4.45075
4.45075
4.45075
4.45075
4.45075
4.45075
4.45075
4.45075
4.45075
4.45075
4.45075
4.45075
4.45075
4.45075
4.45075
4.45075
4.45075
4.45075
4.45075
4.45075
4.45075
4.45075
4.45075
4.45075
4.45075
4.45075
4.45075
4.45075
4.45075
4.45075
4.45075
4.45075
4.45075
4.45075
4.45075
4.45075
4.45075
4.45075
4.45075
4.45075
4.45075
4.45075
4.45075
4.45075
4.45075
4.45075
4.45075
4.45075
4.45075
4.45075
4.45075
4.45075
4.45075
4.45075
4.45075
4.45075
4.45075
4.45075
4.45075
4.45075
4.45075
4.45075
4.45075
4.45075
4.45075
4.45075
4.45075
4.45075
4.45075
4.45075
4.45075
4.45075
4.45075
4.45075
4.45075
4.45075
4.45075
4.45075
4.45075
4.45075
4.45075
4.45075
4.45075
4.45075
4.45075
4.45075
4.45075
4.45075
4.45075
4.45075
4.45075
4.45075
4.45075
4.45075
4.45075
4.45075
4.45075
4.45075
4.45075
4.45075
4.45075
4.45075
4.45075
4.45075
4.45075
4.45075
4.45075
4.45075
