0.0794236
0.162763
0.000156487
-0.0211806
-0.25466
-0.110067
-0.0292859
0.0497849
0.0156881
0.0120216
0.104266
-0.0234564
-0.0353303
0.025621
0.00831721
-0.0774651
0.0167399
-0.0436702
0.0343318
0.0745874
-0.00604892
0.0271311
0.0396964
0.103148
0.136584
0.0610447
0.0577176
0.0902212
0.104002
0.0163295
0.0460067
0.098028
0.0483653
0.0938152
0.118097
-0.0426231
0.0108181
0.150775
-0.100555
-0.130511
0.0330352
0.0193078
0.0418077
0.121592
-0.00141778
0.038182
-0.020684
0.0551118
-0.070893
0.103589
0.0636926
0.155709
0.0194548
0.109703
0.137325
0.172194
0.188695
0.195865
0.174207
0.262872
0.185917
-0.0231846
0.172372
0.0812667
0.148618
-0.0356414
-0.10439
-0.117636
0.0396513
-0.0445392
0.0366577
0.0170427
-0.0671125
0.00102318
0.0854852
0.0454022
0.224132
0.0610662
0.0440293
0.0800198
0.0211926
-0.157356
0.0546697
-0.00498684
0.0483552
-0.00129979
0.0246027
0.0495125
0.0637404
0.0550305
-0.0308017
-0.0167649
-0.143604
-0.0584912
-0.0468366
-0.0128771
0.0681202
0.120607
-0.101734
-0.0243576
-0.0390002
-0.148706
0.138375
-0.0710719
0.084177
0.0578546
-0.0745645
-0.0914401
0.0264728
0.0582003
-0.0897312
0.0165425
-0.0331354
-0.0595212
0.134299
-0.016759
-0.0234062
0.0106916
-0.091922
0.0761695
0.0844739
0.0756614
-0.0329088
-0.152697
0.0153102
-0.232774
-0.189951
-0.0927153
-0.00454222
-0.0349631
-0.145792
-0.0282616
-0.10464
-0.0759521
-0.242279
-0.181277
-0.256273
-0.0405115
-0.0528252
-0.0736289
-0.0471175
-0.0774646
-0.121279
-0.142419
-0.192899
0.000818619
-0.0187848
-0.131196
0.0660432
-0.0583823
-0.0732934
0.0941202
0.0761154
0.115873
0.0640515
0.0503725
0.0635458
0.162039
0.136709
-0.0628703
0.0494776
-0.0260602
0.0977376
-0.071505
-0.0690351
-0.0515058
0.0136139
0.0498548
-0.00240994
0.0695922
-0.124846
-0.0105799
-0.00920075
-0.105026
-0.0670036
-0.0442509
-0.0597891
0.0771834
0.0432736
0.0269492
-0.016057
0.00115219
-0.0732645
0.00763107
-0.182869
-0.101991
0.112082
0.152442
0.199967
-0.0235271
-0.0534834
0.0849372
0.135001
0.140967
0.285178
0.13325
0.123524
0.156994
0.173031
0.152045
0.0100234
0.041988
0.0480782
0.114104
0.178107
-0.034282
0.056286
0.191203
0.0817545
0.169914
0.21161
0.146784
-0.085462
0.00959314
-0.0301204
0.126456
0.0503684
0.163086
0.0501092
0.179563
-0.0440459
0.0226527
-0.0680694
-0.100485
0.0185899
0.045352
-0.047851
0.138152
0.249027
0.0152478
0.0281456
-0.0511288
0.0824572
-0.0742683
0.0386168
0.085546
0.0636244
0.148002
-0.0091081
-0.118427
0.0284201
-0.0510724
0.0783542
-0.0494194
-0.143148
-0.0984702
-0.143285
-0.0885466
0.0771108
0.0541288
0.0835516
-0.0470055
-0.0876412
-0.2084
0.0136361
-0.0667774
0.0214379
-0.0281106
-0.0910903
0.0503996
0.0454085
0.0522194
0.0419399
0.200189
0.000290609
0.0628964
0.070073
0.0330976
0.119229
0.188685
0.200576
0.0995184
-0.0640021
-0.0226014
0.0405095
-0.0235445
-0.0356895
-0.159185
-0.0616282
-0.184749
-0.114641
0.0190718
-0.00341207
0.0710985
0.0594974
0.127696
-0.0432932
0.0490999
0.035491
-0.0871509
0.00584458
-0.0511323
0.0614367
-0.0189482
-0.154771
-0.128169
-0.0846656
0.124227
-0.0364787
0.0246074
-0.0649439
-0.199941
-0.248008
-0.0903883
-0.187234
-0.0882679
-0.0336662
-0.222222
-0.0154879
-0.006405
-0.114144
-0.0299248
-0.049936
-0.0519507
-0.015329
-0.016701
0.120528
0.0333588
0.028006
0.0265034
-0.0419092
0.00512864
-0.0188616
-0.0632857
-0.181065
-0.118065
-0.0669263
-0.0367442
0.0082368
-0.0615366
-0.106919
-0.128113
-0.219203
-0.161977
-0.149245
-0.02896
0.0481524
-0.0810028
-0.014204
0.0391927
-0.0764807
0.0318782
0.0395104
0.0652018
0.0747146
0.106435
0.115787
0.18679
0.0778098
0.0813573
0.0739357
-0.0520654
0.0430306
-0.0668955
-0.00344951
-0.0759242
-0.0778066
0.00331731
-0.00333249
-0.0283445
0.2449
0.092394
0.197063
0.101907
0.0343793
-0.0969947
0.171253
-0.0305191
0.0368916
0.13083
0.0768966
-0.00819872
0.00391231
0.179495
0.0371744
0.0637495
0.128918
0.159918
0.00943038
0.192591
-0.0781018
0.0420094
0.0133238
0.174168
0.0145716
0.0348765
-0.000888602
-0.0535001
0.00618147
-0.0444486
0.0220823
0.12294
0.118905
-0.031277
0.0293241
0.0313197
0.00130907
0.0362004
0.0708015
0.109945
0.0627645
0.013456
-0.0416949
-0.0391094
-0.0149457
0.0301479
0.0558034
-0.158697
0.040618
0.0743387
0.0230759
0.125009
0.127479
-0.0288495
0.00325695
-0.084242
0.0922056
0.127546
-0.0143673
-0.106722
0.0465508
0.0556376
0.0914474
-0.315424
-0.122517
-0.129257
0.124656
0.0319784
0.167083
0.0183571
0.101929
0.172307
0.173688
0.075803
0.0592366
0.14481
0.0216264
0.0822708
0.204549
0.0800675
-0.102096
-0.122281
0.150803
0.127421
-0.0784953
0.0467345
0.0339048
0.062221
0.0359924
-0.0546004
-0.0769777
0.0088121
0.143416
-0.0101821
-0.0279941
-0.0983459
0.00399899
0.132173
-0.0360735
0.138545
0.165255
0.110571
-0.0951647
-0.0694057
0.0778081
-0.0329343
-0.143698
-0.0780296
-0.0605835
-0.0345517
-0.053097
0.229088
-0.0236816
-2.51943e-05
0.026111
0.0444139
0.0604145
0.0761372
0.0128169
0.0392725
0.141436
0.183023
0.132529
0.203136
0.10476
-0.0379097
-0.0117784
0.0709423
0.0544184
-0.152855
-0.141932
-0.177274
-0.062271
0.00566549
-0.0767037
0.0224381
0.0165027
0.0851737
-0.197601
0.0958346
0.0315028
0.0174868
0.0376749
-0.0674949
-0.00750939
-0.0364348
0.038111
0.0542361
-0.0561309
-0.0495105
0.084773
0.00307973
0.0435183
-0.00104564
0.0195768
0.0567264
0.0115422
-0.102082
-0.0785273
-0.0695231
-0.131053
-0.0813158
-0.0481472
-0.108376
0.00964303
-0.149879
-0.0611138
-0.23601
-0.123334
-0.00369208
-0.0170033
-0.0212027
0.082533
0.0842252
-0.0649208
0.0185994
-0.0218605
-0.0293943
0.0432165
-0.150724
-0.111128
-0.0351313
0.039732
0.00136452
-0.0196298
-0.0254063
0.00394939
0.119805
-0.0164282
-0.158064
-0.0461862
0.173578
0.0444072
0.193194
0.00384926
-0.0214457
0.0679931
0.188737
0.0083452
0.037757
0.0758824
0.0651607
-0.0591653
0.0375135
-0.0265191
-0.0443924
0.0290104
0.0795782
0.0311477
0.0508346
0.129165
-0.0294765
0.0137414
-0.150956
-0.0732272
0.00817382
0.119071
0.15781
-0.0193054
-0.0429272
-0.0315721
0.0207628
0.0592362
0.00405561
-0.00152634
0.0132793
0.215609
0.19686
0.0935871
0.142721
0.111947
0.0581949
0.0675022
0.0762507
-0.0142881
0.0424587
0.0325845
0.143746
0.0147625
0.0579264
0.0319287
0.122336
0.240252
0.257976
0.220443
0.218763
0.263516
0.0564989
0.230324
0.146218
0.0998026
0.120816
0.0473765
0.0837783
0.173096
0.146148
0.154461
0.195937
0.168151
0.299933
0.301549
0.121669
0.291464
0.213347
0.133013
0.26044
0.225497
0.24685
0.242601
0.0966929
0.130832
0.253277
0.154447
0.0141909
0.00361153
-0.0546603
0.172972
0.0891943
0.20503
0.0688988
0.00719515
0.125612
0.257663
0.120795
0.243899
0.0842091
0.0601088
0.0849119
0.120707
-0.0364734
0.106097
-0.110038
-0.257548
-0.0505833
-0.0325908
0.0266317
0.04466
-0.0116268
-0.0260404
-0.0363094
-0.0199337
0.0336955
-0.0105856
-0.0415258
-0.0429233
-0.0910856
-0.0541338
0.00743789
-0.0823966
-0.00245867
0.127227
0.124547
0.17021
0.073061
-0.0220442
0.052551
0.0122214
0.102552
-0.0699115
0.0543726
-0.0438137
0.0753689
0.0650767
0.0234686
-0.0244551
0.0427111
0.0623207
-0.0805989
-0.0342093
0.0446582
0.0697272
-0.0305534
-0.00235911
0.0771407
0.150254
0.0827505
0.0465285
0.0418699
0.0374771
0.101945
0.169259
0.0825216
0.078177
0.0582284
0.0468309
-0.111205
-0.128848
-0.118324
-0.0300373
-0.207113
-0.227402
0.10527
-0.0220421
-0.0570484
0.141626
-0.114417
-0.040102
0.022346
0.26158
0.112163
0.0578793
0.0448229
0.0817864
0.0323036
0.0711257
0.0561922
0.0468325
0.00753471
0.0431072
-0.154564
-0.11378
-0.0188298
0.0283814
-0.0730424
0.0458931
-0.0832896
-0.0403941
-0.0230162
0.078442
-0.00534313
-0.115015
-0.000550014
-0.180446
-0.134234
-0.0128084
0.0109719
-0.0871036
-0.0691457
0.0524565
-0.136021
0.0453977
-0.109324
0.0890171
0.06722
0.00339087
-0.0142164
-0.0325692
-0.027842
0.164879
0.131205
0.0653183
0.0689799
0.000510074
0.0427237
-0.0690698
0.226442
0.0386637
0.0197936
0.121818
-0.0234209
-0.145582
0.088371
0.0660438
0.0341737
0.00730351
0.047009
0.191043
0.079241
0.115661
0.0680691
0.225906
0.165623
0.109057
0.126322
0.0487761
-0.0358022
-0.0899997
0.0174317
0.0617167
0.0139465
0.3339
0.160563
0.197954
0.172993
0.142459
0.0399962
0.0617766
-0.0807526
-0.0434207
-0.0566028
-0.132167
-0.0909684
0.0157884
-0.0186459
0.062992
-0.0902035
0.0134947
0.0984007
-0.0606021
-0.106633
-0.106967
-0.0559797
-0.123319
-0.0728356
0.0290669
-0.0471712
-0.0927323
-0.0527603
-0.011098
0.0854508
0.0436337
0.0155726
0.100799
0.074198
0.121751
0.100217
0.072759
0.033748
0.0729211
0.0243425
-0.0407143
0.0625215
0.0207753
0.151162
-0.0580824
-0.0951925
-0.0218891
-0.0366785
-0.0532462
0.0721513
0.0846121
0.0486225
0.123734
0.117944
0.013495
-0.0505466
-0.0519071
0.012659
0.0936182
-0.0707997
-0.134233
-0.128752
0.110714
0.185366
-0.258442
0.184575
0.0369241
-0.00559399
-0.0473059
-0.0299104
0.110735
-0.158946
0.109911
0.182714
-0.109848
-0.046066
0.0882883
-0.122733
-0.25596
-0.0897061
-0.0983549
-0.10582
-0.780954
0.17293
-0.0627011
-0.609759
-0.730534
-0.11428
-0.113416
-0.365484
-0.370214
0.26248
-0.0603852
-0.122463
0.235837
0.390011
0.426539
0.560959
0.354633
0.302696
0.377146
0.0980204
-0.247493
-0.189818
0.292243
-0.0597936
-0.13221
-0.435286
0.340421
0.135064
-0.4887
0.555167
0.561702
-0.143841
0.329859
0.611423
0.292724
-0.663416
0.0858629
0.153569
-0.692225
-0.061085
0.360156
-0.197524
-0.357779
-0.343302
-0.40137
-0.203772
-0.0554136
-0.135461
0.130292
0.59764
0.273448
0.411166
0.396817
-0.36498
-0.120823
0.296597
-0.4116
-0.388579
0.444286
-0.21483
-0.231349
0.0786676
-0.825701
-0.689315
-0.107721
0.110031
-0.214076
-0.242162
0.208501
0.15792
-0.654056
0.441552
0.386406
-0.0238922
-0.859718
0.505977
0.274034
-0.403699
-1.04018
0.763993
0.303769
-0.504735
-0.446851
0.594064
0.237819
-0.246444
0.246237
0.633488
0.0919337
-0.30759
0.279773
0.422563
-0.343899
-0.351665
0.267513
0.890869
-0.608394
-0.31907
0.496188
0.245844
-0.164471
-0.453021
0.142774
-0.31625
-0.394501
0.227849
0.334433
-0.684878
-0.151527
0.617858
0.487263
-0.5072
0.00592843
0.195688
-0.211652
-0.390765
0.258634
-0.272986
-0.393402
-0.363966
-0.333075
-0.421646
-0.285629
-0.306565
-0.484013
-0.473079
-0.0358539
-0.274205
-0.257457
-0.024506
0.0140272
0.0945435
-0.0242104
-0.0812172
-0.0944251
-0.327953
0.0992496
0.0936194
0.0590971
-0.326926
-0.297287
0.0520919
-0.0171489
-0.572355
-0.621101
-0.0830199
0.139731
0.0286623
-0.620434
-0.162856
0.41618
-0.64379
-0.42981
0.0781741
0.16372
-0.454608
-0.674749
-0.210961
0.0799677
-0.0509224
-0.238928
-0.0890273
-0.0460685
0.000966631
-0.235794
0.285452
0.0716148
-0.207133
0.205072
0.20517
-0.372486
-0.270202
0.353083
0.138573
-0.229151
-0.617212
0.489988
0.472311
-0.452123
-0.297133
0.034648
0.107716
-0.0584292
-0.136485
-0.106613
-0.455104
-0.546941
-0.0870569
-0.393331
-0.718405
-0.196122
-0.0189097
-0.567374
-0.463664
-0.263859
0.141159
-1.06286
-0.900576
-0.130848
-0.150547
-0.817801
0.0158785
0.524103
-0.748999
-0.0843756
0.173013
-0.148437
-0.778147
-0.601172
-0.0129293
-0.168495
-0.219514
-0.343234
-0.151895
-0.160499
-0.434544
-0.585297
0.140029
-0.180723
-0.135105
0.330222
-0.173416
-0.152707
-0.124714
-0.425044
-0.626556
-0.403343
-0.680577
-0.337809
-0.725087
-0.54804
-0.68195
-0.447062
-0.992288
-0.733573
-0.172454
-0.372714
-0.372284
-0.0826145
-0.212116
-0.42727
-0.000557552
-0.32764
-0.724747
-0.702378
-0.0954325
-0.547155
-0.403851
-0.206207
-0.629266
-0.46527
-0.486839
-0.0599699
-0.489247
-0.391854
-0.313633
0.0825057
-0.0348818
-0.538695
0.0185006
-0.116138
-0.439388
0.0332716
0.0516939
-0.449356
-0.113977
0.0607481
-0.197457
-0.174372
0.215427
-0.0380656
-0.263196
-0.255779
-0.041678
-0.0114541
-0.816285
-0.295074
0.360837
0.0790683
-0.245771
-0.00962435
0.365662
-0.00641247
0.0867935
0.26832
0.353635
0.0937055
0.0754378
0.183819
0.204837
0.0843669
0.199081
0.252529
0.164136
0.136942
0.0570668
-0.0419577
-0.213279
-0.0454832
0.0271808
-0.130607
-0.225152
-0.55404
-0.0106629
-0.0741839
-0.162985
-0.529468
-0.333445
-0.0257543
-0.259306
-0.506417
-0.455072
0.293593
-0.468349
-0.751321
0.733239
0.378565
-0.34793
0.000534526
0.483011
-0.454579
0.132512
0.684605
-0.194918
0.430033
0.105212
-0.0865861
-0.214178
0.240581
0.320361
-0.473031
0.348263
0.609137
0.567156
-0.0214012
0.466724
0.719874
0.512906
0.0648071
-0.203936
0.501303
0.5481
-0.340177
0.129942
0.533939
-0.209555
-0.471165
0.755094
0.0754213
-0.605871
-0.143812
0.328269
-0.40073
-0.37298
0.705814
0.817649
0.0822794
-0.174074
-0.0395905
0.604657
0.279832
0.127322
0.514646
0.446647
0.0850369
0.179126
0.304749
0.245437
0.080473
0.320039
0.213333
0.00300244
0.097932
-0.0123747
-0.104326
0.000682369
-0.0253717
-0.0780048
0.053654
-0.0248275
0.171042
0.230385
0.146255
0.0233982
0.0545556
0.0615803
0.0535911
0.0407597
-0.023357
-0.186481
-0.324847
-0.108166
-0.0816477
-0.187013
-0.159084
-0.0866771
-0.150269
0.0270536
-0.0490244
-0.0841178
-0.0500464
-0.093313
-0.0656865
-0.0503749
0.0901645
0.0909781
-0.0723033
0.0136503
-0.150845
-0.110292
-0.203344
-0.0751118
-0.102915
-0.0284195
-0.143032
-0.0785587
-0.153004
-0.228183
-0.145459
-0.151818
-0.228112
-0.365742
-0.220079
-0.162712
-0.283812
-0.276484
-0.397814
-0.149726
-0.176137
-0.379576
-0.306409
-0.346423
-0.219909
-0.13023
-0.166453
-0.321879
-0.316545
-0.357922
-0.324237
-0.329101
-0.446973
-0.560304
-0.490528
-0.393408
-0.421307
-0.406218
-0.413761
-0.280606
-0.418105
-0.388193
-0.510367
-0.349057
-0.328017
-0.501427
-0.426871
-0.423539
-0.364445
-0.340413
-0.417309
-0.366025
-0.286946
-0.451983
-0.317015
-0.195738
-0.293335
-0.350035
-0.451353
-0.377695
-0.396792
-0.409162
-0.283646
-0.204168
-0.1519
-0.251793
-0.0652688
-0.0899596
-0.135305
-0.200118
-0.265456
-0.214931
-0.192711
-0.240541
-0.267848
-0.153698
-0.151771
-0.110813
-0.258133
-0.0954167
-0.262197
-0.133986
-0.100215
-0.0967015
-0.0773331
-0.0559091
-0.141331
-0.194874
-0.325985
-0.26626
-0.346265
-0.139073
-0.146168
-0.0881656
-0.110643
0.0748368
-0.102617
-0.131777
-0.0630018
0.022323
-0.0954459
0.0564181
0.093201
0.191791
0.213508
0.105682
0.246165
0.0990336
0.136563
0.108448
0.0461682
0.0119948
0.00704011
0.00884212
0.248112
0.0442658
0.0415599
-0.0343135
-0.121791
-0.065588
-0.106893
-0.0864257
-0.0808853
0.02137
0.0533129
-0.0258585
0.0481783
0.0501179
0.0191604
-0.148088
-0.0581964
-0.046274
-0.086425
-0.100695
-0.115787
-0.153166
-0.116644
-0.0807769
0.0210616
-0.0874099
-0.129179
-0.161171
-0.037202
-0.198728
-0.0289899
-0.0862117
-0.222536
-0.132094
-0.158696
-0.0856565
-0.0402548
-0.0395729
0.0411723
-0.0157015
0.0617543
0.0423987
-0.0539404
-0.0925564
-0.0273346
-0.0659432
-0.00410149
-0.0977979
-0.0493806
-0.0733206
-0.0671873
0.00754176
-0.0561857
0.0634865
-0.0329828
-0.00229166
0.0917009
-0.0578374
0.103636
-0.12115
-0.154487
-0.218288
-0.250569
-0.081688
-0.108821
-0.115672
-0.173743
0.0120301
-0.130459
-0.210869
-0.202569
-0.314648
-0.112015
-0.107119
-0.0887063
-0.147702
-0.196884
-0.17627
-0.214912
-0.154545
-0.225497
-0.348803
-0.222647
-0.240823
-0.223047
-0.216689
-0.24621
-0.173665
-0.216676
-0.276849
-0.120929
-0.127547
-0.0921235
-0.224576
-0.106389
-0.201373
-0.173623
-0.128864
-0.169175
-0.145627
-0.289979
-0.242713
-0.135913
-0.146093
-0.197619
-0.0276642
-0.141019
-0.127551
-0.288304
-0.191196
-0.106942
-0.351409
-0.239356
-0.10911
-0.138782
-0.108557
-0.00760385
-0.1165
-0.136645
-0.048555
-0.113752
-0.166325
-0.123519
-0.0150337
-0.0678764
-0.125829
-0.16878
0.0102073
-0.164551
-0.136619
-0.0983587
-0.024834
-0.0990015
-0.0818162
-0.163648
0.0129747
-0.100361
-0.13663
-0.19157
-0.0852929
-0.0202149
-0.00534753
-0.0882131
0.247276
-0.041695
-0.0118395
-0.0745433
0.0708005
0.0152536
0.0980832
0.020641
-0.121118
-0.0918968
-0.307073
-0.227166
-0.122404
-0.103672
-0.290842
-0.326762
-0.347431
-0.248835
0.0518855
-0.0972103
-0.175697
-0.269137
0.0908257
0.156465
-0.279013
-0.523791
-0.096271
0.163643
-0.159643
-0.442689
0.0912127
0.310265
-0.0409827
-0.651029
0.377026
0.446334
-0.443114
0.00780306
0.627161
-0.129831
-0.685373
0.202495
-0.213019
-0.558818
-0.00822531
-0.28341
-0.333508
-0.0768899
-0.128807
0.0750173
-0.22855
0.196231
0.39279
-0.361453
-0.124854
0.212854
0.218141
-0.608574
-0.185772
0.0739945
-0.223417
-0.474488
-0.0226941
-0.2303
-0.445778
-0.0642577
-0.0856795
-0.314589
0.142576
-0.218683
-0.0710222
-0.158822
-0.178599
-0.191669
-0.0162456
-0.0158206
-0.131794
-0.200706
0.186797
-0.537554
-0.403774
0.225057
0.1566
-0.361999
-0.00896275
-0.00122225
-0.437113
-0.289874
0.104772
0.248663
-0.25647
-0.165703
0.118741
-0.0627021
-0.397183
-0.0628791
0.367014
-0.382132
0.0293831
0.114238
-0.56314
-0.512524
-0.386966
-0.392675
-0.414906
-0.407821
-0.115358
-0.0624257
-0.21961
-0.215267
0.139389
-0.108786
0.0872094
0.602409
-0.155833
0.183429
0.515296
0.293984
-0.390435
0.333299
0.173819
-0.178278
0.030873
0.210283
0.165008
-0.182203
-0.0848099
0.140492
0.0252787
-0.029104
-0.0853683
0.00544834
0.426416
0.344612
-0.304133
-0.021158
0.139496
0.205203
0.210801
0.287088
0.227683
0.252212
0.232659
0.450311
0.251478
0.461554
0.729798
0.0149295
0.32358
0.339109
0.196489
0.280113
0.214895
0.182461
0.193539
-0.0693329
-0.0588276
-0.0219728
0.0871045
-0.107963
0.246741
0.0781106
0.226312
0.217082
0.337781
0.503698
0.578748
0.654539
0.509498
0.209557
0.699088
0.483862
0.00925261
0.231074
0.742526
0.246334
-0.147764
0.636453
0.313042
-0.00371954
-0.0717311
0.163481
0.0425681
-0.0058855
-0.076767
0.0593063
0.0817084
0.0776002
0.222767
0.470717
0.545884
0.703456
0.530771
0.631322
0.238834
0.0440722
0.313174
0.395075
-0.0693804
-0.0913126
0.291278
0.138397
0.159261
0.34333
0.565526
0.228924
0.378988
0.45704
-0.123593
0.512148
-0.0323995
-0.22757
0.13316
0.192929
-0.34616
-0.0316168
0.00342751
-0.325958
0.106315
-0.142619
-0.257831
0.165979
-0.112925
-0.253666
0.153609
0.21906
-0.267514
0.214533
0.00079492
-0.298159
0.287234
0.251422
-0.298736
-0.419111
0.0403188
-0.238782
-0.380427
-0.236303
-0.158417
-0.516772
-0.145345
-0.312166
-0.364566
-0.346705
-0.104858
-0.0455988
-0.32896
0.437108
0.294866
-0.179084
-0.205592
0.165593
-0.058729
-0.490962
-0.290305
-0.24476
-0.709466
-0.55714
-0.268437
-0.0285654
-0.250084
-0.728729
-0.429304
-0.118045
-0.600398
-0.137153
0.235233
-0.150815
-0.063845
0.231293
-0.409423
-0.626143
0.295868
-0.395971
-0.453258
0.151229
-0.280034
-0.414169
0.295289
0.529904
-0.53963
0.205553
0.787836
0.361618
-0.464566
0.315263
0.555172
-0.140284
-0.179597
0.366379
0.123333
-0.38762
-0.0267822
0.40248
0.0682975
-0.165777
-0.0276947
-0.0642293
-0.262913
-0.0209641
-0.123541
-0.387112
-0.433353
-0.112486
-0.0229462
0.0695161
-0.00394721
-0.142794
-0.17091
-0.216905
-0.207921
-0.0942967
-0.151709
-0.26005
-0.0730592
-0.131631
-0.255091
0.0128845
0.10641
-0.0511946
0.0287503
0.135186
-0.0562226
-0.0228693
0.227512
0.249088
0.276649
0.273549
0.186573
0.308841
0.127024
0.168216
0.255918
0.430879
0.609812
0.617123
0.555891
0.792137
0.621379
0.660554
0.375212
0.472077
0.61264
0.721799
0.518501
0.681757
0.657706
0.561663
0.438834
0.487215
0.434505
0.53152
0.476194
0.295615
0.258252
0.193838
0.384906
0.217362
0.380035
0.261159
0.133146
0.032523
0.349867
0.210397
0.245454
0.38153
0.228371
0.216788
0.327562
0.340439
0.29708
0.278479
0.428087
0.400368
0.580397
0.565915
0.55526
0.633664
0.804947
0.752538
0.64259
0.767265
0.644562
0.819942
0.580533
0.718107
0.428491
0.463056
0.584242
0.669319
0.514866
0.572385
0.518685
0.51914
0.356843
0.394827
0.306451
0.487117
0.576197
0.464814
0.468613
0.442685
0.44172
0.468372
0.312578
0.454404
0.33551
0.405509
0.41761
0.195677
0.230538
0.273993
0.364111
0.279389
0.507688
0.457938
0.416241
0.473443
0.429225
0.511149
0.654039
0.646917
0.846134
0.616865
0.683529
0.917214
0.939238
0.860578
0.964899
0.846079
1.02004
0.875129
0.976783
0.90618
0.978397
0.918595
0.894939
0.807007
0.891398
1.05481
0.935686
0.867398
0.889374
0.852396
0.79959
0.896126
0.887134
0.759574
0.991157
1.07787
0.953128
0.849943
1.09935
1.00284
1.1966
1.28618
1.23277
1.28494
1.47685
1.36112
1.3681
1.37857
1.47578
1.55111
1.61055
1.67253
1.43477
1.60179
1.38881
1.30932
1.36595
1.4512
1.3634
1.3549
1.67182
1.70377
1.61446
1.70161
1.52323
1.48872
1.63359
1.64056
1.85735
1.83184
1.92996
1.86416
1.85105
2.0508
2.161
2.1308
2.16439
2.14923
2.19151
2.50472
2.51536
2.68166
2.87919
2.92262
2.86171
3.04018
3.01951
3.13837
3.28115
3.33214
3.20752
3.41595
3.72137
3.74517
3.69276
3.62109
3.89593
3.80572
3.78297
3.82639
3.71806
3.77986
3.73248
3.8023
3.8409
3.86195
3.95354
4.0893
4.16585
4.15457
4.24097
4.17178
4.40546
4.37845
4.50078
4.68193
4.71353
4.8868
4.8282
4.99996
5.03879
5.1433
5.14363
5.14509
5.31584
5.24545
5.35129
5.35054
5.50103
5.63366
5.43749
5.65834
5.53046
5.84739
5.83367
5.80052
5.78661
6.01632
6.05469
6.22322
6.18943
6.38281
6.495
6.45587
6.57278
6.88499
6.94578
6.8431
7.02511
7.20292
7.14745
7.17987
7.27848
7.19218
7.11805
7.25524
7.24386
7.1399
6.98333
6.81595
6.82537
6.8299
6.86608
6.75645
6.89243
6.84393
6.7066
6.76905
6.8294
6.91497
7.10792
6.90384
7.07597
7.31688
7.21096
7.40689
7.45586
7.70347
7.71412
7.9116
8.21393
8.1467
8.06561
8.06008
8.11878
8.25508
8.33086
8.31606
8.28411
8.41232
8.45663
8.69378
8.3229
8.36402
8.43951
8.26005
8.29235
8.45914
8.33954
8.25871
8.18439
8.27103
8.22059
8.28536
8.24394
8.13762
8.22144
8.46389
8.33388
8.59057
8.67749
8.85512
8.76014
8.97203
8.9848
8.98432
9.23262
9.6576
9.79552
9.68508
9.78758
9.95381
9.93522
9.81296
9.75683
10.05
10.1267
9.98235
10.1228
9.84015
9.76259
9.62737
9.71511
9.68271
9.81058
9.92702
9.75589
9.76626
9.7261
9.54019
9.66353
9.83072
9.99192
10.0871
10.0817
10.1402
10.0874
10.1369
10.3764
10.4785
10.7009
10.7627
10.9266
10.7015
10.6432
10.6782
10.874
10.9551
10.8971
10.5783
10.5421
10.6841
10.3335
10.3368
10.329
10.5159
10.2442
9.83995
9.91573
9.86124
10.0937
10.1492
9.85505
9.8645
9.84692
10.0654
9.90204
10.0307
10.4227
9.98037
9.99082
10.1724
10.123
10.2213
10.2322
10.1725
10.2887
10.4628
10.3036
10.2898
10.3618
10.5032
10.5259
10.5413
10.4865
10.4853
10.0885
10.1822
10.0115
9.97666
10.0066
10.214
10.2578
10.1808
10.193
10.2312
10.2691
10.3425
10.2506
10.4093
10.4269
10.3891
10.5701
10.7274
10.9073
10.9944
10.8972
11.0812
11.4256
11.4137
11.4355
11.3788
11.6187
11.5123
11.3327
11.1945
11.2362
11.1418
11.1615
11.0908
11.1812
10.9125
10.9355
11.0069
11.2242
11.3643
11.2547
11.4209
11.5115
11.5468
11.7355
11.7768
11.9668
12.2126
12.243
12.5097
12.4471
12.5717
12.7362
12.7832
13.1759
13.143
13.3084
13.2736
13.2058
13.221
13.2121
13.1208
13.3239
13.3003
13.1012
13.067
13.2023
12.9171
12.9317
12.8642
12.7319
12.4956
12.5244
12.5785
12.4613
12.4258
12.4629
12.565
12.7144
12.8209
13.0215
13.1581
13.3995
13.5439
13.7016
13.6234
14.0889
14.1454
14.0872
14.2723
14.3198
14.2647
14.4879
14.3438
14.192
14.1937
13.9987
13.9052
13.8807
13.7532
13.8446
13.757
13.6272
13.4246
13.5895
13.4266
13.5206
13.599
13.5874
13.6882
13.8791
14.206
14.1384
14.1489
14.5144
14.6874
14.7412
14.7961
14.9547
15.1249
15.2156
15.1519
15.2599
15.2347
15.2585
15.2842
15.2587
15.2512
15.46
15.319
15.4103
15.1789
15.147
15.1838
15.0863
15.0966
15.0635
14.9627
15.1288
14.995
15.0297
15.1721
15.2776
15.3946
15.358
15.6019
15.5802
15.6755
15.7721
15.7135
15.9045
15.7261
16.0409
15.9681
16.0823
16.0971
16.1197
16.0841
16.1501
16.2055
16.0955
15.955
15.869
15.9496
15.8404
15.8181
15.8144
15.6138
15.7738
15.7368
15.8513
16.0112
15.9975
16.0975
16.3679
16.4718
16.5844
16.9402
16.9559
17.1856
17.3101
17.2954
17.6902
17.8372
17.8747
17.9388
18.283
18.252
18.3356
18.4695
18.3081
18.3404
18.2684
18.3075
18.129
18.1225
17.9691
18.0096
18.0916
17.9193
17.8633
17.7985
17.8943
17.7941
17.8047
17.7837
17.9373
17.8436
18.0595
18.1181
18.2825
18.4787
18.6324
18.6695
18.9552
18.9548
19.1884
19.0101
19.2173
19.2834
19.0955
19.0777
18.8684
18.6429
18.5215
18.3
18.003
17.8827
17.8823
17.7267
17.7066
17.5362
17.5211
17.6076
17.5306
17.6176
17.7947
17.7418
17.7799
17.9529
17.9951
18.2678
18.26
18.3441
18.4194
18.6143
18.4678
18.4936
18.4139
18.3675
18.2984
18.2606
18.0629
18.0986
18.2259
17.8934
17.7655
17.659
17.6467
17.5917
17.5994
17.4327
17.5382
17.4629
17.498
17.3722
17.3666
17.2627
17.4867
17.5465
17.7604
17.8175
17.8398
17.9701
18.0587
18.0635
18.1134
18.2455
18.252
18.3548
17.8576
17.9459
17.8011
17.7674
17.7852
17.7238
17.5134
17.4876
17.4488
17.1083
17.2328
17.154
17.1922
17.0268
17.12
17.1375
17.0382
17.0731
17.2975
17.3117
17.5277
17.5424
17.6493
17.4879
17.7274
17.6311
17.5627
17.6278
17.5911
17.7005
17.8455
17.7211
17.7415
17.7342
17.5369
17.3795
17.0767
17.2262
17.2186
17.0704
17.0413
16.7485
17.0224
16.8393
16.6262
16.4914
16.4001
16.5015
16.4682
16.4337
16.27
16.7785
16.7833
16.7654
16.9176
16.9457
16.7337
16.6655
16.8539
17.0681
16.99
16.9646
17.0719
17.0147
16.999
16.8073
16.8032
16.6251
16.4327
16.5508
16.5058
16.3897
16.4033
16.2248
16.1862
16.0712
16.2459
16.0064
15.9919
16.0804
16.0288
16.2421
16.2992
16.314
16.1622
16.226
16.2554
16.3291
16.3837
16.3172
16.3031
16.5361
16.7104
16.7149
16.6815
16.6202
16.7462
16.6753
16.8271
16.687
16.6138
16.6022
16.6299
16.7451
16.5912
16.6867
16.5414
16.6577
16.6264
16.5799
16.6028
16.4908
16.4509
16.1924
16.4151
16.497
16.3795
16.5563
16.4045
16.6057
16.437
16.6256
16.7526
16.7392
17.0282
16.8916
16.9181
16.9503
16.8462
16.7177
16.6893
16.8308
16.6437
16.6804
16.6111
16.6737
16.5214
16.6608
16.6192
16.5451
16.6345
16.3351
16.3732
16.2443
16.4158
16.2345
16.1169
16.1427
16.1865
16.068
16.1516
16.1377
15.9728
16.1975
16.3574
16.2572
16.3689
16.6473
16.7897
16.5933
16.9084
17.0316
17.0008
17.1541
17.066
17.2438
17.1557
17.2957
17.3319
17.2902
17.3217
17.2378
17.1256
17.0752
17.0872
16.8833
17.103
17.0563
17.1394
17.2057
17.1506
17.0687
17.1738
17.3348
17.2293
17.4436
17.7082
17.858
17.8192
17.7862
17.9005
18.0154
17.9567
17.9312
18.0609
17.8802
18.1691
18.4803
18.407
18.5925
18.5517
18.2627
18.2813
18.2892
18.2999
18.3363
18.461
18.2801
18.6066
18.3162
18.0894
18.3498
18.7053
18.5549
18.5318
18.5888
18.9675
19.0867
19.3661
19.4492
19.1268
18.988
18.9871
19.1585
19.153
18.8464
18.8426
18.8415
18.7047
18.7416
18.857
18.758
18.8454
18.9363
19.0011
19.344
19.2238
19.4576
19.7016
19.773
20.1698
20.2323
20.2167
20.1749
20.4785
20.506
20.5502
20.6256
20.4353
20.5035
20.195
20.0762
20.1272
20.0361
19.9332
19.9633
19.8684
19.765
19.4252
19.4626
19.5929
19.6254
19.9673
20.1768
20.2959
20.3116
20.7356
21.095
21.1408
21.4448
21.7452
21.8955
22.0689
22.3464
22.9454
22.857
23.2294
23.2149
23.2227
23.2323
23.4543
23.3084
23.0908
23.0489
22.8712
22.7861
22.5674
22.2548
22.19
21.9293
21.7304
21.819
21.6832
21.7883
21.8347
22.0278
22.0727
22.2099
22.5712
22.5936
22.7417
22.8218
23.1186
23.3425
23.4551
23.5446
23.8873
23.8974
23.8776
23.9421
24.095
24.099
23.9013
23.9955
23.8318
23.9836
23.8367
23.7724
23.5625
23.5458
23.4775
23.4558
23.4543
23.4324
23.4752
23.579
23.8852
24.0332
24.1629
24.2432
24.7097
24.6811
24.9025
25.0406
25.7932
25.9773
26.1154
26.2218
26.6442
26.691
26.8479
26.968
27.3361
27.1506
27.0776
27.0571
27.1049
27.068
26.9364
26.8014
26.6099
26.4598
26.2173
26.1741
25.7472
25.7009
25.5713
25.6632
25.9342
26.1337
26.4404
26.6089
26.9544
27.3308
27.3013
27.4831
28.1526
28.5956
28.5846
28.8404
28.8991
29.2477
29.4657
29.3589
29.5251
29.7326
29.9694
29.9808
30.0384
30.0143
29.9168
29.8024
29.7807
29.9889
30.0817
29.9461
29.8127
29.675
29.6039
29.8369
30.1511
30.2842
30.7237
31.3691
31.6871
32.4148
32.8189
33.0877
33.2367
33.741
34.5255
34.7456
35.004
35.1725
35.3557
35.4917
35.6242
35.468
35.5836
35.2848
34.9423
34.5913
34.6787
34.4274
34.3699
34.1951
34.4362
34.1321
34.131
34.5691
34.7667
35.1964
35.4865
35.7752
35.8939
35.8558
35.9175
36.3722
36.3799
36.1427
36.1382
35.9085
35.7352
35.6846
35.5338
35.2807
35.1047
34.7171
34.706
34.547
34.4759
34.4017
34.3336
34.3065
34.3935
34.495
34.4991
34.8302
35.3493
35.4261
35.4956
36.0055
36.1327
36.6137
36.8359
37.1259
37.5602
37.5828
37.5948
37.5233
37.488
37.398
37.2168
36.7454
36.4487
36.17
35.8699
35.3688
35.1842
34.9042
34.6655
34.4653
34.0821
34.0676
34.0282
33.9537
34.1968
34.5337
34.7211
34.8593
35.2826
35.7276
35.8608
36.046
36.4481
36.5947
36.7905
37.0723
36.9965
37.1799
37.1944
37.0067
36.9752
36.9898
36.7046
36.0791
35.8686
35.6847
35.3855
35.2351
34.6245
34.4486
34.1521
33.8864
33.6819
33.6375
33.7075
33.7196
34.1205
34.4008
34.7398
35.1712
35.3515
35.4588
35.9547
36.2169
36.3784
36.6141
36.7058
37.0627
37.175
37.1
37.1255
37.352
37.1485
37.0865
37.0828
36.6049
36.4519
36.2612
35.979
35.6523
35.3852
35.1291
35.0786
34.7356
34.7087
34.6094
34.7263
35.0453
35.3488
35.8392
36.0065
36.0973
36.558
36.6842
36.8961
37.2057
37.4896
37.4414
37.681
37.9786
38.1042
38.2493
38.3524
37.9153
38.0381
37.7581
37.4735
37.0794
36.9385
36.6231
36.1878
35.9807
35.8002
35.5639
35.751
35.9483
36.3773
36.6076
36.871
37.1394
37.2077
37.7535
38.011
38.1511
38.7922
39.1231
39.1621
39.4127
39.5013
39.7625
39.795
39.5802
39.5882
39.5926
39.395
39.1882
39.0718
38.7372
38.3788
37.95
37.3839
37.1344
36.7046
36.3674
36.0141
36.0152
36.0896
36.1282
36.2452
36.6318
36.649
37.0654
37.6035
37.8601
38.0208
38.4363
38.8487
38.9084
39.0108
39.0965
39.1956
39.2444
39.1999
39.0046
38.9038
38.6873
38.4752
38.459
37.6156
37.7554
37.3797
37.2309
36.9376
36.7059
36.6972
36.4389
36.2036
36.269
36.1509
36.5097
36.7616
37.1306
37.2671
37.5528
37.6389
37.9227
38.1163
37.9575
38.0972
37.9534
38.0621
37.9291
37.7234
37.5037
37.3978
37.3824
37.3682
36.9318
36.919
36.934
36.7315
36.7505
36.77
36.788
36.9332
36.9844
36.9642
37.2708
37.2785
37.2751
37.4635
37.5275
37.6102
37.3946
37.7915
37.7224
37.5256
37.3747
37.3668
37.4127
37.3812
37.3504
36.8516
36.8565
36.7538
36.7879
36.5657
36.4192
36.2781
36.1925
36.1911
36.3441
36.478
36.6603
36.6421
36.8999
36.8769
37.1452
37.2737
37.4272
37.4359
37.5354
37.4633
37.7252
37.9552
37.7651
37.8935
37.5804
37.4685
37.1336
37.1373
37.2172
36.8572
36.6225
36.5507
36.6226
36.462
36.6877
36.9573
36.938
36.8033
36.8221
36.901
36.878
37.2208
36.7644
36.7975
36.4987
36.1297
35.6934
35.3618
35.4947
35.3973
34.8853
34.6304
34.5093
34.3429
34.1136
34.0439
33.8946
33.9876
34.1443
34.4503
34.4869
34.6472
34.7175
34.8505
35.0602
35.1744
35.2311
35.2232
35.2978
35.1042
35.1425
35.1338
35.0594
34.9672
34.9057
34.5137
34.2826
34.0903
33.8851
33.6143
33.5307
33.278
33.3246
33.2385
33.2708
33.0471
32.9318
32.8726
32.8011
32.6394
32.5681
32.8704
32.836
32.9168
33.2887
33.4176
33.5426
33.8002
34.1525
34.3161
34.2829
34.2764
34.4558
34.1802
34.0323
33.8889
34.0061
33.5922
33.6726
33.4521
33.1756
33.039
32.8238
32.6124
32.1169
32.0254
31.6279
31.4993
31.0911
30.9815
30.8939
31.0398
31.3226
31.4523
31.4047
31.6225
31.8813
31.9986
32.1527
32.1948
32.5861
32.7184
32.5933
32.4533
32.4892
32.2979
32.1075
32.0137
31.732
31.468
31.2367
31.0896
30.6153
30.4802
30.0121
29.69
29.4954
29.0883
29.0023
28.7628
28.9994
28.7567
28.8322
28.8566
29.0571
28.8528
28.6068
28.84
28.885
29.177
29.2116
29.2528
28.8595
28.8961
28.9029
28.9222
28.5038
28.3442
28.2722
27.9051
27.4686
27.3392
27.1059
26.6706
25.9558
25.8831
25.8082
25.4782
24.8868
24.7248
24.5348
24.2171
24.0619
23.7937
23.7006
23.9881
23.9544
23.9987
23.6841
23.6061
23.6808
23.5477
23.5651
23.3627
22.9678
22.9632
22.8284
22.6798
22.1908
21.7768
21.8309
21.3502
21.4019
20.8935
20.1606
19.7975
19.3477
19.0947
19.0598
18.4648
17.7788
17.5551
17.2501
17.1197
16.8689
16.472
16.4583
16.4012
16.5176
16.9554
16.9215
16.8766
16.8196
16.7021
16.9051
17.0323
16.8201
16.7066
16.599
16.6058
16.0965
16.1469
16.282
16.0347
15.4147
15.2249
15.273
15.0879
14.8507
14.5801
14.3899
13.9686
13.7783
13.6953
13.5852
13.5303
12.9634
12.7204
12.6228
12.5142
12.3437
12.4163
12.2459
12.1376
11.6537
11.7901
11.5782
11.5229
11.6265
11.6852
11.5504
11.3699
11.4303
11.2885
11.109
11.2035
11.1661
11.1614
11.2228
11.1836
10.8859
10.8388
10.6165
10.8204
10.6865
10.6709
10.8979
10.8466
10.4031
10.3874
10.5254
10.4184
10.2341
10.1931
10.2458
10.0898
10.1026
9.9677
9.75077
9.61886
9.59223
9.76878
9.75447
9.66108
9.68249
9.70218
9.65366
9.57388
9.07437
9.21005
9.15899
8.96825
8.93438
8.887
8.97507
8.91867
8.89236
8.71729
8.74156
8.5413
8.33633
8.25385
8.3105
8.25633
8.15983
8.2653
8.35673
8.01714
7.96943
7.8162
7.68951
7.34348
7.50659
7.43619
7.47111
7.46982
7.52863
6.95976
7.02648
7.14497
7.12087
7.06569
7.19325
7.3687
7.38445
7.1736
7.10043
6.98331
7.06006
7.20492
7.36853
7.26714
6.94408
7.10254
7.14918
6.88111
7.23048
7.31399
7.13308
7.04065
6.90436
6.77684
6.77478
6.87076
7.00567
6.62508
6.60069
6.78898
6.81889
6.64921
6.94505
7.30871
7.22764
6.94754
7.35617
7.80589
7.82989
7.41642
7.71675
8.06214
7.85477
7.99701
8.08382
8.15644
7.98803
8.28734
8.38545
8.24907
7.96578
8.13609
8.05853
8.03391
7.89959
7.77686
7.79899
7.42891
7.44004
7.78605
7.53429
7.39275
7.37724
7.43421
7.33258
7.26395
7.4811
6.76241
6.9944
7.04312
6.93264
6.96401
6.80716
6.67866
6.76659
6.74077
6.9211
6.95345
6.77154
6.76308
6.82651
6.92451
6.83744
7.03617
7.06274
7.02055
6.99901
7.20589
7.21297
7.18562
6.98414
6.92154
7.03758
7.02605
6.91095
7.20279
6.68165
6.94784
6.81241
7.01085
6.90021
6.97853
6.64257
6.58923
6.61366
6.76545
6.80884
6.80836
6.54973
6.54069
6.58755
6.50126
6.69555
6.83891
6.49043
6.61771
6.83041
6.82396
6.81544
7.13639
6.84763
6.59361
6.9934
6.97906
6.87619
7.04214
6.79695
6.7648
6.80802
6.65951
6.31864
6.64172
6.83331
6.64573
6.54392
6.49714
6.57905
6.48405
6.73007
6.83151
6.81761
6.64755
6.96695
6.89154
6.8077
6.80059
6.69431
6.78691
6.74159
6.51339
6.43895
6.3948
6.36006
6.21637
6.32691
6.31445
6.24038
6.17695
6.40941
6.67085
6.59339
6.18322
6.41557
6.43447
6.39839
6.20958
6.18615
6.09455
6.18622
6.12624
6.03055
5.96084
5.74234
5.95568
5.8353
5.87078
5.76072
5.82478
5.76957
5.60719
5.53338
5.51971
5.46709
5.28497
5.49007
5.44998
5.53988
5.55508
5.38316
5.47151
5.48915
5.45931
5.51281
5.39588
5.47014
5.66967
5.46379
5.42973
5.47009
5.32642
5.3329
5.15708
5.14972
5.02914
4.89635
4.87135
4.78628
4.87599
4.83902
4.64231
4.41545
4.56092
4.38688
4.49393
4.43061
4.38537
4.42548
4.32175
4.05326
4.18796
4.28554
4.14243
3.97447
4.07428
4.07611
4.11912
3.93103
3.96934
3.9984
4.22939
4.06487
4.38562
4.34032
4.24667
4.56824
4.46182
4.44449
4.6376
4.51994
4.52107
4.6447
4.61187
4.73192
4.64537
4.46971
4.50793
4.58828
4.52424
4.4022
4.38088
4.29058
4.35986
4.39579
4.22343
4.16224
4.22146
3.84804
4.21458
4.08797
4.03262
3.95303
3.92869
3.80994
3.70591
3.67899
3.60071
3.78851
3.63582
3.56875
3.58041
3.67324
3.69396
3.88
3.89483
4.06813
3.7463
3.92948
3.82924
3.9115
3.92384
4.09453
3.94611
3.60545
3.46084
3.37812
3.35407
3.54398
3.59394
3.65579
3.75388
3.46187
3.38572
3.48958
3.27043
3.30547
3.52034
3.4332
3.22111
3.39167
3.04056
2.81544
3.2207
3.23624
3.24117
3.23431
3.25707
3.01801
3.09344
3.11181
2.97272
3.08256
3.2572
3.12537
3.0417
3.02646
3.12322
2.86453
3.03953
2.91606
3.04882
2.94184
2.82414
2.71386
2.68203
2.86043
3.01933
2.96226
2.7878
2.79187
2.53097
2.51919
2.59415
2.62336
2.67559
2.4017
2.23522
2.35148
2.27436
2.11539
1.99761
2.24504
2.23006
2.09591
1.81241
1.88869
1.75745
1.97745
2.04803
1.7965
1.78194
1.91288
1.82655
1.81048
1.82596
1.90408
1.58511
1.68884
1.94623
1.61443
1.61587
1.52685
1.51937
1.47663
1.30487
1.37935
1.305
1.24205
1.39987
1.16674
1.09732
1.13784
1.1062
1.18615
1.04013
1.26506
1.0209
1.22243
1.13936
0.783088
0.694528
0.649795
0.7228
0.870004
0.894088
0.941492
0.71067
0.665333
0.522338
0.627104
0.419756
0.703241
0.507478
0.480673
0.507923
0.366291
0.657224
0.374431
0.470131
0.518285
0.283474
0.25223
0.305903
0.405815
0.167514
0.66296
0.546776
0.316582
0.666248
0.501819
0.526702
0.419711
0.703611
0.62972
0.46802
0.47418
0.414848
0.415942
0.277095
0.303574
0.31612
0.322203
0.281315
0.409074
0.331286
0.061859
0.256668
0.235081
0.0746456
0.0661689
0.21726
0.148686
0.0948775
0.0977458
-0.0123307
-0.0980106
-0.128554
-0.311994
-0.22192
-0.216258
-0.220375
-0.00443187
-0.0904766
-0.0714275
-0.167304
-0.185105
-0.280782
-0.335025
-0.267085
-0.226454
-0.217813
-0.292508
-0.264205
-0.380326
-0.627278
-0.524211
-0.498291
-0.3882
-0.61823
-0.565986
-0.595819
-0.709293
-0.860089
-0.545996
-0.638786
-0.460279
-0.755852
-0.986014
-0.768838
-0.647233
-0.800306
-0.761484
-0.6301
-0.820049
-1.02521
-0.70938
-0.840966
-1.04836
-1.07287
-0.612814
-0.904813
-1.33944
-0.968073
-0.601475
-0.688352
-0.791017
-0.695414
-0.560277
-0.746976
-0.944098
-0.941041
-0.569338
-0.799037
-1.12685
-0.919675
-0.960129
-0.897512
-1.32582
-1.08482
-0.697111
-0.728362
-0.957261
-0.787654
-0.527557
-0.689169
-0.719958
-0.599681
-0.641697
-1.22857
-0.74746
-0.530386
-1.23784
-1.31137
-0.624052
-1.23564
-1.06367
-0.747515
-1.0343
-1.01497
-0.565824
-0.766949
-0.842319
-0.765492
-1.07407
-0.635176
-0.82039
-1.1256
-1.09763
-0.960095
-0.999076
-0.916689
-0.85661
-1.03148
-0.842302
-0.781992
-1.12271
-1.03431
-0.52424
-1.04929
-1.08765
-0.649345
-1.0926
-0.893844
-0.606278
-1.00302
-0.979795
-0.408328
-0.55907
-0.774744
-0.0713075
-0.504321
-0.945562
-0.199374
-0.350675
-0.578504
-0.836566
-0.682302
-0.337541
-0.710094
-1.13278
-0.552511
-0.5024
-0.967785
-0.874158
-0.277434
-0.910676
-1.06957
-0.423123
-0.196585
-1.04865
-0.552616
-0.191928
-0.204204
-0.541928
-0.459606
-0.183556
-0.476307
-0.337766
-0.388512
-0.618324
-0.419611
-0.44827
-0.536737
-0.474178
-0.40116
-0.657155
-0.704724
-0.490931
-0.371668
-0.441529
-0.584543
-0.541901
-0.414068
-0.502839
-0.413932
-0.325176
-0.456093
-0.225481
-0.551385
-0.702055
-0.586589
-0.759597
-0.709423
-0.778
-0.379934
-0.566866
-0.654154
-0.863921
-0.454446
-0.974651
-0.833693
-0.647801
-0.482899
-0.618637
-0.766515
-0.736216
-1.00923
-0.925229
-0.776847
-0.67751
-0.699731
-0.721308
-0.477538
-0.835369
-0.802141
-0.826334
-0.622718
-0.688965
-0.841697
-0.821572
-0.915265
-0.750604
-0.963229
-0.827423
-0.595027
-0.711144
-0.981543
-0.917898
-0.78891
-0.754166
-0.621484
-0.73458
-0.694771
-0.475207
-0.438559
-0.590349
-0.514891
-0.671887
-0.33674
-0.538684
-0.640014
-0.347813
-0.56192
-0.609835
-0.242672
-0.376441
-0.450563
-0.686992
-0.640473
-0.840943
-0.987518
-0.840823
-0.95131
-0.796709
-0.653665
-0.660585
-0.760253
-1.04171
-0.988182
-0.924907
-1.06897
-0.847031
-0.741495
-0.627817
-0.720331
-0.579271
-0.518412
-0.551095
-0.969561
-0.774454
-0.710638
-0.666206
-0.790639
-0.644523
-0.743946
-0.809879
-1.1127
-1.15727
-1.03835
-0.951987
-0.727809
-0.732087
-0.803047
-0.629279
-0.93948
-0.900642
-0.777702
-0.787133
-0.687556
-0.247804
-0.28523
-0.535667
-0.606949
-0.805084
-0.578855
-0.423857
-0.378245
-0.312694
-0.393439
-0.225079
-0.503534
-0.502237
-0.585712
-0.747527
-0.725207
-0.658056
-0.499894
-0.646559
-0.648476
-0.465099
-0.378668
-0.447346
-0.54548
-0.408934
-0.406793
-0.210024
-0.607369
-0.323955
-0.487492
-0.499535
-0.509863
-0.328364
-0.455356
-0.548123
-0.650807
-0.643788
-0.613203
-0.654544
-0.804203
-0.892314
-0.642582
-0.39328
-0.807886
-0.753914
-0.907356
-0.838551
-0.89145
-0.831239
-0.836334
-0.886801
-0.805092
-0.84023
-0.836604
-0.880342
-0.698988
-0.771095
-0.797743
-0.873713
-0.9659
-0.96778
-0.954977
-1.02265
-1.24051
-1.20426
-1.04578
-1.0102
-1.10722
-1.10685
-1.01333
-0.951646
-1.00957
-1.13487
-1.1418
-1.23561
-1.166
-1.1824
-1.09899
-1.15171
-0.99192
-1.34903
-1.09171
-0.95634
-0.970717
-0.715984
-1.14545
-0.891632
-1.03291
-0.966367
-0.827277
-0.784056
-0.790607
-0.826731
-0.973696
-1.06485
-1.07494
-0.825349
-0.899274
-0.921553
-1.12107
-1.18786
-1.12466
-1.11552
-1.22415
-1.30538
-1.07009
-1.09567
-1.07217
-1.05001
-1.08384
-1.19824
-1.24686
-1.45397
-1.42597
-1.11328
-1.34013
-1.16067
-0.991372
-0.967288
-0.945816
-0.878933
-0.989465
-0.752422
-0.85387
-0.82577
-0.906228
-0.953364
-0.750091
-0.890756
-0.77041
-0.904568
-0.974596
-0.991918
-1.23925
-1.00958
-0.956004
-1.0371
-1.08811
-0.87584
-1.15464
-1.03177
-0.936426
-0.928369
-0.672722
-0.961224
-0.846156
-0.804117
-0.893031
-0.894723
-1.0069
-0.956781
-1.03012
-0.830813
-1.0045
-0.986062
-0.973298
-0.832173
-0.887141
-1.14474
-0.904737
-1.09637
-0.996722
-0.678998
-0.837618
-0.830467
-0.631186
-0.834825
-0.948544
-0.851869
-0.807537
-1.00009
-0.887464
-0.689426
-0.941341
-0.915641
-0.730008
-1.00773
-0.938697
-0.89406
-1.04766
-0.813333
-0.921843
-0.851977
-0.877098
-0.874491
-0.987185
-0.88178
-0.624204
-0.810402
-0.984912
-0.854099
-0.95279
-0.798238
-0.868078
-0.950736
-0.815507
-0.6501
-1.20238
-1.0784
-1.04466
-1.00813
-0.988227
-1.01399
-0.982276
-1.01127
-0.92743
-1.02998
-0.920063
-0.891659
-1.01002
-0.923476
-1.02874
-0.970898
-0.901645
-1.08976
-0.735685
-0.846447
-1.11124
-0.788494
-0.957083
-1.00745
-0.987746
-0.968493
-0.619901
-0.939575
-0.941326
-1.00933
-0.886081
-0.807687
-0.758101
-1.17394
-0.993533
-0.966433
-0.716183
-0.868945
-1.09467
-0.747509
-0.918531
-0.636857
-0.734704
-0.613033
-0.611943
-0.86328
-0.784529
-0.885925
-0.727549
-0.776998
-0.868145
-0.936033
-0.868233
-0.848949
-0.83669
-0.901903
-1.01776
-0.925495
-1.04836
-0.96185
-1.19424
-1.05707
-0.879359
-1.01036
-1.17718
-0.930333
-0.978932
-0.898341
-0.966042
-1.0941
-0.805825
-1.09315
-1.09724
-1.13415
-1.01946
-0.975666
-0.897524
-1.16423
-1.04223
-0.825582
-0.89868
-0.761883
-0.902372
-0.963435
-0.763953
-1.00257
-0.922249
-0.955967
-0.927826
-1.02792
-0.867215
-0.933445
-0.903882
-0.974997
-0.816548
-0.871833
-1.01832
-0.905283
-1.07911
-1.0231
-1.09853
-0.923832
-0.969666
-1.0656
-1.19338
-1.33209
-1.12863
-1.03926
-1.03692
-0.850674
-1.0799
-1.09183
-1.16169
-1.1822
-0.966297
-1.11153
-1.08408
-1.09808
-1.0593
-1.14699
-1.01708
-1.10783
-1.04161
-0.804533
-1.03136
-1.25772
-0.986844
-1.06914
-1.11029
-1.14701
-1.22076
-0.856864
-0.844759
-0.948053
-0.824936
-0.922957
-1.13734
-1.00532
-1.01389
-0.889527
-1.00985
-0.744141
-1.06433
-1.14066
-1.06898
-1.04185
-1.1505
-0.88044
-0.935821
-0.909441
-0.853916
-1.06869
-0.994367
-1.0692
-1.18367
-1.03786
-0.83026
-0.876781
-0.986724
-1.10823
-0.960264
-1.22627
-1.11466
-1.03827
-0.988633
-0.999252
-0.968146
-0.957005
-1.18389
-1.02747
-1.07596
-1.06554
-1.07971
-0.865571
-0.905701
-1.152
-0.908822
-1.04124
-0.925862
-0.961258
-0.726182
-0.946782
-0.992702
-0.924655
-1.06665
-1.03513
-0.782142
-0.944276
-0.909781
-0.80682
-0.845669
-0.925866
-0.915308
-0.926097
-1.14808
-0.971736
-0.884928
-1.02426
-0.973483
-0.853662
-0.935846
-1.02573
-1.08413
-1.09506
-0.888615
-1.19788
-1.05685
-0.894528
-0.839651
-0.862586
-1.02551
-0.848956
-0.867918
-0.922812
-1.01831
-1.04365
-0.927863
-1.03815
-0.854433
-0.998705
-0.998581
-0.987531
-0.964196
-0.801432
-0.933312
-1.07985
-0.932323
-0.979791
-0.921637
-0.969871
-1.19705
-1.11119
-0.994304
-0.939391
-0.864958
-1.08695
-1.0701
-0.98529
-1.17398
-1.27588
-1.27409
-1.18054
-1.11032
-1.01303
-0.989404
-1.21482
-1.20093
-1.00726
-0.94745
-1.23234
-1.05789
-1.29691
-1.24809
-0.953088
-1.26184
-1.03388
-1.09033
-1.07757
-1.13643
-0.957968
-1.01331
-1.05137
-1.09379
-0.995018
-1.08508
-0.908636
-1.08913
-0.899345
-0.911438
-0.733245
-0.933545
-1.02427
-0.92944
-0.795783
-0.859183
-0.828946
-1.0487
-1.0464
-1.08418
-0.950709
-0.919457
-0.769156
-0.864678
-0.935484
-0.837637
-0.95658
-1.02126
-1.03602
-0.829048
-0.751357
-0.996739
-1.03123
-1.22476
-1.13665
-0.778646
-1.20107
-0.867313
-0.81865
-1.00333
-1.04267
-0.817827
-1.02413
-0.898615
-0.977864
-0.918661
-1.11459
-0.788552
-1.02617
-0.970075
-0.800021
-0.863936
-1.00189
-0.908861
-1.30782
-1.13618
-1.12974
-0.897525
-1.00686
-0.910305
-0.928492
-1.0619
-1.03732
-1.00864
-1.07124
-1.13643
-0.994992
-0.875642
-1.10494
-1.10227
-0.929873
-1.05901
-1.18185
-1.13238
-1.02418
-1.02284
-1.14052
-1.14291
-0.986932
-0.913858
-1.08445
-0.839755
-1.08757
-1.26637
-1.13707
-1.23046
-1.39543
-1.27454
-1.15256
-1.20009
-1.06553
-1.05262
-1.12513
-1.06514
-0.893447
-0.869747
-0.963038
-0.972118
-1.22642
-1.07146
-0.908454
-1.00357
-0.780346
-0.963695
-1.0087
-1.05284
-0.922917
-1.17095
-0.958599
-0.987452
-0.861402
-0.824088
-0.707581
-0.847413
-0.843075
-0.953155
-0.961372
-0.930111
-1.09443
-0.867077
-0.95634
-1.03214
-1.08355
-0.787024
-0.854138
-0.933232
-0.564326
-0.803874
-0.710703
-0.95756
-0.76131
-0.692638
-0.826716
-0.710383
-0.518835
-0.71781
-0.525621
-0.975949
-1.05064
-1.03523
-0.717013
-0.686856
-0.847732
-0.831789
-0.77613
-0.826906
-0.901562
-0.956961
-0.83974
-0.851016
-0.843829
-0.769207
-0.788836
-1.01583
-0.740139
-1.00299
-0.985686
-1.00708
-0.991383
-0.982608
-0.931778
-0.881147
-0.995522
-0.888511
-0.681379
-1.04216
-1.11417
-1.02632
-0.789547
-0.932174
-1.06711
-0.989928
-0.978949
-0.971561
-1.11107
-0.936396
-0.930974
-0.766096
-0.860485
-0.992872
-0.845885
-0.81643
-1.09694
-0.906358
-0.901455
-1.11415
-0.942163
-1.02991
-1.15697
-0.954131
-0.958361
-1.11011
-0.939875
-0.987494
-0.867591
-0.889818
-0.937033
-0.897344
-0.951753
-0.882165
-1.13024
-0.88322
-0.986798
-0.893419
-0.860578
-0.918554
-0.963928
-0.891019
-0.929233
-0.948261
-0.652965
-0.953197
-0.81323
-0.812039
-1.00252
-0.872253
-0.926273
-0.896169
-0.966073
-0.922428
-0.864603
-0.654653
-0.813408
-0.519409
-0.876115
-0.776218
-0.841819
-0.769213
-0.94866
-0.754905
-0.764162
-0.996565
-1.08066
-1.08735
-0.676226
-0.938106
-0.805343
-0.647784
-0.801633
-0.914496
-0.972764
-1.01729
-0.907279
-0.811602
-0.864484
-0.990887
-0.747779
-0.842172
-0.996635
-0.784219
-0.959685
-0.877398
-1.0281
-0.810318
-0.803049
-0.804932
-0.926458
-1.05364
-0.648799
-0.855552
-0.855153
-0.622797
-1.02035
-0.88277
-0.813905
-1.01779
-0.992473
-0.766956
-0.997575
-0.857476
-0.935827
-0.920065
-1.05992
-0.698807
-0.814555
-1.02705
-0.898898
-0.788257
-0.942093
-0.962389
-1.09943
-1.01751
-0.998828
-0.863888
-0.972359
-0.793952
-0.963986
-0.759126
-0.887069
-0.689221
-0.810661
-0.907598
-0.777517
-0.71638
-0.743478
-0.894786
-0.934183
-0.960881
-0.779297
-0.657004
-0.798789
-0.900491
-0.937698
-0.86103
-0.718268
-0.664505
-0.691384
-0.61337
-0.763759
-0.662144
-0.743256
-0.882997
-0.878876
-0.802283
-0.845182
-0.694583
-0.717892
-0.835035
-0.752072
-0.863827
-0.833996
-0.760386
-0.788528
-0.969251
-0.841088
-0.676725
-0.921249
-0.840507
-0.798736
-1.03434
-1.00321
-0.900711
-1.03597
-0.912341
-0.758024
-1.20286
-0.97703
-0.916154
-0.914918
-0.918755
-0.790471
-0.93627
-0.780881
-0.893974
-0.901302
-0.713654
-0.782684
-0.760104
-0.761693
-0.817478
-0.77224
-0.726473
-0.649873
-0.600482
-0.947565
-0.855226
-0.811074
-0.885596
-0.73424
-0.882491
-0.75812
-0.794648
-0.736197
-0.940494
-0.618313
-0.900404
-0.974199
-0.965353
-0.845688
-0.87804
-0.833652
-0.699356
-0.893659
-0.818458
-0.843621
-0.699557
-1.05149
-0.5877
-0.70278
-0.619596
-0.969836
-0.847265
-0.785746
-0.838074
-0.66315
