-0.389131
-0.186055
-0.123272
-0.139816
-0.0131094
-0.110058
-0.300573
-0.135393
-0.208898
-0.286174
-0.194568
-0.391475
-0.34122
-0.238677
-0.295727
-0.204291
-0.285748
-0.519836
-0.219627
-0.345387
-0.198711
-0.205176
-0.190765
-0.351267
-0.371948
-0.100337
-0.331712
-0.334659
-0.118295
-0.151266
-0.236726
-0.151125
0.0070431
-0.00573382
-0.188961
-0.282066
0.00466698
0.00291667
0.040064
-0.27114
-0.0331389
-0.107328
-0.0792058
-0.164649
-0.218253
-0.208419
-0.146744
0.0821856
-0.0136519
-0.2149
-0.222103
-0.109232
-0.210687
-0.329675
-0.36165
-0.138311
-0.205524
-0.197088
-0.109445
-0.190312
-0.289347
-0.103294
-0.126158
-0.142309
-0.280606
-0.172111
-0.0658582
-0.0912589
-0.26592
-0.254871
-0.123494
-0.200154
-0.0797945
-0.149144
-0.298109
-0.266202
-0.415912
-0.164155
-0.20929
-0.13081
-0.411269
-0.216314
-0.416778
-0.492924
-0.358898
-0.290579
-0.244505
-0.444295
-0.213346
-0.358299
-0.196654
-0.417923
-0.325775
-0.401086
-0.116941
-0.174879
-0.119187
-0.147251
-0.208642
-0.319071
-0.219483
-0.166296
-0.139047
-0.244947
-0.136509
-0.300782
-0.22971
-0.31593
-0.140124
-0.218186
-0.286342
-0.335204
-0.0458023
0.152768
-0.149953
-0.14603
-0.265411
-0.24507
-0.282794
-0.648398
-0.360277
-0.236335
-0.290302
-0.381912
-0.278334
-0.152581
-0.14272
-0.196644
-0.167343
-0.14092
-0.329668
-0.0900404
-0.265393
-0.263167
-0.357779
-0.218849
-0.331462
-0.257587
-0.207139
-0.136642
-0.325762
-0.329842
-0.29727
-0.209988
-0.573186
-0.352018
-0.398976
-0.345658
-0.271446
-0.0919691
-0.277502
-0.312743
-0.397729
-0.305575
-0.498818
-0.122525
-0.292795
-0.491408
-0.463064
-0.412288
-0.247431
-0.318457
-0.404983
-0.187562
-0.251552
-0.213215
-0.0847189
-0.120409
-0.223569
-0.349248
-0.190936
-0.370893
-0.332768
-0.329156
-0.184996
-0.289443
-0.344286
-0.330547
-0.142437
-0.332986
-0.216596
-0.315253
-0.245642
-0.235538
-0.173331
-0.236081
-0.312048
-0.241198
-0.328474
-0.247467
-0.221641
-0.323584
-0.174952
-0.263601
-0.35453
-0.358865
-0.12206
-0.41471
-0.422927
-0.200307
-0.301443
-0.187525
-0.178317
-0.348717
-0.198158
-0.385571
-0.388558
-0.422934
-0.433058
-0.352832
-0.202258
-0.0972631
-0.216827
-0.377461
-0.474811
-0.243348
-0.168617
-0.405913
-0.385283
-0.351792
-0.481316
-0.446764
-0.241124
-0.446166
-0.407665
-0.190348
-0.33866
-0.145799
-0.188952
-0.0486701
-0.147488
-0.352045
-0.218488
-0.245326
-0.155741
-0.165401
-0.290318
-0.308645
-0.173777
-0.162573
-0.337148
-0.289464
-0.316237
-0.208261
-0.241367
-0.279376
-0.128168
-0.310243
-0.31826
-0.424204
-0.3766
-0.388254
-0.361178
-0.326847
-0.267028
-0.343639
-0.360921
-0.382836
-0.180902
-0.308323
-0.358482
-0.229425
-0.312573
-0.220081
-0.493157
-0.539327
-0.204617
-0.345678
-0.298285
-0.397464
-0.228003
-0.397971
-0.426613
-0.357926
-0.486188
-0.278083
-0.281816
-0.211708
-0.383666
-0.472055
-0.437457
-0.512017
-0.415515
-0.326326
-0.361301
-0.428525
-0.167081
-0.395938
-0.468069
-0.390469
-0.53944
-0.601625
-0.48043
-0.607245
-0.52575
-0.382117
-0.313842
-0.537806
-0.362165
-0.291582
-0.258289
-0.280352
-0.442313
-0.304474
-0.540836
-0.549231
-0.443587
-0.408214
-0.358817
-0.30957
-0.399984
-0.380753
-0.40411
-0.338309
-0.30061
-0.409728
-0.258525
-0.413089
-0.315329
-0.423978
-0.25918
-0.334836
-0.330948
-0.458875
-0.554323
-0.605481
-0.249727
0.0261139
-0.373386
-0.430817
-0.334946
-0.156004
-0.392167
-0.152839
-0.442788
-0.431606
-0.164929
-0.413188
-0.426243
-0.215073
-0.220338
-0.176775
-0.212486
-0.30295
-0.306101
-0.359097
-0.160591
-0.238946
-0.127981
-0.308967
-0.151235
-0.252355
-0.207314
-0.329189
-0.0732333
-0.314639
-0.357193
-0.209734
-0.298624
-0.27897
-0.211645
-0.371419
-0.272583
-0.403956
-0.39879
-0.425429
-0.588505
-0.39449
-0.211801
-0.396889
-0.174855
-0.324645
-0.261068
-0.441626
-0.139543
-0.49477
-0.573729
-0.320702
-0.445066
-0.399059
-0.381196
-0.507357
-0.684622
-0.244742
-0.36954
-0.365782
-0.384797
-0.39901
-0.230784
-0.240619
-0.337206
-0.419819
-0.316
-0.334986
-0.140647
-0.288061
-0.450641
-0.311096
-0.337619
-0.744793
-0.633962
-0.501126
-0.423155
-0.402224
-0.454421
-0.315476
-0.36105
-0.259949
-0.262879
-0.427021
-0.406641
-0.122661
-0.233047
-0.202491
-0.220247
-0.27225
-0.357854
-0.491405
-0.327747
-0.317797
-0.481281
-0.36082
-0.478811
-0.394082
-0.470215
-0.111069
-0.29339
-0.352527
-0.43299
-0.242543
-0.320675
-0.275654
-0.326471
-0.337404
-0.427838
-0.324596
-0.209935
-0.322189
-0.263564
-0.181613
-0.589875
-0.330874
-0.539247
-0.129475
-0.267425
-0.239744
-0.317695
-0.274863
-0.34452
-0.221444
-0.284984
-0.295783
-0.308679
-0.278767
-0.475005
-0.231132
-0.0725782
-0.421807
-0.28398
-0.252344
-0.426032
-0.432594
-0.321958
-0.360428
-0.251758
-0.329379
-0.559622
-0.30924
-0.368048
-0.226095
-0.230824
-0.428141
-0.186707
-0.191112
-0.221646
-0.52475
-0.417284
-0.538377
-0.286513
-0.500933
-0.274248
-0.347704
-0.290945
-0.202473
-0.389394
-0.279473
-0.249086
-0.288095
-0.244113
-0.361153
-0.279981
-0.289194
-0.423239
-0.556429
-0.269207
-0.206806
-0.157417
-0.326855
-0.311626
-0.396802
-0.545738
-0.251562
-0.239905
-0.26045
-0.0765153
-0.349304
-0.0168221
-0.390584
-0.280744
-0.200559
-0.184139
-0.138685
-0.0227077
-0.174134
-0.158848
-0.483121
-0.39498
-0.368889
-0.43721
-0.408501
-0.32945
-0.364409
-0.425631
-0.297566
-0.32944
-0.336414
-0.44785
-0.363907
-0.232356
-0.52087
-0.484726
-0.355438
-0.309981
-0.198994
-0.0350087
-0.14373
-0.174078
-0.212095
-0.267439
-0.129807
-0.32518
0.0153489
-0.298216
-0.307465
-0.323888
-0.205301
-0.23729
-0.489623
-0.299673
-0.210514
-0.139086
-0.354261
-0.238616
-0.241391
-0.279996
-0.439721
-0.571255
-0.412429
-0.234102
-0.18203
-0.315023
-0.334926
-0.46445
-0.550072
-0.299801
-0.382704
-0.253158
-0.228505
-0.253912
-0.323615
-0.343321
-0.317239
-0.153358
-0.357886
-0.392061
-0.387495
-0.358372
-0.48419
-0.481125
-0.623845
-0.376703
-0.423291
-0.265886
-0.155519
-0.269471
-0.290492
-0.284858
-0.28543
-0.482426
-0.146214
-0.168591
-0.392506
-0.224942
-0.281018
-0.382678
-0.232221
-0.371204
-0.21876
-0.237123
-0.190637
-0.358343
-0.55
-0.204263
-0.254627
-0.523312
-0.476961
-0.439555
-0.353824
-0.326021
-0.448368
-0.507345
-0.602894
-0.469423
-0.467974
-0.284238
-0.263309
-0.293443
-0.125238
-0.22526
-0.422489
-0.28663
-0.150665
-0.407398
-0.344411
-0.344368
-0.414959
-0.245836
-0.242953
-0.453027
-0.22738
-0.509011
-0.25233
-0.171317
-0.362551
-0.347937
-0.299741
-0.476693
-0.203923
-0.425285
-0.0500036
-0.224237
-0.436393
-0.408716
-0.4557
-0.433013
-0.445097
-0.287185
-0.227441
-0.249559
-0.275978
-0.306302
-0.14097
-0.180238
-0.201792
-0.374954
-0.393882
-0.430952
-0.415438
-0.50659
-0.328318
-0.3052
-0.481413
-0.373984
-0.345424
-0.45695
-0.425438
-0.308938
-0.174898
-0.322796
-0.455974
-0.495458
-0.495758
-0.537079
-0.449419
-0.353766
-0.492494
-0.30705
-0.458623
-0.602109
-0.568992
-0.398347
-0.393842
-0.395225
-0.300953
-0.472171
-0.440029
-0.176463
-0.271676
-0.432753
-0.367988
-0.495989
-0.439649
-0.364499
-0.367035
-0.505473
-0.488588
-0.491975
-0.515279
-0.466122
-0.236681
-0.321396
-0.434084
-0.543523
-0.618497
-0.212952
-0.324037
-0.275324
-0.440834
-0.245883
-0.365173
-0.207385
-0.338736
-0.227217
-0.462486
-0.336335
-0.29194
-0.218964
-0.30697
-0.308827
-0.242461
-0.365958
-0.358578
-0.490434
-0.576702
-0.400377
-0.365089
-0.280814
-0.490426
-0.22916
-0.42006
-0.376445
-0.337445
-0.265125
-0.312737
-0.274795
-0.317773
-0.104692
-0.4628
-0.467715
-0.335348
-0.107486
-0.385331
-0.142192
-0.315633
-0.464663
-0.324375
-0.381019
-0.316083
-0.44497
-0.334213
-0.436727
-0.388603
-0.259826
-0.401938
-0.0984777
-0.216775
-0.301427
-0.202154
-0.396112
-0.109191
-0.209944
-0.0912917
-0.341091
-0.371582
-0.143887
-0.299365
-0.219891
-0.353565
-0.471323
-0.0904017
-0.131109
-0.115588
-0.228125
-0.354298
-0.275253
-0.209492
-0.291919
-0.509044
-0.468102
-0.242816
-0.356095
-0.176514
-0.296175
-0.316843
-0.396231
-0.155
-0.211619
-0.0358711
-0.115765
-0.366685
-0.216348
-0.327071
-0.201965
-0.310307
-0.231657
-0.408636
-0.11612
-0.410789
-0.190882
-0.126671
-0.042226
-0.139894
0.0437576
0.00136359
-0.345624
-0.294559
-0.280547
-0.0227041
-0.200922
-0.0889449
-0.0888503
-0.309609
-0.18081
-0.0165015
-0.252189
-0.281664
0.0706915
-0.105699
-0.238962
-0.103945
0.044431
-0.212626
-0.100654
-0.356865
-0.221318
-0.0736985
-0.170184
-0.0611646
-0.107362
-0.203544
-0.205772
-0.259947
-0.329032
-0.234739
-0.252234
0.0369021
-0.0385356
-0.170032
-0.0450434
-0.300765
-0.4056
-0.429725
-0.145302
-0.281772
0.0214667
-0.303918
-0.29372
-0.0265996
0.0146829
-0.461887
-0.293742
-0.157078
-0.174428
-0.264283
-0.0304638
-0.114434
0.0004628
-0.289316
0.0379632
-0.318489
-0.0347615
-0.164161
-0.233208
-0.35713
-0.0463011
-0.0266443
0.0112831
0.00539739
-0.123979
-0.160023
-0.141435
-0.201125
-0.317606
-0.251317
-0.255591
-0.357283
-0.207404
-0.31574
-0.211769
-0.217736
-0.169209
0.0118772
-0.246288
-0.299717
-0.375942
-0.226482
-0.0759766
-0.324616
-0.393889
-0.19384
-0.240449
-0.150609
-0.281791
-0.156085
-0.15282
-0.0828636
-0.189771
0.0559468
-0.266358
-0.376406
-0.140558
-0.172571
0.101955
-0.0957076
-0.390035
-0.280044
-0.501704
-0.301746
-0.140006
-0.223591
-0.283431
-0.0370379
-0.213344
-0.259722
-0.285966
-0.26115
-0.290499
-0.265423
-0.119725
-0.313632
-0.239965
-0.113615
-0.168881
-0.362864
-0.306419
-0.250778
-0.404428
-0.528387
-0.473272
-0.363482
-0.41721
-0.34551
-0.427161
-0.491221
-0.393351
-0.292079
-0.125487
-0.242837
-0.111653
-0.289577
-0.392886
-0.335303
-0.408962
-0.470521
-0.372589
-0.485471
-0.240857
-0.375936
-0.179802
-0.391083
-0.367129
-0.360683
-0.22765
-0.218254
-0.229718
-0.301235
-0.153073
-0.00716053
-0.230194
-0.415053
-0.323243
-0.269801
-0.375672
-0.420443
-0.416688
-0.462012
-0.200931
-0.31839
-0.0820911
-0.492833
-0.401068
-0.0738859
-0.173437
-0.215642
-0.228915
-0.215602
-0.0649567
-0.318356
-0.265857
-0.257833
-0.181937
-0.0805371
-0.368805
-0.0467143
-0.110064
-0.164088
0.162429
-0.109155
0.0387878
-0.148702
-0.0723447
0.121061
-0.282235
-0.0721251
-0.192952
-0.223418
-0.174344
-0.100047
-0.168081
-0.030036
-0.204391
-0.193945
-0.00172478
-0.132424
0.00420523
0.06314
-0.273564
0.00679288
-0.127197
-0.281022
-0.229983
-0.180117
-0.195399
-0.180566
-0.28659
-0.352254
-0.145863
-0.257166
-0.0733748
-0.171369
-0.140237
-0.265715
-0.223153
-0.286003
-0.1775
-0.329308
-0.0172381
-0.123735
-0.173278
-0.30053
-0.0487047
0.0255744
-0.202566
-0.126294
-0.13095
-0.0349635
-0.194112
-0.106511
-0.143972
-0.23664
-0.286035
-0.091451
-0.107407
0.000521556
-0.13446
-0.175091
0.0790108
-0.193809
-0.200343
-0.275299
-0.151629
-0.204083
-0.193935
-0.192548
0.0487125
-0.137748
-0.0707789
-0.205078
0.0323522
-0.129088
-0.336466
-0.445472
-0.287939
-0.336623
-0.122911
-0.147732
-0.295833
-0.426848
-0.188571
-0.180713
-0.374917
-0.115442
-0.127187
-0.108077
-0.0635482
-0.180823
-0.0394915
-0.475829
-0.211527
-0.196664
6.73963e-05
0.00537202
-0.139394
-0.205937
-0.260257
-0.202534
-0.106559
-0.346407
-0.0268368
-0.0994227
-0.00615564
-0.0423912
-0.0437006
-0.252642
-0.0583277
-0.357396
-0.0694678
-0.279786
-0.0364954
-0.105289
-0.115781
-0.126805
-0.271394
-0.219987
-0.368283
-0.327006
-0.10443
-0.242987
-0.181615
-0.333799
-0.152072
-0.124144
-0.37811
-0.312014
-0.16992
-0.360501
-0.314762
-0.351466
-0.342008
-0.0744793
-0.129276
-0.261304
-0.219727
-0.293959
-0.433564
-0.479338
-0.263443
-0.372968
-0.143549
-0.379345
-0.292581
-0.239267
-0.285004
-0.416328
-0.370291
-0.389604
-0.445561
-0.346693
-0.434672
-0.311043
-0.00896463
-0.314614
-0.253326
-0.0761881
-0.324765
-0.233993
-0.24363
-0.194727
-0.042227
-0.207733
-0.101833
-0.264072
-0.316372
-0.198681
-0.0883656
-0.265152
-0.0235515
-0.4091
-0.414312
-0.137378
-0.0963287
-0.256079
-0.199511
-0.16425
-0.163823
-0.0272591
-0.193105
-0.336556
-0.116589
-0.212653
-0.207704
-0.299199
-0.0654266
-0.0681258
-0.305111
-0.158447
-0.295038
-0.0146689
-0.207764
-0.300413
-0.134257
-0.30406
-0.33078
-0.353966
-0.292724
-0.252568
-0.390448
-0.291998
-0.333546
-0.279212
-0.127119
-0.461578
-0.189041
-0.300993
-0.154124
-0.326529
-0.301896
-0.252881
-0.10542
-0.0361229
-0.221837
-0.26049
-0.236729
-0.148534
-0.0958259
-0.298542
-0.186397
-0.382336
-0.11715
-0.157373
-0.0982063
-0.145213
0.00169083
-0.196628
-0.231204
-0.285165
-0.174557
0.0413515
-0.0663186
-0.190812
-0.204477
-0.209394
-0.00589568
-0.256182
-0.344569
-0.181986
-0.234821
-0.204946
-0.205982
-0.139814
-0.124908
-0.296295
-0.393374
-0.449436
-0.127698
-0.111115
-0.154213
-0.303795
-0.252717
-0.202485
-0.0242353
-0.277765
-0.0269225
0.0141334
-0.127412
-0.132524
-0.0795955
-0.161565
-0.274649
-0.257304
-0.434809
-0.129363
-0.207438
-0.291104
-0.30404
-0.249203
-0.202527
-0.12647
-0.523754
-0.249358
-0.170739
-0.296266
-0.258392
-0.402656
-0.301579
-0.368767
-0.512865
-0.416025
-0.399548
-0.390302
-0.26279
-0.629917
-0.281728
-0.186779
-0.345061
-0.29227
-0.100375
-0.271763
-0.16205
-0.307371
-0.279596
-0.240164
-0.147103
-0.32976
-0.200287
-0.4052
-0.250728
-0.367893
-0.279959
-0.387121
-0.491902
-0.344466
-0.500967
-0.541423
-0.509183
-0.431848
-0.351022
-0.366935
-0.298057
-0.525015
-0.360613
-0.185369
-0.442986
-0.377198
-0.358294
-0.315397
-0.282931
-0.240017
-0.214943
-0.233436
-0.374659
-0.442038
-0.250314
-0.199153
-0.41531
-0.519816
-0.508896
-0.51145
-0.429595
-0.530922
-0.325639
-0.428918
-0.272073
-0.33986
-0.284389
-0.414757
-0.53615
-0.392394
-0.693503
-0.393067
-0.548026
-0.239915
-0.513786
-0.671274
-0.316283
-0.380247
-0.587282
-0.417862
-0.489054
-0.632823
-0.608315
-0.454589
-0.709268
-0.486406
-0.645189
-0.468882
-0.424814
-0.351856
-0.595006
-0.351828
-0.36077
-0.334284
-0.41282
-0.584489
-0.572101
-0.494461
-0.3331
-0.119918
-0.192027
-0.312269
-0.19755
-0.41483
-0.419266
-0.371533
-0.240101
-0.388107
-0.240582
-0.356412
-0.341944
-0.451591
-0.282906
-0.276552
-0.382775
-0.18913
-0.361964
-0.309045
-0.444476
-0.211979
-0.0541961
-0.292537
-0.353188
-0.239093
-0.0286446
-0.345289
-0.196304
-0.314175
-0.315581
-0.403112
-0.357548
-0.421416
-0.426032
-0.262256
-0.395323
-0.355197
-0.415296
-0.188075
-0.128789
-0.158069
-0.0567697
-0.275395
-0.149943
-0.461435
-0.354257
-0.258398
-0.305188
-0.261048
-0.32121
-0.18992
-0.326297
-0.0054798
-0.307839
-0.250096
-0.443576
-0.337907
-0.258344
-0.260159
-0.216615
-0.0955165
-0.260705
-0.362086
-0.38058
-0.24034
-0.378806
-0.37449
-0.370943
-0.440986
-0.35302
-0.140944
-0.129095
-0.214248
-0.401374
-0.353211
-0.493086
-0.294585
-0.23702
-0.438642
-0.292902
-0.22915
-0.249815
-0.281743
-0.411508
-0.370861
-0.442595
-0.428144
-0.408362
-0.271869
-0.394705
-0.452535
-0.316636
-0.304406
-0.237615
-0.399947
-0.316145
-0.428088
-0.144072
-0.433536
-0.278295
-0.445724
-0.480943
-0.436916
-0.373524
-0.21167
-0.245473
-0.419183
-0.290472
-0.328883
-0.371372
-0.319184
-0.293579
-0.259202
-0.317066
-0.309031
-0.321959
-0.244792
-0.274718
-0.126929
-0.417427
-0.252729
-0.422767
-0.295316
-0.161812
-0.326275
-0.277412
-0.261175
-0.216777
-0.164679
0.0345909
-0.028039
-0.0472468
0.00324428
-0.309187
-0.518443
-0.389305
-0.420437
-0.198852
-0.403644
-0.434806
-0.355602
-0.0105597
-0.208053
0.0295175
-0.0290493
-0.153149
-0.317132
-0.051234
-0.0552639
0.0212007
-0.149261
0.0315639
-0.333892
-0.306196
-0.22683
-0.196176
-0.446613
-0.301283
-0.210112
0.070503
-0.0582221
-0.217203
-0.246644
-0.00562039
0.0513406
-0.285456
-0.266058
-0.0153846
0.0771516
-0.248369
-0.386327
-0.0346233
0.126104
-0.205389
-0.313027
0.0257686
-0.160133
-0.581407
-0.258616
0.222254
-0.306916
-0.658904
0.0494183
-0.0925035
-0.629955
-0.462149
-0.00666625
-0.351424
-0.458717
-0.404422
-0.530358
-0.158864
-0.269521
-0.355037
-0.225176
-0.137106
-0.243648
-0.599654
-0.310686
-0.122431
-0.42094
-0.641471
-0.275935
-0.0693409
-0.498972
-0.874843
-0.418472
-0.377324
-0.58473
-0.581536
-0.188542
-0.426919
-0.548887
0.0119013
-0.347751
-0.595023
-0.122076
0.124628
-0.589481
-0.130859
0.352912
0.0329687
-0.407195
-0.0623395
-0.171179
-0.382471
-0.241102
-0.621225
-0.660368
-0.250197
-0.13726
-0.307943
-0.269602
-0.0870797
-0.146223
-0.466516
-0.0725125
-0.268208
-0.757415
-0.510125
-0.245933
-0.274995
-0.844656
-0.746035
0.00563828
-0.0112538
-0.379429
-0.277039
0.299608
-0.407703
-0.176565
0.139931
0.0633329
-0.220398
0.067162
0.365012
-0.0770093
-0.610937
0.351473
0.0209669
-0.568809
-0.229749
0.455215
-0.467411
-0.406758
0.250578
0.595871
-0.371807
-0.256853
0.324808
0.227017
-0.16775
-0.265257
0.259439
-0.41151
-0.0609533
0.0267239
-0.416633
-0.0426666
0.0686849
-0.673369
-0.18462
-0.0267093
-0.291855
-0.304714
-0.026119
0.0184783
-0.490121
0.107479
0.147918
-0.476918
-0.63411
-0.100297
-0.261365
-0.225607
-0.230659
-0.0958367
-0.0519291
-0.22941
-0.466972
0.237422
-0.0134939
-0.40701
-0.0317336
0.0614501
-0.4176
-0.424633
0.442606
-0.32466
-0.906358
-0.100874
0.571637
-0.69912
-0.184706
0.719723
-0.408567
0.290615
0.815879
0.0688747
-0.740771
0.740669
0.11397
-0.498301
-0.193064
0.468312
-0.653146
-0.418001
0.637365
0.289537
-0.763891
0.208862
0.28132
-0.776884
0.0221679
0.221709
-0.75036
-0.922127
0.306758
-0.321357
-0.680476
0.158238
0.390035
-0.224722
0.0230621
-0.350601
-0.0357299
-0.0513111
-0.562809
-0.389817
-0.306694
-0.121802
-0.570745
0.00613017
0.521289
0.0971002
-0.0539943
0.348359
0.504444
-0.0464943
0.581525
0.442489
-0.14575
-0.418385
0.154445
-0.0156338
-0.190263
-0.0170216
0.0462747
-0.0213617
-0.129747
0.367375
0.17312
0.398336
0.767396
0.458184
0.657837
0.522232
0.507613
0.368807
-0.372718
0.521944
1.0914
0.127589
0.467036
0.73733
0.481946
0.330162
0.708583
0.161176
0.307025
0.882633
0.993414
-0.116681
0.415478
0.850366
0.425965
-0.0817902
0.260786
0.165405
0.108965
0.244457
0.279834
0.241943
0.23358
0.299345
0.343187
0.305939
0.313012
0.369607
0.406994
0.462092
0.541394
0.646177
0.593021
0.549176
0.400141
0.669525
0.519585
0.527323
0.517695
0.592205
0.440541
0.321254
0.19291
0.219423
0.355944
0.214232
0.368966
0.410892
0.444626
0.385184
0.426592
0.69099
0.512698
0.533079
0.361669
0.460318
0.350542
0.239134
0.363427
0.224086
0.312209
0.324603
0.206938
0.0349359
0.143708
0.154494
0.0733081
0.139325
0.169209
0.315051
0.29752
0.0481171
0.122805
0.0881747
0.134927
-0.0434796
0.100378
0.133249
0.174387
0.176606
0.271544
0.0967929
0.0760127
0.130645
0.114674
0.11396
0.141943
0.0687031
-0.0186872
-0.00239529
0.034249
0.0949682
0.163295
0.04992
0.121595
0.0437259
-0.0496178
0.0237742
0.118071
0.122398
0.0380983
-0.113583
-0.0480701
-0.16504
-0.110794
0.0197547
0.00523198
0.0945392
0.113807
0.0637004
0.157538
0.111598
0.0680769
0.151279
0.150269
0.0946265
0.0674075
0.194372
-0.0633036
-0.00600285
0.0078856
-0.032615
0.0527397
0.0469297
0.0522429
0.0127406
-0.0814857
0.0167607
0.0535231
-0.105467
0.0535913
0.0286746
0.0802615
0.040952
0.0804131
0.0466874
0.023711
0.0806866
0.0688216
-0.0240055
0.0701693
-0.10397
0.0129869
0.016743
0.128393
0.254922
0.1645
0.180295
0.183716
0.125585
0.257094
0.319987
0.272537
0.215776
0.243766
0.271259
0.233625
0.256553
0.154384
0.149353
0.0466929
0.194986
0.101292
0.196719
0.103801
-0.0100117
0.215383
0.0949873
0.294476
0.186171
0.157878
0.193441
0.0678689
0.116145
0.151262
0.117295
0.18994
0.164871
0.0871869
0.205957
0.226027
0.225474
0.310177
0.37257
0.312492
0.338778
0.0566317
0.271021
0.292928
0.323761
0.384426
0.218227
0.275695
0.258523
0.251339
0.273406
0.359953
0.254429
0.281458
0.140765
0.12817
0.284092
0.335814
0.35322
0.267983
0.348047
0.271016
0.373445
0.276144
0.197459
0.268977
0.18692
0.263579
0.310824
0.387444
0.374411
0.357106
0.369146
0.17807
0.296109
0.212421
0.31071
0.245687
0.249478
0.170062
0.266436
0.311379
0.251588
0.303114
0.301093
0.364773
0.376098
0.204665
0.207974
0.251394
0.149617
0.347991
0.338481
0.165396
0.202981
0.314247
0.37989
0.301477
0.384817
0.47145
0.403463
0.237807
0.332307
0.262577
0.377597
0.268721
0.27492
0.464952
0.327268
0.364019
0.264559
0.335025
0.293118
0.356824
0.4932
0.224697
0.316345
0.276819
0.146897
0.258289
0.327084
0.21285
0.293224
0.331759
0.179019
0.206991
0.204498
0.271978
0.208445
0.400951
0.21372
0.4665
0.269372
0.271809
0.269279
0.172954
0.210168
0.0422781
0.151643
0.145167
0.181072
0.167935
0.213696
0.118861
0.18732
0.109583
0.13739
0.151561
0.234926
0.107364
0.280343
0.111976
0.240117
0.121289
0.150854
0.336986
0.336125
0.24314
0.164106
0.222824
0.0838086
0.23045
0.143059
0.0925489
0.372867
0.0697528
0.19187
0.142605
0.282618
0.016421
0.140929
0.188075
0.169142
0.0720852
0.102528
0.227335
0.100884
0.227097
0.269721
0.152625
0.286376
0.338659
0.27056
0.246549
0.32619
0.334757
0.239467
0.254196
0.217496
0.302261
0.290921
0.2277
0.151879
0.244558
0.130272
0.186143
0.248751
0.280472
0.109124
0.20983
0.195374
0.14347
0.174777
0.233044
0.101033
0.303541
0.279763
0.280082
0.283751
0.179882
0.236393
0.127634
0.287079
0.295072
0.205441
0.0959793
0.154709
0.0823036
0.173762
0.189367
0.146499
0.3879
0.31261
0.190071
0.247101
0.222434
0.266956
0.256306
0.103227
0.19441
-0.0375923
0.248216
0.199123
0.310794
0.331039
0.247728
0.188856
0.319329
0.246028
0.14724
0.147066
0.230339
0.246159
0.343712
0.15914
0.182274
0.104653
0.347289
0.299083
0.267559
0.152568
0.108699
0.165285
0.155439
0.352662
0.0962826
0.293295
0.110746
0.224256
0.184395
0.190263
0.126101
0.294863
0.206334
0.12824
0.203331
0.220287
0.225466
0.201604
0.225083
0.164464
0.126008
0.270194
0.279446
0.213542
0.159618
0.219958
0.217698
0.202632
0.344487
0.172687
0.160771
0.228017
0.23671
0.31281
-0.0147484
0.0698139
-0.0465587
0.0254214
0.168524
0.205212
0.0581142
0.196022
0.273014
0.172843
0.019023
0.129071
0.238234
0.043084
0.153954
0.106446
0.321595
0.197666
0.276935
0.206275
0.167527
0.213801
0.177868
0.16033
0.0921759
0.381476
0.254516
0.217482
0.152825
0.239307
0.199976
0.150565
-0.0174198
0.0780268
0.0770896
0.142477
0.0881329
0.149743
0.0512885
0.317284
0.144729
0.418633
0.298146
0.146448
0.231556
0.114452
0.287924
0.158572
0.136462
0.228707
0.102939
0.205545
0.0978346
0.115284
0.157494
0.0747957
0.20548
0.0835544
0.0999901
0.151982
0.100296
0.0707287
0.0827995
0.166151
0.165219
0.1663
0.0964484
0.0840043
0.0991499
0.173684
0.197438
0.0604514
0.0520477
0.174062
0.198443
0.137059
0.0627856
0.0693017
0.255626
0.263505
0.143766
0.159644
0.150886
0.24425
0.203301
0.148154
0.173189
0.311997
0.288058
0.354576
0.26833
0.278719
0.28646
0.314443
0.333273
0.283206
0.306826
0.334054
0.195148
0.320061
0.125633
0.166899
0.118137
0.161659
0.144507
0.128766
-0.00230919
0.0264017
0.0819823
0.142972
0.19378
0.222601
0.170398
0.120858
0.179491
0.238411
0.297293
0.22145
0.0977612
0.0210455
0.191708
0.199085
0.178319
0.172571
0.210719
0.252803
0.290107
0.300476
0.314366
0.263647
0.19141
0.272601
0.27063
0.248599
0.162008
0.349577
0.233559
0.172616
0.225467
0.221911
0.287121
0.238122
0.204887
0.259816
0.192445
0.221354
0.0935661
0.122601
0.152014
0.146452
0.180193
0.178301
0.172384
0.22723
0.222282
0.157155
0.148147
0.417653
0.141614
0.209362
0.186369
0.03544
0.188605
0.0455529
0.0254437
0.163529
0.0858152
0.183856
0.242433
0.200471
0.239709
0.197671
0.41189
0.194096
0.252538
0.454862
0.424028
0.197534
0.227628
0.309456
0.318454
0.336215
0.312177
0.365734
0.198673
0.319392
0.355225
0.0777641
0.0888229
0.267409
0.308595
0.389867
0.243291
0.307712
0.254561
0.27751
0.32151
0.33211
0.257918
0.206779
0.39248
0.217778
0.319397
0.325527
0.396072
0.30684
0.3259
0.421752
0.228501
0.31486
0.387613
0.152223
0.31961
0.114881
0.294781
0.162644
0.239124
0.132961
0.253793
0.281967
0.284654
0.338896
0.325515
0.246271
0.184207
0.354818
0.238016
0.189928
0.163343
0.305873
0.193743
0.3483
0.175248
0.185367
0.211985
0.345511
0.21815
0.365157
0.0935594
0.277774
0.368673
0.266608
0.299971
0.229642
0.218553
0.130036
0.1984
0.311333
0.304164
0.176549
0.288912
0.279647
0.316574
0.241729
0.292014
0.0669363
0.224249
0.194333
0.0785631
0.203504
0.0946925
-0.0367002
0.0328566
0.136084
0.012816
0.0626087
0.0343605
0.0610083
0.0309332
0.0531193
0.214111
0.376176
0.17593
0.231543
0.189374
0.0957451
0.180531
0.200275
0.365022
0.271262
0.263757
0.301159
0.354337
0.443567
0.664152
0.557109
0.579128
0.52156
0.56077
0.51016
0.407749
0.286118
0.240521
0.402147
0.385536
0.288701
0.326189
0.244138
0.270956
0.310466
0.0935207
0.0745405
0.102397
0.103856
0.0923657
0.270076
0.266477
0.152663
0.123473
0.0310819
0.134133
0.0183361
0.0317348
0.0908527
0.106285
-0.00157972
0.256812
0.27578
0.269051
0.354635
0.513253
0.436597
0.467696
0.451791
0.558982
0.431602
0.319731
0.29953
0.166108
0.312153
0.0988288
0.0960547
0.0863204
0.1191
0.0926795
0.120236
0.0828203
0.0955408
-0.0956519
0.0635465
0.112971
0.036885
0.0184161
-0.0568172
-0.0884349
0.0158199
0.0393709
-0.00997365
-0.0769373
-0.0474897
-0.0639844
-0.0438217
-0.065593
0.00580362
-0.12641
0.00325552
-0.0290436
-0.118999
0.0696884
-0.0457042
0.0851883
0.119004
0.0235911
0.0571772
0.345857
0.357982
0.347735
0.241999
0.252606
0.0583658
0.183807
0.068652
0.0488767
0.0717462
0.222022
0.0901884
0.0886485
0.000876864
0.0066865
-0.11622
-0.019549
0.00684791
0.117551
0.0243862
0.176559
0.00170019
0.0670971
0.186069
0.1116
-0.0562728
-0.11798
-0.117242
-0.212151
-0.102746
-0.0575844
-0.117821
-0.062496
-0.0726305
0.0736704
-0.118548
-0.169535
-0.0409234
-0.205896
-0.106768
-0.197841
-0.115052
-0.0781313
-0.0992023
-0.0948287
-0.13863
-0.052377
-0.135433
0.0685945
-0.0134999
0.11598
0.0724241
-0.117585
-0.119761
-0.0271635
-0.106035
-0.223469
-0.234124
-0.149786
-0.202188
-0.200022
-0.269767
-0.318691
-0.0767197
-0.0458307
-0.0899767
0.0823768
0.0428485
-0.0451371
-0.0481165
-0.0143283
-0.107111
-0.146889
-0.0887111
-0.139834
-0.260578
-0.339793
-0.26473
-0.179549
-0.155803
-0.16359
-0.177487
-0.013626
-0.200639
-0.256909
-0.0625615
-0.243125
-0.020629
0.0693368
-0.0771402
0.014154
0.0557401
-0.0396393
-0.0990412
-0.0384868
-0.128867
-0.0294943
-0.0870073
0.0287506
0.128136
0.172781
0.296694
0.0944961
0.213019
0.274989
0.17678
0.202001
0.0235795
0.279423
0.219784
0.192306
0.20846
0.213419
0.228922
0.0383001
-0.0494496
0.012288
-0.0393354
0.154205
0.112706
0.148796
0.160211
-0.0601368
0.0739893
0.0548831
-0.0935923
-0.100632
-0.168424
-0.171037
-0.27794
-0.0404015
-0.023887
-0.166073
-0.0788283
-0.00768992
-0.023487
-0.101845
-0.0476141
-0.0128839
-0.035605
-0.201569
-0.0769907
-0.178673
-0.124323
-0.110863
-0.24926
-0.0560477
-0.155854
-0.131363
-0.108293
-0.139552
-0.152961
-0.154686
-0.0229601
-0.0526338
0.0930962
-0.0739595
-0.0396683
0.07454
0.193156
0.084086
0.127538
0.0676103
0.0750129
0.0649207
0.139288
0.0953442
0.146294
0.358692
0.342521
0.224681
0.204813
0.348152
0.230509
0.246135
0.389321
0.234505
0.262695
0.259168
0.197159
0.2012
0.0402987
0.039996
-0.00996227
-0.0856913
-0.00211146
0.00278472
0.0505324
-0.0625436
-0.142669
-0.311758
-0.226746
-0.162846
-0.239847
-0.307358
-0.144998
-0.051041
-0.0965197
-0.147785
-0.143368
-0.271309
-0.264197
-0.143212
-0.181626
-0.179028
-0.167332
-0.157709
-0.0541423
-0.128798
-0.126175
-0.0769788
-0.172128
-0.0973634
-0.117438
-0.0277336
-0.0753666
-0.0591899
-0.106861
-0.0612136
-0.104898
-0.0833736
-0.0440766
0.143854
0.170502
0.0959284
-0.0193655
-0.0352704
0.0292129
0.103916
0.0436589
0.0945527
0.252997
0.0127576
0.181316
0.203446
0.242519
0.202116
0.276494
0.356
0.367478
0.494351
0.276138
0.398553
0.298861
0.206315
0.414804
0.35891
0.391954
0.280172
0.355667
0.354135
0.259994
0.167867
0.0340126
0.143633
0.199047
0.062406
0.0120771
-0.0879055
-0.03871
0.0707944
0.0196718
-0.0866787
-0.0447706
-0.0717328
-0.0740546
-0.0703039
-0.112629
-0.188232
-0.307958
-0.17649
-0.151196
-0.180415
-0.210906
-0.297344
-0.172917
-0.113346
-0.258689
-0.322917
-0.290406
-0.290605
-0.252712
-0.294781
-0.375725
-0.341493
-0.122725
-0.422787
-0.327773
-0.398355
-0.417706
-0.322888
-0.292681
-0.256126
-0.202507
-0.268893
-0.0916626
-0.257185
-0.168829
-0.361848
-0.30879
-0.404364
-0.185421
-0.154838
-0.349846
-0.322313
-0.353561
-0.18145
-0.16178
-0.228807
-0.32043
-0.302769
-0.263495
-0.166384
-0.249742
-0.140583
-0.221209
-0.189014
-0.233447
-0.268652
-0.347103
-0.256783
-0.279919
-0.352453
-0.235411
-0.412582
-0.267431
-0.19205
-0.181779
-0.290779
-0.184016
-0.177553
-0.190783
-0.258386
-0.158387
-0.105012
-0.276981
-0.330078
-0.296078
-0.115305
-0.150404
-0.252463
-0.256135
-0.219631
-0.440793
-0.365604
-0.435759
-0.366549
-0.229867
-0.378982
-0.316565
-0.463155
-0.30514
-0.390745
-0.408698
-0.397747
-0.450124
-0.36712
-0.510829
-0.332837
-0.39324
-0.247156
-0.210256
-0.279588
-0.412987
-0.341711
-0.365151
-0.19459
-0.201188
-0.143728
-0.27456
-0.349274
-0.327771
-0.300469
-0.255022
-0.179911
-0.215382
-0.233143
-0.239869
-0.267172
-0.44102
-0.282287
-0.331214
-0.377264
-0.31289
-0.307015
-0.345793
-0.158077
-0.240151
-0.224204
-0.27226
-0.295719
-0.192554
-0.00370665
-0.27919
-0.150532
-0.108696
-0.0031892
-0.187711
-0.130209
-0.171353
-0.140297
-0.141458
-0.142979
-0.136511
-0.0423806
-0.122316
-0.121507
-0.159981
-0.205666
-0.214085
-0.186844
-0.184338
-0.157101
-0.101397
-0.195631
-0.156096
-0.130665
-0.124754
0.0385402
-0.0445559
-0.089971
-0.123107
-0.234707
-0.164265
-0.164835
-0.19152
-0.199392
-0.219231
-0.124473
-0.155304
-0.17215
-0.240228
-0.257973
-0.221536
-0.175614
-0.0727133
-0.137582
-0.208465
-0.241003
-0.224355
-0.296539
-0.267573
-0.303957
-0.224737
-0.340929
-0.313753
-0.288826
-0.210541
-0.194042
-0.309524
-0.322395
-0.366247
-0.442888
-0.156684
-0.331161
-0.287099
-0.2837
-0.394976
-0.229739
-0.273133
-0.254024
-0.201552
-0.153716
-0.263907
-0.212997
-0.197442
-0.312021
-0.368237
-0.198291
-0.309652
-0.274142
-0.173824
-0.300284
-0.0569734
-0.155709
-0.263775
-0.232649
-0.223327
-0.248959
-0.268859
-0.161889
-0.142885
-0.108022
-0.16243
-0.164206
-0.116133
-0.0813831
-0.206522
-0.144121
0.0409467
0.0605059
0.070543
0.0354063
0.0578706
-0.0499055
-0.046814
-0.0819707
-0.0647266
-0.182623
-0.127006
-0.00673501
-0.101182
-0.259196
-0.213416
-0.127198
-0.172653
-0.229478
-0.300363
-0.195144
-0.297206
-0.554049
-0.386133
-0.425804
-0.484916
-0.445819
-0.412675
-0.357613
-0.32793
-0.227904
-0.421672
-0.240661
-0.271024
-0.29471
-0.264624
-0.28581
-0.313386
-0.178719
-0.189269
-0.116232
-0.179653
-0.135758
-0.0687002
-0.212568
-0.220264
-0.186129
-0.251965
-0.0981734
-0.229495
-0.0488137
-0.123216
-0.0841109
0.026531
-0.0412676
-0.0152648
-0.0328414
-0.142343
0.0682492
0.0982939
0.0127507
0.0256916
0.0788555
0.0276924
-0.0327966
0.0171863
0.0872475
0.0718506
0.0920481
0.128679
0.148432
0.0962995
0.20617
0.202814
0.219623
0.0498539
0.194837
0.052953
0.136607
0.235746
0.0598069
0.144325
0.096238
0.139502
0.132296
0.0194655
0.118436
0.0686958
0.035951
-0.0672112
0.0354101
-0.0165771
-0.0393002
0.104186
-0.013647
-0.0774783
0.0340832
0.0311686
-0.0345253
-0.0716621
-0.0515344
0.0053944
-0.105304
-0.0185899
-0.152686
-0.0682907
-0.111003
0.0040154
-0.0405013
-0.101655
0.0433869
-0.105285
-0.0885169
-0.0180315
-0.150055
-0.117408
-0.037465
-0.0390826
-0.0630094
-0.116971
-0.00265678
0.126156
0.111655
0.0952685
0.161955
0.0905737
-0.0587584
0.14126
0.0686818
-0.0886509
-0.0456287
0.104897
-0.0414938
0.00193671
0.0105337
-0.028608
-0.0871217
-0.0676792
-0.140544
-0.125232
-0.0505052
-0.122597
-0.0981484
-0.229312
-0.199827
-0.12251
-0.0097496
-0.0950053
-0.0447141
-0.0376473
-0.273209
-0.0953578
0.0694377
-0.0515159
-0.0449085
-0.0891138
-0.158638
-0.117132
-0.26736
-0.0693916
-0.11364
-0.178107
-0.159123
-0.184356
-0.0623445
-0.271688
-0.214886
-0.272468
-0.330095
-0.258835
-0.293304
-0.213165
-0.162858
-0.120498
-0.244378
-0.0959924
-0.102618
-0.0659409
0.0195623
-0.0474972
-0.185839
-0.129609
-0.0904846
-0.0858572
-0.197763
-0.156718
-0.046832
-0.0928173
-0.120417
-0.0566278
-0.0658664
-0.059146
-0.0883261
0.0141461
-0.0212781
0.0172343
0.0598317
-0.0356375
0.0788351
-0.011873
-0.0332766
0.0694191
0.154245
0.0871376
0.166374
0.048248
0.164099
-0.00440463
0.165958
0.172719
0.120103
0.168612
0.195848
0.0689622
0.0517398
0.128418
0.0705416
0.0132132
0.010349
0.015949
-0.158106
-0.0255437
-0.115025
-0.211375
-0.328269
-0.185477
-0.280113
-0.152646
-0.187529
-0.30051
-0.275468
-0.281217
-0.245993
-0.262422
-0.172861
-0.257788
-0.267756
-0.360356
-0.237875
-0.161143
-0.417208
-0.291482
-0.398762
-0.437564
-0.293709
-0.279976
-0.403495
-0.276613
-0.390199
-0.284426
-0.293425
-0.374969
-0.389981
-0.242929
-0.211945
-0.111337
-0.115148
-0.108896
-0.0140485
-0.0844685
0.00598068
0.23428
0.15262
0.171232
0.0765385
0.205119
0.349106
0.156933
0.192722
0.402556
0.248097
0.281484
0.202157
0.297551
0.215531
0.135294
0.287725
0.201541
0.315224
0.173901
0.32081
0.261426
0.106761
0.326944
0.366182
0.23606
0.313863
0.207182
0.209013
0.32875
0.453619
0.271562
0.426074
0.441544
0.373603
0.362452
0.453553
0.344251
0.313557
0.274746
0.309786
0.364506
0.333921
0.324975
0.239915
0.228322
0.169498
0.169348
0.0637551
0.0731956
0.0704594
0.167324
0.129987
0.0933734
0.0912156
0.230177
0.119398
0.239868
0.121314
0.0298773
0.1787
0.291937
0.277562
0.230638
0.196644
0.0446163
0.171691
0.346103
0.191074
0.0997617
0.0293297
-0.0595452
0.0648673
0.164272
-0.033919
0.13538
0.0411741
-0.149447
0.0764078
-0.0957713
-0.205488
-0.16612
-0.098953
-0.201144
-0.258338
-0.246857
-0.220312
-0.324528
-0.459905
-0.400172
-0.486077
-0.369407
-0.503857
-0.516393
-0.430763
-0.443949
-0.494651
-0.528792
-0.399703
-0.40426
-0.405721
-0.337316
-0.279358
-0.172559
-0.338591
-0.390266
-0.251575
-0.317541
-0.452181
-0.234523
-0.242868
-0.173145
-0.216701
-0.206708
0.00613864
0.119247
-0.012607
-0.140646
-0.0037241
-0.140092
0.00393975
-0.0653747
-0.250158
-0.234154
-0.26828
-0.204926
-0.338305
-0.226245
-0.13651
-0.0385835
-0.17732
-0.208769
-0.198893
-0.244025
-0.340667
-0.305692
-0.280993
-0.188977
-0.140807
-0.324944
-0.249452
-0.205525
-0.220896
-0.164307
-0.101166
-0.191866
-0.168221
-0.110692
-0.227418
-0.181656
-0.200468
-0.134881
-0.157742
-0.130676
-0.109562
-0.261698
-0.232967
-0.11136
-0.239375
-0.310242
-0.231594
-0.158552
-0.278392
-0.393743
-0.334119
-0.335622
-0.469356
-0.453621
-0.461066
-0.67835
-0.489983
-0.695948
-0.637887
-0.607592
-0.641871
-0.591848
-0.613545
-0.613574
-0.557798
-0.694859
-0.757959
-0.578692
-0.662978
-0.659159
-0.608107
-0.64701
-0.67228
-0.485592
-0.533781
-0.60969
-0.3835
-0.365113
-0.508561
-0.213088
-0.225051
-0.370473
-0.420294
-0.439319
-0.470704
-0.469916
-0.532689
-0.519871
-0.617718
-0.482134
-0.586009
-0.49802
-0.594153
-0.485878
-0.503184
-0.683303
-0.620931
-0.712873
-0.667999
-0.723258
-0.704281
-0.61415
-0.806688
-0.936122
-1.02392
-0.781386
-0.842359
-0.930282
-0.800634
-0.846897
-0.841832
-0.704248
-0.779793
-0.785965
-0.766295
-0.840642
-0.750743
-0.818688
-0.697168
-0.790143
-0.777461
-0.756337
-0.698254
-0.736329
-0.667487
-0.609682
-0.759646
-0.588515
-0.456559
-0.582048
-0.516186
-0.541297
-0.658389
-0.652026
-0.439504
-0.434135
-0.640837
-0.545302
-0.63567
-0.640883
-0.721702
-0.741204
-0.883963
-0.933902
-0.873444
-1.01491
-1.07894
-1.04083
-1.06606
-1.26314
-1.25415
-1.20979
-1.20658
-1.25674
-1.14229
-1.37137
-1.27764
-1.41188
-1.32295
-1.31812
-1.29824
-1.30877
-1.20233
-1.17219
-1.28316
-1.20589
-1.25489
-1.17602
-1.16445
-1.27142
-1.10123
-1.14219
-1.16463
-0.951889
-1.04492
-1.0637
-1.07574
-1.18991
-1.25083
-1.27128
-1.24567
-1.21357
-1.28364
-1.32845
-1.40792
-1.40728
-1.52336
-1.38694
-1.50496
-1.50228
-1.51944
-1.36212
-1.43632
-1.33943
-1.33362
-1.51572
-1.52491
-1.53786
-1.36853
-1.54016
-1.35426
-1.44327
-1.3219
-1.23072
-1.24145
-1.19297
-1.26113
-1.32847
-1.16922
-1.13182
-1.09765
-1.02638
-0.951758
-1.08317
-1.11617
-1.04821
-1.12128
-1.21237
-1.16489
-1.33793
-1.23186
-1.32202
-1.36703
-1.43683
-1.31718
-1.39916
-1.33546
-1.53601
-1.59776
-1.49107
-1.39956
-1.3774
-1.36828
-1.4816
-1.48368
-1.4077
-1.48263
-1.58154
-1.40181
-1.41363
-1.44344
-1.33941
-1.51373
-1.52026
-1.52691
-1.55499
-1.46542
-1.44645
-1.55082
-1.29384
-1.28168
-1.37392
-1.41896
-1.22702
-1.36369
-1.24057
-1.29112
-1.26193
-1.25619
-1.24895
-1.10342
-1.06006
-1.16032
-1.09469
-1.20205
-1.13428
-1.30927
-1.13906
-1.25718
-1.17588
-1.19387
-1.19158
-1.13074
-1.17532
-1.22679
-1.12789
-1.14346
-1.07947
-1.01688
-1.16742
-1.12067
-1.11706
-1.15011
-1.20725
-1.12153
-1.0189
-1.12151
-1.25186
-1.21204
-1.25766
-1.10466
-1.14812
-1.14501
-1.03589
-1.05563
-1.09492
-1.24901
-1.04814
-1.02203
-1.02947
-0.925217
-1.07958
-0.951563
-1.05115
-1.00599
-0.909566
-1.00995
-0.961788
-1.07525
-0.98057
-1.11056
-1.19743
-1.02908
-1.21071
-1.25916
-1.18897
-1.17648
-1.25547
-1.32126
-1.27261
-1.25221
-1.19903
-1.32503
-1.42326
-1.50832
-1.52655
-1.3011
-1.50403
-1.30389
-1.17903
-1.24904
-1.30496
-1.36205
-1.38895
-1.4615
-1.22519
-1.25171
-1.29691
-1.19742
-1.20589
-1.29115
-1.20579
-1.24199
-1.31641
-1.16652
-1.33756
-1.22868
-1.24532
-1.26586
-1.35135
-1.39387
-1.28416
-1.25505
-1.37869
-1.22463
-1.34128
-1.35667
-1.34155
-1.40166
-1.35303
-1.36207
-1.44301
-1.22102
-1.31541
-1.20418
-1.19636
-1.20357
-1.08995
-1.18932
-1.17273
-1.19039
-1.16875
-1.21879
-1.27165
-1.36379
-1.30254
-1.38324
-1.4456
-1.56817
-1.54229
-1.70641
-1.70952
-1.82262
-1.74821
-1.90893
-2.05363
-1.95778
-1.84017
-1.72941
-1.81462
-1.86412
-1.85418
-1.77434
-1.77307
-1.6389
-1.64771
-1.80376
-1.67247
-1.56635
-1.73904
-1.67185
-1.72191
-1.59438
-1.63622
-1.62159
-1.65617
-1.75292
-1.69998
-1.75011
-1.74083
-1.71349
-1.57726
-1.6588
-1.65642
-1.60282
-1.51205
-1.30152
-1.28488
-1.34164
-1.14097
-1.1256
-1.29172
-1.23634
-1.13406
-1.02677
-1.02846
-0.912009
-1.10656
-1.12154
-1.09531
-1.14296
-1.24531
-1.16425
-1.06214
-1.18392
-1.15187
-1.22971
-1.23834
-1.54034
-1.39235
-1.32331
-1.29623
-1.1167
-1.20708
-1.08394
-1.11175
-1.08998
-1.06347
-1.26172
-1.18771
-1.15937
-0.97705
-1.15328
-1.23226
-1.19596
-1.08687
-1.17428
-1.17218
-1.22302
-1.4564
-1.29248
-1.40348
-1.41721
-1.45019
-1.42999
-1.5619
-1.59442
-1.51349
-1.54774
-1.54787
-1.63139
-1.48048
-1.65402
-1.63771
-1.66719
-1.55732
-1.58394
-1.54043
-1.46387
-1.50332
-1.41352
-1.4444
-1.55738
-1.48905
-1.56108
-1.28505
-1.42851
-1.49889
-1.49703
-1.39855
-1.60473
-1.57915
-1.67551
-1.63722
-1.6663
-1.78143
-1.74589
-1.71099
-1.80838
-1.69232
-1.68237
-1.62661
-1.59683
-1.44447
-1.19971
-1.24172
-1.20817
-1.15881
-1.05207
-1.02505
-1.1502
-1.06847
-1.03451
-1.06135
-0.956722
-1.06426
-1.01932
-1.05611
-1.03403
-0.984641
-1.16128
-0.983881
-1.02299
-0.975627
-1.08855
-1.08129
-0.961333
-1.02283
-1.06141
-1.00749
-0.933115
-1.08834
-1.07055
-1.10485
-0.968702
-0.966245
-0.986678
-1.03498
-1.00699
-0.841201
-1.10469
-1.18234
-1.11875
-0.913043
-1.1219
-1.14931
-1.39865
-1.35667
-1.31008
-1.34059
-1.27671
-1.27027
-1.4562
-1.30602
-1.31134
-1.37952
-1.28219
-1.26256
-1.13487
-1.30683
-1.30467
-1.2091
-1.19324
-1.13422
-1.23135
-1.20828
-1.23173
-1.27618
-1.3376
-1.4284
-1.67179
-1.60161
-1.48021
-1.57677
-1.64025
-1.48516
-1.62245
-1.78672
-1.55838
-1.69551
-1.52206
-1.60914
-1.61635
-1.74505
-1.64732
-1.75638
-1.88327
-1.75357
-1.81821
-1.89926
-1.78683
-1.88695
-1.98393
-1.81811
-1.8056
-1.82301
-1.85767
-1.91551
-1.82283
-2.03823
-1.91818
-2.04246
-2.07676
-2.01005
-2.09972
-2.13075
-2.0644
-2.12469
-2.13275
-2.06745
-2.18872
-2.11281
-2.11967
-2.16844
-2.13174
-1.97924
-2.13734
-2.05487
-2.04861
-2.06295
-1.9843
-1.84351
-1.88025
-1.77574
-1.78664
-1.7062
-1.70841
-1.53478
-1.48151
-1.55038
-1.38967
-1.40664
-1.37175
-1.41454
-1.54171
-1.56684
-1.57017
-1.67582
-1.79421
-1.77792
-1.95616
-1.91354
-2.02192
-2.05161
-2.06422
-2.03495
-2.04903
-2.01731
-1.96415
-1.90582
-1.79355
-1.81803
-1.80046
-1.68841
-1.74172
-1.63161
-1.82704
-1.64601
-1.79357
-1.71239
-1.58525
-1.68573
-1.59469
-1.64163
-1.77486
-1.80468
-1.78623
-1.79917
-1.95927
-1.98991
-2.02672
-2.20305
-2.19064
-2.23244
-2.34134
-2.32551
-2.15663
-2.05129
-2.058
-2.06987
-1.80717
-1.65041
-1.71363
-1.66479
-1.62287
-1.56775
-0.647383
-1.30162
-3.19005
-2.62148
-2.19633
-2.75689
-1.90941
-1.29243
-1.76399
-1.32847
-1.29726
-1.58083
-1.30279
-1.31943
-1.05731
-0.825948
-1.45137
-1.54067
-1.65711
-2.09581
-2.21481
-2.13947
-2.46776
-2.73614
-2.7824
-2.80703
-2.79036
-3.24368
-3.30936
-3.71246
-3.73921
-3.24375
-2.98699
-2.62991
-2.1965
-2.07595
-1.74979
-1.61718
-1.37799
-1.13834
-1.134
-1.25712
-1.46386
-1.47608
-1.66011
-2.15117
-2.78213
-2.96087
-3.08145
-3.1604
-3.22205
-3.31958
-3.55607
-3.62242
-3.63149
-3.52273
-3.36169
-2.96061
-2.92022
-2.59879
-2.29229
-2.19957
-2.08334
-2.11157
-1.72743
-1.64804
-1.2988
-1.23488
-0.96995
-0.928216
-0.769719
-0.599812
-0.219381
-0.210934
0.00450228
0.0179104
-0.0317632
-0.0464492
-0.303111
-0.440813
-0.58885
-0.618667
-0.700723
-0.838567
-0.886935
-0.472977
-0.595694
-0.308831
-0.120959
0.261749
0.503024
0.998217
1.20471
1.40837
1.58267
1.55351
1.72736
1.65996
1.49844
1.4446
1.32289
1.27044
1.14533
0.743813
0.696998
0.474493
0.511776
0.382936
0.44603
0.5447
0.457405
0.415554
0.413841
0.312106
0.329307
0.291903
0.228903
0.0307338
0.0339627
-0.187502
-0.162715
-0.341182
-0.381484
-0.480451
-0.414837
-0.506596
-0.638455
-0.483776
-0.716742
-0.731829
-0.720979
-0.788934
-0.769061
-0.757659
-0.862031
-0.611186
-0.700988
-0.80333
-0.679122
-0.578551
-0.654307
-0.545697
-0.457044
-0.494127
-0.352419
-0.464528
-0.308289
-0.544002
-0.467221
-0.480496
-0.543667
-0.495278
-0.445502
-0.468536
-0.546704
-0.412574
-0.560474
-0.573337
-0.521997
-0.624612
-0.512434
-0.673748
-0.441172
-0.594237
-0.420562
-0.30708
-0.289719
-0.301606
-0.292847
-0.252455
-0.245956
-0.123007
-0.19666
-0.233586
-0.393327
-0.28505
-0.286566
-0.416236
-0.33781
-0.301748
-0.325641
-0.3076
-0.179801
-0.321741
-0.243686
-0.153069
-0.0870071
-0.0636643
-0.154902
-0.0389017
-0.120618
-0.166248
-0.122461
-0.101367
-0.141343
-0.0970675
-0.14963
-0.134869
-0.0232074
-0.117601
-0.236399
-0.213564
-0.161793
-0.0235424
-0.241116
-0.130262
-0.117261
-0.304156
-0.253591
-0.173114
-0.268621
-0.149528
-0.258091
-0.288178
-0.279414
-0.290657
-0.206536
-0.342323
-0.252686
-0.327116
-0.234482
-0.219789
-0.271567
-0.286801
-0.142599
-0.209367
-0.178528
-0.170954
-0.153191
-0.128207
-0.137738
-0.13969
-0.138562
0.0251181
-0.113987
-0.0840659
-0.0571666
-0.0507596
-0.105118
-0.0683729
-0.0792935
0.110987
0.0362629
0.0312444
-0.0450194
0.133806
-0.023614
0.0470266
0.0128264
-0.0692752
0.019197
-0.110416
-0.0723543
0.0374449
-0.00215408
0.0284463
0.124828
-0.0406858
0.0473751
0.110046
0.0231061
0.130986
-0.0470926
0.111311
-0.115392
0.0236394
-0.0571742
0.0705111
-0.069315
-0.0303115
0.00334202
0.138524
-0.125222
0.0326785
-0.0713166
-0.179617
0.0125112
-0.04493
-0.0618887
-0.17316
-0.01597
-0.156272
-0.262791
-0.135051
-0.244196
-0.0677936
-0.133183
-0.0665866
-0.186294
-0.195015
-0.165106
-0.146742
-0.115005
-0.135608
-0.0467334
-0.120412
-0.0535415
-0.0828626
0.00890328
-0.181647
-0.0326843
-0.0656587
-0.0510714
-0.224649
-0.034913
-0.164282
-0.319834
-0.0895009
-0.017582
-0.0613203
-0.0389301
-0.0525828
-0.203586
-0.162262
-0.0278836
-0.121381
-0.223377
-0.00750371
-0.261681
-0.0710763
-0.0949604
-0.084823
-0.0430172
-0.138254
-0.191297
-0.128986
-0.121106
-0.0763132
-0.0487533
-0.0945728
-0.130191
-0.0345554
-0.148825
-0.0708397
-0.106799
-0.0171532
-0.0251809
-0.0694982
0.0898325
0.0993373
0.0704739
0.0863394
-0.00764071
0.0289366
0.0492383
0.15239
0.000190944
0.00220385
-0.00735102
0.0904222
-0.0271343
-0.0294125
0.0611132
0.135779
0.0631715
-0.109275
0.0706875
0.0849788
0.0133722
0.0055017
0.0211396
-0.036863
0.0162862
-0.0717161
-0.0680424
0.00830463
-0.0170953
-0.161194
0.032609
0.0308747
0.100442
0.0502913
0.15806
0.0413143
0.0659131
0.0968855
0.04279
-0.00735191
0.0350082
0.0879126
0.0815435
0.0125995
-0.072698
0.00103173
0.137057
0.195282
-0.0752656
-0.0441549
-0.12477
-0.0888681
-0.112454
-0.106294
-0.0212374
0.0434561
-0.0947287
-0.0431645
-0.0516825
-0.10682
-0.0787285
0.0118413
-0.07335
-0.173066
0.00333386
-0.141799
-0.0646037
0.0222303
-0.0240804
0.0582821
-0.0849103
-0.0570362
-0.114172
0.0132108
-0.144311
-0.0237402
-0.0116859
-0.0525681
-0.0609214
-0.110902
-0.135812
-0.067657
-0.0564793
0.0156013
-0.101765
-0.0846499
0.11523
-0.0138666
-0.109473
-0.178038
-0.0753965
-0.20007
-0.0303126
-0.156538
-0.0585625
-0.0922977
-0.114826
-0.156827
-0.113014
-0.0769266
-0.00746458
-0.017857
-0.147204
-0.0673209
-0.0529534
-0.000841275
0.0045102
-0.0533105
-0.0301828
-0.00353912
-0.0173404
-0.0899687
-0.0664054
0.0317949
-0.000439417
-0.0740794
-0.0633158
0.0136728
-0.0205263
-0.0448196
-0.0522075
0.0319597
-0.0809669
-0.134317
-0.246585
-0.198069
-0.150627
-0.0468931
-0.21748
-0.0393864
-0.135915
-0.108667
-0.0549852
-0.100376
-0.0644168
-0.0261739
-0.061404
0.0289039
0.0296206
0.118656
0.125051
-0.0177219
0.0115188
0.0755906
-0.055452
-0.0654739
-0.0308274
-0.126325
-0.0226229
-0.0853881
0.0131416
-0.0580401
-0.0444841
0.0696783
-0.0805211
-0.00151366
-0.0135729
-0.100684
-0.0813277
0.158686
0.0113942
-0.0109097
-0.033369
-0.0205268
-0.123947
-0.032226
-0.103239
0.0820601
0.0784721
0.0591924
0.0197297
-0.0943216
0.0458413
0.106904
-0.062906
0.0513052
0.000829221
-0.0388179
0.0496804
0.0358829
-0.177926
-0.0905924
-0.0698627
0.0390459
0.0128642
0.0261824
-0.0217589
0.0346463
-0.105102
0.100457
0.0642738
0.0404764
0.0823542
-0.0490901
0.107137
-0.0432676
0.03575
0.00787687
-0.117538
-0.198512
0.0491184
0.0371925
0.0252065
-0.0378096
-0.0950452
-0.0573549
-0.0507085
0.00393285
0.0400417
0.0119927
-0.111366
-0.0357077
-0.0580107
-0.0206606
-0.0335209
-0.12348
-0.182479
0.0157906
-0.0327079
-0.109912
-0.13025
0.107981
0.0432619
-0.027168
-0.115464
0.100277
0.118178
0.0218296
-0.0567907
0.0525594
-0.0233533
-0.0113676
0.0438892
-0.172528
-0.111827
-0.176843
0.0470113
-0.0942649
0.0253585
-0.052764
0.0432719
-0.0604347
0.0304162
-0.134124
-0.158535
-0.0624441
-0.182551
-0.110653
-0.0122815
-0.00308998
-0.0558733
-0.0576002
0.033467
-0.0253268
-0.048398
0.0516899
-0.0485022
0.0120363
-0.112139
-0.0605174
-0.0642266
-0.0186528
0.047442
-0.13252
-0.0198163
-0.0238914
-0.0221917
0.0985636
0.0298064
0.0342507
-0.027245
-0.0143266
0.020494
-0.0865652
0.148611
0.0381224
0.137602
0.114612
0.0694281
0.169476
0.0652537
0.0183787
0.00101749
-0.129839
-0.0188048
-0.0955683
0.0630387
-0.0552874
0.0327428
0.0124413
0.142087
0.041465
0.0720627
0.069999
0.0476606
-0.00842145
0.0385559
0.0540928
0.0247006
0.0189107
-0.0177951
0.0162535
-0.047397
0.176284
0.246031
0.0236357
-0.001707
0.0688709
-0.0418222
0.0510863
0.0551738
0.103699
0.0332548
-0.104863
0.051469
0.124447
0.0557864
0.060362
0.0167278
-0.0173883
0.137815
0.0212406
0.0720143
-0.00778474
-0.0152701
0.0451633
-0.0160418
0.0324101
-0.0446385
0.0851911
0.0460723
0.0966566
0.1321
-0.0188042
0.0357303
0.0652812
-0.0192845
-0.00564876
-0.0896731
-0.0142658
-0.0803091
-0.0434559
-0.0985732
-0.0470572
-0.0361562
-0.103309
-0.0164913
0.0455523
0.0416606
-0.00245722
0.150207
0.0278666
-0.0405835
-0.0606122
-0.0933894
-0.00284731
-0.128684
-0.181202
-0.0485854
-0.17089
-0.106913
-0.105158
0.00492397
0.0375253
-0.0351765
0.120065
-0.0907495
0.0162231
-0.00880819
-0.12563
-0.0615955
-0.0792226
0.0872885
0.0554043
0.00516553
-0.013238
-0.0795435
-0.114637
-0.136835
-0.114041
-0.0214304
-0.144983
-0.131817
-0.0194709
-0.0197845
-0.0496657
-0.0463282
-0.0179601
-0.0790047
-0.0070742
-0.0391916
-0.121327
-0.147585
-0.135139
-0.00958542
-0.0557594
-0.207078
-0.0903011
-0.103445
-0.129605
-0.214357
-0.0406701
-0.234751
-0.273945
-0.12305
-0.130791
-0.168052
-0.0771573
-0.0426917
-0.0744345
-0.127136
-0.159787
-0.114106
0.102881
-0.163664
-0.165625
-0.106617
-0.140089
-0.139331
-0.0577295
0.0624434
0.0849484
0.0615551
-0.114003
-0.210911
-0.0463633
-0.00749835
0.119276
0.0476736
-0.113331
-0.0730756
-0.0305121
-0.0242497
-0.0934586
-0.131
-0.0634064
-0.0567496
-0.16969
0.0896647
0.043961
0.0990144
0.0469166
-0.00734454
0.0632827
0.00764501
-0.0524838
0.0480266
4.77269e-06
0.102133
-0.0907517
0.161466
0.0421523
-0.142974
-0.0113318
-0.0492762
0.0862578
0.0259283
0.0445837
0.0112312
0.0112462
0.0439919
-0.0261989
0.0316425
-0.00464372
-0.0228461
-0.0799733
-0.111498
-0.022411
0.0617371
-0.0903305
0.0322485
-0.0489517
-0.0402751
-0.0827414
-0.0142011
-0.120497
-0.0630886
-0.123844
-0.153378
-0.107528
-0.173275
-0.108327
-0.130039
-0.189858
-0.147688
-0.131261
-0.194617
-0.115397
-0.207387
-0.163121
-0.216554
-0.133574
-0.132541
-0.116691
-0.221196
-0.198202
-0.190188
-0.117428
-0.204942
-0.133594
-0.162682
-0.112692
-0.13611
-0.108716
-0.209724
-0.0640823
-0.0335018
-0.204644
-0.191622
-0.053886
-0.0478691
-0.229258
-0.242918
-0.259427
-0.0612748
-0.24913
-0.137507
-0.209401
-0.223187
-0.292362
-0.058303
-0.0801514
-0.143885
-0.0195566
-0.178285
-0.162182
-0.132558
-0.0698646
-0.0575043
-0.0658904
-0.206048
-0.0336408
-0.162367
-0.18324
-0.167749
-0.0839207
-0.0712896
0.0621588
-0.144087
-0.0770993
-0.164555
-0.0706308
-0.0840881
0.111968
-0.149426
-0.120716
-0.166474
-0.12867
-0.108231
-0.0660683
-0.00318035
-0.0247544
-0.0619924
-0.0211809
-0.0743281
-0.0391893
-0.107647
-0.0860552
-0.174466
-0.137016
-0.12193
-0.157795
-0.221373
-0.109001
-0.0549406
-0.144851
-0.119573
-0.235202
-0.108995
-0.00792399
-0.126056
-0.0970236
-0.165166
-0.169231
0.0169689
-0.0788268
-0.00447025
-0.0738441
0.0595665
-0.0462798
-0.0226315
-0.115079
-0.0592244
-0.00249367
-0.0980865
0.0129693
-0.0101567
-0.108174
-0.0227134
-0.0334742
-0.0407804
-0.0356749
-0.177653
-0.0688154
-0.199196
-0.127929
-0.0788032
-0.0937022
-0.0968938
-0.0764187
-0.151577
-0.0919244
-0.201749
-0.0435947
-0.0850652
-0.0582869
-0.100469
-0.0360291
-0.083977
-0.0745486
-0.121419
-0.0717087
-0.209156
-0.206726
-0.166862
-0.146599
-0.182388
-0.0856119
-0.0966704
-0.0377756
-0.188171
-0.154245
-0.0796267
-0.157011
-0.172661
-0.142971
-0.0492537
-0.0758417
-0.0453585
-0.0745857
-0.0958859
-0.172717
-0.148086
-0.0679897
-0.0833314
-0.128715
-0.134382
-0.0547012
-0.164763
-0.187707
-0.0853426
0.00857671
-0.0208176
-0.0556299
0.00970697
-0.0467443
-0.169865
-0.0754048
-0.111877
-0.155154
-0.115669
-0.135986
-0.126104
-0.0667915
0.0439882
-0.121703
-0.0166493
0.0160335
-0.0080402
-0.0866205
-0.111655
-0.0462737
-0.14356
-0.180853
-0.170863
-0.181255
-0.125593
-0.0766972
-0.0523826
-0.164529
-0.0996093
-0.208234
-0.0781921
-0.158703
-0.184295
-0.166184
-0.368096
-0.200372
-0.105506
-0.203735
-0.124132
-0.161516
-0.12203
-0.140901
-0.139501
-0.154622
0.0518771
-0.0784286
-0.126311
-0.122649
0.0194363
-0.0237757
-0.180637
-0.0627229
-0.12954
0.0244978
-0.0148168
0.0175583
-0.0283811
0.119706
0.0604689
-0.0484324
0.0132569
0.026769
-0.0708627
0.00824257
0.00535893
-0.0555394
-0.05128
-0.0195663
-0.0103447
0.0197809
0.0961979
0.0142846
