0.123103
-0.0652561
0.151935
0.146202
0.0638681
0.116755
0.150473
0.0668346
0.13064
0.0490805
0.0709108
-0.016635
0.0254595
0.0339049
-0.0667704
0.165576
-0.00358039
0.0212164
0.099869
0.107859
0.0953383
0.0557423
0.0629677
0.0269411
0.075069
0.0361143
0.123562
0.0981873
-0.0184822
0.0499383
-0.0449998
-0.018374
0.0969982
-0.103535
0.127724
0.0902663
0.0360299
-0.0654988
0.0417354
0.0244884
0.0703212
-0.148976
-0.076227
-0.066638
-0.0414113
0.0037295
-0.10684
0.0032628
-0.0919935
-0.0947394
0.113202
0.106822
-0.0155714
-0.135493
-0.181808
-0.0201635
-0.0391338
-0.0969533
-0.142458
-0.132356
-0.130507
0.0322075
0.0508437
-0.15402
-0.0946197
-0.0653891
-0.00833165
-0.0027566
-0.100498
-0.00907095
-0.0428831
0.0076871
-0.047403
-0.0772477
-0.00237338
-0.0233297
-0.0432349
0.0710087
0.138557
-0.0881054
0.00993379
-0.0475586
-0.0369321
-0.170911
0.0668951
0.0243042
0.0087094
-0.034045
0.0213251
-0.164813
-0.0738492
0.0139935
-0.149729
-0.0866163
-0.071402
-0.0179953
-0.0176408
-0.113958
-0.0366409
0.0494188
0.0358384
0.143211
-0.055643
-0.030946
-0.0586851
0.0160165
0.0222372
0.0970486
0.0135861
0.123652
0.00284836
0.17504
-0.0355338
0.146788
-0.014996
0.0401542
-0.0890907
0.155477
0.0856776
0.100118
0.112065
0.02305
0.0293531
0.0526366
0.0371301
-0.0854169
-0.00639407
-0.0344536
0.111169
-0.00906366
0.0396257
0.0286992
0.0249911
0.0928906
0.0720573
-0.0451887
0.070247
0.151721
0.0417693
-0.017872
-0.0437067
0.060596
-0.0336227
0.0550583
0.0396674
0.0815343
0.0287383
0.0274452
0.061668
-0.00292596
0.041267
0.0222451
-0.0396401
-0.0859071
-0.0263567
-0.160342
0.102957
0.12615
0.0655672
-0.0852255
-6.93932e-05
-0.0983408
-0.153492
-0.11268
-0.0192456
-0.00307088
0.0717943
0.0792083
0.0905827
0.165817
0.0323729
-0.156899
-0.0583861
-0.129522
0.0604973
0.0285846
-0.00533535
0.0432169
0.0136249
0.0587723
-0.0418937
0.0739493
-0.0578693
-0.140392
-0.0307546
-0.0240331
-0.0155778
0.053584
0.0298649
0.0332439
0.0974743
0.0868079
0.0404048
-0.111402
-0.0600221
0.113445
0.0393298
0.0197799
-0.0180588
0.120551
0.0811156
-0.0707384
0.06687
0.162696
0.140473
0.10651
0.156057
0.0936014
0.023727
0.0788337
0.0120798
0.134236
0.170671
0.0168009
0.00100178
0.00101328
0.0513069
0.107197
-0.0517098
-0.0744581
0.0386599
0.00382797
0.00718775
-0.0540449
0.145762
-0.0954974
-0.0460007
-0.0773042
0.0526517
0.0188905
-0.0777253
0.0887276
0.0717751
0.0689558
-0.120874
0.0399097
-0.126768
-0.0309543
-0.00338346
-0.041904
0.0129969
0.0387539
-0.076734
0.0461027
0.0133209
0.0506199
-0.000702078
0.120212
0.0613104
0.0559336
-0.0165213
0.0570009
0.0638166
-0.00449913
0.0627309
0.0899867
0.0379596
0.0642296
0.053871
0.0155066
0.0924487
-0.031339
0.0819951
-0.130757
0.0481424
0.0248959
-0.0993137
0.0992115
0.0451295
0.0360229
-0.0948112
-0.0463914
-0.0211476
0.00178169
0.004526
0.0307826
-0.00339013
0.113285
0.0716535
0.0393258
0.148055
0.166656
0.0611201
-0.0094469
0.136854
0.0491501
-0.0597374
0.0661619
0.14924
0.145393
0.0713738
0.0990637
0.234653
0.16046
0.111846
0.103545
0.0928642
0.0913945
0.0133413
0.0773788
0.0385856
0.0643876
-0.0235061
-0.0750353
-0.131015
0.00882242
0.0721899
-0.0162286
-0.0353585
-0.0830486
-0.00697926
-0.0877725
-0.0368641
0.00657014
-0.0131289
-0.133807
0.00573854
0.0114536
-0.00409121
0.0591681
0.0933041
0.106709
0.06884
-0.0301333
-0.0422665
0.000789907
0.0374294
0.0527839
0.0341057
0.0150855
-0.0949184
0.051064
-0.0652073
0.023495
0.209847
0.140484
0.0465686
0.0764642
0.100166
0.0812086
0.0191975
0.0048814
-0.0139436
-0.0118725
0.0335762
0.141684
0.157792
0.062494
0.0275502
0.0695114
0.175754
0.0541501
-0.00248117
0.115414
0.185113
0.017364
0.0209727
0.00220873
0.00491971
0.0596617
-0.0560106
-0.0412364
-0.060437
-0.0120126
0.0471177
-0.0460298
-0.0781982
-0.0418839
0.0595165
0.116758
-0.0227383
-0.0500202
0.0294701
-0.126432
0.0262461
0.118883
0.0808343
0.070708
-0.0109221
-0.0325172
0.0929089
0.00918054
-0.00705414
0.0734193
0.00687621
0.100743
0.110848
0.00613229
0.018528
0.00186267
0.0332337
0.0723971
-0.0772018
-0.0132605
0.0522734
0.0629535
-0.028804
-0.0457278
0.00538653
-0.0364115
-0.0722391
-0.00991719
-0.00233958
0.100403
-0.0372433
0.0178161
0.0405439
0.0975799
0.0275521
0.0566309
0.00760954
-0.010942
-0.045236
0.00349343
-0.0677889
-0.0611204
-0.0522038
-0.00631186
0.105357
-0.0664713
0.0840478
0.0373283
0.00849239
0.0828652
0.152829
-0.0165045
-0.208074
-0.0352987
0.0751867
0.0325496
-0.00375778
-0.0665869
-0.0956678
-0.00727695
-0.140342
-0.0678588
-0.071465
-0.0799967
-0.0542693
0.0877435
-0.0168769
-0.0368265
-0.0462707
-0.0944161
-0.0804157
-0.0646398
-0.0889353
-0.107443
-0.0206315
-0.147179
-0.10072
-0.0635001
-0.131262
-0.0937498
-0.0272151
-0.16755
-0.108679
-0.120332
-0.270612
0.000977837
-0.0874411
-0.116296
-0.123933
-0.140259
-0.22446
-0.0920116
-0.310823
0.0639415
-0.160905
-0.126351
-0.183428
-0.218033
-0.213576
-0.106177
0.00803587
-0.123439
-0.0511631
-0.0616422
-0.169397
-0.241648
-0.0131873
-0.133989
-0.070645
-0.117691
-0.123538
-0.0571417
-0.0678849
-0.020636
-0.0262707
0.0478626
-0.0319119
-0.0757854
-0.0533981
-0.042445
-0.134215
0.0317799
0.020268
-0.0438958
0.0479257
0.0405366
-0.0135019
0.0629455
-0.0127638
0.0041062
0.0505477
-0.130131
-0.134676
-0.0526303
-0.0795808
-0.0120561
-0.0741163
-0.0250494
0.00151934
-0.182078
-0.09099
-0.0170622
-0.101971
-0.0366469
-0.0454719
-0.0518443
0.0282225
-0.0857864
-0.114493
-0.110979
-0.139634
-0.0737696
-0.130326
0.0657129
0.0271637
-0.103302
-0.0529652
-0.0991709
-0.10384
-0.114134
-0.0823211
-0.0287884
-0.125156
-0.040314
-0.0165698
-0.0427424
-0.100155
0.0389075
0.00662211
-0.197941
-0.120262
-0.0189622
-0.0201085
0.0357835
0.0607921
0.0410206
-0.104285
0.0212161
0.0638858
0.0110925
0.122411
0.0792376
-0.0759276
-0.0846524
-0.0725148
-0.0100274
0.0780792
-0.0741444
-0.0665428
0.024939
0.00106799
-0.0105269
-0.116899
0.0025669
0.0576222
0.0392294
-0.144729
-0.134023
-0.0597242
0.062027
0.254618
0.051496
-0.0108366
-0.0462279
-0.05694
0.15082
0.0978936
0.169202
0.0406653
0.0239758
0.127182
0.0337005
0.231315
0.206446
0.148309
0.267684
0.12354
0.33166
0.305083
0.32981
0.318317
0.373063
0.118401
0.35514
0.2559
0.300626
0.419346
0.389043
0.51923
0.577797
0.493994
0.632678
0.609324
0.616648
0.545599
0.445607
0.420506
0.242213
0.263663
0.218549
0.0492051
0.0959871
0.206728
0.114198
0.103831
0.0234979
-0.0698466
-0.108937
-0.0473459
-0.0360954
0.11754
-0.0145274
-0.0138042
0.0303773
-0.0313749
0.0110289
-0.0783982
-0.277463
-0.245429
-0.0647329
-0.0317768
0.177649
-0.130166
-0.308097
-0.27702
0.300629
-0.0554453
-0.118302
-0.0503719
0.437176
0.17764
-0.206156
-0.384842
0.724837
0.87824
0.329086
0.0412883
0.466781
0.302454
-0.265151
0.0427216
0.633173
0.354157
-0.303175
0.0660352
0.491464
-0.0392151
0.0465419
0.497485
0.134699
0.209548
-0.0280986
0.36985
-0.14268
-0.138544
0.319574
0.294629
0.210451
0.244837
-0.0830229
0.116121
-0.0778596
-0.400817
0.265231
0.342764
-0.0909621
6.32132e-05
0.18547
0.303085
-0.127608
0.481602
0.769315
0.485058
0.0834707
0.58197
0.752989
-0.279821
0.684286
0.350099
-0.0803622
0.502119
-0.0176589
0.056629
0.109991
0.248609
-0.150597
-0.290559
-0.0549477
-0.0955134
0.0670972
0.0433043
0.370253
-0.499037
-0.229424
0.245109
0.102405
-0.395279
0.139717
0.257117
-0.371278
0.243426
0.127146
-0.176254
-0.202358
0.798869
0.268713
-0.19808
-0.0296117
0.725186
0.0745035
0.0359007
0.911933
0.528603
0.266924
0.567252
0.316498
-0.231286
0.065034
0.449473
0.417949
-0.335454
0.325965
0.227133
-0.316299
0.172859
0.141995
-0.21458
-0.324239
0.0092475
-0.354387
-0.438415
-0.265389
-0.204628
-0.4211
-0.443334
-0.350177
-0.173184
-0.122274
-0.179481
-0.283005
-0.0997891
-0.0419704
-0.109454
-0.0787114
0.132899
0.0978189
0.113948
-0.0505714
-0.104335
-0.146978
-0.0199644
0.162321
0.0751807
0.137114
-0.0446008
-0.0994022
-0.0459214
0.263018
0.220666
0.296306
0.186638
0.347412
0.0676277
0.237632
0.283028
0.318905
0.167434
0.327896
0.0643458
-0.0155841
-0.00481501
0.0678389
0.0819682
0.0413673
0.0616761
-0.30478
-0.227239
-0.238273
-0.262404
-0.114804
0.0438886
0.00554626
0.171934
-0.227379
-0.04275
-0.0118916
-0.295006
-0.0615864
-0.0904847
-0.211015
-0.054629
0.0167023
-0.0165351
-0.0851356
-0.0369549
-0.11433
-0.0298629
-0.097691
-0.120438
-0.0672711
0.0153005
0.00967296
-0.00416468
-0.0809133
0.00849397
0.0894431
-0.159038
-0.156294
-0.192428
-0.211903
-0.228035
-0.148712
-0.370587
-0.28547
-0.161445
-0.0905918
-0.0365229
-0.0518961
-8.37844e-06
-0.126048
-0.139713
-0.295762
-0.137643
-0.0187281
-0.0651295
0.0531371
0.0590851
-0.0307129
0.128586
0.0191964
0.131565
-0.0220862
0.0360836
-0.0575597
-0.0829867
-0.0883454
-0.127487
-0.132114
-0.22073
-0.0165744
-0.081953
-0.0392903
-0.232893
-0.170149
-0.0954978
0.0104195
-0.131239
-0.202831
-0.246449
-0.130677
-0.263009
-0.132939
-0.115718
-0.0758228
-0.143484
-0.0344405
-0.160196
-0.130472
-0.0104958
0.0155902
0.094386
-0.1336
-0.0122374
0.0423836
-0.0985574
-0.0889283
-0.142346
0.109156
-0.0950997
0.0310819
0.0812432
-0.205397
-0.0862792
-0.00949935
0.0426126
0.00211942
-0.0754133
-0.0541741
-0.149473
-0.0379346
0.0325048
0.00329814
-0.0690698
-0.0185107
-0.11443
-0.104753
-0.0700161
-0.0389593
-0.0631235
0.0124976
0.125594
0.076678
-0.0185206
-0.109622
-0.113671
-0.0704583
-0.0169534
-0.0895544
-0.20796
-0.266129
-0.0978488
-0.183527
-0.09613
-0.142527
-0.256406
-0.0519106
-0.0190874
0.00272881
-0.070761
-0.0892372
-0.176218
-0.123937
-0.0936548
-0.100332
-0.0456614
-0.0539346
-0.039814
-0.0516583
-0.0739939
-0.0691085
-0.136584
-0.137804
-0.080328
-0.164113
-0.321803
-0.189055
-0.130252
-0.0371742
-0.162744
-0.196088
-0.152942
-0.130647
-0.210601
-0.0949701
0.0349926
-0.108466
-0.131695
-0.151172
-0.0438743
0.0431168
-0.00781701
0.0438126
-0.0843147
-0.0526256
-0.0492527
-0.020598
-0.0753427
-0.0668928
-0.0838853
-0.100727
-0.201236
-0.132845
-0.134172
-0.268242
-0.184696
-0.259805
-0.0300222
-0.146352
-0.169058
0.0254275
-0.083578
-0.0640871
-0.117247
-0.10627
-0.074204
-0.0208646
-0.0577352
-0.0483772
0.0194502
0.0952265
-0.111935
-0.0121468
-0.133634
-0.105718
0.0865587
-0.00816688
-0.0252026
-0.0129398
-0.00745796
-0.00436297
0.0609708
-0.034909
0.0198083
-0.138582
0.06238
0.0888353
0.017917
-0.0201181
0.0386463
-0.0489242
-0.0231244
-0.029435
-0.0667631
-0.20031
0.0101161
-0.0131189
-0.00936944
-0.0361737
0.0361431
-0.112934
0.000382022
-0.0126185
0.015703
0.0203401
0.104147
-0.0157255
-0.0427136
-0.0700653
0.165454
-0.0621426
-0.0456968
0.0350966
0.0639221
0.113584
0.0714182
0.0113668
0.0714292
0.0461534
0.0838067
-0.0644362
0.0418014
-0.0763225
-0.021251
-0.023755
0.131841
0.0854145
0.129577
-0.0168086
-0.0256909
-0.073561
0.0430782
0.0834934
-0.00643217
-0.0118101
0.0296693
-0.0180603
-0.171705
0.0104323
-0.092888
-0.134663
0.00590221
-0.0605347
0.0333565
-0.0279543
-0.0112418
-0.0751635
-0.0530975
0.0824206
-0.072384
-0.0301402
-0.118768
0.128609
0.0169538
0.0272022
-0.0170733
-0.0459718
0.00741965
0.0384797
-0.069787
-0.0927216
0.0278293
-0.0397534
0.0900184
0.0398524
0.0982999
0.0258676
0.0809551
0.0774104
0.0986114
0.0029128
0.0668831
0.0626337
-0.00357568
0.223665
-0.0511604
-0.0245494
0.054856
0.085853
0.130317
0.164462
0.116572
0.137547
0.0510521
0.217185
0.267015
0.0619416
0.120687
0.0994533
0.0642569
0.138888
0.187358
0.127097
0.0923709
0.151394
0.113411
0.144693
0.0891886
0.017393
0.312718
0.0678917
0.033881
0.056712
0.163293
0.166478
0.0641629
0.172114
0.16129
0.161202
0.101335
0.224209
0.150951
0.183684
0.176001
0.0623206
0.101453
0.108924
0.134733
0.177824
0.00595608
0.126763
-0.0479802
0.0766328
0.0225855
0.117038
0.0123982
0.092604
0.129923
0.0662911
0.0697871
0.147733
0.0315392
-0.0350057
-0.0257121
0.00475345
-0.00336201
0.0219318
-0.0530585
0.00321729
0.00572612
-0.115848
-0.134161
-0.0761993
-0.0709026
0.0568252
-0.148635
-0.0499737
-0.112566
-0.131394
-0.188832
-0.108684
-0.242977
-0.0850941
-0.208768
-0.096001
-0.0482122
-0.131534
-0.0487593
0.0603171
0.058573
-0.0146406
-0.0937788
-0.00294178
-0.035606
-0.130709
-0.0673557
-0.111382
-0.136559
-0.0782394
0.0178125
-0.205352
-0.0164843
-0.00752944
-0.08307
-0.0732335
-0.0452669
-0.146254
-0.169073
-0.171459
-0.0897788
-0.167682
-0.0480355
-0.0227062
-0.0103996
-0.146782
-0.256063
-0.0202407
-0.0696268
0.144059
-0.0591024
-0.0291446
-0.0122954
-0.142259
-0.0620897
0.00134526
-0.246387
-0.16557
-0.155053
0.00634948
-0.0965742
0.0109337
0.0614304
-0.0662504
0.00799404
-0.063884
0.0822283
-0.00413592
0.0863481
-0.062435
-0.0555991
-0.0407092
-0.192445
-0.182474
-0.167145
-0.0800189
-0.0695196
0.00252348
0.0509484
-0.0946952
-0.185832
-0.0138495
0.0169755
-0.101806
-0.0821004
-0.0340607
-0.0808895
0.0480324
0.0428119
0.0294028
-0.145852
-0.153068
-0.0298334
-0.0148371
-0.0223667
0.10242
0.0653028
0.0265053
0.0836396
0.0706509
0.0549149
-0.018592
0.039784
0.0383392
-0.00443218
-0.0192597
0.00711104
0.0200948
0.149575
0.112131
0.0542676
0.0114765
-0.169775
-0.0338236
-0.13028
-0.0180196
0.0137583
-0.0257316
-0.126882
0.12045
-0.0183622
-0.00633758
-0.0632383
0.0735379
-0.104535
-0.149989
-0.131888
-0.0043315
-0.161488
0.0106246
0.0288435
0.0146298
0.0347895
0.0622236
0.0469621
-0.0533274
0.0608034
0.095917
0.0994669
0.103145
0.085219
0.0186548
0.0703364
-0.0419197
0.0775048
-0.0216671
-0.00265776
0.0790207
0.111393
-0.0482139
-0.00898684
0.134841
0.0398182
-0.0603504
-0.0384732
-0.0113132
-0.0841487
0.0445067
0.0674043
0.163562
0.135179
0.123942
0.173479
0.0577704
-0.0610001
-0.143464
-0.0241715
0.086193
-0.0646932
-0.0306642
-0.0765737
-0.049982
-0.0423741
-0.127896
0.0920132
-0.0383726
-0.0226569
-0.116698
-0.0319895
0.0939186
-0.096907
-0.140892
-0.0562173
-0.0138895
-0.0782636
-0.105865
0.014684
-0.00540159
0.012677
-0.0274585
0.0225776
0.0463306
0.057385
0.0449864
0.0746875
0.107842
-0.00687439
0.0453147
0.0762715
0.0948111
-0.11374
0.0934141
0.182
-0.062271
0.098921
0.0646717
0.169678
0.0523204
0.151814
0.119115
0.0707197
0.257531
0.226566
0.166608
0.145947
0.104342
0.149432
0.0818856
0.0901314
0.068067
0.184539
0.115389
0.0715748
0.0287176
-0.0929615
0.0458421
0.15658
-0.0514093
0.0939106
-0.0264372
-0.164668
0.11549
0.143928
0.0720227
0.137355
0.143117
0.171231
0.141834
0.198065
0.018142
0.072535
0.0600099
0.0541855
0.0897367
0.0438875
0.0496056
-0.0717121
-0.0953037
-0.0937672
-0.0166224
0.0986527
-0.0738248
-0.0430451
-0.0248638
-0.00834732
0.0446139
0.228488
0.0213704
0.000235876
0.167522
-0.0839585
-0.0273478
0.0679343
0.0218965
0.00802096
0.0568463
0.0910938
0.0838099
0.034958
0.0325107
-0.147822
-0.00793061
0.0534988
0.000312987
0.0844842
0.0439025
0.0168386
0.0146578
0.136047
0.031704
0.0813184
0.0451909
0.085208
-0.0999871
0.0381784
0.141683
0.038001
0.105203
-0.039593
0.0147425
0.0453715
-0.0125854
-0.0354284
-0.028205
0.144138
0.0696799
-0.00300867
0.0525155
-0.0493759
-0.0496759
-0.00387549
0.00300221
0.0631368
-0.0542613
-0.104305
0.00244969
0.0697591
0.153004
-0.0612655
0.128508
0.0740723
0.130858
0.096392
0.0488201
-0.123876
-0.203228
-0.0233077
0.0819805
0.095032
0.0937299
0.139964
0.0608811
0.0171663
0.108197
0.0628904
0.211838
0.00930447
-0.0580779
0.06942
0.0363603
-0.00631293
0.0738563
-0.0170188
0.142179
0.0105333
0.175383
0.0793864
0.0372686
-0.160719
0.0984035
0.0675391
0.192245
-0.0688173
-0.0901983
-0.142788
-0.268433
-0.127685
-0.181925
-0.0674163
-0.173294
-0.0396325
0.0216072
-0.0407994
0.101331
-0.0646075
-0.129937
0.0037909
-0.0723804
0.00676914
0.0428942
0.0699796
-0.08115
0.0250371
-0.0264059
-0.100654
-0.0984886
0.0278755
-0.12152
0.00217374
0.0923273
0.0402192
-0.0891705
0.0119788
0.0645315
-0.0423863
-0.0556895
0.00811631
0.0512491
-0.029888
-0.0616073
-0.027618
0.00335115
0.0222215
-0.0377891
-0.0374746
0.134209
-0.03083
-0.0396115
-0.0671957
-0.0816759
-0.0406462
-0.0370486
-0.0165583
-0.103774
0.0625057
0.0106148
0.0126196
-0.141853
-0.0386691
0.0419501
0.0915399
0.00149397
-0.109966
-0.129599
-0.039261
0.0157789
-0.077756
-0.0418564
-0.0981791
0.00090782
-0.125732
-0.162415
-0.0213332
-0.103528
-0.140701
-0.0983361
-0.127467
-0.170013
-0.183128
-0.00778549
-0.0621233
-0.037356
-0.100158
-0.0518449
-0.161835
-0.0641704
0.00630165
0.0738626
-0.122695
-0.0358499
-0.0388179
-0.0149321
0.0697197
-0.0610533
-0.0826797
0.0329373
-0.023635
-0.0357929
-0.00454608
-0.204628
-0.0666577
0.0772834
-0.316009
-0.105246
-0.150464
-0.0557697
-0.0701708
-0.117323
-0.0543732
-0.223908
-0.0155923
-0.0511207
-0.0853235
-0.00485307
-0.202034
-0.0173625
-0.104665
0.037245
0.0921336
-0.0286987
0.0339949
-0.0264999
-0.168098
0.0720633
-0.051886
0.00947431
0.0650509
-0.000228662
-0.0620531
0.0439704
0.0199498
0.037914
-0.0245892
-0.0735872
0.00693928
0.144955
-0.121212
-0.192214
0.0486191
-0.0386629
0.00635059
-0.16753
-0.0251281
-0.104333
-0.142018
-0.0122888
-0.0798887
-0.136259
-0.136708
0.0639987
0.0665362
0.0119364
-0.102143
-0.0500778
-0.116034
-0.0584776
-0.0303961
-0.0245775
-0.08154
-0.0910928
-0.0073844
-0.0950993
0.0450537
0.0600004
9.20629e-05
0.070568
0.0199127
0.00415027
-0.209326
-0.122874
-0.158549
-0.0581676
-0.17918
-0.0732536
-0.157576
-0.0406462
-0.113214
0.00342224
-0.0841521
0.013486
-0.0241756
-0.0636507
-0.169847
0.00851198
-0.0236063
-0.122273
-0.109606
-0.0949259
-0.0349
-0.173786
-0.058729
-0.144291
-0.00264702
-0.00664042
-0.117415
-0.0122443
-0.128635
-0.129386
-0.156059
-0.0190884
-0.0408732
-0.00346238
0.0311539
-0.0499051
-0.1675
-0.163636
-0.0610129
-0.185869
-0.0157757
-0.163672
-0.0618579
-0.100562
-0.0139089
-0.0117802
0.00265433
-0.111592
-0.23248
-0.0826037
-0.0137501
-0.00983164
-0.0380681
-0.0544216
-0.076169
-0.0995108
-0.0884355
-0.0865486
-0.0324984
-0.0935995
-0.0652967
-0.0803252
-0.0474757
0.0180849
-0.107719
-0.199342
-0.156171
-0.178963
-0.116207
-0.116271
-0.108493
0.0456627
-0.0211623
-0.0354866
0.0906623
-0.0650763
-0.0538839
-0.0489673
0.0245093
-0.0658241
0.0191394
-0.0300768
0.00464431
0.000490926
-0.0909881
-0.0173579
-0.0330785
-0.0662542
-0.0850907
-0.112795
-0.16107
-0.054172
-0.0803515
-0.0117963
-0.0896184
0.024845
-0.0773695
-0.00207238
-0.0158725
-0.151066
0.0438922
0.00329905
-0.0970119
-0.0221931
0.0333678
-0.11797
0.030102
0.080077
0.0659399
0.183609
0.0842129
-0.0742601
-0.0812272
0.00152549
0.169183
-0.0290087
-0.009888
-0.0762189
-0.266144
-0.129751
-0.109755
-0.1437
-0.203305
-0.00486365
-0.0371693
-0.0239675
-0.244994
-0.127949
-0.0159541
-0.0632252
0.00554946
-0.169463
-0.25185
-0.164439
-0.278592
0.0099616
-0.009575
-0.0373669
0.0157202
-0.090391
0.00806492
0.00390719
0.00610081
0.0509013
-0.0606564
0.135954
-0.0180873
-0.0530681
-0.0787287
0.0298342
-0.132669
-0.126298
-0.153447
-0.0169724
-0.109693
-0.17993
-0.0421587
-0.0547659
-0.0694489
0.0452236
-0.100447
0.00277571
-0.0211066
0.0271218
-0.0556923
-0.0372923
-0.176171
-0.0416174
0.129827
0.0945862
0.0064706
0.0652424
-0.0511866
-0.131427
0.0194174
-0.108816
-0.0987072
-0.0532096
-0.148647
-0.113389
-0.0636824
-0.0798552
0.00587952
-0.100823
-0.0338375
-0.133204
-0.120593
-0.070879
-0.016121
-0.0367083
0.00852332
-0.177875
0.0376379
0.0059351
-0.0409687
0.0847194
-0.164369
0.0459973
-0.0779979
0.093371
0.178177
0.0702736
-0.0228268
0.0195267
0.0275091
0.00152344
-0.0954078
-0.0652367
0.0187413
-0.193789
-0.129749
-0.177579
-0.179805
-0.117127
-0.0831339
0.0445545
-0.0540028
0.0445711
-0.143851
-0.109321
-0.129157
0.0223459
-0.0346376
-0.0355919
0.100116
-0.0854358
-0.0561577
-0.105467
0.0241364
-0.029976
-0.117012
-0.136393
-0.117143
0.029281
-0.0635109
0.0421785
-0.0529081
0.00821277
0.0342258
-0.0121105
0.0618799
-0.0422931
0.00642125
0.163173
0.0747447
0.113403
0.187189
0.129202
0.133727
0.0902751
0.0996064
0.0155651
0.0656919
-0.153245
0.0954639
0.112562
0.0677953
0.0246073
-0.0817804
0.108666
0.0307044
0.00877822
-0.0496144
0.0655484
-0.0460029
-0.0288488
0.0174038
-0.00697485
-0.0545592
-0.109269
-0.0815496
-0.0970027
0.105098
0.195072
0.0800515
-0.00147462
-0.0156956
0.19365
0.141894
0.0863756
0.0818505
-0.00908772
0.0474702
0.125801
0.0547901
0.0298416
0.000379816
0.106238
0.0561704
0.0695369
0.0782233
0.0945484
0.169313
0.0497966
0.045305
-0.0177042
0.135355
0.0188849
0.0692859
0.0911308
0.112846
0.0848179
0.06345
0.0583915
0.025196
0.0476391
0.155475
0.216558
0.255979
0.0166654
0.0717677
0.198494
0.217905
0.284327
0.0963864
0.201525
0.126925
0.260694
0.152926
0.123673
0.249155
0.219242
0.118468
0.26399
0.171921
0.185013
-0.000768871
0.131057
0.142788
0.0634652
0.116346
0.251954
0.143559
0.131642
0.276652
0.110742
-0.0418757
0.0910413
0.0250047
0.0122714
0.0753807
-0.106382
-0.0264435
0.0308229
-0.0730564
-0.0124165
0.00605824
0.0636342
0.114222
-0.0424554
0.049177
0.0621378
0.169238
0.0969407
0.0245696
0.156549
0.121087
-0.189458
0.0718738
0.161951
-0.0136069
0.133144
0.151688
0.128189
-0.0341034
0.141713
0.0837127
0.173159
0.195265
0.0888856
0.352959
0.0910303
0.111304
0.103196
0.0528383
0.157832
0.162737
0.104015
0.0854666
0.111303
0.191321
0.138896
0.124868
0.151417
-0.0196937
0.0760435
0.129254
0.220415
0.0594242
0.149255
0.186066
0.247478
0.100473
0.0767181
0.194594
0.276902
0.144458
0.129587
-0.0940681
0.0943307
-0.0403398
0.0576964
0.0801909
-0.116372
-0.0237041
0.0500569
0.089807
0.092793
0.0712435
0.179096
0.143562
0.214907
0.239344
0.151237
0.0586696
0.205893
0.218732
0.168155
0.199424
0.131531
0.128914
0.0934411
0.0475729
0.0912796
0.192857
0.196464
0.180397
0.346667
0.223025
0.0826239
0.165254
0.155661
0.158608
0.194478
0.188446
0.0638218
0.160793
0.10214
-0.0228877
0.265613
0.232173
0.25274
0.151122
0.22797
0.316236
0.183076
0.338109
0.123346
0.286201
-0.000557727
-0.0979669
-0.0384401
-0.249605
-0.0805606
-0.311653
-0.165913
-0.0806188
0.057435
0.140193
0.0065251
0.0890585
-0.0654627
0.113533
-0.00215179
0.0902669
-0.136383
0.00259115
-0.000887628
0.113206
0.0881577
0.130076
-0.00615143
0.195032
-0.00934741
-0.0653181
-0.152595
0.0768087
-0.00900904
0.0497834
0.0732908
0.193031
0.0327888
0.184467
0.00544234
0.136467
0.109469
-0.0058575
0.218598
0.124635
0.0931754
-0.0358087
0.00343156
0.0766213
0.0482442
-0.00915962
-0.14325
-0.0929909
0.081515
0.0367015
-0.103632
0.102404
-0.0611971
0.143045
0.133407
0.128005
0.0632808
-0.0504261
-0.0111608
0.141053
0.0341461
-0.00452566
0.0691958
-0.0247308
0.0849197
0.10714
0.0325302
0.10656
0.0714543
0.00131742
0.0946478
0.0606994
0.109229
0.00768682
0.0107807
0.0187085
-0.046845
0.0336575
-0.0405893
-0.00223257
0.0213672
0.122002
0.00998257
0.136247
0.0508898
0.0108657
-0.0760929
-0.0239821
-0.00323041
-0.024324
-0.145565
-0.0730635
0.0743381
0.0222528
0.0534574
-0.149496
-0.0710636
-0.0627883
-0.223547
0.00866685
-0.00525649
-0.0870164
0.0247922
0.0091375
0.0777387
0.0724652
0.145346
0.0834105
0.0212476
0.0588874
-0.101893
-0.042548
0.115057
-0.0253964
0.0290723
0.0889531
0.0413117
0.0291308
0.07644
0.0996488
0.061956
0.0352849
0.0873353
0.0485793
-0.00305525
-0.0377784
0.0159683
-0.0694191
-0.143656
-0.0789206
0.0932269
0.106474
-0.0442876
0.116714
0.0775066
0.0550431
0.0362815
-0.106127
-0.172178
-0.0522821
0.042665
0.0118741
0.136124
0.00696909
0.108635
0.123822
0.12513
0.267026
0.235901
0.331589
0.348229
0.390134
0.29365
0.314954
0.141836
0.253719
0.115025
0.342566
0.344255
0.522514
0.496584
0.452776
0.47198
0.176478
0.253778
0.332369
0.277589
0.35447
0.619525
0.457294
0.509298
0.439
0.245597
0.296359
0.393158
0.491082
0.425889
0.271206
0.0341933
0.10264
0.193713
0.0904654
0.187575
0.402531
0.272511
0.20377
-0.020166
0.027134
0.0794598
0.270111
0.521802
0.347887
0.118829
0.0893534
0.184667
0.0993193
0.0602039
0.274199
0.173271
0.22703
0.427099
0.121171
0.247517
0.201644
0.187292
0.262485
0.233449
0.406921
0.312541
0.448416
0.362329
0.403377
0.60153
0.433784
0.397045
0.40924
0.411705
0.441922
0.332521
0.273499
0.356903
0.255611
0.404744
0.290068
0.275061
0.2992
0.285832
0.334588
0.476621
0.565589
0.496146
0.449798
0.38321
0.417596
0.548231
0.371237
0.529053
0.585001
0.564466
0.47886
0.414798
0.495936
0.618296
0.529439
0.324171
0.31461
0.262764
0.33463
0.20661
0.393026
0.250372
0.222386
0.320747
0.279675
0.257198
0.245765
0.134889
0.358615
0.0529219
0.373397
0.465273
0.361522
0.32848
0.363267
0.35722
0.472509
0.294691
0.408303
0.745203
0.53877
0.0976202
0.243051
0.130866
0.247393
0.401291
0.389956
0.28672
0.271161
0.20476
0.254147
0.17443
0.505508
0.421614
0.388731
0.106948
0.0861256
0.153526
0.117607
0.187984
0.319924
0.113841
0.169383
0.223193
0.0520125
0.371429
0.352568
0.315704
0.233227
0.210802
0.108129
-0.157911
0.205789
0.261639
0.309468
0.147376
0.0822409
0.188166
0.14003
0.231803
0.361063
0.129417
0.116917
-0.00366726
0.050684
0.0328199
0.2801
0.545128
0.377116
0.212695
0.319079
0.185581
0.196692
0.405979
0.0997569
-0.221529
-0.0300638
-0.163205
0.196714
-0.111124
0.254952
0.230251
0.576952
0.29453
0.364614
0.196063
-0.0724706
0.420878
0.573311
0.24456
0.195166
0.357145
0.609442
0.680021
0.699706
0.498754
0.474277
0.583148
0.399984
0.596682
0.661598
0.608011
0.571057
0.525556
0.53137
0.518487
0.592109
0.51931
0.415865
0.525242
0.727675
0.722955
0.715726
0.726371
0.513368
0.653017
0.549122
0.717902
0.805275
0.766249
0.699889
0.917134
0.914814
0.819772
0.79204
0.831936
0.85721
0.71724
0.768126
0.718699
0.510479
0.602386
0.673043
0.640187
0.476569
0.58449
0.496452
0.459999
0.380881
0.575892
0.600344
0.29176
0.495833
0.422465
0.475983
0.740588
0.659391
0.68522
0.62285
0.667727
0.591271
0.500544
0.502233
0.380281
0.53318
0.499188
0.432449
0.322983
0.263021
0.473489
0.379505
0.445792
0.4684
0.569051
0.425777
0.545373
0.421938
0.386285
0.471805
0.636747
0.495122
0.564435
0.545365
0.652842
0.597282
0.676107
0.804024
0.826678
0.780517
0.7584
0.920946
0.830915
0.982147
0.87286
0.888578
0.915033
1.2329
1.37843
1.0365
1.10602
1.17013
1.06157
1.07952
1.10839
1.15299
1.00057
1.06418
1.14866
1.26048
1.32321
1.1817
1.28126
1.27364
1.13359
1.15865
1.22861
1.1493
1.0321
1.0853
1.11054
1.13386
0.951477
1.26157
1.241
1.43501
1.36191
1.40903
1.58834
1.38875
1.50059
1.35262
1.43369
1.47569
1.27836
1.3967
1.24705
1.25695
1.12858
1.094
1.21484
1.23277
1.33593
1.31443
1.33356
1.27078
1.34918
1.23082
1.31252
1.15372
1.2194
1.11963
1.26409
1.20052
1.16065
1.18005
1.2102
1.30502
1.24123
1.11061
1.20374
1.30084
1.55571
1.552
1.53278
1.73606
1.80717
1.81989
1.87219
2.19452
2.1797
1.99644
2.23647
2.71881
2.38229
1.9603
2.05058
2.38013
2.3557
2.04347
2.15949
2.46077
2.41551
1.97614
2.39069
2.78713
1.99635
2.43635
3.10305
2.9628
2.22804
2.90471
3.4489
2.76115
2.3166
2.79717
2.83547
2.05643
2.02438
2.84049
2.97557
2.32943
2.23746
2.91476
2.52899
1.54731
2.26262
2.59945
1.9538
1.47433
2.12297
2.38121
1.85036
1.2829
1.8402
1.82187
1.31472
0.91284
1.73978
1.48536
0.961329
0.860114
1.37944
1.33567
1.34708
1.519
1.56906
1.56237
1.72522
1.82202
1.58741
1.52186
1.56216
1.93476
1.98621
1.92974
2.00277
1.87079
1.83435
1.82867
1.93856
1.88654
1.78242
1.75361
2.05632
2.00953
1.92028
2.07385
1.94343
2.04843
2.05533
2.19876
2.03544
2.2314
2.14031
2.03304
1.97528
2.06312
2.19483
2.01113
1.86413
1.88146
1.69256
1.65293
1.55619
1.53831
1.38819
1.33536
1.37466
1.51147
1.75958
1.47674
1.53054
1.56228
1.61419
1.58835
1.73459
1.59337
1.5935
1.52049
1.54157
1.54574
1.55799
1.52396
1.38785
1.33121
1.38362
1.44967
1.50429
1.45252
1.46543
1.54619
1.48055
1.65887
1.64425
1.61296
1.46062
1.48628
1.40625
1.64312
1.77821
1.59827
1.64753
1.70983
1.48367
1.61519
1.72533
1.89148
1.83172
1.83784
1.83428
1.9516
1.80746
1.89536
1.90283
1.84535
1.89374
1.96963
1.98721
1.95171
2.06868
1.9244
1.86247
1.63208
1.79493
1.7795
1.87213
1.91878
1.64124
1.65539
1.61066
1.59846
1.77461
1.85402
1.98539
1.74647
1.44283
1.63388
1.54718
1.58021
1.4989
1.53543
1.46271
1.32825
1.26088
1.36787
1.56535
1.57645
1.16818
1.22688
1.44798
1.54214
1.5044
1.58053
1.54889
1.41142
1.74368
1.70027
1.70127
1.77329
1.63516
1.54622
1.81554
1.91585
1.7535
1.64319
1.57585
1.7081
1.48458
1.5774
1.60771
1.67793
1.52644
1.62334
1.45465
1.61263
1.595
1.55512
1.75402
1.70223
1.73172
1.69605
1.53847
1.50823
1.5516
1.88971
1.94427
1.95242
2.01236
2.04869
1.99115
1.89808
1.9722
1.93772
1.85203
1.96073
1.97623
1.86455
1.78375
1.80608
1.78141
1.96593
1.98031
1.83208
1.96364
1.89231
1.90042
1.81005
1.77214
1.86017
1.71176
1.70829
1.89096
1.74967
1.84482
1.84638
1.74333
1.83583
1.83687
1.80428
1.83797
1.69159
1.76382
1.77023
1.89023
1.91949
1.97692
2.00499
1.98072
2.02599
1.94176
1.75688
1.85979
1.89735
1.95955
1.87591
1.69932
1.77985
1.80203
1.81927
1.84747
1.68455
1.65279
1.71666
1.93029
1.67954
1.8685
1.92102
2.01535
1.97147
1.89104
1.95599
1.87047
2.0448
1.97512
1.95727
1.96185
2.19076
2.16233
2.09638
1.97966
2.02461
1.89439
2.07916
2.15311
1.98638
2.03002
1.95739
1.97755
1.91057
2.00919
1.97861
2.03897
2.01457
1.86605
2.01899
1.99811
2.01913
1.94404
2.00393
1.86919
1.85278
1.77539
1.65833
1.72941
1.80278
1.61569
1.79626
1.75744
1.71782
1.78321
1.84497
1.82783
1.65234
1.79721
1.83454
1.68648
1.67611
1.68718
1.65078
1.66128
1.7104
1.82014
1.64093
1.81102
1.70121
1.69312
1.69143
1.80919
1.90486
1.74541
1.66647
1.69262
1.59564
1.56365
1.65058
1.64826
1.583
1.54419
1.44368
1.57184
1.41317
1.55516
1.45348
1.38915
1.49023
1.57377
1.644
1.62347
1.48543
1.4309
1.56995
1.56316
1.57062
1.45881
1.47303
1.51366
1.46041
1.48804
1.48551
1.51453
1.53069
1.44903
1.54324
1.48312
1.58743
1.58435
1.57412
1.55391
1.69345
1.6598
1.51492
1.66689
1.73113
1.61508
1.68972
1.70047
1.67312
1.68371
1.59774
1.58079
1.63699
1.66692
1.74384
1.71466
1.72101
1.80827
1.81125
1.71175
1.8204
1.77944
1.8454
1.85073
1.76078
1.82438
1.76373
1.74303
1.84739
1.9265
1.8529
1.80236
1.78989
1.83958
1.70639
1.81371
1.72314
1.82578
1.93694
1.859
1.8082
1.86532
1.80958
1.88748
1.84985
1.82084
1.96384
1.8223
1.79946
1.719
1.85533
1.719
1.80511
1.7743
1.70612
1.67654
1.75152
1.74315
1.61625
1.5217
1.70685
1.68823
1.6868
1.78248
1.71568
1.69735
1.78434
1.76039
1.59613
1.77925
1.80754
1.70997
1.79497
1.71547
1.58933
1.64597
1.58976
1.7183
1.65358
1.72301
1.84106
1.76783
1.63668
1.80495
1.57907
1.70731
1.72863
1.67314
1.73871
1.6006
1.52586
1.57194
1.60012
1.5625
1.59542
1.6539
1.69336
1.62126
1.64147
1.55949
1.64155
1.58122
1.66773
1.69056
1.67988
1.46287
1.62374
1.60904
1.69975
1.61291
1.63842
1.63133
1.83552
1.73849
1.84536
1.69719
1.82191
1.68191
1.69456
1.7269
1.617
1.50855
1.54127
1.63504
1.52984
1.53355
1.55405
1.5513
1.64854
1.57212
1.5819
1.52391
1.56157
1.53743
1.53753
1.59468
1.42787
1.4692
1.54458
1.53351
1.51373
1.5846
1.66404
1.71639
1.65389
1.63126
1.57396
1.6135
1.73962
1.57812
1.55257
1.63
1.59667
1.5168
1.5705
1.57718
1.54404
1.44837
1.43814
1.4344
1.45137
1.40436
1.39848
1.35439
1.35059
1.39637
1.321
1.54983
1.33615
1.51736
1.28031
1.40922
1.43934
1.37981
1.6061
1.58536
1.40166
1.62553
1.4181
1.4962
1.44786
1.61247
1.56342
1.50948
1.48529
1.70902
1.61646
1.56191
1.50648
1.59912
1.57606
1.51077
1.69236
1.62658
1.5467
1.66969
1.66333
1.62259
1.53865
1.49638
1.62392
1.50899
1.5677
1.47192
1.55359
1.53542
1.48439
1.57933
1.52796
1.48214
1.50044
1.50503
1.52494
1.47002
1.46798
1.3446
1.49161
1.56589
1.6811
1.67782
1.42857
1.50232
1.4776
1.4953
1.45793
1.47145
1.469
1.50051
1.4102
1.34049
1.35485
1.35424
1.3581
1.31117
1.44582
1.29358
1.34482
1.41291
1.43958
1.36103
1.30472
1.31879
1.48284
1.23292
1.28305
1.30756
1.33933
1.37264
1.35779
1.37597
1.37731
1.29146
1.49521
1.38214
1.33711
1.48201
1.49468
1.46353
1.4794
1.39786
1.43891
1.47884
1.47609
1.33738
1.37669
1.38901
1.38843
1.51335
1.51429
1.43153
1.44991
1.42922
1.33422
1.28619
1.36803
1.1421
1.31426
1.30269
1.35969
1.35313
1.35225
1.27271
1.36439
1.24258
1.25453
1.5309
1.38873
1.33632
1.24331
1.31834
1.34004
1.26246
1.369
1.3493
1.35791
1.33386
1.52334
1.28407
1.52037
1.51223
1.44756
1.49489
1.56296
1.47563
1.31355
1.43002
1.3374
1.24022
1.32493
1.21541
1.20479
1.19852
1.33413
1.39269
1.28166
1.13234
1.37689
1.26978
1.25418
1.29059
1.3244
1.33454
1.24771
1.24592
1.29925
1.27203
1.2503
1.30492
1.23189
1.23294
1.1598
1.3472
1.1381
1.22732
1.23598
1.15836
1.18062
0.870584
1.13446
1.07388
1.2195
1.1511
1.01367
1.12307
1.12853
1.01258
0.999828
0.897195
0.976272
1.06958
1.1032
1.13234
1.08464
1.10645
1.13109
1.05955
1.12293
0.957663
0.921861
0.811616
1.01953
0.972071
1.02771
0.951842
1.10017
0.799034
0.874397
1.03842
1.13432
0.992508
1.19743
1.41759
1.17768
1.31455
1.28527
1.40194
1.40536
1.30892
1.4609
1.4481
1.29228
1.22237
1.21025
1.23784
1.29535
1.40265
1.55041
1.54696
1.59883
1.81081
1.80541
1.85375
1.66842
1.84731
1.98931
1.91539
1.94781
1.85485
1.89615
1.831
1.92045
1.8493
1.98735
2.01131
2.01991
2.09088
1.98586
1.90885
1.96095
1.97095
1.92121
1.80756
1.99172
1.69124
1.86638
1.85642
1.82331
1.95327
2.04748
1.94238
1.91866
2.05771
2.01865
1.91931
2.04225
1.93505
1.9327
2.03241
2.1496
2.02613
2.12643
1.95449
2.06389
2.25883
2.055
2.03917
1.98532
2.07424
1.92976
2.00676
1.99525
1.9849
1.95726
1.92943
1.97335
2.13793
2.22935
2.14181
2.10676
2.14883
2.15039
2.28422
2.10318
2.19906
2.23866
2.22521
2.23712
2.13131
2.05147
2.03468
1.93905
2.0984
2.14863
2.09022
2.0736
2.13346
1.94907
2.00479
2.08692
2.16094
2.14017
2.11233
2.04227
2.07701
2.07564
1.9601
2.00719
1.84794
2.00447
1.83554
1.90749
1.9633
2.09725
1.99382
2.06437
2.1323
2.23294
1.98383
1.99838
2.003
2.10513
1.84897
2.00798
2.00599
1.95599
2.08372
1.89568
1.95492
2.05123
2.17604
1.97159
2.15585
2.00445
2.13295
2.03675
2.00561
2.23133
2.20946
2.1246
2.19516
2.25204
2.29585
2.33348
2.47171
2.35165
2.45186
2.32541
2.24182
2.10989
2.31993
2.15122
2.3439
2.28772
2.07053
2.01834
2.03697
2.03475
1.92772
1.71712
1.86106
1.82986
1.89612
2.21441
1.96823
1.88661
1.84936
1.91305
2.08437
1.95505
1.99992
1.98514
1.90006
1.92151
1.95619
1.97627
2.11746
1.85867
1.84937
1.88125
1.76979
2.00004
1.75025
1.96572
1.90222
1.9332
1.90539
2.08445
2.08865
2.0718
2.05306
2.25901
2.21774
2.26469
2.21573
2.24246
2.34832
2.45383
2.38239
2.28726
2.41333
2.37846
2.32683
2.30649
2.22883
2.42485
2.45851
2.39175
2.33006
2.20064
2.2401
2.1846
2.24929
2.18921
2.37298
2.27056
2.21018
2.386
2.27854
2.2843
2.31692
2.4963
2.36216
2.45562
2.37487
2.54821
2.58307
2.4917
2.60313
2.59113
2.50291
2.73411
2.62562
2.4946
2.66656
2.66488
2.68558
2.79403
2.86585
2.66879
2.58068
2.7364
2.64228
2.6912
2.65353
2.61283
2.82075
2.63094
2.65357
2.6205
2.62698
2.69261
2.84896
2.81121
2.72489
2.79684
2.80497
2.73529
2.7549
2.84795
2.72705
2.65747
2.84033
2.74395
2.66026
2.59493
2.5934
2.6281
2.74699
2.61814
2.6115
2.51696
2.60511
2.38082
2.38284
2.34486
2.41412
2.29066
2.29046
2.29507
2.12812
2.22089
2.23997
2.3306
2.20166
2.19147
2.28065
2.20156
2.18393
2.3527
2.41471
2.316
2.48439
2.35473
2.36782
2.34552
2.51982
2.38659
2.33934
2.32275
2.36734
2.31713
2.43575
2.39237
2.50656
2.50405
2.43312
2.45088
2.32911
2.55464
2.63396
2.55728
2.50415
2.52847
2.40132
2.61242
2.55964
2.551
2.52484
2.42795
2.52307
2.34818
2.46265
2.36559
2.41434
2.31886
2.351
2.30863
2.41893
2.24586
2.21581
2.09986
2.13789
2.02113
2.11462
2.08228
2.15798
2.07746
2.08364
2.09939
2.22028
2.14057
2.03433
2.1975
2.05026
2.01056
2.05814
2.0535
2.2169
2.1463
2.27966
2.30531
2.35868
2.42838
2.32045
2.36159
2.38403
2.52783
2.33795
2.43194
2.48525
2.59444
2.51016
2.5152
2.536
2.54592
2.75435
2.64282
2.64009
2.65542
2.54236
2.57285
2.66394
2.49595
2.5985
2.49097
2.52212
2.59066
2.63782
2.61616
2.75872
2.54258
2.60358
2.5912
2.59901
2.53143
2.47995
2.58159
2.52721
2.57585
2.48025
2.44188
2.64142
2.64661
2.48648
2.52847
2.62865
2.5382
2.57739
2.58763
2.51989
2.58541
2.53077
2.54233
2.53979
2.58887
2.49649
2.45281
2.49188
2.52691
2.6082
2.47811
2.63528
2.51366
2.54026
2.66535
2.61171
2.49995
2.45059
2.52696
2.46405
2.50665
2.43436
2.56079
2.51957
2.46941
2.35943
2.30119
2.41875
2.32026
2.31972
2.25385
2.506
2.50022
2.35991
2.53191
2.43189
2.36323
2.3746
2.36392
2.47237
2.45307
2.43211
2.28588
2.38919
2.44117
2.34252
2.49422
2.43622
2.23639
2.30193
2.50284
2.30994
2.35552
2.31646
2.30501
2.28732
2.33071
2.36053
2.20906
2.11574
2.16647
2.37131
2.22655
2.28391
2.28318
2.34191
2.31556
2.37471
2.36438
2.4212
2.56202
2.41923
2.4021
2.40244
2.39823
2.33199
2.34947
2.20817
2.25225
2.38834
2.28486
2.25274
2.32163
2.31303
2.11818
2.21948
2.22486
2.17678
2.18483
2.23367
2.21689
2.23737
2.1387
2.17392
2.16869
2.22895
2.27354
2.31892
2.39688
2.1645
2.39297
2.36689
2.29232
2.30112
2.41117
2.27834
2.44367
2.48913
2.50727
2.61614
2.35314
2.40583
2.5688
2.46076
2.56961
2.62757
2.81759
2.97777
2.73535
2.6895
2.7346
2.7997
2.79026
2.82146
2.74987
2.84484
2.79119
2.80158
2.79407
2.7418
2.7611
2.81011
2.79387
2.65523
2.70881
2.68665
2.57546
2.5673
2.51788
2.54243
2.43577
2.433
2.45307
2.53616
2.58068
2.4307
2.56141
2.54932
2.53895
2.63546
2.5276
2.65133
2.64966
2.56505
2.57256
2.78005
2.71033
2.73774
2.85485
2.87711
2.77777
2.75801
2.93114
2.78911
2.66682
2.61173
2.79847
2.56657
2.63934
2.50461
2.66516
2.62439
2.69381
2.74194
2.91456
2.87415
2.83558
2.80534
2.71089
2.6687
2.56601
2.68292
2.6073
2.62179
2.52482
2.46795
2.48323
2.35574
2.30077
2.35708
2.29478
2.4294
2.22666
2.31773
2.38935
2.3551
2.28099
2.22954
2.20113
2.18386
2.36712
2.26805
2.1998
2.327
2.2801
2.17759
2.20523
2.25314
2.27055
2.28739
2.31498
2.25447
2.08955
2.36263
2.39347
2.41762
2.23764
2.45077
2.5354
2.40766
2.48371
2.60506
2.25
2.18359
2.35348
2.39252
2.06979
2.03936
2.14733
2.19335
2.05046
1.98567
1.89003
2.01535
2.20275
2.2489
2.23536
2.21192
2.13049
2.15989
2.19285
2.09584
2.08259
1.93555
1.73754
1.70678
1.53568
1.66043
1.86551
1.59057
1.46784
1.72119
1.52467
1.7273
1.86425
1.97067
1.97979
1.89283
1.80494
1.91192
1.84715
2.03323
2.17816
1.99287
1.96853
2.23846
2.05634
2.17828
2.24558
2.34481
2.18089
2.22967
2.12947
2.01219
2.22235
2.30167
2.21941
2.21348
2.29805
2.16072
2.24936
2.25308
2.05528
2.17786
2.27541
2.29537
2.30569
2.25271
2.21209
2.20376
2.19515
2.26146
2.20434
2.25384
2.26673
2.25988
2.23574
2.13448
2.28259
2.15566
2.06854
2.23586
2.25166
2.25645
2.22175
2.14746
2.05417
1.90585
1.95266
2.11307
1.80811
1.89991
1.98576
1.80258
1.76892
1.96549
1.86283
1.82143
1.91303
1.64171
1.66384
1.56361
1.59443
1.52595
1.34438
1.54445
1.60663
1.38333
1.52977
1.47999
1.46837
1.5714
1.41039
1.40822
1.48094
1.47162
1.58091
1.44975
1.45118
1.4931
1.26166
1.16994
1.22222
1.24723
1.18312
1.17965
1.32335
1.09
1.09752
1.10939
1.07519
1.06324
1.04896
0.972321
1.04616
0.940305
0.830676
0.890846
0.797456
0.705831
0.863396
0.836885
0.912865
1.02742
0.930349
0.933137
1.06939
1.08847
1.1833
1.27913
1.17588
1.09444
1.25223
1.13331
1.17182
1.23716
1.11567
1.13074
1.04118
1.09253
1.00148
0.857964
0.757002
0.811122
0.597059
0.414807
0.643316
0.504244
0.501003
0.476545
0.538493
0.50665
0.528531
0.647752
0.457923
0.547856
0.62637
0.629731
0.613436
0.584487
0.569279
0.584152
0.804458
0.63156
0.712356
0.727118
0.815903
0.791101
0.710201
0.707445
0.826993
0.746801
0.659858
0.463142
0.422582
0.524217
0.539441
0.47294
0.507503
0.39341
0.401701
0.333549
0.401901
0.401686
0.246181
0.338911
0.359684
0.258925
0.391214
0.43293
0.459367
0.226101
0.349046
0.362972
0.321087
0.142542
0.383265
0.395975
0.26572
0.23415
0.387481
0.29205
0.292786
0.281746
0.441382
0.337597
0.341445
0.432613
0.26521
0.349087
0.520969
0.403968
0.441395
0.604138
0.429637
0.301419
0.543611
0.504563
0.450108
0.432592
0.220306
0.421221
0.301148
0.242421
0.082827
0.109959
0.130441
0.255795
0.349114
0.320586
0.371111
0.395562
0.276539
0.32394
0.276105
0.393411
0.302466
0.443248
0.385457
0.469324
0.536442
0.449848
0.712088
0.41056
0.466077
0.529285
0.546895
0.533096
0.452028
0.583437
0.636641
0.437151
0.468312
0.39108
0.480433
0.539939
0.642929
0.564724
0.578196
0.591709
0.493373
0.650324
0.76112
0.71027
0.64916
0.679674
0.661299
0.688705
0.678163
0.763357
0.891642
0.976502
0.809988
0.78872
0.868153
0.708513
0.912417
0.912895
1.1303
0.927385
0.918346
1.04566
0.95362
1.01505
0.742698
0.74001
0.650156
0.892722
0.88237
0.858041
0.899885
1.0634
1.08641
0.956175
1.11172
1.20916
1.07158
1.02906
1.11796
1.23535
1.21073
1.42514
1.5242
1.40776
1.51922
1.43251
1.44729
1.38879
1.65617
1.62778
1.56053
1.44956
1.64614
1.51476
1.53634
1.32068
1.29215
1.25523
1.15281
1.35767
1.27518
1.10272
1.22344
1.21933
1.10385
1.17916
1.07644
1.14364
1.08611
1.30539
1.26077
1.34546
1.31248
1.45958
1.41095
1.38243
1.3529
1.38815
1.37205
1.44813
1.3227
1.21727
1.35897
1.2984
1.33161
1.34531
1.21048
1.08055
1.1115
1.13358
1.11233
1.06456
1.21575
1.09443
1.13098
1.13563
1.16721
1.10643
1.19252
1.16171
1.22116
1.19178
1.13743
1.20745
1.0804
1.20333
1.14173
1.10516
1.09777
1.06582
1.09971
1.1738
1.15656
1.14303
1.14846
1.23382
1.2941
1.43671
1.43549
1.52759
1.51854
1.52628
1.58573
1.72345
1.74275
1.67387
1.78673
1.65002
1.83252
1.71253
1.76603
1.73709
1.79101
1.84634
1.76738
1.73298
1.7496
1.79113
1.87626
1.93467
1.81071
1.87266
1.74988
1.78508
1.70961
1.78372
1.78066
1.68505
1.76066
1.79023
1.83048
1.87294
2.02533
2.00378
1.95168
2.11827
1.90245
2.02097
1.87383
1.98529
1.86593
2.03252
1.9218
1.78921
1.75041
1.9533
1.82446
1.91778
1.81371
1.67343
1.77182
1.59824
1.59297
1.55364
1.4894
1.74252
1.56804
1.61377
1.62233
1.67724
1.54718
1.53511
1.67262
1.64293
1.51927
1.59137
1.71063
1.73985
1.65408
1.65723
1.73078
1.6743
1.52422
1.64091
1.57887
1.54463
1.50628
1.5115
1.40978
1.59706
1.4467
1.50941
1.51594
1.53244
1.45755
1.46839
1.49594
1.6455
1.44923
1.50703
1.36285
1.47122
1.38624
1.42491
1.65146
1.65118
1.61641
1.70182
1.56161
1.69053
1.58536
1.68207
1.64343
1.68826
1.66329
1.60959
1.56187
1.27933
1.36389
1.39405
1.40712
1.60092
1.39749
1.22272
1.14052
1.24158
1.33245
1.31235
1.54149
1.37535
1.233
1.26984
1.15746
1.08199
1.01864
0.90543
1.17322
1.22952
0.969117
0.845788
0.759493
0.905984
0.784536
1.07893
1.05363
1.10647
1.03594
0.963205
0.807807
0.81279
0.852629
0.760689
0.937382
1.04748
0.941004
0.791071
0.556088
0.598594
0.46816
0.593693
0.635861
0.545847
0.492001
0.49215
0.568714
0.355682
0.408358
0.342672
0.277751
0.410948
0.660789
0.695224
0.483966
0.399832
0.429514
0.466153
0.346835
0.630297
0.556913
0.633133
0.732933
0.585801
0.462973
0.484681
0.489117
0.411917
0.45232
0.454536
0.5928
0.493972
0.369496
0.378142
0.549816
0.395357
0.389751
0.351963
0.483571
0.420342
0.533
0.397795
0.273463
0.425513
0.282443
0.391517
0.241084
0.503705
0.568994
0.432517
0.477989
0.490706
0.56303
0.378055
0.457547
0.499556
0.480465
0.481011
0.529466
0.460508
0.491065
0.377463
0.370747
0.415622
0.258039
0.509785
0.578918
0.498755
0.457447
0.544432
0.459595
0.397773
0.462306
0.307127
0.427069
0.359963
0.284136
0.421166
0.330217
0.35241
0.359303
0.306206
0.53208
0.336962
0.399429
0.383084
0.406271
0.556215
0.351843
0.148832
0.192616
0.0926133
0.201186
-0.0163152
0.197961
0.229366
0.166951
0.327255
0.206412
0.225556
0.19131
0.0832666
0.158903
0.226513
0.0540221
-0.0868751
0.0662513
0.0680228
0.033456
0.244592
0.121749
0.0559652
0.0123868
-0.0121158
0.202564
-0.0826561
-0.0238054
-0.0556687
-0.0198698
-0.178027
-0.377102
-0.05262
-0.197943
-0.232765
-0.184307
-0.172304
-0.07644
-0.0260314
-0.0743527
0.110968
0.0173272
-0.0836673
0.00564986
-0.255463
-0.115301
-0.0454532
0.0187476
-0.181901
-0.0458984
0.122187
0.178143
0.148723
-0.0382517
-0.0462123
-0.0755439
-0.182851
-0.158495
-0.0985593
-0.0808314
0.0240815
-0.122692
-0.0890939
-0.122363
-0.0884154
-0.0699439
-0.190982
0.00636515
0.0192941
-0.120664
-0.0597651
-0.0771597
0.010808
-0.105873
-0.150921
0.117699
0.0352951
0.044624
0.155737
0.153216
0.00221417
-0.0103278
0.0978943
-0.0321209
0.063481
0.161646
0.0620272
0.113897
0.161713
0.0376661
0.111101
0.157365
0.241349
0.0810469
0.190734
0.323149
0.328863
0.291477
0.380427
0.303367
0.166242
0.213235
0.100048
0.15493
0.0335839
0.0256922
0.316169
0.332996
0.227156
0.364196
0.106123
0.00473558
-0.296728
-0.213551
-0.0125116
0.0130845
-0.0594084
0.00928385
0.0630384
0.0129021
0.027337
0.0416283
0.103894
0.200129
0.139698
-0.0658799
-0.130842
-0.163558
-0.242807
-0.23808
-0.161807
-0.215184
0.110327
0.106364
0.153068
0.00765354
0.199618
-0.0172379
-0.0409512
-0.0707161
-0.0096054
-0.0344945
-0.265389
-0.147485
0.147543
-0.150021
-0.0222476
-0.0563024
-0.0844956
-0.108853
-0.0637245
-0.036516
-0.181091
-0.00450314
-0.105557
0.100263
-0.151837
-0.092186
0.0469144
-0.142556
-0.0702262
-0.0900764
0.0425957
0.0391734
0.0695134
0.189111
0.0814798
0.0564287
0.0779366
0.0866818
0.241949
0.237504
0.142262
-0.0119287
0.069059
0.0522415
-0.0209339
-0.00682055
0.0703423
0.148674
0.191762
0.244787
0.148528
0.103205
0.389381
0.238737
0.13567
0.204182
0.135625
-0.101961
-0.104713
0.0635329
-0.0451462
0.085323
-0.115751
-0.225762
-0.127957
-0.11239
-0.162939
-0.0837815
-0.251944
-0.209278
-0.176751
-0.100596
-0.0966921
-0.00499929
0.0171659
0.0246845
0.0717507
0.0169438
-0.0691576
-0.063393
-0.0266215
-0.136848
-0.151774
-0.0952861
-0.0079856
0.0238751
-0.0898564
-0.15986
0.00208976
-0.105242
-0.042596
0.0376211
0.0543648
-0.0766921
-0.135686
0.0932496
0.010462
0.0154893
0.112373
-0.0035333
0.102072
-0.182475
-0.187372
-0.106736
0.0119846
-0.0161874
-0.00910087
-0.0164687
-9.75445e-05
-0.091684
0.0228736
-0.0705273
-0.0979702
-0.128361
0.101386
0.0204541
-0.0610492
-0.0726409
-0.0871072
0.0762181
-0.0808786
0.057766
-0.0562343
-0.0334141
-0.20572
0.0229644
0.0749906
0.0653384
-0.0238977
0.0481109
-0.00392113
0.0244978
-0.0655684
0.0430789
0.0202616
-0.0902966
-0.0754226
-0.077156
-0.115041
-0.184255
-0.0511079
-0.174821
-0.0549693
-0.0503124
0.0752631
-0.0756784
-0.060051
0.0523255
0.0866673
-0.105646
-0.0339784
-0.0281196
-0.117799
-0.209951
-0.189712
-0.153462
-0.0716713
-0.296456
-0.189256
-0.109201
-0.132959
-0.135557
-0.141112
-0.179512
-0.308447
-0.295931
-0.271404
-0.272452
-0.237824
-0.10493
0.0507414
-0.0637165
-0.327303
-0.40947
-0.293661
-0.292564
-0.203796
-0.192992
-0.138008
-0.319296
-0.1266
-0.283453
-0.29942
-0.240777
0.0477242
-0.153155
-0.216666
0.13277
0.0262839
-0.174561
-0.0651794
-0.227729
-0.335297
-0.0536947
-0.131635
-0.139028
0.0979386
0.0178387
0.0562819
-0.220876
-0.0639474
0.143733
0.348698
0.451101
0.319062
0.170425
0.2394
0.0616233
0.121887
0.395949
0.428102
0.218035
0.199394
0.258733
0.277494
0.435381
0.500458
0.0752342
0.272548
0.269526
0.17862
0.234298
0.272763
0.134057
0.195685
0.163813
0.134038
0.15041
0.0986126
0.175976
0.0679302
0.0992683
0.071954
0.280485
0.201792
-0.146992
-0.0745088
0.190666
0.0402341
-0.0263909
0.0492777
-0.0304792
0.0320436
-0.0696642
0.0990757
0.0625032
0.230208
0.32739
0.285847
0.284922
0.0366763
0.0829445
-0.0637204
-0.121861
0.0836135
0.0688323
0.231127
0.184651
0.066695
-0.00328747
0.0397491
0.131527
0.174319
0.21497
0.142864
0.309035
-0.0334187
0.0957398
0.15553
0.0316603
-0.16389
0.126671
-0.0711618
0.0498562
-0.0434909
-0.0543322
-0.164452
0.0463349
-0.1755
0.0223
0.140395
0.0993909
0.000492208
0.0718261
0.0946372
0.087367
0.187969
0.103225
-0.0964633
0.133046
-0.00835985
-0.132553
-0.0050598
-0.0809291
-0.0203429
-0.0490228
0.0308482
-0.0890334
0.166836
0.0404639
0.0751639
0.179051
0.227246
-0.0439991
-0.0591174
-0.0983266
0.00484612
-0.0129186
0.0444381
-0.0542721
-0.070818
-0.0409103
-0.169301
-0.051038
-0.0924887
-0.230928
-0.211497
-0.00393382
-0.0656938
-0.0852439
-0.0333743
-0.0569416
0.0686538
0.117317
0.0898494
0.0226567
-0.0668517
-0.0550316
-0.24855
-0.0662959
0.0353681
-0.155625
0.0101476
0.0492175
-0.164924
0.144578
0.0585327
0.0643528
0.0960968
0.113844
0.138721
-0.0906403
0.0582817
0.0264488
-0.0575684
-0.0217345
-0.0582799
-0.0756
-0.0239496
-0.0277757
-0.154956
0.118682
-0.0406822
0.0679978
-0.0792643
-0.140863
-0.163682
-0.114442
-0.0936811
0.0654425
0.134813
0.137666
0.0734092
0.0248055
-0.129777
0.00365986
0.0656824
0.0422098
-0.0917319
-0.00904516
-0.000132887
-0.0136246
-0.226183
-0.178859
-0.341215
-0.296568
-0.353913
-0.1449
-0.256629
-0.27274
-0.201601
-0.113717
-0.0270083
-0.143182
-0.088377
-0.015481
-0.182669
-0.163884
0.00302636
-0.084468
-0.106691
0.0196661
-0.0488552
0.0436584
-0.096259
-0.307453
-0.0904916
-0.0471622
-0.245099
-0.227826
-0.171451
-0.214244
-0.19139
-0.25955
-0.137583
-0.081702
-0.100075
-0.233175
-0.0260949
-0.238757
-0.0313093
-0.0928349
0.0836154
-0.0511464
-0.129798
-0.255295
-0.11335
-0.234538
-0.216416
-0.363827
-0.285362
-0.419641
-0.308193
-0.289102
-0.264687
-0.368477
-0.376499
-0.251643
-0.203414
-0.191949
-0.271217
-0.278061
-0.223736
-0.342319
-0.21048
-0.298152
-0.136433
-0.113467
-0.112883
-0.162979
-0.223279
-0.275351
-0.284635
-0.232761
-0.297067
-0.195418
-0.344837
-0.409177
-0.465554
-0.446412
-0.243329
-0.318536
-0.189336
-0.285143
-0.229077
-0.0654102
-0.195329
-0.119993
-0.18197
-0.201279
-0.195932
-0.188869
-0.187098
-0.361012
-0.35942
-0.203739
-0.380528
-0.380855
-0.170978
-0.0597171
-0.328453
-0.115879
-0.116969
-0.160398
-0.0675333
-0.151907
-0.162822
-0.24051
-0.167215
-0.259216
-0.090307
-0.11583
-0.143514
-0.242008
-0.128131
-0.101818
-0.202024
-0.131356
0.0679667
0.0354376
-0.0480462
-0.141983
-0.0710401
0.0123621
-0.0594645
-0.0185958
-0.0395478
-0.156525
0.0777481
-0.192848
-0.134458
0.0545932
-0.017887
0.0689414
-0.14447
-0.137197
-0.0756603
-0.0737708
-0.100255
-0.224593
-0.097494
-0.12214
-0.0898027
-0.0907383
0.0136632
-0.00541499
0.147395
0.111079
0.0580612
-0.00289055
-0.0358589
0.0503866
0.012431
-0.0658081
-0.0852797
-0.0477868
0.057396
-0.077145
-0.241972
0.101174
-0.0634755
0.023534
-0.0287503
-0.259271
-0.110759
-0.113118
-0.0515218
0.0536763
-0.0829341
-0.0981637
-0.0166766
0.0233122
0.0531038
-0.0059049
-0.074235
0.160237
0.0245242
-0.0269829
-0.000921954
0.0201272
-0.1371
-0.0679957
-0.0751406
-0.0983335
0.0088284
0.0913326
0.160778
0.072474
0.0558194
0.0673952
-0.0545803
0.0345808
-0.00333153
-0.0492954
0.0234944
0.0273621
-0.130254
-0.0883207
-0.0357613
-0.0224688
-0.0184789
-0.152454
0.00426893
-0.046723
-0.050982
0.0110748
-0.0396347
0.0125959
-0.0669149
0.0189111
0.0536465
0.053326
-0.0615548
0.176764
-0.110297
-0.0490581
0.0338192
-0.0470102
-0.0840325
-0.0849003
-0.202789
-0.159296
-0.100244
0.10787
-0.156743
0.0201086
-0.149698
0.0109698
0.0343777
-0.150855
-0.00147102
-0.0542884
-0.0979028
-0.119882
0.00414176
-0.0681483
-0.0161507
0.0340292
-0.0803799
0.00222087
-0.142249
0.00360476
0.0455702
-0.008279
0.00667668
-0.1272
-0.193157
-0.20047
-0.0865605
-0.0584439
-0.0652334
-0.269559
-0.20805
-0.228583
-0.151008
-0.215127
-0.200267
-0.138931
-0.088549
-0.360348
-0.0883308
-0.007893
-0.0695247
-0.176385
-0.0709184
-0.106755
-0.0519994
-0.11173
-0.153257
-0.0262509
-0.0223834
-0.0815412
-0.0766044
-0.106212
-0.137529
-0.238188
-0.306979
-0.158724
-0.194337
-0.111598
-0.226739
-0.189677
-0.167421
-0.125199
-0.238763
-0.0615229
-0.250317
-0.259268
-0.113157
-0.143546
-0.20625
-0.183475
0.0954588
0.170731
0.0311569
0.0451129
0.0153643
0.0773777
-0.0715947
0.035557
-0.177739
-0.0931892
0.00319719
-0.0983094
-0.0650178
-0.0547197
0.0207226
-0.145974
-0.156843
-0.00979387
0.0367217
-0.0845368
-0.0820313
-0.176416
-0.130508
-0.107507
-0.0899111
-0.034576
-0.0202775
0.0530589
-0.0170513
-0.138798
0.0754834
0.0307236
0.0240628
0.0254554
-0.137102
0.0862014
0.0908817
-0.082791
0.013082
0.110602
-0.120846
-0.0949043
0.00961862
-0.0380881
-0.142464
0.0662324
0.105861
-0.0749361
-0.104153
-0.133877
-0.0330705
-0.0242302
0.026828
0.0815942
-0.0141723
0.0903103
0.0610855
-0.0809383
-0.222147
-0.235292
-0.00215083
-0.125663
0.0180062
-0.123423
0.0242519
-0.063559
-0.184938
-0.12995
-0.102649
-0.123925
-0.221584
-0.0028741
-0.0771856
-0.06554
-0.159056
-0.00123841
0.00185973
-0.0828755
-0.00433368
0.00884805
0.0777591
-0.0936869
-0.0147099
0.0932935
-6.26954e-05
-0.103264
-0.119465
0.0194145
-0.0932083
-0.198241
0.0683234
-0.0032905
-0.20153
0.0510457
-0.0798135
0.071935
-0.059457
0.0251362
-0.113633
-0.192865
-0.0579437
-0.116655
0.0376156
-0.0292029
-0.0608406
-0.00875826
-0.0222839
-0.0748346
-0.0823331
0.0265419
-0.166172
-0.108671
-0.148204
-0.0937509
0.0926309
-0.105826
-0.145318
-0.0806497
-0.0739225
-0.30095
-0.165675
-0.266338
-0.288285
-0.15419
-0.0527272
-0.154424
-0.127776
0.00153868
-0.111515
-0.0336292
-0.186315
-0.0859215
-0.0686511
0.0146917
-0.0629201
0.0620259
0.143101
-0.0415818
0.130313
0.0120734
-0.205745
-0.074974
-0.0870956
-0.141193
0.0199665
-0.178946
-0.144517
-0.0960589
-0.0838552
-0.0689704
-0.0420013
-0.0878187
-0.112572
-0.222682
-0.247264
-0.0642995
-0.180023
0.0967047
-0.0915877
-0.0686373
-0.159183
-0.0197328
-0.128372
-0.101905
-0.108129
-0.228508
-0.189059
-0.338174
-0.29393
-0.246964
-0.16426
-0.34993
-0.124999
-0.303435
-0.228174
-0.121705
-0.21669
-0.0260305
0.016054
0.0899376
-0.130296
0.112372
0.0327343
0.0137041
-0.0531848
-0.164584
-0.0400177
-0.209899
-0.0837069
-0.0369397
-0.0806151
-0.0573144
0.00593787
-0.102956
-0.0286431
0.0821116
-0.0693764
-0.106087
-0.281875
-0.106559
0.0301859
0.05123
0.0593216
-0.00754288
-0.0082387
-0.103528
-0.0158995
-0.185327
-0.0115864
-0.0282513
0.00337118
-0.104192
-0.0856726
-0.0688073
0.0254931
-0.0206966
0.0362116
-0.0804245
-0.0673486
0.0406171
-0.0447181
0.0546078
0.0195262
-0.111658
0.0984905
0.120786
0.0904419
0.0419154
0.102146
-0.0589699
0.00803993
-0.0125641
-0.00117251
-0.155375
-0.136385
0.0192914
-0.129102
-0.0263033
-0.0181128
-0.0278062
-0.0168211
-0.109457
-0.0407132
-0.0283504
-0.0242375
-0.0592586
-0.164672
-0.0244713
-0.0496832
-0.0489468
0.000865754
-0.0535693
-0.0588559
-0.109129
-0.0121647
0.157594
-0.0538854
-0.094778
-0.220071
0.0480531
0.130803
0.00175445
0.0425224
-0.00352734
0.117041
0.12743
0.0291915
0.0842358
0.0234832
0.0779299
-0.0109598
-0.0631423
-0.00879773
-0.0851023
-0.0347234
0.124278
-0.130021
-0.0539744
0.0171434
0.00513279
-0.0193967
0.121696
0.00603773
-0.0315761
0.0184741
0.152284
0.0792246
0.0693641
0.038511
-0.077769
0.0484172
0.102064
0.130497
-0.129888
0.00184299
0.0241649
-0.0387701
-0.184049
-0.0801991
-0.00629466
0.0377017
-0.219817
-0.0850019
0.0501856
-0.15297
-0.091268
-0.114007
-0.111316
-0.0155278
-0.0642687
-0.082165
-0.131452
0.0571342
0.0297642
0.0392571
-0.112608
0.0257469
-0.0384485
-0.155121
-0.0233831
-0.0218645
-0.100859
-0.0108288
-0.201196
0.00459139
-0.0524617
-0.0326224
-0.0441369
-0.0190715
0.0410443
-0.0538101
0.0658426
-0.117944
-0.123625
-0.108788
-0.0926325
-0.0666242
-0.0431267
-0.0850144
-0.0161671
0.036682
-0.0779856
0.0743599
-0.0770775
-0.220626
-0.215918
-0.179417
-0.116365
-0.195439
-0.0853717
0.0500302
-0.113637
-0.107027
-0.161949
0.0498337
-0.0413424
0.000389854
-0.0194536
-0.0743847
-0.161761
-0.163788
0.0348166
0.0901183
-0.0518468
0.020176
0.0621984
0.0818521
-0.0168417
-0.0202533
0.0374825
-0.164667
-0.00693288
-0.0274851
-0.118001
-0.0804798
0.0238437
-0.144637
-0.0129713
0.0925985
-0.141331
-0.246154
-0.182667
-0.099855
-0.0137967
-0.0459827
-0.154469
-0.22646
-0.14312
-0.166639
-0.104819
-0.106002
-0.0199438
0.00912219
-0.0256448
-0.196684
-0.0734662
-0.0937617
-0.140045
-0.129773
-0.160106
-0.0299765
-0.174601
0.00756263
-0.137556
-0.125264
-0.101431
-0.0676751
-0.0362373
-0.143901
-0.0487474
-0.212751
-0.129369
-0.103111
-0.0463851
-0.210317
-0.102267
-0.10271
-0.00449189
0.0467575
-0.162724
-0.115744
-0.16609
-0.161946
-0.045905
-0.12503
