0.0420598
0.0313306
0.00261708
0.0269478
-0.0920786
0.0226797
-0.0971455
0.0760194
0.138848
0.0862266
0.07191
-0.0368457
-0.0149835
-0.0537044
-0.0113509
-0.00285197
0.0493029
0.0521107
0.119235
0.0595116
0.0169503
-0.0635584
-0.0122085
-0.00561413
0.019487
-0.179666
0.0299916
0.0677057
-0.0891442
-0.0988592
-0.0548222
-0.193002
-0.0211499
-0.0990395
-0.013883
0.0609032
0.133067
0.118255
0.0187491
0.175018
-0.00930888
0.128024
-0.0133605
0.0480458
-0.0240177
-0.0167866
0.129809
0.167182
0.145009
0.0684721
0.0965071
0.106595
0.0724091
0.015777
0.043963
0.0271768
-0.0665115
-0.00235482
-0.00296773
0.132335
0.00805858
0.0406416
0.0771885
0.193281
0.00610226
0.159158
0.199711
0.210046
0.0999199
0.0306712
0.101347
0.265111
0.287761
0.256643
0.167059
0.0676652
0.0882254
0.102457
0.115119
0.113017
0.155374
0.102563
0.228885
0.0969418
0.0445038
0.110441
0.149991
0.0995885
0.294958
0.183956
0.155138
0.262068
0.281189
0.204279
0.0565182
0.19351
0.108649
0.017118
0.122276
0.050358
0.0583606
0.168313
0.0805081
0.128655
0.135884
-0.0579932
0.0499309
0.0271902
-0.0559164
0.0685593
-0.0200113
-0.114024
-0.0246554
0.0772445
-0.0753927
-0.0558417
0.0527273
0.146477
0.027449
0.0832965
0.0967575
0.0188394
0.117147
0.115541
0.16112
0.0197287
0.0146377
0.00591642
0.0336614
0.134741
0.129415
0.00759213
0.100372
0.158009
0.0900525
0.19369
0.264507
0.192534
0.15227
0.209269
0.084457
0.096663
0.0929956
0.0581453
0.135562
0.128101
0.182467
0.138121
0.213252
0.0976903
-0.0236178
0.0831019
0.0553456
0.154071
-0.055588
0.128357
0.0325745
0.13192
0.185404
0.0731912
0.0163849
0.145781
0.149799
0.131308
0.0617136
0.0190234
0.0243811
0.0260484
-0.002904
0.088363
0.0103605
0.0983972
0.0819033
0.0352563
0.10496
0.0164507
0.0239927
0.0280517
-0.0432248
-0.145157
-0.0939496
0.0868855
0.0276648
0.0346954
0.0622339
0.170156
0.112537
0.0904685
0.171054
0.154133
0.0584741
0.0439707
-0.0395489
0.199765
-0.0687536
0.150589
0.0595786
-0.0189011
0.0739509
0.145582
0.0244317
-0.0308027
-0.0210337
0.0508702
0.144559
0.0631939
-0.0546788
0.0299954
-0.0357581
-0.171563
0.00112254
0.0242143
0.0745391
0.0931816
0.155428
0.0713254
-0.0390242
-0.0895487
0.144455
0.0399646
-0.0172643
-0.0550825
0.0163916
-0.0893291
0.0209737
0.107328
0.0821451
0.0373539
0.235531
0.132918
-0.0286621
-0.0274644
0.0744282
0.0164892
-0.0171981
-0.00361652
0.0488234
0.105659
0.146389
0.0886473
0.111676
0.0972151
0.102733
0.02021
-0.053764
-0.10659
-0.0873408
0.0441577
-0.0697434
-0.00457959
0.0570332
0.00826603
0.0649649
0.0334901
0.165753
0.208009
0.222598
0.200715
0.0869272
0.0781006
0.0866414
0.186895
0.0879665
0.11679
0.155503
0.0575251
0.189566
-0.00457089
0.126834
0.0251346
0.0390495
0.061235
-0.0207671
0.0573421
0.0549217
0.0634852
-0.00428779
0.258095
0.235169
0.0749331
0.194736
0.105193
0.0544769
0.102177
0.0929673
0.0898296
0.0845471
0.0138673
0.0349716
-0.0616493
-0.0189636
0.0699973
-0.0428193
0.00560769
-0.0541286
-0.0562026
-0.0359204
-0.110585
-0.0367397
0.0153034
-0.03242
-0.0712828
0.0603522
0.0424168
0.065268
-0.0242896
0.0368413
0.000291658
-0.0908552
-0.0140348
0.00240751
0.0967004
0.054257
0.0486693
0.0529978
0.00693103
0.0968703
-0.0629217
-0.0462151
-0.0300536
-0.0551102
-0.0423293
-0.0700964
-0.0108346
-0.0347732
-0.0439196
-0.11842
-0.132266
-0.118952
-0.00499232
-0.156209
-0.0796351
-0.0856042
0.0673328
-0.0822786
-0.0406014
0.0349575
0.0138374
-0.0532136
-0.00929322
0.117079
-0.000942907
-0.0617704
0.0706323
0.0883025
0.0909517
0.131502
0.0749088
0.0318327
0.0309512
0.0230649
0.0577627
-0.0160841
0.0159123
0.0903294
0.0646287
0.174742
0.218157
0.0799497
0.115082
0.001417
0.0329026
-0.0476367
-0.00596456
-0.0379009
0.00640428
-0.136242
-0.0746052
-0.105362
-0.0260831
-0.00645642
-0.0662594
-0.0775608
0.00440551
0.0137851
-0.0643721
0.0436818
0.0728442
0.0799027
-0.0191116
0.0705742
-0.0414417
0.00272189
0.180998
0.112136
0.109856
-0.00358542
-0.00845818
0.0325696
0.115431
-0.0297918
0.042119
-0.135474
-0.0985333
-0.10073
0.013808
0.0963444
0.0472144
0.134626
0.131823
0.176961
0.0662049
0.164378
0.104212
0.0268538
0.0691791
0.0247796
-0.0623269
-0.0752518
0.139739
0.021995
0.128966
0.116618
0.179139
-0.0343403
-0.00982745
0.0885045
0.0948443
0.176856
0.119515
0.123382
0.0869926
0.051442
-0.0649245
0.0470212
0.0169956
0.0118612
0.115615
0.0125765
-0.096474
0.150732
0.101374
0.0931616
0.0665355
0.0118509
0.103276
0.146481
0.0730598
0.0457921
0.131271
0.102434
0.175944
0.0809396
0.180667
0.192596
0.154638
0.0557725
0.244052
0.177179
0.110589
0.0959092
0.211486
0.125399
0.0313292
0.0703624
0.148821
-0.0356004
0.119239
0.0170131
-0.0367109
0.120738
0.212536
0.143255
0.219275
0.110966
0.218844
0.0673857
0.112282
0.0095842
0.143449
0.117132
0.10854
0.180899
0.125941
0.128225
0.0910659
0.136326
0.0960498
0.112179
0.204748
0.139206
0.185591
-0.101285
0.0295115
0.0843797
0.0119299
0.0383577
0.148045
0.284366
0.0762805
0.0528584
0.00745057
-0.0685633
0.0446082
-0.0755765
0.00157671
-0.0617036
-0.0550412
-0.0495188
-0.013322
0.0668448
0.0716634
0.0920317
-0.0484717
-0.126418
-0.00828843
-0.0678931
-0.041376
-0.0235782
0.105689
0.0582514
-0.0163913
0.00441268
-0.0182769
-0.0478354
-0.101122
-0.0196235
0.022276
-0.177229
-0.0967076
0.074904
0.0862028
0.0103857
0.00272533
-0.0134449
-0.123677
0.1118
0.0594634
-0.0373453
0.0477475
0.0457619
-0.0358957
0.092303
-0.0818132
-0.152627
-0.0607171
-0.033045
0.0376244
0.162112
-0.043148
0.17155
0.0728825
0.032348
0.0478271
0.0540755
0.0843523
-0.0298089
-0.0793292
-0.0368274
-0.216793
-0.109305
0.0887112
0.0257355
-0.0886011
-0.00338879
0.119028
0.133794
0.138977
0.248479
-0.0563247
0.168761
0.0529568
0.191637
-0.0449355
0.0361724
0.070843
0.169627
0.0794103
0.0787107
0.0870893
0.157602
0.0748282
0.0502246
0.0617204
0.0296346
0.223912
0.102009
-0.0172694
0.123058
-0.0877394
0.0318399
0.0323522
0.153336
0.153258
0.0850072
0.0301474
0.045972
0.106105
0.00886359
0.0705502
0.103648
-0.00875604
0.0501984
-0.0504473
0.123943
0.0019293
0.0420613
-0.0492939
0.198717
0.0666726
0.138334
0.165913
0.0850501
0.0938391
0.102517
0.113279
-0.0279469
-0.0144154
-0.0296518
0.0622468
0.0156407
-0.0843702
0.0480787
-0.0150736
0.0382594
-0.0833081
0.0543507
-0.122445
-0.00641714
0.0958969
-0.175843
-0.0262344
-0.046712
-0.0944139
-0.102853
0.00310581
-0.0879642
-0.0284766
-0.127517
-0.228574
-0.0495507
-0.0773974
-0.0212152
-0.0523166
-0.0274555
0.027125
-0.226331
-0.115344
-0.256891
-0.0916267
0.0733929
-0.187231
-0.0364598
0.0559271
0.0317495
-0.177013
-0.102625
-0.0798846
0.0164916
-0.130825
0.0575958
-0.0254041
0.00402475
-0.0234167
-0.0437205
-0.0977392
-0.220367
-0.257527
-0.295732
-0.178133
-0.0452504
-0.139084
-0.0683367
-0.0925303
-0.139857
-0.0757461
-0.145091
0.0701142
-0.0478778
0.0283129
0.242918
0.0828322
0.0310712
0.0983309
-0.00541455
0.114056
0.140217
0.144953
0.147106
-0.0191495
0.0460153
-0.0130512
-0.0605509
0.216024
0.114961
0.200221
0.142427
0.00717214
0.0903184
0.0511853
0.0721914
0.000787301
0.189961
0.127393
0.0283522
0.109869
0.0751054
0.0863969
0.0511833
0.152559
0.2279
0.0915683
0.0843965
0.060224
-0.127752
0.0773588
0.148571
0.0666479
0.12194
0.19586
0.1266
0.0684425
0.0211888
0.0475394
-0.0165866
-0.0125494
-0.126579
0.0250192
0.167594
-0.020212
0.0393676
0.0828709
-0.130662
-0.0100253
0.0219232
0.0367677
0.123875
0.0849774
0.0247369
0.194856
0.0362011
-0.0598101
0.0565484
0.104342
0.03721
0.116435
0.0963304
0.0360203
0.049378
0.0618828
0.114283
0.099765
-0.00339096
0.194838
-0.0730057
-0.0327563
0.02937
-0.0314825
-0.0354576
0.0418837
-0.0373977
0.0294231
0.0572343
0.125825
0.0780055
0.136588
0.133341
0.032857
0.0889365
0.169708
-0.0139741
0.129187
0.167661
0.071093
0.102003
-0.0182283
0.137189
-0.128943
-0.0341112
0.0593625
0.0634507
0.0106172
0.0394366
-0.0970651
-0.037766
-0.0757364
0.158594
0.00992047
0.198895
0.0804378
0.119423
0.162269
0.0589959
-0.0468645
-0.00627494
-0.0516296
0.0551934
-0.0186809
0.0250214
0.162147
0.0706983
0.134186
0.0530281
0.063322
-0.0364159
0.0915753
0.114785
0.0708228
0.167862
0.290597
0.139416
0.168362
0.193355
0.168678
0.184792
0.115151
0.201357
0.0995379
0.0132065
-0.0532928
0.123278
0.196447
0.0596891
0.0269452
0.00967227
0.00433212
0.0619477
0.154237
0.0900591
0.0805378
0.146518
0.0624971
0.194581
0.177053
0.174149
0.148726
0.183328
0.186142
0.195631
0.225705
0.0849566
0.192081
0.246068
0.0601207
0.0994827
0.0804555
0.111962
0.120499
0.188224
0.038658
0.326689
0.209634
0.207224
0.0683786
-0.0333771
0.0361439
0.0987667
0.169112
0.0553088
0.0938907
0.168795
0.0731069
0.130079
0.0910013
0.07028
0.102608
0.101725
0.259957
0.102491
0.0539895
0.248011
0.245755
0.189297
0.187133
0.161713
-0.019376
0.203905
-0.0410686
0.0601771
0.141158
0.259844
0.122485
0.104469
0.0681779
0.0442093
0.147389
0.11938
0.0787879
0.0480716
0.0999022
-0.047866
-0.0306185
-0.0191653
-0.0364262
0.117338
0.195626
0.0293895
0.0235422
0.0823506
0.0277202
0.094021
0.14292
0.091639
0.19001
0.011137
0.0436635
-0.0346396
0.0915296
-0.037862
-0.0199436
0.00321463
0.0580714
0.143785
0.154886
0.0365361
0.0335621
0.136562
0.148831
0.0893495
0.149994
0.157769
0.0919775
0.303025
0.332309
0.103936
0.312242
0.208239
0.294138
0.122755
0.201839
0.163813
0.228984
0.271558
0.300196
0.159584
0.311893
0.247278
0.224529
0.119622
0.274027
0.0902111
0.055807
0.0975853
0.138742
0.13022
0.000136179
0.159408
0.190621
0.147624
0.0974687
0.0816297
0.043383
0.0995188
0.144063
0.0459298
-0.0269114
0.048154
0.079959
-0.106127
0.0820909
0.11541
0.109993
0.184779
0.191292
0.164323
0.00405328
0.0757746
0.258767
0.223612
0.181394
0.19946
0.172716
0.156587
0.159404
0.174818
0.226888
0.255427
0.109238
0.0708015
-0.00773861
-0.015955
0.0775061
0.157833
0.137877
0.141636
0.117455
0.0405567
0.15366
0.0730142
0.194755
0.079686
0.212694
0.175376
0.0675917
0.116034
-0.0130475
0.142513
0.181396
0.123279
0.0850232
0.142385
0.14366
0.159756
0.0628451
0.224049
0.274727
0.0777778
0.0541679
0.176052
0.213144
0.19186
0.0697567
0.00247908
-0.0395949
-0.124562
-0.0411429
-0.080077
-0.0977129
-0.0322242
-0.0257871
-0.168839
0.0162682
0.0407614
0.0756594
0.00945076
0.105934
0.0421402
0.0129632
0.0235484
0.120216
0.118833
-0.0122303
-0.0244086
0.0254175
0.00945159
0.0766228
0.110309
-0.0438993
-0.0192989
-0.016688
-0.0279878
0.0519187
-0.0384129
-0.0456829
0.0854664
0.104264
0.0273607
0.110993
0.174831
0.200049
0.0170799
0.114832
0.166179
0.166598
-0.0832019
0.0788103
0.0590495
-0.0045435
-0.0287194
-0.0921213
0.0446293
0.0446614
-0.0313708
-0.0627126
0.175629
0.120471
0.0451913
0.0190298
0.0512261
-0.131472
0.101897
0.0220736
0.00687157
0.0793401
-0.0422351
0.065711
0.186723
0.180961
0.118992
0.111045
0.139112
0.149686
0.274083
-0.0239212
-0.0138514
-0.00376967
0.0219917
0.0204629
-0.0207554
0.0100434
0.102833
-0.0100207
-0.0350635
-0.0473774
-0.180875
0.110388
-0.0889542
0.0665041
-0.123551
-0.00434512
-0.150027
0.0424309
0.123987
0.0613954
0.110769
0.0944008
0.0138498
0.101972
0.0733387
0.101548
0.0393917
0.0528098
-0.0279237
0.121154
0.0119964
0.0577286
0.128237
0.134746
0.176535
0.0265829
-0.0376176
0.0364498
0.114237
-0.101851
-0.0722233
0.10808
0.0744734
0.057961
-0.0399565
0.028024
-0.0697775
0.0201149
-0.0897442
-0.0578444
0.0160513
0.0524774
0.00797115
0.0944645
0.0581342
0.0580551
0.0148177
0.0623005
-0.0697591
-0.0739412
0.127792
0.0200868
-0.0362383
0.106685
-0.0573693
-0.0222201
-0.0522128
-0.171722
0.0307671
0.0831218
0.00269419
0.00148736
0.002631
-0.0596378
0.0113133
0.00615012
-0.0765393
0.00620779
0.0316747
-0.0248474
-0.0665686
0.0474717
0.0148629
0.00484267
-0.13107
-0.0857492
0.00441385
0.0141982
-0.0200459
-0.0709871
-0.0496378
-0.112308
0.00520059
0.0147979
-0.0635291
-0.280694
-0.111154
-0.0997058
-0.0662616
-0.136553
-0.00974285
-0.0664959
0.0851366
-0.196004
-0.154441
-0.0841688
0.00789478
-0.0159986
0.112164
-0.0987016
0.0348248
0.135632
-0.062217
-0.0368038
0.110187
0.037721
0.0425109
0.0571356
0.0968791
0.0569223
0.150473
0.128619
0.148604
-0.0469603
-0.0102071
-0.00580655
-0.0334599
-0.00625772
0.155251
-0.0087287
0.0666637
-0.109676
0.0339641
-0.106132
0.0464623
-0.0167881
-0.00165045
0.135711
0.0141582
0.145586
0.0992265
0.045252
0.190867
0.0887476
0.0780725
0.0204076
0.0433373
0.229403
0.245822
0.301771
0.0676909
0.170697
0.151459
0.227744
-0.0279551
0.115371
0.0557576
0.129956
0.20496
0.0934845
0.158594
0.106406
0.0602685
0.2462
0.249235
0.215925
0.0302032
0.270025
0.190029
0.269969
0.197622
0.105655
-0.0380305
0.12193
0.273295
0.0409881
0.0826943
0.154877
0.0609272
0.198112
0.0130324
0.0672439
0.0298809
0.0577716
-0.0182893
0.0540864
0.0581942
0.103811
0.102533
0.159796
0.0743976
0.200508
0.112158
0.0563415
0.21105
0.107717
0.0520471
0.0287467
0.117421
0.0557543
0.211951
0.142667
0.108447
-0.0218265
0.0503303
0.0998448
0.253284
0.21846
0.264454
0.106074
0.182312
-0.0125801
0.150425
0.0919402
-0.0468885
0.00311538
0.0238391
0.0989263
0.132245
0.0484469
0.100775
-0.00535279
-0.0730359
0.141054
0.111059
0.125208
-0.0307724
-0.0604184
0.063696
-0.145701
0.0364148
0.102835
0.0305854
0.0732885
0.146904
-0.015619
0.0434683
0.146609
0.0437455
0.0671258
0.0689859
0.0466633
0.0958666
0.116619
0.141922
0.0614571
0.0487889
0.212379
0.0207473
0.137133
-0.0375314
-0.178856
-0.103729
0.0331096
-0.0799179
-0.0442475
0.0518078
-0.0627272
-0.00504065
-0.0111108
0.0604812
-0.0552543
-0.0609911
-0.031614
0.0761921
0.0966683
-0.0483346
0.0959491
0.0983945
0.00616018
-0.184482
-0.105388
0.00294671
-0.0483863
-0.112226
0.00607577
-0.0244099
-0.07941
0.0531545
0.0578925
0.0459732
-0.0507203
0.0903292
0.139384
0.0764136
0.0733103
0.238266
0.194548
0.0162127
0.0764879
0.0821505
0.176409
0.1076
0.13567
0.276404
0.203934
0.20312
0.240516
0.115997
0.270376
0.153218
-0.0474372
-0.0517274
0.0770476
0.0204644
0.165706
0.138805
0.166408
0.157745
0.0852566
0.111966
0.0848849
0.0634118
0.0505082
0.0685847
0.123389
0.149052
0.00506626
0.154405
0.0308683
0.118113
0.00302797
0.0042802
-0.0189574
-0.130132
0.118261
0.171588
0.0552627
0.0947337
0.0244465
0.0366203
-0.0242034
0.0597794
0.0862715
0.136291
0.191639
0.172612
0.221002
0.208284
0.144063
0.0796952
-0.00525565
0.0537604
0.0722857
0.141532
0.112475
-0.0259366
0.0726322
0.0118788
0.251256
0.0394155
0.0606684
0.015501
0.10631
0.21265
0.0658904
0.0879889
0.0390909
0.0494902
0.0449416
0.165012
0.23989
0.18656
0.0837582
0.0314367
0.144367
0.016601
0.133604
0.148096
0.202026
0.206726
0.0115709
0.0774239
0.17197
0.231675
-0.00781575
0.108531
0.165272
0.252338
0.124836
0.22249
0.291474
0.205819
0.209761
0.100294
0.131264
0.234267
0.246006
0.181828
0.059527
0.0757838
0.202899
0.0848279
0.0878364
0.152932
0.0488351
0.0183668
0.0285524
0.0716489
0.0345103
0.102491
0.0748604
-0.0681518
0.0490047
0.00372306
0.107191
-0.0546664
0.149905
0.133882
0.0628705
-0.146861
0.0998338
0.0939106
-0.0964693
-0.0877271
-0.0423848
0.0839226
0.0475327
-0.0511153
0.0855819
-0.0108693
0.0766053
0.151885
-0.0326144
-0.0372696
0.214799
0.167716
-0.000518023
0.0568289
0.125383
0.156165
0.304754
0.0651569
0.217497
0.0670746
-0.0289903
0.0814203
0.158844
0.12616
0.0301189
0.20272
0.195065
0.194841
0.102552
0.0911866
0.166691
0.0524828
0.064292
0.0131208
0.239152
0.0807985
0.0279867
0.14946
0.0590052
0.0404917
0.266233
0.128211
0.106267
0.139089
-0.0146243
0.240324
0.0631994
0.171858
0.039259
0.203306
0.108198
-0.0679389
0.012227
0.0668925
0.0470305
0.044653
0.0769123
0.113685
0.102528
0.0395706
0.0677477
-0.0272647
0.0887377
0.172968
0.0753782
0.106043
-0.030719
0.0379709
-0.0359521
0.0349948
0.0850236
-0.00778495
0.116927
-0.0208295
0.128172
0.154341
0.1917
0.0183479
-0.00473699
0.00371833
0.00856104
0.119944
0.0646633
0.164192
0.181676
0.166426
0.215004
-0.0110038
-0.0391857
-0.054033
-0.00180221
-0.0360218
0.0193021
0.0761582
-0.0323121
-0.036595
-0.166499
-0.0269613
-0.205633
-0.149084
-0.150461
0.0211192
-0.130711
-0.0918466
0.00217819
-0.0554589
-0.268409
-0.18593
-0.0692735
0.0113284
-0.170083
0.0993378
0.12657
-0.034928
-0.00240629
0.163375
0.246802
0.073604
0.223185
0.197765
0.148438
0.212771
0.170433
0.195503
0.192965
0.212708
0.144927
0.191176
0.154538
0.203942
0.246182
0.115951
0.243088
0.334859
0.241401
0.276225
0.139009
0.133514
0.265666
0.0739468
0.177379
0.0462982
0.022178
-0.0275471
-0.14195
-0.111524
-0.0195917
0.0613833
0.080639
-0.00308223
0.026265
0.0750709
-0.054678
-0.000597488
0.11426
-0.0564946
0.101781
0.0527688
-0.182493
-0.18857
-0.112066
-0.0478998
-0.112509
-0.0141472
-0.0937908
-0.164386
-0.0569539
-0.0577617
-0.159178
-0.134948
-0.173237
-0.511637
-0.462929
-0.431226
-0.361982
-0.466972
-0.366303
-0.358424
-0.365138
-0.242904
-0.284822
-0.213089
-0.394063
-0.219069
-0.2421
-0.282836
-0.127381
-0.0726036
-0.132426
0.0399323
-0.0140603
0.0682205
0.00650025
0.132979
0.12919
0.159759
0.231798
0.254604
0.105033
-0.0262431
0.0146955
-0.0140779
-0.0164136
0.0881843
0.0870854
0.0575388
-0.10522
0.0898585
-0.04273
0.171994
0.0732554
0.294914
0.239647
0.209906
0.219693
0.476995
0.29747
0.23736
0.218697
0.176158
0.0317136
-0.0501577
-0.110862
-0.0839876
-0.0225013
-0.0963296
-0.165556
-0.0399845
-0.042404
0.107076
0.120334
-0.0378815
0.0459
0.0804942
-0.166898
-0.151208
-0.255814
-0.249056
-0.37746
-0.335199
-0.609151
-0.656539
-0.631321
-0.749843
-0.657119
-0.756187
-0.566834
-0.603356
-0.553581
-0.605823
-0.608247
-0.675701
-0.491388
-0.467154
-0.526159
-0.630144
-0.605166
-0.590645
-0.578029
-0.532585
-0.469693
-0.510799
-0.573975
-0.577239
-0.690061
-0.74285
-0.620091
-0.396064
-0.426893
-0.310517
-0.313279
-0.456002
-0.650006
-0.543341
-0.470407
-0.820437
-0.689876
-0.796511
-0.80509
-0.784321
-0.676068
-0.79531
-0.948886
-1.07447
-0.906626
-1.16624
-1.05863
-0.923149
-0.90033
-0.735761
-0.772958
-0.82342
-1.13697
-1.00273
-1.0804
-1.24859
-1.04175
-1.04437
-0.876909
-0.95414
-0.880181
-0.807849
-0.673713
-0.594128
-0.655772
-0.58107
-0.595604
-0.59754
-0.657772
-0.725016
-0.907214
-0.741644
-0.676186
-0.799888
-0.708883
-0.745607
-0.655295
-0.598013
-0.64055
-0.665829
-0.510268
-0.54532
-0.577933
-0.524847
-0.6016
-0.507143
-0.504701
-0.603637
-0.627866
-0.62533
-0.603002
-0.564125
-0.535086
-0.488562
-0.590166
-0.510588
-0.469929
-0.488403
-0.575301
-0.559451
-0.565529
-0.327424
-0.518429
-0.625496
-0.644085
-0.662445
-0.652468
-0.876212
-0.841671
-0.777853
-0.877072
-0.759297
-0.879487
-1.013
-1.03093
-1.06975
-1.05424
-1.05166
-0.990404
-1.04782
-0.833708
-0.91825
-1.09749
-1.01683
-0.830527
-0.971023
-0.862596
-1.07987
-1.03167
-1.08756
-1.12347
-0.988481
-0.776216
-0.978578
-0.767862
-0.943779
-0.836368
-0.855335
-0.833674
-0.813238
-0.990121
-1.03212
-0.96822
-0.949387
-1.07861
-0.91632
-0.796448
-0.833592
-0.8234
-0.828529
-0.775542
-0.908246
-0.894765
-0.843903
-0.85288
-0.782174
-0.77888
-0.951827
-0.824963
-0.800238
-0.985569
-1.00313
-0.994527
-1.03944
-0.880043
-0.882403
-0.904827
-0.755781
-0.765197
-0.84417
-0.752944
-0.761051
-0.78732
-0.780582
-0.656246
-0.719943
-0.649809
-0.444325
-0.42115
-0.420642
-0.487924
-0.430269
-0.504375
-0.459347
-0.550802
-0.530487
-0.569596
-0.632398
-0.510771
-0.548692
-0.643881
-0.639662
-0.724365
-0.740337
-0.460468
-0.320316
-0.469813
-0.357334
-0.465484
-0.486054
-0.549979
-0.501979
-0.547452
-0.604829
-0.524447
-0.572001
-0.480444
-0.790793
-0.842041
-0.76346
-1.00487
-0.907901
-0.804834
-0.709487
-0.732312
-0.821721
-0.858541
-0.89404
-0.945369
-0.76015
-0.581572
-0.562099
-0.481746
-0.561673
-0.565303
-0.725162
-0.756667
-0.548581
-0.495987
-0.4021
-0.396091
-0.306715
-0.470348
-0.587934
-0.576807
-0.489461
-0.545051
-0.387917
-0.223282
-0.130215
-0.111357
-0.0299984
-0.181624
-0.217361
-0.286602
-0.243096
-0.369007
-0.0782152
-0.110215
-0.131422
-0.117849
-0.519945
-0.559242
-0.427129
-0.423195
-0.291299
-0.105244
0.0733236
-0.00926878
-0.279873
-0.388407
-0.42528
-0.381096
-0.335335
-0.189126
-0.206934
-0.311389
-0.272478
-0.46059
-0.51857
-0.393026
-0.112142
-0.205652
-0.272921
-0.290128
-0.25546
-0.315715
-0.269311
-0.0260941
-0.00903071
0.00198484
-0.206784
-0.223289
-0.121974
-0.311028
-0.289961
-0.154622
-0.372867
-0.127938
-0.284539
-0.314341
-0.469466
-0.250421
-0.365486
-0.263979
0.0977967
0.0768604
0.145406
0.0531824
0.0062776
0.106783
0.320577
0.09622
0.156126
0.456989
0.0689377
0.00952538
-0.0982287
-0.0449339
-0.151628
-0.00593585
0.0312474
-0.0124732
0.141589
-0.0376108
-0.0920218
-0.26989
-0.394748
-0.112918
-0.095559
-0.222023
-0.11524
-0.03858
0.0494886
-0.00940719
-0.117327
0.0559271
0.0267223
-0.0160031
-0.0762093
-0.131412
0.0250658
-0.191318
-0.273584
-0.322264
-0.467203
-0.3753
-0.280474
-0.316419
-0.236452
-0.234602
-0.0998533
-0.130985
-0.10244
-0.237425
-0.202197
-0.162285
-0.228034
-0.128189
-0.25892
-0.296638
-0.274043
-0.31744
-0.201139
-0.273675
-0.165847
-0.0838788
-0.010899
0.0876964
0.182058
0.142154
0.101878
0.0851909
0.264648
0.189036
0.125249
0.187492
0.172101
0.0664091
0.249663
0.0675507
0.0242013
0.0592662
-0.309148
-0.292053
-0.448331
-0.330972
-0.413237
-0.316488
-0.347112
-0.547816
-0.463035
-0.527144
-0.58551
-0.528953
-0.522155
-0.511903
-0.542095
-0.633989
-0.68786
-0.663459
-0.759506
-0.627138
-0.682442
-0.771958
-0.680561
-0.610137
-0.608441
-0.543196
-0.558172
-0.698053
-0.517338
-0.49745
-0.423215
-0.431388
-0.243518
-0.0559942
-0.0825896
0.00472417
-0.110492
0.0898679
0.10118
-0.153182
0.0142261
0.130025
-0.0393077
0.0313897
-0.101072
-0.134127
-0.294604
-0.211715
-0.117647
-0.193055
-0.407148
-0.422764
-0.443777
-0.454112
-0.310341
-0.254531
-0.309928
-0.261021
-0.205451
-0.202468
-0.050531
-0.0933795
-0.212035
-0.0970191
0.00930436
-0.145784
-0.0580286
-0.0607188
-0.130411
-0.194271
-0.298203
-0.299492
-0.490851
-0.339092
-0.52514
-0.581816
-0.370261
-0.592667
-0.499677
-0.426825
-0.426253
-0.467125
-0.424957
-0.485244
-0.687308
-0.577435
-0.82075
-0.842849
-0.836432
-0.891545
-0.939648
-0.865138
-0.857523
-0.954598
-0.889434
-1.0244
-1.05438
-1.00507
-1.09975
-1.06808
-1.10536
-0.894051
-0.808371
-0.963631
-0.966667
-1.17272
-1.02029
-1.27898
-1.19136
-0.917724
-1.18086
-1.27814
-1.37828
-1.21883
-1.5919
-1.51756
-1.35973
-1.49866
-1.41592
-1.55317
-1.38211
-1.49006
-1.56819
-1.50703
-1.30872
-1.4148
-1.38328
-1.32573
-1.17037
-1.44478
-1.50882
-1.38863
-1.62936
-1.64155
-1.50846
-1.47628
-1.48974
-1.52405
-1.4068
-1.53978
-1.74215
-1.8736
-1.69016
-1.72639
-1.50289
-1.55194
-1.50036
-1.45796
-1.54724
-1.52962
-1.63744
-1.45104
-1.29493
-1.23124
-1.16933
-1.22299
-1.32637
-1.35959
-1.40878
-1.68309
-1.53263
-1.62767
-1.75732
-1.58674
-2.01062
-2.24078
-2.13655
-2.34234
-2.40422
-2.43607
-2.36114
-2.39325
-2.40341
-2.36638
-2.61525
-2.60165
-2.59911
-2.68122
-2.77283
-2.646
-2.80485
-2.72182
-2.83328
-2.94591
-2.89487
-2.87845
-3.16831
-2.8138
-2.96332
-3.06206
-3.35806
-3.23829
-3.23672
-3.26599
-3.32637
-3.22056
-3.4215
-3.40959
-3.33529
-3.64541
-3.57418
-3.44412
-3.6327
-3.67943
-3.99108
-3.94496
-3.97213
-4.06361
-3.98641
-3.91842
-3.92864
-3.84566
-3.74019
-3.70716
-3.67418
-3.64731
-3.84152
-3.79914
-3.93608
-3.87989
-3.80021
-3.749
-3.76085
-3.81215
-3.80398
-3.96622
-3.71563
-3.90253
-3.9661
-4.02378
-3.99975
-3.99565
-4.05716
-4.18026
-4.22812
-4.25623
-4.19537
-4.53689
-4.28039
-4.43587
-4.36271
-4.35658
-4.33506
-4.2181
-4.25789
-4.35792
-4.5618
-4.39157
-4.22081
-4.37622
-4.33057
-4.32641
-4.27226
-4.36805
-4.42821
-4.44881
-4.3844
-4.3103
-4.53556
-4.35878
-4.48466
-4.31459
-4.36915
-4.5247
-4.52029
-4.49517
-4.49146
-4.68687
-4.61151
-4.82476
-4.7037
-4.86344
-4.86282
-4.80526
-4.85103
-4.87506
-5.03471
-5.2067
-5.3453
-5.27585
-5.3065
-5.42503
-5.27328
-5.28768
-5.29752
-5.41689
-5.22708
-5.33133
-5.22279
-5.03961
-5.07556
-4.99071
-4.95151
-4.89237
-4.91611
-4.83478
-4.83344
-4.96128
-4.81936
-4.6814
-4.59698
-4.55673
-4.54704
-4.61274
-4.51793
-4.55024
-4.6796
-4.49035
-4.60167
-4.58501
-4.61124
-4.54805
-4.48561
-4.5782
-4.63411
-4.38229
-4.48241
-4.53124
-4.32261
-4.15759
-4.1952
-4.10469
-4.03061
-3.9665
-4.03292
-4.16092
-4.1852
-4.13632
-4.23044
-4.2602
-4.33277
-4.12081
-4.27722
-4.23323
-4.43811
-4.24157
-4.18194
-4.22481
-4.08509
-4.17946
-3.95226
-4.21466
-4.17744
-4.16243
-4.19892
-4.0715
-4.3417
-4.29017
-4.17683
-4.18032
-4.18915
-4.38412
-4.24281
-4.21415
-4.26695
-4.0788
-4.18374
-4.28559
-4.12671
-4.31281
-4.21939
-4.06497
-3.78616
-3.8801
-3.77114
-3.8361
-3.66802
-3.76555
-3.67396
-3.66303
-3.42678
-3.53997
-3.41497
-3.30721
-3.2639
-3.2629
-3.3287
-3.28358
-3.18774
-3.36082
-3.48436
-3.39076
-3.32359
-3.48735
-3.41937
-3.40818
-3.47628
-3.37492
-3.41322
-3.36636
-3.43643
-3.38218
-3.34078
-3.36703
-3.24629
-3.28934
-3.33172
-3.44133
-3.50287
-3.52715
-3.62874
-3.54999
-3.69989
-3.69587
-3.4191
-3.68389
-3.69759
-3.6343
-3.58796
-3.68491
-3.81131
-3.7861
-3.6666
-3.63309
-3.74941
-3.75818
-3.54729
-3.61062
-3.56526
-3.46511
-3.54298
-3.41406
-3.50152
-3.42552
-3.49768
-3.45555
-3.33583
-3.21513
-3.34546
-3.30179
-3.3299
-3.18654
-3.36256
-3.266
-3.24118
-3.26446
-3.32258
-3.27028
-3.34176
-3.392
-3.54034
-3.44507
-3.55055
-3.52343
-3.59909
-3.66483
-3.53475
-3.64659
-3.67466
-3.6864
-3.51188
-3.6419
-3.48323
-3.6622
-3.66188
-3.60347
-3.46821
-3.58731
-3.48878
-3.46517
-3.48504
-3.50357
-3.47866
-3.47157
-3.38997
-3.3263
-3.43547
-3.41097
-3.25079
-3.33509
-3.41631
-3.40353
-3.3851
-3.59889
-3.50299
-3.48439
-3.61291
-3.63947
-3.60131
-3.67248
-3.7445
-3.61792
-3.65403
-3.75279
-3.60099
-3.7294
-3.71674
-3.80055
-3.88984
-3.7467
-3.79663
-3.84419
-3.74469
-3.75152
-3.76978
-3.81852
-3.62505
-3.5992
-3.66374
-3.68327
-3.58559
-3.49181
-3.35243
-3.45508
-3.4386
-3.27931
-3.2775
-3.246
-3.2842
-3.31854
-3.26119
-3.25223
-3.34016
-3.25545
-3.34173
-3.08092
-3.29747
-3.1692
-3.14017
-3.28576
-3.18978
-3.33038
-3.30915
-3.28261
-3.23486
-3.36736
-3.52913
-3.41138
-3.34929
-3.50885
-3.56789
-3.34574
-3.4931
-3.59114
-3.65658
-3.57484
-3.56736
-3.45621
-3.44685
-3.5408
-3.57078
-3.41318
-3.63438
-3.46293
-3.41408
-3.36187
-3.47033
-3.52095
-3.49203
-3.6172
-3.60186
-3.50988
-3.62917
-3.6003
-3.59029
-3.49399
-3.75213
-3.71921
-3.59738
-3.58439
-3.72807
-3.84984
-3.81339
-3.70895
-3.82632
-3.73604
-3.77815
-3.74779
-3.89019
-3.82042
-3.75561
-3.78948
-3.5323
-3.73743
-3.55336
-3.71942
-3.50751
-3.59993
-3.43197
-3.4972
-3.56918
-3.60086
-3.56582
-3.59895
-3.57507
-3.54415
-3.51144
-3.5182
-3.54216
-3.59884
-3.6323
-3.68563
-3.6078
-3.66552
-3.60393
-3.66288
-3.70262
-3.69118
-3.80937
-3.56882
-3.41804
-3.51368
-3.59683
-3.61148
-3.6009
-3.5618
-3.62953
-3.6604
-3.62208
-3.74885
-3.82136
-3.74504
-3.86909
-3.93048
-3.8497
-3.9375
-4.00189
-4.00778
-3.83283
-3.77337
-3.71403
-3.74539
-3.7509
-3.62981
-3.49489
-3.56099
-3.55068
-3.56275
-3.66259
-3.68772
-3.50551
-3.57638
-3.45084
-3.57362
-3.56037
-3.4822
-3.52039
-3.59024
-3.60479
-3.6968
-3.52993
-3.64957
-3.41022
-3.43505
-3.49123
-3.41357
-3.67852
-3.62839
-3.53273
-3.5361
-3.48617
-3.50613
-3.5402
-3.528
-3.32981
-3.32513
-3.25963
-3.28645
-3.34075
-3.43017
-3.46038
-3.35532
-3.55702
-3.41937
-3.45591
-3.38752
-3.54347
-3.39861
-3.32998
-3.52164
-3.5213
-3.54937
-3.32869
-3.41797
-3.47911
-3.42203
-3.37519
-3.37395
-3.40456
-3.4375
-3.31309
-3.28907
-3.18403
-3.16654
-3.13905
-3.24702
-3.2406
-3.15928
-3.24011
-3.15378
-3.15732
-3.19512
-3.03244
-3.23947
-3.04142
-2.98234
-3.02018
-3.01756
-2.95462
-2.9904
-2.94623
-2.90367
-2.84845
-2.85227
-2.77098
-2.76149
-2.6503
-2.69953
-2.63807
-2.68841
-2.71132
-2.67876
-2.82234
-2.88205
-3.07046
-3.05927
-3.22804
-3.41682
-3.39828
-3.54221
-3.54979
-3.58337
-3.64919
-3.43816
-3.62786
-3.583
-3.43108
-3.39331
-3.46803
-3.43403
-3.45916
-3.57088
-3.5097
-3.54131
-3.61224
-3.48267
-3.56501
-3.52931
-3.44484
-3.47313
-3.26873
-3.35819
-3.19895
-3.25532
-3.19126
-3.12413
-3.24049
-3.27911
-3.37543
-3.47628
-3.35088
-3.39854
-3.35677
-3.38988
-3.42221
-3.46845
-3.31879
-3.32573
-3.28614
-3.18268
-3.21352
-3.16417
-3.00997
-3.24685
-3.05655
-2.96165
-2.78405
-2.71194
-2.6497
-2.59817
-2.42157
-2.55898
-2.76857
-2.864
-2.79317
-2.79188
-2.68689
-2.7056
-2.71011
-2.73824
-2.65647
-2.56148
-2.59332
-2.59197
-2.66031
-2.58575
-2.68478
-2.62215
-2.67884
-2.72271
-2.52288
-2.51201
-2.39699
-2.2742
-2.20511
-2.12872
-2.19349
-2.04004
-2.16639
-2.10321
-1.99816
-2.05953
-2.15912
-2.24272
-2.21352
-2.31568
-2.21655
-2.20463
-2.19332
-2.27497
-2.31836
-2.22592
-2.14353
-2.16576
-2.08913
-2.14401
-1.97532
-1.91937
-1.74878
-2.03427
-1.86245
-1.79362
-1.68245
-1.47124
-1.35734
-1.09485
-1.12179
-0.993925
-0.921096
-0.715296
-0.889507
-0.830257
-0.740147
-0.715876
-0.893917
-1.13351
-1.18203
-1.17006
-1.09546
-1.0547
-1.16387
-1.05437
-1.07556
-1.06211
-1.19113
-1.05056
-1.08986
-1.18636
-1.12451
-1
-0.965209
-0.81906
-0.685758
-0.707438
-0.82652
-0.871
-0.794237
-0.84078
-0.958185
-1.1603
-1.19028
-1.08127
-1.09526
-1.26645
-1.0378
-1.09701
-1.12568
-1.10261
-1.04917
-1.12323
-1.21685
-1.26432
-1.02339
-1.01483
-1.07561
-0.964363
-0.712097
-0.797449
-0.870808
-0.88952
-0.803587
-0.883237
-0.81635
-0.949165
-0.839281
-1.00847
-0.908155
-0.852964
-0.894105
-1.00905
-1.08148
-0.933201
-0.98023
-0.862952
-1.09314
-1.1465
-1.07761
-1.10526
-1.08915
-1.07982
-0.944213
-1.03026
-0.913669
-0.979063
-0.705888
-0.720563
-0.794085
-0.637679
-0.747744
-0.819432
-0.813462
-0.815213
-0.764518
-0.910625
-1.00621
-1.02505
-0.933022
-0.996939
-0.971261
-1.03564
-0.842971
-1.1572
-0.925382
-1.03477
-1.10286
-1.01577
-1.1016
-1.21475
-1.01022
-0.91087
-1.12333
-1.10088
-1.03953
-1.08283
-1.01518
-0.979414
-0.932063
-0.854608
-0.813133
-0.746807
-0.670233
-0.865672
-0.86558
-0.88781
-1.0423
-1.19329
-1.17508
-1.25373
-1.20429
-1.04228
-1.07244
-1.14739
-1.07825
-0.912605
-0.936348
-0.916612
-1.04536
-1.01861
-1.02555
-1.16956
-1.09595
-1.20303
-1.3129
-1.11339
-1.03904
-0.964887
-0.937118
-0.826754
-0.880605
-0.698827
-0.599412
-0.713366
-0.77428
-0.7719
-0.734288
-0.747411
-0.780111
-0.860813
-0.963474
-0.927265
-0.890994
-1.08558
-1.25301
-0.924746
-0.987027
-1.08803
-1.17363
-0.97649
-0.900998
-0.924221
-1.00118
-0.849091
-0.970097
-1.06828
-1.01459
-1.09066
-0.963468
-0.832174
-0.894695
-0.937105
-0.668458
-0.668982
-0.74298
-0.671827
-0.540414
-0.787705
-0.721982
-0.725524
-0.765345
-0.994546
-0.931206
-0.994042
-1.06264
-0.895092
-0.939606
-1.01669
-1.03011
-0.973396
-0.921731
-0.925399
-0.960804
-0.938431
-1.09017
-0.962898
-1.14713
-1.16245
-1.16745
-1.08816
-1.06446
-0.755358
-0.820995
-0.860245
-0.730983
-0.718075
-0.701169
-0.704974
-0.714529
-0.610654
-0.699635
-0.778697
-0.764262
-0.756588
-0.879198
-0.731032
-0.855959
-0.848574
-0.852522
-0.83857
-0.92368
-0.76081
-0.847842
-0.576431
-0.935989
-0.881721
-0.925905
-0.76966
-0.891482
-0.886684
-0.871007
-0.799576
-0.927692
-0.865285
-1.01468
-1.12621
-1.16147
-0.882488
-0.947537
-0.866875
-0.865249
-0.944281
-0.902716
-0.777
-0.887678
-0.767821
-0.52764
-0.496667
-0.414155
-0.47484
-0.425725
-0.406048
-0.373691
-0.450232
-0.49554
-0.423644
-0.501077
-0.627334
-0.7867
-0.760186
-0.780071
-0.93229
-0.575539
-0.75542
-0.741235
-0.676849
-0.679379
-0.585023
-0.645654
-0.712081
-0.59358
-0.689424
-0.577106
-0.541183
-0.784761
-0.810842
-0.823023
-0.847287
-0.806805
-0.930776
-0.894584
-0.880654
-0.766962
-0.893129
-0.625469
-0.692807
-0.610417
-0.617127
-0.556572
-0.667223
-0.581482
-0.675643
-0.599681
-0.541734
-0.664722
-0.57161
-0.526655
-0.406381
-0.408943
-0.580454
-0.58893
-0.568453
-0.554072
-0.595457
-0.610753
-0.540634
-0.434261
-0.609371
-0.703814
-0.614012
-0.532933
-0.539655
-0.644118
-0.672209
-0.676922
-0.723704
-0.828757
-0.70585
-0.699979
-0.768588
-0.905681
-0.833723
-0.733923
-0.746238
-0.695778
-0.610979
-0.607271
-0.497151
-0.579005
-0.488786
-0.57463
-0.583749
-0.599107
-0.735709
-0.617819
-0.691521
-0.707715
-0.649831
-0.80817
-0.864956
-0.752003
-0.652955
-0.60933
-0.524318
-0.591758
-0.45611
-0.470066
-0.579322
-0.630478
-0.690367
-0.694816
-0.649287
-0.748111
-0.814036
-0.612869
-0.558489
-0.573362
-0.540953
-0.607754
-0.502822
-0.736232
-0.708573
-0.607958
-0.580285
-0.725548
-0.816
-0.833138
-0.759278
-0.835131
-0.864523
-0.691406
-0.739908
-0.651934
-0.59517
-0.614136
-0.698381
-0.786413
-0.708169
-0.78454
-0.817722
-0.825426
-0.912409
-0.793513
-0.789422
-0.717847
-0.608879
-0.643071
-0.726466
-0.661665
-0.88306
-0.747943
-0.680972
-0.698234
-0.875849
-0.787793
-0.974235
-0.95164
-0.925823
-0.935294
-0.994293
-0.848855
-0.844116
-0.964386
-0.756006
-0.811806
-0.872826
-0.756785
-0.859316
-0.785993
-0.825938
-0.950643
-0.862681
-0.758602
-0.860508
-0.664125
-0.850943
-0.884019
-0.79861
-0.775949
-0.855048
-0.855368
-0.992419
-0.902695
-1.08084
-1.06498
-0.969545
-0.875351
-0.937804
-1.10413
-0.788041
-0.958718
-0.879995
-0.867854
-0.786499
-0.817324
-0.690712
-0.725061
-0.838184
-0.805257
-0.699018
-0.656947
-0.802098
-0.860536
-0.847873
-0.835584
-0.675185
-0.687318
-0.509109
-0.734442
-0.877604
-0.69646
-0.689924
-0.767788
-0.742414
-0.828176
-0.568581
-0.727474
-0.946073
-0.732283
-0.664623
-0.513581
-0.661252
-0.619732
-0.520015
-0.50457
-0.48169
-0.483267
-0.523585
-0.594103
-0.591133
-0.486625
-0.474829
-0.64207
-0.501481
-0.539318
-0.460224
-0.424063
-0.473452
-0.424349
-0.430894
-0.585613
-0.479579
-0.560869
-0.541332
-0.388593
-0.502877
-0.37822
-0.484548
-0.601017
-0.460553
-0.562971
-0.514085
-0.434235
-0.419013
-0.734502
-0.538374
-0.489283
-0.480787
-0.600622
-0.714809
-0.573107
-0.530748
-0.764626
-0.544229
-0.61138
-0.527964
-0.560298
-0.730784
-0.637806
-0.756383
-0.764158
-0.833782
-0.690754
-0.85876
-0.776976
-0.929074
-0.81671
-0.62407
-0.751223
-0.816618
-0.730071
-1.0044
-0.883876
-0.840444
-0.807678
-0.83555
-0.8655
-0.847448
-0.795864
-0.832249
-0.870767
-0.888899
-0.781485
-0.830042
-0.998959
-1.05198
-0.969574
-0.911315
-0.82354
-0.616755
-0.665593
-0.760868
-0.791739
-0.734408
-0.642946
-0.686093
-0.83446
-0.782579
-0.829381
-0.832585
-0.682592
-0.848506
-0.832259
-0.731269
-0.697132
-0.691007
-0.779785
-0.818244
-0.800424
-0.66045
-0.717156
-0.784377
-0.808634
-0.697943
-0.723417
-0.739824
-0.752235
-0.694419
-0.78948
-0.959928
-0.871247
-0.822909
-0.896694
-0.784835
-0.812434
-0.859292
-0.979567
-0.899787
-0.849413
-0.767374
-0.758018
-0.773181
-0.631283
-0.935015
-0.862302
-1.01089
-0.86651
-0.897603
-0.900597
-0.951762
-0.963528
-0.861415
-0.968015
-0.639177
-0.976091
-1.03025
-0.89836
-0.745617
-0.842474
-0.67794
-0.717841
-0.809447
-0.918942
-0.884839
-0.92384
-0.861838
-0.924541
-1.03308
-0.72995
-0.825436
-0.646184
-0.743313
-0.872209
-0.791951
-0.784415
-0.90039
-0.82697
-0.834742
-0.967161
-0.899337
-0.858807
-0.865119
-0.830412
-0.825914
-0.741046
-0.878253
-0.956581
-0.980508
-0.901031
-0.770488
-0.873139
-0.874109
-0.751448
-0.746121
-0.805547
-0.672462
-0.855878
-0.789792
-0.745653
-0.656064
-0.804849
-0.769514
-0.860057
-0.839749
-0.900407
-0.813285
-0.877432
-0.795699
-0.940656
-0.997895
-1.08741
-0.812737
-0.811537
-0.865879
-0.762555
-0.732137
-0.748086
-0.847198
-0.878177
-0.831151
-0.832444
-0.875995
-0.85194
-0.81084
-0.821524
-0.757551
-0.696213
-0.794672
-0.71227
-0.899113
-0.754585
-0.922675
-0.749152
-0.677739
-0.665921
-0.473565
-0.541276
-0.723835
-0.705748
-0.821907
-0.747083
-0.873462
-0.804998
-0.814644
-0.862191
-0.669465
-0.716136
-0.613494
-0.66696
-0.673693
-0.684447
-0.736432
-0.663525
-0.706248
-0.665732
-0.849431
-0.748861
-0.77284
-0.662104
-0.874294
-0.762437
-0.729495
-0.865869
-0.69597
-0.741037
-0.763052
-0.746753
-0.786254
-0.719211
-0.702392
-0.822757
-0.565598
-0.63313
-0.774514
-0.736095
-0.734627
-0.694927
-0.695815
-0.65298
-0.638302
-0.407797
-0.531676
-0.510184
-0.582038
-0.593208
-0.592273
-0.517004
-0.55515
-0.52027
-0.747866
-0.770758
-0.741198
-0.507802
-0.514058
-0.611211
-0.757654
-0.627097
-0.412836
-0.5221
-0.519811
-0.602951
-0.538462
-0.594515
-0.543547
-0.620359
-0.573902
-0.597028
-0.537157
-0.492598
-0.534159
-0.32304
-0.463846
-0.467413
-0.483515
-0.396244
-0.370421
-0.316621
-0.431472
-0.317744
-0.495374
-0.347673
-0.366492
-0.448262
-0.381579
-0.394529
-0.39196
-0.464629
-0.422107
-0.445225
-0.397734
-0.505229
-0.472831
-0.418652
-0.397584
-0.542527
-0.383676
-0.515915
-0.581162
-0.75716
-0.720757
-0.8177
-0.80524
-0.834037
-0.805511
-0.840975
-0.834835
-0.909114
-0.841125
-0.917291
-0.769815
-0.787239
-0.667348
-0.855242
-0.62467
-0.811849
-0.722908
-0.796418
-0.749706
-0.892713
-0.730432
-0.750432
-0.825789
-0.664573
-0.817718
-0.84462
-0.606429
-0.555082
-0.546187
-0.526128
-0.548598
-0.440815
-0.403513
-0.482496
-0.476307
-0.549169
-0.676315
-0.684473
-0.614285
-0.588691
-0.683795
-0.532222
-0.713108
-0.662676
-0.45244
-0.632947
-0.419685
-0.45216
-0.553378
-0.54632
-0.498221
-0.580392
-0.430785
-0.518738
-0.530528
-0.601018
-0.592502
-0.576483
-0.593105
-0.688403
-0.596654
-0.449224
-0.510084
-0.516014
-0.57836
-0.652873
-0.806197
-0.703274
-0.733778
-0.657806
-0.755994
-0.737563
-0.696162
-0.556996
-0.657248
-0.501781
-0.442589
-0.279844
-0.394471
-0.334277
-0.377272
-0.480379
-0.458766
-0.366073
-0.563856
-0.427725
-0.48802
-0.366768
-0.411298
-0.457698
-0.413658
-0.426344
-0.247389
-0.304562
-0.442516
-0.359557
-0.633861
-0.832035
-0.817787
-0.726755
-0.678302
-0.642754
-0.442397
-0.37647
-0.450131
-0.300104
-0.383402
-0.377807
-0.288811
-0.491786
-0.512556
-0.56415
-0.623998
-0.68803
-0.588732
-0.737938
-0.600053
-0.762733
-0.407856
-0.352274
-0.448032
-0.672198
-0.53877
-0.611927
-0.80948
-0.80125
-0.721865
-0.683623
-0.676869
-0.731905
-0.755017
-0.717157
-0.712893
-0.538942
-0.483593
-0.494744
-0.483528
-0.377637
-0.527469
-0.51803
-0.662066
-0.674545
-0.514145
-0.555373
-0.822997
-0.732066
-0.62236
-0.692963
-0.670865
-0.56976
-0.584952
-0.789591
-0.716747
-0.670259
-0.680519
-0.715846
-0.522915
-0.602405
-0.513514
-0.726738
-0.740502
-0.574815
-0.399688
-0.596825
-0.765094
-0.488363
-0.540356
-0.566627
-0.587541
-0.649675
-0.637896
-0.501706
-0.723058
-0.53091
-0.44393
-0.573517
-0.426712
-0.346688
-0.427393
-0.474869
-0.46289
-0.3558
-0.345235
-0.481032
-0.361839
-0.408197
-0.550132
-0.491218
-0.521687
-0.650439
-0.389929
-0.478258
-0.444522
-0.348997
-0.448346
-0.331819
-0.176605
-0.344496
-0.542502
-0.487142
-0.617756
-0.657224
-0.68606
-0.706964
-0.66474
-0.603737
-0.661755
-0.662194
-0.651387
-0.639992
-0.754423
-0.479408
-0.589155
-0.67322
-0.66316
-0.712448
-0.625166
-0.5623
-0.573268
-0.554163
-0.564413
-0.420826
-0.460444
-0.335862
-0.402887
-0.492693
-0.400387
-0.291772
-0.470727
-0.606414
-0.383122
-0.546058
-0.42726
-0.671115
-0.46543
-0.563026
-0.485758
-0.502143
-0.425037
-0.588334
-0.452747
-0.451539
-0.668866
-0.464123
-0.526781
-0.48505
-0.402361
-0.564075
-0.323285
-0.214456
-0.282376
-0.252399
-0.398875
-0.315724
-0.303915
-0.283104
-0.324809
-0.376157
-0.319961
-0.481815
-0.350338
-0.40486
-0.395992
-0.517355
-0.389899
-0.411859
-0.459144
-0.463543
-0.350076
-0.403225
-0.4927
-0.523659
-0.601069
-0.628648
-0.720902
-0.794056
-0.801916
-0.821181
-0.743608
-0.772079
-0.890688
-0.90414
-1.10926
-1.15561
-1.33432
-1.31921
-1.40593
-1.20992
-1.34517
-1.30053
-1.36086
-1.35527
-1.36608
-1.48552
-1.37923
-1.53702
-1.67272
-1.54351
-1.57349
-1.56325
-1.53963
-1.59063
-1.74951
-1.62059
-1.52854
-1.48899
-1.29721
-1.49064
-1.34776
-1.29337
-1.3174
-1.37913
-1.39345
-1.38544
-1.2129
-1.10809
-0.999043
-1.41871
-1.07568
-1.20154
-1.1798
-1.1111
-1.00469
-1.22737
-1.06494
-1.12787
-0.997217
-1.09883
-1.02728
-1.02729
-0.931372
-0.913602
-0.94626
-1.11379
-1.19192
-0.941364
-1.05504
-1.03234
-0.895694
-1.05193
-0.810038
-1.1651
-1.12604
-1.14468
-0.983486
-1.07386
-1.02317
-0.956358
-1.02643
-0.90504
-1.11935
-1.03301
-1.14039
-1.23575
-1.159
-1.01319
-1.07193
-0.973098
-1.14895
-0.970503
-0.937051
-1.04502
-0.87209
-1.08271
-0.887665
-1.00446
-1.20514
-1.0201
-1.18275
-1.05807
-1.05282
-0.979759
-1.03076
-0.989711
-1.06656
-0.91583
-1.09955
-1.06512
-1.05964
-1.23108
-1.25717
-1.17268
-1.19277
-1.21898
-1.14479
-1.37655
-1.16054
-1.18157
-1.21834
-1.28439
-1.24285
-1.26576
-1.29852
-1.15009
-1.13954
-0.982317
-1.17054
-1.1015
-1.09242
-1.21975
-0.866062
-1.01054
-0.987336
-0.792114
-0.840375
-0.856984
-0.866794
-0.822272
-0.729895
-0.8307
-0.682716
-0.719584
-0.689668
-0.624127
-0.563295
-0.513096
-0.438391
-0.452223
-0.519305
-0.401488
-0.554609
-0.679335
-0.506161
-0.549502
-0.663273
-0.454642
-0.706138
-0.885013
-0.880027
-0.751359
-1.00743
-1.06299
-1.29223
-1.17329
-1.36017
-1.39563
-1.37073
-1.11901
-1.3122
-1.26288
-1.22547
-1.2716
-1.4217
-1.38452
-1.4745
-1.25894
-1.38906
-1.50586
-1.25283
-1.0983
-1.34873
-1.18236
-1.07912
-1.16876
-1.03107
-1.19242
-1.15837
-1.28562
-1.09943
-1.26087
-1.01907
-1.05227
-1.14286
-1.25524
-1.25907
-1.20598
-1.15431
-1.2406
-1.05844
-1.01483
-1.08429
-0.755152
-0.941601
-0.993165
-0.961681
-0.879365
-0.888435
-1.02117
-0.876263
-0.908542
-1.06491
-0.952005
-0.872414
-0.876279
-0.878572
-0.885072
-0.912593
-1.04029
-1.17898
-1.06569
-1.18014
-1.16751
-1.15734
-1.28036
-1.23393
-1.31218
-1.24424
-1.30346
-1.45338
-1.41213
-1.44814
-1.26238
-1.31809
-1.31588
-1.36497
-1.3006
-1.47518
-1.39196
-1.2997
-1.32812
-1.34887
-1.51477
-1.68016
-1.4425
-1.45179
-1.55061
-1.58623
-1.5601
-1.65601
-1.61765
-1.57118
-1.47147
-1.44998
-1.56933
-1.63665
-1.50523
-1.62223
-1.38812
-1.38257
-1.28136
-1.34299
-1.25395
-1.27147
-1.36941
-1.35352
-1.26951
-1.38946
-1.46409
-1.37048
-1.35832
-1.34865
-1.32765
-1.44466
-1.42915
-1.34006
-1.30781
-1.38774
-1.59187
-1.49232
-1.4091
-1.52087
-1.46264
-1.52189
-1.4028
-1.44676
-1.5262
-1.36124
-1.45011
-1.23763
-1.36115
-1.56864
-1.49068
-1.40928
-1.36256
-1.4019
-1.51761
-1.52945
-1.40146
-1.5154
-1.44862
-1.48599
-1.27819
-1.26519
-1.40591
-1.33926
-1.40677
-1.45859
-1.28319
-1.44476
-1.29588
-1.37732
-1.49664
-1.37008
-1.24906
-1.41442
-1.28409
-1.211
-1.29573
-1.19077
-1.21259
-1.20581
-1.13592
-1.03822
-1.05832
-1.19869
-1.13309
-1.09181
-1.12902
-1.11784
-1.12156
-1.24575
-1.11766
-1.20067
-1.13557
-1.1474
-1.45511
-1.46689
-1.23732
-1.37802
-1.3283
-1.42297
-1.44537
-1.4174
-1.47383
-1.24478
-1.29465
-1.36786
-1.28087
-1.23765
-1.36001
-1.54036
-1.45145
-1.24935
-1.43859
-1.29738
-1.16194
-1.3353
-1.32448
-1.25421
-1.20336
-1.27897
-1.06079
-1.10163
-1.18094
-1.02659
-1.05537
-1.03871
-1.0367
-0.949994
-1.10538
-0.955579
-1.00994
-1.03147
-1.01879
-0.928823
-0.739958
-0.811703
-0.75395
-0.889227
-0.900286
-0.660201
-0.741204
-0.831934
-0.856877
-0.74414
-0.770819
-0.680955
-0.74429
-0.637735
-0.627355
-0.688316
-0.689816
-0.737842
-0.606856
-0.502193
-0.550325
-0.575008
-0.726892
-0.823919
-0.908218
-0.824513
-0.952044
-0.855088
-0.755801
-0.966943
-0.672658
-0.689698
-0.88664
-0.710264
-1.02464
-0.972559
-0.912171
-0.990354
-1.01563
-1.09793
-0.999624
-0.806766
-0.878139
-0.920204
-0.837392
-0.87417
-0.943515
-0.739201
-0.714449
-0.784305
-0.750905
-0.835292
-0.933738
-0.871653
-0.877647
-1.00307
-0.982415
-1.03253
-0.846405
-0.893887
-0.809243
-0.885222
-0.858075
-0.853452
-0.827961
-0.884173
-0.838685
-0.953305
-0.965177
-0.991013
-0.888599
-0.873712
-0.814802
-0.78431
-0.745793
-0.820337
-0.677078
-0.779875
-0.8383
-0.953753
-0.711301
-0.932693
-0.925756
-0.942828
-0.761771
-1.01841
-0.792031
-0.818002
-0.861425
-1.02729
-0.840011
-0.947769
-0.800074
-1.0715
-0.989598
-0.804147
-0.919417
-0.924484
-0.900896
-0.941307
-0.869119
-0.932214
-0.890292
-0.678452
-0.777866
-0.89238
-0.589183
-0.734156
-0.670629
-0.740601
-0.655054
-0.636994
-0.661469
-0.625086
-0.577432
-0.601313
-0.491642
-0.546483
-0.535668
-0.510284
-0.410682
-0.535139
-0.584123
-0.569544
-0.523742
-0.510658
-0.668937
-0.682427
-0.555473
-0.589933
-0.658824
-0.594223
-0.612508
-0.641444
-0.626636
-0.791867
-0.687491
-0.815007
-0.893358
-0.753195
-0.742772
-0.875886
-0.88442
-0.868939
-0.937706
-0.751396
-0.703108
-0.909866
-0.76635
-0.718318
-0.723636
-0.725536
-0.675987
-0.726996
-0.759217
-0.746918
-0.731464
-0.901954
-1.05654
-1.03188
-1.04995
-0.980181
-1.08057
-0.873025
-1.01248
-1.00293
-1.07903
-1.05189
-1.18892
-1.11182
-1.13622
-1.16795
-1.20967
-1.35139
-1.15347
-1.16012
-1.06291
-1.08692
-1.15782
-1.10164
-1.28986
-1.21136
-1.22208
-0.982891
-1.08706
-1.0789
-1.04718
-1.10325
-1.23895
-1.26785
-1.25288
-1.09373
-1.10908
-1.27843
-1.18132
-1.18274
-1.21485
-1.08061
-1.23518
-1.30055
-1.40583
-1.13735
-1.10525
-1.07798
-1.20488
-1.36533
-1.15005
-1.34708
-1.2789
-1.24525
-1.45331
-1.44011
-1.36756
-1.34585
-1.37809
-1.49578
-1.32413
-1.22668
-1.33326
-1.18498
-1.18165
-1.24049
-1.26806
-1.28643
-1.19037
-1.19059
-1.15642
-1.35523
-1.15385
-1.15122
-1.11877
-1.22886
-1.19529
-1.37674
-1.3217
-1.34191
-1.25372
-1.21411
-1.50004
-1.38884
-1.34821
-1.37955
-1.1331
-1.25098
-1.02192
-1.15094
-1.34143
-1.26997
-1.20603
-1.25928
-1.37001
-1.32159
-1.32819
-1.45015
-1.27622
-1.35699
-1.32729
-1.53397
-1.38616
-1.4687
-1.40029
-1.49737
-1.51683
-1.52321
-1.48349
-1.43851
-1.39484
-1.34337
-1.24803
-1.18935
-1.30405
-1.21524
-1.25528
-1.29425
-1.27261
-1.29067
-1.3361
-1.24676
-1.40565
-1.37788
-1.33318
-1.28634
-1.46792
-1.67817
-1.56129
-1.63116
-1.61276
-1.67783
-1.76436
-1.80122
-1.76441
-1.85748
-1.91642
-1.79606
-1.81515
-1.79114
-1.79607
-1.79728
-1.90643
-1.8945
-1.83048
-1.86455
-1.8362
-1.85058
-1.65759
-1.66415
-1.61421
-1.64702
-1.63054
-1.63848
-1.59852
-1.42017
-1.46633
-1.61247
-1.48471
-1.84135
-1.93251
-1.7616
-1.818
-1.93411
-1.75595
-1.72539
-1.64244
-1.67945
-1.64341
-2.05176
-1.87917
-1.79665
-1.69617
-1.84456
-1.81605
-1.95723
-2.1866
-2.19246
-1.95382
-1.85462
-1.83544
-1.96192
-1.93697
-1.91235
-1.77075
-1.80075
-1.68534
-1.64675
-1.66348
-1.73399
-1.57514
-1.72668
-1.89541
-1.71396
-1.80447
-1.81006
-1.52939
-1.75481
-1.67898
-1.71536
-1.46635
-1.48463
-1.62041
-1.50848
-1.36539
-1.351
-1.28389
-1.24856
-1.22349
-1.29878
-1.31422
-1.17369
-1.06303
-0.955746
-0.940385
-0.901417
-0.852601
-0.784057
-0.658977
-0.710251
-0.8275
-0.637133
-0.607787
-0.635761
-0.675139
-0.527925
-0.305874
-0.414787
-0.346773
-0.238823
-0.347726
-0.229195
-0.328664
-0.347159
-0.212479
-0.318692
-0.334017
-0.364528
-0.411714
-0.30198
-0.481503
-0.352104
-0.489579
-0.356147
-0.231991
-0.434501
-0.413575
-0.599134
-0.502138
-0.510238
-0.420703
-0.436916
-0.411976
-0.506598
-0.347223
-0.158227
-0.325948
0.0197819
-0.065531
-0.137802
0.0569782
-0.0108492
0.0418776
0.0526732
-0.130924
0.173816
-0.157153
-0.218966
-0.293095
-0.172153
-0.256144
-0.168572
-0.291018
-0.374953
-0.388544
-0.24304
-0.39169
-0.314523
-0.411132
-0.413468
-0.358234
-0.287421
-0.247787
-0.440002
-0.430782
-0.478308
-0.467865
-0.365204
-0.383111
-0.605156
-0.308451
-0.170388
-0.449895
-0.122809
-0.174707
-0.0287186
-0.0342559
-0.14437
0.015723
-0.168703
-0.0865375
-0.13755
-0.300314
-0.255313
-0.263472
-0.379604
-0.183718
-0.307608
-0.258119
-0.343757
-0.321364
-0.267615
-0.20248
-0.253151
-0.310734
-0.238686
-0.291433
-0.284095
-0.308924
-0.375966
-0.458837
-0.531523
-0.445407
-0.319326
-0.424031
-0.439011
-0.416865
-0.356907
-0.361631
-0.256919
-0.187455
-0.0703502
0.022019
-0.0674728
-0.106623
0.0681711
0.105319
-0.108839
-0.0327662
-0.0495999
-0.137153
-0.353745
-0.2978
-0.196799
-0.412574
-0.418393
-0.188001
-0.333317
-0.345789
-0.283165
-0.344672
-0.432032
-0.364656
-0.238474
-0.553069
-0.350796
-0.406135
-0.421684
-0.283616
-0.351723
-0.340302
-0.328013
-0.107872
-0.194696
-0.265382
-0.159806
-0.144751
-0.0841957
-0.0205717
0.0213956
-0.0363079
-0.269808
-0.0981324
-0.119304
-0.2118
-0.158367
-0.109737
-0.0242627
-0.0595666
-0.331777
-0.220138
-0.24344
-0.272364
-0.20352
-0.431992
-0.327128
-0.28043
-0.322809
-0.3727
-0.575659
-0.572589
-0.454557
-0.425202
-0.424058
-0.29113
-0.395472
-0.199266
-0.273912
-0.226756
-0.117005
-0.177223
-0.10148
-0.114744
-0.343323
-0.297212
-0.32134
-0.198756
-0.410221
-0.452692
-0.472481
-0.372977
-0.506004
-0.48341
-0.413564
-0.575046
-0.30943
-0.244969
-0.338597
-0.210022
-0.45931
-0.240938
-0.455434
-0.272803
-0.49304
-0.437163
-0.358859
-0.479724
-0.396931
-0.446486
-0.00196979
-0.338079
-0.225162
-0.135624
-0.187371
-0.0597212
-0.0320623
-0.0518836
-0.103061
-0.0714174
-0.185229
-0.212675
-0.147176
-0.276125
-0.417435
-0.546556
-0.329327
-0.41069
-0.393169
-0.290685
-0.421765
-0.21726
-0.321898
-0.188591
-0.15679
-0.335492
-0.260898
-0.310322
-0.237326
-0.293465
-0.487456
-0.461753
-0.47484
-0.496927
-0.308787
-0.405859
-0.410895
-0.418482
-0.63603
-0.635166
-0.646743
-0.483166
-0.710956
-0.593996
-0.628111
-0.660136
-0.355422
-0.289564
-0.354562
-0.257675
-0.486744
-0.188497
-0.2768
-0.483147
-0.340294
-0.234786
-0.251001
-0.305025
-0.196461
-0.18777
-0.110098
-0.117736
-0.16606
-0.250204
-0.222418
-0.255307
-0.310517
-0.353983
-0.20711
-0.395578
-0.284887
-0.44373
-0.546992
-0.365994
-0.51754
-0.447568
-0.390322
-0.551677
-0.529766
-0.481335
-0.575645
-0.667234
-0.751769
-0.58202
-0.747204
-0.449065
-0.303608
-0.465104
-0.290275
-0.397349
-0.374214
-0.293722
-0.443288
-0.31134
-0.244134
-0.44954
-0.603959
-0.401008
-0.620301
-0.655179
-0.50081
-0.597867
-0.577174
-0.719075
-0.655929
-0.589885
-0.61051
-0.673856
-0.585238
-0.494431
-0.366136
-0.604965
-0.339621
-0.370647
-0.32476
-0.19361
-0.264152
-0.182056
-0.342293
-0.191044
-0.45656
-0.276707
-0.504633
-0.226874
-0.283345
-0.395691
-0.67373
-0.477859
-0.263425
-0.424454
-0.376175
-0.55061
-0.687354
-0.324058
-0.591507
-0.648907
-0.580474
-0.619401
-0.731204
-0.427845
-0.40963
-0.506866
-0.289508
-0.260137
-0.191481
-0.454595
-0.276325
-0.421583
-0.518114
-0.462296
-0.44185
-0.482022
-0.77493
-0.581621
-0.671649
-0.65844
-0.595486
-0.554163
-0.69212
-0.623269
-0.667968
-0.610933
-0.549521
-0.528623
-0.572528
-0.640512
-0.410881
-0.301699
-0.309912
-0.138898
-0.482504
-0.515818
-0.412852
-0.524581
-0.284821
-0.215434
-0.406187
-0.361534
-0.494559
-0.602589
-0.325142
-0.458517
-0.538053
-0.512175
-0.291292
-0.304157
-0.381855
-0.391408
-0.346041
-0.39929
-0.481287
-0.572549
-0.427838
-0.659022
-0.593773
-0.63689
-0.589516
-0.47332
-0.624128
-0.795493
-0.735661
-0.624781
-0.726007
-0.687803
-0.642557
-0.754097
-0.690376
-0.753197
-0.734118
-0.680636
-0.729927
-0.761914
-0.786417
-0.627365
-0.639903
-0.62357
-0.751275
-0.719869
-0.845522
-0.661313
-0.601335
-0.62238
-0.458706
-0.607364
-0.46644
-0.510478
-0.559815
-0.450303
-0.371809
-0.3966
-0.480819
-0.293009
-0.1626
-0.415055
-0.270985
-0.445389
-0.236608
-0.317027
-0.453134
-0.275565
-0.291642
-0.251354
-0.273867
-0.254762
-0.188032
-0.466887
-0.36734
-0.388714
-0.515174
-0.458366
-0.507168
-0.374534
-0.498304
-0.436996
-0.378051
-0.5693
-0.44578
-0.407094
-0.546037
-0.326962
-0.277621
-0.544052
-0.267131
-0.485807
-0.499792
-0.290355
-0.482206
-0.367133
-0.258425
-0.585857
-0.399947
-0.551754
-0.54742
-0.422542
-0.356397
-0.411187
-0.365282
-0.30396
-0.37394
-0.22952
-0.432692
-0.333879
-0.510072
-0.480216
-0.322565
-0.242721
-0.209326
-0.258267
-0.387845
-0.499173
-0.382815
-0.385714
-0.528355
-0.233216
-0.456453
-0.409115
-0.422234
-0.310699
-0.31899
-0.253771
-0.592643
-0.380971
-0.558692
-0.398001
-0.477608
-0.643786
-0.684125
-0.537796
-0.583503
-0.692052
-0.610199
-0.587478
-0.303739
-0.578059
-0.494283
-0.504653
-0.59992
-0.44867
-0.725264
-0.570468
-0.407901
-0.441001
-0.593927
-0.530127
-0.583047
-0.395111
-0.429543
-0.621301
-0.366363
-0.236989
-0.360915
-0.374772
-0.455034
-0.377288
-0.489592
-0.257951
-0.26453
-0.38075
-0.348508
-0.468035
-0.409073
-0.270162
-0.298983
-0.558622
-0.339239
-0.613421
-0.498324
-0.361963
-0.479287
-0.342477
-0.64758
-0.273153
-0.2924
-0.33776
-0.430497
-0.404908
-0.206668
-0.324923
-0.363511
-0.382236
-0.284884
-0.312193
-0.337901
-0.454466
-0.409277
-0.258173
-0.28654
-0.431421
-0.421971
-0.329175
-0.420938
-0.369699
-0.489945
-0.288401
-0.477832
-0.359917
-0.357858
-0.454733
-0.310731
-0.482968
-0.326117
-0.417087
-0.442941
-0.370856
-0.512482
-0.379067
-0.41025
-0.320616
-0.56582
-0.436325
-0.413813
-0.308741
-0.538679
-0.386479
-0.361777
-0.356815
-0.711291
-0.556183
-0.415466
-0.521435
-0.478562
-0.510349
-0.28061
-0.672987
-0.562354
-0.52301
-0.553172
-0.471529
-0.370974
-0.474131
-0.447696
-0.438818
-0.165445
-0.336049
-0.310131
-0.337723
-0.439038
-0.441901
-0.253563
-0.405094
-0.426353
-0.344923
-0.348231
-0.27589
-0.399156
-0.331427
-0.265077
-0.370637
-0.286559
-0.309261
-0.31881
-0.200476
-0.478539
-0.380956
-0.574817
-0.398063
-0.500908
-0.310682
-0.187664
-0.431031
-0.192737
-0.167711
-0.476155
-0.445983
-0.382057
-0.423182
-0.543381
-0.499272
-0.479483
-0.377667
-0.534323
-0.4765
-0.44673
-0.435975
-0.402607
-0.537835
-0.458936
-0.34738
-0.527933
-0.47808
-0.508409
-0.62335
-0.441855
-0.588994
-0.49265
-0.543286
-0.602224
-0.640198
-0.539061
-0.322501
-0.653018
-0.44438
-0.43563
-0.326182
-0.511704
-0.505707
-0.592431
-0.515029
-0.429547
-0.466659
-0.413132
-0.621351
-0.384407
-0.47208
-0.51437
-0.463031
-0.362526
-0.548977
-0.540125
-0.472213
-0.57608
-0.494077
-0.541368
-0.364556
-0.536176
-0.387839
-0.419414
-0.344389
-0.443586
-0.532231
-0.676748
-0.337174
-0.380316
-0.373159
-0.395843
-0.497118
-0.53694
-0.44365
-0.465431
-0.565421
-0.626204
-0.611495
-0.445322
-0.487492
-0.556733
-0.439223
-0.644411
-0.431629
-0.631226
-0.602144
-0.604158
-0.287129
-0.491187
-0.519482
-0.345703
-0.453261
-0.388246
-0.329414
-0.712609
-0.401975
-0.632895
-0.538647
-0.607626
-0.446526
-0.407819
-0.55561
-0.438738
-0.210556
-0.343433
-0.397554
-0.401343
-0.417166
-0.4655
-0.448085
-0.268934
-0.500942
-0.451169
-0.489891
-0.327698
-0.297602
-0.267952
-0.42465
-0.314922
-0.496993
-0.419736
-0.294309
-0.358776
-0.346468
-0.381014
-0.370796
-0.314753
-0.367182
-0.391161
-0.504368
-0.603163
-0.312182
-0.45488
-0.436653
-0.441307
-0.431002
-0.397989
-0.524166
-0.470199
-0.463321
-0.4798
-0.352075
-0.652045
-0.540642
-0.492377
-0.439131
-0.442714
-0.537296
-0.526293
-0.516844
-0.369534
-0.447755
-0.340319
-0.445773
-0.499854
-0.278814
-0.381839
-0.27421
-0.179132
-0.158699
-0.39089
-0.366094
-0.313254
-0.463906
-0.370441
-0.31399
-0.326064
-0.425027
-0.388227
-0.372207
-0.207562
-0.563677
-0.539954
-0.473515
-0.348575
-0.291907
-0.256609
-0.405191
-0.524744
-0.420746
-0.360017
-0.44805
-0.441767
-0.524766
-0.460795
-0.573666
-0.34259
-0.524588
-0.330289
-0.467805
-0.433472
-0.578555
-0.513597
-0.60264
-0.528808
-0.424816
-0.362431
-0.397783
-0.450338
-0.483639
-0.469659
-0.414955
-0.555651
-0.566302
-0.501282
-0.509493
-0.321139
-0.583643
-0.526102
-0.414612
-0.3783
-0.571517
-0.5051
-0.624156
-0.437146
-0.644824
-0.564451
-0.475117
-0.363458
-0.409348
-0.479374
-0.455313
-0.381129
-0.381751
-0.334875
-0.162813
-0.201711
-0.297794
-0.364036
-0.514641
-0.529224
-0.500888
-0.428866
-0.34242
-0.345396
-0.421169
-0.31357
-0.366252
-0.612394
-0.412069
-0.445835
-0.473489
-0.537385
-0.481835
-0.318348
-0.500481
-0.312839
-0.455837
-0.489875
-0.501654
-0.516361
-0.451831
-0.442351
-0.362145
-0.523552
-0.46553
-0.469344
-0.38819
-0.465408
-0.57119
-0.450605
-0.660463
-0.696416
-0.377603
-0.455096
-0.491663
-0.353884
-0.461589
-0.582437
-0.445797
-0.407721
-0.589511
-0.494472
-0.397802
-0.472452
-0.557229
-0.348154
-0.550897
-0.714832
-0.734582
-0.641767
-0.653255
-0.5142
-0.313445
-0.401852
-0.47941
-0.507432
-0.455781
-0.507403
-0.242689
-0.409076
-0.625624
-0.488411
-0.540358
-0.319724
-0.614799
-0.488085
-0.387355
-0.570047
-0.508178
-0.587771
-0.403722
-0.462166
-0.457582
-0.344823
-0.464492
-0.314206
-0.200977
-0.508088
-0.385659
-0.50988
-0.388907
-0.375277
-0.470334
-0.422835
-0.783173
-0.591654
-0.545703
-0.475445
-0.368765
-0.423291
-0.462138
-0.609264
-0.663262
-0.556356
-0.590801
-0.560042
-0.618794
-0.330632
-0.498837
-0.709925
-0.630935
-0.461742
-0.597095
-0.603162
-0.547863
-0.44879
-0.433437
-0.451335
-0.6192
-0.445186
-0.60408
-0.631227
-0.444332
-0.356448
-0.285732
-0.538054
-0.548818
-0.442889
-0.485469
-0.346054
-0.480105
-0.591925
-0.511949
-0.425912
-0.306299
-0.46126
-0.528219
-0.290423
-0.45105
-0.325141
-0.532779
-0.381136
-0.331997
-0.259226
-0.385073
-0.297517
-0.321867
-0.452171
-0.388733
-0.313659
-0.298934
-0.390214
-0.469924
-0.296813
-0.369738
-0.276949
-0.21719
-0.116485
-0.165195
