0.107995
0.175454
-0.0118421
0.223056
0.167076
0.320231
0.0737112
0.112346
0.160939
0.153858
0.165812
0.196292
0.176573
0.172731
0.24684
0.159063
0.206973
0.130086
0.153501
0.0402323
0.0319793
0.240578
0.225763
0.0764907
0.0354784
0.112423
0.105404
0.160217
-0.0131205
0.04886
0.0580289
0.1017
0.0348546
0.0673878
0.0125796
-0.0194249
0.0533722
-0.00185696
0.094783
0.197846
0.123962
-0.0335808
0.0654121
0.190089
0.201927
0.0366595
0.086254
0.241505
0.135873
0.296764
0.137282
0.137174
0.0853867
0.177298
0.233944
0.19514
0.129339
0.205124
0.144808
0.117513
0.151255
0.111635
0.152839
-0.0126192
0.0966088
0.0434332
0.181823
-0.104715
-0.00838502
0.148483
0.0293084
0.045401
0.0237848
0.0548495
0.0613909
0.0235654
0.0512964
0.0829021
0.0767695
0.136934
0.00619975
0.147164
0.0697072
0.00865663
0.169013
0.187486
0.123434
0.0116878
0.114021
0.0615436
0.0658283
0.0496534
0.238575
0.00654382
0.0772111
0.185353
0.120072
0.159068
0.121956
0.0916074
0.105279
0.0212261
0.112312
0.135379
0.100457
0.102938
0.142044
0.162991
0.0307296
-0.00910434
0.00635085
0.0212005
0.0389304
-0.00834534
0.0565719
0.00666653
0.0344011
-0.000362999
-0.156442
0.116975
-0.0954673
0.0654675
0.0153168
-0.0433934
-0.00918344
0.152012
-0.146277
0.166683
0.0655279
0.0197664
-0.0540919
0.0735255
0.0314284
0.041926
-0.111313
-0.0417971
0.0378504
0.125165
0.0835267
0.0789391
-0.0432565
0.0502628
0.117369
0.174901
0.0648646
0.0212993
0.148682
0.080052
0.0905037
0.0639183
0.0766385
0.110527
0.078718
0.139102
0.0726008
0.137083
0.124226
0.153312
0.152953
0.0864943
-0.0106928
-0.0155615
0.0421806
-0.108655
-0.147271
0.0451315
0.0321998
0.138228
0.0839756
0.0973885
0.165324
0.17606
0.101678
0.136259
0.195824
0.182778
0.115754
-0.0254611
0.213259
0.15259
0.115837
0.212439
0.194527
0.0892129
0.147664
0.21955
0.180025
0.134131
0.0512887
0.056596
0.220591
0.0824209
0.0951488
0.0430726
-0.0369807
0.0419956
0.101439
0.0759612
0.032405
0.046278
0.00170176
-0.0554699
0.0928151
0.00247917
0.0897947
-0.101212
-0.0776584
-0.0123934
-0.215372
0.0063116
-0.175225
0.105321
0.093407
0.101025
0.076082
0.0149674
0.133229
0.11747
0.114186
0.122692
0.0543697
-0.143807
0.0509182
0.0231552
0.0396497
0.0715867
-0.0356434
0.0911996
-0.0510444
-0.0236962
0.0267756
0.0398332
0.136967
-0.133574
-0.0231909
0.134457
0.156196
0.0515699
0.0723872
0.0808709
0.0266051
0.0864578
0.115543
0.0544343
-0.0526534
0.0177068
0.0116669
0.00454282
0.105987
0.0476223
-0.0035824
-0.103496
-0.0269035
-0.0705322
-0.0432446
-0.00189809
-0.0207854
0.0413612
0.0916014
-0.102579
-0.0280256
-0.0963627
0.0444057
-0.0161665
0.0320227
0.0688697
0.0613996
-0.000508049
-0.0658176
0.0456776
-0.115602
-0.0851415
0.0819363
-0.0923732
-0.0327756
-0.0783608
0.0828793
0.0312506
0.109599
-0.121968
0.0345642
-0.105266
0.0798413
-0.110372
0.0197161
0.0652766
0.019745
0.034518
0.13953
-0.0509329
0.0153102
0.0754537
0.0859384
0.0538892
-0.0504572
-0.0881093
0.00393695
0.0394256
0.0143003
-0.123552
-0.0949485
-0.114589
-0.0664219
-0.0375934
-0.067543
-0.0406614
-0.0217622
-0.0453354
0.0693261
-0.0915166
-0.0474019
-0.0421061
-0.143993
-0.0629739
-0.0622447
-0.102452
-0.133902
-0.145777
-0.204849
-0.233899
-0.0668632
-0.106458
-0.194623
-0.228949
-0.154907
-0.122044
-0.179063
-0.0431242
-0.283741
-0.212853
-0.181429
-0.169087
-0.203532
-0.0143175
-0.125793
-0.0894314
-0.042097
-0.0626068
-0.0457406
-0.199962
-0.028522
-0.0910206
-0.0250308
-0.039149
-0.0606148
-0.123967
-0.0297697
-0.0975844
0.0336696
-0.11258
-0.0568102
0.0326217
-0.0952435
0.038241
-0.0256874
-0.11898
-0.0900095
-0.112855
-0.14503
-0.121267
-0.021247
0.00548513
0.080236
0.0300922
0.0541825
0.0480465
0.179528
0.256061
0.231224
0.301979
0.469211
0.482551
0.446077
0.418849
0.365891
0.451357
0.385654
0.408936
0.324161
0.508345
0.389343
0.422538
0.364632
0.523764
0.625311
0.662786
0.528475
0.574719
0.492984
0.6321
0.607622
0.687716
0.576596
0.565043
0.604684
0.573323
0.61927
0.70207
0.580112
0.681173
0.685213
0.634182
0.700128
0.621988
0.526789
0.478145
0.433352
0.384485
0.130216
0.163157
0.117102
0.143854
0.211242
0.12043
0.108711
0.0481659
0.156896
0.118315
0.0979148
0.113303
0.103765
0.066601
0.16185
-0.0438924
0.0150589
0.2897
0.134318
0.0666992
0.0801258
0.117479
0.185823
0.0657091
0.0289224
0.0409672
0.200911
0.113009
0.0361012
0.0854075
0.0979168
0.190348
0.038832
0.157519
0.079745
-0.0501779
0.149435
0.0623686
0.0613401
0.151163
0.131419
0.129407
0.16843
0.117742
0.0265904
0.250106
0.087089
0.0165248
0.0660672
0.0654269
0.24235
0.147166
0.0906489
0.162337
-0.0168495
-0.0486307
-0.0491319
-0.0488407
0.116203
0.0522687
0.0560695
0.191775
0.257242
0.0529027
0.0619397
0.104397
0.169665
0.0990305
0.0588285
0.0289081
0.0250819
0.114467
0.0478857
0.167873
-0.0526516
0.0228414
0.0646882
-0.0418208
0.120593
0.166357
0.393861
0.713114
0.875508
0.851059
0.929002
0.928289
1.01546
1.09566
1.13281
1.18862
1.06917
1.35952
1.34336
1.19686
1.3765
1.30629
1.3078
1.23752
1.30766
1.33712
1.13295
1.18217
1.2145
1.10569
1.01635
1.1112
1.01653
1.01934
0.921774
1.07266
0.955777
0.957939
0.966663
0.816709
0.626279
0.845665
0.79307
0.747064
0.759383
0.717792
0.826619
0.655655
0.793043
0.893415
0.774234
0.672687
0.758717
0.690669
0.566213
0.686626
0.641424
0.69758
0.573926
0.721937
0.608522
0.722204
0.523386
0.726793
0.561888
0.547691
0.551372
0.548174
0.602139
0.58048
0.594435
0.456466
0.430651
0.470299
0.55161
0.456139
0.42468
0.257413
0.269247
0.284167
0.296966
0.349886
0.413741
0.407311
0.390662
0.299704
0.302643
0.41044
0.394485
0.28897
0.356947
0.36894
0.30981
0.295495
0.305759
0.298321
0.174364
0.340086
0.457476
0.348684
0.466954
0.51697
0.454256
0.510349
0.435733
0.474362
0.519982
0.563148
0.460746
0.421048
0.399838
0.465189
0.405537
0.496476
0.462468
0.493722
0.600053
0.429439
0.579448
0.453957
0.624512
0.522919
0.531141
0.562588
0.487626
0.556958
0.459788
0.517817
0.507987
0.614691
0.56473
0.627813
0.585986
0.521605
0.514874
0.546972
0.594378
0.527325
0.433005
0.46718
0.357205
0.384846
0.363765
0.462383
0.611663
0.515344
0.44842
0.510693
0.716882
0.509625
0.577766
0.547073
0.555971
0.397712
0.366049
0.494275
0.487072
0.425665
0.316762
0.358868
0.300774
0.383114
0.46611
0.436706
0.304876
0.390621
0.293968
0.204918
0.379199
0.308232
0.441765
0.309785
0.255072
0.260114
0.354407
0.191431
0.292759
0.113834
0.0665276
0.115341
0.137568
0.209306
0.12067
0.0663075
0.127034
0.0610965
0.0425175
0.235066
0.0741637
0.0640119
0.240013
0.0582011
0.248429
0.124021
0.30641
0.181324
-0.0129771
0.000139234
0.0582704
0.0913789
-0.122422
0.0205889
0.0720312
0.0874213
0.112653
0.0520561
-0.0120208
0.261091
0.139347
0.177016
0.194105
0.046853
0.136311
0.258742
0.00384757
0.190422
0.145378
0.213965
0.113616
0.171898
0.269847
0.158999
0.262682
0.0769556
0.0880703
0.074133
0.0420554
0.00758845
0.112801
0.0815016
0.0151107
0.0474004
0.081548
0.136982
0.0582504
0.0618816
0.0976758
0.0377946
0.0385606
0.144442
0.160376
0.0883254
0.00488711
0.0547941
-0.0770778
-0.145088
-0.0697169
-0.0164991
-0.0875501
0.0896334
-0.0646528
-0.0465491
0.0153086
-0.110035
-0.0732232
0.0317507
-0.0157494
0.107789
0.0894729
-0.0355077
0.0136905
0.113451
0.0381869
0.0754499
-0.085085
-0.0630603
-0.092868
-0.022041
-0.103339
-0.020115
-0.104246
0.00804362
0.00279815
0.104231
0.0232629
0.0604892
0.078332
0.0499137
0.207505
0.149324
0.039308
0.0793522
0.141269
0.163716
0.0234639
0.0912816
0.0913668
0.0214464
0.0623166
0.0188313
-0.0619376
0.123016
0.121633
0.0570645
-0.109779
-0.00554434
-0.0457281
-0.122732
-0.0719863
-0.0858717
0.0147893
-0.117684
0.0306999
0.0557799
0.0269541
-0.0630477
0.0383147
-0.123201
-0.0512563
0.0503862
0.0669739
0.0609563
0.017507
0.0874629
1.45102e-05
0.114857
-0.0136072
-0.0286093
0.113482
0.0839412
0.0153176
-0.109998
0.0900133
0.0500578
0.0790855
0.0455915
0.0256765
0.0443361
0.0831499
0.0285061
0.0877246
0.0331832
0.133519
0.0494243
0.0886577
0.0182409
0.0955059
0.0316159
0.0473996
0.113437
0.186638
0.106992
0.209607
0.0570807
0.0860459
0.0609693
0.0571082
-0.0234534
0.119861
0.0529786
0.0875226
0.0428201
0.0218461
0.0680672
-0.0594242
-0.0661286
0.0476275
-0.0796163
-0.0800541
0.0159917
0.09153
0.0525207
-0.192666
-0.0679326
-0.256074
-0.0450702
-0.125043
-0.226564
-0.0486623
-0.0942785
-0.107604
-0.0982959
-0.0304434
0.0284379
0.0294848
-0.103293
-0.0587776
0.05297
-0.058253
0.0614065
-0.0337616
-0.0240497
-0.0509393
0.0269191
0.025276
0.0793804
0.0391624
-0.063347
0.0782959
0.0227765
-0.00468127
-0.0131558
0.0250674
0.0665836
-0.0532547
0.0493234
-0.0634096
-0.0633085
-0.0147482
-0.0122234
0.0181995
-0.00899943
-0.11375
0.171401
-0.087675
-0.0978741
-0.0757287
-0.131079
-0.09707
-0.101466
0.0376925
-0.0260652
-0.0521747
-0.114994
-0.133104
0.0190711
0.0514761
-0.0282193
-0.0668259
-0.0537593
-0.0654094
-0.067443
-0.00605768
-0.0540959
-0.0820837
0.041842
0.0960195
0.072549
0.0892957
0.11954
0.22017
0.153777
-0.0141679
0.236722
0.024613
0.082164
0.00447855
0.177495
-0.0172094
0.180379
0.0239506
0.0752052
-0.0180572
-0.0113279
0.216271
-0.0674969
0.112734
-0.0635511
-0.0484591
-0.0308339
-0.0010702
0.0820846
0.0916645
0.0726623
0.111003
0.125977
-0.0195273
0.0226344
0.0989791
0.104268
0.061819
-0.0297667
0.11853
0.0787887
0.187335
0.0514076
-0.00502814
-0.057981
-0.00710545
-0.000970201
-0.0428351
-0.150421
-0.0715039
0.059007
-0.174775
-0.160243
-0.0332889
0.0229444
-0.0105596
-0.008725
-0.101628
0.0236488
-0.0339656
0.0343186
-0.0708709
0.0163819
0.148292
-0.0363972
-0.090474
0.0806713
0.00522764
0.0774177
-0.0119963
-0.0612057
-0.0441668
-0.0766209
0.0996701
0.018341
0.0676356
0.0220223
0.0559743
-0.0564478
0.00775356
0.00242366
0.0790473
0.00378434
0.0157242
-0.223113
-0.000454772
-0.0575924
0.0255077
0.0701527
0.0362733
-0.0374256
-0.064411
-0.0343799
0.0652453
-0.0536104
-0.0446996
0.00503292
0.0550671
0.0058072
0.0380342
0.0448979
0.0483943
0.0684051
0.0929626
0.0367018
0.129848
0.0223308
-0.0135956
-0.0334229
0.075864
0.142761
0.0557964
0.124221
-0.00814456
0.116395
0.0315419
0.0568317
-0.0768433
0.041129
-0.0458154
0.04732
-0.134795
-0.0305094
0.0017156
0.0899627
0.090381
0.0744757
-0.0145545
0.0383933
0.138069
0.0699277
0.0495894
0.109054
0.00186058
0.128976
-0.0854582
0.0560559
0.0786628
-0.022526
-0.103607
0.0478233
0.000599491
-0.0436737
0.0814155
-0.0937867
-0.0663103
-0.0639141
0.0111393
-0.0991212
-0.076869
-0.0558304
0.050065
-0.0169353
0.0481455
-0.00376254
-0.0354643
-0.00154842
-0.0864383
-0.11055
-0.055789
-0.0373919
0.0605327
0.143744
-0.00872487
0.0369193
0.0302221
0.0401266
-0.0868744
-0.00784875
-0.0673097
-0.108765
-0.0905575
0.0404024
-0.00591017
-0.0567605
-0.145715
0.00416857
0.050582
0.0339212
-0.0450429
-0.07532
-0.00128523
0.197858
0.0832077
-0.0439453
0.041371
-0.0362628
-0.0850212
-0.067697
-0.0283035
-0.0190435
0.0301941
0.0229645
-0.0389718
0.138471
-0.0794742
-0.0212094
-0.034332
-0.100273
-0.0486728
-0.127784
-0.00169369
0.0266628
-0.0501337
-0.00453844
-0.117697
-0.0391411
-0.0861853
-0.0416783
0.01551
-0.00113437
-0.0116956
-0.0129157
0.111919
-0.0541305
-0.102981
0.05051
0.00387324
-0.0198994
-0.157351
-0.0410175
0.0216137
0.0947057
0.0752034
0.103917
0.114186
0.0677218
0.0409892
0.0481463
0.0849424
0.00687696
-0.100629
0.0600665
0.0608337
-0.036631
0.141164
0.00616703
0.0279174
0.152542
0.137812
0.0298032
-0.00440423
0.237073
0.176386
0.0592939
0.0367497
-0.049516
-0.0757416
0.00466022
0.140965
-0.0187157
0.0125548
0.000826063
0.0603977
-0.0316296
-0.0073619
-0.0283252
0.00104371
-0.0749956
-0.00777788
-0.149595
0.0921438
0.148604
0.0802571
0.0623739
0.130466
0.204987
0.170416
0.134174
0.0672661
0.0501154
-0.0566001
0.0309207
0.0823919
0.0455285
0.0568332
0.0414964
0.0237349
0.121386
-0.02752
0.0260652
0.13455
0.0244781
0.0663698
0.131611
0.116718
0.132256
0.0174756
0.115388
0.122485
0.193076
0.174611
0.144304
0.219654
0.225199
0.200779
0.349205
0.180787
0.275831
0.13678
0.0240493
0.19222
0.0389037
0.153344
0.0137031
0.124109
0.076543
-0.107024
-0.0949626
0.062078
0.138234
0.169366
0.0381527
0.171263
0.039571
0.111037
0.0586258
0.0587769
0.0919403
0.0612767
0.107187
0.21631
0.0082766
0.104622
0.133048
0.101429
0.0990635
0.180829
0.235045
0.24408
0.182032
0.255303
0.142172
0.131108
0.0919338
0.166295
0.114671
0.10911
0.0477903
0.171551
0.0747065
0.146624
0.084746
0.0192736
0.0946021
0.123264
0.0219026
0.162738
-0.0120244
0.181711
0.183317
0.215429
0.223537
-0.0582151
0.0553893
-0.00382203
0.0860454
0.0794954
0.0469597
0.0553974
0.105569
0.0315122
0.0216706
-0.089709
-0.0272828
-0.154214
-0.059322
-0.0930157
0.0444021
-0.0400375
0.0659485
-0.0673358
-0.0550217
0.106892
0.118123
0.0311448
0.161681
0.112297
0.155706
0.0227538
0.186123
0.226289
-0.0162197
0.0982659
0.0957677
0.0012839
-0.0410796
0.0492205
-0.0690497
-0.22253
-0.0383798
0.0341842
0.0532945
-0.0018291
-0.0466996
0.0406815
-0.125508
-0.118345
-0.154725
-0.106966
-0.0975466
0.0558365
-0.10309
-0.17452
0.0148868
0.00364431
0.0440223
0.104437
0.0835597
-0.0161039
0.0552318
0.145575
0.00850316
-0.0408606
0.0644518
0.0930758
0.0302349
-0.0109895
-0.0520175
0.126234
0.0382243
0.0537765
-0.0532635
0.14719
0.00783165
0.0237121
0.044856
-0.00683231
0.0441591
-0.0246638
-0.149866
-0.0237836
0.0367081
0.0199049
0.0290782
0.0291628
-0.0299425
-0.0594603
-0.0432049
-0.0808661
-0.0425104
-0.00992104
-0.0601399
-0.0443362
0.109925
-0.0372926
0.110657
0.0741291
0.0713531
0.0794056
0.130591
0.276117
0.03963
-0.013899
0.0202981
0.211343
-0.0442791
0.0877458
0.0364535
0.17147
0.125113
0.182677
0.0409245
0.0125717
0.163206
0.0738975
0.00775058
-0.00818447
-0.00523194
0.0205895
0.0959116
0.0521569
0.0591894
0.12968
0.0116732
-0.0141884
0.00529607
-0.0264669
0.00386993
0.0844027
0.101546
0.0302313
-0.000758737
0.0619357
0.0158486
0.0719285
0.0486509
0.101696
-0.0243666
-0.0729303
0.0798958
0.160741
-0.113753
0.0369919
-0.0278401
-0.00733041
0.123458
0.0451144
0.130689
-0.00546745
0.188622
0.10263
0.163877
0.11343
-0.0938932
0.0607814
-0.0358358
0.0718122
0.130413
0.152628
0.1225
0.168839
0.227564
0.22005
0.254806
0.142872
0.194686
0.255969
0.192754
0.224765
0.116286
0.139217
0.0134434
0.12398
0.201122
0.130013
0.105789
0.208867
0.00130669
0.122353
0.0684632
0.11521
0.0599874
0.0630993
0.105929
0.0855233
0.26156
0.05987
-0.0359442
0.133274
0.176311
0.0462052
0.115098
0.199206
-0.0329289
0.0137534
-0.00787553
0.014805
-0.000686963
0.0965074
0.053302
0.153572
0.0190529
0.045268
0.0415466
0.0628833
0.0797416
0.0438271
0.153994
-0.00507077
-0.0613431
-0.00575593
-0.0772595
0.0533914
0.0151433
0.0318301
0.0483752
0.0801044
0.0667425
0.041395
0.0212082
-0.0946457
-0.0582593
0.0194927
0.0247174
0.0651368
0.0326544
-0.0904541
0.0169095
0.167991
0.00750937
-0.0802261
0.106176
0.0783339
0.0462712
0.0546269
0.00814505
0.0163948
0.152696
-0.0689968
0.0377791
0.283371
0.173817
0.128136
0.0605641
0.0837303
0.19448
0.131944
0.146495
0.123797
0.0177588
-0.0704127
0.0650574
0.119972
0.0684451
-0.0647366
-0.0986551
0.0404368
0.0834111
-0.0273247
-0.148727
0.0262481
0.041835
0.037533
0.035837
-0.0382012
0.0216785
0.0182124
-0.00916029
-0.00535718
0.107122
-0.0359422
-0.176717
-0.142683
-0.053296
-0.0430964
-0.0738258
-0.0406557
0.00626067
0.0078096
-0.0368245
0.0404829
-0.0237632
-0.167223
-0.0229071
0.089855
0.00557888
0.00595983
-0.097187
0.0662525
-0.00903032
0.0188009
-0.101196
0.010825
0.0742269
0.0799205
-0.10514
-0.125511
-0.0912838
-0.0750419
-0.020019
0.0484143
-0.0604514
0.000784063
0.0484938
0.0547906
0.141257
0.180976
0.199283
0.0774994
0.0680136
0.00341067
0.0511126
0.00163298
0.091631
0.0792465
0.119921
0.047069
-0.0425957
0.0510662
0.092985
-0.00947335
-0.00389381
0.0464746
-0.109944
0.0411533
0.0436506
0.0434386
-0.0846023
-0.0451885
0.0835185
0.046043
0.0773699
-0.00152545
-0.0421521
0.0913016
0.142
0.130952
0.0273409
0.186316
-0.0534229
0.0182071
-0.0873866
-0.00659304
0.104757
0.0633755
0.0834407
0.0659129
0.0516406
0.069068
0.11763
0.162947
0.076856
0.0934582
-0.0205231
0.0423091
0.170113
0.0278298
0.15627
0.0894759
0.21999
0.144253
-0.0176682
0.177312
0.148162
0.0628745
0.0570001
-0.0173329
0.120312
0.109842
0.0389254
0.0983673
0.00687176
0.0618372
0.0154863
0.0333086
0.030551
-0.00182873
0.192345
-0.0212059
-0.00178624
0.0603538
0.0142736
0.138452
0.0655452
0.16203
0.217647
0.0836678
0.0337783
0.0923542
0.0246297
-0.0607438
0.0596107
0.00115359
0.0265719
0.115922
0.065051
0.0583935
0.0532528
0.00239694
0.0255014
0.0838468
-0.031525
-0.0390459
0.0144205
0.0408227
0.00435818
0.0413733
0.155895
0.168061
0.129326
0.13974
0.0623104
0.101484
0.108928
0.140265
0.109075
0.187565
0.21848
0.149074
0.131064
0.103188
0.221054
0.12396
0.0402529
-0.0642794
-0.0622918
0.0348707
0.208476
0.122528
0.219449
0.113721
0.061752
0.151688
0.211727
0.0352006
0.0856721
0.0427723
0.180565
0.118722
0.0816304
-0.00251353
0.0442172
0.0639176
0.193938
0.0783961
0.00880514
0.0901991
0.0723325
0.0624161
0.0491642
-0.0529017
0.246005
0.285784
0.0142851
0.0290896
0.117364
0.0975159
0.0655509
0.0795869
0.0226062
0.128591
-0.00747564
0.0676725
-0.0030068
-0.0362369
0.131983
0.192316
0.102138
0.312281
0.119915
0.0697383
0.307148
-0.0152735
0.0987134
0.141772
-0.00434493
0.200031
0.0260346
0.0331539
0.109881
0.0923379
0.151488
0.177483
0.157262
-0.000768244
0.204624
0.100888
0.228314
0.107355
0.142633
0.200458
-0.0438636
0.124397
0.00221905
-0.019319
0.0225153
0.0621192
0.165395
0.173631
0.0310598
0.0494822
0.0547415
-0.0819334
-0.0735054
0.0187951
0.0917741
0.203598
-0.043846
0.0145081
0.0445611
0.0313454
0.0282925
-0.0567252
-0.0638684
-0.0023836
0.0469835
-0.129247
-0.0675142
0.0189603
-0.00184104
-0.0944203
-0.0660143
-0.0827802
0.145566
0.00952843
-0.0652752
-0.0442676
0.0352992
-0.0156467
0.0425879
-0.0963265
0.0888166
-0.0440023
-0.0351132
-0.108707
-0.0244748
0.0402028
-0.0953605
0.0542261
0.143019
0.0339699
0.0698427
0.0216142
0.145963
0.0390002
0.120728
0.0314984
-0.00582223
-0.0074915
-0.151976
0.0635158
-0.0302567
0.00500298
-0.00994228
-0.0889468
0.232535
0.197075
0.106568
0.136334
-0.054514
0.0974587
0.111524
0.28915
0.125692
-0.0244977
0.104366
0.183521
0.1344
0.0672645
0.0723519
0.143734
0.054019
0.280049
0.114919
0.0624289
0.0686968
0.0732221
0.231138
0.155619
0.149931
0.0580704
0.114075
0.0438189
0.0738048
0.134736
0.197643
0.160777
0.0600673
0.180714
0.0678801
0.144873
0.130544
0.153592
0.159293
0.103367
0.146154
0.0900873
0.134576
0.110881
-0.0490023
0.0637911
0.121452
-0.0098674
0.110374
0.157587
0.12506
0.0324606
0.0256887
-0.0794013
-0.0574523
0.0615234
0.0386368
0.194187
0.285814
0.181644
0.168213
0.197891
0.0997922
0.124063
0.14696
0.0868013
0.0109887
0.0973319
0.0484743
0.0592701
0.0354473
0.0679125
0.105465
0.137647
0.135906
0.167899
0.204756
0.175861
0.278119
0.195731
0.137902
0.223865
0.0993489
0.245068
0.0710245
0.034707
0.00936463
0.0746666
0.109382
0.0885871
0.126665
0.089092
0.0883693
0.00845351
0.0793978
0.0617016
0.0878823
-0.053619
0.0229401
0.0591819
-0.0667499
0.0754831
0.111087
0.0422342
0.118192
0.0469483
0.182093
-0.028924
0.0178553
0.0021538
-0.0949517
-0.0693798
0.0629299
-0.0144429
-0.0288384
0.0356374
0.0928925
0.0795825
-0.0382042
0.0247421
-0.110633
0.0185394
-0.0171367
-0.0826923
-0.0806653
0.0750245
0.158221
0.0120715
0.0892557
0.0271222
0.102607
0.140252
0.115123
-0.00644446
0.0623289
0.173026
0.057987
0.0185646
0.11583
0.0333333
0.00657483
0.0746531
-0.063773
-0.135817
-0.00929419
0.0824142
0.0366954
0.000667081
-0.0237318
-0.021229
0.0870351
-0.0580928
0.172937
0.144766
0.0684071
0.0742506
0.152411
-0.0107997
0.0787011
0.104457
0.0782757
0.214724
0.283029
0.211181
0.00175301
-0.154528
-0.0703475
-0.135616
0.0262176
0.0360119
-0.0939781
-0.0427663
0.0866924
0.193168
0.0139735
0.00689192
0.182539
0.0986042
0.0970317
-0.0070394
0.0241262
0.161378
0.128489
0.0732755
0.15349
0.0740695
-0.0112718
0.0251773
-0.034739
0.0447292
0.111831
0.139153
0.164924
-0.113958
0.0727707
-0.01915
0.117211
0.211776
0.158403
0.096012
0.162543
0.096374
-0.0209565
0.149054
0.117587
0.017966
0.0301411
0.00157079
0.0956606
0.148388
0.282654
0.245916
0.161758
0.186679
0.189816
0.130418
0.146709
0.0242187
0.153647
0.235057
0.172487
0.353147
0.332542
0.223034
0.476597
0.247965
0.255354
0.0916117
0.194022
0.0996367
0.165059
0.297369
0.283368
0.140565
0.25175
0.0934241
0.295543
0.191701
0.219028
0.139862
0.154782
0.35614
0.247266
0.270708
0.252176
0.230242
0.158825
0.205624
0.296034
0.133038
0.100611
0.258993
0.211494
0.260974
0.120115
0.0648036
0.110765
0.218007
0.260444
0.234082
0.298306
0.241949
0.132007
0.251807
0.180005
0.293405
0.419019
0.373026
0.26503
0.355549
0.318088
0.368978
0.413631
0.473697
0.519366
0.318825
0.322078
0.353121
0.302672
0.217633
0.352647
0.336886
0.273027
0.190743
0.299312
0.359414
0.199693
0.248861
0.380811
0.431097
0.39826
0.194106
0.352916
0.187853
0.17152
0.0937136
0.194783
0.297042
0.217951
0.22242
0.493475
0.295915
0.295771
0.347988
0.403722
0.200786
0.291608
0.470064
0.347461
0.34706
0.375341
0.258974
0.527712
0.555026
0.430855
0.44339
0.405647
0.328497
0.392905
0.38046
0.272854
0.2479
0.453177
0.249577
0.388069
0.363238
0.311423
0.445618
0.25209
0.256095
0.269892
0.0962817
0.348996
0.234645
0.180812
0.204701
0.157399
0.24657
0.317391
0.21736
0.0349675
0.152743
0.113779
0.0304878
-0.0668128
-0.0722686
-0.200179
0.112241
-0.121222
0.00568041
0.0303605
0.228257
0.322586
0.360197
0.229858
0.390466
0.251137
0.217171
0.333468
0.25215
0.326632
0.257981
0.357722
0.303234
0.189313
0.182855
0.376245
0.22722
0.331502
0.346486
0.383606
0.418449
0.469708
0.414104
0.540095
0.66371
0.609632
0.63882
0.44298
0.552863
0.460385
0.409681
0.451953
0.386556
0.281301
0.295742
0.311588
0.319779
0.470999
0.337866
0.337519
0.43506
0.334697
0.339273
0.297041
0.272444
0.274183
0.529021
0.426448
0.516629
0.310498
0.39242
0.259438
0.462633
0.474604
0.385432
0.443725
0.449111
0.528074
0.63242
0.508826
0.662578
0.668494
0.633466
0.669561
0.646436
0.44285
0.681666
0.68782
0.775325
0.812094
0.566995
0.882171
0.859414
0.901236
0.81134
0.808828
0.774467
0.803477
0.807146
0.937371
0.916696
0.887534
1.02875
1.14089
0.975674
1.09211
1.13976
1.13171
1.2688
1.32149
1.30541
1.26911
1.22666
1.39323
1.42352
1.46904
1.45414
1.44173
1.63261
1.44426
1.50415
1.59084
1.54808
1.47509
1.50028
1.66693
1.65819
1.77801
1.85509
1.74829
1.90666
1.92463
1.81385
1.86486
1.95743
1.99065
2.04687
2.07658
2.25299
2.15363
2.11259
2.17175
2.0627
2.21067
2.29603
2.40171
2.32057
2.41803
2.49377
2.4872
2.54665
2.57703
2.61565
2.78643
2.62867
2.64387
2.64229
2.50024
2.45576
2.63825
2.47881
2.4061
2.34588
2.26009
2.20727
2.08354
2.18308
2.09232
2.14204
2.19669
2.18894
2.31286
2.30396
2.32967
2.38612
2.49594
2.62749
2.49621
2.54675
2.70041
2.58406
2.64448
2.46195
2.47918
2.70076
2.69122
2.55379
2.7611
2.8625
2.83253
2.89012
3.1175
3.07699
3.12979
3.15898
3.37705
3.20675
3.34266
3.30825
3.43998
3.5103
3.36672
3.49535
3.45797
3.30424
3.35688
3.36683
3.29191
3.30617
3.52401
3.52921
3.55574
3.67587
3.65438
3.81957
3.90509
3.86741
3.99374
3.94838
3.93401
4.04561
3.88915
3.85378
3.77712
3.88547
3.98204
3.91407
3.7482
3.86429
3.75042
3.92531
3.81919
3.73668
3.62862
3.4621
3.5665
3.57409
3.6268
3.56716
3.63717
3.66192
3.60663
3.67255
3.68995
3.69574
3.80011
3.78373
3.85771
3.88208
3.80534
3.77981
3.81771
3.871
3.93174
4.00308
4.00693
4.00896
4.06854
3.95075
4.23721
4.25274
4.29145
4.41037
4.53386
4.67079
4.66655
4.82198
4.86556
4.77431
4.89451
5.10527
4.94634
5.0909
5.18187
5.08125
5.13413
5.27435
5.27135
5.31138
5.30393
5.32735
5.0145
5.05787
5.03379
4.99017
5.25283
5.19112
5.13356
5.13324
5.19007
5.21239
5.2558
5.22878
5.19741
5.32782
5.33742
5.2906
5.48457
5.48397
5.34293
5.47673
5.55187
5.6704
5.72259
5.84895
5.70397
5.77697
5.81495
5.6138
5.72927
5.74717
5.62616
5.46969
5.56994
5.31048
5.28495
5.14591
5.06121
4.9428
4.8001
4.84871
4.89537
4.97976
5.03762
5.21845
5.26296
5.51613
5.58125
5.6857
5.8281
6.02655
6.08101
6.23214
6.241
6.26772
6.41818
6.75463
6.7402
6.95521
6.94567
6.98446
7.20206
7.03831
7.01186
7.13111
6.9305
6.93941
6.99127
6.78631
6.78884
6.49908
6.62701
6.52182
6.45317
6.52208
6.36676
6.50385
6.55257
6.39778
6.56773
6.28281
6.40796
6.33114
6.3235
6.39294
6.47888
6.33566
6.69012
6.62555
6.71647
6.7621
6.54028
6.75907
6.84921
6.63139
6.6209
6.53083
6.49713
6.39124
6.33195
6.22701
6.08383
6.03756
6.04828
5.66104
5.60774
5.68279
5.64916
5.43763
5.56237
5.63826
5.7122
5.79768
5.94571
6.00634
6.03242
6.01117
6.28832
6.37916
6.40932
6.52601
6.6444
6.74639
6.70915
6.84747
6.71767
6.6583
6.70026
6.74418
6.66074
6.7833
6.72504
6.76106
6.69608
6.57092
6.57029
6.48774
6.25899
6.14147
6.16463
6.19303
6.06977
6.19136
6.02732
6.04314
5.98675
5.83761
5.93764
6.09847
6.29938
6.37288
6.10717
6.11736
6.1187
6.19682
5.97013
6.01971
5.67947
5.64496
5.69789
5.5341
5.41084
5.31815
5.20653
5.30447
5.42133
5.45356
5.5071
5.67649
5.57794
5.40891
5.43696
5.55899
5.50828
5.62399
5.60571
5.57886
5.54278
5.41081
5.42753
5.36916
5.60319
5.70069
5.58449
5.61665
5.72829
5.66969
5.74803
5.79156
5.85862
5.86393
5.97592
5.75831
5.59004
5.45369
5.27573
5.35695
5.29414
5.18039
5.12452
5.0677
5.01465
5.19823
5.23862
5.27955
5.37831
5.22
4.99298
5.24224
5.21002
5.29216
5.46863
5.54978
5.44609
5.3695
5.39728
5.44275
5.4241
5.46837
5.27596
5.19684
5.06415
5.0088
4.97834
4.80797
4.75424
4.72328
4.5609
4.43727
4.54247
4.68483
4.78596
4.66128
4.66782
4.37046
4.41268
4.3674
4.43934
4.63626
4.67671
4.35647
4.38843
4.3393
4.31743
4.35339
4.65027
4.9254
4.82845
4.72789
4.86864
4.53001
4.66748
4.82501
4.94248
5.15505
5.1615
5.10039
4.74083
4.79928
4.87071
4.87934
5.00553
5.11001
5.04829
4.76418
4.63777
4.71012
4.61782
4.66273
4.75147
4.82392
4.91792
4.99849
4.62283
4.75433
4.72117
4.6668
4.713
4.77234
4.7244
4.62832
4.57048
4.5979
4.5621
4.54115
4.60441
4.47639
4.69339
4.40709
4.22969
4.13389
4.37947
4.29074
4.24628
4.41763
4.37614
4.28313
4.28153
4.38485
4.26301
4.40599
4.39789
4.31661
4.51418
4.55646
4.59655
4.43565
4.53458
4.51616
4.31506
4.45562
4.47832
4.54352
4.5582
4.52963
4.56137
4.47832
4.32113
4.2376
4.27729
4.15935
4.20292
4.20897
4.36156
4.3142
4.26513
4.33382
4.32584
4.26079
4.32289
4.23132
4.32127
4.23474
4.25273
4.16118
4.50603
4.54575
4.381
4.58568
4.39088
4.4293
4.44811
4.62441
4.74814
4.50747
4.57148
4.38032
4.38494
4.47789
4.46039
4.61245
4.37479
4.48498
4.16598
4.43493
3.99578
3.88641
3.84474
3.83496
3.86216
3.73224
3.53919
3.64362
3.49441
3.45829
3.47793
3.55439
3.5688
3.56453
3.61428
3.43044
3.3741
3.24825
3.30427
3.27131
3.1817
3.2715
3.32914
3.34278
3.33654
3.39278
3.3433
3.39013
3.48136
3.57228
3.49404
3.66131
3.74015
3.74293
3.84393
3.85238
4.16207
4.06258
4.2085
4.20234
4.20725
4.42742
4.05636
4.28663
4.11805
4.12772
4.16904
4.00571
4.08468
3.85482
4.04536
4.05337
4.04784
4.01718
4.0482
4.11871
3.91308
3.85033
4.00054
3.90337
3.96163
3.94526
3.76679
3.73003
3.6024
3.56715
3.58291
3.74892
3.48627
3.62581
3.77339
3.689
3.7336
3.84683
3.80605
3.89311
3.82626
3.67729
3.70718
3.63926
3.70316
3.60895
3.54028
3.45988
3.29694
3.28623
3.38249
3.15219
3.18201
3.22212
3.15447
3.09935
3.08359
3.00386
3.0435
3.04984
2.88412
2.97765
2.99558
2.9092
2.84163
3.00364
2.80858
3.06656
3.12394
3.38169
3.29296
3.38117
3.27948
3.60827
3.6614
3.49676
3.60303
3.28924
3.22616
3.31799
3.22248
3.10694
3.17243
3.22543
3.11614
3.19518
2.95808
2.87064
2.74848
2.83577
2.52235
2.74316
2.60408
2.52573
2.65084
2.5644
2.61436
2.48738
2.48333
2.57657
2.58523
2.5479
2.68477
2.99403
3.01125
2.97382
2.96507
3.04366
3.2824
3.35174
3.17614
3.30551
3.50727
3.58926
3.34191
3.39188
3.31093
3.31758
3.33608
3.23693
3.55804
3.62043
3.51165
3.22139
3.23373
3.21623
3.28896
3.03987
3.17572
3.15011
3.27437
3.04374
2.77797
2.96147
2.88988
2.85903
2.82242
2.97943
3.00479
3.10466
2.99844
3.01432
2.95893
2.87205
2.82264
2.9822
3.22539
3.12902
3.2397
3.14121
3.11841
3.17187
3.1026
2.99699
3.04025
3.08257
3.11474
3.19157
3.24542
3.2035
3.36733
3.10865
3.12594
3.0705
2.92939
2.97255
2.87047
2.97596
2.96438
2.87762
2.85146
2.92853
3.15671
3.15984
2.95936
3.01041
3.23099
3.01005
3.02217
3.08194
2.97869
3.17146
3.04352
3.18654
3.15978
3.13925
3.12503
3.06784
3.25807
3.19867
3.04807
3.09056
3.06417
3.0291
2.91877
2.90494
2.99574
2.73531
2.65683
2.62342
2.74617
2.53795
2.73601
2.66485
2.76858
2.75171
2.79617
2.65948
2.69819
2.63926
2.74707
2.59868
2.73212
2.63602
2.85023
2.59089
2.72464
2.94776
2.8129
2.9424
2.97512
2.92731
2.98491
3.0865
2.89466
2.78238
2.7536
2.69026
2.82436
2.79824
2.59136
2.49939
2.59762
2.44034
2.43844
2.45978
2.36472
2.43949
2.5273
2.52092
2.44624
2.47013
2.58816
2.67802
2.8391
2.87702
2.83726
2.75127
2.86598
2.87633
2.91904
2.95572
3.01103
2.94303
2.98497
3.02465
2.90248
2.87765
2.86145
2.80254
2.88608
2.7843
2.78017
2.75539
2.81979
2.84703
2.65364
2.68006
2.76526
2.59347
2.62803
2.70434
2.41324
2.69022
2.44932
2.44129
2.60818
2.70517
2.7729
2.64879
2.79331
2.74204
2.91238
2.52249
2.77081
2.83484
2.75272
2.85398
2.76706
2.73203
2.53991
2.99991
3.08378
3.07927
3.07968
3.00919
2.96191
3.00445
3.13083
3.0095
3.17505
3.02043
3.05838
3.22719
3.08241
2.95306
2.92106
2.98845
2.96525
2.93107
2.94675
2.79815
2.91009
2.75525
2.7357
2.6737
2.58853
2.44166
2.54549
2.63047
2.59236
2.60731
2.66407
2.60909
2.74776
2.86864
2.77073
2.96212
2.98937
2.94573
3.0775
3.16613
3.11148
3.22836
3.3112
3.15973
3.34902
3.39667
3.33809
3.26586
3.16233
3.06975
3.01999
3.0682
3.13669
2.9777
3.09437
2.76394
2.8941
2.87383
2.99274
2.68915
2.83304
2.77372
2.81543
2.66049
2.77288
2.75788
2.61711
2.59342
2.5911
2.56976
2.70019
2.62688
2.6749
2.58753
2.63295
2.78811
2.72686
2.67089
2.56339
2.56969
2.64691
2.62135
2.61426
2.54236
2.63686
2.55522
2.55753
2.47551
2.56629
2.71042
2.58266
2.365
2.59593
2.51122
2.50778
2.57746
2.62043
2.53992
2.38683
2.3481
2.49056
2.4891
2.49681
2.57113
2.66391
2.55371
2.59094
2.69443
2.68608
2.75532
2.87676
2.69849
2.68457
2.80129
2.83697
2.73842
2.76913
2.6707
2.54762
2.80645
2.67196
2.73802
2.76064
2.84555
2.84777
2.97131
2.90775
2.80039
3.04074
2.93312
3.00428
2.89107
2.79165
3.01621
2.70646
2.80373
2.6848
2.8453
2.68479
2.75844
2.80876
2.66061
2.70197
2.7721
2.7278
2.53075
2.27684
2.29773
2.49474
2.32998
2.43289
2.2964
2.40039
2.4772
2.53214
2.55507
2.43555
2.58419
2.45708
2.49928
2.36752
2.38622
2.6062
2.37167
2.60513
2.42603
2.53089
2.61416
2.48356
2.47597
2.36424
2.39099
2.35228
2.36334
2.44827
2.47723
2.55316
2.45094
2.56099
2.67498
2.85339
2.69861
2.85492
2.70355
2.71738
2.57746
2.45374
2.44883
2.50546
2.29025
2.29788
2.27514
2.36557
2.32968
2.31291
2.20198
2.43876
2.19992
2.48029
2.31486
2.41023
2.53831
2.51335
2.54273
2.68845
2.47098
2.51192
2.60981
2.51777
2.45426
2.39524
2.59714
2.59818
2.60768
2.54609
2.49619
2.65562
2.66185
2.6438
2.89384
2.77966
2.73883
2.72646
2.67147
2.67866
2.61079
2.56532
2.71064
2.55064
2.69714
2.54649
2.53952
2.61821
2.44316
2.40249
2.47389
2.50852
2.38511
2.37867
2.12097
2.16128
2.07232
2.01206
1.85485
1.92907
1.7342
1.71425
1.78024
1.7504
1.7138
1.62662
1.48695
1.45112
1.3864
1.29987
1.26658
1.3001
1.19656
1.31359
1.27804
1.34478
1.27928
1.37112
1.44121
1.47354
1.43109
1.46315
1.51424
1.41484
1.38554
1.31418
1.38431
1.22511
1.13003
1.14684
1.28678
0.922763
1.0609
0.976197
1.00665
0.880797
0.712346
0.624555
0.594705
0.639794
0.533156
0.484025
0.619892
0.519824
0.291491
0.459924
0.357676
0.440854
0.3225
0.337142
0.478503
0.354423
0.465388
0.49908
0.496285
0.588846
0.474562
0.594046
0.493291
0.477098
0.302881
0.382206
0.21178
0.391122
0.319121
0.392379
0.375772
0.259414
0.275484
0.235685
0.343817
0.15076
0.112546
0.0445946
0.0258364
0.0322371
0.299407
0.0923944
0.231176
0.207083
0.36793
0.377492
0.428124
0.671063
0.660723
0.581778
0.690099
0.580264
0.57019
0.573622
0.537323
0.484424
0.413767
0.362253
0.301214
0.168579
0.212764
0.110693
0.131641
0.207971
0.391294
0.343658
0.345312
0.339397
0.217094
0.372704
0.368086
0.343579
0.406123
0.240259
0.257894
0.178185
0.15962
0.192129
0.325814
0.228364
0.389141
0.300927
0.532856
0.466357
0.458284
0.65498
0.633483
0.613152
0.470856
0.571648
0.415516
0.455807
0.556428
0.470049
0.491913
0.350259
0.485279
0.326478
0.309056
0.336841
0.308034
0.364634
0.428363
0.188079
0.304793
0.313115
0.393396
0.474754
0.169882
0.16712
0.275141
0.155953
0.248575
0.256297
0.214186
0.289869
0.303814
0.404837
0.277339
0.267409
0.350266
0.314253
0.360308
0.124342
0.148754
0.158718
0.150093
0.236073
0.20574
0.242489
0.351875
0.514366
0.533349
0.520282
0.655797
0.555072
0.616945
0.560311
0.400358
0.518748
0.339162
0.360692
0.269285
0.159254
0.19794
0.378973
0.258505
0.379072
0.273673
0.429265
0.226395
0.220637
0.228508
0.21825
0.126821
0.299965
0.279613
0.200956
0.267509
0.180563
0.177905
0.0529007
0.245785
0.308474
0.258118
0.142344
0.221347
0.0317048
0.261921
0.132699
0.186348
0.195556
0.128292
0.331276
0.253105
0.193401
0.311101
0.324953
0.282082
0.36242
0.411178
0.455489
0.393205
0.466063
0.450107
0.193319
0.300469
0.267117
0.364953
0.412932
0.143571
0.0715916
0.0417611
0.096018
0.0572743
0.167502
0.174852
0.144789
0.125953
0.0985001
0.0979732
0.286438
0.242865
0.275467
0.246581
0.302216
0.113966
0.162838
0.252339
0.332772
0.513057
0.401201
0.569166
0.661364
0.556099
0.479973
0.399732
0.349921
0.166905
0.125623
0.0871718
0.185024
0.125149
0.200387
0.188092
0.33515
0.26496
0.194139
-0.0382105
-0.0580361
-0.131935
0.11429
0.0323298
0.00964014
0.163966
0.172317
0.203805
0.218229
0.191381
0.246217
0.185585
0.296739
0.542077
0.375234
0.109692
-0.0881211
0.0303283
0.0810576
0.105605
0.0967338
0.366005
0.174863
0.248036
-0.0628965
-0.0759297
-0.0480946
-0.216404
-0.0396907
0.156109
0.0616557
-0.0501407
-0.0376819
-0.166618
-0.220699
0.0176091
-0.0247296
0.24301
0.283212
0.0413414
-0.0935336
-0.181805
0.0169661
0.420679
0.405896
0.275845
0.269842
0.389545
0.327299
0.526215
0.435972
0.417259
-0.0147947
0.0996769
0.234319
0.294036
0.269408
0.0132326
0.196344
0.0789415
0.131957
0.0366499
-0.0224372
0.165433
0.125561
-0.284855
-0.258549
-0.103656
0.202567
-0.330684
-0.072948
0.106285
0.325198
0.302305
0.0287983
0.253973
0.149595
-0.106789
0.108589
0.184286
0.593021
0.12339
0.0760862
0.762194
0.436926
-0.0375031
-0.194211
0.316806
0.406325
-0.15632
0.144675
0.264727
0.394217
-0.193022
-0.224457
0.502997
-0.159406
-0.053489
0.121785
0.313317
0.486668
-0.342155
0.183199
0.513139
0.185262
-0.194423
0.503753
0.505231
-0.0939444
-0.551524
0.277304
0.00729388
-0.505451
-0.281421
0.196885
-0.152435
-0.437747
-0.244562
0.310316
-0.0413698
-0.122447
0.0138399
0.244244
0.125977
-0.226394
-0.391497
-0.35761
-0.238046
-0.357119
-0.244853
-0.0635885
-0.117403
0.552318
0.443654
0.153891
0.106076
-0.103768
0.0955516
0.0327918
0.0541581
-0.0627106
-0.407611
-0.360954
-0.00637374
-0.0129806
0.0543441
-0.0583735
0.205929
0.0308094
0.211094
0.371776
0.402356
0.372545
0.233716
0.319376
0.193741
0.127239
0.246339
0.306615
0.429654
0.216667
0.335118
0.444241
0.25959
0.366111
0.412885
0.374389
0.281617
0.244519
0.0738909
0.0193859
-0.0125075
0.114305
-0.260775
-0.100175
-0.197377
-0.0888088
0.181015
0.223094
0.192341
0.315631
0.17871
0.44833
0.0863854
0.182886
0.285511
0.110022
0.168426
0.331954
0.27579
0.111846
0.269358
0.0409499
0.0148335
0.0717643
-0.112537
0.0291093
0.0128801
-0.239566
-0.0013155
-0.0491443
-0.174337
-0.0667542
-0.161891
-0.0877959
0.185091
0.0115177
0.206696
0.271617
0.166599
0.218082
0.112894
0.260618
0.0422625
0.220676
0.146397
0.233999
0.356745
0.0978105
0.104727
0.085616
-0.0495286
-0.0224809
0.0368839
0.0373703
0.0552794
0.129734
0.0420197
-0.0187214
-0.135721
-0.205225
-0.0485549
-0.188736
-0.00356787
-0.0861646
-0.0898122
-0.233922
-0.15932
0.27808
0.244158
0.160617
0.0971961
0.229437
0.301838
0.147309
0.159933
0.25161
0.127013
0.258857
0.18639
0.270555
0.0663549
0.140896
0.199676
0.0859933
0.0217955
0.113089
0.18401
0.0379702
0.201886
0.00207862
0.0167942
0.0469498
-0.00803837
0.0656197
-0.0475808
-0.0681644
0.0627361
0.190039
-0.010616
-0.102024
0.162182
0.0943706
0.0355662
-0.0117321
-0.0797257
-0.0663265
-0.0673852
-0.0622579
-0.0592668
0.0121466
-0.0395029
0.0489319
0.174498
0.218433
0.12101
0.129464
0.211928
0.316413
0.173282
0.119915
0.134485
0.174784
0.266399
0.0445182
0.266694
0.15886
0.170196
0.04636
0.110082
0.084667
0.145884
0.0461383
-0.134087
-0.221249
-0.0200901
0.0236246
-0.129521
-0.0712781
-0.0249666
0.0590146
-0.103999
-0.0966313
-0.0293284
0.0530631
0.0472816
-0.00749498
-0.163594
0.0754696
-0.236217
-0.0540391
-0.0370458
-0.071842
-0.0193322
-0.102135
0.0116059
-0.106142
-0.130599
0.0391936
0.112453
0.11222
0.159716
0.0858625
0.11539
0.141359
0.133589
0.0921558
0.285828
0.242595
0.102349
0.0415635
0.269476
0.234381
0.134455
0.246955
0.255959
0.241466
0.2871
0.410095
0.387031
0.235076
0.369722
0.105997
0.314419
0.116628
0.121344
0.115646
0.125671
0.314183
0.277472
0.0655194
0.168771
0.421204
0.220608
-0.00502044
0.161899
0.133321
0.149524
0.226519
0.1148
0.187689
0.123098
0.230396
-0.00370878
0.121483
0.0902844
0.222192
0.133795
0.243723
0.158097
0.258288
0.237348
0.273222
0.177087
0.186701
0.151121
0.103529
0.0486839
0.311864
0.172318
0.204268
0.268714
0.20827
0.29441
0.108684
0.18464
0.114851
0.0270905
0.152468
0.0957377
0.246164
0.150943
0.179378
0.144822
-0.093484
-0.0208048
0.218433
0.0394237
0.237727
0.059377
0.164658
0.140649
0.148809
0.138673
0.178064
0.281378
0.22652
0.296246
0.313938
0.241572
0.258993
0.226257
0.255905
0.259298
0.332391
0.261361
0.168561
0.438823
0.29269
0.195105
0.170914
0.324241
0.229612
0.300537
0.0751399
0.281886
0.182172
0.263076
0.272999
0.250947
0.220027
0.224279
0.260611
-0.0663209
0.290278
0.0637891
0.143744
0.16495
0.0387064
0.222994
0.0372303
0.133344
0.125631
0.0421133
0.286232
0.260241
0.25156
0.113517
0.255484
0.307994
0.262184
0.190716
0.21752
0.218745
0.108876
0.363906
0.196553
0.310021
0.00435928
0.213766
0.168617
0.0301119
0.237245
0.185416
0.130693
0.263735
0.125535
0.13939
0.073901
0.0836809
0.0942077
0.114395
0.154759
0.104994
0.0261923
0.0860593
0.0547923
-0.0613445
0.00857747
0.0863867
0.0777377
-0.0489289
0.205859
0.0620296
0.133448
0.152063
0.0994833
0.0935201
-0.00625331
0.092779
0.107023
0.138207
0.0838419
0.0890175
0.093182
0.155143
0.264333
0.0307822
0.0385323
-0.020378
-0.00320617
0.0139447
0.0938517
0.166558
0.0519573
0.084041
0.135183
0.0529404
-0.00580986
-0.0223364
0.0456299
-0.136244
0.0352271
-0.00769213
-0.0376687
-0.0235303
-0.0732227
-0.110399
-0.114726
-0.170278
-0.0220711
0.0458955
-0.0560851
0.0300435
-0.074012
-0.114327
-0.0114274
-0.154447
-0.106357
-0.135507
-0.0571466
0.042544
-0.0217308
-0.0907776
-0.0373474
-0.117638
-0.00056663
0.100833
0.063981
0.0262265
0.0171838
0.00471359
-0.0042038
-0.0221038
0.0445354
-0.0704518
0.0590645
0.0371552
0.0976419
-0.022626
-0.0807327
-0.0483013
0.00542943
-0.0436278
0.0371146
0.0535884
0.0799757
0.107194
0.147121
2.4784e-05
0.0526612
0.200858
0.164403
0.0893866
0.162494
0.208332
0.186473
0.156448
0.0713326
0.0621888
0.0745651
0.132927
0.183978
0.0851236
0.115481
0.0499071
0.222127
0.111407
0.0831911
0.204881
0.226495
0.240532
0.157253
0.340736
0.0778832
0.0680616
-0.00340131
0.190226
0.0606604
0.245151
0.147625
0.0299626
0.205121
0.201309
-0.0386449
-0.00684338
0.0787664
0.163585
0.0714101
0.0791806
0.0685991
0.117794
0.0206718
0.118019
0.127676
0.115142
-0.125799
0.0343305
-0.0466993
-0.0373164
-0.103971
0.0927473
0.0739422
-0.187525
-0.263106
-0.0757296
-0.221122
-0.0231337
-0.108499
0.0180216
-0.111532
0.0509877
0.0343243
0.0246624
0.0103447
-0.00681964
-0.043302
-0.0161357
-0.0325101
-0.0233697
-0.0121936
-0.019235
0.104288
0.0209935
0.0531999
0.110271
0.16115
0.109982
0.00550927
-0.0316644
0.0555934
0.0247148
-0.00856944
0.0140643
-0.190735
-0.14351
-0.106292
-0.107469
-0.0788787
-0.163882
-0.132715
-0.104906
-0.0367807
-0.10267
-0.0460504
0.0726595
0.000820471
0.137469
0.135559
0.150838
0.0249038
0.129357
0.164647
0.117396
0.0765169
0.0679421
-0.113204
0.0601041
-0.0852348
-0.00959076
-0.0618934
0.108704
0.130234
0.16804
0.285778
0.243146
0.104793
0.162414
0.284071
0.125245
-0.0926246
0.0404482
0.0591543
0.0804716
-0.01017
0.00857942
0.0380974
-0.212753
-0.139041
-0.0718831
-0.26434
-0.101735
-0.245874
-0.186169
0.0268688
0.00483873
-0.0961191
0.146741
0.132309
0.102977
0.104363
0.208126
0.361454
0.453778
0.444329
0.376727
0.40542
0.400484
0.301889
0.115648
0.129729
0.0436437
-0.0689115
-0.0911767
0.014694
-0.135436
-0.106769
0.121583
0.0338934
0.137794
0.168976
0.352274
0.271642
0.321252
0.33808
0.414192
0.27456
0.357218
0.385889
0.514445
0.517051
0.394117
0.535721
0.31419
0.107285
0.271164
0.185341
0.0120472
0.0539134
-0.169857
-0.132116
-0.0781042
-0.0592679
-0.0802326
-0.0588715
0.314882
0.254718
0.208856
0.293876
0.353058
0.308966
0.25817
0.414598
0.410945
0.257498
0.345466
0.604549
0.608455
0.801653
0.754768
0.826991
0.854801
0.873809
0.839473
0.910679
0.716503
0.633267
0.396502
0.420515
0.539674
0.609682
0.648318
0.746535
0.827878
0.830085
0.828045
1.0994
1.05248
1.09911
1.20031
1.19998
1.03737
1.01005
1.20845
0.94036
0.981936
1.21267
1.13746
1.15529
1.16808
1.08623
1.11633
1.02698
1.08382
1.0429
1.0968
1.11967
1.06152
0.993172
1.01416
0.856441
1.01405
1.19023
1.14147
1.08019
1.0475
0.889888
1.10008
1.20463
1.00975
1.1308
1.18659
1.15603
1.16162
1.16659
1.43095
1.26612
1.32701
1.57919
1.75978
1.8559
1.98688
2.23371
2.41016
2.40295
2.53697
2.45357
2.64806
2.77157
2.87731
2.84472
2.76234
2.98592
3.19432
3.22756
3.14864
3.37733
3.28957
3.37445
3.38329
3.39476
3.18907
3.10757
3.08497
3.31686
3.16764
3.1937
3.36224
3.29351
3.16366
3.33683
3.25078
3.1223
2.96323
2.88199
2.85756
2.94574
2.97316
2.95592
2.86675
2.851
2.77386
2.77305
2.78324
2.80342
2.7221
2.89453
2.72583
2.67938
2.67444
2.76643
3.0617
2.98663
2.98108
3.03367
3.35775
3.48125
3.50103
3.70267
3.79147
3.79795
3.84585
3.9096
4.05464
4.13403
4.19127
4.43533
4.29241
4.70475
4.69412
4.66976
4.67249
4.7972
4.66291
4.65603
4.68024
4.70187
4.77322
4.70936
4.64486
4.54892
4.54204
4.24638
4.06851
4.06108
4.04556
3.89203
4.11636
4.00282
4.14284
4.09677
4.04693
4.00137
3.90003
3.94658
3.92857
3.92775
3.72078
3.75819
4.08288
4.07131
3.98269
3.95807
4.09463
3.91311
3.76942
3.85797
3.72886
3.69442
3.92895
4.1418
3.84632
4.0386
4.11823
4.18438
4.13654
4.39192
4.36157
4.27902
4.44944
4.51614
4.47842
4.5171
4.63436
4.62007
4.84428
4.89572
4.60406
4.8755
5.03114
5.04994
5.04471
5.03409
5.22146
5.06591
5.17449
5.29094
5.34362
5.39726
5.55955
5.44081
5.49396
5.4797
5.55648
5.6078
5.71315
5.61538
5.64618
5.73241
5.59044
5.87624
5.77689
5.69894
5.65121
5.75206
5.53075
5.41329
5.55752
5.3532
5.28841
5.34737
5.22149
5.09554
5.11647
5.12894
5.28164
5.27442
5.2561
5.38671
5.16754
5.29665
5.25113
5.39666
5.24307
5.28741
5.20404
5.60996
5.41381
5.49198
5.38078
5.44351
5.45868
5.65812
5.54173
5.60911
5.47944
5.53126
5.37288
5.23278
5.29595
5.50373
5.23341
5.43832
5.45894
5.42281
5.69537
5.6774
6.0611
5.98535
6.20307
6.25075
6.362
6.50943
6.60792
6.59431
6.64562
6.62376
6.48083
6.57206
6.57775
6.609
6.59612
6.61544
6.59851
6.75895
7.00976
6.81436
6.99583
6.90806
6.79032
6.75606
6.65337
6.46221
6.65009
6.63837
6.56458
6.37264
6.59767
6.65275
6.4729
6.40793
6.40054
6.25031
6.21504
6.06054
5.83835
5.705
5.53181
5.57875
5.62461
5.50967
5.51195
5.74067
5.60397
5.43539
5.63199
5.71388
5.84608
5.66311
5.49284
5.65062
5.71994
5.61935
5.68648
5.5173
5.41363
5.52932
5.69613
5.78935
5.5149
5.66361
5.59101
5.35208
5.43015
5.18546
5.09732
5.10495
5.2217
5.16183
5.21716
5.21273
5.18652
5.15529
5.26058
5.18144
5.17463
5.09194
5.08847
5.0522
5.10797
4.98208
4.93401
4.99569
4.72487
4.67845
4.76567
4.68578
4.76633
4.69669
4.67639
4.82116
5.01313
4.92655
5.04375
4.98706
5.15413
5.12685
5.08149
5.13621
4.99855
5.16933
5.11277
5.21789
5.17679
5.14625
5.04983
5.12249
5.011
5.12901
5.11377
5.01159
4.91601
4.96328
4.92891
4.81797
4.73451
4.67378
4.86011
5.03606
4.86907
4.82993
5.08672
4.94732
5.14949
4.98269
4.98284
4.88571
4.89068
4.67176
4.85894
4.71539
4.74812
4.59482
4.75189
4.66943
4.7204
4.59465
4.74536
4.56921
4.5468
4.60919
4.48899
4.21209
4.35646
4.07579
4.31909
4.26127
4.4568
4.37949
4.41158
4.28693
4.51402
4.44865
4.5226
4.44877
4.46283
4.54054
4.70531
4.69734
4.56847
4.84964
4.91724
4.96482
5.00653
5.06347
4.97713
4.96568
4.906
5.14823
5.09663
5.24535
4.9575
4.82272
4.70288
4.64417
4.54868
4.02465
4.05042
4.08754
4.05772
4.06789
3.88432
3.77098
3.88971
3.79193
3.7926
3.65939
3.86941
3.63302
3.68913
3.6956
3.85538
3.87513
3.98807
3.89618
3.65899
3.71171
3.6
3.5328
3.61703
3.56054
3.58728
3.56527
3.50712
3.45678
3.33942
3.34357
3.2474
2.88482
2.9772
2.77555
2.82072
2.60887
2.87973
3.05466
2.81878
2.77697
3.02412
3.03354
3.15246
3.25447
3.08518
3.25527
3.30578
3.37382
3.5179
3.48178
3.33595
3.44683
3.35929
3.33788
3.19881
2.92464
2.78945
2.7883
2.73103
2.77439
2.80813
2.87988
2.51737
2.42672
2.53142
2.11439
2.04586
2.09357
2.06418
2.23156
2.53202
2.58295
2.35082
2.54422
2.32969
2.2186
2.17419
2.38875
2.45026
2.39776
2.56977
2.4565
2.21562
2.27664
2.20385
2.02307
1.96759
1.89273
2.15853
2.19934
2.18613
2.11857
2.07077
1.86617
1.76542
1.79425
1.96925
2.03026
2.06671
2.32345
2.21059
2.27533
2.12128
2.07203
2.05591
2.10298
2.34744
2.53333
2.57913
2.4715
2.25931
2.23068
2.2784
1.94949
1.87744
1.94564
1.86996
1.93536
1.9228
1.94854
1.74938
1.84757
1.75482
1.55439
1.55724
1.57239
1.75019
1.69527
1.72321
1.71393
1.44343
1.33738
1.09476
1.47257
1.6377
1.79788
1.93046
1.57119
1.29865
1.15651
1.42246
1.57054
1.61835
1.69867
1.67511
1.18495
0.977719
0.816576
0.910056
1.34658
1.25925
1.32832
1.14551
0.846434
0.839071
0.698748
0.847621
1.32927
1.34135
1.53735
1.34604
1.19899
1.20025
1.28987
1.26842
1.52774
1.74725
1.84326
1.97568
1.76444
1.68759
1.58061
1.61955
1.58982
1.25884
1.22847
1.23692
1.07724
0.977679
1.00973
0.851772
0.721791
0.838112
0.80427
0.888225
0.780838
0.667187
0.425349
0.447449
0.465435
0.529328
0.440021
0.353879
0.445357
0.416755
0.440721
0.58998
0.731829
0.503538
0.569016
0.407201
0.238377
0.301079
0.168264
0.334302
0.227494
0.243471
-0.124503
-0.0570137
-0.195033
-0.527729
-0.379026
-0.459716
-0.284717
-0.361387
-0.295475
-0.0867141
0.0869495
0.106107
0.219086
0.332737
0.35522
0.573353
0.420963
0.530739
0.58139
0.714502
0.598769
0.749449
0.702455
0.931822
0.866496
1.0089
0.806402
1.08025
1.00014
1.08384
1.12862
1.23272
1.11825
0.998694
0.939184
0.887396
0.780878
0.895867
1.02279
0.945697
0.856212
0.700322
0.668049
0.900323
0.793676
1.0296
1.11566
1.02695
1.03024
1.19417
1.2913
1.33439
1.36686
1.31023
1.50819
1.58798
1.6416
1.74195
1.85637
1.63557
1.85973
1.81881
2.13859
2.08332
2.37709
2.34151
2.4368
2.36297
2.52658
2.60594
2.46574
2.54349
2.51109
2.24549
2.01101
2.21804
2.10569
2.30098
2.26288
2.18462
2.22452
2.19419
2.04713
2.09827
2.03838
2.09489
1.97792
1.951
1.9607
1.79431
1.70695
1.84605
1.72335
1.45965
1.31125
1.06475
1.05822
1.25583
1.16038
1.3107
1.13085
1.30601
1.33049
1.35891
1.33551
1.4792
1.15542
1.07236
1.10264
1.07321
1.00851
1.05868
1.03425
1.14372
1.13333
1.24999
1.4025
1.39585
1.34679
1.25653
1.29583
1.46329
1.39494
1.29574
1.17725
1.1941
1.54572
1.49912
1.54833
1.61129
1.20363
1.22976
1.13972
1.19068
0.888324
0.58567
0.643065
0.722317
0.69958
0.614738
0.619207
0.61132
0.403892
0.370553
0.263965
0.512456
0.686061
0.713234
0.843001
0.920111
0.894202
0.799361
0.63495
0.578191
0.545319
0.38699
0.473061
0.378293
0.258611
0.322859
0.366636
0.480101
0.318639
0.442627
0.460989
0.399067
0.341087
0.502116
0.55869
0.501261
0.376101
0.343657
0.371974
0.264154
0.127373
0.241419
0.240368
0.116111
0.0667517
-0.0418644
-0.126744
-0.080524
-0.079792
-0.000489759
-0.110111
-0.269216
-0.0250563
0.0357178
-0.072187
-0.104438
-0.145908
-0.154409
-0.332815
-0.536434
-0.322501
-0.320925
-0.17456
-0.172435
-0.269172
-0.185595
-0.157484
-0.1728
-0.0930085
-0.0662509
-0.124079
0.0774675
0.361373
0.174649
0.188965
0.249731
0.0962257
0.0736709
0.266029
0.160939
0.414882
0.243486
0.120308
0.216528
0.206643
0.0291621
0.134322
0.122111
0.321856
0.467705
0.413017
0.483915
0.614548
0.59728
0.722524
0.459551
0.583007
0.377376
0.254436
0.213603
-0.020774
0.310274
0.371745
0.374965
0.311654
0.367872
0.139486
0.264213
0.188514
0.399301
0.128514
0.253371
0.128585
0.206397
0.234322
0.361079
0.294615
0.10964
0.249795
0.5762
0.46618
0.593036
0.523927
0.67322
0.744465
0.582432
0.694656
0.578645
0.476999
0.303821
0.515751
0.559773
0.401739
0.493787
0.558211
0.785907
0.691259
0.609719
0.369143
0.239109
0.238388
0.457175
0.318183
0.422732
0.231133
0.454827
0.433303
0.550197
0.372475
0.4694
0.47375
0.486492
0.264603
0.517877
0.515875
0.307441
0.239457
0.341392
0.618773
0.407019
0.30965
0.675725
0.857286
0.521455
0.165086
0.584844
0.879457
0.48137
0.183017
0.583559
0.274752
-0.251821
0.439102
0.578017
-0.17147
0.0565773
0.462903
0.0688174
0.193183
0.384568
0.500253
0.382064
0.132905
0.116047
0.621506
0.243262
0.42236
0.526844
0.49262
0.597979
0.735021
0.556214
0.674357
0.783691
0.683067
1.00679
0.820443
0.473086
0.377316
0.352274
0.132895
0.334135
0.240407
0.630683
0.634692
0.0443325
0.142897
0.414803
0.0243715
0.460066
0.225811
0.260996
0.513108
-0.014016
-0.128158
0.0585124
0.0894178
0.364977
0.715513
0.623308
0.728042
0.43511
0.174615
0.182259
0.594733
0.342846
0.228598
0.396063
0.343227
-0.16252
0.192456
0.679831
0.614508
-0.0030008
0.209957
0.380405
0.0586464
-0.262048
0.265748
0.483564
0.43942
0.75382
0.799892
0.102987
-0.284327
0.682599
0.122926
-0.120646
0.357393
0.303251
0.00359574
-0.0551738
0.26299
-0.0940242
-0.0531406
0.260822
0.0545356
-0.350534
-0.173539
-0.17012
-0.00932453
-0.119878
0.222244
0.219897
0.0125631
-0.176682
-0.192022
0.170315
0.57274
0.220348
0.27608
0.26784
0.177334
-0.323751
-0.0621729
0.44073
0.359027
0.117977
0.468888
0.405509
0.217029
0.24258
0.290001
0.279554
0.0507235
-0.0299016
0.0867916
-0.0916502
-0.150027
0.281815
-0.0890107
0.0852565
0.153993
-0.271952
-0.21663
0.117013
0.325546
-0.214967
0.190838
0.594779
0.233894
-0.307184
0.272955
0.728638
0.247648
0.144725
0.288154
0.0933984
0.0161472
0.362941
0.32875
0.130227
0.0543666
0.33016
0.156164
-0.145304
0.0607693
-0.0973549
-0.1659
-0.037522
0.0180344
0.0302177
-0.343102
-0.202554
-0.147156
-0.36643
-0.158156
-0.278057
-0.284559
-0.173852
-0.426293
-0.15277
-0.0954212
-0.120727
-0.0478185
-0.0124427
-0.14213
-0.199668
-0.144445
0.0506536
-0.0130529
0.0105005
0.163084
-0.0608502
-0.310487
-0.193837
-0.001032
0.0019221
-0.12965
-0.029582
0.185972
0.101543
0.216602
0.216646
0.046748
0.328644
0.508591
0.149842
0.0629988
0.240436
0.356965
0.329755
0.022681
0.0153049
-0.063872
0.32481
0.40377
0.10072
0.0412827
0.277744
0.203387
-0.126716
-0.198172
0.187997
0.173262
0.114564
0.204058
-0.0203688
0.174618
0.171162
-0.00725551
-0.078953
-0.0197078
-0.0930951
-0.137642
-0.377376
0.0332776
0.038396
-0.108518
-0.280161
-0.204164
0.00935906
-0.034302
0.0426858
-0.0916439
-0.0879491
0.166729
0.141471
-0.352008
-0.329078
-0.235701
-0.0675112
0.0239059
-0.11932
-0.0460433
-0.080832
-0.178989
0.055073
0.0543297
0.214859
0.174674
0.166263
-0.191959
-0.205718
0.0742351
0.212661
0.285203
0.316746
0.118006
-0.168555
-0.00359958
0.201571
0.100455
0.320613
0.275763
0.297436
0.274862
0.0736714
0.016045
-0.0760257
0.0268907
-0.0203938
-0.221229
0.0417949
0.0313607
-0.0603753
0.0688013
-0.00225428
0.106251
0.1122
0.0183033
0.240215
0.0693407
0.190607
0.125643
0.29256
0.139342
0.0838214
0.111774
0.0897804
0.138539
-0.176393
0.0514295
0.0576232
0.0598368
0.0227683
-0.218389
-0.134777
-0.134479
-0.26095
-0.359595
-0.248126
-0.382091
-0.316839
-0.318088
-0.183801
-0.165064
-0.0832841
0.0905931
-0.0196095
0.288096
0.204913
0.200738
0.18477
0.015997
0.144089
-0.107373
0.0335186
0.0277634
-0.0762691
0.0292772
0.153071
0.11315
0.0887389
0.00678224
0.0522065
0.206249
0.120668
0.177114
0.15727
0.144624
0.0889336
-0.0281835
0.0747673
-0.0253456
0.0698563
0.0380771
-0.149743
-0.0115788
-0.121663
-0.081694
-0.0611272
-0.146586
-0.240427
-0.227615
-0.150008
-0.261482
-0.124686
-0.222978
-0.16704
-0.0118408
-0.154535
-0.105157
-0.128632
-0.231846
-0.16028
-0.149076
-0.0097437
0.0413092
0.0403125
-0.124051
0.0731866
-0.0736059
-0.0757495
-0.148467
-0.102622
-0.233173
-0.226207
-0.0232117
-0.110677
0.0261031
0.145875
0.0790719
0.140736
0.108405
0.177081
0.0825514
0.0485435
-0.102136
-0.047147
0.0409832
0.0313486
-0.125793
0.0647293
0.152512
0.0504637
0.31094
0.0945385
0.0663972
0.0937641
0.157937
0.119165
0.0745479
0.184331
-0.0200714
0.198383
0.14221
0.134787
0.216947
0.336271
0.113184
0.170407
0.212182
0.197916
0.27369
0.148868
0.226559
0.171648
0.170812
0.17397
0.238314
0.213483
0.117588
0.323748
0.187129
0.324393
0.252977
0.177001
0.180943
0.196792
0.357449
0.165117
0.281563
0.270156
0.390635
0.346671
0.275154
0.316752
0.406685
0.383211
0.321252
0.285472
0.317453
0.189022
0.135691
0.202715
0.321173
0.259521
0.371184
0.299358
0.290057
0.127754
0.226927
0.0903271
0.190641
0.247374
0.216605
0.241991
0.157226
0.317797
0.150923
0.162146
0.251439
-0.0380097
0.0531891
0.125727
0.0725306
0.0804289
-0.0302732
0.0357844
-0.0321496
-0.0777327
-0.191556
-0.135969
0.0134467
0.115259
-0.0576657
0.20929
-0.0342541
0.0538213
0.0514455
-0.0230077
0.0400093
0.031945
0.0172877
-0.134731
-0.192772
-0.181696
-0.189522
-0.0261071
-0.0481018
0.0074778
-0.130145
-0.204816
-0.199318
-0.107165
-0.0724469
-0.0228876
-0.0642401
-0.136939
-0.104471
-0.0625905
-0.165215
-0.0458178
-0.0297423
-0.169955
0.00995731
-0.0191964
-0.12779
-0.113571
-0.0490729
-0.120801
-0.059391
-0.0950534
0.107167
-0.231006
-0.0715051
-0.136466
-0.102174
-0.271829
-0.238536
-0.181242
-0.132103
-0.109761
-0.233151
-0.2558
-0.290762
-0.280415
-0.0661654
-0.0795129
-0.166409
-0.244698
-0.0360183
-0.121739
-0.116212
-0.175219
-0.0933665
-0.206582
-0.045331
-0.21159
-0.245882
-0.241919
-0.23331
-0.23654
-0.173147
-0.135347
-0.148782
-0.0634497
-0.0810133
-0.212258
-0.26263
-0.372844
-0.209696
-0.208871
-0.21534
-0.100963
-0.254755
-0.34296
-0.140647
-0.121902
-0.249424
-0.0978123
-0.210405
-0.28086
0.0200764
-0.170594
-0.130979
-0.224677
-0.214388
-0.267987
-0.0766837
-0.197493
-0.226605
-0.190383
-0.200768
-0.205015
-0.165177
-0.204453
-0.152544
-0.16051
-0.120335
-0.160886
-0.176986
-0.0831075
0.0515316
-0.180419
-0.0664583
-0.147308
-0.105033
-0.00745151
-0.052684
-0.30908
-0.105505
-0.0960643
-0.182174
-0.249344
-0.157977
-0.0682187
-0.132773
-0.223233
-0.115024
-0.14774
-0.23049
-0.00722957
-0.0264279
-0.0253876
-0.243068
-0.238829
-0.221367
-0.112298
-0.133711
-0.133454
-0.230038
-0.329674
-0.223194
-0.222521
-0.303824
-0.223753
-0.238378
-0.138469
-0.139786
-0.18792
-0.181636
-0.160436
-0.0755292
-0.289868
-0.171575
-0.0975608
-0.208938
-0.130863
-0.120457
-0.185375
-0.157137
-0.28256
-0.156683
-0.294003
-0.263784
-0.215837
-0.2967
-0.197712
-0.229329
-0.401834
-0.326503
-0.224803
-0.198771
-0.310691
-0.107427
-0.137257
-0.22607
-0.22495
-0.261173
-0.138058
-0.293578
-0.108148
-0.190134
-0.154895
-0.275769
-0.108239
-0.106849
-0.191772
-0.185142
-0.203189
-0.153177
-0.268108
-0.408759
-0.256038
-0.166853
-0.28008
-0.267285
-0.401476
-0.335731
-0.346725
-0.49257
-0.225073
-0.267229
-0.387627
-0.295845
-0.315616
-0.362638
-0.280264
-0.353333
-0.377707
-0.220992
-0.282944
-0.100235
-0.102797
-0.340035
-0.326574
-0.150785
-0.223601
-0.252055
-0.245629
-0.307089
-0.115121
-0.176806
-0.10467
-0.050223
-0.220517
-0.0877161
-0.176896
-0.136872
-0.235578
-0.28563
-0.236018
-0.211673
-0.219859
-0.128343
-0.220213
-0.355062
-0.151989
-0.277904
-0.185717
-0.227233
0.0194045
-0.210205
-0.11873
-0.198968
-0.117058
-0.260092
-0.152015
-0.117505
-0.162145
-0.226749
-0.171673
-0.174862
-0.222232
-0.0725622
-0.116895
0.0349249
-0.188012
-0.00586345
0.0658986
0.0454956
-0.0264343
0.027368
-0.115852
-0.0400966
0.0718128
-0.139016
0.0193152
-0.123465
-0.0198759
-0.00892135
-0.104987
0.0798058
0.014181
0.0657791
-0.0299066
-0.174527
-0.160767
-0.0790337
-0.130419
-0.0278329
-0.160645
0.0354561
-0.0387816
-0.0910057
-0.186695
-0.327657
-0.0576126
-0.038956
0.00103552
-0.127683
-0.167887
-0.228146
-0.151643
-0.129164
-0.025397
0.0690723
-0.0670708
-0.0286489
-0.00926765
-0.0311322
0.00478149
-0.103323
0.033028
-0.119443
0.0332529
-0.00696828
0.00952151
-0.141946
-0.0130796
-0.184176
-0.0712215
-0.0271143
0.0709289
-0.00757027
0.0155132
-0.0448738
0.0473615
-0.30484
0.0674957
-0.119873
0.00289916
-0.0861547
-0.0900278
0.101322
0.0781824
0.0367148
-0.00834782
-0.0997857
-0.0906826
0.0486689
-0.0377577
-0.0484473
-0.218325
0.0567738
-0.123998
-0.0865915
0.057955
-0.0423621
-0.0716571
0.0607837
-0.0841374
0.0215757
-0.19085
-0.17996
-0.0328184
-0.0576849
-0.143738
-0.111937
-0.212534
-0.268496
-0.28806
-0.316356
-0.376403
-0.160511
-0.165496
-0.280589
-0.201599
-0.176285
-0.0860295
-0.108734
-0.259059
-0.336924
-0.385188
-0.356428
-0.245613
-0.302727
-0.296605
-0.201663
-0.227523
-0.202204
-0.281626
-0.267645
-0.205423
-0.194979
-0.179021
-0.22762
-0.191182
-0.317603
-0.255446
-0.338226
-0.224065
-0.210247
-0.225118
-0.141691
-0.252038
-0.0406693
-0.187183
-0.236712
-0.156606
-0.122541
-0.0469103
-0.253722
-0.0995326
-0.164159
-0.212933
-0.20766
-0.229551
-0.369139
0.00744365
-0.214736
-0.238883
-0.16056
-0.231083
-0.131757
-0.337987
-0.423477
-0.281907
-0.26658
-0.046554
-0.156776
0.0422244
-0.167738
-0.123342
-0.181052
-0.117249
-0.0830008
-0.100495
-0.0737508
-0.216136
-0.278932
-0.283635
-0.272757
-0.18091
-0.352676
-0.251772
-0.0160913
-0.197884
-0.0352595
-0.166384
-0.196709
-0.240587
-0.177965
-0.0175561
-0.244747
-0.21569
-0.210631
-0.078119
-0.317216
-0.388249
-0.404356
-0.44416
-0.307209
-0.186901
-0.0073742
0.352128
0.262354
0.466686
0.461448
0.255491
0.181635
0.272283
0.291544
0.788404
0.692059
0.445496
0.382012
0.141501
0.259842
0.445166
0.361307
0.334505
0.37219
0.396216
0.411795
0.65764
0.490752
0.701255
0.432637
