-0.140997
-0.15862
-0.218329
-0.228581
-0.0660601
-0.0944912
-0.148098
-0.104077
-0.197485
-0.159619
-0.197045
-0.159304
-0.144849
-0.0885363
-0.203246
-0.228881
-0.0477861
-0.0190185
-0.100762
-0.103022
-0.111828
-0.140286
-0.184184
-0.0322325
-0.0669967
-0.0907401
-0.111573
-0.137405
-0.0325991
-0.0393184
-0.0968775
-0.147346
-0.169353
-0.137227
-0.0857113
-0.155832
-0.0236631
-0.108698
-0.132979
-0.0425513
-0.00678835
-0.0615265
-0.0852466
-0.0258477
-0.0632327
-0.0797009
0.0341154
-0.0378707
-0.237218
-0.292718
-0.0976172
-0.17456
0.0290166
-0.114483
0.0839136
-0.135499
-0.0830332
-0.0844884
-0.161486
-0.125464
0.079006
-0.00739885
-0.272031
-0.190173
-0.0813866
-0.0360187
-0.0734773
-0.119399
-0.198396
-0.184604
-0.274628
-0.191197
-0.270735
-0.182985
-0.249339
-0.231382
-0.060613
-0.209919
-0.13131
-0.0658489
-0.166553
-0.331667
-0.173999
-0.301794
-0.164843
-0.227848
-0.166467
-0.333827
-0.347809
-0.263483
-0.188029
-0.2242
-0.306296
-0.300634
-0.210194
-0.234867
-0.241512
-0.31108
-0.108967
-0.116422
-0.236369
-0.155569
-0.21874
-0.0549743
-0.160022
-0.148993
-0.171014
-0.194412
-0.307232
-0.223029
-0.081304
-0.0587195
-0.0322402
0.00775697
-0.0140666
-0.0298004
0.00607913
-0.0160906
-0.0590193
-0.0323808
0.0256546
-0.01157
-0.122109
-0.161493
-0.0624512
-0.0905798
-0.241007
-0.255536
-0.245363
-0.0825936
-0.0217803
-0.016777
-0.105484
-0.109869
-0.161611
-0.1629
-0.247221
-0.0423373
-0.0923202
-0.0687746
-0.0398325
0.0823607
-0.00395171
-0.0311468
0.0284724
0.055502
0.0286945
0.0428932
-0.00909538
-0.0304589
-0.00984315
-0.0801857
-0.0435732
-0.0414229
-0.0292421
0.000554201
0.0833943
0.0254876
0.102426
0.0882794
0.0433019
-0.00832813
0.035455
0.0406248
0.0406248
0.0406248
0.0406248
0.0406248
0.0406248
0.0406248
0.0406248
0.0406248
0.0406248
0.0406248
0.0406248
0.0406248
0.0406248
0.0406248
0.0406248
0.0406248
0.0406248
0.0406248
0.0406248
0.0406248
0.0406248
0.0406248
0.0406248
0.0406248
0.0406248
0.082052
-0.0838219
0.0365907
0.0374405
0.015397
-0.0176096
0.116025
0.0729918
0.0412752
0.00695895
0.164823
0.126168
0.156072
0.104332
0.163915
0.16803
0.0707026
0.286002
0.16219
0.160701
0.245794
0.0360846
0.152706
0.184362
0.151641
0.0956696
0.187623
0.0895011
0.187944
0.258741
0.201627
0.17826
0.33575
0.297324
0.263771
0.185141
0.287202
0.299597
0.164776
0.237213
0.185775
0.220252
0.103399
0.273544
0.0490505
0.241126
0.126858
0.110682
0.180678
0.197946
0.130713
0.154031
0.202893
0.238313
0.297587
0.293235
0.136633
0.0888373
0.00134135
0.157839
0.177169
0.144252
-0.0189461
0.108342
0.158941
0.112363
0.138899
0.113465
-0.0541144
0.0272781
0.0690494
0.0984612
0.0217152
0.14107
0.0365062
0.109343
0.136084
0.172423
0.133987
0.184571
0.271748
0.24509
0.148846
0.037144
0.155716
0.0982086
0.0937703
0.0743634
0.0961698
0.155319
0.0631231
0.049555
0.122109
0.00421417
0.137774
0.0788827
-0.0736468
-0.0465521
0.0430381
-0.0550777
0.0425461
0.00657722
0.0969993
0.107907
0.205337
0.247735
0.170331
0.0515857
0.174282
0.230174
0.302057
-0.00435202
0.158974
0.130164
-0.031539
0.153253
0.235356
0.137489
0.0765308
0.105549
0.14104
0.236985
0.180373
0.0817351
0.231395
0.0617646
0.0192639
-0.0288781
0.0518633
-0.117867
-0.0468412
0.189893
0.0515842
-0.0220764
0.0881941
0.0482166
0.0389529
-0.0347969
0.0528124
0.177856
0.0152829
-0.0247263
0.0106008
0.148343
0.11348
0.306412
0.0413265
0.119315
0.107612
0.244852
0.156756
0.209455
0.176404
0.262913
0.0992449
0.114026
7.57182e-05
0.0752237
-0.052471
0.0374257
0.0402121
0.0745437
0.17892
0.160893
0.21989
0.136862
0.301027
0.215639
0.193885
0.337751
0.174819
0.220357
0.164851
0.221779
0.0659282
-0.0128371
0.175994
0.0453286
0.0151105
0.206717
0.16554
0.0789534
-0.0328024
0.0867784
0.0313511
0.0725924
0.0926204
0.194285
0.122448
0.055297
0.155194
0.274661
8.69922e-05
-0.00116304
0.0042577
0.0396942
0.0265149
-0.128809
0.0840187
0.0872262
0.0603328
0.105582
0.0496142
0.0657259
0.0673472
-0.00497222
0.0628416
0.0917209
0.218617
0.0398893
0.140026
0.200888
0.0319246
0.198653
0.105348
0.106175
0.216467
0.10785
0.263076
0.135734
0.13884
0.0411521
-0.0375365
0.0438843
-0.0805377
0.170959
0.000430583
0.223192
0.141789
0.0281888
-0.0367101
0.0433913
0.0526511
-0.00796425
0.0394421
0.142091
0.0315958
0.165579
0.202999
0.246429
0.0411081
0.13247
-0.0789812
-0.121549
0.108608
-0.0166695
0.047798
0.083303
0.0391878
0.0840499
0.0576593
0.0219822
0.1458
0.0221149
-0.00642926
0.0354601
0.0825001
0.0704396
0.00437879
0.0658026
-0.0459221
-0.00729915
0.0605865
0.0292527
0.175748
0.214284
0.0560521
0.218955
0.267142
0.168735
-0.0253839
0.0698738
0.15207
0.0508031
0.102394
0.0551396
0.0789763
0.000879963
-0.0603635
0.0441589
0.0342775
0.0459236
0.104845
0.0222733
0.141821
0.0842138
0.114022
-0.051807
0.0463089
-0.000836939
-0.0467987
-0.0426966
0.0373231
0.0154177
0.0820976
-0.0873932
0.0764206
-0.0781107
0.0321599
-0.054694
0.0545706
-0.142592
-0.133868
0.0396107
-0.0863658
0.0760236
-0.031839
-0.018885
-0.091582
-0.00302128
-0.0614518
-0.0539745
-0.14321
-0.0777908
-0.0414264
0.0313841
0.00452542
-0.0123607
-0.0446221
0.0502095
0.00730353
0.00884363
0.125261
0.0782355
0.110661
-0.0859795
0.00771038
0.048234
-0.0328311
0.118857
0.185066
0.0399503
0.0464919
0.15066
-0.0204174
0.0233204
0.0737189
-0.141759
-0.0890592
-0.0815267
0.0402411
0.138466
0.080747
-0.029961
0.00898595
-0.0348064
0.00390395
-0.177523
0.014868
-0.0722694
-0.0124638
-0.0532013
-0.00474014
0.0237868
-0.0533595
0.0031679
-0.0889688
0.0787738
0.112824
0.186698
0.0864002
0.0300412
-0.010607
-0.0484512
0.0400308
0.0223815
-0.0175893
0.00331249
0.06471
0.164899
0.156811
0.0790819
0.178968
0.154914
0.0906608
0.119701
-0.0416938
0.120994
0.183575
0.167934
0.00482058
0.153323
0.0434967
0.112476
-0.0372495
0.138048
-0.0532705
0.0919889
0.00483509
0.0559669
0.110688
-0.0305528
-0.174072
-0.038374
-0.123075
-0.0166124
-0.0123099
0.114644
0.0542445
0.0686427
0.0528786
0.061759
0.0325651
-0.0357284
0.0851712
0.124979
0.161018
0.0735523
0.189892
-0.00723052
0.0628594
0.147035
-0.0930433
0.0947577
0.0973671
0.0350093
0.0618269
0.0641434
0.123662
0.0133839
0.0223938
-0.024188
0.0120094
-0.0957278
-0.0117304
-0.0561316
-0.0252204
0.0288938
-0.0501093
-0.0664252
0.171842
-0.0202376
-0.00158375
-0.132032
-0.122935
-0.0101808
-0.00042741
0.000241483
0.0771129
0.0186745
-0.0285932
-0.120182
-0.123228
-0.0419847
-0.0726936
-0.0448104
-0.0599332
0.125218
-0.110513
0.0488236
0.0490559
0.0627284
0.00616613
0.142077
-0.0748394
0.0790045
0.0752833
0.0530207
0.267838
0.0510604
0.104399
0.0673514
0.142939
0.286303
0.140267
0.0198946
0.172185
0.0820373
0.103485
0.145383
0.0521096
0.136315
0.158449
0.0698614
0.0855395
0.0378229
0.0114123
0.0885023
0.144277
-0.126915
0.00785307
-0.154648
-0.0662688
-0.0268879
0.144079
0.0594357
-0.018958
0.0751507
0.109649
0.132397
0.201251
0.0508796
0.168882
0.14393
0.167336
0.0480157
0.0467524
0.0875059
-0.116453
0.123908
0.183366
0.00530824
0.0526896
0.0226313
0.104666
0.130113
0.111336
0.138499
0.0892274
0.15094
0.127028
0.0258794
-0.0086263
0.0443339
0.0739837
0.0711106
0.0497919
0.0469891
0.0553527
0.0276422
0.112415
0.0784919
0.120441
0.0753018
0.198627
0.0566091
-0.00869273
0.168378
-0.00934097
0.111844
0.151442
0.050555
0.190493
0.021631
0.213923
0.0969811
0.0195981
0.0965598
0.0850427
-0.0635015
-0.0921621
-0.224134
0.150249
0.0895539
-0.050502
-0.128682
-0.0974095
0.0577048
-0.0579463
0.0553514
-0.161492
-0.107017
0.027937
-0.045707
0.00905089
-0.12006
-0.187058
0.031737
0.0166405
-0.0358201
-0.0406563
-0.0581088
-0.19211
-0.0510956
-0.00266291
0.0343687
0.0117032
-0.0240908
0.09792
0.0996906
0.0211827
0.0488456
0.126198
-0.0878081
-0.184586
-0.0819649
-0.102043
-0.212186
0.0429921
0.0364878
0.0395806
-0.0413481
0.0136419
-0.114146
-0.0421503
-0.0844069
0.0215112
0.0804815
0.0624693
0.0986047
0.0588703
0.0354145
-0.0683222
0.0259753
0.0640636
-0.0512199
-0.0488692
-0.152448
-0.0453588
-0.0687664
-0.156615
-0.163549
-0.0955807
-0.143038
-0.186409
-0.183392
-0.0516116
-0.0352133
-0.129169
-0.12255
-0.12977
-0.111539
-0.0567437
-0.0620265
-0.0652169
-0.0995669
-0.0450029
-0.106057
-0.0914469
0.0698073
-0.0304473
-0.0485745
-0.107407
0.0743484
-0.115161
-0.00265004
0.0204904
-0.0580703
-0.0660414
0.0662826
-0.15933
-0.157274
-0.0656218
-0.134075
-0.0827768
-0.161467
-0.068264
-0.139735
0.06007
-0.0526085
0.0158526
-0.0733925
-0.00820467
0.0726235
0.0834377
-0.0179075
-0.105434
-0.0789727
-0.0912089
-0.110991
-0.027521
0.156456
-0.146223
-0.0166908
0.0184529
0.0499751
-0.102298
-0.126625
-0.0271432
-0.0277455
-0.05564
0.105176
-0.0311055
0.0299582
-0.0534617
0.121298
-0.0878121
-0.00385813
-0.128869
-0.0427079
-0.0674599
-0.109424
0.00906795
0.0151549
0.0376837
0.10521
0.0390435
0.0698619
0.0505918
0.0931455
0.0831967
0.0692101
0.0811207
0.0498676
0.169712
0.0935097
0.197814
0.0680143
0.141099
0.160044
0.0698032
0.0661422
-0.0662272
-0.0774759
0.100653
-0.0301716
-0.020439
-0.0129463
-0.0492869
0.0376313
0.0365094
-0.0135128
-0.00272567
0.113792
0.108867
0.0989904
0.141818
0.146458
0.203196
0.127897
0.0262988
0.186104
0.169613
0.132594
0.134253
-0.0207283
0.0278225
0.0257004
0.0598844
0.0606046
-0.0331514
-0.0413343
0.00742516
0.138848
0.0847862
0.2457
0.131863
0.261329
0.0734886
0.0654084
0.146506
0.133615
0.0876123
0.207517
0.204753
0.120869
0.156163
0.0594242
0.0804735
0.0995312
0.0953919
0.0605596
0.0167843
0.130381
-0.0438274
0.117427
0.0371922
0.149218
0.0650925
0.0777469
-0.000382857
0.0439005
0.0822898
0.0689465
0.148608
0.202996
0.126202
0.268602
0.0419695
0.213354
0.211167
0.261108
0.213604
0.216006
0.174872
0.217496
0.200525
0.177009
0.28783
0.203079
0.162612
0.086267
0.255486
0.217553
0.117043
0.101994
0.151912
0.0816407
0.167509
0.201527
0.180607
0.151486
0.176579
0.290792
0.0906314
0.182097
0.176295
0.17179
0.0787642
0.149791
0.246765
0.292152
0.166885
0.128321
-0.0691376
0.190916
0.156308
0.0939446
0.0306228
0.179031
0.109318
0.166081
0.236612
0.174731
0.204849
0.104392
0.193029
0.258833
0.170916
0.225369
0.217285
0.00231797
0.243708
0.202588
0.105012
0.144409
0.257643
0.168051
0.106834
0.1392
0.130943
0.0659111
0.200841
0.144405
0.196623
0.191181
0.269316
0.191599
0.252996
0.189598
0.203008
0.188115
0.300305
0.297636
0.201929
0.265942
0.113947
0.172461
0.168508
0.116916
0.176588
0.185879
0.0385096
-0.0167882
0.176443
0.0651375
-0.0019036
0.0634209
0.0947205
0.0773983
0.0429836
0.0475407
-0.059131
0.0263974
0.00642766
0.082764
-0.00810675
-0.0487546
-0.0701365
-0.0433834
-0.0678232
-0.0418078
0.140193
0.119972
0.0875205
0.0892416
-0.0980373
0.0307509
-0.00416185
0.018724
0.0686502
0.106781
0.0433056
0.100169
0.0607553
0.282878
0.0637026
0.0122268
0.0477728
0.0270275
0.131168
0.0594166
-0.00601185
0.13505
0.0683284
0.111718
0.154859
0.0995254
0.0893241
0.0998448
0.169625
0.0758655
0.0603382
0.105761
0.0853053
0.0524655
0.0890737
0.173977
0.133252
0.121638
0.154066
0.0285456
0.332169
0.155718
0.0914193
0.00461192
0.150521
0.107219
0.189727
0.141653
0.206047
0.168865
0.180902
0.229613
0.215988
0.236767
0.228356
0.100363
0.160154
0.171299
0.1129
0.080867
0.264418
0.105534
0.115225
0.22554
0.157608
0.119807
0.122577
0.154325
0.151227
0.126041
0.213986
0.281334
0.184755
0.153924
0.131671
0.209346
0.154984
0.308989
0.0873476
0.17765
0.169623
0.0720045
0.232078
0.178536
0.269574
0.0228744
-0.0269752
0.0487121
0.11162
0.108687
0.0754302
0.0900468
0.065214
0.11742
-0.029281
-0.0213872
0.0433958
-0.0477701
0.151287
0.145477
0.180682
0.0694983
0.0785951
0.120149
0.00650645
0.106313
0.0953551
0.0646751
-0.00134686
-0.081749
0.0943284
0.0457053
-0.0632606
-0.0381777
0.0822824
0.0364108
0.180052
0.145986
0.161808
0.132264
-0.115666
0.115454
-0.00888481
0.0691873
0.265213
0.125788
0.0521891
0.103879
0.124863
0.0943773
0.0653632
0.0579217
0.0579865
0.0709579
0.0900041
-0.0199412
0.00514094
0.0553772
0.178319
0.11602
-0.00053607
0.117622
0.168344
0.163445
0.188126
0.119116
0.119824
0.108164
0.17278
0.0218897
0.132723
0.181142
0.00666911
0.105344
0.00918682
0.0613319
0.00674115
0.020442
0.00197939
0.0802009
0.0351706
0.0418935
0.0813065
0.115645
0.0349183
-0.0051845
0.0706903
0.179654
-0.0939821
-0.0505608
0.124715
-0.0660144
0.0953656
0.136877
0.0911178
0.0473812
0.051829
0.0760761
0.07368
-0.0759521
0.0467713
0.0158887
0.00652934
0.0759354
0.0665792
0.0248008
0.226065
0.180113
0.13773
0.0777937
0.0226795
0.0799333
0.0413629
0.212958
-0.0251765
0.052343
0.103167
0.0708112
-0.000921817
0.0687308
0.0692251
0.0787956
0.125674
0.166301
0.127249
0.0940645
0.0435989
0.142123
0.14828
0.244221
0.0168273
0.157591
0.0380772
0.184737
0.260608
0.269614
0.19144
0.0947234
0.149457
0.104047
0.0625457
-0.0175767
-0.0258191
0.0227775
0.111477
0.150526
0.0148338
0.0630253
0.0664642
0.0776664
0.147276
-0.020549
0.0817101
0.0392915
0.120073
0.026921
0.074624
0.0267514
0.0696448
0.0380943
0.0298439
0.0211661
0.0924171
0.109673
0.0130472
0.0419183
0.091096
0.0588386
0.104902
0.0421342
0.296575
0.0314266
0.0282861
0.209407
0.0268702
0.0165909
0.12136
0.0431676
0.112909
0.07805
0.17989
0.20433
0.254524
0.168803
0.17823
0.0686066
0.0502889
0.141154
0.0831048
0.102886
0.12692
0.0851489
0.0912613
0.0831842
0.15531
0.174461
0.148606
0.189845
0.0551441
0.147359
0.133234
-0.0896343
0.0615966
-0.0183179
-0.000483864
0.0311364
0.0598813
0.0392823
0.069649
0.104732
0.0174573
0.0758573
0.0695975
0.0443062
-0.0398189
0.0395683
0.126831
0.02652
0.111554
0.0255574
-0.0404968
0.0330987
0.16101
0.111222
0.145182
0.0581002
0.0705607
0.0416087
-0.00982473
0.0343481
0.146652
0.194285
0.170538
0.135052
0.151603
0.116703
0.170392
0.118179
0.220996
0.0590408
0.145096
0.104785
0.0460519
0.186307
0.0356696
0.155706
0.0529281
-0.0227904
0.130742
0.140521
0.107978
0.0877316
0.205907
0.212174
0.194493
0.18899
0.128746
0.251702
0.0899836
0.164171
0.142888
0.138472
0.0699126
0.243621
0.216329
0.154275
0.0756766
0.0957899
0.261481
0.0279522
0.104006
0.141318
0.179014
0.222366
0.222058
0.10039
0.0697988
0.0680631
0.186359
0.0562936
0.0810905
0.0729197
0.125251
0.105059
0.150474
0.0704546
0.0982497
0.218185
0.168511
0.135396
0.23529
0.309465
0.291291
0.195578
0.310774
0.210619
0.181481
0.0852432
0.139967
0.21864
0.0948728
0.126284
0.119169
0.168742
0.193771
0.216931
0.00321222
0.0503962
0.0836118
0.123244
0.0840958
0.236945
0.156908
0.0204675
-0.011633
0.101294
0.146626
-0.0096297
0.138365
0.173771
0.138033
0.142565
0.0077883
0.161738
0.0683864
0.00493353
0.00276499
0.0999637
-0.0908419
0.0842154
0.109616
0.136935
0.0328778
0.0820354
0.0773934
0.0779325
0.11169
0.0964339
0.0369088
0.249066
0.0804314
0.118268
0.272243
0.171456
0.0425648
0.0268909
0.0513204
0.167155
0.198556
0.0872839
0.152874
0.143503
0.193996
0.0983638
0.12558
0.117735
0.149847
0.173422
0.107266
0.244209
0.0759964
0.305375
0.252353
0.249512
0.159222
0.139359
0.0261732
0.0222413
0.132843
0.0570614
0.109881
0.113509
0.0183903
0.194384
0.136199
0.0851039
0.121516
0.158249
0.0813914
0.195284
0.0107376
-0.0120615
0.065162
-0.0205373
-0.0160429
0.071351
0.0737934
-0.0107254
0.0347547
0.0437222
0.0745576
0.146505
0.0774396
0.08386
-0.00176398
0.0113516
0.0133297
0.0562032
-0.0147276
0.0226635
0.0466696
0.0902048
0.131996
0.0440759
-0.00126104
0.0621936
0.254531
0.133421
0.0281276
0.130601
-0.0628486
0.0643235
0.0552728
0.0350788
0.0808131
0.131659
0.0358831
0.102398
-0.0782491
-0.0144966
0.000475353
0.00985641
0.0261303
0.173327
0.184554
0.192425
0.119687
0.12167
0.0924038
-0.00847393
0.0892461
0.144614
0.0087942
0.0287602
0.145934
0.0726729
0.0221772
0.200121
0.100332
0.116281
0.139375
0.127942
0.112349
0.0957896
-0.0121887
0.158413
0.019312
0.256815
0.189944
0.127858
0.272562
0.125206
0.127496
0.00449737
0.0867286
0.132544
0.202167
0.131953
0.00142623
0.1404
0.139462
0.132453
-0.0276507
0.0504209
0.0855844
0.0237373
0.0155825
-0.0141372
-0.0427426
-0.117391
0.0712561
-0.0136376
0.08916
0.018268
-0.0884309
0.0280341
0.0442242
0.110839
0.129043
0.0298749
0.0886328
0.137747
-0.0361753
0.0593594
0.0125597
-0.0201443
0.0739622
0.0658231
0.107161
0.073901
-0.0196445
0.11798
-0.0375581
0.124574
0.215816
0.0536989
0.141599
0.146824
0.0670187
0.121221
0.137456
0.175675
0.256198
0.236993
0.167346
0.109932
0.124731
0.137492
0.188504
0.254406
0.259615
0.134948
0.192262
0.136408
0.123323
0.167587
0.14747
0.13957
0.0904597
0.0330821
-0.01712
0.00123535
-0.0113483
0.0936909
0.0699594
0.0602412
-0.0115722
0.160609
0.0450148
0.245327
0.0343581
0.0806757
0.125563
0.0744229
-0.080955
-0.00777812
-0.0491864
0.0656678
-0.0012527
-0.0218706
0.0739186
0.0148946
-0.109421
0.00857076
0.0247053
-0.0889127
-0.00600561
-0.0743753
0.00668083
0.02691
0.133909
0.105978
0.0365957
-0.0373365
-0.0548071
0.0399866
0.0508037
0.0654477
0.0800244
-0.0328858
-0.0715099
-0.155581
-0.170481
0.00914911
-0.060598
0.028384
0.0191321
0.0208393
-0.0637932
-0.0378054
0.0977903
0.0794517
0.290533
0.021377
0.0199246
0.0208418
0.142128
-0.00294949
0.266465
0.0109814
0.0127993
0.09508
0.0572113
0.303805
0.0840871
0.017774
-0.0343138
0.00988664
0.088142
0.143657
-0.0869043
0.121896
0.0448775
0.00799205
0.0866556
0.0323053
0.15435
-0.0110876
0.164141
0.0708472
-0.0260487
0.094922
0.0929988
0.0572903
-0.0124821
0.127195
0.247583
0.0602468
0.0719408
-0.057467
-0.17382
-0.00411579
-0.0482818
0.084337
0.0330988
-0.00588759
-0.246924
-0.113481
-0.00599932
0.0400896
0.0510282
-0.0740144
-0.0242564
0.0455392
0.0866667
0.165766
0.0530438
0.0229307
0.0399634
-0.0787299
-0.0754668
-0.0955798
-0.166674
-0.0513786
-0.00926911
-0.050856
0.00386833
0.0508874
-0.0652871
-0.0301982
0.0198179
0.151799
0.0167286
0.04242
0.0709748
0.145296
0.0447072
0.0789879
0.161684
0.00798305
-0.0703341
0.0106991
-0.0671676
0.173609
0.000728834
0.0937994
0.00605981
0.0781643
0.0538314
0.0432774
0.0596151
0.0910855
0.172015
0.142401
0.132828
0.07579
0.0490565
0.126721
0.0780099
0.0705552
0.239856
0.085251
0.106661
0.0752236
-0.0379953
0.0166068
0.00344524
0.0939212
0.113858
0.00640451
-0.0080317
-0.0717733
-0.0656926
0.115891
0.0828606
0.178169
0.121014
-0.085362
0.193136
0.0115222
0.091259
0.00402743
0.135624
0.0883856
0.145976
0.0625153
0.131984
0.0934833
0.0775279
-0.0162602
-0.0258117
-0.0340815
0.00919546
0.096343
0.0898755
0.29605
-0.00692493
0.131334
0.152664
0.0190387
-0.134381
0.136557
-0.0110465
0.0500071
0.107768
0.133688
0.158973
0.149765
0.125608
0.0893651
0.136863
0.116246
0.10461
0.0733307
0.153794
0.0814316
-0.061409
0.0969056
0.158562
0.0413661
0.0523245
-0.10284
0.00241817
0.0361581
0.0229268
-0.000766195
0.019841
-0.0961002
0.0818198
0.141891
0.109103
0.112897
0.225205
0.133631
0.207312
0.175774
0.287163
0.084462
0.173191
0.0320815
-0.152892
0.122416
0.122766
0.000443167
0.16883
-0.0680897
0.0746963
0.145966
-0.108892
-0.115518
0.0797418
-0.0331227
-0.094833
0.0695757
0.138609
0.0217415
0.00901125
-0.0633356
-0.126
0.0229291
-0.0516076
0.0513084
0.0423332
0.13912
0.0864499
0.0337611
0.0468521
-0.0237482
-0.116191
-0.125937
-0.0972696
0.0169351
0.0362464
-0.12009
-0.0521768
-0.0994292
0.0067686
0.0132162
-0.0548827
-0.0378521
-0.0571387
0.027281
0.0937638
0.0256039
0.00495795
0.0361223
0.0530915
0.108327
0.133636
0.0576599
0.0142648
0.0955654
0.0538988
0.0655511
0.114068
0.0514884
0.00523674
0.038346
0.0672269
0.0920825
0.0637053
0.138943
0.0788627
0.0270805
0.0252017
0.029445
0.0726709
0.084056
0.0871154
0.127403
-0.0110417
0.154589
0.0318471
-0.0399027
0.0306174
-0.0388162
-0.0682035
-0.00444572
0.00355995
-0.104807
0.0360597
-0.0484526
-0.105002
-0.0901909
-0.0446327
0.0444917
-0.0863437
-0.0707266
0.0300383
0.0528431
-0.0867347
-0.00910906
-0.0454403
-0.0721551
-0.0395171
0.0831735
-0.0246879
-0.109829
0.0778617
0.0384494
0.0244736
0.0389056
0.00853201
0.00779316
-0.0183124
0.00952175
-0.0834767
-0.0352209
0.131065
0.0418602
0.0211836
0.10124
-0.00362683
0.0513187
0.0554901
0.0561336
0.123781
0.0269395
0.108467
0.0351497
-0.0474011
-0.186284
-0.0966746
-0.117553
0.0543922
0.0326541
0.0607285
0.0109148
0.00922152
-0.167654
0.194705
0.147564
-0.0494256
-0.0821648
0.0282095
-0.0497044
-0.0496435
-0.0626865
-0.041849
0.0410585
-0.0425505
0.0441533
-0.162279
-0.0301986
0.0835647
0.0870439
-0.0129929
0.156377
0.139067
0.0940058
0.0757104
0.169218
0.141782
0.219379
0.220487
0.219896
0.0997054
0.00639772
0.119719
0.0180339
0.0510348
0.141393
0.00933536
0.156537
0.243285
0.138636
0.073684
0.00448672
0.0919887
0.153891
0.0738267
0.105171
-0.0254421
0.0270705
0.043649
0.138352
0.119365
0.107498
0.135352
0.0511111
0.16218
-0.0191864
-0.0204449
-0.0308486
-0.019971
0.108354
-0.0329427
0.0810149
0.104522
-0.0964915
0.00683253
0.1662
0.0753999
0.0655873
0.176806
0.169247
0.174606
0.138551
0.0885683
0.0940667
0.15231
-0.00246353
0.0925555
0.0221184
0.0532484
0.11959
0.072883
0.156477
0.0389848
-0.0346149
0.165367
0.048086
-0.0183865
0.064733
0.0121237
-0.0898655
0.103568
0.117829
0.00535638
0.113859
-0.112242
0.119326
0.161977
0.124047
0.116232
0.1811
0.123279
0.160474
0.14811
0.075305
0.241409
0.157028
0.0490492
-0.0285032
0.129596
0.0806563
0.0978563
-0.0560153
0.0591156
0.0889413
0.171957
0.0145807
0.113213
0.12857
0.0786202
0.128782
-0.0612589
0.0283956
0.0386622
0.0306122
-0.00269937
-0.0214987
-0.0680104
-0.0753569
-0.000923724
0.0477931
-0.0395923
0.0210267
0.0443305
0.078499
0.110625
0.0792665
0.0320612
0.108914
0.136703
0.183421
0.123069
0.160678
0.0934758
0.0462446
0.0273461
-0.006351
-0.0419907
0.0111405
-0.00738655
0.0374395
-0.0629219
-0.187093
-0.0447484
0.0393833
0.0560591
0.0738187
0.117967
-0.0163551
0.0976901
-0.0638332
0.0334803
-0.0621042
0.00137887
-0.049264
0.0424821
-0.0758763
-0.0225377
0.0136121
0.0540117
-0.0247154
0.0324032
0.0539515
0.0268697
-0.00414475
0.0106436
0.0922127
0.0499015
-0.0355063
-0.114892
-0.103507
-0.0872551
0.0477839
-0.0248193
-0.177502
-0.016211
-0.0932441
-0.265323
0.112762
-0.0209306
-0.00740443
-0.0563809
-0.0170427
0.0333504
-0.0612348
0.0472503
0.00251167
0.0332301
0.0270962
0.16397
-0.0333768
0.0965584
0.0368535
0.0163794
-0.0825249
0.0698989
-0.13249
-0.0368259
-0.00524965
-0.09266
-0.153408
-0.0514847
0.00976189
0.160417
-0.201879
-0.104098
0.0363519
0.0825813
0.0188947
0.0865167
-0.076454
-0.0862636
0.137777
0.0487031
0.112129
0.105464
0.20077
0.0516818
-0.0150182
0.0936211
-0.0133337
-0.0521873
-0.161239
-0.0731963
-0.0204823
-0.164372
-0.0874996
0.00104226
-0.0298887
0.0570001
0.070917
0.033044
0.00426551
-0.09314
0.146294
-0.0218624
0.164623
0.0714499
0.165082
0.0407965
0.0464652
0.140974
0.262464
0.0732263
0.0421327
0.150641
0.0560667
0.0252571
-0.123391
-0.131508
-0.130881
-0.227782
-0.132548
-0.0365217
-0.106079
0.0802978
-0.037438
0.0641645
0.147863
-0.0420284
0.149558
-0.00679186
-0.0632717
0.14381
0.0490725
0.0233328
0.0267281
-0.106605
-0.0173454
-0.0719389
0.0322571
-0.0994432
0.0206295
0.123206
0.0203717
0.013735
0.00666329
0.00331349
-0.174984
-0.0453612
0.0752989
-0.0328379
0.0211663
-0.0974942
0.086466
-0.143006
0.0211242
0.0993276
-0.044373
-0.107715
-0.128817
-0.0768802
0.0233796
-0.108876
-0.0661322
0.00317749
0.0134163
-0.0128513
-0.121209
0.0765627
-0.0383419
-0.0458847
-0.0864125
0.0335885
0.0775846
0.0401187
-0.0379727
0.102261
0.0990824
0.0851116
0.0759948
-0.0097711
0.0814931
0.0434707
0.0785172
0.155054
0.034148
0.00576092
-0.0263806
0.0209786
-0.123779
-0.0550544
-0.0173644
0.0573864
0.126386
0.0754091
0.0968896
0.00447156
0.132341
0.0831445
0.0938115
0.017554
0.03629
0.0858167
0.0745503
-0.0245523
0.229757
0.0502393
0.241444
0.0424507
0.112444
0.0320589
0.0764614
0.14978
0.110231
0.221406
0.121123
0.104298
0.136914
0.0631858
0.0954825
0.150625
0.150031
0.010641
0.254178
0.0146599
0.0996086
0.0354498
0.211157
0.100246
0.128323
0.225189
0.0401283
0.0867821
0.200406
0.198165
0.177133
0.0363185
0.0654958
0.134621
0.135333
0.172629
0.104357
0.0773271
0.154897
0.00436038
-0.100186
-0.0726843
0.126212
0.0126708
-0.0274686
-0.0696141
-0.0868353
0.0158083
-0.032263
-0.103299
0.0137214
0.0582801
-0.0237781
0.0162734
-0.0788285
0.087706
0.0365854
0.00615242
0.134048
0.0511993
0.0286042
0.151756
0.00956569
-0.0850463
0.193654
-0.10351
0.111079
0.17105
0.0140638
0.169
0.0806777
0.0899567
-0.00870262
0.0772321
0.16303
0.110902
0.128963
0.0112919
0.144086
0.0953763
0.0435128
0.167451
0.149233
0.167776
0.10599
0.0731188
0.114137
0.131991
0.10752
0.120637
0.119781
-0.00800316
-0.078656
-0.226015
-0.12363
-0.139384
0.0157314
-0.0257344
-0.185198
-0.197614
0.0201617
-0.0369545
0.0130008
0.0303297
-0.119299
-0.0578546
-0.179594
-0.072875
-0.0291001
0.0278477
-0.139497
-0.0457606
-0.060593
0.0920138
-0.0727859
0.02487
-0.00242096
0.0888991
0.0725783
0.0928229
0.0400653
0.0565016
-0.0201276
0.00304265
0.00731152
-0.037589
-0.0623307
0.0436769
-0.0135767
0.0119028
-0.0648735
-0.075992
-0.0482745
-0.0324333
0.0660583
-0.0224286
-0.0214755
-0.0455833
-0.166698
-0.0703994
0.0108607
-0.00663236
0.0698239
-0.164371
0.00467732
-0.0847972
-0.0198838
-0.162047
-0.12223
-0.0242417
-0.0606005
0.0468732
-0.0171575
-0.00696463
-0.0720373
-0.0490509
-0.209902
-0.00750668
-0.109054
-0.105437
0.00974238
0.150139
0.0147182
0.0158254
0.04675
-0.0716795
0.0406834
0.0596465
-0.0386622
-0.0786355
0.0462442
0.051969
0.0234595
0.044359
0.00297411
0.00893882
-0.0748734
-0.105781
0.0332965
-0.00169055
-0.0408389
-0.0277673
-0.056848
-0.0138769
0.143132
0.0208787
-0.0587038
-0.038698
-0.148271
-0.071588
0.0165202
-0.0882367
-0.0271786
0.0277609
-0.151462
0.03803
-0.139961
-0.00829001
-0.0390552
-0.128907
-0.0340456
0.00202092
-0.0871825
-0.195876
-0.0822641
-0.0987002
-0.2573
-0.193327
-0.219162
-0.205606
-0.0918398
-0.221981
-0.0891498
-0.167154
-0.12413
-0.157826
-0.117909
-0.116088
-0.121965
-0.159422
-0.197198
-0.0981099
-0.0483885
-0.045656
-0.0674334
0.147048
-0.117376
-0.0414214
-0.012133
-0.0937376
-0.198215
-0.0758
-0.172319
-0.0992534
-0.135529
-0.0495872
-0.137785
-0.0853836
-0.140575
-0.135922
-0.0535698
-0.0720593
-0.161454
-0.028052
-0.0521243
-0.010108
-0.202474
-0.0434273
-0.118793
-0.0605514
0.0271794
0.091503
-0.0745224
-0.0830144
0.0323562
-0.124374
-0.00629241
-0.141122
-0.00434185
-0.0131614
0.0081001
0.0698504
0.0486335
0.0894105
0.087815
-0.0421218
-0.0145407
-0.0162921
-0.0902602
-0.0456747
-0.0243935
-0.0619505
-0.0645256
-0.0419635
0.130084
0.0387881
0.0576323
-0.0293438
0.086976
0.00559569
0.110407
-0.0854415
0.0375201
-0.063106
-0.0666535
0.101824
-0.0429062
0.0977419
-0.166403
0.00228108
0.000149293
-0.0678387
-0.00482507
-0.0385913
-0.0591907
0.0359936
0.0298
-0.04421
-0.0442951
0.0865579
0.0634666
0.0443552
-0.00931575
-0.0384669
-0.00043993
0.167882
-0.0637543
-0.101409
-0.1912
-0.0775485
0.0780404
-0.124759
-0.0624017
-0.0611197
-0.00370113
-0.144976
-0.147135
-0.0408878
0.04215
-0.0166576
-0.122333
0.0280438
0.0247451
0.0341138
-0.0911794
-0.00366288
-0.0177667
-0.0775079
0.0581157
-0.00143069
-0.0156357
0.00623723
0.109192
-0.16077
0.0307922
-0.0438667
-0.045055
-0.201985
0.0147016
-0.0928431
-0.142551
-0.00650601
-0.000669479
-0.187697
-0.188274
-0.0531702
-0.126089
-0.0761178
-0.144578
-0.168795
-0.133667
-0.215457
-0.0747732
-0.165577
-0.167583
-0.231206
-0.114029
-0.0524367
-0.0439959
-0.00538521
-0.140203
-0.12774
-0.122657
-0.178179
-0.211071
-0.161624
-0.0758111
-0.0640808
-0.0502874
-0.189987
-0.252973
-0.292257
-0.25462
-0.0429724
0.0548512
-0.0370196
0.0185918
0.0440741
-0.0535846
-0.147056
-0.0841567
-0.0238458
-0.21516
-0.0261213
-0.158439
-0.0307731
-0.0659918
-0.105469
-0.109556
-0.144023
-0.10212
-0.2378
-0.100355
0.0254081
-0.122775
-0.0467285
-0.0455424
0.0144654
-0.057306
9.0877e-05
-0.0448408
-0.139537
-0.226614
-0.194415
-0.138541
-0.13593
0.0173732
-0.0751935
-0.0689775
-0.143004
0.011461
-0.0749933
0.0180233
-0.194237
-0.0316716
-0.211766
-0.111983
-0.149796
-0.0780605
-0.0671675
-0.0857815
-0.00872903
-0.141972
-0.21924
0.0272574
-0.00577362
-0.0814072
-0.0471307
-0.066687
0.0402263
-0.089819
-0.0373888
-0.10472
0.0375182
-0.0806144
0.0939668
0.108822
0.0199048
0.194083
0.0848952
0.0528849
0.0274478
-0.141114
0.00872354
0.00778796
-0.0187206
-0.0337223
-0.067226
-0.0251814
-0.0721516
-0.046079
0.00147034
0.0661137
-0.075846
0.0675673
-0.105404
-0.0585579
-0.1767
0.042851
0.00246876
0.0631193
-0.0888405
-0.0822578
-0.158785
-0.00518543
-0.0591248
-0.126494
-0.0329449
-0.0482785
-0.0104439
-0.0758167
-0.121308
-0.0936273
-0.108926
-0.0414956
-0.1341
-0.095271
-0.130977
-0.114973
-0.221832
-0.21464
-0.131086
-0.0536075
0.00467176
0.0891133
-0.0666528
-0.0492395
-0.0764621
-0.11235
-0.000110361
-0.202579
0.0467091
0.00667292
0.0016791
-0.0144843
-0.248842
-0.248842
-0.248842
-0.248842
-0.248842
-0.248842
-0.248842
-0.248842
-0.248842
-0.248842
-0.248842
-0.248842
-0.248842
-0.248842
-0.248842
-0.248842
-0.248842
-0.248842
-0.248842
-0.248842
-0.248842
-0.248842
-0.248842
-0.248842
-0.248842
-0.248842
-0.248842
-0.248842
-0.248842
-0.248842
-0.248842
-0.248842
-0.248842
-0.248842
-0.248842
-0.248842
-0.248842
0.0249612
-0.147782
-0.111472
-0.162892
-0.113761
-0.109584
-0.0196574
0.0179824
-0.0267891
-0.162069
-0.211967
-0.0691447
-0.166685
-0.18514
-0.178341
-0.0584283
-0.243902
-0.0637992
-0.140733
-0.270694
-0.142793
-0.030881
-0.165452
-0.150738
-0.257039
-0.176412
-0.0993785
0.00990347
-0.0165956
-0.090198
-0.0719434
0.106775
0.0655237
0.0774158
0.0174866
0.00714656
-0.175632
-0.075047
-0.162081
-0.124422
-0.0181904
-0.0916027
-0.034508
-0.0403924
-0.0592252
-0.0355241
0.0243655
0.0181604
0.0876503
-0.143472
-0.136692
-0.00874088
0.0551551
0.103358
0.0440151
-0.0322301
-0.0754784
0.0593055
-0.00633648
-0.0882173
-0.153627
-0.122401
-0.0184854
0.0337595
0.059037
0.0829901
-0.00529127
0.141727
0.042075
0.146164
0.125357
0.0354476
-0.187472
-0.0399277
-0.101389
-0.123453
-0.0552348
-0.0640503
0.0247762
0.0488588
0.113286
0.0291342
0.166417
0.115711
-0.0402402
-0.0273071
-0.0369027
-0.00940135
0.0530817
-0.0735256
-0.0754578
0.166213
0.0496421
-0.0515097
-0.0847794
-0.167763
-0.0746857
0.00855733
-0.0562056
-0.00868147
-0.0744502
0.0900746
0.156852
0.0307919
0.0913976
0.0883164
0.0961661
0.0763489
0.0687883
0.147178
0.067758
0.103206
0.00606688
0.0333676
0.0992761
0.167058
0.0886952
0.0355282
-0.01193
0.0583016
0.0457049
-0.0417055
0.0500612
0.0571326
0.00583257
0.0616714
0.108198
0.0890764
-0.0207585
0.0656246
0.00395483
-0.02877
0.109146
0.0608729
0.046494
0.0349459
0.0358341
0.140452
0.0741256
-0.0656363
0.0250611
-0.065132
0.102917
0.0997512
-0.0251041
0.0161321
-0.0765671
-0.0684781
-0.0411045
0.0659929
0.0535654
0.042226
0.0260547
0.00263397
-0.0489073
0.0805046
0.0280377
0.055099
0.124537
0.0316016
-0.118851
-0.0258902
-0.11374
-0.126268
-0.0105997
0.0448628
0.000448405
0.0180817
-0.0546273
-0.00921467
0.0166615
0.0840516
0.0351511
0.12173
-0.00375393
-0.00924729
0.0735473
0.0464092
0.0315896
0.0165562
0.00288379
0.00112425
0.00143337
-0.0536106
0.0348222
0.0779519
0.206293
-0.0120889
0.0608133
0.147375
0.32026
0.2613
0.086315
0.156674
0.340908
0.22956
0.249285
0.299771
0.0679797
0.162579
0.142203
0.227112
0.113536
0.290261
-0.0154446
0.261521
0.226809
0.231761
0.16451
0.102863
0.112978
0.207398
0.0441689
0.108408
0.154268
-0.0277221
0.237611
0.268351
0.167704
0.209521
0.0588782
0.14374
0.143421
0.0622426
0.180382
0.020491
0.154471
0.273216
0.161622
0.344903
0.204434
0.222338
0.0907132
0.30598
0.289646
0.105058
0.0894678
0.214862
0.238574
0.330324
0.252199
0.190975
0.290142
0.105418
0.215231
0.0521027
0.250285
0.0799438
0.0440637
0.0474001
0.107815
0.258093
0.292067
0.0765399
0.20148
0.223378
0.189583
0.213459
0.311236
0.264208
0.247731
0.290042
0.109431
0.212983
0.187805
0.093729
0.0191261
0.201685
0.194753
0.164896
0.225553
0.213556
0.315333
0.233044
0.222344
0.103603
0.176016
0.0657611
0.188603
-0.0603485
0.109246
0.110725
0.0322926
0.0219332
0.0183297
0.233554
0.131136
0.128125
0.0974764
0.1437
0.350369
0.0469021
0.0693447
0.109359
0.086485
0.0705756
-0.00545272
0.168407
0.244989
0.196729
0.146254
0.242232
0.384334
0.19833
0.253381
0.117992
0.124552
0.0928986
0.182103
0.233857
0.234995
0.0981491
-0.0139254
0.168271
0.120587
0.155328
0.0481801
0.248909
0.291659
0.301706
0.240158
0.0921786
0.231404
0.0532128
0.224105
0.238434
0.166584
0.14487
0.110024
0.0716186
0.12371
-0.0360962
0.028491
0.227812
-0.225769
-0.0109762
-0.0130127
0.135917
-0.0696422
-0.166477
-0.0210147
0.0244114
0.154402
0.156756
0.0432096
0.00936725
-0.0334319
0.0642426
0.0602855
0.0749671
-0.212846
-0.0221585
-0.123127
-0.0953637
0.0757435
0.0250932
-0.151077
-0.127599
0.0286716
-0.0117343
-0.11821
-0.127169
-0.0404546
-0.169308
-0.0310433
-0.0556666
-0.263239
-0.163311
-0.0976798
0.150017
0.0412543
-0.125371
-0.05857
-0.0378465
-0.00598361
-0.116895
-0.016672
-0.0867055
-0.0809482
-0.0534809
-0.111104
0.0874151
0.0782016
0.000657458
0.069701
-0.0154229
0.248913
0.164661
0.119645
-0.0509413
-0.0229742
0.0710037
0.059816
0.0696432
0.123959
-0.028768
0.0695095
0.150063
0.0363469
0.177825
0.138895
0.0897563
0.297476
0.238065
0.238138
0.27041
0.310563
0.290294
0.347444
0.247377
0.21536
0.113865
0.217046
0.242251
0.202816
0.142005
0.133419
0.206824
0.282399
0.165295
0.220042
0.145465
0.239138
0.153869
0.237365
0.0883092
0.0948248
0.15355
0.277852
0.241532
0.263575
0.255725
0.299247
0.195588
0.31232
0.2389
0.223206
0.27421
0.281829
0.149371
0.120012
0.143857
0.143545
0.111371
0.052698
-0.0137004
0.0667549
0.250518
0.176857
0.0925785
0.145421
0.103053
0.05637
0.204708
0.183524
0.208483
0.204499
0.166058
0.246064
0.340557
0.344071
0.389509
0.26561
0.31524
0.217112
0.188676
0.185242
0.0658696
0.165936
0.108645
0.108715
0.0271366
0.119512
0.0335091
-0.0139745
0.0795494
0.222735
0.178781
0.245656
0.0554329
0.262237
0.164881
0.218946
0.374835
0.372738
0.295448
0.400307
0.3659
0.302567
0.243974
0.228364
0.342911
0.28913
0.191022
0.202266
0.222154
0.212093
0.174157
0.291771
0.312283
0.396822
0.384992
0.351615
0.37468
0.221492
0.297735
0.346829
0.415974
0.479201
0.330202
0.434127
0.331593
0.338335
0.317947
0.122508
0.252135
0.0728147
-0.0913573
0.172134
0.107877
-0.0213378
0.214682
0.215138
0.132896
0.000614704
0.145316
0.159395
0.241634
0.178755
0.0856562
0.104113
-0.032303
-0.0117359
-0.00929852
-0.0666596
-0.147818
-0.0489591
0.00409391
0.0602367
-0.0363843
-0.0832082
-0.263719
-0.267084
-0.22228
-0.235163
-0.125085
-0.156932
-0.165286
0.00860814
0.0250065
0.0233841
0.0181721
0.0128846
0.128401
0.13538
-0.0426625
0.0995856
-0.0730763
-0.073057
0.025134
-0.0227645
0.0313862
0.127432
-0.0389418
0.0306362
-0.00681339
-0.059097
-0.113824
-0.0481506
-0.102631
-0.0964681
-0.0551909
-0.0442941
0.0296214
0.0112406
0.0446836
-0.0411781
0.0810313
0.0944628
-0.0126054
0.0707536
0.067817
-0.176302
-0.136432
-0.0241691
-0.140518
-0.0236861
-0.0685852
0.141582
0.0527288
0.158346
0.250519
0.209604
0.222587
0.137827
0.175503
0.196774
0.196323
0.167276
0.0400118
0.0738859
0.0711317
0.0528683
0.155813
0.0535996
0.0827434
0.177094
0.132822
0.13998
0.293845
0.238931
0.334777
0.272669
0.317328
0.246565
0.164885
0.329837
0.311507
0.389674
0.308113
0.395371
0.27853
0.239823
0.0355392
0.156983
0.10104
0.20536
0.288587
0.217683
0.16023
0.0878931
0.03567
0.290356
0.411234
0.2755
0.445411
0.318226
0.0412028
0.189468
0.187893
0.260061
0.310819
0.295033
0.223817
0.101882
0.208127
0.196666
0.119899
0.0632774
0.0993001
0.129665
0.122877
0.14551
0.18138
0.145498
0.082927
0.0956646
-0.0680211
0.026216
0.0644569
-0.0539803
0.126105
0.0429811
-0.180621
-0.0286817
-0.212697
-0.077238
-0.0642619
0.0284085
-0.0110068
0.0107891
0.0190279
-0.0791232
0.0268659
-0.0436057
-0.0734812
-0.0408379
0.0746827
0.0677583
0.0600794
0.141936
0.222936
0.149362
0.134684
0.101936
0.170172
0.00160938
-0.12307
0.072146
0.0885877
-0.153734
-0.0698605
0.0501699
-0.0194858
-0.0520652
0.0267287
0.183548
0.0140405
0.0221949
0.0342987
0.0436417
0.0943639
0.0800714
0.153177
0.0549642
0.202451
-0.034441
0.0748565
0.0755677
0.0911551
-0.119859
0.0562421
-0.00409286
0.0720129
0.0140444
-0.00147293
-0.00806642
-0.130281
-0.0926887
0.0272857
0.161828
0.0782618
0.162105
0.12646
0.147041
0.138431
0.0675305
0.0770966
0.137138
0.0132444
0.157458
0.0772208
0.00380258
0.133986
0.0995091
0.0144708
0.0604718
0.182071
0.194264
0.0930514
0.0992389
0.227956
0.111763
0.117607
0.0756652
-0.000959665
0.232956
0.107117
0.121483
0.0288283
0.304537
0.114453
0.274252
0.266342
0.0739918
-0.033925
0.102821
0.0101823
0.017992
0.0668407
0.178483
0.238403
0.159074
0.146292
0.0586618
0.251115
0.0550607
0.173835
0.160534
0.155142
0.121282
0.0299772
-0.0380937
0.201682
0.113919
-0.00371336
0.160465
0.0661806
0.0212867
0.054692
0.0491475
-0.0964337
-0.111563
0.0699205
0.0123969
-0.200109
-0.0588176
0.00514282
-0.0805378
-0.099377
-0.271242
-0.141244
-0.0311413
-0.213396
-0.170018
-0.127737
-0.147999
-0.117022
-0.234246
-0.213819
-0.0818521
-0.197936
-0.257616
-0.135244
-0.198681
-0.328023
-0.276384
-0.210531
-0.220192
-0.291196
-0.182631
-0.272769
-0.165811
-0.322866
-0.273658
-0.293944
-0.312367
-0.245341
-0.380634
-0.319181
-0.136238
-0.317027
-0.325749
-0.368222
-0.331363
-0.410127
-0.351001
-0.533998
-0.44185
-0.387987
-0.419896
-0.554509
-0.58723
-0.417022
-0.57033
-0.546821
-0.353189
-0.489093
-0.449728
-0.363235
-0.461345
-0.363172
-0.539003
-0.642006
-0.643964
-0.422609
-0.662803
-0.69082
-0.617516
-0.526475
-0.507254
-0.607859
-0.398248
-0.428627
-0.520236
-0.435196
-0.502893
-0.412211
-0.467003
-0.528648
-0.494046
-0.527473
-0.485519
-0.584032
-0.664754
-0.584
-0.549544
-0.526648
-0.515638
-0.624172
-0.460379
-0.622139
-0.499745
-0.545644
-0.441632
-0.464706
-0.379982
-0.411425
-0.364758
-0.316885
-0.210135
-0.283967
-0.209719
-0.128603
-0.072998
-0.0498644
-0.0169727
-0.0282901
0.0549865
0.129627
0.0354443
0.235911
0.270643
0.345118
0.249234
0.267187
0.327762
0.373385
0.539053
0.546353
0.466463
0.40173
0.349639
0.505335
0.477979
0.43102
0.370231
0.37996
0.46319
0.417067
0.362304
0.504823
0.532234
0.475652
0.518743
0.567559
0.517976
0.535655
0.533431
0.592548
0.517566
0.524528
0.741772
0.528776
0.590494
0.602343
0.56873
0.500247
0.456418
0.608048
0.626886
0.372559
0.491521
0.620066
0.64964
0.592596
0.536718
0.444154
0.504172
0.599284
0.527902
0.474311
0.486286
0.572843
0.556235
0.576266
0.434203
0.670421
0.500364
0.655634
0.625852
0.698292
0.697744
0.659225
0.787727
0.806159
0.753245
0.683552
0.689655
0.807526
0.754679
0.62935
0.777212
0.730652
0.725818
0.769542
0.608329
0.575049
0.627885
0.554997
0.538748
0.538694
0.463861
0.479306
0.80712
0.719344
0.730371
0.776005
0.723317
0.896462
0.951373
0.932286
1.17275
1.15849
1.17008
1.08752
1.18887
1.16262
1.28547
1.22078
1.40382
1.34249
1.349
1.37062
1.25641
1.20836
1.30119
1.287
1.25365
1.18176
1.18213
1.13163
1.16782
1.13155
1.07486
1.20675
1.05221
1.0313
1.07207
1.08984
1.0809
1.08582
1.18136
1.23547
1.45826
1.37316
1.44058
1.56827
1.73582
1.5908
1.72182
2.01921
1.97262
1.95424
2.04682
1.93433
2.00662
2.03916
1.98215
1.89932
1.82902
1.98792
1.8807
1.87617
1.80916
1.53161
1.76331
1.69127
1.60288
1.58007
1.5219
1.48605
1.50579
1.51173
1.41688
1.34137
1.10106
1.26957
1.34716
1.23508
1.22717
1.1245
1.07951
1.00967
0.987619
1.26606
1.23233
1.22315
1.18998
1.24683
1.33127
1.31376
1.52253
1.44804
1.38694
1.54636
1.65565
1.48213
1.60371
1.65406
1.59889
1.63285
1.72335
1.57665
1.54821
1.68937
1.71005
1.70121
1.56301
1.57204
1.62746
1.59397
1.48871
1.55262
1.39435
1.51829
1.32418
1.3667
1.23446
1.11481
1.23857
1.08958
1.01437
0.99152
0.836856
0.965537
0.751881
0.76196
0.597018
0.564587
0.449369
0.449089
0.493712
0.469405
0.48537
0.448222
0.632916
0.561478
0.43358
0.622451
0.609447
0.779218
0.857111
0.91477
0.872053
0.959484
1.09515
1.06699
1.1575
1.35144
1.31533
1.40472
1.34197
1.38216
1.33135
1.27909
1.34368
1.19809
1.15889
1.15188
1.04817
0.930482
0.905039
1.0201
0.970695
1.01083
0.944266
0.927081
0.889473
0.714446
0.894365
0.915311
0.679624
0.604121
0.604702
0.382184
0.428492
0.339099
0.310942
0.369014
0.135416
0.16932
0.248068
0.220409
0.188945
0.282988
0.315657
0.358677
0.16982
0.359421
0.375056
0.409682
0.294836
0.592522
0.455682
0.322488
0.401849
0.34448
0.379041
0.353318
0.27041
0.353331
0.523244
0.428216
0.277959
0.175284
0.155669
0.226837
0.218226
0.207293
0.0863873
0.091418
0.0820012
-0.0203252
-0.0380917
-0.144676
-0.0795278
-0.0747118
-0.228319
-0.296234
-0.230053
-0.299262
-0.175358
-0.262697
-0.390661
-0.426088
-0.381408
-0.393558
-0.20437
-0.320859
-0.370518
-0.393009
-0.401971
-0.388703
-0.389905
-0.454684
-0.423679
-0.309667
-0.309353
-0.478199
-0.467928
-0.500925
-0.330396
-0.363699
-0.227885
-0.348888
-0.280995
-0.344285
-0.440637
-0.390441
-0.286229
-0.216582
-0.268545
-0.173805
-0.265529
-0.241426
-0.184159
-0.226081
-0.250301
-0.175867
-0.220856
-0.198016
-0.16552
-0.0988981
-0.162702
-0.333142
-0.258247
-0.29672
-0.302691
-0.243036
-0.184876
-0.35295
-0.256146
-0.36161
-0.202948
-0.419533
-0.321201
-0.228259
-0.290587
-0.377467
-0.278365
-0.436714
-0.173774
-0.180181
-0.295665
-0.205167
-0.35319
-0.224811
-0.0593565
-0.0432367
-0.0286068
-0.0184866
-0.0583461
0.0151064
0.0688087
0.00544899
0.161014
0.0861914
0.221034
0.315766
0.330509
0.257783
0.313826
0.260744
0.30417
0.232747
0.199032
0.313386
0.350553
0.140498
0.146591
0.0230343
0.105216
0.297375
0.0910696
0.14956
0.124642
0.032704
-0.0305988
0.0295701
0.105048
0.054388
0.0283637
-0.234571
0.00431755
0.00309795
0.058042
0.0196868
0.188727
0.250885
0.179487
0.313152
0.230387
0.279523
0.411909
0.314705
0.21314
0.296834
0.354751
0.306366
0.405873
0.401502
0.430901
0.385651
0.478266
0.352347
0.492113
0.563048
0.483439
0.414923
0.444596
0.435713
0.353444
0.298669
0.349759
0.171265
0.279842
0.294976
0.140296
0.304255
0.16178
0.198138
0.101173
0.219552
0.225378
0.230674
0.350635
0.237583
0.454362
0.447287
0.598886
0.825821
0.656758
0.726776
0.866691
0.860704
0.933534
1.05597
1.12882
1.22206
1.31355
1.19301
1.36934
1.41269
1.39586
1.36005
1.3431
1.49325
1.13931
1.1738
1.1182
1.07215
1.05352
0.991226
0.899451
0.908576
0.703694
0.626933
0.65913
0.644222
0.580916
0.429543
0.431386
0.310161
0.335357
0.333889
0.475647
0.62617
0.624552
0.463585
0.589142
0.454567
0.6584
0.598299
0.566753
0.646151
0.519856
0.536779
0.52267
0.658815
0.658321
0.565219
0.58427
0.482359
0.652803
0.562076
0.715548
0.531793
0.619128
0.650863
0.680515
0.768974
0.828612
0.759205
0.776714
0.770662
0.720039
0.84145
0.820377
0.628146
0.648548
0.619635
0.650435
0.77496
0.640993
0.680473
0.705375
0.615565
0.74413
0.748085
0.55978
0.789098
0.786042
0.729787
0.661511
0.802718
0.79153
0.798497
0.844265
0.878872
1.03585
0.986855
1.0467
1.07236
1.30068
1.36317
1.30399
1.29678
1.34989
1.46999
1.36564
1.52955
1.44616
1.41396
1.44738
1.54079
1.35238
1.40668
1.44336
1.21105
1.39447
1.15777
1.07138
1.1274
1.03045
0.981642
0.935945
0.851608
0.816445
0.697875
0.75684
0.759982
0.805071
0.805449
0.881269
0.919931
0.955246
0.854157
0.779724
0.859615
0.999193
0.933607
0.968713
1.02446
0.915487
0.965451
0.969435
1.2073
1.15261
1.11636
1.26684
1.27166
1.20481
1.37161
1.35841
1.29691
1.44613
1.39008
1.48084
1.45711
1.32606
1.31543
1.2757
1.19352
1.2223
1.25257
1.21075
1.15237
1.13173
1.238
1.2537
1.37486
1.40739
1.32608
1.44368
1.18187
1.23648
1.19523
1.23948
1.3278
1.10319
1.04766
1.00383
1.12686
1.01666
0.949168
0.984215
0.865231
0.938537
1.01716
0.955744
1.18682
0.928499
0.982531
0.949372
1.10799
1.00639
1.21279
1.14155
1.11289
1.08347
0.913378
0.945574
1.08122
1.04783
0.867078
1.02896
0.987961
1.04087
1.36387
1.24693
1.10601
1.16387
1.24882
1.30583
1.27903
1.25347
1.21759
1.15527
1.1215
1.11864
1.06896
0.938163
1.14238
1.01569
1.05258
0.976274
0.857807
1.0037
0.936821
0.997693
1.01953
1.01921
1.04492
1.13161
0.881673
1.10724
0.960493
0.830781
1.14495
0.874735
0.930492
0.893382
0.845369
0.837814
0.822066
0.830534
0.730265
0.739844
0.825874
0.853242
0.757809
0.720818
0.751394
0.714653
0.634335
0.706965
0.65305
0.749171
0.721398
0.718079
0.810833
0.840016
0.911224
0.994418
0.849808
0.963252
0.878298
1.02057
0.896683
1.08092
1.14886
1.09629
0.960009
1.14944
1.14932
1.12556
1.25931
1.32166
1.42369
1.29997
1.24148
1.10393
1.03582
1.11846
1.22467
0.953868
0.961361
0.999582
0.786802
0.746322
0.653216
0.829163
0.51737
0.477407
0.502838
0.2593
0.151276
0.217751
0.137868
-0.0149882
0.0992755
-0.0415186
0.0832327
0.0739386
0.0105512
-0.0844959
-0.176928
-0.0417893
-0.0597284
-0.00245838
0.0244753
-0.0326115
0.0591704
0.28086
0.163579
0.18542
0.213278
0.213794
0.236691
0.307538
0.286907
0.292351
0.21273
0.218869
0.105796
0.0466776
0.131512
0.0775707
0.189684
0.358199
0.154395
0.330025
0.225383
0.29431
0.197939
0.26685
0.30879
0.341611
0.143379
0.27558
0.20199
0.272368
0.0263283
0.141037
0.149994
0.0693903
0.106111
0.0981539
0.0570959
0.0100743
0.0595729
0.0534695
0.171944
0.15387
0.240596
0.125231
0.208226
0.239231
0.346351
0.317086
0.285253
0.342936
0.301559
0.35673
0.357589
0.533296
0.715013
0.586118
0.661017
0.519017
0.51152
0.453985
0.536827
0.514168
0.425558
0.543072
0.573888
0.36484
0.441414
0.55984
0.526739
0.464765
0.527758
0.555335
0.639011
0.591572
0.670805
0.676078
0.727956
0.731895
0.787968
0.692943
0.711413
0.865906
0.864236
0.899157
0.959379
1.0689
1.20525
1.21115
1.36992
1.41226
1.49893
1.38865
1.45319
1.683
1.68914
1.64771
1.65494
1.61571
1.64216
1.61515
1.6722
1.64883
1.67987
1.55526
1.80863
1.60735
1.39878
1.47867
1.5621
1.43092
1.21312
1.04149
1.22851
1.17235
1.03208
0.979659
0.958367
0.71437
0.728903
0.592019
0.674749
0.699526
0.728291
0.655266
0.739668
0.643374
0.853662
0.885458
0.78084
0.842329
0.923693
0.889188
0.945746
0.971813
1.0629
1.16896
1.07021
1.23736
1.24546
1.23437
1.0089
1.16506
1.02811
1.09385
1.08226
1.20477
1.21423
1.07166
1.14847
0.897584
1.01909
1.07724
1.14557
1.06333
0.994877
0.993389
0.92251
0.863103
0.928249
0.712838
0.645741
0.832823
0.684946
0.654054
0.72104
0.765827
0.802868
0.893623
0.835756
0.910147
0.690541
0.559694
0.445273
0.400859
0.336765
0.142287
0.144774
-0.00351862
0.0415259
-0.114671
-0.0100762
-0.162339
-0.0350077
-0.0763483
-0.111591
-0.238485
-0.453636
-0.621631
-0.427358
-0.356632
-0.288697
-0.384904
-0.341236
-0.129302
-0.0119935
-0.0664226
0.0369991
0.00100217
0.128788
0.234456
0.17309
0.353754
0.398615
0.416318
0.513535
0.497945
0.522341
0.679669
0.67762
0.711132
0.738369
0.692433
0.72687
0.535616
0.598255
0.642797
0.521021
0.590148
0.258098
0.310591
0.167699
0.204801
0.0545601
-0.121334
0.0482302
-0.0907092
-0.204474
-0.175684
-0.141457
-0.296326
-0.261241
-0.236025
-0.113104
-0.0264889
0.00198943
0.047966
-0.0579807
0.177596
0.237671
0.127474
0.197789
0.177782
0.110334
0.13235
-0.000946399
0.0757795
0.0228556
0.0177817
-0.0713288
0.00358559
-0.282384
-0.340366
-0.280112
-0.219904
-0.310514
-0.276199
-0.266579
-0.285926
-0.233218
-0.177524
-0.102278
0.0891578
0.143092
0.313451
0.387012
0.488841
0.54182
0.661994
0.687583
0.484607
0.558023
0.45402
0.273565
0.366169
0.207997
-0.136483
-0.158224
-0.233766
-0.285969
-0.170161
-0.389821
-0.365131
-0.591831
-0.351843
-0.371551
-0.351687
-0.363395
-0.13648
-0.256278
-0.280536
-0.209683
-0.0526318
-0.0624756
-0.168842
0.0268605
-0.123092
0.00975697
-0.144468
0.00954844
0.106362
0.0334413
0.0669175
0.0833541
0.0555682
0.132141
0.103301
0.217332
0.209986
0.241419
0.125459
-0.0462787
-0.0457183
-0.168096
-0.251271
-0.176667
-0.351555
-0.330754
-0.410526
-0.377484
-0.203669
-0.24045
-0.328475
-0.236207
-0.147431
0.126949
0.117777
0.251692
0.406437
0.416223
0.368434
0.252758
0.186817
0.239035
0.20243
0.184875
-0.013174
-0.0118234
-0.226928
-0.168082
-0.180237
-0.198519
-0.121721
-0.101848
0.025952
0.0641513
0.0691107
-0.0207615
-0.104231
-0.112271
-0.164503
-0.19557
-0.35228
-0.218903
-0.32945
-0.467757
-0.504937
-0.487056
-0.384223
-0.326314
-0.339319
-0.264704
-0.288312
-0.296956
-0.233172
-0.288607
-0.430022
-0.189328
-0.266652
-0.351003
-0.374914
-0.476216
-0.478108
-0.689999
-0.614272
-0.870082
-0.760868
-0.714458
-0.816727
-0.876569
-0.689478
-0.64473
-0.721397
-0.763411
-0.727551
-0.753852
-0.564189
-0.457143
-0.508804
-0.46595
-0.444433
-0.397234
-0.395776
-0.400093
-0.352493
-0.450487
-0.513665
-0.493386
-0.517923
-0.349675
-0.51368
-0.417565
-0.373649
-0.481199
-0.499197
-0.544655
-0.411184
-0.36958
-0.426632
-0.511033
-0.511428
-0.43658
-0.574612
-0.502887
-0.668407
-0.5712
-0.639862
-0.605886
-0.690191
-0.645204
-0.546224
-0.540826
-0.583705
-0.581797
-0.757028
-0.740566
-0.755219
-0.662065
-0.494316
-0.587723
-0.563475
-0.706995
-0.704088
-0.740364
-0.679732
-0.765856
-0.892754
-0.812435
-0.957768
-0.801614
-0.722976
-0.881915
-0.721687
-0.583703
-0.726
-0.709242
-0.624477
-0.459257
-0.501182
-0.678505
-0.755892
-0.513641
-0.700854
-0.693741
-0.81113
-0.88836
-1.1944
-1.15957
-1.19349
-1.11528
-1.25687
-1.41821
-1.14279
-1.08117
-1.36019
-1.32241
-1.36454
-1.49429
-1.38706
-1.37478
-1.42122
-1.40061
-1.50701
-1.60498
-1.54305
-1.48727
-1.33319
-1.45812
-1.55337
-1.56825
-1.6264
-1.70579
-1.64445
-1.57687
-1.45156
-1.31097
-1.30774
-1.22243
-1.08971
-1.09971
-0.865586
-0.81252
-0.90482
-0.884092
-0.800431
-0.95342
-0.844634
-0.931562
-0.919249
-0.809614
-1.16716
-1.02685
-1.11397
-0.978429
-1.00554
-1.00293
-1.17219
-1.25313
-1.36398
-1.27958
-1.28077
-1.43964
-1.38927
-1.24147
-1.26683
-1.21438
-1.18861
-1.16008
-1.27124
-1.1817
-1.06315
-1.04859
-1.0422
-1.08907
-1.10094
-1.06645
-1.19314
-1.04215
-1.13038
-0.964082
-1.08754
-1.03953
-1.09046
-1.06766
-0.944295
-0.798428
-0.828695
-0.9307
-1.04244
-0.978746
-0.875973
-0.751937
-0.901117
-0.74733
-0.906787
-0.836277
-0.944229
-0.942659
-0.888648
-1.03128
-1.15677
-1.29119
-1.21105
-1.27875
-1.24644
-0.989997
-0.783778
-0.740401
-0.693619
-0.639474
-0.646677
-0.527918
-0.563893
-0.689078
-0.867747
-0.628987
-0.602666
-0.67436
-0.696606
-0.577878
-0.586807
-0.593132
-0.671271
-0.545698
-0.497038
-0.47737
-0.659583
-0.45393
-0.543404
-0.485038
-0.54717
-0.63594
-0.692438
-0.7024
-0.649909
-0.751369
-0.853133
-0.555824
-0.40846
-0.771037
-0.747532
-0.870626
-0.76699
-0.941444
-0.76781
-0.806623
-0.732324
-0.675736
-0.739628
-0.694172
-0.793004
-0.800167
-0.839663
-0.84827
-0.937488
-0.855945
-0.835863
-0.932332
-0.882515
-0.827679
-0.924811
-0.74089
-0.757829
-0.816923
-0.862303
-0.859265
-0.907784
-0.975078
-1.02879
-0.912667
-0.922457
-0.936905
-0.9543
-1.05156
-0.880111
-0.764666
-0.729158
-0.723053
-0.760896
-0.660017
-0.612587
-0.56444
-0.731429
-0.603336
-0.624364
-0.649333
-0.481896
-0.62333
-0.456625
-0.653068
-0.613814
-0.424398
-0.339602
-0.450469
-0.453977
-0.345163
-0.3257
-0.429064
-0.621055
-0.476982
-0.375354
-0.311945
-0.436002
-0.469135
-0.309019
-0.343816
-0.324493
-0.314746
-0.225695
-0.339271
-0.43943
-0.379099
-0.295935
-0.282704
-0.346433
-0.259959
-0.27334
-0.00921505
-0.0402604
-0.0790619
0.0543212
0.018825
-0.0764168
0.028824
0.205206
0.113392
0.294726
0.343546
0.183569
0.176889
0.148897
-0.0666835
-0.153035
0.0172714
0.0582706
-0.141776
0.081778
0.0398019
-0.0433597
0.0088447
-0.0242117
0.00469975
-0.0585505
-0.0188599
-0.0422072
-0.0124672
0.0211111
0.144413
0.189014
0.0391066
-0.0275241
0.182448
0.118114
0.0220521
0.257741
0.243721
0.323028
0.365704
0.331541
0.191244
0.117634
0.15311
0.0811828
0.0882076
0.271489
0.282424
0.364189
0.384845
0.183342
0.15618
0.0374893
0.0433623
0.226588
0.128902
0.0856733
0.378324
0.249647
0.140253
0.196628
0.275397
0.221087
0.122483
0.0603243
0.268523
0.331976
0.431769
0.434201
0.443277
0.403265
0.294812
0.1788
0.0277813
0.177998
0.28283
0.308195
0.260658
0.28102
0.361824
0.15749
-0.0210748
0.075069
0.152724
0.0455479
-0.00769621
0.230567
0.13445
0.223605
0.230157
0.178594
0.157542
0.151961
0.148655
0.111955
0.141817
0.325945
0.401415
0.304915
0.263197
0.224125
0.17127
0.163841
0.0112349
-0.0750457
0.157584
0.141824
0.0917517
0.132646
0.311292
0.203575
0.20152
0.13372
0.127095
0.161275
0.193138
0.297693
0.218135
0.274373
0.377367
0.167999
0.211488
0.262059
0.430651
0.334025
0.311576
0.31477
0.459211
0.305749
0.34904
0.55853
0.408488
0.568821
0.459495
0.363687
0.396726
0.225718
0.134412
0.037395
0.213758
0.107054
0.182661
0.285637
0.251855
0.169078
0.242471
0.3246
0.15857
0.30163
0.217928
0.266592
0.228203
0.110435
0.202681
0.175489
0.212012
0.216998
0.103782
0.157457
0.0230344
0.113228
0.0480567
0.211184
0.145157
0.0754507
0.180812
0.226811
0.237253
0.309208
0.146089
0.191505
0.108006
0.103043
0.173174
0.0148647
0.139938
0.0734686
-0.126732
0.00407936
-0.0152837
0.0473328
-0.0484149
-0.0208789
0.0518484
0.116129
-0.0354355
0.152532
0.151611
0.0969815
0.246139
0.177871
0.0955346
0.0659826
-0.154692
-0.187169
0.0245053
-0.242663
-0.0813814
-0.0395501
-0.0113448
-0.0606966
-0.0110141
-0.0558782
-0.107218
-0.163494
-0.0670252
-0.0378837
0.0433635
-0.0681806
0.0148992
-0.121301
-0.092004
-0.0476287
-0.0524514
0.0248816
-0.191167
-0.171664
-0.142999
-0.17549
-0.134366
-0.319884
-0.197149
-0.184887
-0.260455
-0.253513
-0.231577
-0.163709
-0.276034
-0.197555
-0.148274
-0.189292
-0.286506
-0.16189
-0.260716
-0.179861
-0.249719
-0.0947278
-0.200913
-0.0541349
-0.0776884
0.0475164
-0.0614483
-0.124893
-0.119311
-0.164685
-0.14625
-0.152703
-0.154545
-0.277145
-0.161536
-0.121046
-0.154805
-0.0203379
-0.0335882
-0.175899
-0.0768096
-0.0739005
-0.238517
-0.14988
-0.11098
-0.234919
-0.197287
-0.142591
-0.208744
-0.140211
-0.221351
0.0563003
-0.160904
-0.186102
-0.14576
-0.26624
-0.428442
-0.115048
0.0566014
-0.251276
-0.0882571
0.0658241
0.0393744
-0.193408
-0.0832001
-0.155319
-0.268137
-0.180503
-0.219819
-0.0617087
-0.0713423
-0.199928
-0.154683
-0.150711
-0.122695
-0.0612991
-0.095305
-0.0958643
0.0519043
-0.0329289
-0.0188158
0.101718
0.07444
-0.0408601
-0.00239322
0.0645548
0.0275845
-0.0220597
-0.0325963
0.0801099
0.126128
0.116573
0.109419
0.189316
0.145604
0.144167
0.0965826
0.220618
0.142587
0.214561
0.208045
0.100785
0.112748
-0.046362
0.0751719
0.237758
0.164669
0.0223007
0.0580871
0.0464475
0.184797
-0.0713077
0.0279159
0.24153
0.349816
0.0252049
0.0123957
0.196814
0.324205
0.20386
0.183017
0.412637
0.368852
0.182702
0.265798
0.217789
0.234771
0.178155
0.280327
0.136462
0.246314
0.226585
0.334735
0.491394
0.429732
0.682647
0.440782
0.46982
0.589825
0.690712
0.637928
0.662853
0.486556
0.319344
0.287977
0.361889
0.519237
0.429394
0.442676
0.438487
0.261361
0.252175
0.294069
0.310529
0.445574
0.679004
0.705439
0.480533
0.398482
0.246869
0.167409
0.176997
0.0771775
0.228233
0.174411
0.227185
0.168596
0.226005
0.138762
0.0443686
0.0539335
0.0622786
0.147249
0.284688
0.234358
0.274062
0.303218
0.115861
0.206634
0.155214
0.134094
-0.0532082
0.0356749
-0.0223091
-0.129394
0.0196511
0.218121
-0.00606683
0.112948
0.144136
0.0691419
0.0991922
0.132962
0.281788
0.23361
0.303246
0.207064
-0.133609
-0.151385
-0.187862
-0.169577
0.104591
0.206816
0.0104325
-0.0601698
-0.126472
-0.208767
-0.249492
-0.261957
0.120616
0.172963
-0.10752
-0.16848
-0.192515
-0.155443
-0.193282
-0.0179893
-0.00685166
0.0549476
-0.171684
-0.246334
-0.373757
-0.45186
-0.239515
-0.233739
-0.189175
-0.316493
-0.38233
-0.239469
-0.320064
-0.293503
-0.0268663
0.0475075
0.0813374
-0.205518
-0.458369
-0.329429
-0.390495
-0.360897
-0.282477
-0.268395
-0.0416316
-0.0922743
-0.127001
-0.000331885
0.0696578
0.104675
0.0554089
0.0217221
-0.217896
-0.140657
-0.122101
-0.0889878
-0.0808184
-0.0810722
0.18016
-0.079375
-0.132178
-0.118447
-0.100764
-0.0601075
-0.0204814
-0.0805018
-0.098861
-0.0493848
-0.046738
-0.104715
-0.130308
-0.0346797
-0.0328842
0.145763
0.0941731
0.17795
0.125625
0.10078
-0.118703
-0.0852536
0.171527
-0.0214196
0.199451
0.17916
0.060245
-0.0277194
0.10352
0.116467
0.130997
0.124231
0.0634046
-0.00715524
0.13012
0.235407
0.116393
0.0672585
-0.0376141
0.145776
0.0888506
0.180386
0.174613
0.126804
0.0829053
0.192958
0.116671
0.116327
0.0519342
-0.0700927
0.0443161
0.119625
-0.0154747
0.0462116
0.0372084
0.0899158
-0.0143608
0.212081
0.175758
0.0552656
0.211714
0.091362
0.126092
-0.0411341
0.164543
0.035611
0.0933936
0.0568631
-0.194479
-0.127862
0.0478032
0.0716713
0.25641
0.159893
-0.0163572
-0.0428855
0.182564
0.151281
0.094874
0.123099
-0.00465637
0.0181756
-0.0539891
-0.019724
0.00412455
0.0223961
0.0670135
0.0273134
0.0967067
0.206552
0.152592
-0.15822
0.0271395
0.0440967
0.106127
0.0133985
-0.0653816
0.0560661
0.0966756
-0.01413
0.0251781
-0.034203
0.086664
0.0259016
0.0789136
-0.128016
0.108988
0.0822255
0.0770956
0.0824076
0.222049
0.219456
0.0529482
0.0590411
0.115805
0.0204384
0.146713
0.0100678
0.0391659
0.0276329
0.0302503
0.0557538
0.0504434
0.089772
-0.055209
0.193962
0.0510121
0.0226811
0.155443
0.101995
0.150042
0.029754
0.015594
-0.124217
-0.098938
0.0713871
0.0514241
-0.0588709
-0.0394034
0.15538
0.0190306
-0.000577564
0.0758625
0.0705617
0.0499084
0.0692802
0.146165
0.118543
0.109892
0.177088
0.109738
0.0478531
0.0665393
0.0175845
0.030068
0.178648
-0.0348016
0.0471839
0.0500474
-0.00172695
-0.0936443
0.0548715
0.109193
-0.0336888
0.0320278
0.0595893
0.162346
0.10545
0.183462
0.0267606
0.171971
0.153087
0.114776
0.0558791
0.0303978
0.0634289
0.143237
0.122593
0.193714
0.132695
0.0861981
0.233875
0.0464359
0.130417
0.115337
0.101422
0.125126
-0.0171594
-0.0158564
0.154852
0.0196073
0.11559
0.120768
-0.00775644
-0.00919563
-0.0546442
0.06704
0.143661
0.124711
0.137003
0.0120987
0.0845929
0.0204332
0.160345
0.120247
0.108191
0.144181
0.132691
0.14464
-0.0159636
0.182579
0.0555984
0.096816
0.0392998
0.0551352
0.107223
0.00549037
0.0518515
0.161307
0.258177
0.13153
-0.0705645
0.156835
0.0147169
0.102379
0.222436
0.174735
0.178544
0.328626
0.239816
0.159753
0.162768
0.241996
0.130186
0.155615
0.121583
0.0901834
0.171133
0.0940608
0.1443
0.0472875
-0.0258687
0.0753456
0.049079
0.0771323
0.0726884
0.0293567
0.0275908
-0.0029097
0.120092
0.0749564
-0.164129
-0.02347
0.0404134
-0.114201
0.00261321
0.0710066
-0.016138
-0.00457368
-0.0199723
0.000267865
0.0513555
0.121621
0.0784352
-0.125535
-0.0357393
-0.0545623
-0.129233
-0.167467
0.00883033
0.109127
-0.0581286
0.106676
-0.00724837
0.0074739
0.104223
-0.106028
-0.0617635
-0.0542481
-0.102007
-0.0132068
-0.052743
-0.0945463
-0.155061
-0.0433868
-0.0262612
0.0425078
0.108756
0.0932832
0.165861
-0.00542684
0.0938322
-0.0268222
0.00181591
-0.133127
-0.0743545
0.016497
0.0951124
0.0746098
-0.036227
-0.00708883
0.0483652
-0.002725
-0.00453757
0.0162924
-0.0871265
-0.0668367
0.0235163
-0.0271758
-0.0542769
0.0793173
0.0499406
0.0401128
-0.151193
0.0846361
0.0646065
0.0799868
-0.178485
0.0541357
0.061714
-0.000255923
0.0937368
0.0257335
0.116389
-0.0829547
-0.112835
-0.0508605
-0.0342418
-0.104671
-0.0109652
-0.0192233
-0.131933
-0.0644298
-0.0198174
0.00278455
-0.0808439
0.111174
0.103465
0.121051
0.0802713
-0.00787914
0.100384
0.212165
0.114996
0.0392874
-0.053462
0.194502
-0.0447182
0.0589175
0.0638134
-0.120667
0.0843041
0.0153862
-0.0113551
0.0718514
0.00536926
0.12306
0.195254
0.145305
0.165053
0.163532
-0.00847503
0.0173854
0.121614
0.134908
0.171707
0.290323
0.20555
0.119936
0.141043
0.17617
0.260056
0.0847605
0.166017
1.78693e-05
0.0835386
0.209008
0.139727
0.155113
0.0855476
0.0570001
0.0550114
0.033114
-0.0671212
0.173699
0.0896792
0.0483031
0.0418865
0.15968
-0.0205661
0.10407
-0.0272752
0.042211
0.109982
0.0998188
0.0293177
-0.0219208
0.0871207
0.0995606
-0.00194424
0.0917974
0.0465111
0.145419
0.0864101
0.0513995
0.222387
0.138704
0.153573
0.087088
0.100689
0.0379843
0.0910429
0.0604806
0.125353
0.157486
0.0465994
0.136623
0.0627829
0.076827
0.124664
-0.0853919
0.229818
0.212003
0.21852
0.191277
0.131602
0.033695
0.166159
0.124836
-0.0262121
-0.0643371
0.19254
0.103874
-0.069088
-0.0423141
0.00798854
0.0457913
0.0499309
0.0689936
0.021428
0.0334437
0.0700876
-0.0946121
-0.0890507
-0.00653609
-0.057208
0.0865884
-0.107627
-0.0938309
-0.0391708
0.0745673
-0.157162
0.113964
-0.0307949
-0.080396
-0.0169032
0.0969275
-0.0228623
-0.0526531
-0.0889074
-0.0691271
-0.0011379
0.104413
0.101697
0.0110028
0.0472065
-0.00307569
-0.0774824
-0.149417
-0.0999047
0.065352
-0.103261
-0.0398505
-0.047322
-0.052612
0.100858
-0.0390716
0.0496521
0.0679342
0.232069
-0.0991496
-0.137908
0.00172345
0.0393443
0.00923925
0.0667539
0.0637389
0.058591
0.00975639
0.00120672
0.0157906
-0.000609907
0.0116962
0.122407
0.0650835
0.0794237
0.0328975
0.123403
0.146802
0.137423
0.0888679
0.226642
0.0155511
-0.0159632
0.0725473
0.109054
0.11846
0.0489807
0.137298
0.105849
0.083455
-0.000262287
0.0678467
-0.0442255
-0.0303621
-0.0100854
-0.035187
-0.0538793
0.0600652
-0.0611009
0.0342596
0.0475687
0.138528
0.0267837
0.0438461
-0.0663504
-0.0616528
0.0513091
0.0144281
-0.0428703
-0.114217
-0.00716443
0.0760399
-0.0386684
-0.0223622
0.00139687
0.052642
0.148357
0.0631274
0.0887749
0.0989616
0.017747
0.146578
0.0199665
0.133496
0.033496
0.0292318
0.105595
0.0013389
0.0335797
-0.102525
-0.116129
-0.0653251
-0.0580526
0.0543413
0.0423655
0.0175539
0.0146546
0.0374375
-0.148818
-0.00879026
0.0204268
0.0148312
-0.0141754
0.0305688
0.0158743
0.192251
0.0898457
0.0713995
0.15386
0.151532
0.0539886
0.080915
-0.00879928
0.0906675
0.0683596
0.0964555
0.00163516
-0.0574821
0.103549
0.0506234
0.100157
0.0733601
0.0481337
0.059174
0.15757
-0.00364477
-0.0473359
0.0136857
0.0618819
0.0884391
0.0315217
0.140748
0.260211
0.11359
0.115305
0.158807
0.0258288
0.0822712
0.120191
