0.148053
0.0850132
-0.042894
0.171479
0.00639018
0.116838
0.0650646
-0.0301558
-0.0861565
-0.144481
0.0794218
0.028711
0.0356753
0.18787
0.0836674
0.129133
0.153177
0.151809
0.10149
0.188367
0.110679
0.0864638
0.0720789
0.031951
0.0640773
0.0843306
0.0351728
-0.00408187
0.157678
0.101515
0.0576773
-0.126075
-0.0991583
0.0197026
0.0929539
-0.0808439
-0.0482818
-0.0140353
-0.0437841
0.0591828
0.0839259
0.0384619
0.0226708
0.00189886
0.0929531
0.199547
0.0161178
0.0187912
0.0661987
0.14606
0.156013
0.073133
0.0337806
0.0868863
0.0966438
0.148644
0.0470347
0.108733
0.0668228
0.0665697
0.106976
0.0986639
0.133214
0.122159
0.136155
0.286197
0.119739
0.171004
0.265867
0.254057
0.0949423
0.0170887
-0.0166622
0.0559886
0.275674
0.107237
0.186862
0.253146
0.080525
0.210093
0.209628
0.240884
0.167281
0.179064
0.114792
0.174893
0.162326
0.138207
0.145834
0.0938193
0.248117
0.212574
0.149768
0.0831292
0.132264
0.151285
0.0728681
0.179708
0.150169
0.206184
0.126244
0.319725
0.215523
0.108473
0.183472
0.352232
0.309725
0.223069
0.113173
0.187137
0.120332
0.108615
0.0316005
0.119221
0.23122
0.18216
0.106647
0.334138
0.227701
0.0865376
0.0241266
0.0241266
0.0241266
0.123487
0.1481
0.160248
0.159658
0.100054
0.215433
0.116036
0.252759
0.179081
0.116154
0.0147842
0.192168
0.192975
0.216599
0.237981
0.257417
0.228449
0.224702
0.11063
0.19136
0.13777
0.103981
0.16995
0.23542
0.158411
0.210455
0.194545
0.301684
0.214124
0.324153
0.230164
0.227985
0.219943
0.195687
0.288903
0.242998
0.390949
0.231405
0.306755
0.0735088
0.222649
0.242155
0.213654
0.193072
0.278084
0.269652
0.126033
0.33216
0.320458
0.334183
0.344014
0.370789
0.370735
0.25626
0.242889
0.33929
0.350305
0.263724
0.263449
0.246121
0.294752
0.313189
0.148432
0.274822
0.203386
0.245534
0.180965
0.197268
0.23122
0.310159
0.380641
0.329988
0.340144
0.174372
0.254074
0.300503
0.309639
0.29254
0.164989
0.141268
0.256834
0.184417
0.21338
0.168888
0.132126
0.345515
0.112502
0.22999
0.156627
0.125095
0.218733
0.355458
0.271408
0.147482
0.145861
0.211043
0.226981
0.245759
0.185239
0.107439
0.288813
0.1289
0.213221
0.238542
0.150364
0.183132
0.240207
0.246316
0.143856
0.264862
0.215904
0.449695
0.32837
0.28857
0.276264
0.256328
0.247244
0.236342
0.258473
0.33762
0.221726
0.200679
0.213998
0.250997
0.334179
0.406617
0.347273
0.224162
0.145571
0.0732094
0.218155
0.31637
0.320752
0.25085
0.254182
0.383808
0.249181
0.157745
0.157291
0.236793
0.267705
0.413784
0.325671
0.410954
0.422047
0.323009
0.408277
0.189012
0.372458
0.254365
0.357215
0.39458
0.323008
0.461231
0.395494
0.546258
0.357694
0.280706
0.223808
0.364719
0.400028
0.323259
0.51351
0.422659
0.338464
0.376338
0.256508
0.46303
0.250054
0.307859
0.308784
0.422451
0.278494
0.38091
0.348035
0.396571
0.310945
0.502683
0.389644
0.168088
0.320045
0.446341
0.294547
0.43967
0.267507
0.366795
0.385122
0.478045
0.385428
0.476643
0.404216
0.377643
0.383117
0.323215
0.420051
0.281003
0.242954
0.301068
0.402594
0.451856
0.350196
0.293462
0.351221
0.194485
0.407421
0.188145
0.353244
0.365007
0.308286
0.32534
0.32771
0.264907
0.309446
0.417769
0.231708
0.18338
0.166655
0.277053
0.279588
0.331808
0.291453
0.217335
0.193265
0.270675
0.320004
0.211062
0.401266
0.264322
0.356479
0.235971
0.25608
0.266126
0.367039
0.29443
0.308321
0.209761
0.262004
0.258812
0.097137
0.262645
0.26201
0.291956
0.241406
0.344985
0.163001
0.133283
0.185807
0.22479
0.339376
0.376298
0.415818
0.338953
0.245391
0.226278
0.295737
0.24362
0.173483
0.140015
0.14419
0.189978
0.243117
0.241988
0.230737
0.105593
0.316976
0.206579
0.171579
0.10216
0.0887264
-0.0584561
0.293486
0.197409
0.202727
0.128232
0.151169
0.221154
0.255218
0.092058
0.116555
0.156188
0.153035
0.0575677
0.197769
0.09416
-0.00961934
0.0773726
0.0544439
0.00472606
0.202277
0.137179
0.0915193
0.132569
0.133642
0.219135
0.112206
0.111271
0.210818
0.0694354
0.044519
0.0919053
0.224006
0.122648
0.146138
0.309179
0.282441
0.105392
0.10537
0.339562
0.106053
0.237863
0.139707
0.324882
0.195022
0.199701
0.284621
0.319686
0.242559
0.219112
0.15926
0.304252
0.0759667
0.210905
0.263419
0.116428
0.109535
0.257782
0.053089
0.0729438
0.246044
0.185513
-0.00468366
0.197897
0.248718
0.181987
0.138711
0.233925
0.00285084
0.167702
0.22006
0.127151
0.243243
0.0196331
0.114617
0.186684
0.282095
0.17985
0.117444
0.138524
0.0991159
0.226965
0.126713
0.18678
0.0336107
0.151201
0.149615
0.0515386
-0.00951524
0.0554623
-0.0363841
-0.00595471
0.094827
-0.0296013
0.0670202
0.0944999
0.130914
0.061327
0.0320442
0.0900331
-0.104961
-0.146748
0.0550573
-0.0286317
0.164861
0.15487
0.0862408
0.0401237
0.0567846
0.0384942
-0.0459223
-0.0354374
-0.202818
-0.0419841
0.146003
0.0141271
0.187228
-0.00496976
0.0573055
0.0286429
-0.0395469
0.0396853
0.0287862
0.0309692
0.109062
0.0928643
0.185867
0.181082
0.173499
0.169921
0.134655
0.099136
0.208527
0.127131
0.139182
0.192673
0.0895088
0.126589
0.0180779
0.113348
0.116521
0.126755
0.1588
0.21008
0.204634
0.156849
0.117604
0.0377549
0.13067
0.0585964
0.0499813
0.14118
0.0322598
0.158482
0.126538
0.13532
0.0902305
0.0945583
0.219699
0.132176
0.13436
0.20543
0.278357
0.156891
0.183071
0.2525
0.221769
0.191858
0.239107
0.133661
0.300278
0.212483
0.23242
0.216001
0.0418333
0.290014
0.161885
0.224906
0.199903
0.23945
0.347797
0.281221
0.240735
0.0865196
0.0961606
0.0167798
0.165146
0.282923
0.0691671
0.31565
0.255638
0.303449
0.216376
0.225497
0.366139
0.233267
0.412363
0.313477
0.269014
0.372898
0.324653
0.326337
0.333449
0.392171
0.213104
0.200775
0.344536
0.183206
0.15205
0.254182
0.315258
0.318893
0.369045
0.389859
0.386404
0.450808
0.388944
0.312539
0.447967
0.248973
0.282266
0.254936
0.320391
0.307897
0.277716
0.25585
0.229998
0.174733
0.270297
0.238961
0.249403
0.29167
0.299025
0.292554
0.300536
0.248883
0.233796
0.374935
0.364815
0.234141
0.25786
0.342437
0.269534
0.364833
0.407945
0.24829
0.364214
0.273284
0.391566
0.327813
0.260371
0.310113
0.278773
0.310929
0.221829
0.295892
0.336239
0.393523
0.227297
0.223948
0.363883
0.300705
0.257259
0.268215
0.231426
0.13432
0.242808
0.304299
0.0845444
0.201709
0.432003
0.473084
0.366312
0.331432
0.230824
0.424634
0.359495
0.375699
0.334994
0.341348
0.232386
0.377443
0.239925
0.297792
0.207402
0.392323
0.431338
0.418601
0.452372
0.397655
0.563201
0.447166
0.443829
0.284786
0.461804
0.258914
0.491378
0.302674
0.26201
0.334032
0.24575
0.283918
0.331446
0.318564
0.220939
0.338906
0.365224
0.32415
0.258002
0.283941
0.159187
0.279637
0.192457
0.266658
0.364368
0.304909
0.301207
0.325108
0.347124
0.438466
0.282551
0.239089
0.280399
0.368397
0.280242
0.2677
0.445545
0.196047
0.256314
0.27389
0.270143
0.323891
0.375324
0.114189
0.277707
0.260173
0.296057
0.250913
0.199346
0.190812
0.247217
0.299481
0.354914
0.300389
0.316455
0.255705
0.0398477
0.105741
0.210943
0.311739
0.207371
0.153928
0.253359
0.298325
0.294004
0.233229
0.248716
0.257165
0.12285
0.304307
0.298027
0.0704239
0.054631
0.10577
0.181137
0.315522
0.334382
0.244592
0.1848
0.218944
0.252243
0.398128
0.354357
0.381308
0.222982
0.281376
0.267116
0.256624
0.326746
0.111435
0.325595
0.231097
0.229922
0.401763
0.311135
0.296256
0.370594
0.414913
0.399774
0.242061
0.35103
0.254399
0.249002
0.232054
0.210725
0.291413
0.234869
0.252703
0.156621
0.365729
0.140037
0.225253
0.247806
0.399406
0.229983
0.338212
0.322987
0.304974
0.304154
0.239144
0.237739
0.3178
0.198488
0.0610649
0.176967
0.136238
0.260178
0.171032
0.102109
0.325028
0.0971639
0.206061
0.265541
0.302662
0.166243
0.338496
0.343594
0.241065
0.0484923
0.229682
0.164098
0.255583
0.240225
0.0949441
0.191668
0.184337
0.175873
0.333197
0.198019
0.139015
0.292818
0.191203
0.232894
0.322806
0.16018
0.127539
0.1738
0.0980596
0.218151
0.266213
0.139107
0.122406
0.0350652
0.115903
0.110778
0.108414
0.317608
0.278054
0.161717
0.233443
0.275321
0.210225
0.253096
0.22173
0.266252
0.213272
0.113096
0.166402
0.0535396
0.186585
0.249662
0.469756
0.290109
0.322021
0.144064
0.352472
0.390119
0.324514
0.241577
0.0644361
0.0471476
0.226262
0.0596899
0.180778
0.343839
0.256222
0.21382
0.304731
0.309614
0.154353
0.333195
0.28358
0.220545
0.357435
0.0558531
0.334217
0.245083
0.159313
0.284598
0.242097
0.383599
0.249045
0.354461
0.29246
0.169542
0.0753479
0.18033
0.203062
0.284758
0.32294
0.302664
0.4216
0.266804
0.260264
0.330273
0.26475
0.397255
0.375175
0.346963
0.248911
0.148094
0.236951
0.200326
0.279376
0.243491
0.261357
0.279971
0.308222
0.353829
0.339325
0.215563
0.428228
0.273071
0.293413
0.254223
0.317958
0.312347
0.277866
0.486231
0.335855
0.422423
0.435982
0.291965
0.32359
0.266575
0.284923
0.310913
0.315728
0.109248
0.113911
0.17302
0.231548
0.28559
0.236388
0.164988
0.140799
0.175739
0.2015
0.101938
0.122271
0.248893
0.255489
0.286246
0.229202
0.330224
0.294281
0.210784
0.199482
0.230891
0.236937
0.315282
0.344262
0.36722
0.24992
0.202785
0.240859
0.321092
0.337826
0.371009
0.287901
0.371629
0.33842
0.235583
0.381704
0.187583
0.329173
0.426219
0.254639
0.389835
0.182642
0.11156
0.120098
0.331933
0.270567
0.208727
0.191854
0.208567
0.207122
0.198664
0.0717701
0.213968
0.141683
0.439494
0.0984506
0.230902
0.195565
0.270696
0.320436
0.173636
0.186785
0.276284
0.161033
0.155019
0.137137
0.227147
0.150842
0.245333
0.268242
0.110679
0.124383
0.242963
0.152084
0.133125
0.190835
0.142474
0.229854
0.311109
0.192714
0.0971546
0.15071
0.196237
0.152729
0.110264
0.153221
0.0311964
0.159245
0.211351
0.262577
0.123523
0.163563
0.0780186
0.120884
0.303004
0.160911
0.271715
0.208216
0.294626
0.255933
0.246832
0.309992
0.133593
0.230488
0.169398
0.17412
0.177611
0.128287
0.258594
0.107049
0.161327
0.238859
0.225082
0.179699
0.0876369
0.305351
0.27063
0.244435
0.30306
0.220694
0.181866
0.0532417
0.126512
0.257649
0.386044
0.134874
0.261239
0.0524202
0.0674721
0.28148
0.232819
0.356114
0.2968
0.236022
0.310064
0.246073
0.205811
0.143694
0.111435
0.20244
0.264593
0.150253
0.106789
0.127103
0.197579
0.112179
0.0764231
0.194547
0.106847
0.10197
0.173591
0.13928
0.160425
0.185739
0.160171
0.173457
0.194939
0.182494
0.113382
0.334202
0.20394
0.169352
0.110406
0.116331
0.0601069
0.187773
0.131675
0.282406
0.135129
0.285611
0.183963
0.132093
0.299917
0.296541
0.226564
0.081134
0.248331
0.190561
0.0683885
0.0832879
0.0913927
0.0288547
-0.00669771
0.166962
0.216786
0.202205
0.262183
0.10927
0.187961
0.239391
0.242199
0.325361
0.304614
0.341103
0.1699
0.235694
0.274634
0.156851
0.226466
0.192988
0.206231
0.231541
0.215758
0.0528305
0.144236
0.199934
0.28444
0.211175
0.268628
0.222671
0.126195
0.263739
0.248922
0.132949
0.146272
0.191869
0.164316
0.0873851
0.261988
0.25821
0.214678
0.0896485
0.145692
0.127349
0.177768
0.0919586
0.188702
0.21725
0.148411
0.097834
0.173853
0.126705
0.221123
0.0740372
0.146417
0.227053
0.14103
0.246856
0.396599
0.185694
0.218696
0.290667
0.293792
0.290982
0.31826
0.31648
0.416037
0.289838
0.240685
0.388157
0.198614
0.177697
0.244687
0.204425
0.306795
0.287189
0.297297
0.289124
0.298014
0.314048
0.291641
0.339797
0.279389
0.242232
0.220105
0.33721
0.271923
0.347541
0.28033
0.33745
0.374845
0.368459
0.361423
0.358552
0.304844
0.409729
0.429507
0.438447
0.402788
0.371995
0.33404
0.427481
0.219939
0.338763
0.303881
0.340734
0.352822
0.372333
0.283264
0.309129
0.223934
0.234661
0.339638
0.291055
0.215214
0.326658
0.254354
0.2907
0.176411
0.299127
0.298941
0.268453
0.266448
0.465846
0.171954
0.248544
0.189485
0.283473
0.236417
0.21171
0.275426
0.10572
0.163132
0.225242
0.105481
0.199813
0.37091
0.324326
0.287975
0.243732
0.319559
0.213377
0.162479
0.410956
0.384605
0.291318
0.324112
0.296778
0.278867
0.25121
0.193221
0.242723
0.259276
0.176276
0.198546
0.104018
0.153759
0.115186
0.18103
0.134403
0.230939
0.256199
0.174163
0.287113
0.23308
0.241034
0.30755
0.198529
0.387188
0.336073
0.274286
0.363923
0.248076
0.221987
0.23368
0.225057
0.343046
0.177331
0.186546
0.188086
0.200972
0.151856
0.08011
0.197735
0.137616
0.0456671
0.0830126
0.157689
0.0198762
0.0301772
0.175963
0.0524338
0.0587173
0.100859
0.103114
0.221918
0.196905
0.332349
0.235292
0.231454
0.224092
0.332384
0.185729
0.192417
0.313019
0.396522
0.212632
0.129772
0.188623
0.20145
0.311869
0.29782
0.228259
0.215251
0.271642
0.257841
0.13826
0.212162
0.264425
0.230895
0.221531
0.164466
0.136699
0.304528
0.0875495
0.185445
0.252183
0.260712
-0.0301906
0.153156
0.114506
0.218528
0.165143
0.309267
0.197972
0.336043
0.164133
0.147956
0.2375
0.274738
0.208515
0.300108
0.23134
0.169789
0.409075
0.431843
0.294336
0.367436
0.216833
0.199038
0.280961
0.270302
0.186401
0.218546
0.270304
0.266553
0.12678
0.225528
0.216426
0.236791
0.283047
0.331964
0.187334
0.166737
0.198519
0.139566
0.247767
0.214539
0.20103
0.092042
0.104494
0.110761
0.0137742
0.126546
0.0453717
0.044627
0.254563
0.266307
0.299328
-0.0281672
0.0401695
-0.0339551
0.183143
-0.00910445
0.230545
0.0775979
0.172958
0.218331
0.194962
0.103685
0.168096
0.2242
0.242318
0.269976
0.188774
0.196198
0.183886
0.120469
0.0668985
0.0177027
0.0784216
0.284703
0.17574
0.218918
0.159648
0.48493
0.258321
0.339366
0.163624
0.310574
0.22599
0.320004
0.387388
0.482999
0.354758
0.222813
0.198503
0.599463
0.56202
0.609564
0.277343
0.393067
0.420702
0.632192
0.366538
0.388298
0.42382
0.577233
0.36887
0.199801
0.134516
0.334724
0.36192
0.441609
0.0534007
0.398895
0.529724
0.417278
0.105692
0.447705
0.421945
0.358232
0.260289
0.192383
0.400581
0.273731
0.0309016
0.0445923
0.581611
0.519869
-0.213947
0.0829269
0.359931
0.193105
-0.60677
0.435828
0.589159
-0.430911
0.295574
0.223528
-0.0625292
0.746871
0.503154
-0.499352
0.421937
0.649983
-0.244496
-0.0487178
0.324797
-0.226475
0.151384
0.315167
0.0064017
0.124651
0.0360505
0.182171
0.240343
0.393369
0.368113
0.0878482
0.0481617
0.0419608
0.141742
0.431081
0.428598
0.354976
0.536201
0.399366
0.0670306
-0.110511
0.202909
0.216018
0.216229
0.347967
0.305951
0.20064
0.372384
0.454666
0.559477
0.423717
0.362745
0.454946
0.478013
0.395955
0.567012
0.406496
0.482553
0.427967
0.552033
0.431694
0.57008
0.395658
0.360594
0.00379167
0.147892
0.288968
0.41271
0.474624
0.354191
0.313254
0.694466
0.683943
0.2248
0.155802
0.50088
0.602996
0.143957
0.00511706
0.349139
0.489713
-0.106371
0.438426
0.747383
0.315318
-0.140537
0.602852
0.447005
0.226954
0.523088
0.396659
0.478781
0.214246
0.191496
0.327
0.348142
0.267409
0.61112
0.560067
0.0333347
-0.0592343
0.490436
0.259124
0.0504759
0.13082
0.136325
-0.21585
0.053058
0.266204
0.104648
-0.130109
-0.280997
-0.13919
-0.0570751
-0.0390491
0.484682
0.643972
-0.0692117
0.0443389
0.116589
0.44322
-0.194174
-0.0233402
0.251982
0.0322163
0.00171357
0.134316
0.0383203
-0.16489
0.0737705
0.474234
0.335258
0.0333333
0.498515
0.00704385
-0.458416
0.0125563
0.275146
-0.222896
-0.338255
-0.0744696
-0.0452785
-0.313004
-0.275204
0.0779101
0.0602512
-0.175331
-0.123946
0.256188
0.138103
0.309341
0.350752
0.507554
-0.185509
0.0218782
0.651774
0.689958
0.121814
0.478601
0.771208
0.632195
-0.401717
0.265689
0.476986
0.104855
0.0758461
0.584058
0.163659
-0.0320977
0.578172
0.105363
-0.162523
0.297691
0.229301
-0.307745
0.217956
0.526374
-0.410346
-0.0950474
0.623315
0.920564
0.0196029
0.268865
0.472037
0.392663
0.143054
0.233217
0.277159
0.221555
0.375017
0.347949
0.293312
0.254435
0.409279
0.649862
1.03309
1.54015
2.00292
2.16372
2.65169
2.76867
2.72298
2.83741
2.62355
2.36887
2.15559
2.15034
2.10399
1.8359
1.43275
1.41845
1.39144
1.12733
1.19979
1.17008
1.0027
0.901354
0.920429
0.94303
0.907396
0.810284
0.959961
0.806196
1.02234
1.01917
1.14598
1.0672
1.00433
0.913237
1.25832
1.38807
1.58454
1.49158
1.57286
1.63594
1.5779
1.69989
1.95163
1.82185
2.07944
2.10836
2.02583
1.751
2.01843
1.80999
1.86174
1.82711
1.94142
1.82217
1.82209
1.58642
1.52783
1.65471
1.76389
1.83004
2.02102
1.91872
2.0126
2.12835
1.9644
2.39161
2.43316
2.44979
2.42926
2.32719
2.33281
2.39315
2.50874
2.5607
2.48395
2.4771
2.46285
2.53526
2.78923
2.83955
2.71093
2.5503
2.85248
2.73296
2.79471
2.85133
2.87564
2.98164
2.91269
3.09698
2.85975
2.91762
2.77915
3.26898
3.07872
3.17308
3.17625
3.1121
3.29012
3.57653
3.7828
3.82918
3.80786
3.87886
4.1384
4.32796
4.49657
4.57504
5.04093
4.91519
4.8562
4.84385
4.97634
4.96955
4.91105
5.31621
5.52426
5.39789
5.39891
5.27288
5.54348
5.81698
5.88096
6.28033
6.29183
6.52662
6.7857
6.7924
6.8844
7.06691
7.11779
7.37222
7.55322
7.80885
7.71252
7.96051
7.97244
8.09058
8.00623
8.1443
8.42263
8.38804
8.74049
8.71742
8.70452
8.96356
8.80142
8.93248
8.91288
9.03086
9.34926
9.57973
10.0045
10.1131
10.3855
10.5462
10.7111
10.7955
11.214
11.283
11.5847
11.6923
11.8734
12.0659
11.9463
11.9927
11.9849
12.0756
12.2735
12.1777
12.3804
12.4654
12.6568
12.6932
12.8954
12.7636
12.8448
13.1157
13.1717
13.1988
13.5246
13.6161
13.4696
13.4995
13.4332
13.5042
13.6804
13.7
13.8745
14.3279
14.3843
14.5969
14.8386
15.1737
15.2233
15.4491
15.5913
16.1617
16.2038
16.2928
16.256
16.6419
16.4249
16.3341
16.2927
16.4088
16.7296
16.7399
16.795
16.8725
16.8517
17.0916
17.272
17.4006
17.5475
17.7893
18.0184
18.1087
17.9789
18.191
18.4819
18.5484
18.9473
19.6985
19.9295
20.2197
20.5215
21.1424
21.5027
22.0672
22.3549
22.5964
22.8364
23.1379
23.1709
23.3512
23.3173
23.4228
23.6157
23.7371
23.6033
23.7097
23.9585
23.9736
23.6941
24.1063
24.2588
24.2934
24.4313
24.6066
24.6121
24.831
24.9952
25.0652
25.2098
25.3352
25.3769
25.5971
25.8722
25.8662
25.7893
26.0321
26.2935
26.313
26.3774
26.4871
26.6726
26.5972
26.73
26.6279
26.5245
26.3355
26.2788
26.0214
25.8881
25.3813
25.2483
25.1386
25.3055
25.5304
25.5481
25.5516
25.7055
25.9364
26.1732
26.2957
26.5435
26.7986
27.0852
27.0225
27.0063
26.8835
27.1443
27.2425
27.359
27.3162
27.311
26.9637
27.1188
26.9582
26.2715
26.1986
26.3812
26.0174
25.3423
24.8907
25.0787
25.2107
24.602
25.2724
25.4686
24.7987
25.2901
25.6947
25.73
25.2548
25.4038
25.7558
25.8146
25.3422
25.672
26.0073
25.9201
25.3086
25.5087
25.9073
25.6154
25.0334
24.91
25.2596
24.7947
23.933
23.5786
24.0371
23.7992
23.0847
22.7939
23.3566
23.4034
22.9621
22.6149
22.9896
23.0772
23.0433
22.904
22.7037
22.75
23.0477
23.1467
23.0882
22.9123
22.7643
22.8607
22.9738
22.7814
22.6215
22.7784
22.4723
22.2352
22.1391
22.2641
21.7216
21.734
21.9499
21.6803
21.7752
21.6832
21.5604
21.3935
21.3976
21.265
21.5069
21.6204
21.5529
21.772
21.8273
21.9495
22.0937
22.3909
22.4949
22.6414
22.6535
22.9551
22.7219
22.8315
22.9473
22.9778
22.8317
22.532
22.3106
22.0778
22.0618
21.7881
21.5962
21.4293
21.0704
20.9742
20.9972
21.1019
21.0245
21.4556
21.3675
21.6727
21.9198
21.9722
22.1278
22.3102
22.7088
22.903
23.0396
23.1452
23.2864
23.4142
23.3913
23.321
23.5967
23.6565
23.7157
23.7886
23.7856
23.3038
23.0618
23.1055
23.0584
23.0643
22.9106
22.9487
23.1328
23.058
23.1759
23.3529
23.7782
23.7762
23.8591
24.0746
24.1265
24.3004
24.4432
24.4587
24.4423
24.3742
24.4398
24.5903
24.5949
24.5261
24.3173
24.4277
24.2347
24.084
24.0655
24.1561
24.0565
23.5862
23.877
23.8085
23.8527
23.675
23.6955
23.8929
24.1074
24.2258
24.3566
24.7151
24.8493
24.6487
24.844
24.8165
24.9742
25.4346
25.4835
25.3449
25.2655
25.2623
25.2347
25.3764
25.3531
25.4665
25.081
25.2414
25.1282
25.1075
25.3294
25.1877
25.1268
24.8437
24.6279
24.6334
24.8623
24.8037
24.9021
24.8975
24.8112
25.2067
25.3768
25.3805
25.4183
25.5138
25.6534
25.3417
25.6305
25.8969
26.0172
25.8917
25.9959
26.1399
26.3622
26.282
26.4359
26.4703
26.4641
26.4983
26.453
26.3634
26.3367
26.3822
26.311
26.3715
26.4467
26.4864
26.8113
26.9159
27.0771
27.3497
27.6616
27.7818
28.7053
28.5859
28.9497
29.2946
29.237
29.0954
29.2793
29.1805
29.066
29.2229
28.9282
29.0456
29.2658
29.2837
29.0688
29.3466
29.2291
28.9288
28.7857
28.8222
28.892
29.1117
28.8275
29.1146
29.0699
29.4248
29.6675
29.9302
30.3876
30.9115
30.8013
31.0193
31.1267
31.2859
31.8983
31.5567
31.547
31.4927
31.1206
30.9938
30.5404
30.5094
30.4155
30.2373
30.2448
30.3155
30.4288
30.2565
30.5337
30.4676
30.6489
30.6592
30.8832
31.2225
31.2537
31.4654
31.5458
31.6572
31.8345
31.9427
31.8772
31.6227
31.7938
32.0141
32.0897
32.143
32.4724
32.611
32.8072
32.6574
32.5682
32.6698
32.4862
32.58
32.0485
32
31.7812
31.5757
31.3381
31.4803
31.528
31.3491
31.8593
31.9823
31.8255
32.2199
32.5871
32.9347
33.7753
33.7589
34.0928
34.3068
34.4704
34.1243
34.2938
34.0112
34.1118
34.1229
33.8502
33.7422
33.7751
33.4621
33.114
33.0379
33.0091
32.9137
32.7756
32.9153
33.2649
33.4349
33.7223
33.7497
33.8674
34.1158
34.4524
34.514
34.9218
35.2095
35.3097
36.023
35.9075
36.1756
36.443
36.5868
36.6013
36.7438
36.8312
36.5352
36.6171
36.4029
36.0279
35.7843
35.8768
35.6151
35.3356
35.1381
35.2092
35.2376
35.1996
35.2491
35.2826
35.4249
35.321
35.2618
35.5098
35.952
36.0618
36.1491
36.4116
36.4279
36.6266
36.7718
36.8622
37.2022
37.3571
37.6697
37.4742
37.4902
37.5176
37.2716
37.4548
37.0939
36.9709
36.9077
36.9517
36.6262
36.5325
36.0602
36.0129
36.2792
36.5021
36.5165
36.449
37.1133
37.6377
37.6264
36.9795
38.1004
38.5559
38.1407
38.0255
38.616
38.8767
38.4036
38.0057
38.998
39.1046
38.6236
38.1656
38.333
38.6111
37.7863
37.2466
37.6533
37.7737
37.0038
36.7726
37.7461
37.9597
36.6181
36.9713
37.941
38.0285
37.2715
38.2016
38.5926
38.1301
37.5893
37.7378
38.5984
38.6897
37.1482
38.1572
38.7819
38.0564
37.2846
38.589
38.498
38.2908
38.3292
38.399
38.3557
38.2472
38.1225
37.3468
37.1269
37.0223
37.1823
37.111
36.8719
36.8044
37.1409
36.8249
36.9507
37.142
37.2108
37.6131
37.4483
37.7466
37.9433
37.6853
37.4422
37.4212
37.1393
37.0986
37.228
37.1836
37.0034
36.9375
36.9903
37.0553
36.9094
36.8595
36.7261
36.5921
36.3075
36.3117
36.1582
36.6117
36.6248
36.8859
37.0384
37.0785
37.5003
37.3375
37.5252
37.3884
37.5976
37.6438
37.5301
37.4962
37.1818
37.2992
37.0749
36.9904
36.8216
36.7562
36.7235
36.68
36.4609
36.2106
36.1052
35.9959
35.7326
35.5931
35.5754
35.4748
35.3816
35.478
35.6997
35.7441
35.9254
36.2981
36.6586
36.8412
36.991
37.1268
37.0053
36.9826
36.7247
36.8397
36.6053
36.4054
36.3042
35.9682
35.5333
35.2078
34.9485
34.7659
34.0546
33.7955
33.56
33.3041
32.8579
32.8104
32.9029
32.7782
32.9385
33.1531
33.0383
33.1508
33.1809
33.15
33.1289
33.1621
33.0827
33.2675
33.3445
33.4551
33.2129
33.2317
33.2823
33.0255
33.0633
32.9239
33.0713
32.8501
32.5794
31.9059
32.0294
32.1399
32.0609
31.9527
31.7
31.8206
31.7272
31.5207
31.7014
31.3979
31.2654
31.4378
31.9273
31.7607
31.8397
31.9916
32.2438
32.4834
32.2545
31.8618
32.1826
32.541
32.3355
32.4592
32.1853
31.875
32.0525
32.1702
31.5959
31.1902
31.1623
31.2579
31.1664
30.94
30.9551
30.8856
31.1169
31.0512
31.3507
31.5702
31.513
31.565
31.6756
32.0558
32.2216
32.1103
32.6509
32.6675
32.6302
32.6578
32.7
32.6158
32.7769
32.9054
32.9573
33.023
32.7644
32.7247
32.6941
32.3785
32.1053
31.9939
31.8286
31.6298
31.3449
31.2596
31.4287
31.4142
31.5736
31.9453
31.843
32.1035
32.5888
32.5923
32.7609
33.1299
33.4599
33.5322
33.6862
33.7682
33.7944
33.7624
33.9761
33.7963
33.9132
33.7079
33.5235
33.3408
33.2613
32.7924
32.6952
32.6089
32.0602
31.9643
31.9963
31.7684
31.6773
31.7215
31.7815
31.9312
32.2094
32.2762
32.7457
32.8668
33.1387
33.3533
33.9566
34.3409
34.5841
34.7469
34.9711
35.2503
35.1935
35.0947
35.0146
34.7553
34.6902
34.2924
33.9134
33.6222
32.9301
32.7456
32.8291
32.6557
32.6545
32.7135
32.8979
33.6134
33.9702
34.2521
34.345
35.1708
35.3985
35.4086
35.6906
36.1168
36.1207
36.3026
36.3674
36.2551
36.062
35.8394
35.8088
35.5522
35.3211
35.2748
35.2737
35.021
34.8224
34.8826
34.7277
34.5679
34.2928
34.5003
34.7039
34.9653
35.4601
35.8588
36.3293
36.6285
36.9898
37.2052
37.1966
37.3446
37.3983
37.7212
37.7396
37.714
37.7944
37.2637
37.2695
37.4352
37.104
36.8091
36.6392
36.4791
36.2429
35.9594
35.7136
35.617
35.4766
35.2844
35.0952
34.9281
34.56
34.6974
34.6685
34.6971
34.9147
35.1235
35.4623
35.6735
35.8978
36.2461
36.412
36.5257
36.6067
37.0382
37.129
37.0091
37.0246
37.0121
36.8229
36.583
36.5612
36.6032
36.3497
36.2428
36.1831
36.1
35.7958
35.9096
35.684
35.5527
35.6286
35.5403
35.5267
35.4994
35.7237
35.5479
35.6872
35.6865
35.8588
35.9267
36.1447
36.2644
36.1487
36.2364
36.3303
36.2008
36.3494
36.2245
36.3529
36.2011
36.1535
36.3012
36.1911
36.4907
36.3322
36.0141
35.9211
35.8185
35.8136
35.8926
36.1506
36.1284
36.1062
36.0073
36.2861
36.3355
36.3729
36.2994
36.5782
36.7261
36.7172
36.7004
36.78
36.5307
36.3845
36.4114
36.5773
36.0465
35.6105
35.3023
35.1623
35.0763
34.8005
34.3974
34.1855
33.8908
33.6762
33.7204
33.5303
33.4405
33.2611
33.4187
33.3038
33.1462
33.4044
33.6153
33.5325
33.772
33.9576
34.2217
34.2176
34.5149
34.4532
34.468
34.4147
34.2342
34.4506
34.1301
33.9052
33.7433
33.5689
32.9336
32.893
32.8104
32.6652
32.3241
32.3941
32.0787
31.9062
31.8669
31.6357
31.5365
31.4142
31.561
31.3629
31.4262
31.6903
31.8113
32.19
32.4244
32.8056
33.135
33.4417
33.8716
33.6613
33.9446
34.193
34.3175
34.3598
34.1733
33.9798
34.0243
34.2781
33.9369
33.3321
33.3417
33.7093
32.8324
32.318
32.283
32.6587
32.4595
31.1869
31.6092
32.2977
31.5755
31.6813
32.0815
32.6316
32.4841
32.7376
32.7543
32.9269
33.3242
33.6055
33.7762
33.4745
33.6421
33.6925
33.5762
33.3658
33.6379
33.4627
33.1515
33.3646
33.2099
32.6702
32.5228
32.4248
31.9277
31.6668
31.2958
30.9731
31.045
31.015
30.9111
31.0498
31.165
31.1674
31.5147
31.4926
31.6136
31.8331
31.8342
31.9223
31.8382
31.808
31.7962
31.8271
31.8203
31.4243
31.2908
31.3095
30.9459
30.7502
30.3622
30.2487
29.6321
29.4359
28.9989
28.8329
28.8939
28.8768
28.4806
28.6887
29.1493
29.2718
28.7905
28.9198
29.3193
29.7678
29.5754
29.7648
30.206
30.67
29.9175
29.774
29.9344
30.2117
29.5734
29.2169
29.7614
29.7769
28.5048
28.6044
29.3037
29.02
27.4969
28.5541
27.8563
26.752
27.4847
27.2596
26.3051
25.9316
26.5643
25.5157
25.2308
25.6664
25.7189
25.3227
25.2412
25.4392
25.7296
25.3899
25.0845
25.3108
25.1289
25.0851
25.4389
25.5107
24.7254
25.0073
24.6944
24.0883
24.3555
24.256
23.5196
23.4189
22.6705
22.0487
22.4429
22.4675
21.0935
21.3366
21.4338
21.0146
20.4396
20.5154
20.1855
19.6527
19.8423
19.2325
19.2515
19.6215
18.8845
18.7781
19.7065
19.0775
18.1352
18.9162
19.0723
17.7867
17.9028
18.5741
17.419
16.4146
17.5862
16.6695
15.329
15.7913
16.0428
14.8114
14.2987
14.8134
14.928
13.6354
13.4797
13.9641
14.2902
12.6637
13.0866
13.2745
12.9284
11.6565
13.0131
12.24
11.2018
12.4341
10.9403
10.3983
11.7227
11.0435
10.0936
10.1602
10.5951
9.5565
9.81586
9.48621
8.99831
9.27251
8.12686
8.06757
8.0545
7.73945
7.2583
7.0788
6.77323
6.13212
6.26117
5.57463
5.27954
5.26113
4.86289
4.35636
4.40055
4.11348
3.95692
3.85542
3.81749
3.52167
3.33734
3.52506
3.50627
3.27892
2.99369
2.85919
2.70949
2.62027
2.57648
2.90523
2.7988
2.75863
2.54618
2.24727
2.16294
2.06339
1.96425
1.9876
1.89894
1.72397
1.61386
1.19532
1.30977
1.24177
1.15579
1.16413
1.21682
1.1318
1.0321
0.54046
0.384933
0.587011
0.367915
0.271748
0.541472
0.429775
0.25181
0.0981467
0.31635
0.295624
0.263181
0.566179
0.633758
0.452438
0.218738
0.14178
0.302664
0.207092
0.261308
0.382841
0.334217
0.206304
-0.0361337
-0.026115
-0.0706038
-0.0867829
0.0218941
0.310617
0.212595
-0.00297314
-0.129608
0.0121796
0.0655351
-0.0591428
0.273889
0.282085
0.311283
0.0142594
-0.0697753
-0.076634
-0.0235158
0.0770125
0.0529904
0.336796
0.0989275
-0.185804
-0.180657
-0.133438
0.115979
-0.11687
0.122912
-0.000644318
0.0356087
-0.1118
-0.185587
-0.343524
-0.11862
-0.13659
0.0660452
0.18711
-0.102805
-0.210667
-0.224347
-0.280695
0.0713082
-0.0394847
0.101506
-0.326461
-0.506694
-0.339755
-0.165425
-0.330538
-0.153062
-0.292972
-0.562473
-0.563193
-0.426858
-0.666871
-0.418203
-0.277777
-0.492792
-0.60598
-0.449575
-0.462344
-0.330481
-0.345837
-0.626158
-0.369247
-0.00979568
-0.277637
-0.406903
-0.515409
-0.509969
-0.451729
-0.29483
-0.43106
-0.614547
-0.339938
-0.157398
-0.0931597
-0.355074
-0.482059
0.208889
0.194874
-0.328686
-0.253444
0.351458
0.521716
-0.501491
-0.127792
0.340421
0.0154841
-0.59909
0.227522
0.614163
-0.137634
-0.208802
0.511241
0.127512
-0.668899
0.765951
0.733068
-0.351243
-0.533248
0.781906
0.192527
-0.600545
-0.659848
0.444983
-0.0401861
-0.7123
-0.641035
0.35736
-0.498147
-0.384518
0.533085
-0.171292
-0.270759
0.257526
0.970312
-0.466242
0.0890325
0.633433
-0.0648781
0.0842573
0.686467
0.0821912
-0.868888
0.617167
0.064283
-0.85264
-0.457295
0.397894
-0.583532
-0.537787
0.238303
0.388391
-0.371039
-0.441072
0.0709493
0.0703092
-0.279688
-0.0649608
-0.0925158
-0.159951
0.00887434
-0.00816082
0.0089536
-0.151535
-0.164714
-0.0426511
-0.2047
0.122987
0.0899228
0.0145811
-0.215204
0.214284
-0.0346234
0.0273864
0.133863
0.226145
-0.0241114
-0.197304
-0.00304655
0.00347881
0.176728
0.245881
0.222367
0.099657
0.133305
0.087218
0.120048
0.172702
0.311626
0.606133
0.477571
0.203688
0.135438
0.242829
0.213316
-0.0431774
0.109674
0.07186
-0.116282
0.0955509
-0.184661
-0.271342
-0.0717435
-0.0352197
0.0844506
0.15782
0.087087
0.02426
-0.0102511
-0.0344707
-0.150648
-0.0625198
-0.211302
-0.16257
-0.290823
-0.257036
-0.378444
-0.394877
-0.259778
-0.147186
-0.208992
-0.147611
-0.203609
-0.140743
-0.362367
-0.206403
0.0242066
-0.138764
-0.169537
-0.117584
-0.0669515
-0.243134
-0.133404
0.00248616
0.0726736
-0.141003
-0.306483
-0.215818
-0.0380467
-0.166111
0.0412831
-0.21626
-0.186013
0.0259118
-0.0101721
-0.192022
-0.0872983
-0.176106
0.184071
0.190295
-0.240156
-0.315659
-0.0693145
-0.0401035
-0.43411
-0.467817
-0.36569
-0.193432
-0.11129
-0.415551
-0.524022
-0.226392
0.0676552
0.0556719
-0.384067
-0.119327
0.210843
-0.199809
-0.52463
-0.0314827
0.0410792
-0.354235
-0.653363
-0.647704
-0.450668
-0.381849
-0.397947
-0.542699
-0.570867
0.295565
-0.385906
-0.137503
0.547661
0.381655
0.0596103
-0.0616321
-0.0757771
0.0610896
0.0773897
0.139728
0.0545984
-0.158299
-0.0838043
0.0214864
-0.097015
-0.228257
-0.0699495
-0.0949674
0.0204863
0.16815
0.0315055
0.14013
0.135439
0.0499196
-0.0700847
0.0203511
0.0168832
-0.0780804
-0.19077
0.00967054
-0.0745536
-0.0632437
-0.0502079
-0.13877
-0.232701
-0.154676
-0.212052
-0.134381
-0.132376
-0.188117
-0.298675
-0.3161
-0.361009
-0.304438
-0.26062
-0.427231
-0.347855
-0.441457
-0.304668
-0.234919
-0.253026
-0.166297
-0.187542
-0.174057
-0.131347
0.0152125
0.0844378
-0.0476143
-0.180637
-0.0581127
0.0245775
-0.157028
-0.167812
-0.229788
-0.0444164
-0.284003
-0.0932148
-0.0149199
-0.0468074
-0.165037
-0.0115783
-0.0134939
0.0416458
0.0229792
0.105323
0.174854
0.127363
0.0054556
0.117953
0.125514
0.315343
0.15027
0.0877256
0.163499
0.122584
0.181775
0.129101
0.0200559
-0.0934716
0.147618
0.145072
-0.00846001
0.0993931
0.219247
0.0540073
0.0822138
0.122849
0.185146
0.180884
0.177204
0.0356928
0.154555
0.105401
0.102993
0.0324428
0.0550609
0.0939258
-0.031753
-0.0847699
0.151928
0.0189356
-0.0659789
0.0472776
0.110244
0.0820981
0.18753
0.158072
0.0164332
0.0502661
0.207336
0.0251336
-0.0900505
-0.0795762
0.0225575
-0.0504833
-0.0622499
0.00833908
-0.138607
-0.151016
-0.0771306
-0.0239222
0.0186216
-0.0309741
0.025336
0.0741205
0.0199018
0.0678466
-0.0360551
-0.0914952
0.129025
-0.0384869
0.0118189
0.214726
0.253638
0.364342
0.290643
0.235811
0.289286
0.199789
0.139482
0.203568
0.0404126
0.0869719
0.08416
0.00201385
0.197263
-0.0406767
0.157066
0.135021
-0.00221645
0.050405
-0.0504122
0.0220146
0.1086
0.0686197
0.13385
-0.00667818
0.0955949
0.140406
0.25366
0.227178
0.327612
0.275089
0.36314
0.399658
0.397921
0.426894
0.609694
0.717011
0.579085
0.843969
0.765549
0.856595
0.82299
0.717314
1.08606
1.08984
1.09944
1.2001
1.21928
1.3082
1.20316
1.28245
1.26315
1.22372
1.2696
1.31078
1.2623
1.44495
1.55594
1.44961
1.46853
1.55252
1.41544
1.53837
1.54968
1.47144
1.61221
1.65581
1.61871
1.73121
1.91062
1.94942
1.88275
1.79147
1.85067
1.94521
1.9031
2.22156
1.96058
2.11533
2.07252
2.00215
2.05913
2.12774
2.14878
2.44403
2.44106
2.65922
2.77291
2.79264
3.11087
2.97993
3.09452
3.58377
3.62952
4.13608
4.40101
4.51144
4.57982
5.20837
5.49806
5.61564
6.07235
6.04173
6.30518
6.58505
6.65411
6.83362
7.02267
7.32527
7.80044
7.69878
7.74948
7.6797
8.06253
8.38737
8.38203
8.40898
8.86998
9.23063
9.71769
9.81518
9.9391
10.6347
11.0932
11.1733
11.1967
11.6217
12.1785
12.3102
12.4511
13.0334
13.4035
13.6431
14.1677
14.3151
14.4429
14.8855
14.9953
14.7674
14.7808
15.4375
15.3251
15.2737
15.6152
15.5054
16.1834
16.7369
16.9178
17.0422
17.8452
18.484
18.9003
18.8954
19.2052
19.4046
19.9473
20.3309
20.2755
20.5406
20.7675
21.0264
21.3088
21.5541
21.7387
21.9098
22.1089
22.2064
22.1874
22.3334
22.3847
22.4188
22.5761
22.4698
22.9999
23.2885
23.3303
23.4233
23.8785
23.9835
24.2011
24.1027
24.5389
24.5488
24.6937
24.665
24.7941
24.7688
24.5564
24.5032
24.766
24.6157
24.6202
24.8082
24.721
24.8912
24.9983
25.0396
25.1501
25.2526
25.4716
25.4084
25.6835
25.7969
25.832
26.0019
26.0266
26.295
26.457
26.5505
26.6413
26.8934
27.1424
27.2261
27.5474
27.798
27.8822
28.2113
28.2271
28.3824
28.3513
28.5763
28.3872
28.4883
28.2656
28.1275
27.9294
27.8363
27.5446
27.5416
27.4735
27.2987
27.0904
26.9013
26.8871
26.856
26.7698
26.8296
27.1462
27.2383
27.3689
27.3581
27.515
27.839
27.9039
28.0749
28.2077
28.3918
28.2791
28.3383
28.3479
28.308
28.3095
28.2785
28.2433
28.2129
28.0772
27.9252
27.8943
27.9388
27.7433
27.871
27.811
28.0021
27.8719
27.7273
28.0031
28.133
28.3997
28.4474
28.4889
29.0684
29.1531
29.3497
29.4795
29.7521
30.0228
30.0263
30.3063
30.096
30.2439
30.0013
30.0691
29.9625
29.9009
29.6667
29.5031
29.351
29.2185
28.9404
28.6721
28.6779
28.6623
28.6701
28.6373
28.7718
29.0375
29.0632
29.1476
29.1383
29.1033
29.2936
29.2721
29.7449
29.8401
29.918
29.8583
30.2258
30.4033
30.5186
30.5715
30.8111
30.7873
30.746
30.7773
30.6598
30.446
30.5214
30.2931
30.0882
29.919
29.9344
29.9125
29.4653
29.4023
29.4595
29.3847
29.1951
29.2744
29.4136
29.4238
29.4327
29.5757
29.5869
29.6335
29.9724
30.0978
30.3611
30.2572
30.7028
30.7281
30.9054
30.9574
31.0734
30.9795
31.1375
30.9369
30.7282
30.652
30.5478
30.3076
29.9908
29.7605
29.6757
29.7598
29.7133
29.4429
29.5831
29.7017
29.9667
30.0679
30.1665
30.2224
30.312
30.5022
30.5626
30.5441
30.6548
30.7859
30.8234
30.7101
31.1491
31.1268
31.053
31.0911
31.0762
31.0107
31.0307
30.834
30.5389
30.323
30.3713
30.2387
29.7461
29.8412
29.7448
29.5908
29.7374
29.5908
29.4573
29.474
29.5
29.6034
29.7866
30.0423
30.0839
29.9924
30.1454
29.8999
29.9195
29.988
30.1955
30.3606
30.4592
30.3556
30.3049
30.4239
30.2579
30.2388
30.2801
30.2273
30.037
30.0459
29.7201
29.5026
29.4989
29.4766
29.391
29.5346
29.5524
29.5346
29.4865
30.1249
30.1328
30.0952
29.863
30.2239
30.3795
30.5833
30.425
30.4256
30.7114
30.9809
30.7938
30.9717
30.9624
30.7648
30.5898
31.0015
31.2354
30.9322
30.3388
30.6771
31.0454
30.9256
30.3086
30.2247
30.2262
30.1482
30.2979
30.1269
30.0584
30.2906
30.3624
30.7119
30.3729
30.4975
30.793
31.2516
31.0109
31.0788
31.3346
31.6511
32.3901
32.1707
32.1077
32.2721
32.6717
32.9257
32.5863
32.3513
32.2868
32.508
32.6801
32.2868
31.6265
32.0845
32.3272
32.1996
31.9455
32.2066
32.4951
32.7185
32.9737
33.1911
33.0682
33.1377
33.1654
33.5714
33.6315
33.8355
34.2714
34.4041
34.1027
34.3436
34.34
34.3467
34.4328
34.458
34.634
34.6212
34.514
34.468
34.3537
34.4122
34.3824
34.5701
34.8855
35.1144
35.3172
35.5689
35.613
35.8859
35.9846
36.3612
36.6977
36.991
37.3755
37.5644
37.7175
37.7366
37.8494
37.8203
37.8585
37.9842
37.8378
37.7175
37.5927
37.5054
37.4094
37.4286
37.3567
37.1052
37.1286
37.3199
37.3339
37.4798
37.8458
38.1038
38.6392
39.029
39.5439
39.6313
40.0019
40.1584
40.2634
40.3311
40.2983
40.1601
40.0945
39.7926
39.506
39.2841
39.2455
39.0632
39.1802
39.205
39.1711
39.4709
39.5295
39.6708
39.5894
40.0085
40.1797
40.4078
40.8718
41.0895
41.2344
41.2305
41.1876
41.4367
41.4936
41.4818
41.4232
41.1496
41.1232
40.9472
40.7985
40.6787
40.6714
40.5098
40.5316
40.3455
40.3245
40.3924
40.4331
40.3392
40.4842
40.6759
41.0302
41.1693
41.2038
41.4882
41.5778
41.6354
41.841
42.213
42.3341
42.8643
42.8713
42.8965
42.9032
42.6943
42.6178
42.7265
42.4597
42.3805
42.3888
42.1651
41.8726
41.6181
41.7971
41.7388
41.835
42.1762
42.3357
42.5004
42.5217
43.108
43.286
43.7425
43.968
44.2307
44.2087
44.4323
44.2946
44.3786
44.5243
44.4914
44.1349
44.0571
43.8989
43.7629
43.5713
42.9995
42.812
42.6025
42.2462
42.5808
42.667
42.6467
42.3151
42.688
42.8841
42.8952
43.0708
43.6014
43.6357
43.7521
43.8584
43.8202
43.8394
44.0574
44.259
44.1076
44.2183
44.3031
44.1356
44.1034
44.3888
44.5672
44.489
44.501
44.502
44.4769
44.3257
44.0077
43.9844
43.9495
43.8099
43.613
43.5433
43.271
43.1454
43.2615
43.3163
43.0599
43.1334
43.1696
43.2315
43.4895
43.7483
44.0351
44.0268
44.3444
44.6988
44.9045
44.893
44.8421
45.016
44.9003
44.8987
45.0316
44.9053
44.834
44.3395
44.0619
44.1647
43.871
43.5085
43.3891
43.6104
43.6835
43.0502
42.6487
42.4093
42.5737
42.4497
42.0583
42.1349
42.2148
42.6585
42.4391
42.4859
43.0066
43.547
43.425
43.5173
44.0812
44.8058
44.8921
44.9473
45.6315
45.9864
44.8495
45.0311
45.4994
45.3444
43.8795
44.2043
42.768
42.1977
42.6831
41.691
40.7125
40.6632
41.1898
39.9638
39.6974
40.3353
40.3898
39.6682
40.5415
40.8519
40.5751
41.0581
41.5407
41.1831
40.7372
41.8297
41.5467
40.9715
41.1905
41.6538
40.4796
39.9477
40.5464
39.7611
38.7838
38.8244
39.1568
38.1673
37.6163
37.4224
37.6455
37.3276
37.0802
36.9726
37.0979
36.9193
36.8659
36.9792
37.0346
36.7817
36.8018
37.0301
37.1228
37.372
37.5074
37.6515
37.7833
37.8515
37.8047
37.8678
37.5048
37.5877
37.2804
37.0466
36.7654
36.1587
35.7741
35.4244
35.0692
34.6481
34.3211
34.1046
33.9377
33.6123
33.5519
33.3123
33.2745
33.1248
32.9462
32.8578
32.9258
32.7939
32.7107
32.9375
32.9499
32.9217
33.1493
33.0748
32.946
33.1583
33.1889
33.1066
33.2057
32.9532
32.6295
32.7492
32.4738
32.3932
31.9757
31.8639
31.564
31.4624
31.1074
31.0225
30.5993
30.5527
30.4335
29.9643
30.013
29.9802
29.9292
29.8503
29.8837
29.8475
29.931
29.8021
29.8742
30.0642
30.0433
30.1563
30.2113
30.3131
30.2769
30.3059
30.158
30.2725
29.7668
29.7301
29.831
29.1984
28.9033
28.6732
28.4645
27.9133
27.8246
27.5597
27.3369
27.1915
27.3032
27.435
27.3992
27.0749
26.9016
26.8741
27.1301
26.9814
26.6502
26.4975
26.4013
26.3373
26.138
26.0431
25.6281
25.34
25.3468
25.0896
24.6591
24.0027
23.8331
23.8047
23.442
22.3753
22.3803
22.407
21.5664
20.8388
20.4864
20.6003
20.0083
19.1875
19.2887
19.2418
18.7811
18.1249
17.7718
18.1027
17.9198
17.5079
17.1145
17.2342
17.5495
16.1988
16.228
16.9764
16.9607
15.503
15.7702
16.5568
16.0081
14.5323
15.3768
15.5133
14.3645
13.8285
14.2284
13.5455
12.7538
12.3128
12.8116
12.7238
11.8076
11.3353
11.0746
10.6082
10.1764
10.1349
10.0724
8.69888
8.79861
8.64699
8.50554
7.93468
7.61538
7.24221
6.80376
6.92323
6.73643
6.56521
6.43872
6.07785
5.78389
5.21745
5.19354
5.01279
4.80969
4.77894
4.60414
4.33603
4.17223
4.05661
3.7494
3.61649
3.47584
3.41721
3.08341
3.04679
2.83166
2.69236
2.52448
2.41889
2.53601
2.31374
1.922
1.62517
1.57711
1.38996
1.20114
1.10552
1.02279
0.82094
0.609922
0.717902
0.781076
0.845718
0.605058
0.340852
0.128943
0.190538
0.228264
0.362698
0.405908
0.266078
0.0852174
0.280093
0.333285
0.580555
0.111906
0.41017
0.357567
0.0505954
0.138303
-0.134614
-0.303512
-0.309093
-0.260644
-0.272083
-0.367768
-0.34131
-0.509066
-0.279213
-0.282909
-0.200885
-0.182033
0.207336
0.0626638
-0.0785377
-0.376288
-0.330172
-0.177441
-0.0755083
-0.351519
-0.412486
-0.545188
-0.400153
-0.492498
-0.574197
-0.414949
-0.128692
-0.293153
-0.29544
-0.150753
0.173306
-0.200926
-0.309526
-0.419318
-0.283388
-0.34026
-0.216048
-0.668826
-0.115265
0.0366667
-0.214122
-0.455518
-0.177962
-0.0736129
-0.263086
-0.367684
-0.456084
-0.177684
-0.237249
-0.24242
-0.503343
-0.520674
-0.451336
-0.303684
-0.364849
-0.636348
-0.667558
-0.705475
-0.139011
-0.466204
-0.604063
-0.663031
-0.314303
-0.168423
-0.30292
-0.282368
-0.35175
-0.118979
-0.0213592
-0.0490344
-0.398693
-0.552587
-0.441878
-0.209845
-0.378899
-0.569317
-0.589348
-0.557973
-0.319733
-0.520305
-0.403238
-0.326222
-0.360592
-0.102907
-0.0904884
-0.287718
-0.571823
-0.462359
-0.34236
-0.25559
-0.399118
-0.34923
-0.592404
-0.515234
-0.337762
-0.242428
-0.244888
-0.239284
-0.0693889
-0.188255
-0.01549
-0.0569996
-0.121122
-0.216239
-0.168673
-0.158975
-0.126577
0.0257641
-0.144897
-0.313526
-0.127191
0.141241
-0.0451206
-0.0814628
-0.0343213
-0.0660993
-0.28622
0.0860434
0.232931
0.0321286
-0.0120901
-0.0919892
-0.0791771
-0.048568
-0.0790263
0.0122792
-0.186908
-0.193678
-0.213805
-0.300346
-0.337878
-0.280928
-0.177392
-0.30166
-0.277724
-0.185321
-0.0275098
-0.0967546
-0.106818
-0.188317
-0.398371
-0.572468
-0.535619
-0.539766
-0.598454
-0.141522
-0.213615
-0.349952
-0.327584
-0.355131
-0.442426
-0.238437
-0.128231
-0.159341
-0.0823268
0.0016911
-0.140873
-0.249407
-0.460026
-0.454412
-0.426758
-0.283093
-0.232169
-0.254085
-0.27069
-0.41901
-0.470926
-0.516403
-0.260061
-0.25754
-0.26999
-0.147361
0.106475
0.0242904
0.120397
0.0757193
-0.113857
-0.00644287
-0.00177293
0.0582744
0.0142497
-0.183876
0.0252507
-0.0162546
0.00217412
0.0256343
0.0367575
0.036864
0.065869
0.0632719
-0.0748282
-0.00649042
-0.0641909
-0.139345
-0.154035
-0.298928
-0.11517
-0.392063
-0.44037
-0.245671
-0.391649
-0.231041
-0.236514
-0.297358
-0.280982
-0.26996
-0.304027
-0.407881
-0.424537
-0.565057
-0.608767
-0.574865
-0.655059
-0.600414
-0.526543
-0.652509
-0.792627
-0.7479
-0.716179
-0.839395
-0.654566
-0.605878
-0.568766
-0.497393
-0.406758
-0.502655
-0.538315
-0.619498
-0.603491
-0.65015
-0.721507
-0.850329
-0.884876
-0.678737
-0.603994
-0.639388
-0.499589
-0.548358
-0.688985
-0.47775
-0.464603
-0.510035
-0.452168
-0.382683
-0.364552
-0.325953
-0.16366
-0.126202
-0.268735
-0.284669
-0.23409
-0.287699
-0.222933
-0.233823
-0.380851
-0.383614
-0.31642
-0.331012
-0.26681
-0.248701
-0.18671
-0.120272
-0.117934
-0.234501
-0.128418
-0.202603
-0.358106
-0.411486
-0.371317
-0.31356
-0.490013
-0.390324
-0.394683
-0.50587
-0.529393
-0.445778
-0.448008
-0.337041
-0.311712
-0.158267
-0.118753
-0.0693793
-0.132112
-0.0547834
-0.0260078
-0.220465
-0.140237
-0.156152
-0.240894
-0.0174796
-0.151342
-0.0575109
-0.33806
-0.165698
-0.185528
-0.131768
-0.0437479
0.0492024
0.00398628
-0.00534887
-0.106632
-0.15957
-0.404966
-0.34494
-0.0704345
0.0187505
-0.241474
-0.254807
-0.174361
-0.317661
-0.351456
-0.358926
-0.239618
-0.130951
-0.0323382
0.0309355
-0.0766634
-0.110542
-0.155611
-0.138998
0.0866728
0.21194
0.14387
-0.0862159
0.0244632
-0.327726
-0.436651
-0.332848
-0.450464
-0.212572
-0.224759
-0.250734
-0.0694182
-0.280062
-0.473879
-0.430394
-0.543332
-0.508189
-0.460265
-0.395205
-0.480397
-0.412106
-0.485128
-0.335235
-0.33791
-0.220141
-0.230998
-0.359294
-0.321721
-0.307064
-0.486651
-0.392346
-0.36798
-0.420676
-0.241278
-0.240887
-0.215953
-0.127453
-0.211621
-0.151073
-0.226441
-0.185125
-0.36589
-0.298783
-0.475198
-0.426138
-0.444763
-0.456495
-0.526776
-0.406165
-0.426794
-0.623435
-0.605216
-0.517668
-0.561133
-0.624583
-0.619132
-0.464853
-0.424638
-0.522536
-0.47399
-0.556216
-0.461049
-0.473436
-0.433269
-0.565427
-0.552825
-0.684562
-0.540628
-0.50493
-0.639292
-0.347641
-0.417445
-0.554601
-0.465341
-0.563889
-0.431061
-0.452615
-0.576921
-0.411357
-0.532732
-0.591627
-0.468374
-0.416284
-0.246629
-0.345705
-0.297413
-0.388018
-0.293582
-0.311717
-0.296877
-0.308813
-0.397295
-0.386995
-0.424541
-0.391918
-0.4935
-0.262674
-0.281089
-0.225827
-0.359629
-0.369699
-0.390216
-0.377297
-0.297905
-0.343049
-0.45288
-0.393595
-0.308082
-0.521697
-0.335342
-0.514883
-0.546026
-0.510378
-0.445115
-0.558068
-0.476024
-0.375549
-0.349311
-0.298142
-0.295641
-0.38082
-0.404467
-0.324459
-0.476733
-0.452789
-0.52293
-0.439308
-0.571333
-0.460454
-0.519043
-0.26749
-0.67537
-0.561327
-0.41692
-0.456393
-0.625777
-0.564326
-0.452658
-0.497176
-0.453672
-0.491963
-0.541076
-0.534123
-0.610591
-0.557617
-0.642414
-0.542807
-0.556722
-0.406595
-0.443648
-0.547637
-0.568081
-0.522874
-0.610378
-0.337903
-0.422225
-0.430503
-0.361043
-0.238491
-0.431914
-0.320924
-0.323039
-0.473574
-0.437894
-0.28384
-0.299427
-0.387883
-0.416593
-0.382782
-0.287742
-0.280401
-0.31682
-0.402083
-0.511535
-0.383038
-0.471685
-0.358234
-0.252266
-0.248073
-0.381063
-0.527038
-0.616587
-0.457079
-0.468474
-0.39528
-0.396583
-0.343172
-0.390435
-0.404528
-0.349344
-0.388789
-0.329165
-0.39411
-0.428528
-0.307286
-0.42102
-0.381993
-0.445343
-0.407928
-0.471213
-0.325338
-0.487762
-0.352749
-0.464495
-0.383506
-0.396013
-0.482488
-0.475918
-0.426718
-0.302069
-0.321932
-0.445479
-0.408484
-0.343644
-0.427815
-0.389067
-0.429537
-0.325474
-0.356885
-0.388834
-0.158269
-0.271663
-0.272386
-0.29073
-0.295316
-0.384279
-0.310173
-0.203958
-0.401151
-0.434439
-0.296793
-0.399229
-0.425565
-0.289102
-0.400292
-0.290402
-0.234558
-0.269942
-0.2377
-0.225893
-0.241743
-0.177302
-0.139376
-0.153445
-0.313744
-0.447856
-0.228787
-0.513145
-0.205478
-0.206313
-0.384248
-0.259775
-0.243218
-0.274981
-0.317793
-0.165745
-0.28728
-0.322114
-0.164371
-0.197524
-0.202932
-0.25936
-0.234194
-0.199096
-0.32758
-0.204828
-0.28197
-0.301274
-0.143649
-0.0987914
-0.280675
-0.104019
-0.126191
-0.240593
-0.341714
-0.233593
-0.239438
-0.26299
-0.27633
-0.155028
-0.180409
-0.246381
-0.276362
-0.263194
-0.320712
-0.201366
-0.198577
-0.275413
-0.202541
-0.28261
-0.225665
-0.17919
-0.396662
-0.325664
-0.400044
-0.42018
-0.365296
-0.334799
-0.200715
-0.346067
-0.197105
-0.346192
-0.303606
-0.393254
-0.347405
-0.439604
-0.41138
-0.272237
-0.306466
-0.295983
-0.280826
-0.343205
-0.245873
-0.436653
-0.321425
-0.363786
-0.365709
-0.321972
-0.376571
-0.411302
-0.36952
-0.263851
-0.459409
-0.395147
-0.506752
-0.486415
-0.350455
-0.300091
-0.508232
-0.494526
-0.257265
-0.274184
-0.477568
-0.328381
-0.2904
-0.31505
-0.294937
-0.298726
-0.27243
-0.436714
-0.412239
-0.175119
-0.380365
-0.289226
-0.239699
-0.302442
-0.424044
-0.251214
-0.26672
-0.285993
-0.174797
-0.137017
-0.148608
-0.127432
-0.245915
-0.308291
-0.273759
-0.234802
-0.111617
-0.178351
-0.264304
-0.374753
-0.286986
-0.197973
-0.319236
-0.333084
-0.339012
-0.375989
-0.358065
-0.31248
-0.381539
-0.386122
-0.2963
-0.418003
-0.378271
-0.271585
-0.301392
-0.469104
-0.448396
-0.532628
-0.441523
-0.309507
-0.138091
-0.310769
-0.359888
-0.400014
-0.352899
-0.422909
-0.402345
-0.172219
-0.296822
-0.152654
-0.2866
-0.273845
-0.250331
-0.247786
-0.229077
-0.357975
-0.281807
-0.165552
-0.238368
-0.215771
-0.182487
-0.104122
-0.157619
-0.182349
-0.2704
-0.26835
-0.0934838
-0.301543
-0.184651
-0.419519
-0.369918
-0.325757
-0.107639
-0.112916
-0.336639
-0.0901878
-0.0787258
-0.204613
-0.151526
-0.175969
-0.12859
-0.123193
-0.0145646
-0.170817
-0.176418
-0.201442
-0.194536
-0.231222
-0.241231
-0.180236
-0.208733
-0.0876052
-0.218765
-0.19413
-0.177243
-0.0973632
-0.275776
-0.237712
-0.204267
-0.148731
-0.0665755
-0.188651
-0.300732
-0.210389
-0.267714
-0.167435
-0.199537
-0.160967
-0.318715
-0.304811
0.00992205
-0.203343
-0.167829
-0.240914
-0.230675
-0.141183
-0.189427
-0.265748
-0.131175
-0.173249
-0.0182131
-0.17788
-0.227865
-0.110375
-0.22112
-0.209137
-0.213911
-0.206518
-0.091488
-0.13568
-0.115661
-0.289193
-0.230068
-0.212337
-0.147109
-0.170142
-0.250892
-0.447707
-0.291231
-0.149391
-0.21377
-0.199224
-0.227351
-0.076999
-0.261817
-0.130412
-0.402435
-0.208964
-0.130147
-0.106307
-0.249174
-0.319137
-0.101209
-0.211024
-0.300081
-0.341258
-0.209552
-0.282992
-0.191898
-0.283134
-0.161885
-0.193777
-0.156839
-0.344105
-0.334726
-0.206022
-0.342336
-0.251099
-0.199553
-0.144034
-0.243848
-0.274687
-0.268406
-0.293231
-0.239057
-0.342767
-0.101319
-0.334848
-0.317263
-0.202734
-0.173146
-0.204051
-0.180227
-0.243601
-0.299281
-0.308508
-0.144309
-0.292665
-0.143694
-0.389523
-0.239162
-0.386696
-0.135979
-0.268435
-0.492994
-0.184915
-0.317935
-0.133338
-0.158415
-0.159982
-0.278299
-0.387864
-0.33068
-0.206925
-0.17477
-0.335309
-0.177361
-0.173618
-0.0881464
-0.127981
-0.26071
-0.12624
-0.186752
-0.286276
-0.28052
-0.195482
-0.248217
-0.255525
-0.333702
-0.200302
-0.234149
-0.214902
-0.133997
-0.0674048
-0.154569
-0.226216
-0.107986
-0.228697
-0.13627
0.043449
-0.26257
-0.24793
-0.228078
-0.175306
-0.0914272
-0.151913
-0.233778
-0.215333
-0.375618
-0.268796
-0.215953
-0.102699
-0.252128
-0.248513
-0.288087
-0.321968
-0.237733
-0.277816
-0.180456
-0.041812
-0.104757
-0.155388
-0.271926
-0.199243
-0.178852
-0.142577
-0.237485
-0.17278
0.012447
-0.16101
-0.145416
-0.191168
-0.260469
-0.28795
-0.288051
-0.309039
-0.117562
-0.19964
-0.287506
-0.0722228
-0.276157
-0.281762
-0.367867
-0.18061
-0.153309
-0.0995862
-0.163065
-0.0744135
-0.257978
-0.270549
-0.338307
-0.184947
-0.244678
-0.191494
-0.243568
-0.201327
-0.22263
-0.334576
-0.285453
-0.33019
-0.311218
-0.354314
-0.374357
-0.317381
-0.273701
-0.240632
-0.132833
-0.209692
-0.332824
-0.23882
-0.352831
-0.141052
-0.0720902
-0.193689
-0.213886
-0.05185
-0.177358
-0.218951
-0.264244
-0.0780307
-0.166282
-0.271064
-0.265002
-0.396086
-0.23092
-0.150202
-0.0857521
-0.117799
-0.067287
-0.0371608
-0.186414
-0.0519457
-0.307845
-0.334785
-0.318238
-0.436517
-0.437693
-0.405425
-0.35229
-0.35802
-0.316194
-0.209821
-0.266811
-0.247691
-0.0962028
-0.283859
-0.411188
-0.365891
-0.191136
-0.234619
-0.122754
-0.310517
-0.305818
-0.366996
-0.218382
-0.212037
-0.277859
-0.300618
-0.250571
-0.308525
-0.293505
-0.166557
-0.265107
-0.320053
-0.311073
-0.258232
-0.189114
-0.207569
-0.11642
-0.282703
-0.297659
-0.158524
-0.288933
-0.359992
-0.316047
-0.206212
-0.288052
-0.0731484
-0.284339
-0.31381
-0.244313
-0.33072
-0.597222
-0.374633
-0.18052
-0.199944
-0.261115
-0.360519
-0.153077
-0.266557
-0.356432
-0.190652
-0.198785
-0.389675
-0.244167
-0.406373
-0.336791
-0.327642
-0.39523
-0.114959
-0.302837
-0.126538
-0.321734
-0.129368
-0.113538
-0.359968
-0.105994
-0.222808
-0.227038
-0.265767
-0.343399
-0.379172
-0.124894
-0.262981
-0.305479
-0.249471
-0.299989
-0.170343
-0.220624
-0.218954
-0.207994
-0.152031
-0.244881
-0.134522
-0.181441
-0.246449
-0.285887
-0.20864
-0.286179
-0.238537
-0.261615
-0.30355
-0.124904
-0.235925
-0.342089
-0.204356
-0.261434
-0.194198
-0.179917
-0.160289
-0.250773
-0.0603664
-0.182313
-0.127924
-0.145849
-0.36619
-0.237159
-0.243282
-0.155768
