0.67674
0.67674
0.67674
0.67674
0.67674
0.67674
0.67674
0.67674
0.67674
0.67674
0.67674
0.67674
0.67674
0.67674
0.67674
0.67674
0.67674
0.67674
0.67674
0.67674
0.67674
0.67674
0.67674
0.67674
0.67674
0.67674
0.67674
0.67674
0.67674
0.67674
0.67674
0.67674
0.67674
0.67674
0.67674
0.67674
0.67674
0.67674
0.67674
0.67674
0.67674
0.67674
0.67674
0.67674
0.67674
0.67674
0.67674
0.67674
0.67674
0.67674
0.67674
0.67674
0.67674
0.67674
0.67674
0.67674
0.67674
0.67674
0.67674
0.67674
0.67674
0.67674
0.67674
0.67674
0.67674
0.67674
0.67674
0.67674
0.67674
0.67674
0.67674
0.67674
0.67674
0.67674
0.67674
0.67674
0.67674
0.67674
0.67674
0.67674
0.67674
0.67674
0.67674
0.67674
0.67674
0.67674
0.67674
0.67674
0.67674
0.67674
0.67674
0.67674
0.67674
0.67674
0.67674
0.67674
0.67674
0.67674
0.67674
0.67674
0.67674
0.67674
0.67674
0.67674
0.67674
0.67674
0.67674
0.67674
0.67674
0.67674
0.67674
0.67674
0.67674
0.67674
0.67674
0.67674
0.67674
0.67674
0.67674
0.67674
0.67674
0.67674
0.67674
0.67674
0.67674
0.67674
0.67674
0.67674
0.67674
0.67674
0.67674
0.67674
0.67674
0.67674
0.67674
0.67674
0.67674
0.67674
0.67674
0.67674
0.67674
0.67674
0.67674
0.67674
0.67674
0.67674
0.67674
0.67674
0.67674
0.67674
0.67674
0.67674
0.67674
0.67674
0.67674
0.67674
0.67674
0.67674
0.67674
0.67674
0.67674
0.67674
0.67674
0.67674
0.67674
0.67674
0.67674
0.67674
0.67674
0.67674
0.67674
0.67674
0.67674
0.67674
0.67674
0.67674
0.67674
0.67674
0.67674
0.67674
0.67674
0.67674
0.67674
0.67674
0.67674
0.67674
0.67674
0.67674
0.67674
0.67674
0.67674
0.67674
0.67674
0.67674
0.67674
0.67674
0.67674
0.67674
0.67674
0.67674
0.67674
0.67674
0.67674
0.67674
0.67674
0.67674
0.67674
0.67674
0.67674
0.67674
0.67674
0.67674
0.67674
0.67674
0.67674
0.67674
0.67674
0.67674
0.67674
0.67674
0.67674
0.67674
0.67674
0.67674
0.67674
0.67674
0.67674
0.67674
0.67674
0.67674
0.67674
0.67674
0.67674
0.67674
0.67674
0.67674
0.67674
0.67674
0.67674
0.67674
0.67674
0.67674
0.67674
0.67674
0.67674
0.67674
0.67674
0.67674
0.67674
0.67674
0.67674
0.67674
0.67674
0.67674
0.67674
0.67674
0.67674
0.67674
0.67674
0.67674
0.67674
0.67674
0.67674
0.67674
0.67674
0.67674
0.67674
0.67674
0.67674
0.67674
0.67674
0.67674
0.67674
0.67674
0.67674
0.67674
0.67674
0.67674
0.67674
0.67674
0.67674
0.67674
0.67674
0.67674
0.67674
0.67674
0.67674
0.67674
0.67674
0.67674
0.67674
0.67674
0.67674
0.67674
0.67674
0.67674
0.67674
0.67674
0.67674
0.67674
0.67674
0.67674
0.67674
0.67674
0.67674
0.67674
0.67674
0.67674
0.67674
0.67674
0.67674
0.67674
0.67674
0.67674
0.67674
0.67674
0.67674
0.67674
0.67674
0.67674
0.67674
0.67674
0.67674
0.67674
0.67674
0.67674
0.67674
0.67674
0.67674
0.67674
0.67674
0.67674
0.67674
0.67674
0.67674
0.67674
0.67674
0.67674
0.67674
0.67674
0.67674
0.67674
0.67674
0.67674
0.67674
0.67674
0.67674
0.67674
0.67674
0.67674
0.67674
0.67674
0.67674
0.67674
0.67674
0.67674
0.67674
0.67674
0.67674
0.67674
0.67674
0.67674
0.67674
0.67674
0.67674
0.67674
0.67674
0.67674
0.67674
0.67674
0.67674
0.67674
0.67674
0.67674
0.67674
0.67674
0.67674
0.67674
0.67674
0.67674
0.67674
0.67674
0.67674
0.67674
0.67674
0.67674
0.67674
0.67674
0.67674
0.67674
0.67674
0.67674
0.67674
0.67674
0.67674
0.67674
0.67674
0.67674
0.67674
0.67674
0.67674
0.67674
0.67674
0.67674
0.67674
0.67674
0.67674
0.67674
0.67674
0.67674
0.67674
0.67674
0.67674
0.67674
0.67674
0.67674
0.67674
0.67674
0.67674
0.67674
0.67674
0.67674
0.67674
0.67674
0.67674
0.67674
0.67674
0.67674
0.67674
0.67674
0.67674
0.67674
0.67674
0.67674
0.67674
0.67674
0.67674
0.67674
0.67674
0.67674
0.67674
0.67674
0.67674
0.67674
0.67674
0.67674
0.67674
0.67674
0.67674
0.67674
0.67674
0.67674
0.67674
0.67674
0.67674
0.67674
0.67674
0.67674
0.67674
0.67674
0.67674
0.67674
0.67674
0.67674
0.67674
0.67674
0.67674
0.67674
0.67674
0.67674
0.67674
0.67674
0.67674
0.67674
0.67674
0.67674
0.67674
0.67674
0.67674
0.67674
0.67674
0.67674
0.67674
0.67674
0.67674
0.67674
0.67674
0.67674
0.67674
0.67674
0.67674
0.67674
0.67674
0.67674
0.67674
0.67674
0.67674
0.67674
0.67674
0.67674
0.67674
0.67674
0.67674
0.67674
0.67674
0.67674
0.67674
0.67674
0.67674
0.67674
0.67674
0.67674
0.67674
0.67674
0.67674
0.67674
0.67674
0.67674
0.67674
0.67674
0.67674
0.67674
0.67674
0.67674
0.67674
0.67674
0.67674
0.67674
0.67674
0.67674
0.67674
0.67674
0.67674
0.67674
0.67674
0.67674
0.67674
0.67674
0.67674
0.67674
0.67674
0.67674
0.67674
0.67674
0.67674
0.67674
0.67674
0.67674
0.67674
0.67674
0.67674
0.67674
0.67674
0.67674
0.67674
0.67674
0.67674
0.67674
0.67674
0.67674
0.67674
0.67674
0.67674
0.67674
0.67674
0.67674
0.67674
0.67674
0.676855
0.676973
0.677082
0.677196
0.677315
0.677441
0.677576
0.677702
0.677835
0.677972
0.678108
0.67825
0.678399
0.678548
0.6787
0.67885
0.679001
0.679154
0.679311
0.679471
0.679636
0.679795
0.67996
0.680128
0.680307
0.68048
0.68065
0.680815
0.680986
0.681153
0.681328
0.681506
0.681666
0.681824
0.682008
0.682192
0.682384
0.682578
0.682775
0.682973
0.683167
0.683369
0.683579
0.68379
0.684014
0.684237
0.684466
0.68469
0.684926
0.685163
0.685409
0.685657
0.685909
0.686159
0.686416
0.686669
0.686935
0.687201
0.687467
0.687717
0.687973
0.688234
0.688502
0.68877
0.689039
0.689301
0.689564
0.689835
0.69011
0.690385
0.690649
0.690918
0.691182
0.69147
0.691741
0.692021
0.692289
0.692564
0.69285
0.693138
0.693426
0.693706
0.693986
0.69427
0.694567
0.694859
0.695156
0.695453
0.695756
0.696066
0.696374
0.696677
0.696983
0.697301
0.697612
0.697926
0.698326
0.698694
0.699072
0.699427
0.699737
0.700031
0.700337
0.700646
0.700965
0.701274
0.701568
0.701867
0.702255
0.702613
0.702961
0.703279
0.703567
0.703873
0.704199
0.704511
0.704843
0.705137
0.705402
0.705655
0.705904
0.706152
0.706482
0.706778
0.70707
0.707359
0.707638
0.708166
0.708433
0.708658
0.708876
0.709094
0.709316
0.709532
0.709745
0.709959
0.710156
0.710353
0.710542
0.710732
0.710915
0.711089
0.711255
0.711255
0.711255
0.711255
0.711255
0.711255
0.711255
0.711255
0.711255
0.711255
0.711255
0.711255
0.711255
0.711255
0.711255
0.711255
0.711255
0.711255
0.711255
0.711255
0.711255
0.711255
0.711255
0.711255
0.711255
0.711255
0.711255
0.711255
0.711255
0.711255
0.711255
0.711255
0.711255
0.711255
0.711255
0.711255
0.711255
0.711255
0.711255
0.711255
0.711255
0.711255
0.711255
0.711255
0.711255
0.711255
0.711255
0.711255
0.711255
0.711255
0.711255
0.711255
0.711255
0.711255
0.711255
0.711255
0.711255
0.711255
0.711255
0.711255
0.711255
0.711255
0.711255
0.711255
0.711255
0.711255
0.711255
0.711255
0.711255
0.711255
0.711255
0.711255
0.711255
0.711255
0.711255
0.711255
0.711255
0.711255
0.711255
0.711255
0.711255
0.711255
0.711255
0.711255
0.711255
0.711255
0.711255
0.711255
0.711255
0.711255
0.711255
0.711255
0.711255
0.711255
0.711255
0.711255
0.711255
0.711255
0.711255
0.711255
0.711255
0.711255
0.711255
0.711255
0.711255
0.711255
0.711255
0.711255
0.711255
0.711255
0.711255
0.711255
0.711255
0.711255
0.711255
0.711255
0.711255
0.711255
0.711255
0.711255
0.711255
0.711255
0.711255
0.711255
0.711255
0.711255
0.711255
0.711255
0.711255
0.711255
0.711255
0.711255
0.711255
0.711255
0.711255
0.711255
0.711255
0.711255
0.711255
0.711255
0.711255
0.711255
0.711255
0.711255
0.711255
0.711255
0.711255
0.711255
0.711255
0.711255
0.711255
0.711255
0.711255
0.711255
0.711255
0.711255
0.711255
0.711255
0.711255
0.711255
0.711255
0.711255
0.711255
0.711255
0.711255
0.711255
0.711255
0.711255
0.711255
0.711255
0.711255
0.711255
0.711255
0.711255
0.711255
0.711255
0.711255
0.711255
0.711255
0.711255
0.711255
0.711255
0.711255
0.711255
0.711255
0.711255
0.711255
0.711255
0.711255
0.711255
0.711255
0.711255
0.711255
0.711255
0.711255
0.711255
0.711255
0.711255
0.711255
0.711255
0.711255
0.711255
0.711255
0.711255
0.711255
0.711255
0.711255
0.711255
0.711255
0.711255
0.711255
0.711255
0.711255
0.711255
0.711255
0.711255
0.711255
0.711255
0.711255
0.711255
0.711255
0.711255
0.711255
0.711255
0.711255
0.711255
0.711255
0.711255
0.711255
0.711255
0.711255
0.711255
0.711255
0.711255
0.711255
0.711255
0.711255
0.711255
0.711255
0.711255
0.711255
0.711255
0.711255
0.711255
0.711255
0.711255
0.711255
0.711255
0.711255
0.711255
0.711255
0.711255
0.711255
0.711255
0.711255
0.711255
0.711255
0.711255
0.711255
0.711255
0.711255
0.711255
0.711255
0.711255
0.711255
0.711255
0.711255
0.711255
0.711255
0.711255
0.711255
0.711255
0.711255
0.711255
0.711255
0.711255
0.711255
0.711255
0.711255
0.711255
0.711255
0.711255
0.711255
0.711255
0.711255
0.711255
0.711255
0.711255
0.711255
0.711255
0.711255
0.711255
0.711255
0.711255
0.711255
0.711255
0.711255
0.711255
0.711255
0.711255
0.711255
0.711255
0.711255
0.711255
0.711255
0.711255
0.711255
0.711255
0.711255
0.711255
0.711255
0.711255
0.711255
0.711255
0.711255
0.711255
0.711255
0.711255
0.711255
0.711255
0.711255
0.711255
0.711255
0.711255
0.711255
0.711255
0.711255
0.711255
0.711255
0.711255
0.711255
0.711255
0.711255
0.711255
0.711255
0.711255
0.711255
0.711255
0.711255
0.711255
0.711255
0.711255
0.711255
0.711255
0.711255
0.711255
0.711255
0.711255
0.711255
0.711255
0.711255
0.711255
0.711255
0.711255
0.711255
0.711255
0.711255
0.711255
0.711255
0.711255
0.711255
0.711255
0.711255
0.711255
0.711255
0.711255
0.711255
0.711255
0.711255
0.711255
0.711255
0.711255
0.711255
0.711255
0.711255
0.711255
0.711255
0.711255
0.711255
0.711255
0.711255
0.711255
0.711255
0.711255
0.711255
0.711255
0.711255
0.711255
0.711255
0.711255
0.711255
0.711255
0.711255
0.711255
0.711255
0.711255
0.711255
0.711255
0.711255
0.711255
0.711255
0.711255
0.711255
0.711255
0.711255
0.711255
0.711255
0.711255
0.711255
0.711255
0.711255
0.711255
0.711255
0.711255
0.711255
0.711255
0.711255
0.711255
0.711255
0.711255
0.711255
0.711255
0.711255
0.711255
0.711255
0.711255
0.711255
0.711255
0.711255
0.711255
0.711255
0.711255
0.711255
0.711255
0.711255
0.711255
0.711255
0.711255
0.711255
0.711255
0.711255
0.711255
0.711255
0.711255
0.711255
0.711255
0.711255
0.711255
0.711255
0.711255
0.711255
0.711255
0.711255
0.711255
0.711255
0.711255
0.711255
0.711255
0.711255
0.711255
0.711255
0.711255
0.711255
0.711255
0.711255
0.711255
0.711255
0.711255
0.711255
0.711255
0.711255
0.711255
0.711255
0.711255
0.711255
0.711255
0.711255
0.711255
0.711255
0.711255
0.711255
0.711255
0.711255
0.711255
0.711255
0.711255
0.711255
0.711255
0.711255
0.711255
0.711255
0.711255
0.711255
0.711255
0.711255
0.711255
0.711255
0.711255
0.711255
0.711255
0.711255
0.711255
0.711255
0.711255
0.711255
0.711255
0.711255
0.711255
0.711255
0.711255
0.711255
0.711255
0.711255
0.711255
0.711255
0.711255
0.711255
0.711255
0.711255
0.711255
0.711255
0.711255
0.711255
0.711255
0.711255
0.711255
0.711255
0.711255
0.711255
0.711255
0.711255
0.711255
0.711255
0.711255
0.711255
0.711255
0.711255
0.711255
0.711255
0.711255
0.711255
0.711255
0.711255
0.711255
0.711255
0.711255
0.711255
0.711255
0.711255
0.711255
0.711255
0.711255
0.711255
0.711255
0.711255
0.711255
0.711255
0.711255
0.711255
0.711255
0.711255
0.711255
0.711255
0.711255
0.711255
0.711255
0.711255
0.711255
0.711255
0.711255
0.711255
0.711255
0.711255
0.711255
0.711255
0.711255
0.711255
0.711255
0.711255
0.711255
0.711255
0.711255
0.711255
0.711255
0.711255
0.711255
0.711255
0.711255
0.711255
0.711255
0.711255
0.711255
0.711255
0.711255
0.711255
0.711255
0.711255
0.711255
0.711255
0.711255
0.711255
0.711255
0.711255
0.711255
0.711255
0.711255
0.711255
0.711255
0.711255
0.711255
0.711255
0.711255
0.711255
0.711255
0.711255
0.711255
0.711255
0.711255
0.711255
0.711255
0.711255
0.711255
0.711255
0.711255
0.711255
0.711255
0.711255
0.711255
0.711255
0.711255
0.711255
0.711255
0.711255
0.711255
0.711255
0.711255
0.711255
0.711255
0.711255
0.711255
0.711255
0.711255
0.711255
0.711255
0.711255
0.711255
0.711255
0.711255
0.711255
0.711255
0.711255
0.711255
0.711255
0.711255
0.711255
0.711255
0.711255
0.711255
0.711255
0.711255
0.711255
0.711255
0.711255
0.711255
0.711255
0.711255
0.711255
0.711255
0.711255
0.711255
0.711255
0.711255
0.711255
0.711255
0.711255
0.711255
0.711255
0.711255
0.711255
0.711255
0.711255
0.711255
0.711255
0.711255
0.711255
0.711255
0.711255
0.711255
0.711255
0.711255
0.711255
0.711255
0.711255
0.711255
0.711255
0.711255
0.711255
0.711255
0.711255
0.711255
0.711255
0.711255
0.711255
0.711255
0.711255
0.711255
0.711255
0.711255
0.711255
0.711255
0.711255
0.711255
0.711255
0.711255
0.711255
0.711255
0.711255
0.711255
0.711255
0.711255
0.711255
0.711255
0.711255
0.711255
0.711255
0.711255
0.711255
0.711255
0.711255
0.711255
0.711255
0.711255
0.711255
0.711255
0.711255
0.711255
0.711255
0.711255
0.711255
0.711255
0.711255
0.711255
0.711255
0.711255
0.711255
0.711255
0.711255
0.711255
0.711255
0.711255
0.711255
0.711255
0.711255
0.711255
0.711255
0.711255
0.711255
0.711255
0.711255
0.711255
0.711255
0.711255
0.711255
0.711255
0.711255
0.711255
0.711255
0.711255
0.711255
0.711255
0.711255
0.711255
0.711255
0.711255
0.711255
0.711255
0.711255
0.711255
0.711255
0.711255
0.711255
0.711255
0.711255
0.711255
0.711255
0.711255
0.711255
0.711255
0.711255
0.711255
0.711255
0.711255
0.711255
0.711255
0.711255
0.711255
0.711255
0.711255
0.711255
0.711255
0.711255
0.711255
0.711255
0.711255
0.711255
0.711255
0.711255
0.711255
0.711255
0.711255
0.711255
0.711255
0.711255
0.711255
0.711255
0.711255
0.711255
0.711255
0.711255
0.711255
0.711255
0.711255
0.711255
0.711255
0.711255
0.711255
0.711255
0.711255
0.711255
0.711255
0.711255
0.711255
0.711255
0.711255
0.711255
0.711255
0.711255
0.711255
0.711255
0.711255
0.711255
0.711255
0.711255
0.711255
0.711255
0.711255
0.711255
0.711255
0.711255
0.711255
0.711255
0.711255
0.711255
0.711255
0.711255
0.711255
0.711255
0.711255
0.711255
0.711255
0.711255
0.711255
0.711255
0.711255
0.711255
0.711255
0.711255
0.711255
0.711255
0.711255
0.711255
0.711255
0.711255
0.711255
0.711255
0.711255
0.711255
0.711255
0.711255
0.711255
0.711255
0.711255
0.711255
0.711255
0.711255
0.711255
0.711255
0.711255
0.711255
0.711255
0.711255
0.711255
0.711255
0.711255
0.711255
0.711255
0.711255
0.711255
0.711255
0.711255
0.711255
0.711255
0.711255
0.711255
0.711255
0.711255
0.711255
0.711255
0.711255
0.711255
0.711255
0.711255
0.711255
0.711255
0.711255
0.711255
0.711255
0.711255
0.711255
0.711255
0.711255
0.711255
0.711255
0.711255
0.711255
0.711255
0.711255
0.711255
0.711255
0.711255
0.711255
0.711255
0.711255
0.711255
0.711255
0.711255
0.711255
0.711255
0.711255
0.711255
0.711255
0.711255
0.711255
0.711255
0.711255
0.711255
0.711255
0.711255
0.711255
0.711255
0.711255
0.711255
0.711255
0.711255
0.711255
0.711255
0.711255
0.711255
0.711255
0.711255
0.711255
0.711255
0.711255
0.711255
0.711255
0.711255
0.711255
0.711255
0.711255
0.711255
0.711255
0.711255
0.711255
0.711255
0.711255
0.711255
0.711255
0.711255
0.711255
0.711255
0.711255
0.711255
0.711255
0.711255
0.711255
0.711255
0.711255
0.711255
0.711255
0.711255
0.711255
0.711255
0.711255
0.711255
0.711255
0.711255
0.711255
0.711255
0.711255
0.711255
0.711255
0.711255
0.711255
0.711255
0.711255
0.711255
0.711255
0.711255
0.711255
0.711255
0.711255
0.711255
0.711255
0.711255
0.711255
0.711255
0.711255
0.711255
0.711255
0.711255
0.711255
0.711255
0.711255
0.711255
0.711255
0.711255
0.711255
0.711255
0.711255
0.711255
0.711255
0.711255
0.711255
0.711255
0.711255
0.711255
0.711255
0.711255
0.711255
0.711255
0.711255
0.711255
0.711255
0.711255
0.711255
0.711255
0.711255
0.711255
0.711255
0.711255
0.711255
0.711255
0.711255
0.711255
0.711255
0.711255
0.711255
0.711255
0.711255
0.711255
0.711255
0.711255
0.711255
0.711255
0.711255
0.711255
0.711255
0.711255
0.711255
0.711255
0.711255
0.711255
0.711255
0.711255
0.711255
0.711255
0.711255
0.711255
0.711255
0.711255
0.711255
0.711255
0.711255
0.711255
0.711255
0.711255
0.711255
0.711255
0.711255
0.711255
0.711255
0.711255
0.711255
0.711255
0.711255
0.711255
0.711255
0.711255
0.711255
0.711255
0.711255
0.711255
0.711255
0.711255
0.711255
0.711255
0.711255
0.711255
0.711255
0.711255
0.711255
0.711255
0.711255
0.711255
0.711255
0.711255
0.711255
0.711255
0.711255
0.711255
0.711255
0.711255
0.711255
0.711255
0.711255
0.711255
0.711255
0.711255
0.711255
0.711255
0.711255
0.711255
0.711255
0.711255
0.711255
0.711255
0.711255
0.711255
0.711255
0.711255
0.711255
0.711255
0.711255
0.711255
0.711255
0.711255
0.711255
0.711255
0.711255
0.711255
0.711255
0.711255
0.711255
0.711255
0.711255
0.711255
0.711255
0.711255
0.711255
0.711255
0.711255
0.711255
0.711255
0.711255
0.711255
0.711255
0.711255
0.711255
0.711255
0.711255
0.711255
0.711255
0.711255
0.711255
0.711255
0.711255
0.711255
0.711255
0.711255
0.711255
0.711255
0.711255
0.711255
0.711255
0.711255
0.711255
0.711255
0.711255
0.711255
0.711255
0.711255
0.711255
0.711255
0.711255
0.711255
0.711255
0.711255
0.711255
0.711255
0.711255
0.711255
0.711255
0.711255
0.711255
0.711255
0.711255
0.711255
0.711255
0.711255
0.711255
0.711255
0.711255
0.711255
0.711255
0.711255
0.711255
0.711255
0.711255
0.711255
0.711255
0.711255
0.711255
0.711255
0.711255
0.711255
0.711255
0.711255
0.711255
0.711255
0.711255
0.711255
0.711255
0.711255
0.711255
0.711255
0.711255
0.711255
0.711255
0.711255
0.711255
0.711255
0.711255
0.711255
0.711255
0.711255
0.711255
0.711255
0.711255
0.711255
0.711255
0.711255
0.711255
0.711255
0.711255
0.711255
0.711255
0.711255
0.711255
0.711255
0.711255
0.711255
0.711255
0.711255
0.711255
0.711255
0.711255
0.711255
0.711255
0.711255
0.711255
0.711255
0.711255
0.711255
0.711255
0.711255
0.711255
0.711255
0.711255
0.711255
0.711255
0.711255
0.711255
0.711255
0.711255
0.711255
0.711255
0.711255
0.711255
0.711255
0.711255
0.711255
0.711255
0.711255
0.711255
0.711255
0.711255
0.711255
0.711255
0.711255
0.711255
0.711255
0.711255
0.711255
0.711255
0.711255
0.711255
0.711255
0.711255
0.711255
0.711255
0.711255
0.711255
0.711255
0.711255
0.711255
0.711255
0.711255
0.711255
0.711255
0.711255
0.711255
0.711255
0.711255
0.711255
0.711255
0.711255
0.711255
0.711255
0.711255
0.711255
0.711255
0.711255
0.711255
0.711255
0.711255
0.711255
0.711255
0.711255
0.711255
0.711255
0.711255
0.711255
0.711255
0.711255
0.711255
0.711255
0.711255
0.711255
0.711255
0.711255
0.711255
0.711255
0.711255
0.711255
0.711255
0.711255
0.711255
0.711255
0.711255
0.711255
0.711255
0.711255
0.711255
0.711255
0.711255
0.711255
0.711255
0.711255
0.711255
0.711255
0.711255
0.711255
0.711255
0.711255
0.711255
0.711255
0.711255
0.711255
0.711255
0.711255
0.711255
0.711255
0.711255
0.711255
0.711255
0.711255
0.711255
0.711255
0.711255
0.711255
0.711255
0.711255
0.711255
0.711255
0.711255
0.711255
0.711255
0.711255
0.711255
0.711255
0.711255
0.711255
0.711255
0.711255
0.711255
0.711255
0.711255
0.711255
0.711255
0.711255
0.711255
0.711255
0.711255
0.711255
0.711255
0.711255
0.711255
0.711255
0.711255
0.711255
0.711255
0.711255
0.711255
0.711255
0.711255
0.711255
0.711255
0.711255
0.711255
0.711255
0.711255
0.711255
0.711255
0.711255
0.711255
0.711255
0.711255
0.711255
0.711255
0.711255
0.711255
0.711255
0.711255
0.711255
0.711255
0.711255
0.711255
0.711255
0.711255
0.711255
0.711255
0.711255
0.711255
0.711255
0.711255
0.711255
0.711255
0.711255
0.711255
0.711255
0.711255
0.711255
0.711255
0.711255
0.711255
0.711255
0.711255
0.711255
0.711255
0.711255
0.711255
0.711255
0.711255
0.711255
0.711255
0.711255
0.711255
0.711255
0.711255
0.711255
0.711255
0.711255
0.711255
0.711255
0.711255
0.711255
0.711255
0.711255
0.711255
0.711255
0.711255
0.711255
0.711255
0.711255
0.711255
0.711255
0.711255
0.711255
0.711255
0.711255
0.711255
0.711255
0.711255
0.711255
0.711255
0.711255
0.711255
0.711255
0.711255
0.711255
0.711255
0.711255
0.711255
0.711255
0.711255
0.711255
0.711255
0.711255
0.711255
0.711255
0.711255
0.711213
0.711172
0.711123
0.711083
0.711039
0.710989
0.710945
0.710898
0.710849
0.710799
0.710746
0.710697
0.710641
0.710584
0.710531
0.710475
0.710413
0.710343
0.71027
0.710191
0.710128
0.710072
0.710016
0.70996
0.709895
0.709835
0.709779
0.70972
0.709661
0.709599
0.709539
0.70948
0.709417
0.70936
0.709298
0.709219
0.709149
0.709069
0.709006
0.70894
0.708879
0.708815
0.708736
0.708658
0.708578
0.708501
0.708434
0.708368
0.708295
0.708228
0.708149
0.708063
0.707984
0.707902
0.707821
0.707733
0.70765
0.707561
0.707464
0.707374
0.707276
0.707183
0.70708
0.706982
0.706875
0.706779
0.706679
0.706575
0.706475
0.706372
0.706264
0.706161
0.706057
0.705954
0.705847
0.705744
0.705635
0.705529
0.705417
0.705302
0.705194
0.705075
0.704951
0.70484
0.704723
0.704587
0.704458
0.704326
0.704194
0.704059
0.70392
0.703773
0.703623
0.703473
0.703312
0.703156
0.703001
0.702845
0.702689
0.702537
0.702396
0.702252
0.702087
0.701922
0.701753
0.701584
0.701416
0.701252
0.701083
0.700922
0.70075
0.700572
0.700398
0.700219
0.700042
0.699868
0.699685
0.699514
0.69933
0.699149
0.69896
0.698766
0.698579
0.698387
0.698196
0.698004
0.697805
0.697604
0.697397
0.697193
0.696985
0.696783
0.696583
0.69638
0.696193
0.695978
0.695769
0.695532
0.695284
0.695034
0.694828
0.694621
0.694409
0.694197
0.69399
0.693785
0.693575
0.693364
0.693157
0.692948
0.692736
0.692535
0.692325
0.692123
0.691911
0.691692
0.691481
0.691262
0.691058
0.690851
0.690657
0.690447
0.690247
0.690035
0.689825
0.689625
0.689425
0.68923
0.68902
0.688816
0.688612
0.688407
0.68821
0.688013
0.687809
0.687612
0.687405
0.687206
0.687002
0.686806
0.686603
0.686414
0.686215
0.686016
0.685828
0.685638
0.685443
0.685243
0.685039
0.684836
0.684638
0.68444
0.684269
0.684074
0.6839
0.683706
0.683507
0.683321
0.68313
0.682945
0.682734
0.682302
0.682068
0.681834
0.681602
0.68136
0.680887
0.680665
0.68046
0.679998
0.679764
0.679518
0.679078
0.678832
0.678591
0.678327
0.678113
0.677853
0.677635
0.677386
0.677146
0.676701
0.67653
0.6763
0.676062
0.675602
0.675419
0.674949
0.674718
0.674483
0.674249
0.674016
0.67377
0.673558
0.673323
0.673095
0.672867
0.672649
0.672429
0.672189
0.671982
0.671752
0.671565
0.671392
0.671173
0.670954
0.670707
0.670478
0.670252
0.669827
0.669587
0.669384
0.669159
0.668934
0.668691
0.668489
0.668275
0.668061
0.667827
0.667613
0.667415
0.667205
0.667002
0.66683
0.666654
0.666442
0.666234
0.666029
0.665859
0.665687
0.66548
0.665279
0.665077
0.664915
0.664743
0.66457
0.6644
0.66423
0.664061
0.663895
0.663729
0.663562
0.663402
0.66324
0.663071
0.662901
0.662732
0.662568
0.6624
0.662234
0.662063
0.661894
0.661724
0.66156
0.661386
0.661214
0.661048
0.660885
0.66072
0.660549
0.66038
0.66022
0.660053
0.659886
0.659718
0.659544
0.659376
0.659216
0.659056
0.658893
0.658734
0.65857
0.658406
0.658242
0.65807
0.657909
0.657743
0.657573
0.657404
0.657243
0.657082
0.656922
0.65676
0.656598
0.656437
0.656273
0.65611
0.655946
0.655789
0.655635
0.655469
0.655306
0.655143
0.654981
0.65482
0.65466
0.654494
0.654334
0.654173
0.654004
0.653836
0.653687
0.653529
0.653361
0.653192
0.653027
0.652867
0.652703
0.652538
0.652376
0.65222
0.652057
0.651895
0.651738
0.651578
0.651417
0.651252
0.65109
0.650931
0.650767
0.650607
0.650475
0.650368
0.650289
0.650253
0.650247
0.65027
0.650309
0.650357
0.65041
0.650458
0.650492
0.650516
0.650525
0.650523
0.650514
0.650497
0.650475
0.650447
0.650419
0.650388
0.650356
0.650328
0.650299
0.650271
0.650245
0.650223
0.650203
0.65019
0.650184
0.650186
0.650194
0.650204
0.650212
0.650221
0.650218
0.650215
0.650205
0.650193
0.650182
0.650167
0.65015
0.650125
0.650108
0.650084
0.650063
0.650038
0.650013
0.649985
0.64996
0.649933
0.649905
0.64988
0.649856
0.649834
0.649814
0.649796
0.64978
0.649764
0.649746
0.649731
0.649715
0.649702
0.649687
0.649674
0.649666
0.649657
0.649651
0.649645
0.649641
0.64964
0.649636
0.649631
0.649623
0.649611
0.649602
0.64959
0.649579
0.649566
0.649555
0.649546
0.649535
0.649529
0.649525
0.64952
0.649518
0.649514
0.649509
0.649507
0.649505
0.649503
0.6495
0.649498
0.649495
0.649495
0.649496
0.649495
0.649491
0.649486
0.649483
0.64948
0.64947
0.649465
0.64946
0.649456
0.649449
0.649445
0.649442
0.649438
0.649433
0.649427
0.649422
0.649414
0.649409
0.649403
0.649396
0.649386
0.649376
0.649367
0.649359
0.649348
0.649338
0.649327
0.649313
0.649302
0.649291
0.649271
0.649255
0.649242
0.64923
0.649221
0.649209
0.649194
0.64918
0.649168
0.64915
0.649127
0.64911
0.649087
0.649065
0.649021
0.649002
0.648975
0.648953
0.648928
0.648901
0.648871
0.648846
0.648829
0.648804
0.648777
0.648754
0.648727
0.648698
0.648668
0.648645
0.648614
0.648586
0.648562
0.648535
0.648511
0.648491
0.648468
0.648442
0.648418
0.648394
0.648369
0.648346
0.648322
0.648299
0.648278
0.648257
0.648233
0.648207
0.648186
0.648163
0.64814
0.648116
0.648095
0.648074
0.64805
0.648027
0.648003
0.647982
0.64796
0.647938
0.647921
0.647905
0.647881
0.647861
0.647841
0.64782
0.6478
0.647778
0.64776
0.647742
0.647724
0.647709
0.647693
0.647673
0.647649
0.647631
0.647608
0.647587
0.647566
0.647543
0.647526
0.647506
0.647486
0.647468
0.64745
0.647428
0.64741
0.64739
0.64737
0.64735
0.647331
0.647313
0.64729
0.647272
0.647248
0.647227
0.647206
0.647182
0.647159
0.647138
0.647116
0.647093
0.64707
0.647047
0.647021
0.647002
0.646979
0.646958
0.646934
0.646913
0.64689
0.646872
0.646851
0.64683
0.646814
0.646797
0.646785
0.646771
0.646759
0.646747
0.646733
0.646721
0.646711
0.646701
0.646701
0.646701
0.646701
0.646701
0.646701
0.646701
0.646701
0.646701
0.646701
0.646701
0.646701
0.646701
0.646701
0.646701
0.646701
0.646701
0.646701
0.646701
0.646701
0.646701
0.646701
0.646701
0.646701
0.646701
0.646701
0.646701
0.646701
0.646701
0.646701
0.646701
0.646701
0.646701
0.646701
0.646701
0.646701
0.646701
0.646701
0.646701
0.646701
0.646701
0.646701
0.646701
0.646701
0.646701
0.646701
0.646701
0.646701
0.646701
0.646701
0.646701
0.646701
0.646701
0.646701
0.646701
0.646701
0.646701
0.646701
0.646701
0.646701
0.646701
0.646701
0.646701
0.646701
0.646701
0.646701
0.646701
0.646701
0.646701
0.646701
0.646701
0.646701
0.646701
0.646701
0.646701
0.646701
0.646701
0.646701
0.646701
0.646701
0.646701
0.646701
0.646701
0.646701
0.646701
0.646701
0.646701
0.646701
0.646701
0.646701
0.646701
0.646701
0.646701
0.646701
0.646701
0.646701
0.646701
0.646701
0.646701
0.646701
0.646701
0.646701
0.646701
0.646701
0.646701
0.646701
0.646701
0.646701
0.646701
0.646701
0.646701
0.646701
0.646701
0.646701
0.646701
0.646701
0.646701
0.646701
0.646701
0.646701
0.646701
0.646701
0.646701
0.646701
0.646701
0.646701
0.646701
0.646701
0.646701
0.646701
0.646701
0.646701
0.646701
0.646701
0.646701
0.646701
0.646701
0.646701
0.646701
0.646701
0.646701
0.646701
0.646701
0.646701
0.646701
0.646701
0.646701
0.646701
0.646701
0.646701
0.646701
0.646701
0.646701
0.646701
0.646701
0.646701
0.646701
0.646701
0.646701
0.646701
0.646701
0.646701
0.646701
0.646701
0.646701
0.646701
0.646701
0.646701
0.646701
0.646701
0.646701
0.646701
0.646701
0.646701
0.646701
0.646701
0.646701
0.646701
0.646701
0.646701
0.646701
0.646701
0.646701
0.646701
0.646701
0.646701
0.646701
0.646701
0.646701
0.646701
0.646701
0.646701
0.646701
0.646701
0.646701
0.646701
0.646701
0.646701
0.646701
0.646701
0.646701
0.646701
0.646701
0.646701
0.646701
0.646701
0.646701
0.646701
0.646701
0.646701
0.646701
0.646701
0.646701
0.646701
0.646701
0.646701
0.646701
0.646701
0.646701
0.646701
0.646701
0.646701
0.646701
0.646701
0.646701
0.646701
0.646701
0.646701
0.646701
0.646701
0.646701
0.646701
0.646701
0.646701
0.646701
0.646701
0.646701
0.646701
0.646701
0.646701
0.646701
0.646701
0.646701
0.646701
0.646701
0.646701
0.646701
0.646701
0.646701
0.646701
0.646701
0.646701
0.646701
0.646701
0.646701
0.646701
0.646701
0.646701
0.646701
0.646701
0.646701
0.646701
0.646701
0.646701
0.646701
0.646701
0.646701
0.646701
0.646701
0.646701
0.646701
0.646701
0.646701
0.646701
0.646701
0.646701
0.646701
0.646701
0.646701
0.646701
0.646701
0.646701
0.646701
0.646701
0.646701
0.646701
0.646701
0.646701
0.646701
0.646701
0.646701
0.646701
0.646701
0.646701
0.646701
0.646701
0.646701
0.646701
0.646701
0.646701
0.646701
0.646701
0.646701
0.646701
0.646701
0.646701
0.646701
0.646701
0.646701
0.646701
0.646701
0.646701
0.646701
0.646701
0.646701
0.646701
0.646701
0.646701
0.646701
0.646701
0.646701
0.646701
0.646701
0.646701
0.646701
0.646701
0.646701
0.646701
0.646701
0.646701
0.646701
0.646701
0.646701
0.646701
0.646701
0.646701
0.646701
0.646701
0.646701
0.646701
0.646701
0.646701
0.646701
0.646701
0.646701
0.646701
0.646701
0.646701
0.646701
0.646701
0.646701
0.646701
0.646701
0.646701
0.646701
0.646701
0.646701
0.646701
0.646701
0.646701
0.646701
0.646701
0.646701
0.646701
0.646701
0.646701
0.646701
0.646701
0.646701
0.646701
0.646701
0.646701
0.646701
0.646701
0.646701
0.646701
0.646701
0.646701
0.646701
0.646701
0.646701
0.646701
0.646701
0.646701
0.646701
0.646701
0.646701
0.646701
0.646701
0.646701
0.646701
0.646701
0.646701
0.646701
0.646701
0.646701
0.646701
0.646701
0.646701
0.646701
0.646701
0.646701
0.646701
0.646701
0.646701
0.646701
0.646701
0.646701
0.646701
0.646701
0.646701
0.646701
0.646701
0.646701
0.646701
0.646701
0.646701
0.646701
0.646701
0.646701
0.646701
0.646701
0.646701
0.646701
0.646701
0.646701
0.646701
0.646701
0.646701
0.646701
0.646701
0.646701
0.646701
0.646701
0.646701
0.646701
0.646701
0.646701
0.646701
0.646701
0.646701
0.646701
0.646701
0.646701
0.646701
0.646701
0.646701
0.646701
0.646701
0.646701
0.646701
0.646701
0.646701
0.646701
0.646701
0.646701
0.646701
0.646701
0.646701
0.646701
0.646701
0.646701
0.646701
0.646701
0.646701
0.646701
0.646701
0.646701
0.646701
0.646701
0.646701
0.646701
0.646701
0.646701
0.646601
0.646489
0.646383
0.646279
0.646164
0.646063
0.645952
0.645844
0.645736
0.645628
0.645517
0.645409
0.645307
0.645209
0.645111
0.64501
0.644905
0.644808
0.644708
0.644601
0.6445
0.644396
0.644288
0.644187
0.644086
0.643984
0.643887
0.643788
0.643687
0.643589
0.64349
0.643391
0.643298
0.643205
0.643109
0.643021
0.642934
0.642844
0.642761
0.642677
0.642594
0.642506
0.642423
0.642319
0.642216
0.642108
0.642024
0.641939
0.641849
0.641766
0.641678
0.641599
0.641514
0.641435
0.641327
0.641236
0.641137
0.641037
0.640935
0.640836
0.640739
0.640638
0.640538
0.640443
0.640349
0.640253
0.64016
0.639996
0.639919
0.639825
0.639736
0.63957
0.639499
0.63941
0.639317
0.639225
0.639131
0.639053
0.638977
0.638899
0.638823
0.638725
0.638635
0.638539
0.638444
0.638351
0.638255
0.638159
0.638065
0.637973
0.637874
0.637781
0.637693
0.637589
0.637508
0.637429
0.637341
0.637256
0.637165
0.637077
0.636988
0.636897
0.636812
0.636722
0.636636
0.636548
0.636453
0.636365
0.636277
0.636186
0.6361
0.636008
0.635914
0.635819
0.63572
0.635624
0.635529
0.635426
0.635327
0.635224
0.63512
0.635015
0.634914
0.634809
0.634713
0.634611
0.634507
0.634405
0.634302
0.634202
0.6341
0.633995
0.633892
0.633792
0.633684
0.633582
0.633479
0.633381
0.633282
0.63318
0.633078
0.63298
0.632875
0.632777
0.632674
0.632572
0.632467
0.632365
0.63226
0.632155
0.632053
0.631948
0.631843
0.631748
0.631649
0.631541
0.631442
0.631341
0.631242
0.631142
0.631034
0.630928
0.630831
0.630731
0.630632
0.630532
0.63044
0.63035
0.630263
0.630168
0.630078
0.629995
0.629902
0.629812
0.629722
0.629635
0.629541
0.629452
0.629362
0.629274
0.629183
0.629102
0.629017
0.62893
0.628841
0.62875
0.628656
0.628569
0.628478
0.628367
0.628253
0.628138
0.628033
0.627947
0.627837
0.627731
0.627623
0.627519
0.627416
0.627314
0.627117
0.627037
0.626929
0.626824
0.626721
0.626534
0.626444
0.626345
0.626252
0.626149
0.626051
0.625945
0.625838
0.625721
0.625613
0.625499
0.625383
0.625271
0.625163
0.625058
0.624968
0.624762
0.624675
0.624563
0.624447
0.62423
0.624143
0.624031
0.623917
0.623828
0.623734
0.623645
0.623553
0.623457
0.623361
0.623264
0.623169
0.623056
0.622934
0.622714
0.622619
0.622391
0.622299
0.622178
0.622054
0.621942
0.621847
0.621742
0.621647
0.621554
0.621462
0.621364
0.62127
0.621171
0.621079
0.620973
0.620873
0.620769
0.620668
0.620567
0.620464
0.620348
0.620223
0.620108
0.619986
0.619886
0.619788
0.619687
0.619585
0.619482
0.619381
0.619283
0.61918
0.619073
0.618976
0.618876
0.618772
0.618664
0.61856
0.618453
0.618345
0.618241
0.618137
0.61803
0.617929
0.617828
0.617721
0.617616
0.617518
0.617413
0.617303
0.617196
0.617092
0.616989
0.616886
0.616783
0.616678
0.616578
0.616471
0.616368
0.616262
0.616164
0.616059
0.61596
0.61586
0.615764
0.615666
0.615557
0.615459
0.615354
0.615252
0.615142
0.615034
0.61493
0.614823
0.614716
0.614615
0.614514
0.61441
0.614307
0.614204
0.614097
0.61399
0.613886
0.613782
0.613682
0.613573
0.613477
0.613375
0.613274
0.613178
0.613079
0.612977
0.612883
0.612783
0.612681
0.612583
0.612487
0.612388
0.61229
0.612192
0.612096
0.612
0.611902
0.611804
0.611709
0.611607
0.611509
0.611412
0.611309
0.611209
0.611117
0.61102
0.610923
0.610822
0.610725
0.610633
0.610536
0.610441
0.61035
0.610259
0.61017
0.610086
0.609994
0.609907
0.609828
0.609744
0.609664
0.609588
0.609503
0.609416
0.609326
0.609235
0.609145
0.609054
0.608961
0.608875
0.608786
0.608696
0.608607
0.608525
0.608436
0.608355
0.60827
0.608185
0.608102
0.608019
0.607937
0.607852
0.607769
0.607691
0.607608
0.607532
0.607453
0.607369
0.60729
0.607209
0.607127
0.607053
0.606975
0.606893
0.606815
0.606745
0.606669
0.606599
0.606532
0.606462
0.60639
0.606329
0.606266
0.606204
0.60614
0.606068
0.606005
0.60594
0.605874
0.605817
0.605754
0.605688
0.605625
0.605565
0.605498
0.605438
0.605377
0.605316
0.605256
0.605192
0.60513
0.605066
0.605008
0.604949
0.604885
0.604825
0.604764
0.604698
0.604636
0.604576
0.604517
0.604459
0.604399
0.604337
0.604273
0.604213
0.604157
0.6041
0.604038
0.603983
0.603925
0.603869
0.603811
0.603755
0.603694
0.603634
0.603573
0.603518
0.603454
0.603393
0.603335
0.603274
0.603207
0.603144
0.603077
0.603009
0.602943
0.602875
0.602806
0.602736
0.602669
0.602598
0.602528
0.602461
0.602392
0.602328
0.602255
0.602194
0.602138
0.602069
0.602002
0.60193
0.601859
0.60179
0.601721
0.601652
0.60158
0.601498
0.601413
0.601332
0.601254
0.60117
0.601097
0.601027
0.600957
0.600881
0.600808
0.600732
0.600653
0.600578
0.600502
0.600421
0.60034
0.600259
0.600184
0.600109
0.600034
0.599956
0.599878
0.599801
0.599728
0.599647
0.599563
0.599483
0.599386
0.599287
0.599185
0.599087
0.599011
0.598924
0.598839
0.598761
0.598656
0.598555
0.59845
0.598352
0.59827
0.598181
0.598097
0.598015
0.597935
0.597854
0.597782
0.597699
0.597622
0.597545
0.59746
0.597377
0.597292
0.59721
0.597132
0.59705
0.596968
0.596881
0.596803
0.596736
0.596663
0.59657
0.596494
0.596412
0.59632
0.596227
0.596139
0.596055
0.595963
0.595867
0.595773
0.595684
0.595595
0.595503
0.595413
0.595322
0.595229
0.595143
0.595054
0.594962
0.594866
0.594771
0.594673
0.594578
0.594484
0.594387
0.594293
0.594197
0.594101
0.593999
0.593898
0.5938
0.593698
0.593597
0.593509
0.593418
0.593325
0.593225
0.593135
0.593043
0.592938
0.592844
0.592746
0.592644
0.592547
0.59244
0.592336
0.592231
0.592127
0.592022
0.591912
0.591802
0.591701
0.591599
0.591485
0.59137
0.591254
0.591139
0.591021
0.590906
0.590792
0.590676
0.590561
0.590442
0.590319
0.5902
0.590078
0.58996
0.589842
0.589726
0.589601
0.589475
0.58935
0.589217
0.58909
0.588965
0.588839
0.588709
0.588582
0.588454
0.588324
0.588203
0.588074
0.587941
0.587806
0.587668
0.587534
0.587401
0.587264
0.587127
0.586984
0.586845
0.586706
0.586564
0.586425
0.586282
0.586145
0.586009
0.585865
0.585719
0.585575
0.585431
0.585286
0.585139
0.584991
0.584842
0.584701
0.584549
0.584401
0.58425
0.5841
0.583947
0.583798
0.583641
0.583488
0.583341
0.583187
0.583035
0.582882
0.582728
0.58257
0.582415
0.582258
0.582106
0.581956
0.581799
0.581642
0.58149
0.581332
0.581181
0.581019
0.580889
0.580784
0.580706
0.580659
0.580636
0.580619
0.580608
0.580595
0.580574
0.580543
0.580498
0.580442
0.580376
0.580291
0.580215
0.580139
0.580061
0.579986
0.579923
0.57987
0.579832
0.579803
0.579774
0.579748
0.57973
0.579714
0.579706
0.579693
0.579678
0.579653
0.579622
0.579581
0.579534
0.579479
0.579419
0.579359
0.579299
0.579241
0.57919
0.579149
0.579113
0.579079
0.579047
0.579022
0.578997
0.578969
0.578938
0.578906
0.578871
0.578833
0.578801
0.578773
0.578751
0.578735
0.578729
0.578727
0.578723
0.57872
0.578717
0.578711
0.578704
0.578693
0.578684
0.578677
0.578668
0.578666
0.578666
0.578664
0.578666
0.578666
0.578665
0.578666
0.578661
0.578657
0.578653
0.578648
0.578642
0.578638
0.578636
0.578636
0.578636
0.578636
0.578638
0.578638
0.578636
0.578634
0.578634
0.578629
0.578627
0.578623
0.578619
0.578617
0.578617
0.578615
0.578614
0.578612
0.57861
0.578608
0.578608
0.578606
0.578606
0.578604
0.578606
0.578606
0.57861
0.57861
0.57861
0.57861
0.57861
0.57861
0.57861
0.578612
0.578612
0.578612
0.578614
0.578614
0.578614
0.578612
0.578612
0.578612
0.578612
0.578612
0.578612
0.578612
0.578612
0.578612
0.57861
0.57861
0.57861
0.57861
0.578608
0.578608
0.578608
0.578608
0.578608
0.578608
0.578608
0.578608
0.578608
0.578606
0.578606
0.578606
0.578606
0.578606
0.578606
0.578606
0.578606
0.578606
0.578606
0.578606
0.578606
0.578606
0.578606
0.578608
0.578608
0.578608
0.578608
0.578608
0.578608
0.578608
0.578608
0.578608
0.578608
0.578608
0.578608
0.57861
0.57861
0.57861
0.57861
0.578612
0.578612
0.578612
0.578615
0.578615
0.578617
0.578619
0.578619
0.578621
0.578624
0.578624
0.578626
0.578628
0.578632
0.578632
0.578633
0.578635
0.578637
0.578641
0.578641
0.578643
0.578643
0.578645
0.578646
0.578646
0.578648
0.578648
0.578649
0.578652
0.578654
0.578652
0.578656
0.578656
0.578658
0.578658
0.578662
0.578662
0.578662
0.578663
0.578663
0.578665
0.578664
0.578666
0.578666
0.578667
0.578669
0.578669
0.578671
0.578673
0.578675
0.578677
0.578679
0.578681
0.578683
0.578685
0.578687
0.578689
0.578695
0.578697
0.578699
0.578703
0.578705
0.578706
0.578708
0.57871
0.578714
0.578716
0.57872
0.578722
0.578724
0.578728
0.57873
0.578732
0.578734
0.578736
0.578736
0.578738
0.57874
0.578742
0.578742
0.578744
0.578745
0.578745
0.578743
0.578745
0.578747
0.578749
0.578749
0.578751
0.578752
0.578754
0.578754
0.578756
0.578758
0.578759
0.578759
0.578761
0.578763
0.578763
0.578764
0.578762
0.578764
0.578762
0.57876
0.57876
0.578758
0.578756
0.578753
0.578751
0.578751
0.578749
0.578749
0.578747
0.578747
0.578745
0.578745
0.578739
0.578737
0.578735
0.578735
0.578732
0.578732
0.578728
0.578728
0.578724
0.578724
0.57872
0.578719
0.578717
0.578717
0.578713
0.578711
0.578709
0.578707
0.578707
0.578704
0.578704
0.578702
0.578702
0.578702
0.578702
0.578698
0.578698
0.578698
0.578696
0.578696
0.578694
0.578694
0.578692
0.578692
0.57869
0.57869
0.578689
0.578689
0.578689
0.578687
0.578687
0.578685
0.578685
0.578683
0.578683
0.578683
0.578682
0.578682
0.578682
0.57868
0.57868
0.578678
0.578678
0.578676
0.578675
0.578675
0.578673
0.578671
0.578671
0.578671
0.578671
0.57867
0.57867
0.578668
0.578668
0.578664
0.578664
0.578664
0.578664
0.578666
0.578666
0.578668
0.578668
0.578668
0.578668
0.578668
0.578668
0.578668
0.578668
0.578668
0.578668
0.57867
0.57867
0.57867
0.578671
0.578671
0.578673
0.578675
0.578675
0.578675
0.578675
0.578679
0.578681
0.578681
0.578681
0.578683
0.578685
0.578685
0.578685
0.578686
0.578686
0.57869
0.578688
0.57869
0.578692
0.578694
0.578695
0.578699
0.578701
0.578705
0.578707
0.578708
0.578712
0.578716
0.578718
0.578721
0.578725
0.578729
0.578731
0.578736
0.57874
0.578746
0.578749
0.578751
0.578757
0.57876
0.578764
0.578767
0.578773
0.578776
0.578782
0.578785
0.578792
0.578797
0.578803
0.578812
0.578817
0.578826
0.578833
0.57884
0.578845
0.578852
0.578859
0.578866
0.578876
0.578883
0.578892
0.578899
0.578906
0.578914
0.578921
0.57893
0.578939
0.578949
0.57896
0.578972
0.578985
0.579
0.579014
0.57903
0.57905
0.57907
0.579088
0.579104
0.579124
0.579145
0.579163
0.579187
0.579207
0.579224
0.579242
0.579262
0.579283
0.579305
0.57933
0.579353
0.579371
0.5794
0.579426
0.579453
0.57948
0.579505
0.579529
0.579543
0.579564
0.57959
0.579611
0.579635
0.579658
0.579684
0.579709
0.579736
0.579764
0.579791
0.57982
0.579848
0.579875
0.579906
0.579939
0.579969
0.580002
0.580032
0.580069
0.580102
0.580137
0.580169
0.580201
0.58024
0.580276
0.58031
0.580349
0.580389
0.58043
0.580474
0.580516
0.580565
0.580613
0.580659
0.580709
0.580757
0.580807
0.580859
0.580913
0.580965
0.581023
0.581078
0.581136
0.581195
0.58126
0.581324
0.581387
0.581456
0.581525
0.581594
0.581663
0.581734
0.581803
0.581874
0.581952
0.582028
0.582096
0.582172
0.582242
0.582318
0.582398
0.582476
0.582559
0.582638
0.582723
0.582806
0.582881
0.582957
0.583039
0.583122
0.58321
0.583301
0.583387
0.583478
0.583571
0.583662
0.583752
0.583847
0.583952
0.58405
0.584155
0.584256
0.584342
0.584435
0.584528
0.584626
0.584726
0.584826
0.584925
0.585029
0.585133
0.58524
0.585352
0.585464
0.585575
0.585688
0.585797
0.585901
0.586017
0.586136
0.586254
0.586372
0.586489
0.586608
0.586724
0.586847
0.586974
0.587103
0.587231
0.587354
0.587476
0.587605
0.587733
0.587864
0.588002
0.588139
0.588279
0.588425
0.58857
0.58872
0.588871
0.589017
0.589166
0.589306
0.589462
0.589615
0.589775
0.589941
0.590093
0.590252
0.590414
0.590584
0.590753
0.590917
0.591088
0.591257
0.591415
0.591587
0.591766
0.591944
0.592124
0.592304
0.592482
0.592668
0.592854
0.593039
0.593229
0.593412
0.593603
0.5938
0.593999
0.594197
0.594393
0.594584
0.594786
0.594981
0.595179
0.595383
0.595591
0.595799
0.596004
0.596212
0.596416
0.596633
0.596849
0.597067
0.59728
0.597497
0.597719
0.597942
0.598164
0.598382
0.598603
0.598834
0.599062
0.599294
0.599523
0.599748
0.599984
0.600212
0.600443
0.600675
0.600913
0.601149
0.60138
0.601616
0.601847
0.602085
0.602326
0.60256
0.602799
0.603039
0.603284
0.603519
0.60376
0.603999
0.604241
0.604486
0.604729
0.604966
0.605213
0.605457
0.605699
0.605938
0.606183
0.606438
0.60669
0.606939
0.60719
0.607444
0.6077
0.607948
0.6082
0.608458
0.608708
0.609006
0.609302
0.609612
0.609922
0.610174
0.61042
0.610684
0.610943
0.611201
0.61146
0.611712
0.611961
0.612224
0.612482
0.612742
0.613007
0.613314
0.613627
0.613931
0.614238
0.614546
0.614805
0.615068
0.615339
0.615598
0.61586
0.616126
0.616397
0.616664
0.61693
0.617182
0.61744
0.617708
0.617971
0.618231
0.618493
0.618759
0.619019
0.619296
0.619563
0.619837
0.620107
0.620368
0.620622
0.620887
0.621207
0.621519
0.621838
0.62216
0.622482
0.622807
0.623131
0.623461
0.623789
0.624103
0.624426
0.624763
0.625091
0.625415
0.625984
0.626259
0.62661
0.626932
0.62726
0.62753
0.627805
0.628066
0.628333
0.628596
0.628866
0.629133
0.629401
0.629675
0.62994
0.630195
0.630455
0.630709
0.63097
0.631237
0.631502
0.631759
0.631981
0.63224
0.632495
0.632748
0.632991
0.633212
0.633458
0.633707
0.63396
0.634209
0.634453
0.634696
0.634928
0.635168
0.635398
0.635632
0.635865
0.636108
0.636354
0.636586
0.636816
0.637043
0.637279
0.637512
0.637751
0.637975
0.638194
0.638427
0.638656
0.638857
0.639055
0.639248
0.639465
0.639655
0.639874
0.640094
0.640313
0.64053
0.640745
0.640954
0.641166
0.641368
0.641579
0.641789
0.641995
0.642201
0.642409
0.64262
0.642818
0.643019
0.643216
0.643414
0.643616
0.643811
0.644012
0.644213
0.644403
0.644593
0.644786
0.644976
0.645167
0.645364
0.645548
0.64574
0.645926
0.646108
0.646303
0.646491
0.646671
0.646862
0.647053
0.647236
0.647423
0.647601
0.647776
0.647963
0.648146
0.648332
0.648512
0.648703
0.64888
0.649054
0.649234
0.649403
0.649581
0.649754
0.649925
0.650097
0.650267
0.650436
0.650604
0.650776
0.65095
0.651113
0.65128
0.651442
0.651595
0.651755
0.651916
0.652081
0.652243
0.652402
0.652565
0.65272
0.652875
0.653021
0.653158
0.653309
0.653458
0.653604
0.653751
0.653893
0.654047
0.654192
0.654333
0.654474
0.65461
0.654742
0.654881
0.655009
0.655138
0.655265
0.655398
0.655527
0.655654
0.655781
0.655902
0.656031
0.656148
0.656269
0.656389
0.656504
0.656621
0.656739
0.656851
0.656977
0.657089
0.657203
0.657323
0.657435
0.657547
0.657658
0.657763
0.657873
0.657975
0.658073
0.658178
0.658284
0.658401
0.658519
0.65864
0.658756
0.65887
0.658962
0.659061
0.659164
0.659273
0.659378
0.659482
0.659594
0.659704
0.659817
0.659928
0.660045
0.660153
0.660261
0.660362
0.660477
0.660577
0.660682
0.660799
0.660912
0.661044
0.66119
0.66133
0.661464
0.661577
0.661693
0.66181
0.661935
0.662062
0.662189
0.662327
0.662457
0.662581
0.662713
0.662836
0.662969
0.663105
0.663241
0.663382
0.663517
0.663654
0.663794
0.663928
0.664062
0.664198
0.664336
0.664474
0.664608
0.664743
0.664873
0.665008
0.665138
0.665265
0.665392
0.665513
0.665637
0.665761
0.665878
0.665996
0.666118
0.666234
0.666349
0.666469
0.666591
0.666706
0.666823
0.66694
0.667058
0.66717
0.66729
0.667404
0.667513
0.667632
0.667754
0.667873
0.667993
0.668115
0.668232
0.668354
0.668477
0.66859
0.668705
0.668823
0.668943
0.669058
0.669168
0.669279
0.669388
0.669491
0.669598
0.669706
0.669808
0.669917
0.670018
0.670126
0.670226
0.670329
0.67043
0.670533
0.670627
0.670723
0.670823
0.670918
0.671012
0.671108
0.671201
0.671299
0.671392
0.671485
0.671581
0.671676
0.671764
0.671857
0.671948
0.672025
0.672115
0.672203
0.672292
0.672377
0.672455
0.672536
0.672611
0.672681
0.672756
0.672819
0.672883
0.672945
0.673002
0.673061
0.673118
0.673188
0.67325
0.67331
0.673367
0.673429
0.673483
0.673532
0.673576
0.673624
0.673667
0.673706
0.673744
0.673778
0.673816
0.673848
0.673875
0.673901
0.67394
0.673959
0.673986
0.674002
0.674013
0.674019
0.674025
0.674023
0.674021
0.674015
0.674004
0.673989
0.673974
0.673951
0.673931
0.673907
0.673879
0.67385
0.673826
0.673798
0.67377
0.673739
0.673708
0.673675
0.673642
0.673604
0.673567
0.673531
0.673495
0.673455
0.673408
0.673363
0.673323
0.673275
0.673235
0.67319
0.673139
0.673096
0.673052
0.673012
0.672964
0.672919
0.672877
0.672834
0.672788
0.672744
0.672701
0.672659
0.672614
0.67257
0.672522
0.672475
0.672427
0.672383
0.672336
0.672285
0.672239
0.672189
0.672142
0.67209
0.672039
0.671987
0.671934
0.67188
0.671824
0.671764
0.671705
0.671646
0.671586
0.671526
0.671462
0.671399
0.671335
0.671275
0.671209
0.671147
0.671082
0.671023
0.670966
0.670907
0.670851
0.670807
0.670755
0.670697
0.67065
0.6706
0.670549
0.670498
0.670449
0.6704
0.670355
0.670307
0.670259
0.670207
0.670161
0.670113
0.670073
0.670028
0.669982
0.66994
0.669892
0.669846
0.669805
0.669757
0.669714
0.669665
0.669615
0.669568
0.669518
0.669518
0.669518
0.669518
0.669518
0.669518
0.669518
0.669518
0.669518
0.669518
0.669518
0.669518
0.669518
0.669518
0.669518
0.669518
0.669518
0.669518
0.669518
0.669518
0.669518
0.669518
0.669518
0.669518
0.669518
0.669518
0.669518
0.669518
0.669518
0.669518
0.669518
0.669518
0.669518
0.669518
0.669518
0.669518
0.669518
0.669518
0.669518
0.669518
0.669518
0.669518
0.669518
0.669518
0.669518
0.669518
0.669518
0.669518
0.669518
0.669518
0.669518
0.669518
0.669518
0.669518
0.669518
0.669518
0.669518
0.669518
0.669518
0.669518
0.669518
0.669518
0.669518
0.669518
0.669518
0.669518
0.669518
0.669518
0.669518
0.669518
0.669518
0.669518
0.669518
0.669518
0.669518
0.669518
0.669518
0.669518
0.669518
0.669518
0.669518
0.669518
0.669518
0.669518
0.669518
0.669518
0.669518
0.669518
0.669518
0.669518
0.669518
0.669518
0.669518
0.669518
0.669518
0.669518
0.669518
0.669518
0.669518
0.669518
0.669518
0.669518
0.669518
0.669518
0.669518
0.669518
0.669518
0.669518
0.669518
0.669518
0.669518
0.669518
0.669518
0.669518
0.669518
0.669518
0.669518
0.669518
0.669518
0.669518
0.669518
0.669518
0.669518
0.669518
0.669518
0.669518
0.669518
0.669518
0.669518
0.669518
0.669518
0.669518
0.669518
0.669518
0.669518
0.669518
0.669518
0.669518
0.669518
0.669518
0.669518
0.669518
0.669518
0.669518
0.669518
0.669518
0.669518
0.669518
0.669518
0.669518
0.669518
0.669518
0.669518
0.669518
0.669518
0.669518
0.669518
0.669518
0.669518
0.669518
0.669518
0.669518
0.669518
0.669518
0.669518
0.669518
0.669518
0.669518
0.669518
0.669518
0.669518
0.669518
0.669518
0.669518
0.669518
0.669518
0.669518
0.669518
0.669518
0.669518
0.669518
0.669518
0.669518
0.669518
0.669518
0.669518
0.669518
0.669518
0.669518
0.669518
0.669518
0.669518
0.669518
0.669518
0.669518
0.669518
0.669518
0.669518
0.669518
0.669518
0.669518
0.669518
0.669518
0.669518
0.669518
0.669518
0.669518
0.669518
0.669518
0.669518
0.669518
0.669518
0.669518
0.669518
0.669518
0.669518
0.669518
0.669518
0.669518
0.669518
0.669518
0.669518
0.669518
0.669518
0.669518
0.669518
0.669518
0.669518
0.669518
0.669518
0.669518
0.669518
0.669518
0.669518
0.669518
0.669518
0.669518
0.669518
0.669518
0.669518
0.669518
0.669518
0.669518
0.669518
0.669518
0.669518
0.669518
0.669518
0.669518
0.669518
0.669518
0.669518
0.669518
0.669518
0.669518
0.669518
0.669518
0.669518
0.669518
0.669518
0.669518
0.669518
0.669518
0.669518
0.669518
0.669518
0.669518
0.669518
0.669518
0.669518
0.669518
0.669518
0.669518
0.669518
0.669518
0.669518
0.669518
0.669518
0.669518
0.669518
0.669518
0.669518
0.669518
0.669518
0.669518
0.669518
0.669518
0.669518
0.669518
0.669518
0.669518
0.669518
0.669518
0.669518
0.669518
0.669518
0.669518
0.669518
0.669518
0.669518
0.669518
0.669518
0.669518
0.669518
0.669518
0.669518
0.669518
0.669518
0.669518
0.669518
0.669518
0.669518
0.669518
0.669518
0.669518
0.669518
0.669518
0.669518
0.669518
0.669518
0.669518
0.669518
0.669518
0.669518
0.669518
0.669518
0.669518
0.669518
0.669518
0.669518
0.669518
0.669518
0.669518
0.669518
0.669518
0.669518
0.669518
0.669518
0.669518
0.669518
0.669518
0.669518
0.669518
0.669518
0.669518
0.669518
0.669518
0.669518
0.669518
0.669518
0.669518
0.669518
0.669518
0.669518
0.669518
0.669518
0.669518
0.669518
0.669518
0.669518
0.669518
0.669518
0.669518
0.669518
0.669518
0.669518
0.669518
0.669518
0.669518
0.669518
0.669518
0.669518
0.669518
0.669518
0.669518
0.669518
0.669518
0.669518
0.669518
0.669518
0.669518
0.669518
0.669518
0.669518
0.669518
0.669518
0.669518
0.669518
0.669518
0.669518
0.669518
0.669518
0.669518
0.669518
0.669518
0.669518
0.669518
0.669518
0.669518
0.669518
0.669518
0.669518
0.669518
0.669518
0.669518
0.669518
0.669518
0.669518
0.669518
0.669518
0.669518
0.669518
0.669518
0.669518
0.669518
0.669518
0.669518
0.669518
0.669518
0.669518
0.669518
0.669518
0.669518
0.669518
0.669518
0.669518
0.669518
0.669518
0.669518
0.669518
0.669518
0.669518
0.669518
0.669518
0.669518
0.669518
0.669518
0.669518
0.669518
0.669518
0.669518
0.669518
0.669518
0.669518
0.669518
0.669518
0.669518
0.669518
0.669518
0.669518
0.669518
0.669518
0.669518
0.669518
0.669518
0.669518
0.669518
0.669518
0.669518
0.669518
0.669518
0.669518
0.669518
0.669518
0.669518
0.669518
0.669518
0.669518
0.669518
0.669518
0.669518
0.669518
0.669518
0.669518
0.669518
0.669518
0.669518
0.669518
0.669518
0.669518
0.669518
0.669518
0.669518
0.669518
0.669518
0.669518
0.669518
0.669518
0.669518
0.669518
0.669518
0.669518
0.669518
0.669518
0.669518
0.669518
0.669518
0.669518
0.669518
0.669518
0.669518
0.669518
0.669518
0.669518
0.669518
0.669518
0.669518
0.669518
0.669518
0.669518
0.669518
0.669518
0.669518
0.669518
0.669518
0.669518
0.669518
0.669518
0.669518
0.669518
0.669518
0.669518
0.669518
0.669518
0.669518
0.669518
0.669518
0.669518
0.669518
0.669518
0.669518
0.669518
0.669518
0.669518
0.669518
0.669518
0.669518
0.669518
0.669518
0.669518
0.669518
0.669518
0.669518
0.669518
0.669518
0.669518
0.669518
0.669518
0.669518
0.669518
0.669518
0.669518
0.669518
0.669518
0.669518
0.669518
0.669518
0.669518
0.669518
0.669518
0.669518
0.669518
0.669518
0.669518
0.669518
0.669518
0.669518
0.669518
0.669518
0.669518
0.669518
0.669518
0.669518
0.669518
0.669518
0.669518
0.669518
0.669518
0.669518
0.669518
0.669518
0.669518
0.669518
0.669518
0.669518
0.669518
0.669518
0.669518
0.669518
0.669518
0.669518
0.669518
0.669518
0.669518
0.669518
0.669518
0.669518
0.669518
0.669518
0.669518
0.669518
0.669518
0.669518
0.669518
0.669518
0.669518
0.669518
0.669518
0.669518
0.669518
0.669518
0.669518
0.669518
0.669518
0.669518
0.669518
0.669518
0.669518
0.669518
0.669518
0.669518
0.669518
0.669518
0.669518
0.669518
0.669518
0.669518
0.669518
0.669518
0.669518
0.669518
0.669518
0.669518
0.669518
0.669518
0.669518
0.669518
0.669518
0.669518
0.669518
0.669518
0.669518
0.669518
0.669518
0.669518
0.669518
0.669518
0.669518
0.669518
0.669518
0.669518
0.669518
0.669518
0.669518
0.669518
0.669518
0.669518
0.669518
0.669518
0.669518
0.669518
0.669518
0.669518
0.669518
0.669518
0.669518
0.669518
0.669518
0.669518
0.669518
0.669518
0.669518
0.669518
0.669518
0.669518
0.669518
0.669518
0.669518
0.669518
0.669518
0.669518
0.669518
