0.4919
0.4919
0.4919
0.4919
0.4919
0.4919
0.4919
0.4919
0.491901
0.491901
0.491901
0.491901
0.491901
0.491901
0.491901
0.491901
0.491901
0.491901
0.491901
0.491902
0.491902
0.491902
0.491902
0.491902
0.491902
0.491902
0.491903
0.491903
0.491903
0.491903
0.491903
0.491903
0.491904
0.491904
0.491904
0.491904
0.491905
0.491905
0.491905
0.491906
0.491906
0.491906
0.491907
0.491907
0.491907
0.491908
0.491908
0.491909
0.491909
0.49191
0.49191
0.49191
0.491911
0.491911
0.491912
0.491912
0.491913
0.491913
0.491914
0.491914
0.491915
0.491915
0.491915
0.491916
0.491916
0.491917
0.491917
0.491918
0.491918
0.491919
0.491919
0.49192
0.49192
0.491921
0.491921
0.491922
0.491922
0.491922
0.491923
0.491923
0.491924
0.491924
0.491925
0.491925
0.491925
0.491926
0.491926
0.491927
0.491927
0.491928
0.491928
0.491929
0.491929
0.49193
0.49193
0.491931
0.491931
0.491932
0.491932
0.491932
0.491933
0.491933
0.491934
0.491934
0.491934
0.491935
0.491935
0.491935
0.491936
0.491936
0.491936
0.491937
0.491937
0.491938
0.491938
0.491939
0.491939
0.49194
0.49194
0.491941
0.491941
0.491942
0.491943
0.491943
0.491944
0.491944
0.491945
0.491946
0.491946
0.491947
0.491947
0.491948
0.491949
0.491949
0.49195
0.49195
0.491951
0.491951
0.491952
0.491953
0.491953
0.491954
0.491954
0.491955
0.491955
0.491956
0.491956
0.491957
0.491957
0.491958
0.491958
0.491959
0.491959
0.49196
0.49196
0.491961
0.491961
0.491962
0.491962
0.491963
0.491964
0.491964
0.491965
0.491965
0.491966
0.491967
0.491967
0.491968
0.491969
0.491969
0.49197
0.49197
0.491971
0.491972
0.491972
0.491973
0.491973
0.491974
0.491974
0.491975
0.491975
0.491976
0.491976
0.491977
0.491977
0.491978
0.491979
0.491979
0.49198
0.49198
0.491981
0.491981
0.491982
0.491982
0.491983
0.491983
0.491984
0.491984
0.491985
0.491985
0.491986
0.491986
0.491987
0.491987
0.491988
0.491988
0.491989
0.491989
0.49199
0.49199
0.491991
0.491991
0.491992
0.491992
0.491993
0.491993
0.491994
0.491994
0.491995
0.491995
0.491996
0.491997
0.491997
0.491998
0.491999
0.491999
0.492
0.492001
0.492001
0.492002
0.492003
0.492003
0.492004
0.492005
0.492006
0.492006
0.492007
0.492008
0.492009
0.492009
0.49201
0.492011
0.492011
0.492012
0.492013
0.492013
0.492014
0.492015
0.492015
0.492016
0.492017
0.492017
0.492018
0.492018
0.492019
0.49202
0.49202
0.492021
0.492022
0.492022
0.492023
0.492024
0.492024
0.492025
0.492026
0.492026
0.492027
0.492028
0.492028
0.492029
0.492029
0.49203
0.49203
0.492031
0.492032
0.492032
0.492033
0.492033
0.492034
0.492035
0.492035
0.492036
0.492037
0.492037
0.492038
0.492039
0.492039
0.49204
0.492041
0.492041
0.492042
0.492043
0.492043
0.492044
0.492044
0.492045
0.492046
0.492046
0.492047
0.492047
0.492048
0.492049
0.492049
0.49205
0.492051
0.492051
0.492052
0.492053
0.492054
0.492054
0.492055
0.492056
0.492057
0.492058
0.492058
0.492059
0.49206
0.492061
0.492061
0.492062
0.492063
0.492064
0.492065
0.492065
0.492066
0.492067
0.492068
0.492069
0.49207
0.49207
0.492071
0.492072
0.492073
0.492074
0.492075
0.492076
0.492077
0.492078
0.492079
0.49208
0.49208
0.492081
0.492082
0.492083
0.492084
0.492085
0.492086
0.492087
0.492087
0.492088
0.492089
0.49209
0.492091
0.492091
0.492092
0.492093
0.492094
0.492094
0.492095
0.492096
0.492097
0.492097
0.492098
0.492099
0.492099
0.4921
0.492101
0.492102
0.492102
0.492103
0.492103
0.492104
0.492105
0.492105
0.492105
0.492106
0.492106
0.492107
0.492107
0.492108
0.492108
0.492108
0.492109
0.492109
0.492109
0.492109
0.49211
0.49211
0.49211
0.49211
0.49211
0.49211
0.49211
0.49211
0.49211
0.49211
0.49211
0.49211
0.49211
0.49211
0.49211
0.49211
0.49211
0.492109
0.492109
0.492109
0.492109
0.492109
0.492109
0.492109
0.492108
0.492108
0.492108
0.492108
0.492108
0.492108
0.492107
0.492107
0.492107
0.492107
0.492107
0.492107
0.492106
0.492106
0.492106
0.492106
0.492105
0.492105
0.492105
0.492105
0.492105
0.492104
0.492104
0.492104
0.492104
0.492104
0.492104
0.492104
0.492104
0.492103
0.492103
0.492103
0.492103
0.492103
0.492103
0.492103
0.492103
0.492103
0.492103
0.492103
0.492102
0.492102
0.492102
0.492102
0.492102
0.492102
0.492102
0.492102
0.492102
0.492102
0.492102
0.492102
0.492102
0.492102
0.492102
0.492102
0.492102
0.492102
0.492102
0.492102
0.492102
0.492102
0.492102
0.492102
0.492102
0.492102
0.492102
0.492102
0.492102
0.492102
0.492102
0.492102
0.492102
0.492101
0.492101
0.492101
0.492101
0.492102
0.492102
0.492102
0.492102
0.492102
0.492102
0.492102
0.492102
0.492103
0.492103
0.492103
0.492104
0.492104
0.492104
0.492105
0.492105
0.492105
0.492105
0.492106
0.492106
0.492106
0.492106
0.492106
0.492106
0.492106
0.492106
0.492106
0.492106
0.492106
0.492106
0.492106
0.492106
0.492106
0.492106
0.492106
0.492106
0.492106
0.492105
0.492105
0.492105
0.492105
0.492104
0.492104
0.492104
0.492104
0.492103
0.492103
0.492103
0.492103
0.492102
0.492102
0.492102
0.492102
0.492102
0.492102
0.492102
0.492102
0.492103
0.492103
0.492103
0.492104
0.492104
0.492104
0.492105
0.492105
0.492105
0.492106
0.492106
0.492107
0.492107
0.492108
0.492108
0.492108
0.492109
0.492109
0.49211
0.49211
0.492111
0.492111
0.492112
0.492112
0.492112
0.492113
0.492113
0.492114
0.492114
0.492115
0.492115
0.492116
0.492116
0.492117
0.492117
0.492118
0.492118
0.492119
0.492119
0.49212
0.49212
0.492121
0.492121
0.492122
0.492122
0.492123
0.492123
0.492124
0.492124
0.492125
0.492125
0.492126
0.492126
0.492127
0.492127
0.492128
0.492128
0.492128
0.492129
0.492129
0.49213
0.49213
0.492131
0.492131
0.492132
0.492132
0.492133
0.492134
0.492134
0.492135
0.492135
0.492136
0.492136
0.492137
0.492137
0.492137
0.492138
0.492138
0.492139
0.492139
0.492139
0.49214
0.49214
0.49214
0.492141
0.492141
0.492142
0.492142
0.492143
0.492143
0.492144
0.492144
0.492144
0.492145
0.492145
0.492146
0.492146
0.492147
0.492147
0.492148
0.492148
0.492149
0.492149
0.49215
0.49215
0.492151
0.492151
0.492152
0.492153
0.492153
0.492154
0.492155
0.492155
0.492156
0.492156
0.492157
0.492158
0.492158
0.492159
0.49216
0.49216
0.492161
0.492162
0.492162
0.492163
0.492163
0.492164
0.492164
0.492165
0.492166
0.492166
0.492167
0.492167
0.492168
0.492168
0.492169
0.492169
0.49217
0.49217
0.492171
0.492171
0.492171
0.492172
0.492172
0.492173
0.492173
0.492174
0.492174
0.492175
0.492175
0.492175
0.492175
0.492176
0.492176
0.492176
0.492176
0.492176
0.492177
0.492177
0.492177
0.492177
0.492177
0.492177
0.492177
0.492177
0.492178
0.492178
0.492178
0.492178
0.492178
0.492178
0.492178
0.492178
0.492178
0.492178
0.492178
0.492178
0.492178
0.492178
0.492178
0.492178
0.492178
0.492177
0.492177
0.492177
0.492177
0.492177
0.492177
0.492177
0.492177
0.492177
0.492177
0.492177
0.492177
0.492177
0.492177
0.492177
0.492177
0.492177
0.492177
0.492177
0.492177
0.492177
0.492177
0.492177
0.492177
0.492177
0.492177
0.492176
0.492176
0.492176
0.492176
0.492176
0.492176
0.492176
0.492175
0.492175
0.492175
0.492175
0.492175
0.492175
0.492174
0.492174
0.492174
0.492174
0.492174
0.492174
0.492174
0.492174
0.492174
0.492174
0.492174
0.492174
0.492174
0.492173
0.492173
0.492173
0.492173
0.492173
0.492173
0.492173
0.492173
0.492173
0.492173
0.492173
0.492173
0.492174
0.492174
0.492174
0.492174
0.492174
0.492174
0.492174
0.492173
0.492173
0.492173
0.492173
0.492173
0.492173
0.492173
0.492173
0.492173
0.492173
0.492173
0.492173
0.492173
0.492173
0.492173
0.492173
0.492173
0.492173
0.492173
0.492173
0.492173
0.492173
0.492173
0.492173
0.492173
0.492173
0.492173
0.492173
0.492172
0.492172
0.492172
0.492172
0.492172
0.492172
0.492172
0.492172
0.492172
0.492172
0.492172
0.492172
0.492172
0.492172
0.492172
0.492173
0.492173
0.492173
0.492173
0.492173
0.492173
0.492173
0.492173
0.492173
0.492173
0.492173
0.492173
0.492173
0.492173
0.492173
0.492173
0.492173
0.492173
0.492173
0.492173
0.492173
0.492173
0.492173
0.492173
0.492173
0.492173
0.492173
0.492173
0.492172
0.492172
0.492172
0.492172
0.492172
0.492171
0.492171
0.492171
0.492171
0.492171
0.49217
0.49217
0.49217
0.49217
0.49217
0.49217
0.492169
0.492169
0.492169
0.492169
0.492169
0.492169
0.492168
0.492168
0.492168
0.492168
0.492168
0.492168
0.492168
0.492167
0.492167
0.492167
0.492167
0.492167
0.492167
0.492167
0.492167
0.492167
0.492166
0.492166
0.492166
0.492166
0.492166
0.492166
0.492166
0.492166
0.492166
0.492165
0.492165
0.492165
0.492165
0.492164
0.492164
0.492164
0.492163
0.492163
0.492163
0.492163
0.492162
0.492162
0.492162
0.492161
0.492161
0.49216
0.49216
0.49216
0.49216
0.492159
0.492159
0.492159
0.492159
0.492158
0.492158
0.492158
0.492157
0.492157
0.492157
0.492157
0.492156
0.492156
0.492156
0.492155
0.492155
0.492155
0.492154
0.492154
0.492154
0.492154
0.492153
0.492153
0.492153
0.492152
0.492152
0.492152
0.492151
0.492151
0.492151
0.49215
0.49215
0.49215
0.492149
0.492149
0.492149
0.492149
0.492148
0.492148
0.492148
0.492148
0.492147
0.492147
0.492147
0.492147
0.492146
0.492146
0.492146
0.492146
0.492145
0.492145
0.492145
0.492145
0.492145
0.492145
0.492144
0.492144
0.492144
0.492144
0.492144
0.492143
0.492143
0.492143
0.492143
0.492143
0.492143
0.492142
0.492142
0.492142
0.492142
0.492142
0.492142
0.492142
0.492141
0.492141
0.492141
0.492141
0.492141
0.492141
0.49214
0.49214
0.49214
0.49214
0.492139
0.492139
0.492139
0.492139
0.492139
0.492138
0.492138
0.492138
0.492138
0.492138
0.492138
0.492138
0.492137
0.492137
0.492137
0.492137
0.492137
0.492137
0.492137
0.492137
0.492136
0.492136
0.492136
0.492136
0.492136
0.492136
0.492135
0.492135
0.492135
0.492135
0.492135
0.492135
0.492135
0.492135
0.492135
0.492135
0.492135
0.492135
0.492135
0.492135
0.492135
0.492135
0.492135
0.492135
0.492135
0.492135
0.492135
0.492135
0.492136
0.492136
0.492136
0.492136
0.492136
0.492137
0.492137
0.492137
0.492137
0.492137
0.492138
0.492138
0.492138
0.492138
0.492138
0.492139
0.492139
0.492139
0.492139
0.492139
0.49214
0.49214
0.49214
0.49214
0.492141
0.492141
0.492141
0.492141
0.492141
0.492141
0.492142
0.492142
0.492142
0.492142
0.492142
0.492142
0.492142
0.492143
0.492143
0.492143
0.492143
0.492143
0.492144
0.492144
0.492144
0.492144
0.492144
0.492145
0.492145
0.492145
0.492145
0.492146
0.492146
0.492146
0.492146
0.492146
0.492146
0.492147
0.492147
0.492147
0.492147
0.492147
0.492147
0.492148
0.492148
0.492148
0.492148
0.492148
0.492148
0.492148
0.492148
0.492148
0.492148
0.492148
0.492148
0.492148
0.492148
0.492148
0.492148
0.492148
0.492147
0.492147
0.492147
0.492147
0.492147
0.492146
0.492146
0.492146
0.492146
0.492145
0.492145
0.492145
0.492145
0.492144
0.492144
0.492144
0.492144
0.492143
0.492143
0.492143
0.492142
0.492142
0.492142
0.492141
0.492141
0.492141
0.49214
0.49214
0.49214
0.492139
0.492139
0.492139
0.492138
0.492138
0.492138
0.492137
0.492137
0.492137
0.492136
0.492136
0.492135
0.492135
0.492135
0.492134
0.492134
0.492134
0.492133
0.492133
0.492133
0.492133
0.492132
0.492132
0.492131
0.492131
0.492131
0.49213
0.49213
0.492129
0.492129
0.492129
0.492128
0.492128
0.492128
0.492127
0.492127
0.492126
0.492126
0.492126
0.492125
0.492125
0.492125
0.492124
0.492124
0.492123
0.492123
0.492123
0.492122
0.492122
0.492122
0.492121
0.492121
0.492121
0.492121
0.49212
0.49212
0.49212
0.492119
0.492119
0.492119
0.492119
0.492118
0.492118
0.492118
0.492117
0.492117
0.492116
0.492116
0.492116
0.492115
0.492115
0.492114
0.492114
0.492114
0.492113
0.492113
0.492113
0.492112
0.492112
0.492112
0.492111
0.492111
0.492111
0.49211
0.49211
0.492109
0.492109
0.492109
0.492108
0.492108
0.492108
0.492107
0.492107
0.492107
0.492106
0.492106
0.492106
0.492106
0.492105
0.492105
0.492105
0.492104
0.492104
0.492104
0.492104
0.492104
0.492103
0.492103
0.492103
0.492103
0.492103
0.492102
0.492102
0.492102
0.492102
0.492102
0.492102
0.492101
0.492101
0.492101
0.492101
0.492101
0.492101
0.492101
0.492101
0.492101
0.492101
0.492101
0.492101
0.492101
0.492101
0.492101
0.492101
0.492101
0.492102
0.492102
0.492102
0.492102
0.492102
0.492102
0.492102
0.492102
0.492102
0.492102
0.492102
0.492102
0.492102
0.492102
0.492102
0.492102
0.492102
0.492102
0.492102
0.492102
0.492102
0.492103
0.492103
0.492103
0.492103
0.492103
0.492103
0.492103
0.492103
0.492103
0.492104
0.492104
0.492104
0.492104
0.492105
0.492105
0.492105
0.492105
0.492106
0.492106
0.492106
0.492107
0.492107
0.492107
0.492108
0.492108
0.492109
0.492109
0.492109
0.49211
0.49211
0.49211
0.492111
0.492111
0.492111
0.492111
0.492112
0.492112
0.492112
0.492112
0.492112
0.492113
0.492113
0.492113
0.492113
0.492113
0.492114
0.492114
0.492114
0.492114
0.492114
0.492114
0.492115
0.492115
0.492115
0.492115
0.492115
0.492116
0.492116
0.492116
0.492116
0.492117
0.492117
0.492117
0.492117
0.492118
0.492118
0.492118
0.492119
0.492119
0.492119
0.49212
0.49212
0.49212
0.492121
0.492121
0.492121
0.492122
0.492122
0.492122
0.492123
0.492123
0.492123
0.492124
0.492124
0.492124
0.492125
0.492125
0.492125
0.492126
0.492126
0.492126
0.492126
0.492127
0.492127
0.492127
0.492127
0.492128
0.492128
0.492128
0.492128
0.492128
0.492129
0.492129
0.492129
0.492129
0.49213
0.49213
0.49213
0.49213
0.49213
0.492131
0.492131
0.492131
0.492131
0.492132
0.492132
0.492132
0.492132
0.492132
0.492132
0.492133
0.492133
0.492133
0.492133
0.492133
0.492133
0.492133
0.492134
0.492134
0.492134
0.492134
0.492134
0.492134
0.492135
0.492135
0.492135
0.492135
0.492135
0.492136
0.492136
0.492136
0.492136
0.492136
0.492136
0.492137
0.492137
0.492137
0.492137
0.492137
0.492138
0.492138
0.492138
0.492138
0.492138
0.492139
0.492139
0.492139
0.492139
0.49214
0.49214
0.49214
0.492141
0.492141
0.492141
0.492141
0.492142
0.492142
0.492142
0.492142
0.492142
0.492142
0.492142
0.492143
0.492143
0.492143
0.492143
0.492143
0.492143
0.492143
0.492143
0.492143
0.492143
0.492143
0.492144
0.492144
0.492144
0.492144
0.492144
0.492144
0.492144
0.492144
0.492145
0.492145
0.492145
0.492145
0.492145
0.492146
0.492146
0.492146
0.492146
0.492147
0.492147
0.492147
0.492148
0.492148
0.492149
0.492149
0.492149
0.49215
0.49215
0.492151
0.492151
0.492151
0.492152
0.492152
0.492153
0.492153
0.492154
0.492154
0.492154
0.492155
0.492155
0.492156
0.492156
0.492156
0.492157
0.492157
0.492158
0.492158
0.492158
0.492159
0.492159
0.492159
0.49216
0.49216
0.49216
0.492161
0.492161
0.492161
0.492161
0.492162
0.492162
0.492162
0.492162
0.492163
0.492163
0.492163
0.492163
0.492163
0.492164
0.492164
0.492164
0.492165
0.492165
0.492166
0.492166
0.492166
0.492167
0.492167
0.492167
0.492168
0.492168
0.492169
0.492169
0.49217
0.49217
0.492171
0.492172
0.492172
0.492173
0.492173
0.492174
0.492175
0.492175
0.492176
0.492177
0.492177
0.492178
0.492178
0.492179
0.49218
0.492181
0.492181
0.492182
0.492183
0.492183
0.492184
0.492185
0.492185
0.492186
0.492187
0.492187
0.492188
0.492189
0.492189
0.49219
0.49219
0.492191
0.492192
0.492192
0.492193
0.492193
0.492194
0.492194
0.492195
0.492195
0.492196
0.492196
0.492197
0.492197
0.492198
0.492198
0.492198
0.492199
0.492199
0.4922
0.4922
0.492201
0.492201
0.492202
0.492202
0.492203
0.492203
0.492204
0.492204
0.492204
0.492205
0.492205
0.492206
0.492206
0.492206
0.492207
0.492207
0.492208
0.492208
0.492209
0.492209
0.492209
0.49221
0.49221
0.49221
0.492211
0.492211
0.492211
0.492212
0.492212
0.492212
0.492212
0.492212
0.492213
0.492213
0.492213
0.492213
0.492213
0.492213
0.492214
0.492214
0.492214
0.492214
0.492214
0.492214
0.492214
0.492215
0.492215
0.492215
0.492215
0.492215
0.492215
0.492215
0.492215
0.492215
0.492215
0.492216
0.492216
0.492216
0.492216
0.492216
0.492216
0.492216
0.492216
0.492216
0.492216
0.492216
0.492216
0.492216
0.492216
0.492216
0.492216
0.492216
0.492216
0.492216
0.492216
0.492217
0.492217
0.492217
0.492217
0.492217
0.492217
0.492217
0.492217
0.492217
0.492217
0.492217
0.492217
0.492217
0.492217
0.492217
0.492217
0.492216
0.492216
0.492216
0.492216
0.492216
0.492216
0.492216
0.492215
0.492215
0.492215
0.492215
0.492215
0.492214
0.492214
0.492214
0.492214
0.492213
0.492213
0.492213
0.492213
0.492213
0.492212
0.492212
0.492212
0.492212
0.492212
0.492211
0.492211
0.492211
0.492211
0.492211
0.492211
0.492211
0.492211
0.49221
0.49221
0.49221
0.49221
0.49221
0.49221
0.49221
0.49221
0.49221
0.49221
0.49221
0.492209
0.492209
0.492209
0.492209
0.492209
0.492209
0.492209
0.492208
0.492208
0.492208
0.492208
0.492208
0.492208
0.492208
0.492208
0.492208
0.492208
0.492208
0.492208
0.492208
0.492208
0.492208
0.492209
0.492209
0.492209
0.492209
0.492209
0.492209
0.49221
0.49221
0.49221
0.49221
0.49221
0.492211
0.492211
0.492211
0.492211
0.492211
0.492211
0.492212
0.492212
0.492212
0.492212
0.492212
0.492212
0.492212
0.492212
0.492212
0.492213
0.492213
0.492213
0.492213
0.492213
0.492213
0.492213
0.492214
0.492214
0.492214
0.492214
0.492214
0.492214
0.492214
0.492214
0.492214
0.492215
0.492215
0.492215
0.492215
0.492215
0.492215
0.492215
0.492215
0.492215
0.492216
0.492216
0.492216
0.492216
0.492216
0.492216
0.492216
0.492216
0.492216
0.492216
0.492216
0.492216
0.492216
0.492216
0.492216
0.492216
0.492216
0.492216
0.492216
0.492216
0.492216
0.492216
0.492216
0.492216
0.492216
0.492216
0.492216
0.492216
0.492216
0.492216
0.492216
0.492216
0.492215
0.492215
0.492215
0.492215
0.492214
0.492214
0.492214
0.492214
0.492213
0.492213
0.492213
0.492213
0.492212
0.492212
0.492212
0.492211
0.492211
0.492211
0.492211
0.49221
0.49221
0.49221
0.49221
0.492209
0.492209
0.492209
0.492209
0.492209
0.492208
0.492208
0.492208
0.492208
0.492208
0.492207
0.492207
0.492207
0.492207
0.492206
0.492206
0.492206
0.492206
0.492206
0.492205
0.492205
0.492205
0.492205
0.492205
0.492205
0.492204
0.492204
0.492204
0.492204
0.492204
0.492204
0.492203
0.492203
0.492203
0.492203
0.492203
0.492203
0.492203
0.492202
0.492202
0.492202
0.492202
0.492202
0.492201
0.492201
0.492201
0.492201
0.492201
0.492201
0.492201
0.4922
0.4922
0.4922
0.4922
0.4922
0.4922
0.4922
0.4922
0.4922
0.4922
0.4922
0.4922
0.4922
0.4922
0.4922
0.4922
0.4922
0.4922
0.4922
0.4922
0.4922
0.4922
0.4922
0.4922
0.4922
0.4922
0.4922
0.4922
0.4922
0.4922
0.4922
0.4922
0.4922
0.4922
0.4922
0.4922
0.4922
0.4922
0.4922
0.4922
0.4922
0.4922
0.4922
0.4922
0.4922
0.4922
0.4922
0.4922
0.492199
0.492199
0.492199
0.492199
0.492199
0.492199
0.492199
0.492199
0.492199
0.492199
0.492199
0.492199
0.4922
0.4922
0.4922
0.4922
0.4922
0.4922
0.4922
0.4922
0.4922
0.4922
0.4922
0.4922
0.4922
0.4922
0.4922
0.492199
0.492199
0.492199
0.492199
0.492199
0.492199
0.492199
0.492198
0.492198
0.492198
0.492198
0.492198
0.492198
0.492197
0.492207
0.492218
0.492228
0.492238
0.492251
0.492265
0.492277
0.49229
0.492301
0.492317
0.492331
0.492347
0.492361
0.492377
0.492398
0.492414
0.492434
0.492451
0.492473
0.492496
0.492515
0.492536
0.492554
0.492575
0.492598
0.492616
0.492637
0.492662
0.492684
0.49271
0.492733
0.492757
0.492772
0.49279
0.492807
0.492825
0.492844
0.49286
0.492874
0.492887
0.492906
0.492921
0.492934
0.492951
0.492966
0.492983
0.492997
0.49301
0.493026
0.493037
0.493048
0.49306
0.493073
0.493083
0.493095
0.493102
0.493115
0.493121
0.493127
0.493137
0.493145
0.493149
0.493154
0.493155
0.493158
0.493159
0.493163
0.493163
0.493161
0.493162
0.493158
0.493153
0.493151
0.493149
0.493146
0.493143
0.493137
0.493131
0.493127
0.493127
0.493126
0.493126
0.49313
0.493136
0.493138
0.493139
0.493144
0.493156
0.493158
0.493169
0.49318
0.493195
0.493209
0.493226
0.493242
0.493261
0.493278
0.493295
0.493309
0.493325
0.493335
0.493351
0.493359
0.493368
0.493379
0.493385
0.493394
0.493401
0.493411
0.493423
0.49343
0.493439
0.493446
0.493453
0.493461
0.493471
0.493478
0.493486
0.493493
0.493499
0.49351
0.493518
0.493531
0.493541
0.493549
0.493559
0.493568
0.493572
0.493581
0.493586
0.493589
0.493587
0.493585
0.493581
0.49358
0.493579
0.493573
0.49357
0.493559
0.493549
0.493536
0.493523
0.493508
0.493497
0.493483
0.493469
0.493455
0.493442
0.493423
0.493408
0.49339
0.493371
0.49335
0.493329
0.493312
0.493295
0.493278
0.493259
0.493242
0.493223
0.493201
0.493182
0.493156
0.493135
0.493111
0.493092
0.493068
0.493041
0.493015
0.492989
0.492961
0.492936
0.492911
0.492882
0.492851
0.492825
0.492789
0.492759
0.492728
0.492691
0.492657
0.49262
0.492583
0.492547
0.492507
0.492475
0.492435
0.492396
0.492351
0.492308
0.492262
0.492226
0.492204
0.492196
0.492211
0.492242
0.492288
0.492343
0.492409
0.49248
0.492551
0.492619
0.492685
0.492746
0.492801
0.49285
0.49289
0.492923
0.49295
0.492966
0.492976
0.492983
0.492988
0.492993
0.493002
0.493011
0.493026
0.493042
0.49306
0.493082
0.493107
0.493137
0.493172
0.493207
0.493242
0.493276
0.493308
0.493337
0.493359
0.49338
0.493394
0.493404
0.49341
0.493413
0.493417
0.493417
0.493419
0.493425
0.493432
0.49344
0.493446
0.493461
0.493472
0.49349
0.493505
0.493526
0.493551
0.493572
0.4936
0.493618
0.493638
0.493659
0.493681
0.493705
0.493728
0.493753
0.493775
0.493801
0.493826
0.493851
0.493876
0.493902
0.493926
0.493959
0.49399
0.494022
0.494058
0.49409
0.494116
0.494146
0.494176
0.494204
0.494231
0.49426
0.494284
0.494308
0.49434
0.494402
0.494426
0.494457
0.494486
0.494512
0.494537
0.494566
0.494593
0.494617
0.494646
0.494674
0.494729
0.494751
0.494774
0.494799
0.494822
0.494846
0.494867
0.494885
0.494906
0.494925
0.494946
0.494965
0.494984
0.495
0.495017
0.49503
0.495045
0.495068
0.495089
0.495107
0.495123
0.495139
0.49515
0.49516
0.495172
0.495188
0.495199
0.495207
0.495217
0.495227
0.495234
0.495242
0.495247
0.495252
0.49526
0.495265
0.495269
0.495278
0.495286
0.495289
0.495294
0.4953
0.495313
0.49532
0.495331
0.495343
0.495351
0.495357
0.495365
0.495374
0.495386
0.495393
0.495399
0.495406
0.495413
0.495413
0.495416
0.495414
0.495416
0.49542
0.495422
0.495422
0.495425
0.495427
0.495428
0.495428
0.495428
0.495428
0.495432
0.49543
0.49543
0.495429
0.495426
0.49542
0.495412
0.495409
0.495406
0.495401
0.4954
0.495399
0.495397
0.49539
0.495381
0.495373
0.495362
0.495351
0.495341
0.495333
0.495326
0.495313
0.495307
0.4953
0.495293
0.49528
0.495272
0.495261
0.49525
0.495238
0.495229
0.495224
0.495213
0.495202
0.495192
0.495183
0.49517
0.495158
0.495143
0.495127
0.49511
0.495098
0.495083
0.49507
0.495053
0.495039
0.495021
0.49501
0.495001
0.494986
0.494975
0.49496
0.494943
0.494924
0.494906
0.494888
0.49487
0.494857
0.494839
0.494825
0.494812
0.494798
0.494784
0.494774
0.494759
0.494746
0.494732
0.49471
0.494695
0.494678
0.494662
0.494648
0.494634
0.494621
0.494606
0.49459
0.494573
0.494556
0.49454
0.494524
0.494508
0.494495
0.494478
0.494462
0.494446
0.494427
0.494406
0.494386
0.494368
0.494351
0.494335
0.494312
0.494295
0.494276
0.494253
0.494233
0.494216
0.494197
0.494186
0.494167
0.49415
0.494135
0.494115
0.494093
0.494077
0.494061
0.49404
0.49402
0.494001
0.493981
0.49396
0.493936
0.493918
0.493897
0.493877
0.493857
0.493838
0.493818
0.493797
0.493777
0.493757
0.49374
0.493719
0.493704
0.493685
0.493669
0.493644
0.493625
0.493606
0.493584
0.493563
0.493543
0.493521
0.493501
0.493481
0.493462
0.493444
0.493421
0.493402
0.49338
0.493362
0.493337
0.493322
0.493302
0.493283
0.493264
0.493243
0.49322
0.4932
0.49318
0.493157
0.493142
0.493122
0.4931
0.493076
0.493056
0.493033
0.49301
0.492987
0.492959
0.492939
0.492914
0.492891
0.492864
0.492837
0.492804
0.492782
0.492754
0.492729
0.492699
0.49267
0.492644
0.492619
0.492593
0.492538
0.492503
0.49247
0.492423
0.492392
0.492357
0.492326
0.492295
0.492265
0.492234
0.4922
0.492167
0.492136
0.492104
0.49208
0.492048
0.492014
0.491978
0.491945
0.491912
0.491885
0.491852
0.491821
0.491786
0.491752
0.491712
0.491681
0.491646
0.491616
0.49158
0.491547
0.491511
0.491477
0.491443
0.49141
0.491373
0.491339
0.491302
0.491266
0.49123
0.491195
0.491162
0.491128
0.491089
0.491054
0.491018
0.490983
0.490953
0.490917
0.490883
0.490847
0.490812
0.490778
0.490742
0.49071
0.490677
0.490646
0.490612
0.490577
0.490544
0.490509
0.490475
0.490444
0.49041
0.490381
0.490346
0.490311
0.490276
0.490239
0.490203
0.49017
0.490138
0.490107
0.490075
0.490041
0.490011
0.489978
0.489946
0.489912
0.489887
0.489856
0.489827
0.489796
0.48976
0.489725
0.48969
0.489654
0.489623
0.489596
0.489565
0.489537
0.489505
0.489474
0.489443
0.48941
0.489378
0.489344
0.489313
0.489283
0.489252
0.489219
0.489187
0.489155
0.489122
0.489088
0.489058
0.489026
0.488998
0.488969
0.488938
0.488907
0.488878
0.488844
0.488815
0.488788
0.48876
0.488733
0.488705
0.488673
0.488642
0.488608
0.488573
0.488538
0.488502
0.488466
0.488434
0.488397
0.488361
0.488324
0.488288
0.488251
0.488214
0.488174
0.488134
0.488096
0.488058
0.48802
0.487988
0.487952
0.487914
0.487872
0.487834
0.487793
0.487754
0.487719
0.487686
0.487648
0.487611
0.487571
0.487532
0.487492
0.487455
0.487413
0.487373
0.48734
0.4873
0.487265
0.487234
0.487198
0.487162
0.487127
0.487086
0.487046
0.48701
0.486974
0.486935
0.486903
0.486871
0.486832
0.486792
0.486753
0.486716
0.486678
0.486639
0.486599
0.486552
0.486502
0.486452
0.486402
0.48636
0.486317
0.486275
0.486236
0.486195
0.486157
0.486113
0.486077
0.486026
0.485975
0.485926
0.485874
0.485825
0.485776
0.485724
0.485673
0.485618
0.485573
0.485531
0.485491
0.485451
0.485409
0.485369
0.485325
0.485282
0.485232
0.485182
0.485139
0.485094
0.485061
0.485018
0.484971
0.484923
0.484876
0.484838
0.484797
0.48476
0.484725
0.484688
0.484652
0.484617
0.484581
0.484544
0.484507
0.484472
0.484438
0.484404
0.484368
0.484333
0.484299
0.484268
0.484234
0.484202
0.484178
0.484151
0.484121
0.484092
0.48406
0.484026
0.483993
0.483956
0.483921
0.483888
0.483856
0.483823
0.48379
0.483758
0.483724
0.483691
0.483655
0.48362
0.483584
0.483547
0.483515
0.483478
0.483442
0.483407
0.483369
0.48333
0.483295
0.483256
0.483217
0.483182
0.483145
0.483108
0.483073
0.483036
0.482998
0.482957
0.482921
0.482882
0.482844
0.482805
0.482771
0.482737
0.482694
0.482658
0.482623
0.482584
0.482543
0.482503
0.482463
0.482423
0.482388
0.482348
0.482311
0.482274
0.482243
0.48221
0.482177
0.482147
0.48211
0.482075
0.482041
0.482005
0.481979
0.481951
0.481919
0.481887
0.481853
0.481826
0.481792
0.481764
0.481738
0.481706
0.481676
0.481646
0.481615
0.481585
0.481552
0.481518
0.481481
0.481447
0.481415
0.481383
0.481354
0.481317
0.48128
0.481245
0.48121
0.481176
0.481143
0.481115
0.481086
0.481059
0.481028
0.480998
0.480969
0.480936
0.4809
0.480876
0.480844
0.480816
0.480786
0.480755
0.480729
0.480696
0.48067
0.480644
0.480623
0.4806
0.480572
0.48055
0.48052
0.480488
0.480457
0.480427
0.480392
0.480359
0.480333
0.480302
0.480271
0.480245
0.480213
0.480187
0.480159
0.480129
0.480099
0.480069
0.480038
0.480006
0.479975
0.479946
0.479916
0.479888
0.479859
0.479825
0.479797
0.479772
0.47974
0.479713
0.479683
0.479649
0.479615
0.479584
0.479554
0.479519
0.479485
0.479453
0.479427
0.479399
0.479367
0.47934
0.479311
0.479278
0.479249
0.479215
0.479182
0.47915
0.479118
0.479086
0.479062
0.479036
0.479
0.478976
0.478946
0.478914
0.478882
0.478848
0.478819
0.478786
0.478757
0.478725
0.478694
0.478664
0.478631
0.478602
0.478574
0.478543
0.478511
0.478486
0.478456
0.478429
0.478405
0.478378
0.47835
0.478325
0.478303
0.478278
0.478253
0.478231
0.478208
0.478186
0.478166
0.478142
0.478109
0.478083
0.478058
0.478027
0.478008
0.477991
0.477969
0.47795
0.477933
0.477914
0.477881
0.477857
0.477827
0.477803
0.477777
0.477757
0.477736
0.477718
0.4777
0.477679
0.477659
0.477643
0.477627
0.477614
0.477598
0.477582
0.477569
0.477558
0.477543
0.477523
0.477511
0.477499
0.477487
0.477478
0.477471
0.477469
0.477469
0.47747
0.477474
0.47748
0.477488
0.477497
0.477511
0.477523
0.477537
0.477551
0.47757
0.477583
0.477602
0.47762
0.477642
0.477657
0.477677
0.477695
0.477717
0.47774
0.477763
0.477788
0.477809
0.47783
0.477856
0.477878
0.477901
0.477923
0.477949
0.477971
0.477997
0.478019
0.478043
0.478065
0.478087
0.478111
0.478133
0.478155
0.478177
0.478197
0.478219
0.478238
0.47826
0.47828
0.478302
0.478319
0.478339
0.478358
0.478378
0.478397
0.478415
0.478435
0.478454
0.478471
0.478489
0.478506
0.478525
0.478543
0.478563
0.47858
0.478597
0.478615
0.478632
0.478652
0.478669
0.478687
0.478704
0.478721
0.478738
0.478757
0.478772
0.478789
0.478809
0.478825
0.478842
0.478859
0.478876
0.478895
0.478909
0.478928
0.478945
0.478959
0.478973
0.478989
0.479003
0.479017
0.479031
0.479045
0.479059
0.479073
0.479089
0.479103
0.479121
0.479137
0.479155
0.479171
0.479189
0.479207
0.479225
0.479243
0.479263
0.47928
0.479297
0.479315
0.479334
0.479351
0.47937
0.479387
0.479405
0.479421
0.479442
0.479457
0.479478
0.479495
0.479511
0.47953
0.479548
0.479565
0.479584
0.479601
0.479618
0.479634
0.479651
0.479672
0.479686
0.479706
0.479725
0.479745
0.479765
0.479785
0.479808
0.479828
0.479852
0.479874
0.479896
0.479917
0.479943
0.479967
0.479995
0.480021
0.480044
0.480067
0.480097
0.480123
0.480148
0.480173
0.480199
0.480219
0.480247
0.480269
0.480296
0.480319
0.480339
0.480363
0.480384
0.480403
0.480425
0.480443
0.480462
0.480481
0.480502
0.480522
0.480542
0.480565
0.480587
0.480606
0.480628
0.480647
0.480673
0.480697
0.480721
0.480749
0.480774
0.480802
0.480833
0.480866
0.480896
0.480933
0.480964
0.480995
0.481029
0.481066
0.481093
0.481121
0.481148
0.481181
0.481209
0.481239
0.481272
0.481307
0.481344
0.481383
0.481426
0.481461
0.481495
0.48153
0.481567
0.481604
0.481645
0.481684
0.481725
0.481765
0.481804
0.48184
0.481883
0.481921
0.481961
0.482009
0.482057
0.482098
0.482145
0.48219
0.482237
0.482277
0.482319
0.482363
0.482417
0.482471
0.482522
0.482573
0.482627
0.482683
0.482734
0.482783
0.482832
0.482876
0.482921
0.482966
0.483015
0.483069
0.483115
0.483162
0.483215
0.483261
0.483307
0.483358
0.483409
0.483462
0.48352
0.483577
0.483641
0.483717
0.483802
0.483899
0.483989
0.484077
0.484175
0.484275
0.484373
0.484471
0.484572
0.484674
0.484771
0.484856
0.484937
0.485014
0.48509
0.485165
0.485237
0.485299
0.48536
0.485427
0.485494
0.485565
0.485633
0.485704
0.485781
0.485865
0.485951
0.486044
0.486136
0.486234
0.48633
0.486434
0.486534
0.486625
0.486715
0.486801
0.48689
0.486974
0.487053
0.487128
0.487201
0.48728
0.487355
0.487428
0.487504
0.487575
0.487648
0.487717
0.487796
0.487879
0.487967
0.488053
0.488144
0.488236
0.488328
0.488417
0.488505
0.488592
0.488683
0.488767
0.488849
0.488926
0.488999
0.489079
0.489155
0.489233
0.489309
0.489379
0.489458
0.489533
0.489609
0.489691
0.489769
0.489852
0.489927
0.490008
0.490096
0.490184
0.490266
0.490349
0.49043
0.490513
0.490595
0.490667
0.490742
0.490821
0.490897
0.490968
0.49104
0.491116
0.491186
0.491261
0.491333
0.491407
0.491482
0.491557
0.491628
0.491708
0.491783
0.491855
0.491929
0.492007
0.492075
0.492142
0.492216
0.492287
0.492353
0.492416
0.492483
0.492544
0.492604
0.492662
0.492727
0.492786
0.492843
0.492902
0.492969
0.493036
0.493098
0.493151
0.493215
0.493278
0.493337
0.493402
0.493468
0.493529
0.493584
0.493633
0.493693
0.493753
0.493803
0.493856
0.493913
0.493966
0.494016
0.494061
0.494112
0.494163
0.494211
0.494257
0.494308
0.494355
0.494404
0.494449
0.494494
0.494541
0.494586
0.494627
0.494669
0.494716
0.494758
0.494803
0.494841
0.49487
0.494912
0.494954
0.494997
0.495042
0.495078
0.495121
0.495155
0.495189
0.495223
0.495263
0.495306
0.495343
0.495375
0.495407
0.495444
0.495481
0.495519
0.495554
0.495601
0.495647
0.495696
0.495737
0.495775
0.495815
0.495856
0.495898
0.495941
0.495985
0.496028
0.496097
0.496134
0.496173
0.496203
0.496235
0.49627
0.496308
0.496349
0.496379
0.496405
0.49644
0.496479
0.496513
0.496545
0.496573
0.4966
0.496628
0.496657
0.496679
0.496701
0.496731
0.496756
0.49678
0.496802
0.49683
0.496858
0.496881
0.496905
0.496929
0.496957
0.496987
0.497014
0.497033
0.497057
0.497079
0.4971
0.497125
0.497142
0.497161
0.497182
0.497202
0.497223
0.497237
0.497256
0.497285
0.497313
0.497328
0.497342
0.497359
0.49737
0.497384
0.497396
0.497419
0.497436
0.497448
0.497453
0.497466
0.49748
0.497493
0.497506
0.497514
0.497529
0.497542
0.497543
0.497543
0.497549
0.49756
0.497564
0.497569
0.497572
0.497581
0.497584
0.497588
0.49759
0.497592
0.497589
0.497592
0.497597
0.497598
0.497599
0.497597
0.497596
0.497598
0.497603
0.497605
0.497606
0.497608
0.497606
0.497611
0.497614
0.497615
0.497614
0.497611
0.497611
0.497613
0.497609
0.497608
0.497604
0.497602
0.497598
0.497589
0.497579
0.49757
0.497562
0.497553
0.497539
0.49752
0.497507
0.497492
0.497475
0.497452
0.497435
0.497412
0.497383
0.497354
0.497333
0.497307
0.497277
0.497243
0.497214
0.497183
0.497148
0.497114
0.497081
0.497041
0.497006
0.496969
0.49693
0.496893
0.49685
0.496807
0.496765
0.496718
0.496678
0.496637
0.496599
0.496552
0.496505
0.496454
0.496403
0.496348
0.496286
0.496234
0.496178
0.496122
0.496064
0.496007
0.495947
0.495889
0.495825
0.495599
0.49552
0.495441
0.495376
0.495313
0.495255
0.495199
0.495135
0.495066
0.495006
0.494945
0.494886
0.494827
0.494766
0.494712
0.494651
0.494588
0.494524
0.494465
0.494408
0.494348
0.49429
0.494229
0.494171
0.494113
0.494054
0.493993
0.493933
0.493874
0.493815
0.493756
0.493692
0.493629
0.493564
0.493503
0.493441
0.493377
0.493312
0.493245
0.493182
0.49312
0.493054
0.492987
0.492902
0.49282
0.49274
0.49266
0.492579
0.492494
0.492418
0.492336
0.49227
0.492203
0.492122
0.492046
0.491966
0.491886
0.491821
0.491758
0.491697
0.491631
0.491568
0.491507
0.491445
0.491384
0.491331
0.491274
0.491224
0.49117
0.491106
0.491047
0.490991
0.490938
0.490891
0.49085
0.490808
0.490771
0.490734
0.490697
0.49066
0.490619
0.490586
0.490547
0.490508
0.490471
0.490432
0.490393
0.490352
0.490317
0.490279
0.490241
0.490203
0.490162
0.490122
0.490082
0.490042
0.489998
0.489959
0.489915
0.489869
0.489822
0.489774
0.489731
0.489689
0.489643
0.4896
0.489561
0.48952
0.489475
0.489434
0.489393
0.489357
0.489315
0.489274
0.489232
0.489189
0.489148
0.489107
0.489069
0.489034
0.488999
0.488966
0.488931
0.488898
0.488868
0.488838
0.488811
0.488782
0.488756
0.488733
0.488712
0.488686
0.488663
0.488648
0.488631
0.488612
0.488594
0.488578
0.48856
0.488543
0.488525
0.488509
0.488491
0.488474
0.488461
0.48845
0.488438
0.48843
0.488426
0.48842
0.488419
0.48842
0.488424
0.488426
0.488432
0.488437
0.488446
0.488452
0.488459
0.488467
0.488476
0.488484
0.488492
0.4885
0.48851
0.488516
0.488524
0.488534
0.488542
0.488551
0.48856
0.488569
0.488582
0.488591
0.488601
0.488613
0.488623
0.488634
0.488646
0.488653
0.488665
0.488674
0.488684
0.488693
0.488705
0.488714
0.488722
0.488734
0.488745
0.488755
0.488764
0.488775
0.488784
0.488795
0.488804
0.488813
0.488825
0.488834
0.488843
0.488853
0.488859
0.488869
0.488876
0.488885
0.488892
0.488901
0.488909
0.488913
0.48892
0.488927
0.488931
0.488937
0.488944
0.488946
0.488951
0.488957
0.488962
0.488965
0.488968
0.488974
0.488976
0.488977
0.48898
0.488981
0.488983
0.488984
0.488984
0.488984
0.488985
0.488985
0.488985
0.488986
0.488986
0.488986
0.488987
0.488987
0.488987
0.488987
0.488988
0.488988
0.488988
0.488988
0.488988
0.488989
0.488989
0.488989
0.48899
0.48899
0.48899
0.488991
0.488991
0.488991
0.488991
0.488992
0.488992
0.488992
0.488993
0.488993
0.488993
0.488994
0.488994
0.488994
0.488995
0.488995
0.488995
0.488996
0.488996
0.488996
0.488997
0.488997
0.488997
0.488998
0.488998
0.488998
0.488999
0.488999
0.488999
0.489
0.489
0.489
0.489001
0.489001
0.489001
0.489002
0.489002
0.489002
0.489003
0.489003
0.489003
0.489004
0.489004
0.489005
0.489005
0.489005
0.489006
0.489006
0.489007
0.489007
0.489007
0.489008
0.489008
0.489009
0.489009
0.48901
0.48901
0.489011
0.489011
0.489012
0.489012
0.489013
0.489013
0.489013
0.489014
0.489014
0.489015
0.489015
0.489016
0.489016
0.489017
0.489017
0.489017
0.489018
0.489018
0.489018
0.489019
0.489019
0.489019
0.48902
0.48902
0.48902
0.489021
0.489021
0.489021
0.489021
0.489022
0.489022
0.489022
0.489023
0.489023
0.489023
0.489023
0.489024
0.489024
0.489024
0.489024
0.489025
0.489025
0.489025
0.489026
0.489026
0.489026
0.489026
0.489026
0.489027
0.489027
0.489027
0.489027
0.489027
0.489028
0.489028
0.489028
0.489028
0.489028
0.489029
0.489029
0.489029
0.489029
0.489029
0.48903
0.48903
0.48903
0.48903
0.48903
0.48903
0.489031
0.489031
0.489031
0.489031
0.489031
0.489031
0.489032
0.489032
0.489032
0.489032
0.489032
0.489032
0.489032
0.489032
0.489033
0.489033
0.489033
0.489033
0.489033
0.489033
0.489033
0.489033
0.489033
0.489033
0.489033
0.489033
0.489033
0.489033
0.489033
0.489034
0.489034
0.489034
0.489034
0.489034
0.489034
0.489034
0.489034
0.489034
0.489034
0.489034
0.489034
0.489034
0.489034
0.489034
0.489034
0.489034
0.489034
0.489034
0.489034
0.489034
0.489034
0.489034
0.489034
0.489034
0.489034
0.489033
0.489033
0.489033
0.489033
0.489033
0.489033
0.489032
0.489032
0.489032
0.489032
0.489032
0.489031
0.489031
0.489031
0.489031
0.48903
0.48903
0.48903
0.48903
0.489029
0.489029
0.489029
0.489029
0.489028
0.489028
0.489028
0.489028
0.489028
0.489028
0.489028
0.489027
0.489027
0.489027
0.489027
0.489027
0.489027
0.489026
0.489026
0.489026
0.489026
0.489026
0.489025
0.489025
0.489025
0.489025
0.489025
0.489025
0.489025
0.489025
0.489024
0.489024
0.489024
0.489024
0.489024
0.489024
0.489024
0.489024
0.489024
0.489024
0.489024
0.489024
0.489023
0.489023
0.489023
0.489023
0.489023
0.489023
0.489023
0.489023
0.489023
0.489023
0.489024
0.489024
0.489024
0.489024
0.489024
0.489024
0.489024
0.489024
0.489024
0.489024
0.489024
0.489024
0.489024
0.489024
0.489024
0.489024
0.489024
0.489024
0.489024
0.489024
0.489024
0.489024
0.489024
0.489024
0.489024
0.489024
0.489025
0.489025
0.489025
0.489025
0.489025
0.489025
0.489025
0.489025
0.489026
0.489026
0.489026
0.489026
0.489026
0.489026
0.489026
0.489026
0.489027
0.489027
0.489027
0.489027
0.489027
0.489028
0.489028
0.489028
0.489028
0.489029
0.489029
0.489029
0.489029
0.489029
0.48903
0.48903
0.48903
0.48903
0.48903
0.48903
0.48903
0.489031
0.489031
0.489031
0.489031
0.489031
0.489032
0.489032
0.489032
0.489032
0.489032
0.489032
0.489033
0.489033
0.489033
0.489033
0.489033
0.489033
0.489033
0.489034
0.489034
0.489034
0.489034
0.489034
0.489034
0.489034
0.489034
0.489035
0.489035
0.489035
0.489035
0.489035
0.489035
0.489036
0.489036
0.489036
0.489036
0.489037
0.489037
0.489037
0.489037
0.489038
0.489038
0.489038
0.489038
0.489038
0.489039
0.489039
0.489039
0.48904
0.489066
0.489096
0.489119
0.489141
0.489157
0.489168
0.489182
0.4892
0.489207
0.489221
0.489227
0.48923
0.489233
0.489236
0.489235
0.489238
0.489243
0.489242
0.48924
0.489241
0.489243
0.489244
0.489238
0.489242
0.489246
0.489256
0.48926
0.489266
0.489276
0.489286
0.489301
0.489311
0.489317
0.489335
0.489357
0.489372
0.489391
0.489416
0.48944
0.489472
0.48949
0.489517
0.489538
0.489556
0.489574
0.489588
0.489606
0.489623
0.489643
0.489666
0.489683
0.489712
0.489735
0.489754
0.489773
0.489792
0.489814
0.489844
0.489865
0.489901
0.489927
0.489956
0.489988
0.490019
0.490055
0.490085
0.490111
0.490138
0.490178
0.490209
0.490245
0.490275
0.490307
0.490346
0.490382
0.49042
0.490451
0.490484
0.490521
0.490552
0.490582
0.490608
0.490642
0.490673
0.490702
0.490732
0.490763
0.49079
0.490819
0.49085
0.490883
0.490916
0.490943
0.490973
0.491003
0.491032
0.491062
0.491095
0.491129
0.491164
0.491192
0.491224
0.491252
0.491286
0.49131
0.491331
0.491358
0.491377
0.49139
0.491408
0.491432
0.491453
0.491474
0.491475
0.491486
0.491506
0.491511
0.491515
0.491526
0.491534
0.491535
0.49154
0.491541
0.491547
0.491551
0.491547
0.491544
0.49155
0.491551
0.491538
0.491537
0.49153
0.49152
0.491507
0.4915
0.491481
0.491466
0.491451
0.49143
0.491405
0.491388
0.49136
0.491334
0.491305
0.49127
0.491238
0.491206
0.491167
0.49113
0.49109
0.49105
0.490983
0.490951
0.490914
0.490875
0.490838
0.490796
0.490752
0.490706
0.490659
0.490622
0.490582
0.49054
0.490499
0.490455
0.490408
0.49035
0.490287
0.490224
0.490155
0.490087
0.490022
0.489954
0.489883
0.489817
0.489748
0.489673
0.489597
0.489518
0.489446
0.489376
0.489295
0.489231
0.489186
0.489167
0.489176
0.48922
0.4893
0.489402
0.489514
0.489616
0.489723
0.489833
0.489944
0.49004
0.490126
0.490192
0.490248
0.490301
0.490339
0.490371
0.490395
0.490415
0.490429
0.490439
0.490454
0.490467
0.490482
0.4905
0.490526
0.490555
0.490593
0.490647
0.490702
0.490769
0.490842
0.490908
0.490982
0.491048
0.491111
0.491177
0.491228
0.491277
0.491322
0.491352
0.491379
0.491406
0.491434
0.49146
0.491482
0.491511
0.491538
0.491569
0.491605
0.491645
0.49168
0.491722
0.491763
0.491799
0.491839
0.49188
0.491919
0.491957
0.491993
0.492028
0.492067
0.492101
0.492134
0.492163
0.492189
0.492214
0.492241
0.492266
0.492294
0.492317
0.492342
0.492368
0.492394
0.492422
0.492446
0.492473
0.492499
0.492526
0.492553
0.492582
0.492605
0.492627
0.492652
0.492679
0.492702
0.492728
0.492751
0.492769
0.492788
0.492807
0.492826
0.492846
0.492864
0.492883
0.492899
0.492921
0.492938
0.492954
0.49297
0.492984
0.492999
0.493005
0.493023
0.493036
0.493053
0.493073
0.493085
0.493097
0.493111
0.493121
0.49313
0.493137
0.49315
0.493156
0.493165
0.493173
0.493183
0.493192
0.493201
0.493211
0.493219
0.493225
0.493233
0.493235
0.493235
0.493239
0.49324
0.493242
0.493242
0.493243
0.493239
0.493237
0.493243
0.493242
0.493241
0.493242
0.493244
0.493243
0.493243
0.493241
0.493236
0.493228
0.493231
0.493231
0.493234
0.493233
0.493234
0.493235
0.493239
0.493241
0.49324
0.493238
0.493234
0.49323
0.493228
0.493225
0.493228
0.493221
0.493221
0.493219
0.493212
0.493207
0.493201
0.493199
0.493197
0.493194
0.493186
0.493174
0.493165
0.493161
0.493154
0.493149
0.493144
0.493141
0.493136
0.493126
0.493118
0.493105
0.493099
0.493088
0.493082
0.493073
0.493058
0.493048
0.493038
0.493031
0.493021
0.493009
0.492991
0.492976
0.492963
0.492948
0.492939
0.49292
0.492899
0.492885
0.492866
0.492849
0.492835
0.492812
0.492789
0.492765
0.492746
0.492725
0.492707
0.492685
0.492662
0.492645
0.492626
0.492609
0.492589
0.492569
0.492541
0.492519
0.492493
0.49247
0.492447
0.492421
0.492393
0.492368
0.492343
0.492314
0.492287
0.492261
0.492232
0.492201
0.492172
0.492139
0.492113
0.492085
0.492057
0.492029
0.491994
0.49196
0.491929
0.4919
0.491869
0.491838
0.491804
0.491769
0.491735
0.491709
0.491677
0.491644
0.491612
0.491574
0.491539
0.491502
0.491469
0.491434
0.491397
0.491361
0.491326
0.491292
0.491253
0.49122
0.49118
0.491142
0.491106
0.491067
0.49103
0.490994
0.490956
0.490917
0.49088
0.490839
0.490798
0.490758
0.490716
0.490672
0.490627
0.490577
0.490532
0.49049
0.490447
0.490408
0.490365
0.490317
0.490272
0.490223
0.490179
0.490134
0.490091
0.49005
0.490006
0.489962
0.489915
0.489874
0.48983
0.489782
0.489735
0.489688
0.489642
0.489596
0.489552
0.489502
0.489453
0.489405
0.48936
0.489317
0.489273
0.489227
0.48918
0.489132
0.489085
0.489034
0.488988
0.488945
0.488896
0.48885
0.488804
0.488753
0.488708
0.488658
0.48861
0.488559
0.488506
0.488457
0.488407
0.488365
0.488312
0.488262
0.488212
0.488157
0.4881
0.488048
0.488001
0.487953
0.487902
0.487856
0.487805
0.487754
0.487705
0.487656
0.487607
0.487558
0.487506
0.487454
0.487399
0.48735
0.4873
0.48725
0.487197
0.487144
0.487091
0.487039
0.48699
0.486937
0.486886
0.48683
0.486776
0.486715
0.486663
0.486603
0.486549
0.486493
0.486433
0.486375
0.486321
0.486269
0.486212
0.486158
0.486094
0.486035
0.485971
0.485911
0.485852
0.485797
0.485738
0.485675
0.485614
0.485555
0.485498
0.485444
0.48538
0.485317
0.485246
0.485187
0.485122
0.485056
0.484994
0.484927
0.484859
0.484788
0.484718
0.484651
0.484581
0.484509
0.484437
0.484362
0.484294
0.484228
0.484162
0.484096
0.484027
0.483956
0.483884
0.483812
0.483722
0.483628
0.483537
0.48345
0.483359
0.48327
0.483194
0.483122
0.483046
0.482976
0.482901
0.482828
0.482756
0.482685
0.482608
0.482539
0.482468
0.482386
0.48231
0.482232
0.48216
0.482081
0.482005
0.481929
0.481856
0.481786
0.481713
0.481624
0.481537
0.481445
0.48137
0.481298
0.48121
0.481127
0.481037
0.480966
0.480893
0.480824
0.480755
0.480691
0.480625
0.480561
0.480498
0.480438
0.480375
0.480307
0.480241
0.480171
0.480101
0.480033
0.479967
0.479902
0.479837
0.479775
0.479705
0.479641
0.479572
0.47951
0.479448
0.479384
0.479321
0.479257
0.479193
0.479131
0.479072
0.479014
0.478946
0.478883
0.478822
0.478759
0.478695
0.478634
0.478568
0.478504
0.478439
0.478373
0.478311
0.478244
0.478178
0.47811
0.478042
0.477976
0.477911
0.477853
0.477787
0.477724
0.477655
0.477587
0.47752
0.477448
0.477379
0.477308
0.477241
0.477177
0.477108
0.477041
0.476973
0.476905
0.476832
0.476763
0.476696
0.476628
0.476557
0.476486
0.476411
0.476341
0.476266
0.476193
0.476123
0.476052
0.475978
0.475906
0.475837
0.475764
0.475694
0.475618
0.475555
0.475488
0.47542
0.475348
0.475274
0.4752
0.475133
0.475064
0.474995
0.474925
0.474856
0.474788
0.474716
0.474645
0.474564
0.474491
0.474411
0.474336
0.474269
0.474195
0.474121
0.474044
0.473959
0.473878
0.473797
0.473716
0.47364
0.473565
0.473489
0.473408
0.473328
0.473247
0.473166
0.473091
0.472982
0.472887
0.472784
0.472696
0.472604
0.472538
0.472477
0.472422
0.472383
0.472345
0.472319
0.472309
0.472305
0.472317
0.472333
0.472354
0.472383
0.472413
0.472448
0.472484
0.472522
0.472566
0.472613
0.47266
0.47271
0.472756
0.472798
0.472836
0.472875
0.472908
0.472941
0.472966
0.472997
0.473031
0.47307
0.473116
0.473164
0.473219
0.473273
0.473328
0.47338
0.473433
0.473481
0.473527
0.473574
0.473618
0.47366
0.473704
0.473748
0.473793
0.473835
0.473878
0.473921
0.473962
0.474007
0.474051
0.47409
0.474131
0.474175
0.474216
0.474263
0.474306
0.474351
0.474397
0.474445
0.474499
0.474548
0.474597
0.474648
0.474693
0.474742
0.474782
0.474825
0.474872
0.474913
0.474956
0.474993
0.475034
0.475069
0.475106
0.475141
0.475172
0.475203
0.475236
0.475265
0.475287
0.475307
0.475328
0.475345
0.475357
0.475378
0.475401
0.47543
0.475464
0.475505
0.475551
0.475603
0.475654
0.475712
0.475771
0.475839
0.475905
0.475968
0.476039
0.476104
0.476168
0.476228
0.476279
0.476336
0.476393
0.476447
0.476496
0.476545
0.476599
0.476651
0.476699
0.476747
0.476796
0.476852
0.476911
0.476975
0.477051
0.477122
0.477197
0.477278
0.477361
0.477441
0.477534
0.477622
0.477713
0.477806
0.477901
0.477994
0.478092
0.478196
0.478301
0.478408
0.478505
0.478609
0.478709
0.478809
0.478905
0.479012
0.479115
0.47922
0.479326
0.479441
0.479562
0.47968
0.479799
0.479923
0.480045
0.480173
0.480297
0.480424
0.480558
0.480689
0.48081
0.480937
0.48107
0.481202
0.481328
0.481451
0.481583
0.481699
0.481811
0.481936
0.482072
0.482206
0.482337
0.482461
0.482593
0.482732
0.48287
0.483002
0.48314
0.483276
0.483412
0.48355
0.483682
0.483813
0.483946
0.484084
0.484214
0.484342
0.484474
0.484605
0.484735
0.484863
0.484993
0.485115
0.485229
0.485346
0.485469
0.485586
0.485701
0.485818
0.485938
0.486069
0.486199
0.486332
0.486461
0.486589
0.486714
0.486848
0.486972
0.487091
0.487219
0.487341
0.48746
0.487581
0.487705
0.487821
0.487941
0.488061
0.488178
0.488307
0.488431
0.488545
0.488663
0.48878
0.488901
0.489026
0.489141
0.489256
0.489378
0.489489
0.489611
0.489725
0.489836
0.489946
0.490057
0.490165
0.490269
0.490373
0.490471
0.490567
0.490673
0.49077
0.490857
0.49096
0.491058
0.49115
0.491244
0.49134
0.491432
0.491515
0.491609
0.491683
0.491757
0.491836
0.491918
0.491997
0.492073
0.492171
0.492262
0.492354
0.49243
0.49249
0.49256
0.492619
0.492687
0.492748
0.4928
0.492864
0.492918
0.492981
0.493032
0.493085
0.493144
0.493194
0.493249
0.493315
0.493375
0.49343
0.493473
0.493529
0.493579
0.493621
0.493664
0.493695
0.493726
0.493764
0.493801
0.493834
0.493861
0.493892
0.493922
0.493949
0.493974
0.494003
0.494031
0.494044
0.494069
0.494092
0.494106
0.494126
0.494141
0.494155
0.494174
0.494185
0.494194
0.494212
0.494232
0.494247
0.494257
0.494268
0.494283
0.494296
0.494306
0.494317
0.494322
0.494329
0.494339
0.494346
0.49435
0.494354
0.49436
0.494364
0.494376
0.49438
0.494382
0.494385
0.494386
0.494385
0.494383
0.494381
0.494378
0.494374
0.49437
0.494365
0.494365
0.49436
0.494356
0.494355
0.494349
0.494348
0.494345
0.494343
0.494337
0.494332
0.494326
0.494318
0.494311
0.494302
0.494293
0.494287
0.494281
0.494256
0.494247
0.494237
0.494214
0.494187
0.494176
0.494159
0.494145
0.494127
0.494117
0.494105
0.49409
0.494078
0.494064
0.494056
0.494042
0.494024
0.494006
0.493989
0.493974
0.493956
0.493938
0.49392
0.493903
0.493885
0.493864
0.493844
0.493824
0.493805
0.493779
0.493754
0.493722
0.493697
0.493669
0.493641
0.493607
0.49358
0.493548
0.493517
0.493481
0.493447
0.493408
0.493371
0.493333
0.493294
0.493259
0.493217
0.493174
0.493131
0.493088
0.49305
0.493005
0.492962
0.492918
0.492872
0.492823
0.492776
0.492727
0.492682
0.492629
0.492575
0.49252
0.492465
0.492406
0.492352
0.492296
0.492238
0.492178
0.492118
0.492058
0.491998
0.491938
0.491873
0.491811
0.49175
0.491687
0.491625
0.491563
0.491501
0.491439
0.491377
0.491312
0.491241
0.491176
0.491109
0.491039
0.490975
0.49091
0.490843
0.49077
0.490694
0.490616
0.490534
0.490457
0.490379
0.490296
0.490215
0.490135
0.49005
0.489968
0.489879
0.489799
0.489711
0.489624
0.48954
0.489451
0.489371
0.489293
0.489216
0.48914
0.489059
0.488984
0.488904
0.488822
0.488742
0.488664
0.488587
0.488508
0.488418
0.488332
0.488246
0.488163
0.488075
0.487991
0.487905
0.487821
0.487739
0.487659
0.487568
0.487487
0.4874
0.487323
0.487243
0.487163
0.487083
0.487004
0.486929
0.486852
0.486775
0.486702
0.486619
0.486549
0.48648
0.48641
0.486341
0.486275
0.486209
0.486144
0.486082
0.486016
0.485952
0.485889
0.485827
0.485769
0.485713
0.485659
0.485602
0.485547
0.485487
0.48543
0.485374
0.485321
0.485267
0.485211
0.485154
0.485097
0.485048
0.484996
0.48495
0.484897
0.484846
0.484797
0.484744
0.484692
0.484641
0.48459
0.484523
0.484461
0.484398
0.484342
0.484285
0.484235
0.484179
0.484113
0.484055
0.484003
0.483954
0.483904
0.483851
0.483793
0.483742
0.483687
0.483635
0.483587
0.483535
0.483488
0.483434
0.483375
0.483322
0.483274
0.483217
0.48316
0.483108
0.483052
0.482974
0.482909
0.482839
0.482771
0.482695
0.482636
0.482573
0.48251
0.482451
0.48239
0.482326
0.482258
0.482191
0.482122
0.482057
0.48199
0.481924
0.481853
0.481784
0.481712
0.481649
0.481581
0.481512
0.481446
0.481383
0.481323
0.48127
0.481209
0.481154
0.481094
0.481037
0.480983
0.480932
0.480887
0.48084
0.480797
0.480758
0.480714
0.480675
0.480635
0.480594
0.48056
0.480523
0.48049
0.480461
0.480429
0.480401
0.480372
0.480345
0.480318
0.480287
0.480259
0.48023
0.480204
0.480182
0.480158
0.480131
0.48011
0.480088
0.480071
0.480054
0.480037
0.48002
0.480002
0.479988
0.479978
0.479966
0.479954
0.479947
0.47994
0.479936
0.479934
0.479933
0.479934
0.479935
0.479936
0.479937
0.479943
0.47995
0.479956
0.479963
0.479972
0.479981
0.479992
0.480004
0.480013
0.480025
0.480034
0.480045
0.480055
0.480066
0.48008
0.480094
0.480106
0.480122
0.480124
0.480126
0.480127
0.480129
0.480131
0.480132
0.480134
0.480136
0.480137
0.480139
0.48014
0.480142
0.480143
0.480145
0.480146
0.480147
0.480149
0.48015
0.480151
0.480152
0.480154
0.480155
0.480156
0.480157
0.480158
0.48016
0.480161
0.480162
0.480163
0.480164
0.480165
0.480166
0.480168
0.480169
0.48017
0.480171
0.480172
0.480173
0.480174
0.480175
0.480176
0.480176
0.480177
0.480178
0.480179
0.48018
0.48018
0.480181
0.480182
0.480183
0.480183
0.480184
0.480185
0.480185
0.480186
0.480186
0.480187
0.480187
0.480188
0.480188
0.480189
0.480189
0.48019
0.48019
0.480191
0.480191
0.480192
0.480192
0.480192
0.480193
0.480193
0.480193
0.480193
0.480194
0.480194
0.480194
0.480194
0.480194
0.480195
0.480195
0.480195
0.480195
0.480195
0.480195
0.480195
0.480195
0.480195
0.480195
0.480195
0.480195
0.480194
0.480194
0.480194
0.480194
0.480194
0.480194
0.480194
0.480194
0.480194
0.480193
0.480193
0.480193
0.480193
0.480193
0.480193
0.480193
0.480192
0.480192
0.480192
0.480192
0.480192
0.480192
0.480191
0.480191
0.480191
0.480191
0.480191
0.48019
0.48019
0.48019
0.48019
0.48019
0.48019
0.48019
0.48019
0.480189
0.480189
0.480189
0.480189
0.480189
0.480189
0.480188
0.480188
0.480188
0.480188
0.480187
0.480187
0.480187
0.480187
0.480187
0.480187
0.480187
0.480186
0.480186
0.480186
0.480186
0.480186
0.480186
0.480186
0.480186
0.480186
0.480186
0.480186
0.480186
0.480186
0.480186
0.480186
0.480186
0.480186
0.480186
0.480186
0.480186
0.480186
0.480186
0.480186
0.480186
0.480186
0.480186
0.480187
0.480187
0.480187
0.480187
0.480187
0.480187
0.480187
0.480187
0.480187
0.480187
0.480187
0.480187
0.480187
0.480187
0.480187
0.480187
0.480187
0.480187
0.480187
0.480187
0.480187
0.480187
0.480187
0.480187
0.480187
0.480187
0.480187
0.480187
0.480186
0.480186
0.480186
0.480186
0.480186
0.480186
0.480186
0.480186
0.480186
0.480186
0.480186
0.480186
0.480186
0.480186
0.480185
0.480185
0.480185
0.480185
0.480184
0.480184
0.480184
0.480184
0.480183
0.480183
0.480183
0.480182
0.480182
0.480182
0.480181
0.480181
0.480181
0.48018
0.48018
0.48018
0.48018
0.480179
0.480179
0.480179
0.480179
0.480178
0.480178
0.480178
0.480177
0.480177
0.480177
0.480176
0.480176
0.480175
0.480175
0.480175
0.480174
0.480174
0.480174
0.480173
0.480173
0.480173
0.480172
0.480172
0.480171
0.480171
0.480171
0.48017
0.48017
0.48017
0.480169
0.480169
0.480168
0.480168
0.480168
0.480167
0.480167
0.480166
0.480166
0.480166
0.480165
0.480165
0.480164
0.480164
0.480163
0.480163
0.480162
0.480162
0.480161
0.480161
0.48016
0.48016
0.480159
0.480158
0.480158
0.480157
0.480157
0.480156
0.480156
0.480155
0.480155
0.480154
0.480153
0.480153
0.480152
0.480151
0.480151
0.48015
0.480149
0.480149
0.480148
0.480147
0.480147
0.480146
0.480145
0.480145
0.480144
0.480143
0.480143
0.480142
0.480142
0.480141
0.48014
0.48014
0.480139
0.480138
0.480138
0.480137
0.480136
0.480136
0.480135
0.480134
0.480134
0.480133
0.480132
0.480132
0.480131
0.48013
0.48013
0.480129
0.480129
0.480128
0.480127
0.480127
0.480126
0.480126
0.480125
0.480124
0.480124
0.480123
0.480123
0.480122
0.480122
0.480121
0.480121
0.48012
0.48012
0.480119
0.480119
0.480118
0.480118
0.480117
0.480117
0.480116
0.480116
0.480115
0.480115
0.480114
0.480114
0.480113
0.480113
0.480113
0.480112
0.480112
0.480112
0.480111
0.480111
0.48011
0.48011
0.48011
0.480109
0.480109
0.480108
0.480108
0.480108
0.480107
0.480107
0.480106
0.480106
0.480106
0.480106
0.480105
0.480105
0.480105
0.480105
0.480105
0.480104
0.480104
0.480104
0.480104
0.480103
0.480103
0.480103
0.480103
0.480102
0.480102
0.480102
0.480102
0.480102
0.480102
0.480101
0.480101
0.480101
0.480101
0.480101
0.4801
0.4801
0.4801
0.4801
0.480099
0.480099
0.480099
0.480099
0.480098
0.480098
0.480097
0.480097
0.480097
0.480096
0.480096
0.480096
0.480095
0.480095
0.480094
0.480094
0.480093
0.480093
0.480093
0.480092
0.480092
0.480091
0.480091
0.48009
0.48009
0.480089
0.480089
0.480088
0.480088
0.480087
0.480087
0.480086
0.480086
0.480085
0.480084
0.480084
0.480083
0.480082
0.480082
0.480081
0.48008
0.48008
0.480079
0.480078
0.480078
0.480077
0.480076
0.480075
0.480075
0.480074
0.480073
0.480072
0.480071
0.480071
0.48007
0.480069
0.480068
0.480067
0.480067
0.480066
0.480065
0.480064
0.480063
0.480063
0.480062
0.480061
0.48006
0.480059
0.480059
0.480058
0.480057
0.480056
0.480055
0.480054
0.480053
0.480052
0.480051
0.480051
0.48005
0.480049
0.480048
0.480047
0.480046
0.480045
0.480044
0.480043
0.480042
0.480041
0.48004
0.480039
0.480038
0.480037
0.480036
0.480035
0.480034
0.480033
0.480033
0.480032
0.480031
0.48003
0.480029
0.480028
0.480027
0.480026
0.480025
0.480024
0.480023
0.480022
0.480021
0.48002
0.480019
0.480018
0.480017
0.480016
0.480015
0.480014
0.480013
0.480012
0.480011
0.48001
0.480009
0.480008
0.480007
0.480006
0.480005
0.480005
0.480004
0.480003
0.480002
0.480001
0.48
0.479999
0.479998
0.479997
0.479997
0.479996
0.479995
0.479994
0.479994
0.479993
0.479992
0.479991
0.479991
0.47999
0.479989
0.479988
0.479988
0.479987
0.479986
0.479986
0.479985
0.479984
0.479984
0.479983
0.479982
0.479982
0.479981
0.479981
0.47998
0.47998
0.479979
0.479978
0.479978
0.479977
0.479977
0.479976
0.479975
0.479975
0.479974
0.479974
0.479973
0.479972
0.479972
0.479971
0.479971
0.47997
0.47997
0.479969
0.479969
0.479968
0.479968
0.479967
0.479967
0.479966
0.479966
0.479966
0.479965
0.479965
0.479964
0.479964
0.479963
0.479963
0.479963
0.479962
0.479962
0.479962
0.479961
0.479961
0.47996
0.47996
0.479959
0.479959
0.479959
0.479958
0.479958
0.479957
0.479957
0.479957
0.479956
0.479956
0.479956
0.479955
0.479955
0.479955
0.479955
0.479955
0.479955
0.479955
0.479955
0.479956
0.479956
0.479957
0.479957
0.479958
0.479959
0.47996
0.47996
0.479961
0.479962
0.479963
0.479964
0.479966
0.479967
0.479968
0.47997
0.479971
0.479973
0.479975
