0.491904
0.491904
0.491904
0.491904
0.491904
0.491904
0.491904
0.491904
0.491904
0.491904
0.491904
0.491904
0.491904
0.491904
0.491904
0.491904
0.491904
0.491904
0.491904
0.491904
0.491904
0.491904
0.491904
0.491904
0.491904
0.491905
0.491905
0.491905
0.491905
0.491905
0.491905
0.491905
0.491906
0.491906
0.491906
0.491906
0.491906
0.491907
0.491907
0.491907
0.491908
0.491908
0.491908
0.491908
0.491909
0.491909
0.491909
0.49191
0.49191
0.49191
0.491911
0.491911
0.491911
0.491912
0.491912
0.491912
0.491912
0.491913
0.491913
0.491913
0.491914
0.491914
0.491914
0.491914
0.491915
0.491915
0.491915
0.491915
0.491915
0.491916
0.491916
0.491916
0.491916
0.491916
0.491917
0.491917
0.491917
0.491917
0.491918
0.491918
0.491918
0.491918
0.491919
0.491919
0.491919
0.491919
0.49192
0.49192
0.49192
0.49192
0.491921
0.491921
0.491921
0.491922
0.491922
0.491922
0.491922
0.491923
0.491923
0.491923
0.491924
0.491924
0.491924
0.491925
0.491925
0.491925
0.491926
0.491926
0.491926
0.491926
0.491927
0.491927
0.491927
0.491928
0.491928
0.491928
0.491928
0.491929
0.491929
0.491929
0.49193
0.49193
0.49193
0.491931
0.491931
0.491931
0.491932
0.491932
0.491932
0.491933
0.491933
0.491933
0.491934
0.491934
0.491934
0.491935
0.491935
0.491935
0.491935
0.491936
0.491936
0.491936
0.491937
0.491937
0.491937
0.491938
0.491938
0.491938
0.491939
0.491939
0.491939
0.49194
0.49194
0.49194
0.491941
0.491941
0.491941
0.491941
0.491941
0.491942
0.491942
0.491942
0.491942
0.491942
0.491943
0.491943
0.491943
0.491943
0.491943
0.491944
0.491944
0.491944
0.491944
0.491944
0.491944
0.491944
0.491944
0.491944
0.491944
0.491944
0.491944
0.491944
0.491944
0.491944
0.491944
0.491944
0.491944
0.491944
0.491944
0.491944
0.491944
0.491944
0.491944
0.491944
0.491944
0.491944
0.491943
0.491943
0.491943
0.491943
0.491943
0.491943
0.491943
0.491943
0.491942
0.491942
0.491942
0.491942
0.491942
0.491942
0.491941
0.491941
0.491941
0.491941
0.491941
0.49194
0.49194
0.49194
0.49194
0.49194
0.49194
0.491939
0.491939
0.491939
0.491939
0.491939
0.491939
0.491939
0.491939
0.491939
0.491939
0.491939
0.491939
0.491939
0.491939
0.491939
0.491939
0.491938
0.491938
0.491938
0.491939
0.491939
0.491938
0.491939
0.491939
0.491939
0.491939
0.491939
0.491939
0.491939
0.491939
0.491939
0.491939
0.491939
0.491939
0.491939
0.491939
0.491939
0.491939
0.491939
0.491939
0.491939
0.491939
0.491939
0.491939
0.491939
0.491939
0.491939
0.491939
0.491939
0.491939
0.491939
0.491939
0.491939
0.491939
0.491938
0.491938
0.491938
0.491938
0.491938
0.491938
0.491938
0.491937
0.491937
0.491937
0.491937
0.491937
0.491936
0.491936
0.491936
0.491935
0.491935
0.491935
0.491934
0.491934
0.491934
0.491933
0.491933
0.491932
0.491932
0.491932
0.491931
0.491931
0.49193
0.49193
0.491929
0.491929
0.491928
0.491927
0.491927
0.491926
0.491926
0.491925
0.491925
0.491924
0.491923
0.491923
0.491922
0.491922
0.491921
0.491921
0.49192
0.491919
0.491919
0.491918
0.491917
0.491917
0.491916
0.491915
0.491915
0.491914
0.491913
0.491913
0.491912
0.491911
0.491911
0.49191
0.49191
0.491909
0.491908
0.491908
0.491907
0.491907
0.491906
0.491905
0.491905
0.491904
0.491904
0.491903
0.491903
0.491902
0.491902
0.491901
0.491901
0.4919
0.4919
0.491899
0.491898
0.491898
0.491897
0.491897
0.491896
0.491896
0.491895
0.491895
0.491894
0.491894
0.491893
0.491893
0.491892
0.491892
0.491891
0.491891
0.49189
0.49189
0.491889
0.491889
0.491888
0.491888
0.491887
0.491887
0.491886
0.491886
0.491885
0.491884
0.491884
0.491883
0.491883
0.491882
0.491882
0.491881
0.491881
0.49188
0.49188
0.49188
0.491879
0.491879
0.491878
0.491878
0.491877
0.491877
0.491876
0.491876
0.491875
0.491875
0.491875
0.491874
0.491874
0.491874
0.491874
0.491874
0.491873
0.491873
0.491873
0.491873
0.491873
0.491873
0.491873
0.491873
0.491873
0.491872
0.491872
0.491872
0.491872
0.491872
0.491872
0.491872
0.491872
0.491872
0.491872
0.491872
0.491872
0.491872
0.491872
0.491872
0.491872
0.491872
0.491872
0.491872
0.491872
0.491872
0.491872
0.491872
0.491872
0.491872
0.491872
0.491872
0.491872
0.491873
0.491873
0.491873
0.491873
0.491873
0.491873
0.491873
0.491873
0.491873
0.491874
0.491874
0.491874
0.491874
0.491874
0.491874
0.491874
0.491875
0.491875
0.491875
0.491875
0.491876
0.491876
0.491876
0.491876
0.491876
0.491876
0.491876
0.491876
0.491876
0.491876
0.491876
0.491876
0.491876
0.491876
0.491876
0.491876
0.491876
0.491876
0.491876
0.491876
0.491877
0.491877
0.491877
0.491877
0.491878
0.491878
0.491878
0.491879
0.491879
0.491879
0.49188
0.49188
0.49188
0.491881
0.491881
0.491882
0.491882
0.491883
0.491883
0.491883
0.491884
0.491884
0.491885
0.491885
0.491886
0.491886
0.491887
0.491887
0.491888
0.491888
0.491889
0.491889
0.491889
0.49189
0.49189
0.491891
0.491891
0.491892
0.491892
0.491893
0.491893
0.491893
0.491894
0.491894
0.491895
0.491896
0.491896
0.491897
0.491897
0.491898
0.491898
0.491899
0.491899
0.4919
0.4919
0.491901
0.491901
0.491902
0.491902
0.491903
0.491903
0.491904
0.491904
0.491905
0.491905
0.491906
0.491906
0.491906
0.491907
0.491907
0.491908
0.491908
0.491909
0.491909
0.49191
0.49191
0.49191
0.491911
0.491911
0.491911
0.491912
0.491912
0.491913
0.491913
0.491913
0.491914
0.491914
0.491914
0.491915
0.491915
0.491915
0.491916
0.491916
0.491916
0.491917
0.491917
0.491917
0.491917
0.491918
0.491918
0.491918
0.491918
0.491919
0.491919
0.491919
0.491919
0.491919
0.491919
0.491919
0.491919
0.491919
0.491919
0.491919
0.491919
0.491919
0.491919
0.491919
0.491919
0.491919
0.491919
0.491919
0.491919
0.491919
0.491918
0.491918
0.491918
0.491918
0.491918
0.491918
0.491918
0.491918
0.491918
0.491918
0.491917
0.491917
0.491917
0.491917
0.491917
0.491917
0.491917
0.491917
0.491917
0.491917
0.491917
0.491916
0.491916
0.491916
0.491916
0.491916
0.491916
0.491915
0.491915
0.491915
0.491914
0.491914
0.491914
0.491913
0.491913
0.491913
0.491912
0.491912
0.491912
0.491911
0.491911
0.49191
0.49191
0.49191
0.491909
0.491909
0.491908
0.491908
0.491907
0.491907
0.491907
0.491906
0.491906
0.491905
0.491905
0.491904
0.491904
0.491903
0.491903
0.491902
0.491902
0.491901
0.491901
0.4919
0.491899
0.491899
0.491898
0.491898
0.491897
0.491896
0.491896
0.491895
0.491894
0.491894
0.491893
0.491892
0.491891
0.491891
0.49189
0.491889
0.491889
0.491888
0.491887
0.491887
0.491886
0.491886
0.491885
0.491884
0.491884
0.491883
0.491883
0.491882
0.491881
0.491881
0.49188
0.49188
0.491879
0.491878
0.491878
0.491877
0.491877
0.491876
0.491876
0.491875
0.491874
0.491874
0.491873
0.491873
0.491872
0.491872
0.491871
0.491871
0.491871
0.49187
0.49187
0.491869
0.491869
0.491868
0.491868
0.491868
0.491867
0.491867
0.491866
0.491866
0.491866
0.491865
0.491865
0.491864
0.491864
0.491864
0.491863
0.491863
0.491863
0.491863
0.491862
0.491862
0.491862
0.491862
0.491861
0.491861
0.491861
0.491861
0.49186
0.49186
0.49186
0.49186
0.49186
0.49186
0.49186
0.49186
0.491859
0.491859
0.491859
0.491859
0.491859
0.491859
0.491859
0.491859
0.491859
0.491859
0.491859
0.491859
0.491859
0.491859
0.491859
0.491859
0.491859
0.491859
0.491859
0.491859
0.491859
0.491859
0.491859
0.491859
0.491859
0.491859
0.49186
0.49186
0.49186
0.49186
0.49186
0.49186
0.49186
0.491861
0.491861
0.491861
0.491861
0.491861
0.491861
0.491861
0.491862
0.491862
0.491862
0.491862
0.491862
0.491863
0.491863
0.491863
0.491863
0.491864
0.491864
0.491864
0.491864
0.491864
0.491865
0.491865
0.491865
0.491865
0.491866
0.491866
0.491866
0.491866
0.491867
0.491867
0.491867
0.491867
0.491868
0.491868
0.491868
0.491869
0.491869
0.491869
0.491869
0.491869
0.491869
0.49187
0.49187
0.49187
0.49187
0.49187
0.49187
0.49187
0.491871
0.491871
0.491871
0.491871
0.491871
0.491871
0.491872
0.491872
0.491872
0.491872
0.491872
0.491873
0.491873
0.491873
0.491873
0.491873
0.491874
0.491874
0.491874
0.491874
0.491874
0.491875
0.491875
0.491875
0.491875
0.491875
0.491875
0.491876
0.491876
0.491876
0.491876
0.491877
0.491877
0.491877
0.491877
0.491878
0.491878
0.491878
0.491878
0.491878
0.491879
0.491879
0.491879
0.49188
0.49188
0.49188
0.491881
0.491881
0.491881
0.491882
0.491882
0.491882
0.491883
0.491883
0.491884
0.491884
0.491884
0.491885
0.491885
0.491885
0.491886
0.491886
0.491886
0.491886
0.491887
0.491887
0.491887
0.491887
0.491887
0.491888
0.491888
0.491888
0.491889
0.491889
0.491889
0.49189
0.49189
0.49189
0.491891
0.491891
0.491891
0.491892
0.491892
0.491893
0.491893
0.491893
0.491894
0.491894
0.491894
0.491895
0.491895
0.491896
0.491896
0.491897
0.491897
0.491898
0.491898
0.491899
0.491899
0.4919
0.491901
0.491901
0.491902
0.491903
0.491903
0.491904
0.491905
0.491905
0.491906
0.491907
0.491908
0.491908
0.491909
0.49191
0.491911
0.491911
0.491912
0.491913
0.491914
0.491915
0.491915
0.491916
0.491917
0.491918
0.491918
0.491919
0.49192
0.491921
0.491921
0.491922
0.491923
0.491924
0.491924
0.491925
0.491926
0.491927
0.491927
0.491928
0.491929
0.49193
0.49193
0.491931
0.491932
0.491932
0.491933
0.491934
0.491934
0.491935
0.491936
0.491937
0.491937
0.491938
0.491939
0.49194
0.491941
0.491941
0.491942
0.491943
0.491944
0.491945
0.491946
0.491946
0.491947
0.491948
0.491949
0.49195
0.491951
0.491952
0.491953
0.491954
0.491955
0.491956
0.491957
0.491958
0.491959
0.49196
0.491961
0.491962
0.491963
0.491964
0.491965
0.491966
0.491967
0.491968
0.491969
0.49197
0.491972
0.491973
0.491974
0.491975
0.491976
0.491977
0.491978
0.491979
0.49198
0.491981
0.491982
0.491983
0.491984
0.491985
0.491986
0.491987
0.491988
0.491989
0.491989
0.49199
0.491991
0.491992
0.491993
0.491994
0.491995
0.491996
0.491997
0.491998
0.491999
0.492
0.492
0.492001
0.492002
0.492003
0.492004
0.492005
0.492005
0.492006
0.492007
0.492008
0.492009
0.492009
0.49201
0.492011
0.492012
0.492012
0.492013
0.492014
0.492014
0.492015
0.492016
0.492016
0.492017
0.492017
0.492018
0.492018
0.492019
0.492019
0.49202
0.49202
0.492021
0.492022
0.492022
0.492023
0.492024
0.492024
0.492025
0.492025
0.492026
0.492027
0.492027
0.492028
0.492029
0.492029
0.49203
0.49203
0.492031
0.492032
0.492032
0.492033
0.492033
0.492034
0.492034
0.492035
0.492035
0.492036
0.492036
0.492037
0.492037
0.492038
0.492038
0.492039
0.492039
0.492039
0.49204
0.49204
0.492041
0.492041
0.492041
0.492042
0.492042
0.492042
0.492043
0.492043
0.492043
0.492044
0.492044
0.492044
0.492045
0.492045
0.492045
0.492046
0.492046
0.492046
0.492046
0.492047
0.492047
0.492047
0.492047
0.492048
0.492048
0.492048
0.492048
0.492049
0.492049
0.492049
0.492049
0.49205
0.49205
0.49205
0.492051
0.492051
0.492051
0.492051
0.492052
0.492052
0.492052
0.492052
0.492053
0.492053
0.492053
0.492053
0.492054
0.492054
0.492054
0.492054
0.492054
0.492054
0.492054
0.492054
0.492054
0.492055
0.492055
0.492055
0.492055
0.492055
0.492055
0.492055
0.492055
0.492055
0.492055
0.492055
0.492055
0.492055
0.492055
0.492055
0.492055
0.492054
0.492054
0.492054
0.492054
0.492054
0.492054
0.492054
0.492053
0.492053
0.492053
0.492053
0.492053
0.492052
0.492052
0.492052
0.492051
0.492051
0.492051
0.49205
0.49205
0.49205
0.492049
0.492049
0.492048
0.492048
0.492047
0.492047
0.492046
0.492046
0.492045
0.492044
0.492044
0.492043
0.492043
0.492042
0.492042
0.492041
0.492041
0.49204
0.49204
0.492039
0.492038
0.492038
0.492037
0.492037
0.492036
0.492036
0.492035
0.492034
0.492034
0.492033
0.492033
0.492032
0.492031
0.492031
0.49203
0.49203
0.492029
0.492029
0.492028
0.492028
0.492027
0.492027
0.492026
0.492026
0.492025
0.492025
0.492024
0.492024
0.492023
0.492023
0.492022
0.492022
0.492021
0.492021
0.49202
0.49202
0.492019
0.492019
0.492018
0.492018
0.492017
0.492017
0.492016
0.492016
0.492015
0.492015
0.492014
0.492014
0.492014
0.492013
0.492013
0.492012
0.492012
0.492011
0.492011
0.492011
0.49201
0.49201
0.49201
0.492009
0.492009
0.492008
0.492008
0.492008
0.492007
0.492007
0.492007
0.492006
0.492006
0.492005
0.492005
0.492005
0.492004
0.492004
0.492004
0.492004
0.492003
0.492003
0.492003
0.492003
0.492003
0.492003
0.492003
0.492002
0.492002
0.492002
0.492002
0.492002
0.492002
0.492001
0.492001
0.492001
0.492001
0.492001
0.492001
0.492001
0.492001
0.492
0.492
0.492
0.492
0.492
0.492
0.491999
0.491999
0.491999
0.491999
0.491999
0.491999
0.491999
0.491999
0.491999
0.491999
0.491999
0.491999
0.491999
0.491999
0.491998
0.491998
0.491998
0.491998
0.491998
0.491998
0.491998
0.491998
0.491998
0.491998
0.491998
0.491998
0.491998
0.491998
0.491998
0.491998
0.491998
0.491999
0.491999
0.491999
0.491999
0.491999
0.491999
0.491999
0.491999
0.49202
0.492035
0.492054
0.492074
0.492088
0.492108
0.492133
0.492151
0.492168
0.492193
0.492216
0.492245
0.492268
0.492291
0.492309
0.492333
0.492351
0.492374
0.492392
0.492411
0.49243
0.492448
0.492469
0.492483
0.492502
0.492518
0.492532
0.492548
0.492561
0.492575
0.492589
0.492598
0.492612
0.492626
0.492639
0.492653
0.492667
0.492679
0.492698
0.492712
0.492731
0.49275
0.492769
0.492788
0.492812
0.492833
0.492852
0.492872
0.492947
0.492969
0.492995
0.493017
0.493044
0.493066
0.493093
0.493119
0.493146
0.493173
0.493206
0.493238
0.493265
0.493299
0.493326
0.493359
0.493391
0.493423
0.49345
0.493483
0.493511
0.493543
0.493573
0.493601
0.493627
0.493659
0.493685
0.493712
0.493738
0.49376
0.493785
0.493809
0.493828
0.493848
0.493868
0.493887
0.493908
0.49393
0.493953
0.493975
0.493997
0.494026
0.494052
0.494075
0.4941
0.494123
0.494148
0.494173
0.494192
0.494216
0.494241
0.494268
0.494326
0.494356
0.494385
0.494409
0.494434
0.494457
0.494483
0.494505
0.494535
0.494565
0.494593
0.494624
0.494681
0.494706
0.494733
0.494766
0.494789
0.494814
0.494837
0.49486
0.494888
0.494911
0.49494
0.494963
0.494993
0.495013
0.495042
0.495072
0.495096
0.495127
0.495159
0.495187
0.495217
0.495249
0.495281
0.495313
0.495351
0.495391
0.49542
0.495457
0.495497
0.495531
0.495565
0.495599
0.495638
0.495671
0.495703
0.495742
0.495774
0.495814
0.495852
0.495885
0.495924
0.495957
0.495991
0.496025
0.496057
0.496091
0.496126
0.496158
0.496193
0.49623
0.496266
0.4963
0.49633
0.496361
0.496399
0.496432
0.496466
0.496499
0.496535
0.496571
0.49661
0.496644
0.49668
0.496721
0.496764
0.496803
0.496841
0.496881
0.49692
0.496959
0.496995
0.497036
0.497073
0.497113
0.497149
0.497186
0.497222
0.497256
0.49729
0.497322
0.497354
0.497391
0.497422
0.497452
0.497485
0.497519
0.497552
0.497585
0.497621
0.49765
0.497685
0.49772
0.497755
0.497784
0.497815
0.497845
0.497874
0.497901
0.497933
0.497962
0.497987
0.498012
0.498041
0.498069
0.498092
0.498118
0.498144
0.49817
0.498195
0.498224
0.498251
0.498276
0.498298
0.498325
0.498348
0.498375
0.498402
0.498428
0.498458
0.498484
0.498513
0.49854
0.49857
0.498604
0.498632
0.498664
0.498691
0.498722
0.498754
0.498786
0.498814
0.498846
0.498874
0.498902
0.498925
0.498955
0.498974
0.498999
0.499023
0.49904
0.49906
0.499074
0.499092
0.499108
0.499123
0.499142
0.499157
0.499167
0.499181
0.499192
0.499202
0.499216
0.499227
0.499238
0.499247
0.499266
0.499287
0.499318
0.499359
0.49941
0.499466
0.499532
0.499594
0.49966
0.49973
0.499791
0.499855
0.499909
0.499957
0.5
0.500042
0.500075
0.500108
0.500139
0.50017
0.500202
0.500236
0.500276
0.500327
0.500384
0.500448
0.500503
0.500565
0.500623
0.500676
0.500729
0.500779
0.500829
0.500876
0.500921
0.500965
0.501001
0.50104
0.501076
0.501111
0.501142
0.501181
0.501216
0.501263
0.501304
0.501354
0.501405
0.501461
0.501513
0.501568
0.501619
0.501671
0.501717
0.501761
0.501814
0.501907
0.501945
0.501984
0.50202
0.502062
0.502098
0.502137
0.502185
0.502227
0.502272
0.502321
0.502369
0.502412
0.502457
0.502503
0.502544
0.502588
0.502634
0.502679
0.502726
0.502768
0.502811
0.502849
0.502889
0.502936
0.502982
0.503026
0.503076
0.503128
0.503179
0.503223
0.503277
0.503325
0.503367
0.503411
0.503453
0.503499
0.503542
0.503581
0.503621
0.503658
0.50369
0.503724
0.503752
0.503786
0.503817
0.503848
0.503881
0.503912
0.503937
0.503967
0.503995
0.50402
0.504049
0.504081
0.504117
0.504148
0.504203
0.504228
0.50426
0.504291
0.504321
0.504351
0.504373
0.504397
0.504421
0.504437
0.504457
0.504477
0.504497
0.504516
0.504538
0.504557
0.504575
0.504591
0.504607
0.50462
0.504632
0.504645
0.504658
0.504669
0.504687
0.504702
0.504716
0.504735
0.504754
0.50477
0.504786
0.504796
0.504812
0.50483
0.504847
0.504861
0.504876
0.504888
0.504899
0.50491
0.504921
0.504934
0.50495
0.504963
0.504972
0.504987
0.504996
0.505004
0.505013
0.505025
0.505038
0.505054
0.505067
0.505071
0.50508
0.505078
0.50509
0.505106
0.505125
0.505139
0.505151
0.505153
0.50516
0.505164
0.505175
0.505179
0.505187
0.505184
0.505182
0.505184
0.50519
0.505197
0.505199
0.505191
0.505183
0.505174
0.505171
0.505167
0.505169
0.50516
0.505158
0.505152
0.505144
0.505139
0.505127
0.505113
0.505093
0.505075
0.505061
0.505049
0.505038
0.505021
0.505008
0.50499
0.504968
0.504952
0.504931
0.504914
0.504893
0.504871
0.504848
0.504825
0.504804
0.504783
0.504757
0.504735
0.50471
0.504683
0.50466
0.504636
0.504613
0.504587
0.504565
0.504543
0.50452
0.504495
0.504472
0.504447
0.504417
0.504389
0.504358
0.504321
0.504292
0.504267
0.504241
0.50421
0.50419
0.504163
0.504138
0.504109
0.504087
0.504057
0.504031
0.504006
0.503977
0.503948
0.503923
0.503897
0.503865
0.503838
0.503812
0.503784
0.503753
0.503728
0.503702
0.503676
0.50365
0.503619
0.50359
0.503559
0.503524
0.503495
0.503466
0.503437
0.503407
0.503381
0.503351
0.50332
0.503286
0.503257
0.503224
0.503191
0.503162
0.503135
0.503107
0.503084
0.503061
0.503037
0.503012
0.502986
0.502963
0.502937
0.502911
0.502884
0.502859
0.502839
0.502813
0.502789
0.502762
0.502735
0.502708
0.502681
0.502655
0.502625
0.502599
0.502565
0.502536
0.502509
0.502482
0.502457
0.50243
0.502407
0.502383
0.50236
0.502338
0.502314
0.502292
0.502271
0.50225
0.502228
0.502206
0.502186
0.502169
0.50215
0.502132
0.502118
0.502106
0.502092
0.502083
0.502078
0.502068
0.502061
0.502058
0.50205
0.502061
0.502061
0.502069
0.502076
0.502081
0.502088
0.502092
0.502103
0.50211
0.502119
0.502135
0.502146
0.502162
0.502175
0.502188
0.502205
0.502217
0.502232
0.50225
0.502268
0.502286
0.502303
0.50232
0.502337
0.502355
0.50238
0.502405
0.502426
0.502446
0.502464
0.502486
0.502511
0.502533
0.502555
0.502573
0.502593
0.502618
0.502645
0.502675
0.502706
0.502733
0.502765
0.502803
0.502844
0.502884
0.502925
0.502969
0.503021
0.50307
0.503118
0.503161
0.503201
0.503251
0.503315
0.503371
0.503424
0.50347
0.503526
0.50358
0.503629
0.50369
0.50375
0.503803
0.503845
0.503899
0.503956
0.504014
0.504069
0.504129
0.504185
0.504242
0.504303
0.504366
0.504427
0.504487
0.504549
0.504617
0.504685
0.50475
0.504817
0.50489
0.504955
0.505023
0.505091
0.505171
0.505249
0.50531
0.50538
0.505454
0.505534
0.505602
0.505671
0.505749
0.505822
0.50589
0.50596
0.506033
0.506106
0.506177
0.506249
0.506323
0.506392
0.506461
0.506531
0.506602
0.506674
0.506746
0.506817
0.50689
0.506984
0.507069
0.507159
0.50724
0.507306
0.507378
0.507468
0.507549
0.50763
0.507711
0.507786
0.507841
0.5079
0.507953
0.508018
0.508079
0.508136
0.508193
0.508252
0.508311
0.508368
0.508421
0.508476
0.508536
0.508594
0.508651
0.508705
0.508766
0.508824
0.50888
0.508935
0.508992
0.509049
0.509095
0.509146
0.509201
0.509254
0.509304
0.509355
0.509409
0.509462
0.509509
0.509547
0.509589
0.509629
0.509685
0.509733
0.509771
0.509816
0.509858
0.509894
0.509931
0.509974
0.510015
0.510051
0.510087
0.510124
0.510161
0.510203
0.51024
0.510271
0.510307
0.510346
0.510384
0.510414
0.510449
0.510491
0.510525
0.51056
0.510591
0.510627
0.510653
0.510679
0.510714
0.510745
0.51078
0.510807
0.510836
0.510868
0.510901
0.510934
0.51097
0.510996
0.511023
0.51105
0.511076
0.511113
0.511142
0.51117
0.511199
0.511231
0.511258
0.51128
0.51131
0.511344
0.511377
0.511404
0.51145
0.511492
0.511535
0.51157
0.511607
0.511639
0.511671
0.511702
0.511733
0.511764
0.511799
0.51184
0.511881
0.511925
0.511967
0.512014
0.512063
0.512113
0.512157
0.512201
0.512232
0.512272
0.512311
0.512347
0.51239
0.512433
0.512477
0.512517
0.512559
0.512601
0.51265
0.512695
0.512739
0.512801
0.51286
0.512917
0.512974
0.513035
0.513096
0.513157
0.513218
0.513283
0.513346
0.513468
0.513513
0.513566
0.513612
0.513657
0.513708
0.513757
0.513805
0.51385
0.513896
0.513945
0.513999
0.51405
0.514095
0.514142
0.514189
0.514234
0.514275
0.514322
0.514365
0.514409
0.514445
0.514483
0.51453
0.514574
0.514615
0.514661
0.514706
0.51475
0.514792
0.514839
0.51488
0.514925
0.51497
0.515013
0.515052
0.515094
0.515129
0.515167
0.515203
0.515236
0.515267
0.515297
0.515327
0.515357
0.515386
0.515414
0.515438
0.515465
0.515494
0.515523
0.515544
0.515568
0.515592
0.515609
0.515629
0.515656
0.515684
0.51571
0.515731
0.515747
0.515759
0.515773
0.515783
0.515793
0.5158
0.515805
0.515811
0.515821
0.515826
0.51583
0.515837
0.51584
0.515847
0.515853
0.515856
0.515861
0.515864
0.515868
0.515869
0.515869
0.515872
0.515874
0.515878
0.515884
0.515887
0.51589
0.515894
0.515899
0.515904
0.515909
0.515915
0.515915
0.515922
0.515925
0.515925
0.515933
0.515935
0.515937
0.515937
0.515938
0.515945
0.515956
0.515959
0.515965
0.515971
0.515973
0.515982
0.515987
0.515999
0.516008
0.51602
0.516029
0.516042
0.516057
0.516075
0.516093
0.51611
0.516129
0.516146
0.516166
0.516185
0.516207
0.516229
0.516254
0.516275
0.516299
0.516319
0.516342
0.51636
0.516385
0.516406
0.516433
0.516449
0.516464
0.51649
0.516515
0.51654
0.516568
0.516596
0.516623
0.516653
0.516687
0.516721
0.516755
0.516788
0.516829
0.516865
0.516905
0.516945
0.516982
0.517022
0.517065
0.517104
0.51714
0.517172
0.51721
0.517252
0.51729
0.517328
0.517366
0.517403
0.517445
0.517476
0.517506
0.517551
0.517588
0.517626
0.517661
0.517691
0.51773
0.517758
0.517789
0.517821
0.51785
0.517878
0.517908
0.517937
0.517966
0.518002
0.518028
0.518061
0.518094
0.518123
0.518151
0.51818
0.518216
0.518252
0.518283
0.518315
0.518339
0.518356
0.518377
0.518395
0.518415
0.518432
0.518442
0.518455
0.518472
0.518485
0.518499
0.518512
0.518522
0.518531
0.518545
0.518555
0.518562
0.518568
0.518578
0.518584
0.518591
0.518586
0.518578
0.518577
0.518568
0.518563
0.518553
0.51854
0.518526
0.518509
0.51849
0.518472
0.51845
0.518427
0.518404
0.518381
0.518358
0.518334
0.518307
0.51828
0.518249
0.518222
0.518191
0.518159
0.518129
0.518097
0.518061
0.51803
0.517995
0.51796
0.517925
0.517892
0.517851
0.517815
0.517774
0.517737
0.517696
0.51765
0.517611
0.517568
0.517526
0.517484
0.517442
0.517398
0.517359
0.517315
0.517271
0.51723
0.517185
0.517143
0.517102
0.517062
0.517024
0.516984
0.516951
0.516915
0.516883
0.516851
0.516823
0.516791
0.51676
0.516736
0.516707
0.516686
0.516657
0.516636
0.516613
0.516593
0.516574
0.516556
0.516537
0.516524
0.516507
0.51649
0.516479
0.516464
0.51645
0.516437
0.516425
0.516417
0.516406
0.516396
0.516386
0.516377
0.516368
0.516361
0.516354
0.516349
0.516341
0.516334
0.516329
0.516323
0.516318
0.516315
0.516312
0.516305
0.516304
0.516299
0.516298
0.516298
0.516296
0.516301
0.516303
0.51631
0.516313
0.516316
0.516324
0.516329
0.516343
0.516349
0.516355
0.516366
0.516369
0.516374
0.516382
0.516387
0.516392
0.516399
0.516405
0.516416
0.516427
0.516434
0.516442
0.516453
0.516464
0.516476
0.516484
0.516496
0.516508
0.516511
0.516522
0.516529
0.516535
0.516544
0.516546
0.516551
0.516559
0.516563
0.516563
0.516562
0.516565
0.516568
0.516567
0.51657
0.516572
0.516574
0.516581
0.516587
0.51659
0.516596
0.516599
0.5166
0.516606
0.516612
0.516613
0.516618
0.516615
0.516615
0.516615
0.516611
0.516612
0.516608
0.516599
0.516594
0.516592
0.516587
0.516581
0.516571
0.516566
0.51656
0.516551
0.516545
0.516536
0.516526
0.516516
0.516507
0.516501
0.516491
0.516481
0.516466
0.516457
0.516446
0.516431
0.516421
0.516406
0.516394
0.516379
0.516362
0.516344
0.516325
0.516307
0.516288
0.516273
0.516257
0.516236
0.51622
0.516198
0.516177
0.516158
0.516136
0.516113
0.516095
0.516079
0.51606
0.516041
0.51603
0.516015
0.516001
0.515985
0.515975
0.515963
0.515947
0.515934
0.515922
0.515906
0.515896
0.515884
0.515872
0.515864
0.515853
0.515846
0.515834
0.515827
0.515819
0.515816
0.515812
0.515798
0.5158
0.515796
0.515792
0.515792
0.515788
0.515786
0.515782
0.515783
0.515781
0.515783
0.515784
0.51579
0.515793
0.515797
0.5158
0.515804
0.515812
0.515817
0.515825
0.515835
0.515841
0.51585
0.515864
0.515882
0.515904
0.515917
0.515934
0.515948
0.515961
0.515975
0.515987
0.516004
0.516022
0.516035
0.516044
0.516061
0.516078
0.516091
0.5161
0.516111
0.516121
0.51613
0.516137
0.516149
0.516154
0.516168
0.51618
0.51619
0.516204
0.516216
0.516229
0.516241
0.516253
0.51626
0.516269
0.516275
0.516284
0.516288
0.516291
0.516298
0.516308
0.516317
0.516326
0.516335
0.516343
0.516348
0.516365
0.516382
0.516398
0.516422
0.516448
0.516476
0.516505
0.516536
0.516573
0.516605
0.516644
0.516683
0.516721
0.51676
0.516798
0.516832
0.516861
0.516897
0.516929
0.516953
0.516983
0.517013
0.517041
0.517068
0.517098
0.517128
0.517151
0.517181
0.517212
0.517237
0.517265
0.517297
0.517325
0.517358
0.51739
0.517431
0.517468
0.517506
0.517544
0.517585
0.517629
0.517673
0.517716
0.517755
0.517799
0.517839
0.517878
0.517915
0.51795
0.517975
0.518013
0.518046
0.518079
0.518106
0.518139
0.518177
0.518205
0.518235
0.518266
0.518293
0.51832
0.518345
0.518367
0.518385
0.518411
0.518429
0.518449
0.51846
0.518479
0.518487
0.518494
0.518498
0.518497
0.5185
0.518496
0.518492
0.518488
0.518482
0.518471
0.518465
0.518459
0.518449
0.518439
0.51843
0.518425
0.518415
0.518414
0.518409
0.518408
0.518408
0.518407
0.518403
0.518409
0.518402
0.5184
0.518396
0.518389
0.51839
0.518396
0.518398
0.518403
0.518411
0.51842
0.518427
0.518438
0.518441
0.518453
0.518464
0.518476
0.518485
0.518497
0.518509
0.518522
0.518535
0.518552
0.51857
0.518588
0.51861
0.518632
0.518655
0.518683
0.518712
0.518738
0.518767
0.518798
0.518829
0.51886
0.518898
0.518935
0.518972
0.519014
0.519057
0.519096
0.519144
0.519186
0.519233
0.519276
0.519331
0.519383
0.519428
0.519476
0.519518
0.519559
0.519602
0.519635
0.519671
0.519712
0.519753
0.519794
0.519827
0.519867
0.5199
0.519942
0.519974
0.520015
0.520054
0.520092
0.520132
0.520176
0.520214
0.520261
0.520306
0.520337
0.520376
0.520409
0.520439
0.520469
0.520501
0.520529
0.520558
0.520588
0.520612
0.520636
0.520663
0.520685
0.520713
0.520735
0.520757
0.520777
0.520799
0.52082
0.520841
0.520866
0.520886
0.520908
0.520932
0.520955
0.520981
0.521001
0.52102
0.521032
0.52105
0.521065
0.521081
0.521092
0.521112
0.521123
0.521135
0.521147
0.521164
0.521176
0.521188
0.521197
0.521206
0.521218
0.521226
0.521236
0.521242
0.521252
0.52126
0.521267
0.521274
0.52128
0.521281
0.521286
0.521285
0.521288
0.521285
0.521286
0.521282
0.521278
0.521277
0.521274
0.521268
0.52126
0.521252
0.521247
0.521233
0.521223
0.521216
0.521204
0.521191
0.521181
0.521167
0.521154
0.521142
0.521127
0.521117
0.521103
0.521087
0.521072
0.521059
0.521042
0.521023
0.521009
0.52099
0.520977
0.520959
0.520941
0.520923
0.5209
0.520883
0.520863
0.520841
0.520821
0.520801
0.520781
0.520756
0.520731
0.520709
0.520689
0.520667
0.520644
0.520621
0.520605
0.520581
0.520563
0.520544
0.520518
0.520497
0.520472
0.520452
0.520428
0.520402
0.520379
0.520358
0.520333
0.520307
0.520286
0.520265
0.520246
0.520219
0.520198
0.520171
0.520145
0.52012
0.52009
0.52007
0.520046
0.520014
0.519995
0.519965
0.519935
0.519908
0.519879
0.519846
0.519809
0.519782
0.519749
0.519715
0.519681
0.519646
0.519599
0.519558
0.519515
0.519459
0.51941
0.519367
0.519317
0.51927
0.519221
0.519183
0.519148
0.519097
0.519043
0.519006
0.518957
0.518913
0.518869
0.518808
0.518758
0.518721
0.518662
0.51861
0.51857
0.518516
0.518453
0.518395
0.518337
0.51828
0.518241
0.518178
0.518099
0.518029
0.51797
0.517901
0.517842
0.517781
0.517727
0.517664
0.517601
0.517542
0.517484
0.517414
0.51735
0.517285
0.517211
0.517141
0.517075
0.517005
0.516933
0.516866
0.51679
0.516712
0.516635
0.516558
0.516483
0.51641
0.516326
0.516246
0.516169
0.516089
0.516008
0.515932
0.515844
0.515764
0.515678
0.51559
0.515505
0.515418
0.515316
0.515219
0.515127
0.515038
0.514946
0.514854
0.514758
0.514665
0.514568
0.514468
0.514368
0.514279
0.514185
0.51409
0.513994
0.513901
0.513805
0.513723
0.513632
0.513537
0.513457
0.513367
0.513277
0.513185
0.513093
0.513002
0.512928
0.512845
0.512758
0.512674
0.512586
0.512498
0.512413
0.512321
0.512234
0.512146
0.512055
0.511969
0.51188
0.511782
0.511692
0.511617
0.51153
0.511442
0.511349
0.511247
0.511163
0.511068
0.510975
0.510888
0.510793
0.5107
0.510616
0.510528
0.510439
0.510352
0.510252
0.51016
0.510062
0.509968
0.509871
0.509735
0.509616
0.509504
0.509367
0.509245
0.508973
0.508886
0.508732
0.508634
0.508551
0.508449
0.508343
0.50824
0.508136
0.508033
0.507942
0.507843
0.507739
0.507626
0.507525
0.507405
0.507302
0.507196
0.507085
0.506962
0.506856
0.506748
0.506627
0.506518
0.5064
0.506288
0.506166
0.506044
0.505913
0.505779
0.50565
0.505519
0.505398
0.505267
0.505138
0.505006
0.504875
0.504748
0.504629
0.504499
0.504371
0.504239
0.504105
0.503978
0.503844
0.503719
0.50359
0.50346
0.503324
0.503189
0.503048
0.502915
0.502776
0.502639
0.502492
0.502357
0.502218
0.50206
0.501922
0.501781
0.501637
0.501494
0.501352
0.501204
0.501057
0.500917
0.500777
0.500629
0.500487
0.500355
0.500206
0.50007
0.49993
0.499784
0.499641
0.499528
0.499463
0.499419
0.4994
0.499409
0.49945
0.499507
0.499573
0.499634
0.499692
0.499745
0.499779
0.499805
0.499821
0.499826
0.499822
0.499817
0.499802
0.499794
0.499786
0.49978
0.499774
0.499768
0.499764
0.499766
0.499782
0.499802
0.499827
0.49986
0.499903
0.499948
0.499996
0.500044
0.500089
0.500129
0.50016
0.500183
0.500195
0.500196
0.500195
0.50019
0.500183
0.50018
0.500179
0.500189
0.500201
0.500216
0.500244
0.500274
0.500302
0.500334
0.500366
0.500388
0.500414
0.500433
0.500451
0.500466
0.500474
0.50048
0.500486
0.500494
0.500499
0.500503
0.500509
0.500516
0.500523
0.500525
0.500536
0.500545
0.500558
0.500576
0.500597
0.500619
0.50064
0.500664
0.500688
0.500708
0.500727
0.500745
0.500765
0.500778
0.500788
0.500797
0.500808
0.500819
0.500828
0.50084
0.500851
0.500866
0.500882
0.500896
0.500914
0.500933
0.500946
0.500964
0.500977
0.500991
0.501003
0.501016
0.501024
0.501035
0.501046
0.501057
0.501069
0.501079
0.501092
0.501105
0.501117
0.501128
0.501136
0.501147
0.501156
0.501163
0.50117
0.50119
0.501209
0.501228
0.501247
0.501266
0.501284
0.501303
0.501321
0.501339
0.501358
0.501376
0.501394
0.501412
0.50143
0.501447
0.501465
0.501483
0.5015
0.501517
0.501535
0.501552
0.501569
0.501586
0.501603
0.50162
0.501637
0.501654
0.50167
0.501687
0.501703
0.501719
0.501736
0.501752
0.501768
0.501784
0.5018
0.501815
0.501831
0.501847
0.501862
0.501878
0.501893
0.501908
0.501923
0.501938
0.501953
0.501968
0.501983
0.501998
0.502013
0.502027
0.502042
0.502056
0.502071
0.502085
0.502099
0.502113
0.502127
0.502141
0.502155
0.502169
0.502183
0.502196
0.50221
0.502223
0.502236
0.50225
0.502263
0.502276
0.502289
0.502302
0.502314
0.502327
0.50234
0.502352
0.502365
0.502377
0.50239
0.502402
0.502414
0.502426
0.502438
0.50245
0.502462
0.502474
0.502486
0.502498
0.50251
0.502521
0.502533
0.502544
0.502556
0.502567
0.502579
0.50259
0.502601
0.502612
0.502623
0.502634
0.502645
0.502656
0.502667
0.502677
0.502688
0.502699
0.502709
0.502719
0.50273
0.50274
0.50275
0.50276
0.502771
0.502781
0.50279
0.5028
0.50281
0.50282
0.50283
0.502839
0.502849
0.502859
0.502868
0.502878
0.502887
0.502896
0.502906
0.502915
0.502924
0.502933
0.502942
0.502951
0.50296
0.502969
0.502978
0.502986
0.502995
0.503003
0.503012
0.50302
0.503029
0.503037
0.503046
0.503054
0.503063
0.503071
0.503079
0.503088
0.503096
0.503105
0.503113
0.503122
0.50313
0.503138
0.503146
0.503155
0.503163
0.503171
0.503179
0.503187
0.503195
0.503203
0.503211
0.503218
0.503226
0.503234
0.503241
0.503249
0.503257
0.503264
0.503272
0.503279
0.503287
0.503294
0.503301
0.503309
0.503316
0.503323
0.50333
0.503337
0.503344
0.503351
0.503357
0.503364
0.50337
0.503377
0.503383
0.503389
0.503396
0.503402
0.503408
0.503414
0.50342
0.503426
0.503432
0.50345
0.50348
0.503504
0.50353
0.503555
0.503578
0.503607
0.503638
0.503664
0.50369
0.503717
0.503743
0.503773
0.503801
0.503828
0.503857
0.503891
0.503921
0.503959
0.504016
0.504075
0.504167
0.504282
0.504416
0.504558
0.504698
0.504863
0.505015
0.505163
0.50532
0.505477
0.505621
0.505756
0.505873
0.505981
0.506076
0.506167
0.506262
0.506355
0.506471
0.506574
0.506704
0.506816
0.506933
0.507081
0.50738
0.507519
0.507665
0.507803
0.507931
0.508068
0.508202
0.508324
0.508433
0.508541
0.508644
0.508746
0.508841
0.508935
0.509026
0.509121
0.509214
0.509315
0.509411
0.509519
0.509627
0.509751
0.509868
0.510021
0.510168
0.51029
0.510415
0.51055
0.510648
0.510752
0.510848
0.51093
0.511005
0.511073
0.511147
0.511218
0.511299
0.511379
0.511459
0.511537
0.511615
0.511699
0.511778
0.51185
0.511923
0.511992
0.512063
0.512124
0.512182
0.512241
0.512295
0.512354
0.512406
0.512451
0.512493
0.512532
0.512576
0.512611
0.512646
0.512672
0.5127
0.512725
0.512756
0.512782
0.512809
0.512829
0.512848
0.512869
0.512893
0.512922
0.512949
0.512979
0.513004
0.513027
0.513048
0.513067
0.513088
0.513105
0.513123
0.513137
0.513144
0.513154
0.513157
0.513165
0.513175
0.513185
0.513195
0.513208
0.513214
0.513221
0.51323
0.513237
0.513252
0.513275
0.513305
0.513321
0.513338
0.513349
0.513358
0.513367
0.513375
0.513382
0.513387
0.513392
0.513397
0.513401
0.513404
0.513407
0.513413
0.513416
0.513423
0.513426
0.513424
0.513432
0.51343
0.513435
0.513442
0.513447
0.513449
0.513445
0.513438
0.513437
0.513435
0.513432
0.513425
0.513418
0.513413
0.513406
0.513407
0.513405
0.513407
0.5134
0.513392
0.513383
0.513369
0.51336
0.513352
0.513346
0.513335
0.513327
0.513315
0.513305
0.513298
0.513284
0.513275
0.513263
0.51324
0.513225
0.513206
0.513194
0.513184
0.513175
0.513156
0.513141
0.513122
0.513107
0.51309
0.513077
0.513061
0.513045
0.513032
0.513013
0.512998
0.512975
0.512958
0.512931
0.512912
0.512889
0.512869
0.512847
0.51283
0.512812
0.512794
0.512779
0.512762
0.512743
0.512723
0.512704
0.512682
0.512666
0.512638
0.512612
0.512599
0.512587
0.512568
0.512555
0.512532
0.512518
0.512501
0.512481
0.512458
0.512432
0.512414
0.512401
0.512384
0.512368
0.512351
0.51233
0.512313
0.512294
0.512275
0.51225
0.512235
0.512218
0.512204
0.512188
0.512164
0.51214
0.512124
0.512113
0.512097
0.512085
0.512067
0.512047
0.512038
0.512033
0.512022
0.512014
0.512
0.511989
0.511981
0.511974
0.511962
0.511953
0.511944
0.511934
0.511927
0.511926
0.511927
0.511921
0.511912
0.511899
0.511894
0.511885
0.511884
0.511877
0.511874
0.511874
0.511874
0.511875
0.511875
0.511874
0.511866
0.511872
0.511872
0.511878
0.511876
0.511879
0.511877
0.511884
0.511897
0.511902
0.511909
0.511917
0.511932
0.511939
0.51195
0.511958
0.511974
0.511988
0.511999
0.512007
0.512027
0.512042
0.512061
0.512074
0.512099
0.512121
0.512139
0.512159
0.512185
0.512212
0.512238
0.512266
0.512293
0.512323
0.512352
0.512387
0.512422
0.512467
0.512507
0.512549
0.5126
0.512651
0.512696
0.512739
0.512793
0.512849
0.512904
0.51296
0.513024
0.513084
0.513147
0.513216
0.51328
0.513348
0.513423
0.513496
0.513562
0.513636
0.513711
0.513787
0.513866
0.51394
0.514013
0.514096
0.514173
0.514246
0.514326
0.514407
0.51449
0.514568
0.514652
0.514736
0.514818
0.514905
0.514992
0.515079
0.515161
0.515245
0.515333
0.515427
0.515516
0.515603
0.515696
0.515797
0.515894
0.51599
0.516093
0.516195
0.516299
0.516403
0.516504
0.516613
0.516713
0.516811
0.516916
0.517027
0.517134
0.517241
0.517342
0.517446
0.517552
0.51765
0.517758
0.517867
0.517967
0.518064
0.518165
0.518269
0.518368
0.518459
0.518552
0.518653
0.518754
0.518854
0.518953
0.519062
0.519164
0.519263
0.519372
0.519467
0.519574
0.519674
0.519777
0.519868
0.519959
0.520061
0.520162
0.520261
0.520366
0.520467
0.520574
0.520672
0.520767
0.520865
0.520958
0.521061
0.521153
0.521249
0.521345
0.521432
0.521525
0.521619
0.52171
0.5218
0.521889
0.521976
0.522065
0.522144
0.522229
0.522312
0.52239
0.522473
0.522549
0.522626
0.522703
0.522776
0.522853
0.522919
0.522985
0.52306
0.523128
0.523198
0.523262
0.523319
0.523386
0.523441
0.523487
0.523546
0.523601
0.523656
0.523709
0.523759
0.523809
0.523852
0.523902
0.523949
0.52399
0.524036
0.524073
0.524109
0.524142
0.52418
0.524214
0.524246
0.524284
0.524315
0.524348
0.524381
0.524415
0.524451
0.524478
0.524509
0.524552
0.524587
0.524617
0.524651
0.52467
0.524694
0.524709
0.524731
0.524749
0.524762
0.52478
0.524794
0.524819
0.524841
0.524866
0.524881
0.524887
0.524908
0.524918
0.524935
0.524942
0.524949
0.524955
0.524954
0.524957
0.524961
0.52496
0.524958
0.524958
0.524953
0.524953
0.524944
0.524939
0.524936
0.524938
0.524949
0.524946
0.52495
0.524969
0.524975
0.524985
0.524996
0.525032
0.525042
0.525054
0.525062
0.525077
0.525089
0.525109
0.525125
0.525144
0.525163
0.525178
0.525196
0.525214
0.525235
0.525258
0.525283
0.525309
0.525338
0.525371
0.525403
0.525473
0.525503
0.525538
0.525568
0.525602
0.525643
0.525684
0.525725
0.525769
0.525813
0.525856
0.525903
0.525953
0.525996
0.526049
0.526098
0.526151
0.52621
0.52627
0.526325
0.526386
0.526445
0.526503
0.526558
0.52662
0.52667
0.526731
0.526796
0.52686
0.526928
0.527
0.527071
0.527143
0.527213
0.52728
0.527353
0.527423
0.527493
0.527562
0.527631
0.5277
0.527768
0.527843
0.527914
0.527989
0.528059
0.528125
0.528195
0.528259
0.528318
0.528382
0.528445
0.528512
0.52858
0.528642
0.528704
0.528764
0.528823
0.528881
0.528935
0.528992
0.529049
0.529099
0.529153
0.529203
0.529247
0.529293
0.529334
0.52938
0.529418
0.529459
0.529499
0.529533
0.529558
0.529596
0.529625
0.52965
0.529677
0.529706
0.52973
0.529753
0.529776
0.529798
0.529814
0.529829
0.529843
0.529859
0.529869
0.529875
0.529882
0.529906
0.529931
0.529957
0.529985
0.530004
0.530037
0.530072
0.530107
0.530152
0.530195
0.530244
0.530294
0.530351
0.5304
0.530452
0.530507
0.530565
0.530611
0.530651
0.530691
0.530714
0.530732
0.530739
0.53074
0.530738
0.530736
0.530737
0.530734
0.53073
0.530726
0.530731
0.530737
0.530743
0.530751
0.530752
0.530752
0.530754
0.530756
0.530763
0.530771
0.530781
0.530799
0.530819
0.530838
0.530865
0.530895
0.530923
0.530951
0.530979
0.531009
0.531039
0.531071
0.531101
0.531128
0.531157
0.531186
0.531214
0.531247
0.53128
0.531309
0.531348
0.531382
0.531413
0.531453
0.531493
0.531533
0.531576
0.531614
0.531657
0.531705
0.531746
0.531787
0.531821
0.531855
0.531891
0.531926
0.531955
0.53198
0.531999
0.532014
0.532032
0.532049
0.532059
0.53207
0.532085
0.532092
0.5321
0.532107
0.532112
0.532111
0.532121
0.532122
0.532125
0.532126
0.53213
0.532129
0.532133
0.532138
0.532138
0.532143
0.532147
0.532149
0.532153
0.532153
0.532159
0.532162
0.532162
0.532165
0.532164
0.532166
0.532169
0.532167
0.532169
0.532167
0.532168
0.532174
0.532173
0.532181
0.532186
0.532198
0.532205
0.532218
0.532231
0.532249
0.532264
0.532279
0.532292
0.532313
0.532331
0.532349
0.532371
0.532398
0.53242
0.532453
0.532476
0.532508
0.532541
0.53257
0.532595
0.532632
0.532658
0.532688
0.532721
0.532754
0.532788
0.532819
0.532853
0.532888
0.532913
0.532949
0.53298
0.533016
0.533047
0.533084
0.533114
0.53315
0.53318
0.53322
0.533256
0.533301
0.533341
0.533386
0.533427
0.533466
0.533505
0.533551
0.533593
0.53364
0.533688
0.533735
0.533786
0.533838
0.533878
0.533923
0.533976
0.534026
0.534073
0.534124
0.534175
0.534221
0.534266
0.53431
0.53436
0.534404
0.534454
0.534508
0.53456
0.534612
0.534663
0.534715
0.534761
0.534814
0.534858
0.534903
0.53495
0.534991
0.535036
0.535081
0.535121
0.535164
0.535205
0.535244
0.535283
0.535325
0.535362
0.535393
0.535428
0.535461
0.53549
0.535517
0.535543
0.535572
0.535596
0.535619
0.53564
0.53566
0.535675
0.535693
0.535709
0.535724
0.535738
0.535747
0.535759
0.535773
0.535781
0.535792
0.535801
0.535813
0.535819
0.535825
0.535829
0.535834
0.535838
0.535837
0.535836
0.535834
0.535831
0.535825
0.535818
0.535807
0.535798
0.535787
0.535775
0.535766
0.53575
0.535738
0.535725
0.535709
0.535692
0.535678
0.535662
0.535643
0.535627
0.535605
0.535586
0.535562
0.535538
0.535513
0.535496
0.535468
0.535442
0.53542
0.53539
0.535361
0.535328
0.535294
0.535264
0.53523
0.535194
0.535158
0.535123
0.535082
0.535051
0.535016
0.534977
0.534939
0.534898
0.534856
0.534825
0.534782
0.534732
0.53469
0.534642
0.5346
0.534548
0.534501
0.534448
0.534394
0.534332
0.534268
0.534211
0.534149
0.534088
0.534026
0.533961
0.533892
0.533825
0.533751
0.533678
0.533598
0.533531
0.533475
0.533404
0.533337
0.533278
0.533211
0.533137
0.533064
0.532969
0.532906
0.532818
0.532729
0.53265
0.532566
0.532481
0.532394
0.532303
0.532215
0.532094
0.531984
0.531769
0.531673
0.531544
0.531418
0.531304
0.531212
0.531095
0.530963
0.530837
0.530711
0.530606
0.530498
0.530371
0.530105
0.530006
0.529882
0.529772
0.529655
0.529552
0.529439
0.529321
0.52921
0.529101
0.528988
0.528869
0.528749
0.528634
0.528481
0.528333
0.528183
0.528035
0.52774
0.527628
0.527475
0.527329
0.527199
0.527074
0.526934
0.526826
0.526698
0.526552
0.526399
0.526257
0.526107
0.525958
0.525804
0.525655
0.525496
0.525347
0.525181
0.525055
0.524925
0.524793
0.524667
0.524533
0.524407
0.524266
0.524132
0.523998
0.523863
0.523727
0.523585
0.523446
0.523309
0.523173
0.523025
0.522885
0.522739
0.522602
0.522451
0.522318
0.522165
0.522033
0.521874
0.521724
0.521577
0.521431
0.521268
0.521123
0.520967
0.520815
0.520689
0.520555
0.520396
0.520249
0.520098
0.519942
0.519792
0.519638
0.519478
0.519323
0.519182
0.519023
0.518871
0.518713
0.51857
0.518403
0.518252
0.51809
0.517938
0.51777
0.517616
0.517451
0.517288
0.517126
0.516984
0.516824
0.516676
0.516515
0.516344
0.516182
0.516017
0.515856
0.515692
0.515547
0.515379
0.515236
0.515074
0.514911
0.514744
0.514579
0.514418
0.51425
0.514084
0.51392
0.513757
0.513574
0.513412
0.513244
0.51308
0.512907
0.512744
0.51257
0.512406
0.512244
0.51208
0.511905
0.511745
0.511571
0.511402
0.511234
0.511065
0.51089
0.510739
0.510617
0.510509
0.510439
0.510403
0.510399
0.510423
0.510464
0.510522
0.510573
0.510624
0.510665
0.510689
0.510694
0.510689
0.510674
0.510657
0.510622
0.510584
0.510544
0.510506
0.510467
0.510427
0.510384
0.510348
0.510321
0.510302
0.51029
0.510288
0.510294
0.510306
0.510328
0.510356
0.510394
0.510425
0.510449
0.510466
0.510476
0.510482
0.510477
0.510465
0.510452
0.510433
0.510408
0.510388
0.510365
0.510346
0.510326
0.510308
0.510294
0.510281
0.510265
0.510255
0.510251
0.510246
0.510243
0.510244
0.510241
0.510242
0.510237
0.510235
0.510235
0.51023
0.510226
0.510226
0.510219
0.510216
0.510208
0.510201
0.510183
0.51017
0.51015
0.510127
0.510097
0.510066
0.510039
0.510002
0.50996
0.509914
0.50987
0.50982
0.509785
0.509752
0.509711
0.509672
0.509618
0.509566
0.509512
0.50946
0.509397
0.509334
0.509261
0.50919
0.509117
0.509049
0.508975
0.508901
0.508822
0.508742
0.508661
0.508567
0.508473
0.50837
0.508272
0.508175
0.50806
0.50795
0.507846
0.50772
0.507581
0.507438
0.507289
0.507159
0.507049
0.506939
0.506828
0.506724
0.506616
0.506507
0.506396
0.506285
0.506181
0.506072
0.505963
0.505852
0.505738
0.505627
0.505519
0.505407
0.505302
0.505188
0.505075
0.504964
0.504853
0.504738
0.504626
0.504522
0.504431
0.504334
0.504241
0.504162
0.50411
0.504092
0.5041
0.504127
0.504166
0.504208
0.504235
0.504251
0.504252
0.504241
0.504228
0.504216
0.504207
0.504204
0.50421
0.504223
0.504238
0.50425
0.504254
0.504258
0.504255
0.504256
0.504257
0.504266
0.504279
0.504301
0.504326
0.504348
0.504374
0.504393
0.504412
0.50442
0.504428
0.504436
0.504444
0.504452
0.50446
0.504468
0.504475
0.504483
0.504491
0.504498
0.504506
0.504513
0.50452
0.504527
0.504535
0.504542
0.504549
0.504556
0.504563
0.50457
0.504577
0.504583
0.50459
0.504597
0.504603
0.50461
0.504616
0.504623
0.504629
0.504636
0.504642
0.504648
0.504655
0.504661
0.504667
0.504673
0.504679
0.504685
0.504691
0.504697
0.504703
0.504708
0.504714
0.50472
0.504726
0.504731
0.504737
0.504743
0.504749
0.504755
0.50476
0.504766
0.504772
0.504777
0.504783
0.504788
0.504794
0.504799
0.504805
0.50481
0.504815
0.504821
0.504826
0.504831
0.504837
0.504842
0.504847
0.504852
0.504858
0.504863
0.504868
0.504873
0.504879
0.504884
0.504889
0.504894
0.5049
0.504905
0.50491
0.504915
0.50492
0.504925
0.504931
0.504936
0.504941
0.504946
0.504951
0.504957
0.504962
0.504967
0.504972
0.504977
0.504983
0.504988
0.504993
0.504998
0.505003
0.505008
0.505013
0.505018
0.505023
0.505028
0.505033
0.505038
0.505043
0.505048
0.505053
0.505058
0.505063
0.505068
0.505072
0.505077
0.505082
0.505087
0.505091
0.505096
0.505101
0.505105
0.50511
0.505115
0.505119
0.505124
0.505128
0.505133
0.505137
0.505142
0.505146
0.50515
0.505155
0.505159
0.505163
0.505168
0.505173
0.505177
0.505182
0.505186
0.505191
0.505195
0.5052
0.505204
0.505209
0.505213
0.505217
0.505222
0.505226
0.50523
0.505235
0.505239
0.505243
0.505247
0.505251
0.505256
0.50526
0.505264
0.505268
0.505272
0.505276
0.505281
0.505284
0.505288
0.505292
0.505296
0.5053
0.505303
0.505307
0.505311
0.505315
0.505318
0.505322
0.505326
0.50533
0.505333
0.505337
0.505341
0.505344
0.505348
0.505352
0.505355
0.505359
0.505362
0.505366
0.505369
0.505372
0.505376
0.505379
0.505382
0.505386
0.505389
0.505392
0.505396
0.505399
0.505402
0.505405
0.505408
0.505411
0.505415
0.505418
0.505421
0.505424
0.505427
0.50543
0.505433
0.505436
0.505439
0.505441
0.505444
0.505447
0.50545
0.505453
0.505456
0.505459
0.505462
0.505464
0.505467
0.50547
0.505473
0.505475
0.505478
0.50548
0.505483
0.505486
0.505488
0.505491
0.505493
0.505496
0.505498
0.5055
0.505503
0.505505
0.505508
0.50551
0.505512
0.505515
0.505517
0.505519
0.505522
0.505524
0.505526
0.505529
0.505531
0.505533
0.505536
0.505538
0.50554
0.505542
0.505545
0.505547
0.505549
0.505551
0.505554
0.505556
0.505558
0.50556
0.505562
0.505564
0.505566
0.505568
0.50557
0.505572
0.505574
0.505576
0.505578
0.50558
0.505582
0.505584
0.505586
0.505587
0.505589
0.505591
0.505593
0.505594
0.505596
0.505598
0.505599
0.505601
0.505602
0.505604
0.505605
0.505607
0.505608
0.50561
0.505611
0.505613
0.505614
0.505616
0.505617
0.505618
0.50562
0.505621
0.505623
0.505624
0.505625
0.505627
0.505628
0.505629
0.505631
0.505632
0.505633
0.505634
0.505636
0.505637
0.505638
0.505639
0.50564
0.505641
0.505642
0.505643
0.505644
0.505645
0.505647
0.505648
0.505649
0.50565
0.505651
0.505652
0.505653
0.505654
0.505655
0.505656
0.505657
0.505658
0.505659
0.50566
0.505661
0.505662
0.505663
0.505665
0.505666
0.505667
0.505668
0.505669
0.50567
0.505671
0.505672
0.505673
0.505674
0.505675
0.505676
0.505677
0.505678
0.505679
0.505679
0.50568
0.505681
0.505682
0.505683
0.505684
0.505684
0.505685
0.505686
0.505687
0.505688
0.505688
0.505689
0.50569
0.50569
0.505691
0.505692
0.505692
0.505693
0.505694
0.505695
0.505695
0.505696
0.505697
0.505697
0.505698
0.505699
0.505699
0.5057
0.505701
0.505701
0.505702
0.505703
0.505703
0.505704
0.505705
0.505705
0.505706
0.505706
0.505707
0.505707
0.505708
0.505708
0.505709
0.50571
0.50571
0.505711
0.505711
0.505712
0.505712
0.505713
0.505714
0.505714
0.505715
0.505715
0.505716
0.505716
0.505717
0.505717
0.505718
0.505718
0.505719
0.50572
0.50572
0.505721
0.505722
0.505723
0.505723
0.505724
0.505725
0.505725
0.505726
0.505727
0.505727
0.505728
0.505729
0.505729
0.50573
0.50573
0.505731
0.505732
0.505732
0.505733
0.505733
0.505734
0.505734
0.505735
0.505735
0.505736
0.505736
0.505737
0.505737
0.505737
0.505738
0.505738
0.505739
0.505739
0.50574
0.50574
0.50574
0.505741
0.505741
0.505742
0.505742
0.505743
0.505743
0.505744
0.505744
0.505744
0.505745
0.505745
0.505745
0.505745
0.505746
0.505746
0.505746
0.505747
0.505747
0.505747
0.505747
0.505748
0.505748
0.505748
0.505748
0.505749
0.505749
0.505749
0.50575
0.50575
0.50575
0.50575
0.505751
0.505751
0.505751
0.505752
0.505752
0.505752
0.505752
0.505753
0.505753
0.505753
0.505754
0.505754
0.505754
0.505754
0.505754
0.505754
0.505755
0.505755
0.505755
0.505755
0.505755
0.505755
0.505755
0.505756
0.505756
0.505756
0.505756
0.505756
0.505756
0.505756
0.505756
0.505757
0.505757
0.505757
0.505757
0.505757
0.505757
0.505757
0.505757
0.505757
0.505758
0.505758
0.505758
0.505758
0.505758
0.505758
0.505758
0.505758
0.505758
0.505758
0.505758
0.505758
0.505758
0.505758
0.505759
0.505759
0.505759
0.505759
0.505759
0.505759
0.505759
0.505759
0.505759
0.505759
0.50576
0.50576
0.50576
0.50576
0.50576
0.50576
0.50576
0.50576
0.505761
0.505761
0.505761
0.505761
0.505761
0.505761
0.505761
0.505761
0.505762
0.505762
0.505762
0.505762
0.505762
0.505763
0.505763
0.505763
0.505763
0.505763
0.505764
0.505764
0.505764
0.505764
0.505765
0.505765
0.505765
0.505765
0.505766
0.505766
0.505766
0.505767
0.505767
0.505767
0.505767
0.505768
0.505768
0.505768
0.505769
0.505769
0.505769
0.50577
0.50577
0.50577
0.50577
0.505771
0.505771
0.505771
0.505771
0.505772
0.505772
0.505772
0.505772
0.505772
0.505773
0.505773
0.505773
0.505773
0.505773
0.505773
0.505774
0.505774
0.505774
0.505774
0.505774
0.505774
0.505775
0.505775
0.505775
0.505775
0.505775
0.505776
0.505776
0.505776
0.505776
0.505776
0.505776
0.505776
0.505777
0.505777
0.505777
0.505777
0.505777
0.505777
0.505777
0.505777
0.505777
0.505777
0.505777
0.505777
0.505777
0.505777
0.505777
0.505776
0.505776
0.505776
0.505776
0.505776
0.505775
0.505775
0.505775
0.505775
0.505775
0.505774
0.505774
0.505774
0.505774
0.505773
0.505773
0.505773
0.505773
0.505773
0.505772
0.505772
0.505772
0.505772
0.505772
0.505772
0.505772
0.505772
0.505772
0.505772
0.505772
0.505772
0.505771
0.505771
0.505771
0.505771
0.505771
0.505771
0.505771
0.505771
0.505771
0.505771
0.505771
0.505771
0.505771
0.50577
0.50577
0.50577
0.50577
0.50577
0.50577
0.50577
0.50577
0.50577
0.50577
0.50577
0.50577
0.50577
0.50577
0.50577
0.50577
0.50577
0.50577
0.50577
0.50577
0.50577
0.50577
0.50577
0.505769
0.505769
0.505769
0.505769
0.505769
0.505769
0.505769
0.505769
0.505769
0.505769
0.505768
0.505768
0.505768
0.505768
0.505768
0.505768
0.505767
0.505767
0.505767
0.505767
0.505767
0.505767
0.505767
0.505766
0.505766
0.505766
0.505766
0.505766
0.505766
0.505766
0.505766
0.505765
0.505765
0.505765
0.505765
0.505765
0.505765
0.505765
0.505765
0.505765
0.505765
0.505765
0.505765
0.505764
0.505764
0.505764
0.505764
0.505764
0.505764
0.505764
0.505764
0.505764
0.505763
0.505763
0.505763
0.505763
0.505763
0.505763
0.505763
0.505763
0.505763
0.505763
0.505763
0.505763
0.505763
0.505763
0.505763
0.505763
0.505763
0.505763
0.505763
0.505763
0.505763
0.505763
0.505763
0.505763
0.505763
0.505763
0.505763
0.505763
0.505763
0.505763
0.505763
0.505764
0.505764
0.505764
0.505764
0.505764
0.505764
0.505764
0.505764
0.505764
0.505764
0.505764
0.505765
0.505765
0.505765
0.505765
0.505765
0.505765
0.505765
0.505765
0.505766
