0.685328
0.685328
0.685328
0.685328
0.685328
0.685328
0.685328
0.685328
0.685328
0.685328
0.685329
0.685329
0.685329
0.685329
0.685329
0.68533
0.68533
0.68533
0.68533
0.68533
0.685331
0.685331
0.685331
0.685331
0.685332
0.685332
0.685332
0.685332
0.685333
0.685333
0.685334
0.685334
0.685334
0.685335
0.685335
0.685336
0.685336
0.685337
0.685337
0.685338
0.685338
0.685339
0.685339
0.68534
0.68534
0.685341
0.685341
0.685342
0.685342
0.685343
0.685343
0.685344
0.685344
0.685345
0.685345
0.685346
0.685346
0.685347
0.685348
0.685348
0.685349
0.685349
0.68535
0.68535
0.685351
0.685351
0.685352
0.685352
0.685353
0.685353
0.685354
0.685354
0.685355
0.685355
0.685356
0.685357
0.685357
0.685358
0.685359
0.685359
0.68536
0.68536
0.685361
0.685362
0.685362
0.685363
0.685364
0.685364
0.685365
0.685366
0.685367
0.685367
0.685368
0.685369
0.68537
0.685371
0.685371
0.685372
0.685373
0.685374
0.685375
0.685376
0.685376
0.685377
0.685378
0.685379
0.68538
0.685381
0.685381
0.685382
0.685383
0.685384
0.685385
0.685386
0.685387
0.685388
0.685388
0.685389
0.68539
0.685391
0.685392
0.685393
0.685394
0.685395
0.685396
0.685397
0.685398
0.685399
0.6854
0.685401
0.685402
0.685403
0.685404
0.685405
0.685406
0.685407
0.685408
0.685409
0.68541
0.685411
0.685412
0.685413
0.685414
0.685415
0.685416
0.685417
0.685418
0.685419
0.68542
0.685421
0.685422
0.685423
0.685424
0.685425
0.685426
0.685427
0.685428
0.685429
0.68543
0.685432
0.685433
0.685434
0.685435
0.685436
0.685437
0.685438
0.685439
0.68544
0.685441
0.685442
0.685443
0.685444
0.685445
0.685445
0.685446
0.685447
0.685448
0.685449
0.68545
0.68545
0.685451
0.685452
0.685453
0.685453
0.685454
0.685455
0.685456
0.685456
0.685457
0.685458
0.685459
0.685459
0.68546
0.685461
0.685461
0.685462
0.685462
0.685463
0.685464
0.685464
0.685465
0.685465
0.685466
0.685466
0.685467
0.685467
0.685468
0.685468
0.685469
0.685469
0.68547
0.68547
0.685471
0.685471
0.685471
0.685472
0.685472
0.685472
0.685472
0.685473
0.685473
0.685473
0.685473
0.685474
0.685474
0.685474
0.685474
0.685475
0.685475
0.685475
0.685475
0.685475
0.685476
0.685476
0.685476
0.685476
0.685477
0.685477
0.685477
0.685477
0.685478
0.685478
0.685478
0.685478
0.685479
0.685479
0.685479
0.685479
0.68548
0.68548
0.68548
0.685481
0.685481
0.685481
0.685482
0.685482
0.685482
0.685482
0.685483
0.685483
0.685483
0.685484
0.685484
0.685484
0.685485
0.685485
0.685485
0.685486
0.685486
0.685486
0.685487
0.685487
0.685488
0.685488
0.685488
0.685489
0.685489
0.68549
0.68549
0.68549
0.685491
0.685491
0.685492
0.685492
0.685493
0.685493
0.685494
0.685494
0.685495
0.685495
0.685496
0.685496
0.685497
0.685497
0.685498
0.685498
0.685499
0.6855
0.6855
0.685501
0.685501
0.685502
0.685502
0.685503
0.685503
0.685504
0.685504
0.685504
0.685505
0.685505
0.685506
0.685506
0.685506
0.685507
0.685507
0.685507
0.685508
0.685508
0.685509
0.685509
0.685509
0.68551
0.68551
0.68551
0.685511
0.685511
0.685511
0.685512
0.685512
0.685513
0.685513
0.685513
0.685514
0.685514
0.685514
0.685515
0.685515
0.685515
0.685516
0.685516
0.685517
0.685517
0.685517
0.685518
0.685518
0.685518
0.685518
0.685519
0.685519
0.685519
0.685519
0.68552
0.68552
0.68552
0.685521
0.685521
0.685521
0.685521
0.685522
0.685522
0.685522
0.685522
0.685523
0.685523
0.685523
0.685523
0.685523
0.685524
0.685524
0.685524
0.685524
0.685525
0.685525
0.685525
0.685526
0.685526
0.685526
0.685526
0.685526
0.685527
0.685527
0.685527
0.685527
0.685528
0.685528
0.685528
0.685528
0.685528
0.685529
0.685529
0.685529
0.685529
0.685529
0.68553
0.68553
0.68553
0.68553
0.685531
0.685531
0.685531
0.685532
0.685532
0.685532
0.685533
0.685533
0.685533
0.685534
0.685534
0.685534
0.685535
0.685535
0.685535
0.685536
0.685536
0.685537
0.685537
0.685537
0.685538
0.685538
0.685539
0.685539
0.685539
0.68554
0.68554
0.685541
0.685541
0.685542
0.685542
0.685542
0.685543
0.685543
0.685544
0.685544
0.685545
0.685545
0.685546
0.685546
0.685547
0.685547
0.685548
0.685548
0.685549
0.685549
0.685549
0.68555
0.68555
0.68555
0.685551
0.685551
0.685552
0.685552
0.685552
0.685553
0.685553
0.685554
0.685554
0.685554
0.685555
0.685555
0.685555
0.685556
0.685556
0.685557
0.685557
0.685557
0.685557
0.685558
0.685558
0.685559
0.685559
0.685559
0.68556
0.68556
0.68556
0.685561
0.685561
0.685562
0.685562
0.685562
0.685563
0.685563
0.685564
0.685564
0.685565
0.685565
0.685566
0.685566
0.685567
0.685567
0.685568
0.685568
0.685569
0.685569
0.68557
0.68557
0.685571
0.685571
0.685572
0.685572
0.685573
0.685573
0.685574
0.685574
0.685575
0.685575
0.685576
0.685577
0.685577
0.685578
0.685579
0.685579
0.68558
0.685581
0.685581
0.685582
0.685583
0.685584
0.685584
0.685585
0.685586
0.685587
0.685588
0.685588
0.685589
0.68559
0.685591
0.685592
0.685593
0.685593
0.685594
0.685595
0.685596
0.685597
0.685598
0.685599
0.685599
0.6856
0.685601
0.685602
0.685603
0.685603
0.685604
0.685605
0.685606
0.685606
0.685607
0.685608
0.685609
0.68561
0.68561
0.685611
0.685612
0.685613
0.685613
0.685614
0.685615
0.685616
0.685616
0.685617
0.685618
0.685619
0.68562
0.685621
0.685621
0.685622
0.685623
0.685624
0.685625
0.685626
0.685627
0.685627
0.685628
0.685629
0.685629
0.68563
0.685631
0.685631
0.685632
0.685633
0.685633
0.685634
0.685635
0.685635
0.685636
0.685636
0.685637
0.685637
0.685638
0.685639
0.685639
0.68564
0.68564
0.685641
0.685641
0.685642
0.685642
0.685643
0.685643
0.685644
0.685644
0.685645
0.685645
0.685646
0.685646
0.685647
0.685647
0.685647
0.685648
0.685648
0.685649
0.685649
0.685649
0.68565
0.68565
0.68565
0.685651
0.685651
0.685651
0.685652
0.685652
0.685652
0.685652
0.685653
0.685653
0.685653
0.685653
0.685653
0.685653
0.685654
0.685654
0.685654
0.685654
0.685654
0.685654
0.685654
0.685654
0.685655
0.685655
0.685655
0.685655
0.685655
0.685655
0.685655
0.685655
0.685655
0.685655
0.685655
0.685655
0.685655
0.685655
0.685655
0.685654
0.685654
0.685654
0.685654
0.685654
0.685654
0.685653
0.685653
0.685653
0.685653
0.685653
0.685653
0.685652
0.685652
0.685652
0.685652
0.685652
0.685651
0.685651
0.685651
0.685651
0.68565
0.68565
0.68565
0.68565
0.685649
0.685649
0.685649
0.685649
0.685648
0.685648
0.685648
0.685648
0.685647
0.685647
0.685647
0.685647
0.685646
0.685646
0.685646
0.685645
0.685645
0.685645
0.685644
0.685644
0.685644
0.685643
0.685643
0.685643
0.685642
0.685642
0.685642
0.685641
0.685641
0.68564
0.68564
0.68564
0.685639
0.685639
0.685638
0.685638
0.685638
0.685637
0.685637
0.685637
0.685636
0.685636
0.685636
0.685635
0.685635
0.685635
0.685634
0.685634
0.685634
0.685633
0.685633
0.685633
0.685633
0.685632
0.685632
0.685632
0.685631
0.685631
0.685631
0.68563
0.68563
0.68563
0.685629
0.685629
0.685629
0.685628
0.685628
0.685627
0.685627
0.685627
0.685626
0.685626
0.685625
0.685625
0.685624
0.685624
0.685624
0.685623
0.685623
0.685622
0.685622
0.685621
0.685621
0.685621
0.68562
0.68562
0.685619
0.685619
0.685618
0.685618
0.685617
0.685617
0.685616
0.685616
0.685616
0.685615
0.685615
0.685614
0.685614
0.685613
0.685613
0.685612
0.685612
0.685612
0.685612
0.685611
0.685611
0.685611
0.68561
0.68561
0.68561
0.685609
0.685609
0.685609
0.685609
0.685608
0.685608
0.685608
0.685608
0.685608
0.685608
0.685608
0.685608
0.685607
0.685607
0.685607
0.685607
0.685607
0.685607
0.685607
0.685607
0.685606
0.685606
0.685606
0.685606
0.685606
0.685606
0.685606
0.685606
0.685606
0.685605
0.685605
0.685605
0.685605
0.685605
0.685605
0.685605
0.685605
0.685604
0.685604
0.685604
0.685604
0.685604
0.685604
0.685604
0.685604
0.685604
0.685604
0.685604
0.685604
0.685604
0.685604
0.685604
0.685604
0.685604
0.685604
0.685604
0.685604
0.685604
0.685604
0.685604
0.685604
0.685604
0.685604
0.685604
0.685605
0.685605
0.685605
0.685605
0.685605
0.685605
0.685605
0.685605
0.685605
0.685605
0.685606
0.685606
0.685606
0.685606
0.685606
0.685606
0.685606
0.685606
0.685606
0.685606
0.685606
0.685606
0.685606
0.685606
0.685606
0.685605
0.685605
0.685605
0.685605
0.685605
0.685605
0.685605
0.685605
0.685605
0.685605
0.685605
0.685605
0.685605
0.685605
0.685605
0.685605
0.685605
0.685605
0.685605
0.685604
0.685604
0.685604
0.685604
0.685604
0.685604
0.685604
0.685604
0.685603
0.685603
0.685603
0.685603
0.685603
0.685603
0.685603
0.685602
0.685602
0.685602
0.685602
0.685602
0.685601
0.685601
0.685601
0.685601
0.685601
0.685601
0.6856
0.6856
0.6856
0.6856
0.6856
0.685599
0.685599
0.685599
0.685599
0.685598
0.685598
0.685598
0.685598
0.685597
0.685597
0.685597
0.685596
0.685596
0.685596
0.685595
0.685595
0.685595
0.685594
0.685594
0.685594
0.685593
0.685593
0.685592
0.685592
0.685592
0.685591
0.685591
0.68559
0.68559
0.685589
0.685589
0.685589
0.685588
0.685588
0.685588
0.685587
0.685587
0.685587
0.685586
0.685586
0.685586
0.685585
0.685585
0.685585
0.685584
0.685584
0.685584
0.685583
0.685583
0.685583
0.685582
0.685582
0.685582
0.685582
0.685581
0.685581
0.685581
0.68558
0.68558
0.68558
0.685579
0.685579
0.685579
0.685578
0.685578
0.685578
0.685577
0.685577
0.685577
0.685576
0.685576
0.685576
0.685576
0.685575
0.685575
0.685575
0.685574
0.685574
0.685574
0.685573
0.685573
0.685573
0.685572
0.685572
0.685572
0.685572
0.685571
0.685571
0.685571
0.68557
0.68557
0.68557
0.68557
0.685569
0.685569
0.685569
0.685569
0.685569
0.685568
0.685568
0.685568
0.685568
0.685567
0.685567
0.685567
0.685566
0.685566
0.685566
0.685565
0.685565
0.685565
0.685565
0.685564
0.685564
0.685564
0.685564
0.685563
0.685563
0.685563
0.685562
0.685562
0.685562
0.685561
0.685561
0.685561
0.685561
0.68556
0.68556
0.68556
0.685559
0.685559
0.685559
0.685559
0.685558
0.685558
0.685558
0.685558
0.685557
0.685557
0.685557
0.685556
0.685556
0.685556
0.685556
0.685555
0.685555
0.685555
0.685554
0.685554
0.685554
0.685553
0.685553
0.685553
0.685552
0.685552
0.685551
0.685551
0.685551
0.68555
0.68555
0.685549
0.685549
0.685548
0.685548
0.685547
0.685547
0.685547
0.685546
0.685546
0.685546
0.685545
0.685545
0.685545
0.685544
0.685544
0.685544
0.685544
0.685543
0.685543
0.685543
0.685542
0.685542
0.685542
0.685542
0.685541
0.685541
0.685541
0.685541
0.68554
0.68554
0.68554
0.68554
0.685539
0.685539
0.685539
0.685539
0.685539
0.685538
0.685538
0.685538
0.685538
0.685538
0.685538
0.685537
0.685537
0.685537
0.685537
0.685537
0.685537
0.685536
0.685536
0.685536
0.685536
0.685536
0.685536
0.685535
0.685535
0.685535
0.685535
0.685535
0.685535
0.685535
0.685535
0.685534
0.685534
0.685534
0.685534
0.685534
0.685534
0.685534
0.685533
0.685533
0.685533
0.685533
0.685533
0.685533
0.685533
0.685532
0.685532
0.685532
0.685532
0.685532
0.685532
0.685531
0.685531
0.685531
0.685531
0.685531
0.685531
0.685531
0.68553
0.68553
0.68553
0.68553
0.68553
0.68553
0.68553
0.68553
0.685529
0.685529
0.685529
0.685529
0.685529
0.685529
0.685529
0.685528
0.685528
0.685528
0.685528
0.685528
0.685528
0.685528
0.685527
0.685527
0.685527
0.685527
0.685527
0.685527
0.685527
0.685527
0.685526
0.685526
0.685526
0.685526
0.685526
0.685526
0.685526
0.685526
0.685525
0.685525
0.685525
0.685525
0.685525
0.685525
0.685525
0.685524
0.685524
0.685524
0.685524
0.685524
0.685524
0.685524
0.685523
0.685523
0.685523
0.685523
0.685523
0.685523
0.685522
0.685522
0.685522
0.685522
0.685522
0.685522
0.685521
0.685521
0.685521
0.685521
0.68552
0.68552
0.68552
0.68552
0.685519
0.685519
0.685519
0.685518
0.685518
0.685517
0.685517
0.685517
0.685516
0.685516
0.685516
0.685515
0.685515
0.685514
0.685514
0.685514
0.685513
0.685513
0.685513
0.685513
0.685512
0.685512
0.685512
0.685511
0.685511
0.685511
0.68551
0.68551
0.68551
0.685509
0.685509
0.685508
0.685508
0.685508
0.685507
0.685507
0.685506
0.685506
0.685506
0.685505
0.685505
0.685504
0.685504
0.685504
0.685503
0.685503
0.685502
0.685502
0.685501
0.685501
0.6855
0.6855
0.6855
0.685499
0.685499
0.685498
0.685498
0.685497
0.685497
0.685497
0.685496
0.685496
0.685495
0.685495
0.685494
0.685494
0.685493
0.685493
0.685493
0.685492
0.685492
0.685491
0.685491
0.685491
0.68549
0.68549
0.685489
0.685489
0.685489
0.685488
0.685488
0.685488
0.685487
0.685487
0.685487
0.685486
0.685486
0.685486
0.685485
0.685485
0.685485
0.685485
0.685484
0.685484
0.685484
0.685483
0.685483
0.685483
0.685482
0.685482
0.685482
0.685481
0.685481
0.685481
0.68548
0.68548
0.68548
0.68548
0.685479
0.685479
0.685479
0.685478
0.685478
0.685478
0.685477
0.685477
0.685477
0.685477
0.685477
0.685476
0.685476
0.685476
0.685476
0.685476
0.685475
0.685475
0.685475
0.685475
0.685474
0.685474
0.685474
0.685473
0.685473
0.685472
0.685472
0.685471
0.685471
0.68547
0.68547
0.685469
0.685469
0.685468
0.685468
0.685467
0.685467
0.685466
0.685465
0.685465
0.685464
0.685463
0.685463
0.685462
0.685461
0.685461
0.68546
0.68546
0.685459
0.685458
0.685458
0.685457
0.685457
0.685456
0.685455
0.685455
0.685454
0.685454
0.685453
0.685452
0.685452
0.685451
0.68545
0.68545
0.685449
0.685449
0.685448
0.685448
0.685447
0.685447
0.685446
0.685446
0.685445
0.685445
0.685444
0.685444
0.685443
0.685443
0.685442
0.685441
0.685441
0.68544
0.68544
0.685439
0.685439
0.685438
0.685437
0.685437
0.685436
0.685436
0.685435
0.685435
0.685434
0.685433
0.685433
0.685432
0.685432
0.685432
0.685431
0.685431
0.68543
0.68543
0.685429
0.685429
0.685428
0.685428
0.685428
0.685427
0.685427
0.685426
0.685426
0.685426
0.685425
0.685425
0.685425
0.685424
0.685424
0.685423
0.685423
0.685423
0.685422
0.685422
0.685422
0.685421
0.685421
0.685421
0.68542
0.68542
0.68542
0.685419
0.685419
0.685419
0.685418
0.685418
0.685418
0.685418
0.685417
0.685417
0.685417
0.685416
0.685416
0.685416
0.685416
0.685416
0.685415
0.685415
0.685415
0.685415
0.685415
0.685414
0.685414
0.685414
0.685414
0.685414
0.685414
0.685413
0.685413
0.685413
0.685413
0.685413
0.685413
0.685413
0.685412
0.685412
0.685412
0.685412
0.685412
0.685411
0.685411
0.685411
0.685411
0.685411
0.68541
0.68541
0.68541
0.68541
0.68541
0.68541
0.68541
0.685409
0.685409
0.685409
0.685409
0.685409
0.685409
0.685409
0.685409
0.685408
0.685408
0.685408
0.685408
0.685408
0.685408
0.685407
0.685407
0.685407
0.685407
0.685407
0.685407
0.685407
0.685407
0.685407
0.685407
0.685407
0.685407
0.685407
0.685407
0.685407
0.685407
0.685406
0.685401
0.685401
0.685401
0.6854
0.685399
0.685399
0.685397
0.685396
0.685394
0.685393
0.685392
0.68539
0.685392
0.685393
0.685395
0.685394
0.685396
0.685394
0.685394
0.68539
0.68539
0.68539
0.685391
0.685391
0.685389
0.685389
0.68539
0.685392
0.685392
0.685392
0.685393
0.685397
0.685399
0.685403
0.685406
0.685412
0.685411
0.685411
0.685406
0.685407
0.685408
0.685409
0.68541
0.685409
0.685412
0.685411
0.685412
0.685416
0.685419
0.685421
0.685428
0.68543
0.685432
0.685434
0.68543
0.68543
0.68543
0.68543
0.685432
0.685434
0.685436
0.685437
0.685439
0.685441
0.685443
0.685443
0.685445
0.685445
0.685445
0.685445
0.685445
0.685446
0.685446
0.685446
0.685446
0.685447
0.685449
0.685452
0.685451
0.685454
0.685456
0.685458
0.685458
0.68546
0.685461
0.685462
0.68546
0.685462
0.685464
0.685465
0.685467
0.685469
0.685471
0.685474
0.685477
0.685478
0.685479
0.685482
0.685481
0.685486
0.685487
0.685488
0.685491
0.685492
0.685495
0.685496
0.685499
0.685498
0.685497
0.6855
0.685501
0.685502
0.685504
0.685507
0.685511
0.685512
0.685516
0.685518
0.685519
0.685524
0.685527
0.685528
0.68553
0.685534
0.685536
0.685537
0.685539
0.685539
0.685541
0.685539
0.68554
0.68554
0.685544
0.685548
0.685551
0.685555
0.685563
0.685569
0.685573
0.685581
0.685585
0.68559
0.685594
0.685598
0.685605
0.685607
0.685611
0.685616
0.685621
0.685624
0.685629
0.685632
0.685635
0.685636
0.685639
0.68564
0.685643
0.685645
0.685646
0.68565
0.685652
0.685653
0.685655
0.685656
0.685656
0.685657
0.685657
0.685658
0.68566
0.685662
0.685668
0.685673
0.685677
0.685682
0.685686
0.685693
0.685698
0.685705
0.685711
0.685719
0.685726
0.685733
0.685743
0.685752
0.685762
0.685768
0.685777
0.685785
0.685788
0.685796
0.685802
0.685809
0.685812
0.685818
0.685825
0.685831
0.685836
0.685838
0.685845
0.685851
0.685855
0.685863
0.685868
0.685875
0.685885
0.68589
0.685898
0.685905
0.685914
0.685924
0.685933
0.685942
0.685952
0.685962
0.685971
0.68598
0.685988
0.685995
0.686002
0.686006
0.686013
0.686015
0.686018
0.686022
0.686027
0.686027
0.686031
0.686035
0.686043
0.686047
0.686051
0.686055
0.686059
0.686066
0.68607
0.686074
0.686078
0.686083
0.68609
0.686091
0.686094
0.686099
0.686099
0.686102
0.686099
0.6861
0.686102
0.686102
0.6861
0.6861
0.686102
0.686101
0.686105
0.686105
0.686105
0.686106
0.686108
0.686109
0.686108
0.686112
0.686113
0.686114
0.686114
0.686116
0.686117
0.686118
0.686119
0.68612
0.686121
0.686123
0.686124
0.686125
0.686126
0.686128
0.686129
0.68613
0.68613
0.686131
0.686131
0.68613
0.68613
0.686131
0.686132
0.686132
0.686133
0.68613
0.686131
0.686132
0.686133
0.686131
0.686132
0.686133
0.686131
0.686132
0.686133
0.686132
0.686133
0.686131
0.68613
0.686129
0.686128
0.68613
0.686129
0.68613
0.686133
0.686133
0.686134
0.686137
0.686137
0.686138
0.686138
0.686139
0.686141
0.68614
0.686144
0.686144
0.686147
0.68615
0.68615
0.686156
0.686159
0.686162
0.686167
0.686172
0.686177
0.68618
0.686186
0.686189
0.686192
0.686195
0.686195
0.686196
0.686197
0.686199
0.686198
0.686198
0.686199
0.686198
0.686196
0.686195
0.686196
0.686195
0.686196
0.686196
0.686196
0.686198
0.6862
0.686199
0.686198
0.6862
0.6862
0.686201
0.686201
0.686201
0.686199
0.6862
0.686202
0.686201
0.686201
0.6862
0.686199
0.686196
0.686194
0.686192
0.68619
0.686188
0.686187
0.686184
0.686183
0.686181
0.686177
0.686174
0.68617
0.686165
0.686161
0.686157
0.686154
0.68615
0.686146
0.686145
0.686143
0.686139
0.686138
0.686136
0.686135
0.686136
0.686135
0.686133
0.686134
0.686133
0.686134
0.686133
0.686136
0.686135
0.686134
0.686133
0.686132
0.686133
0.686133
0.686133
0.686131
0.68613
0.686128
0.686127
0.686125
0.686121
0.686117
0.686116
0.686109
0.686105
0.6861
0.686098
0.686093
0.686092
0.68609
0.686088
0.686085
0.686083
0.686082
0.686081
0.686077
0.686074
0.686071
0.686064
0.686061
0.686058
0.686054
0.686051
0.686051
0.686048
0.686046
0.686042
0.68604
0.686038
0.686034
0.686031
0.686031
0.68603
0.686031
0.686031
0.686029
0.68603
0.686029
0.68603
0.686027
0.686027
0.686026
0.686025
0.686023
0.686019
0.68602
0.68602
0.686017
0.686017
0.686018
0.686018
0.686017
0.686019
0.686019
0.686022
0.686021
0.686021
0.686024
0.686024
0.686026
0.686026
0.686026
0.686029
0.686029
0.686029
0.68603
0.68603
0.68603
0.686031
0.686031
0.686031
0.686032
0.686032
0.686033
0.686033
0.686032
0.68603
0.686031
0.686031
0.686032
0.686033
0.686033
0.686034
0.686034
0.686034
0.686035
0.686034
0.686032
0.686032
0.68603
0.686031
0.686031
0.686031
0.686032
0.686034
0.686032
0.686033
0.686033
0.686033
0.686032
0.686032
0.686031
0.686031
0.68603
0.68603
0.686028
0.686026
0.686025
0.686025
0.686025
0.686025
0.686024
0.686024
0.686024
0.686024
0.686024
0.686024
0.686024
0.686022
0.686023
0.686021
0.68602
0.686022
0.686021
0.686019
0.686018
0.686017
0.686017
0.686014
0.686015
0.686015
0.686016
0.686014
0.686017
0.686018
0.686015
0.686017
0.686018
0.686018
0.686018
0.686015
0.686015
0.686017
0.686014
0.686014
0.686014
0.686012
0.686011
0.686011
0.686011
0.686012
0.686012
0.686012
0.686012
0.686012
0.68601
0.68601
0.68601
0.68601
0.686011
0.686011
0.686008
0.686009
0.686009
0.686009
0.686007
0.686005
0.686005
0.686006
0.686006
0.686003
0.686002
0.686002
0.686001
0.686001
0.686001
0.685999
0.685998
0.685995
0.685995
0.685992
0.685989
0.685989
0.685986
0.685985
0.68598
0.68598
0.685977
0.685976
0.685975
0.685974
0.685972
0.685969
0.685968
0.685963
0.685962
0.68596
0.685956
0.685951
0.68595
0.685948
0.685944
0.685943
0.685943
0.685941
0.685942
0.68594
0.685938
0.685939
0.685941
0.685942
0.68594
0.685941
0.685941
0.685942
0.685941
0.685942
0.685943
0.68594
0.685939
0.685941
0.685938
0.68594
0.68594
0.685939
0.685939
0.685939
0.685938
0.685937
0.685939
0.685937
0.685937
0.685935
0.685933
0.685932
0.68593
0.685928
0.685928
0.685925
0.685925
0.685924
0.685922
0.685921
0.68592
0.685917
0.685916
0.685915
0.685914
0.685915
0.685913
0.685912
0.685911
0.685912
0.685914
0.685913
0.685914
0.685913
0.685914
0.685916
0.685917
0.685918
0.685915
0.685916
0.685915
0.685915
0.685916
0.685915
0.685914
0.685916
0.685915
0.685914
0.685914
0.685915
0.685914
0.685916
0.685915
0.685917
0.685915
0.685916
0.685918
0.685919
0.68592
0.685921
0.685921
0.685923
0.685923
0.685923
0.685925
0.685925
0.685927
0.685927
0.685927
0.685929
0.685929
0.685931
0.68593
0.685931
0.685932
0.685934
0.685934
0.685936
0.685936
0.685938
0.685939
0.685941
0.685941
0.685942
0.685942
0.685943
0.685942
0.685942
0.685945
0.685944
0.685944
0.685945
0.685945
0.685944
0.685945
0.685945
0.685944
0.685944
0.685945
0.685945
0.685944
0.685944
0.685945
0.685947
0.685945
0.685946
0.685944
0.685945
0.685943
0.685946
0.685946
0.685946
0.685947
0.685949
0.685947
0.685949
0.685951
0.685951
0.685953
0.685954
0.685956
0.685956
0.685957
0.685959
0.68596
0.68596
0.685961
0.685961
0.685963
0.685963
0.685964
0.685967
0.685968
0.685968
0.685969
0.685969
0.685968
0.685968
0.685971
0.685971
0.685972
0.685976
0.685979
0.685981
0.68598
0.685982
0.685985
0.685988
0.685991
0.685993
0.685998
0.685997
0.686
0.686001
0.686003
0.686004
0.686003
0.686001
0.686002
0.686002
0.686003
0.686005
0.686005
0.686006
0.686004
0.686006
0.686002
0.686
0.685998
0.685996
0.685997
0.685997
0.685995
0.685992
0.685992
0.68599
0.685991
0.685991
0.685995
0.685993
0.685995
0.685995
0.685996
0.685996
0.685994
0.685996
0.685996
0.685994
0.685994
0.685994
0.685996
0.685998
0.685997
0.685999
0.686003
0.686005
0.686005
0.686005
0.686005
0.686005
0.686003
0.686003
0.686001
0.686001
0.686001
0.686001
0.686
0.686002
0.686002
0.686001
0.686002
0.686002
0.686001
0.686001
0.686
0.686
0.685997
0.685999
0.685998
0.685998
0.685999
0.685999
0.685999
0.685998
0.686
0.686
0.685997
0.685999
0.685999
0.685999
0.685996
0.685998
0.685998
0.686
0.686
0.686
0.686
0.686002
0.686004
0.686005
0.686007
0.686007
0.686009
0.686008
0.686008
0.686005
0.686004
0.686004
0.686004
0.686004
0.686004
0.686004
0.686004
0.686002
0.686003
0.686003
0.686003
0.686005
0.686005
0.686006
0.686004
0.686005
0.686003
0.686004
0.686004
0.686003
0.686003
0.686003
0.686004
0.686002
0.686002
0.686003
0.686003
0.686003
0.686003
0.686004
0.686004
0.686004
0.686004
0.686004
0.686004
0.686004
0.686001
0.686001
0.686001
0.686001
0.686001
0.686001
0.686
0.686002
0.685999
0.685999
0.685999
0.685998
0.685998
0.685998
0.685996
0.685996
0.685998
0.685998
0.685997
0.685997
0.685997
0.685996
0.685994
0.685993
0.685993
0.685992
0.685992
0.685992
0.685991
0.685988
0.685988
0.685988
0.685987
0.685987
0.685986
0.685983
0.685983
0.685982
0.685982
0.685984
0.685983
0.685983
0.685982
0.685979
0.685979
0.685979
0.685978
0.685982
0.685981
0.685979
0.685979
0.685978
0.68598
0.685979
0.685978
0.685978
0.685975
0.685975
0.685974
0.685973
0.685973
0.685972
0.685972
0.685971
0.68597
0.68597
0.685969
0.685971
0.68597
0.685968
0.685967
0.685967
0.685966
0.685966
0.685965
0.685965
0.685964
0.685965
0.685962
0.685961
0.685961
0.68596
0.685959
0.685958
0.685957
0.685957
0.685954
0.685955
0.685954
0.685954
0.685953
0.685952
0.685952
0.685951
0.685952
0.685954
0.685953
0.685953
0.685952
0.685952
0.685951
0.685949
0.68595
0.685949
0.68595
0.68595
0.68595
0.68595
0.685951
0.685952
0.685953
0.685954
0.685953
0.685954
0.685955
0.685956
0.685957
0.685958
0.685958
0.685959
0.685959
0.68596
0.685959
0.685959
0.685959
0.685958
0.685957
0.685959
0.685959
0.685958
0.685957
0.685956
0.685956
0.685956
0.685955
0.685955
0.685955
0.685957
0.685954
0.685954
0.685952
0.685951
0.68595
0.68595
0.685947
0.685947
0.685946
0.685946
0.685944
0.685944
0.685941
0.685941
0.68594
0.68594
0.685939
0.685938
0.685938
0.685939
0.685938
0.685939
0.685936
0.685936
0.685937
0.685937
0.685937
0.685937
0.685938
0.685938
0.685939
0.685939
0.685939
0.68594
0.68594
0.685941
0.685941
0.685942
0.685942
0.685943
0.685943
0.685943
0.685944
0.685944
0.685945
0.685945
0.685946
0.685946
0.685946
0.685947
0.685947
0.685947
0.685948
0.685948
0.685948
0.685949
0.685949
0.685949
0.68595
0.68595
0.68595
0.68595
0.685951
0.685951
0.685951
0.685951
0.685951
0.685951
0.685952
0.685952
0.685952
0.685952
0.685952
0.685952
0.685953
0.685953
0.685953
0.685953
0.685953
0.685953
0.685953
0.685953
0.685953
0.685953
0.685953
0.685953
0.685952
0.685952
0.685952
0.685952
0.685952
0.685952
0.685951
0.685951
0.685951
0.68595
0.68595
0.68595
0.685949
0.685949
0.685949
0.685948
0.685948
0.685948
0.685948
0.685947
0.685947
0.685947
0.685946
0.685946
0.685945
0.685945
0.685945
0.685944
0.685944
0.685944
0.685943
0.685943
0.685943
0.685942
0.685942
0.685941
0.685941
0.685941
0.68594
0.68594
0.68594
0.685939
0.685939
0.685938
0.685938
0.685938
0.685937
0.685937
0.685936
0.685936
0.685936
0.685935
0.685935
0.685935
0.685934
0.685934
0.685934
0.685933
0.685933
0.685933
0.685932
0.685932
0.685932
0.685932
0.685932
0.685931
0.685931
0.685931
0.685931
0.685931
0.68593
0.68593
0.68593
0.68593
0.68593
0.68593
0.685929
0.685929
0.685929
0.685929
0.685929
0.685929
0.685929
0.685929
0.685929
0.685929
0.685929
0.685929
0.685929
0.685929
0.685929
0.685929
0.685929
0.685929
0.685929
0.685929
0.685929
0.68593
0.68593
0.68593
0.68593
0.68593
0.68593
0.685931
0.685931
0.685931
0.685931
0.685931
0.685932
0.685932
0.685932
0.685933
0.685933
0.685933
0.685934
0.685934
0.685934
0.685935
0.685935
0.685935
0.685936
0.685936
0.685936
0.685936
0.685937
0.685937
0.685937
0.685938
0.685938
0.685938
0.685939
0.685939
0.685939
0.685939
0.685939
0.68594
0.68594
0.68594
0.68594
0.685941
0.685941
0.685941
0.685941
0.685942
0.685942
0.685942
0.685942
0.685942
0.685943
0.685943
0.685943
0.685943
0.685943
0.685944
0.685944
0.685944
0.685944
0.685944
0.685945
0.685945
0.685945
0.685945
0.685945
0.685946
0.685946
0.685946
0.685946
0.685946
0.685946
0.685946
0.685946
0.685946
0.685946
0.685946
0.685946
0.685946
0.685946
0.685946
0.685946
0.685946
0.685946
0.685946
0.685946
0.685946
0.685946
0.685946
0.685945
0.685945
0.685945
0.685945
0.685945
0.685945
0.685945
0.685945
0.685945
0.685944
0.685944
0.685944
0.685944
0.685944
0.685944
0.685944
0.685943
0.685943
0.685943
0.685943
0.685943
0.685943
0.685943
0.685943
0.685943
0.685943
0.685942
0.685942
0.685942
0.685942
0.685942
0.685942
0.685942
0.685942
0.685942
0.685942
0.685942
0.685942
0.685941
0.685941
0.685941
0.685941
0.685941
0.685941
0.685941
0.685941
0.685941
0.685941
0.685941
0.68594
0.68594
0.68594
0.68594
0.68594
0.68594
0.685939
0.685939
0.685939
0.685939
0.685939
0.685938
0.685938
0.685938
0.685938
0.685938
0.685937
0.685937
0.685937
0.685936
0.685936
0.685936
0.685935
0.685935
0.685935
0.685935
0.685934
0.685934
0.685934
0.685933
0.685933
0.685933
0.685932
0.685932
0.685932
0.685932
0.685931
0.685931
0.685931
0.685931
0.68593
0.68593
0.68593
0.68593
0.68593
0.68593
0.685929
0.685929
0.685929
0.685929
0.685929
0.685929
0.685929
0.685929
0.685929
0.685929
0.685928
0.685928
0.685928
0.685928
0.685928
0.685928
0.685928
0.685928
0.685928
0.685928
0.685928
0.685927
0.685927
0.685927
0.685927
0.685927
0.685926
0.685926
0.685926
0.685926
0.685925
0.685925
0.685925
0.685925
0.685925
0.685925
0.685924
0.685924
0.685924
0.685924
0.685924
0.685924
0.685923
0.685923
0.685923
0.685923
0.685923
0.685923
0.685923
0.685923
0.685922
0.685922
0.685922
0.685922
0.685922
0.685922
0.685922
0.685922
0.685922
0.685922
0.685922
0.685922
0.685922
0.685922
0.685922
0.685922
0.685922
0.685922
0.685922
0.685922
0.685922
0.685922
0.685921
0.685921
0.685921
0.685921
0.685921
0.685921
0.685921
0.685921
0.685921
0.68592
0.68592
0.68592
0.68592
0.68592
0.68592
0.68592
0.68592
0.68592
0.68592
0.68592
0.685919
0.685919
0.685919
0.685919
0.685919
0.685919
0.685919
0.685919
0.685919
0.685919
0.685919
0.685919
0.685919
0.685918
0.685918
0.685918
0.685918
0.685918
0.685918
0.685918
0.685918
0.685918
0.685918
0.685918
0.685917
0.685917
0.685917
0.685917
0.685917
0.685917
0.685917
0.685917
0.685917
0.685917
0.685917
0.685917
0.685917
0.685917
0.685917
0.685917
0.685917
0.685916
0.685916
0.685916
0.685916
0.685916
0.685916
0.685916
0.685916
0.685916
0.685916
0.685916
0.685916
0.685916
0.685916
0.685916
0.685916
0.685916
0.685916
0.685916
0.685916
0.685916
0.685916
0.685917
0.685917
0.685917
0.685917
0.685917
0.685917
0.685917
0.685917
0.685917
0.685917
0.685917
0.685917
0.685917
0.685917
0.685917
0.685917
0.685917
0.685917
0.685918
0.685918
0.685918
0.685918
0.685918
0.685918
0.685918
0.685918
0.685918
0.685918
0.685919
0.685919
0.685919
0.685919
0.685919
0.685919
0.685919
0.685919
0.685919
0.685919
0.685919
0.685919
0.685919
0.685919
0.68592
0.68592
0.68592
0.68592
0.68592
0.68592
0.68592
0.685921
0.685921
0.685921
0.685921
0.685921
0.685921
0.685922
0.685922
0.685922
0.685922
0.685922
0.685923
0.685923
0.685923
0.685924
0.685924
0.685924
0.685925
0.685925
0.685925
0.685926
0.685926
0.685926
0.685926
0.685927
0.685927
0.685927
0.685928
0.685928
0.685928
0.685928
0.685929
0.685929
0.685929
0.685929
0.68593
0.68593
0.68593
0.685931
0.685931
0.685931
0.685931
0.685932
0.685932
0.685932
0.685932
0.685932
0.685933
0.685933
0.685933
0.685933
0.685934
0.685934
0.685934
0.685934
0.685934
0.685934
0.685935
0.685935
0.685935
0.685935
0.685935
0.685935
0.685935
0.685936
0.685936
0.685936
0.685936
0.685936
0.685936
0.685936
0.685936
0.685936
0.685936
0.685936
0.685936
0.685936
0.685936
0.685936
0.685936
0.685936
0.685936
0.685936
0.685936
0.685936
0.685936
0.685936
0.685936
0.685936
0.685936
0.685936
0.685936
0.685936
0.685936
0.685936
0.685936
0.685936
0.685936
0.685936
0.685936
0.685936
0.685937
0.685937
0.685937
0.685937
0.685937
0.685937
0.685937
0.685937
0.685937
0.685937
0.685937
0.685937
0.685938
0.685938
0.685938
0.685938
0.685938
0.685938
0.685938
0.685938
0.685938
0.685938
0.685938
0.685938
0.685938
0.685938
0.685939
0.685939
0.685939
0.685939
0.685939
0.685939
0.685939
0.685939
0.685939
0.685939
0.685939
0.685939
0.685939
0.685939
0.685939
0.685939
0.685939
0.685939
0.68594
0.68594
0.68594
0.68594
0.68594
0.68594
0.68594
0.68594
0.68594
0.68594
0.68594
0.68594
0.68594
0.68594
0.68594
0.68594
0.68594
0.68594
0.68594
0.68594
0.68594
0.68594
0.68594
0.68594
0.68594
0.68594
0.68594
0.68594
0.68594
0.68594
0.68594
0.68594
0.68594
0.68594
0.68594
0.68594
0.68594
0.68594
0.68594
0.68594
0.68594
0.685941
0.685941
0.685941
0.685941
0.685941
0.685941
0.685941
0.685941
0.685941
0.685941
0.685941
0.685942
0.685942
0.685942
0.685942
0.685942
0.685942
0.685942
0.685942
0.685942
0.685942
0.685942
0.685941
0.685941
0.685941
0.685941
0.685941
0.685941
0.685941
0.685941
0.685941
0.685941
0.685941
0.685941
0.685941
0.685941
0.685941
0.685941
0.685941
0.685941
0.68594
0.68594
0.68594
0.68594
0.68594
0.68594
0.68594
0.68594
0.68594
0.68594
0.68594
0.68594
0.68594
0.68594
0.685939
0.685939
0.685939
0.685939
0.685939
0.685939
0.685939
0.685939
0.685939
0.685939
0.685938
0.685938
0.685938
0.685938
0.685938
0.685938
0.685937
0.685937
0.685937
0.685937
0.685937
0.685936
0.685936
0.685936
0.685936
0.685935
0.685935
0.685935
0.685935
0.685934
0.685934
0.685934
0.685934
0.685934
0.685933
0.685933
0.685933
0.685933
0.685932
0.685932
0.685932
0.685932
0.685931
0.685931
0.685931
0.68593
0.68593
0.68593
0.68593
0.685929
0.685929
0.685929
0.685929
0.685928
0.685928
0.685928
0.685928
0.685927
0.685927
0.685927
0.685927
0.685926
0.685926
0.685926
0.685926
0.685926
0.685926
0.685925
0.685925
0.685925
0.685925
0.685925
0.685925
0.685925
0.685925
0.685925
0.685925
0.685924
0.685924
0.685924
0.685924
0.685924
0.685924
0.685924
0.685924
0.685924
0.685924
0.685924
0.685924
0.685924
0.685924
0.685924
0.685924
0.685924
0.685924
0.685924
0.685923
0.685923
0.685923
0.685923
0.685923
0.685923
0.685923
0.685922
0.685922
0.685922
0.685922
0.685922
0.685922
0.685921
0.685921
0.685921
0.685921
0.685921
0.68592
0.68592
0.68592
0.68592
0.685919
0.685919
0.685919
0.685918
0.685918
0.685918
0.685917
0.685917
0.685917
0.685917
0.685916
0.685916
0.685915
0.685915
0.685915
0.685914
0.685914
0.685914
0.685913
0.685913
0.685912
0.685912
0.685912
0.685911
0.685911
0.68591
0.68591
0.685909
0.685909
0.685908
0.685908
0.685908
0.685907
0.685907
0.685906
0.685906
0.685905
0.685905
0.685905
0.685904
0.685904
0.685904
0.685903
0.685903
0.685902
0.685902
0.685902
0.685901
0.685901
0.6859
0.6859
0.6859
0.685899
0.685899
0.685899
0.685899
0.685898
0.685898
0.685898
0.685898
0.685898
0.685897
0.685897
0.685897
0.685897
0.685897
0.685896
0.685896
0.685896
0.685896
0.685895
0.685895
0.685895
0.685895
0.685895
0.685894
0.685894
0.685894
0.685894
0.685893
0.685893
0.685893
0.685893
0.685892
0.685892
0.685892
0.685891
0.685891
0.685891
0.68589
0.68589
0.68589
0.685889
0.685889
0.685888
0.685888
0.685888
0.685887
0.685887
0.685887
0.685886
0.685886
0.685886
0.685885
0.685885
0.685885
0.685884
0.685884
0.685884
0.685884
0.685883
0.685883
0.685883
0.685882
0.685882
0.685882
0.685882
0.685881
0.685881
0.685881
0.685881
0.68588
0.68588
0.68588
0.68588
0.685879
0.685879
0.685879
0.685879
0.685879
0.685879
0.685878
0.685878
0.685878
0.685878
0.685878
0.685878
0.685877
0.685877
0.685877
0.685877
0.685877
0.685876
0.685876
0.685876
0.685876
0.685876
0.685876
0.685876
0.685876
0.685875
0.685875
0.685875
0.685875
0.685875
0.685875
0.685875
0.685875
0.685875
0.685874
0.685874
0.685874
0.685874
0.685873
0.685873
0.685873
0.685873
0.685873
0.685872
0.685872
0.685872
0.685872
0.685871
0.685871
0.685871
0.685871
0.68587
0.68587
0.68587
0.68587
0.68587
0.685869
0.685869
0.685869
0.685869
0.685869
0.685868
0.685868
0.685868
0.685868
0.685868
0.685868
0.685868
0.685868
0.685867
0.685867
0.685867
0.685867
0.685867
0.685867
0.685867
0.685866
0.685866
0.685866
0.685866
0.685866
0.685866
0.685866
0.685865
0.685865
0.685865
0.685865
0.685865
0.685865
0.685865
0.685865
0.685865
0.685865
0.685865
0.685865
0.685865
0.685865
0.685865
0.685865
0.685865
0.685865
0.685864
0.685864
0.685864
0.685864
0.685864
0.685864
0.685864
0.685864
0.685864
0.685864
0.685864
0.685864
0.685864
0.685864
0.685864
0.685864
0.685865
0.685865
0.685865
0.685865
0.685865
0.685865
0.685865
0.685866
0.685866
0.685866
0.685866
0.685866
0.685866
0.685866
0.685866
0.685867
0.685867
0.685867
0.685867
0.685867
0.685867
0.685867
0.685867
0.685867
0.685867
0.685867
0.685867
0.685867
0.685867
0.685867
0.685867
0.685867
0.685867
0.685867
0.685867
0.685867
0.685867
0.685867
0.685867
0.685867
0.685867
0.685867
0.685867
0.685867
0.685868
0.685868
0.685868
0.685868
0.685868
0.685868
0.685868
0.685868
0.685868
0.685868
0.685868
0.685868
0.685869
0.685869
0.685869
0.685869
0.685869
0.685869
0.685869
0.685869
0.685869
0.685869
0.685869
0.68587
0.68587
0.68587
0.68587
0.68587
0.68587
0.685871
0.685871
0.685871
0.685871
0.685871
0.685872
0.685872
0.685872
0.685873
0.685873
0.685873
0.685874
0.685874
0.685875
0.685875
0.685875
0.685876
0.685876
0.685876
0.685877
0.685877
0.685877
0.685878
0.685878
0.685879
0.685879
0.685879
0.68588
0.68588
0.68588
0.685881
0.685881
0.685881
0.685881
0.685882
0.685882
0.685882
0.685883
0.685883
0.685883
0.685884
0.685884
0.685884
0.685884
0.685884
0.685885
0.685885
0.685885
0.685886
0.685886
0.685886
0.685887
0.685887
0.685887
0.685887
0.685888
0.685888
0.685888
0.685889
0.685889
0.685889
0.68589
0.68589
0.68589
0.685891
0.685891
0.685891
0.685892
0.685892
0.685892
0.685892
0.685893
0.685893
0.685893
0.685894
0.685894
0.685894
0.685895
0.685895
0.685895
0.685896
0.685896
0.685896
0.685897
0.685897
0.685897
0.685897
0.685898
0.685898
0.685898
0.685898
0.685899
0.685899
0.685899
0.685899
0.6859
0.6859
0.6859
0.6859
0.6859
0.685901
0.685901
0.685901
0.685901
0.685901
0.685902
0.685902
0.685902
0.685902
0.685902
0.685903
0.685903
0.685903
0.685903
0.685904
0.685904
0.685904
0.685904
0.685905
0.685905
0.685905
0.685905
0.685906
0.685906
0.685906
0.685907
0.685907
0.685907
0.685908
0.685908
0.685908
0.685909
0.685909
0.685909
0.68591
0.68591
0.68591
0.685911
0.685911
0.685911
0.685912
0.685912
0.685912
0.685913
0.685913
0.685913
0.685914
0.685914
0.685914
0.685915
0.685915
0.685915
0.685916
0.685916
0.685916
0.685917
0.685917
0.685917
0.685918
0.685918
0.685918
0.685919
0.685919
0.68592
0.68592
0.68592
0.685921
0.685921
0.685922
0.685922
0.685923
0.685923
0.685924
0.685924
0.685925
0.685925
0.685925
0.685926
0.685926
0.685927
0.685927
0.685927
0.685928
0.685928
0.685928
0.685929
0.685929
0.685929
0.685929
0.68593
0.68593
0.68593
0.685931
0.685931
0.685931
0.685932
0.685932
0.685932
0.685932
0.685933
0.685933
0.685933
0.685934
0.685934
0.685934
0.685934
0.685935
0.685935
0.685935
0.685936
0.685936
0.685936
0.685936
0.685937
0.685937
0.685937
0.685937
0.685937
0.685938
0.685938
0.685938
0.685938
0.685938
0.685938
0.685938
0.685938
0.685938
0.685938
0.685938
0.685938
0.685938
0.685938
0.685938
0.685938
0.685938
0.685938
0.685938
0.685938
0.685938
0.685938
0.685938
0.685938
0.685938
0.685938
0.685938
0.685938
0.685938
0.685938
0.685938
0.685939
0.685939
0.685938
0.685938
0.685938
0.685938
0.685938
0.685938
0.685938
0.685938
0.685938
0.685938
0.685937
0.685937
0.685937
0.685937
0.685937
0.685937
0.685936
0.685936
0.685936
0.685936
0.685936
0.685936
0.685936
0.685936
0.685936
0.685936
0.685935
0.685935
0.685935
0.685935
0.685935
0.685935
0.685935
0.685935
0.685935
0.685934
0.685934
0.685934
0.685934
0.685934
0.685934
0.685934
0.685934
0.685934
0.685934
0.685934
0.685933
0.685933
0.685933
0.685933
0.685933
0.685933
0.685933
0.685933
0.685933
0.685932
0.685932
0.685932
0.685932
0.685932
0.685932
0.685932
0.685932
0.685932
0.685932
0.685932
0.685932
0.685932
0.685932
0.685932
0.685933
0.685933
0.685933
0.685933
0.685933
0.685933
0.685933
0.685933
0.685933
0.685933
0.685933
0.685934
0.685934
0.685934
0.685934
0.685934
0.685934
0.685934
0.685934
0.685934
0.685934
0.685934
0.685934
0.685934
0.685934
0.685934
0.685934
0.685934
0.685934
0.685934
0.685934
0.685934
0.685934
0.685934
0.685934
0.685934
0.685934
0.685934
0.685934
0.685934
0.685934
0.685934
0.685934
0.685934
0.685934
0.685934
0.685933
0.685933
0.685933
0.685933
0.685933
0.685933
0.685933
0.685933
0.685933
0.685933
0.685933
0.685933
0.685933
0.685933
0.685933
0.685934
0.685934
0.685934
0.685934
0.685934
0.685934
0.685934
0.685934
0.685934
0.685934
0.685934
0.685934
0.685934
0.685934
0.685934
0.685934
0.685934
0.685934
0.685934
0.685935
0.685935
0.685935
0.685935
0.685936
0.685936
0.685936
0.685937
0.685937
0.685937
0.685937
0.685938
0.685938
0.685938
0.685939
0.685939
0.685939
0.685939
0.68594
0.68594
0.68594
0.68594
0.685941
0.685941
0.685941
0.685941
0.685942
0.685942
0.685942
0.685943
0.685943
0.685943
0.685944
0.685944
0.685945
0.685945
0.685946
0.685946
0.685946
0.685947
0.685947
0.685948
0.685948
0.685949
0.685949
0.685949
0.68595
0.68595
0.685951
0.685951
0.685951
0.685952
0.685952
0.685953
0.685953
0.685953
0.685954
0.685954
0.685955
0.685955
0.685955
0.685956
0.685956
0.685957
0.685957
0.685957
0.685958
0.685958
0.685959
0.685959
0.68596
0.68596
0.685961
0.685961
0.685961
0.685962
0.685962
0.685963
0.685963
0.685964
0.685964
0.685964
0.685965
0.685965
0.685966
0.685966
0.685966
0.685967
0.685967
0.685967
0.685968
0.685968
0.685968
0.685968
0.685969
0.685969
0.685969
0.68597
0.68597
0.68597
0.68597
0.685971
0.685971
0.685971
0.685971
0.685971
0.685972
0.685972
0.685972
0.685973
0.685973
0.685973
0.685973
0.685974
0.685974
0.685974
0.685975
0.685975
0.685975
0.685975
0.685976
0.685976
0.685976
0.685977
0.685977
0.685977
0.685977
0.685978
0.685978
0.685978
0.685978
0.685978
0.685979
0.685979
0.685979
0.685979
0.685979
0.68598
0.68598
0.68598
0.68598
0.68598
0.685981
0.685981
0.685981
0.685981
0.685981
0.685982
0.685982
0.685982
0.685982
0.685982
0.685982
0.685983
0.685983
0.685983
0.685983
0.685983
0.685983
0.685983
0.685984
0.685984
0.685984
0.685984
0.685984
0.685985
0.685985
0.685985
0.685986
0.685986
0.685986
0.685986
0.685987
0.685987
0.685987
0.685987
0.685988
0.685988
0.685988
0.685988
0.685988
0.685989
0.685989
0.685989
0.685989
0.685989
0.685989
0.685989
0.685989
0.685989
0.68599
0.68599
0.68599
0.68599
0.68599
0.68599
0.68599
0.68599
0.68599
0.68599
0.68599
0.68599
0.68599
0.68599
0.68599
0.685989
0.685989
0.685989
0.685989
0.685989
0.685989
0.685989
0.685989
0.685989
0.685989
0.685989
0.685989
0.685989
0.685989
0.685989
0.685989
0.685989
0.685989
0.685989
0.685989
0.685989
0.685989
0.685989
0.685989
0.685989
0.685989
0.685989
0.685988
0.685988
0.685988
0.685988
0.685988
0.685988
0.685989
0.685989
0.685989
0.685989
0.685989
0.685989
0.685989
0.685989
0.685989
0.685989
0.685989
0.685989
0.68599
0.68599
0.68599
0.68599
0.68599
0.685991
0.685991
0.685991
0.685991
0.685992
0.685992
0.685992
0.685993
0.685993
0.685993
0.685994
0.685994
0.685994
0.685995
0.685995
0.685995
0.685996
0.685996
0.685996
0.685996
0.685997
0.685997
0.685997
0.685997
0.685998
0.685998
0.685998
0.685999
0.685999
0.685999
0.686
0.686
0.686
0.686001
0.686001
0.686001
0.686002
0.686002
0.686003
0.686003
0.686004
0.686004
0.686005
0.686005
0.686006
0.686006
0.686006
0.686007
0.686007
0.686008
0.686008
0.686009
0.686009
0.68601
0.68601
0.686011
0.686011
0.686012
0.686012
0.686012
0.686013
0.686013
0.686014
0.686014
0.686015
0.686015
0.686016
0.686016
0.686016
0.686017
0.686017
0.686018
0.686018
0.686019
0.686019
0.68602
0.68602
0.686021
0.686021
0.686022
0.686022
0.686023
0.686023
0.686024
0.686024
0.686025
0.686025
0.686026
0.686026
0.686026
0.686027
0.686027
0.686028
0.686028
0.686029
0.686029
0.686029
0.68603
0.68603
0.686031
0.686031
0.686032
0.686032
0.686032
0.686033
0.686033
0.686034
0.686034
0.686035
0.686035
0.686036
0.686036
0.686037
0.686037
0.686037
0.686038
0.686038
0.686039
0.686039
0.68604
0.68604
0.68604
0.686041
0.686041
0.686042
0.686042
0.686043
0.686043
0.686044
0.686044
0.686045
0.686045
0.686045
0.686046
0.686046
0.686047
0.686047
0.686048
0.686048
0.686049
0.686049
0.686049
0.68605
0.68605
0.686051
0.686051
0.686052
0.686052
0.686053
0.686053
0.686054
0.686054
0.686055
0.686055
0.686056
0.686056
0.686056
0.686057
0.686057
0.686058
0.686058
0.686059
0.686059
0.68606
0.68606
0.686061
0.686061
0.686062
0.686062
0.686063
0.686063
0.686064
0.686064
0.686065
0.686065
0.686065
0.686066
0.686066
0.686067
0.686067
0.686068
0.686068
0.686068
0.686069
0.686069
0.686069
0.68607
0.68607
0.686071
0.686071
0.686072
0.686072
0.686073
0.686073
0.686074
0.686074
0.686075
0.686075
0.686076
0.686076
0.686077
0.686077
0.686078
0.686078
0.686079
0.686079
0.686079
0.68608
0.68608
0.686081
0.686081
0.686082
0.686082
0.686083
0.686083
0.686083
0.686084
0.686084
0.686085
0.686085
0.686085
0.686086
0.686086
0.686086
0.686087
0.686087
0.686087
0.686088
0.686088
0.686088
0.686089
0.686089
0.686089
0.68609
0.68609
0.68609
0.686091
0.686091
0.686092
0.686092
0.686092
0.686093
0.686093
0.686093
0.686094
0.686094
0.686094
0.686095
0.686095
0.686095
0.686096
0.686096
0.686096
0.686096
0.686097
0.686097
0.686097
0.686097
0.686097
0.686097
0.686097
0.686098
0.686098
0.686098
0.686098
0.686098
0.686098
0.686098
0.686098
0.686098
0.686098
0.686098
0.686098
0.686098
0.686098
0.686098
0.686098
0.686098
0.686098
0.686098
0.686098
0.686098
0.686098
0.686098
0.686098
0.686098
0.686098
0.686098
0.686098
0.686098
0.686098
0.686098
0.686098
0.686097
0.686097
0.686097
0.686097
0.686097
0.686097
0.686097
0.686097
0.686097
0.686097
0.686097
0.686097
0.686097
0.686097
0.686097
0.686097
0.686097
0.686097
0.686097
0.686097
0.686096
0.686096
0.686096
0.686096
0.686096
0.686096
0.686096
0.686096
0.686096
0.686096
0.686095
0.686095
0.686095
0.686095
0.686095
0.686095
0.686094
0.686094
0.686094
0.686094
0.686094
0.686093
0.686093
0.686093
0.686093
0.686092
0.686092
0.686092
0.686091
0.686091
0.686091
0.686091
0.686091
0.68609
0.68609
0.68609
0.686089
0.686089
0.686089
0.686088
0.686088
0.686087
0.686087
0.686087
0.686086
0.686086
0.686085
0.686085
0.686084
0.686084
0.686083
0.686083
0.686082
0.686082
0.686081
0.686081
0.68608
0.68608
0.686079
0.686079
0.686078
0.686078
0.686077
0.686077
0.686076
0.686076
0.686075
0.686075
0.686074
0.686073
0.686073
0.686072
0.686072
0.686071
0.686071
0.68607
0.68607
0.686069
0.686069
0.686068
0.686068
0.686067
0.686067
0.686066
0.686066
0.686066
0.686065
0.686065
0.686064
0.686064
0.686063
0.686063
0.686063
0.686062
0.686062
0.686062
0.686061
0.686061
0.686061
0.686061
0.68606
0.68606
0.68606
0.68606
0.686059
0.686059
0.686059
0.686059
0.686058
0.686058
0.686058
0.686058
0.686058
0.686058
0.686057
0.686057
0.686057
0.686057
0.686057
0.686057
0.686056
0.686056
0.686056
0.686056
0.686056
0.686056
0.686056
0.686055
0.686055
0.686055
0.686055
0.686054
0.686054
0.686054
0.686054
0.686053
0.686053
0.686053
0.686052
0.686052
0.686052
0.686051
0.686051
0.686051
0.68605
0.68605
0.68605
0.686049
0.686049
0.686049
0.686048
0.686048
0.686047
0.686047
0.686046
0.686046
0.686046
0.686045
0.686045
0.686045
0.686044
0.686044
0.686043
0.686043
0.686043
0.686042
0.686042
0.686041
0.686041
0.68604
0.68604
0.686039
0.686038
0.686038
0.686037
0.686037
0.686036
0.686036
0.686035
0.686035
0.686034
0.686034
0.686033
0.686033
0.686032
0.686032
0.686032
0.686031
0.686031
0.68603
0.68603
0.68603
0.686029
0.686029
0.686029
0.686028
0.686028
0.686027
0.686027
0.686027
0.686026
0.686026
0.686026
0.686025
0.686025
0.686025
0.686024
0.686024
0.686023
0.686023
0.686023
0.686022
0.686022
0.686021
0.686021
0.686021
0.68602
0.68602
0.686019
0.686019
0.686019
0.686018
0.686018
0.686017
0.686017
0.686016
0.686016
0.686016
0.686015
0.686015
0.686015
0.686014
0.686014
0.686013
0.686013
0.686013
0.686012
0.686012
0.686012
0.686011
0.686011
0.686011
0.686011
0.68601
0.68601
0.68601
0.686009
0.686009
0.686009
0.686008
0.686008
0.686007
0.686007
0.686007
0.686006
0.686006
0.686005
0.686005
0.686005
0.686004
0.686004
0.686003
0.686003
0.686002
0.686002
0.686001
0.686001
0.686001
0.686
0.686
0.685999
0.685999
0.685999
0.685998
0.685998
0.685998
0.685997
0.685997
0.685997
0.685997
0.685996
0.685996
0.685996
0.685996
0.685995
0.685995
0.685995
0.685995
0.685994
0.685994
0.685994
0.685993
0.685993
0.685993
0.685993
0.685992
0.685992
0.685992
0.685992
0.685991
0.685991
0.685991
0.685991
0.685991
0.68599
0.68599
0.68599
0.68599
0.685989
0.685989
0.685989
0.685988
0.685988
0.685988
0.685988
0.685987
0.685987
0.685987
0.685987
0.685986
0.685986
0.685986
0.685986
0.685986
0.685985
0.685985
0.685985
0.685985
0.685985
0.685985
0.685985
0.685985
0.685985
0.685984
0.685984
0.685984
0.685984
0.685984
0.685984
0.685984
0.685984
0.685984
0.685984
0.685984
0.685984
0.685984
0.685984
0.685984
0.685984
0.685984
0.685984
0.685984
0.685984
0.685984
0.685984
0.685983
0.685983
0.685983
0.685983
0.685983
0.685983
0.685983
0.685983
0.685983
0.685983
0.685983
0.685982
0.685982
0.685982
0.685982
0.685982
0.685982
0.685982
0.685982
0.685982
0.685982
0.685981
0.685981
0.685981
0.685981
0.685981
0.685981
0.685981
0.685981
0.685981
0.685981
0.685981
0.685981
0.685981
0.68598
0.68598
0.68598
0.68598
0.68598
0.68598
0.68598
0.68598
0.68598
0.68598
0.68598
0.68598
0.68598
0.68598
0.68598
0.68598
0.68598
0.68598
0.68598
0.68598
0.68598
0.68598
0.68598
0.68598
0.68598
0.68598
0.68598
0.68598
0.68598
0.68598
0.68598
0.68598
0.68598
0.68598
0.68598
0.68598
0.68598
0.68598
0.68598
0.68598
0.68598
0.68598
0.68598
0.68598
0.68598
0.68598
0.68598
0.68598
0.685981
0.685981
0.685981
0.685981
0.685981
0.685981
0.685981
0.685981
0.685981
0.685982
0.685982
0.685982
0.685982
0.685982
0.685982
0.685982
0.685982
0.685982
0.685982
0.685982
0.685982
0.685983
0.685983
0.685983
0.685983
0.685983
0.685983
0.685983
0.685984
0.685984
0.685984
0.685984
0.685984
0.685984
0.685984
0.685984
0.685984
0.685985
0.685985
0.685985
0.685985
0.685985
0.685985
0.685985
0.685985
0.685985
0.685985
0.685985
0.685985
0.685985
0.685985
0.685985
0.685985
0.685985
0.685985
0.685985
0.685985
0.685985
0.685985
0.685985
0.685985
0.685985
0.685985
0.685985
0.685985
0.685985
0.685985
0.685985
0.685985
0.685985
0.685985
0.685985
0.685985
0.685985
0.685984
0.685984
0.685984
0.685984
0.685984
0.685984
0.685983
0.685983
0.685983
0.685983
0.685983
0.685983
0.685983
0.685985
0.685983
0.685982
0.685982
0.685982
0.685981
0.685981
0.685979
0.685978
0.685977
0.685977
0.685977
0.685977
0.685977
0.685979
0.685979
0.685979
0.685979
0.685979
0.685979
0.685979
0.685979
0.685979
0.685979
0.685979
0.685979
0.685979
0.685978
0.685978
0.685978
0.685978
0.685978
0.685978
0.685977
0.685978
0.685978
0.685978
0.685978
0.685977
0.685977
0.685977
0.685977
0.685977
0.685977
0.685977
0.685978
0.685978
0.685979
0.68598
0.68598
0.685982
0.685984
0.685984
0.685984
0.685984
0.685986
0.685986
0.685986
0.685987
0.685987
0.685985
0.685987
0.685987
0.685987
0.685987
0.685988
0.685989
0.68599
0.68599
0.685988
0.685988
0.685989
0.685989
0.685989
0.685989
0.685989
0.68599
0.68599
0.68599
0.68599
0.68599
0.68599
0.68599
0.685991
0.685991
0.685991
0.685992
0.685992
0.685993
0.685993
0.685993
0.685995
0.685995
0.685993
0.685994
0.685996
0.685996
0.685997
0.685999
0.686
0.686001
0.686003
0.686002
0.686003
0.686004
0.686007
0.686004
0.686005
0.686006
0.686008
0.686007
0.686008
0.686008
0.686005
0.686004
0.686004
0.686003
0.686002
0.686
0.685999
0.685997
0.685996
0.685997
0.685996
0.685994
0.685995
0.685996
0.685997
0.685996
0.685997
0.685998
0.686
0.685999
0.686
0.686001
0.686001
0.686
0.686001
0.686002
0.686001
0.686002
0.686004
0.686003
0.686004
0.686005
0.686004
0.686005
0.686007
0.686006
0.686007
0.686008
0.686009
0.686011
0.68601
0.686009
0.686011
0.68601
0.68601
0.686011
0.686012
0.686012
0.686015
0.686013
0.686013
0.686017
0.686015
0.686016
0.686017
0.686016
0.686014
0.686012
0.686014
0.68601
0.686008
0.686006
0.685992
0.685987
0.685981
0.685979
0.685976
0.685973
0.68597
0.685963
0.68596
0.685957
0.685954
0.685952
0.685949
0.685945
0.685943
0.685939
0.685936
0.68593
0.685926
0.685922
0.685917
0.685913
0.685909
0.685902
0.685898
0.685892
0.685888
0.685881
0.685879
0.685873
0.685867
0.685863
0.685858
0.685854
0.685851
0.685844
0.685841
0.685838
0.685834
0.685828
0.685822
0.685816
0.685813
0.685807
0.685804
0.685797
0.685793
0.685789
0.685786
0.685783
0.68578
0.685777
0.685773
0.685768
0.685764
0.685759
0.685756
0.685752
0.685747
0.685744
0.685739
0.685734
0.685728
0.685723
0.685716
0.685712
0.685707
0.685704
0.6857
0.685695
0.685692
0.685687
0.685685
0.685682
0.68568
0.685676
0.685674
0.685671
0.68567
0.685668
0.685665
0.685662
0.685662
0.685661
0.68566
0.685657
0.685657
0.685656
0.685656
0.685652
0.685653
0.68565
0.685649
0.685648
0.685646
0.685646
0.685644
0.685644
0.685642
0.685642
0.68564
0.685637
0.685634
0.685634
0.68563
0.685627
0.685624
0.685619
0.685616
0.685611
0.685606
0.685601
0.685597
0.685592
0.685588
0.685581
0.685577
0.685572
0.685566
0.685563
0.685556
0.685553
0.685549
0.685546
0.685541
0.685537
0.685534
0.685531
0.685528
0.685523
0.685518
0.685515
0.685511
0.685508
0.685506
0.685501
0.685496
0.685491
0.685484
0.685479
0.685475
0.68547
0.685463
0.685459
0.685454
0.685447
0.685443
0.685436
0.685432
0.685428
0.685423
0.685419
0.685415
0.685411
0.685407
0.685401
0.685398
0.685393
0.685389
0.685384
0.685378
0.685376
0.685373
0.685368
0.685366
0.685361
0.685359
0.685354
0.685351
0.685349
0.685348
0.685346
0.685348
0.685345
0.685346
0.685345
0.685346
0.685345
0.685344
0.685343
0.685344
0.685343
0.685343
0.685342
0.685341
0.685341
0.685339
0.685338
0.685339
0.685335
0.685334
0.685332
0.685333
0.685332
0.685329
0.685328
0.685326
0.685323
0.685324
0.685324
0.685324
0.685324
0.685324
0.685322
0.685324
0.685326
0.685326
0.685326
0.685327
0.685325
0.685327
0.685326
0.685328
0.685328
0.685329
0.685328
0.68533
0.685329
0.68533
0.68533
0.685331
0.685331
0.685333
0.685335
0.685335
0.685337
0.685339
0.685339
0.685341
0.685339
0.685342
0.685341
0.685344
0.685343
0.685343
0.685343
0.685342
0.685342
0.685342
0.685341
0.68534
0.68534
0.685342
0.685341
0.685341
0.685337
0.685339
0.685338
0.685335
0.685337
0.685335
0.685334
0.685331
0.685331
0.68533
0.685327
0.685326
0.685326
0.685323
0.685322
0.68532
0.68532
0.685318
0.685317
0.685316
0.685317
0.685315
0.685313
0.685311
0.68531
0.685308
0.685306
0.685303
0.685303
0.685302
0.685302
0.685303
0.685303
0.685303
0.685304
0.685305
0.685305
0.685306
0.685306
0.685306
0.685306
0.685306
0.685306
0.685304
0.685304
0.685304
0.685306
0.685304
0.685305
0.685303
0.685305
0.685304
0.685304
0.685304
0.685307
0.685306
0.685309
0.685306
0.685308
0.685308
0.685308
0.68531
0.685307
0.685306
0.685304
0.685304
0.685304
0.6853
0.6853
0.685297
0.685297
0.685294
0.685296
0.685294
0.685291
0.685293
0.685291
0.685291
0.685289
0.685287
0.685285
0.685286
0.685284
0.685284
0.685282
0.68528
0.68528
0.685276
0.685276
0.685272
0.685273
0.685271
0.685271
0.685269
0.685267
0.685265
0.685266
0.685266
0.685261
0.685262
0.68526
0.68526
0.685255
0.685253
0.685251
0.685246
0.685244
0.685242
0.68524
0.685235
0.685236
0.685234
0.685234
0.685232
0.685232
0.68523
0.685228
0.685224
0.685222
0.68522
0.685215
0.685213
0.685209
0.685204
0.6852
0.685198
0.685193
0.68519
0.685185
0.685185
0.68518
0.685177
0.685175
0.685171
0.685169
0.685166
0.685163
0.68516
0.685158
0.685155
0.685154
0.685149
0.685146
0.685146
0.685144
0.685139
0.685138
0.685137
0.685136
0.685135
0.685132
0.685129
0.685128
0.685127
0.685121
0.68512
0.685117
0.685116
0.685112
0.685108
0.685107
0.685106
0.685102
0.685098
0.685095
0.685092
0.68509
0.685087
0.685084
0.685081
0.685076
0.685072
0.685066
0.685063
0.685057
0.685054
0.685051
0.685046
0.685042
0.685041
0.685038
0.685034
0.68503
0.685029
0.685025
0.685021
0.685017
0.685012
0.68501
0.685008
0.685006
0.685001
0.684999
0.684996
0.684994
0.684992
0.68499
0.68499
0.684988
0.684985
0.684985
0.684981
0.684978
0.684978
0.684974
0.684972
0.684967
0.684963
0.684958
0.684954
0.68495
0.684946
0.684942
0.684938
0.684934
0.68493
0.684927
0.684923
0.684917
0.684913
0.684908
0.684904
0.684896
0.684893
0.684887
0.684879
0.684875
0.68487
0.684864
0.684859
0.684854
0.684848
0.684844
0.68484
0.684837
0.684832
0.684828
0.684822
0.684816
0.684811
0.684805
0.6848
0.684796
0.684789
0.684785
0.68478
0.684776
0.684769
0.684764
0.68476
0.684756
0.684747
0.684743
0.684738
0.684734
0.684725
0.68472
0.684713
0.684707
0.6847
0.684694
0.684689
0.684683
0.684676
0.684672
0.684667
0.68466
0.684656
0.684649
0.684642
0.684635
0.684631
0.684622
0.684618
0.684611
0.684604
0.684597
0.684593
0.684585
0.684576
0.684571
0.684564
0.684556
0.684551
0.684544
0.684539
0.684534
0.684526
0.684521
0.684516
0.684511
0.684506
0.6845
0.684495
0.68449
0.684485
0.684477
0.684472
0.684464
0.684461
0.684456
0.68445
0.684447
0.684442
0.684438
0.684432
0.684427
0.684426
0.684418
0.684414
0.684411
0.684405
0.684402
0.684396
0.684393
0.684389
0.684386
0.68438
0.684377
0.684373
0.68437
0.684364
0.684358
0.684353
0.68435
0.684342
0.684337
0.684331
0.684324
0.684316
0.684311
0.684304
0.684298
0.684293
0.684284
0.684278
0.684271
0.684262
0.684256
0.684247
0.684239
0.684232
0.684222
0.684215
0.684207
0.6842
0.68419
0.68418
0.684173
0.684161
0.684153
0.684143
0.684136
0.684128
0.684118
0.684111
0.684101
0.684093
0.684083
0.684076
0.684066
0.684056
0.684046
0.684038
0.684028
0.684018
0.684008
0.683998
0.68399
0.683982
0.683972
0.683962
0.683954
0.683946
0.683938
0.68393
0.683922
0.683912
0.683903
0.683893
0.683887
0.683876
0.683868
0.683859
0.683849
0.68384
0.683832
0.683826
0.683817
0.683807
0.683798
0.683787
0.683777
0.68377
0.683759
0.683748
0.683737
0.683726
0.683715
0.683704
0.683695
0.683686
0.683677
0.683668
0.683659
0.683649
0.68364
0.683631
0.683619
0.683609
0.683598
0.683588
0.683576
0.683566
0.683554
0.683544
0.683532
0.683522
0.683512
0.6835
0.683489
0.683481
0.683471
0.68346
0.68345
0.683439
0.683431
0.68342
0.68341
0.683399
0.68339
0.683379
0.683368
0.68336
0.683349
0.683338
0.683329
0.683318
0.683307
0.683298
0.683289
0.68328
0.683271
0.68326
0.683251
0.683242
0.683233
0.683221
0.68321
0.6832
0.683189
0.683177
0.683165
0.683154
0.683142
0.68313
0.68312
0.683109
0.683099
0.683089
0.683077
0.683067
0.683057
0.683048
0.683038
0.683028
0.683018
0.683008
0.683001
0.682991
0.682985
0.682975
0.682967
0.68296
0.682949
0.682941
0.682935
0.682927
0.682919
0.682911
0.682903
0.682896
0.68289
0.682882
0.682876
0.682868
0.682861
0.682855
0.682849
0.68284
0.682834
0.682829
0.682823
0.682814
0.68281
0.682803
0.682796
0.682789
0.682786
0.682779
0.682775
0.682767
0.68276
0.682753
0.682746
0.682739
0.682731
0.682724
0.682717
0.682707
0.682697
0.682687
0.682677
0.682668
0.682656
0.682641
0.682631
0.682619
0.682607
0.682597
0.682584
0.682572
0.682562
0.682549
0.682536
0.682523
0.682511
0.682501
0.682488
0.682477
0.682464
0.682454
0.682441
0.682428
0.682415
0.6824
0.682387
0.682376
0.68236
0.682347
0.682336
0.682321
0.68231
0.682299
0.682285
0.682274
0.682265
0.682254
0.682241
0.68223
0.682218
0.682207
0.682196
0.682185
0.682174
0.682162
0.682151
0.682138
0.682126
0.682115
0.682102
0.682088
0.682077
0.682066
0.682052
0.682038
0.682027
0.682013
0.682
0.681988
0.681975
0.681963
0.681958
0.681953
0.681948
0.681943
0.681939
0.681934
0.681929
0.681924
0.681919
0.681915
0.68191
0.681905
0.681901
0.681896
0.681891
0.681887
0.681882
0.681878
0.681873
0.681868
0.681864
0.681859
0.681855
0.68185
0.681846
0.681842
0.681837
0.681833
0.681829
0.681824
0.68182
0.681816
0.681812
0.681808
0.681804
0.6818
0.681796
0.681792
0.681788
0.681784
0.68178
0.681776
0.681772
0.681768
0.681765
0.681761
0.681757
0.681753
0.68175
0.681746
0.681742
0.681738
0.681735
0.681731
0.681727
0.681724
0.68172
0.681717
0.681713
0.68171
0.681706
0.681703
0.6817
0.681696
0.681693
0.68169
0.681686
0.681683
0.68168
0.681677
0.681674
0.681671
0.681668
0.681664
0.681661
0.681658
0.681655
0.681652
0.681649
0.681646
0.681644
0.681641
0.681638
0.681635
0.681632
0.681629
0.681627
0.681624
0.681621
0.681619
0.681616
0.681614
0.681611
0.681609
0.681606
0.681604
0.681602
0.681599
0.681597
0.681595
0.681592
0.68159
0.681588
0.681586
0.681583
0.681581
0.681579
0.681577
0.681575
0.681573
0.68157
0.681568
0.681566
0.681564
0.681562
0.68156
0.681558
0.681556
0.681554
0.681551
0.681549
0.681547
0.681545
0.681543
0.681541
0.681539
0.681538
0.681536
0.681534
0.681532
0.68153
0.681528
0.681526
0.681524
0.681522
0.681521
0.681519
0.681517
0.681515
0.681513
0.681512
0.68151
0.681508
0.681507
0.681505
0.681504
0.681502
0.6815
0.681499
0.681497
0.681496
0.681495
0.681493
0.681492
0.68149
0.681489
0.681488
0.681486
0.681485
0.681484
0.681483
0.681482
0.681481
0.681479
0.681478
0.681477
0.681476
0.681475
0.681475
0.681474
0.681473
0.681472
0.681471
0.68147
0.681469
0.681468
0.681467
0.681466
0.681466
0.681465
0.681464
0.681463
0.681462
0.681462
0.681461
0.68146
0.681459
0.681459
0.681458
0.681457
0.681457
0.681456
0.681456
0.681455
0.681455
0.681454
0.681454
0.681453
0.681453
0.681452
0.681452
0.681451
0.681451
0.68145
0.681438
0.681426
0.681413
0.681399
0.681386
0.681372
0.681356
0.681341
0.681328
0.681311
0.681297
0.681281
0.681267
0.681251
0.681235
0.681223
0.681207
0.681191
0.68118
0.681164
0.681154
0.68114
0.681127
0.681117
0.681106
0.681095
0.681082
0.681073
0.681063
0.681052
0.681041
0.68103
0.681019
0.681009
0.680999
0.680986
0.680976
0.680965
0.680955
0.680945
0.680931
0.680921
0.680908
0.680898
0.680886
0.680873
0.680861
0.680849
0.680838
0.680823
0.68081
0.680797
0.680785
0.680771
0.680759
0.680745
0.680732
0.68072
0.680707
0.680696
0.680683
0.680673
0.680662
0.68065
0.680639
0.680628
0.680617
0.680606
0.680595
0.680584
0.680573
0.680559
0.680549
0.680537
0.680523
0.680509
0.680495
0.680483
0.680468
0.680454
0.68044
0.680428
0.680415
0.680401
0.680386
0.680372
0.680357
0.680343
0.680328
0.680313
0.680299
0.680284
0.680273
0.680258
0.680243
0.680228
0.680215
0.6802
0.680185
0.680171
0.680154
0.680138
0.680122
0.680108
0.680093
0.680076
0.680061
0.680043
0.680027
0.68001
0.679992
0.679975
0.679956
0.679939
0.679921
0.679902
0.679885
0.679866
0.679846
0.679829
0.679808
0.67979
0.679769
0.679749
0.679728
0.679709
0.67969
0.679672
0.679653
0.679634
0.679615
0.679596
0.679581
0.679562
0.679542
0.679523
0.679505
0.679487
0.679466
0.679448
0.67943
0.67941
0.679392
0.679375
0.679355
0.679338
0.679321
0.679301
0.679282
0.679263
0.679245
0.679224
0.679207
0.679188
0.679171
0.67915
0.679132
0.679113
0.679096
0.679077
0.679057
0.679038
0.679017
0.678996
0.678976
0.678956
0.678932
0.678914
0.67889
0.678867
0.678843
0.678821
0.678801
0.678777
0.678759
0.678734
0.678716
0.678694
0.678671
0.678651
0.678631
0.678611
0.67859
0.67857
0.67855
0.678529
0.678509
0.678486
0.678463
0.678442
0.678419
0.678396
0.678376
0.678352
0.678331
0.678308
0.678286
0.678264
0.678242
0.678217
0.678195
0.678174
0.678151
0.678129
0.678105
0.678081
0.678059
0.678036
0.678014
0.677992
0.677969
0.677947
0.677925
0.677903
0.67788
0.677856
0.677832
0.677808
0.677787
0.677761
0.677736
0.677713
0.677687
0.677661
0.677638
0.677609
0.677586
0.677559
0.677534
0.677507
0.677482
0.677455
0.677427
0.677402
0.677376
0.677348
0.677323
0.677297
0.677271
0.677246
0.677218
0.677189
0.677162
0.677134
0.677105
0.677077
0.677051
0.677022
0.676993
0.67696
0.676933
0.676904
0.676875
0.676848
0.676816
0.676788
0.676759
0.676727
0.676695
0.676665
0.676631
0.676599
0.676567
0.676541
0.676507
0.676474
0.676446
0.676413
0.676385
0.676356
0.676329
0.6763
0.676271
0.676243
0.676216
0.676188
0.676161
0.676131
0.676103
0.676075
0.676045
0.676019
0.67599
0.675962
0.675936
0.675909
0.675883
0.675857
0.67583
0.675806
0.675779
0.675757
0.675732
0.67571
0.675685
0.675662
0.67564
0.675617
0.675594
0.675571
0.67555
0.675525
0.6755
0.675477
0.675452
0.675433
0.675409
0.675386
0.675365
0.675341
0.675322
0.6753
0.675276
0.675255
0.675233
0.675214
0.67519
0.675168
0.67515
0.675128
0.675106
0.675086
0.675068
0.675044
0.675023
0.675003
0.674979
0.67496
0.67494
0.674917
0.674896
0.674875
0.674854
0.674831
0.67481
0.674787
0.674764
0.674738
0.674713
0.67469
0.674666
0.674643
0.674617
0.674592
0.674571
0.674543
0.674516
0.674488
0.674463
0.674439
0.674411
0.674383
0.674356
0.674328
0.6743
0.674272
0.674244
0.674216
0.674188
0.674162
0.674132
0.674104
0.674074
0.674045
0.674018
0.673989
0.673963
0.673935
0.673909
0.673883
0.673852
0.673824
0.6738
0.67377
0.673742
0.673713
0.673683
0.673655
0.673624
0.673594
0.673565
0.673537
0.673504
0.673476
0.673443
0.673413
0.67338
0.673347
0.673317
0.673286
0.673256
0.673227
0.673197
0.673168
0.673143
0.673116
0.673088
0.673067
0.673043
0.673024
0.67301
0.672994
0.67298
0.672968
0.672954
0.672942
0.672931
0.672919
0.67291
0.672903
0.672898
0.672894
0.672892
0.672889
0.672887
0.672885
0.672883
0.672883
0.672881
0.672879
0.672879
0.672875
0.67287
0.672868
0.672866
0.67286
0.672856
0.672849
0.672843
0.672837
0.672828
0.672822
0.672813
0.672803
0.672795
0.672786
0.672778
0.672769
0.672759
0.67275
0.67274
0.672731
0.672721
0.672708
0.672698
0.672687
0.672674
0.672664
0.672651
0.672641
0.672628
0.672617
0.672607
0.672599
0.672589
0.67258
0.672572
0.672565
0.672555
0.672549
0.672544
0.672539
0.672533
0.672528
0.672523
0.67252
0.672513
0.672511
0.672508
0.672503
0.6725
0.672498
0.672496
0.672491
0.672489
0.672485
0.672483
0.672482
0.672478
0.672476
0.672472
0.672468
0.672462
0.672459
0.672455
0.672452
0.67245
0.672447
0.672442
0.672439
0.672436
0.672433
0.67243
0.672429
0.672426
0.672419
0.672416
0.672414
0.672411
0.672409
0.672406
0.672404
0.672402
0.6724
0.672398
0.672396
0.672392
0.672392
0.67239
0.672386
0.672386
0.672385
0.672381
0.672382
0.672381
0.672379
0.672378
0.672379
0.672376
0.672375
0.672372
0.672371
0.672368
0.672365
0.672365
0.672362
0.672361
0.672358
0.672355
0.672357
0.672354
0.672349
0.672346
0.672345
0.672344
0.672344
0.672343
0.67234
0.672339
0.672336
0.672333
0.67233
0.672329
0.672328
0.672325
0.672324
0.672322
0.672321
0.67232
0.672321
0.672319
0.672318
0.672321
0.672322
0.672323
0.672324
0.672325
0.672328
0.672329
0.672332
0.672336
0.672339
0.67234
0.672341
0.672347
0.672348
0.672349
0.67235
0.672353
0.672354
0.672353
0.672354
0.67236
0.672363
0.672367
0.67237
0.672374
0.672379
0.672381
0.672386
0.67239
0.672394
0.672395
0.672397
0.672401
0.672403
0.672402
0.672404
0.672408
0.672408
0.67241
0.672412
0.672414
0.672414
0.672418
0.672422
0.672424
0.672428
0.672432
0.67243
0.672434
0.672438
0.67244
0.672442
0.67244
0.672442
0.67244
0.67244
0.672438
0.672436
0.672437
0.672435
0.672433
0.672434
0.672432
0.67243
0.672426
0.672425
0.672423
0.672424
0.672422
0.672425
0.672425
0.672424
0.672422
0.672422
0.67242
0.672418
0.67242
0.672418
0.672418
0.672418
0.672418
0.672415
0.672418
0.672415
0.672417
0.672415
0.672416
0.672413
0.672413
0.672412
0.672411
0.672411
0.672412
0.672411
0.672413
0.672412
0.672411
0.672413
0.672412
0.672414
0.672412
0.672414
0.672413
0.672412
0.672411
0.67241
0.672408
0.672408
0.672406
0.672405
0.672404
0.672403
0.6724
0.672397
0.672395
0.672392
0.672388
0.672389
0.672387
0.672383
0.672382
0.67238
0.672376
0.672375
0.672372
0.672366
0.672364
0.67236
0.672356
0.672349
0.672347
0.672343
0.672339
0.672336
0.672335
0.67233
0.672331
0.672326
0.672324
0.67232
0.672318
0.672318
0.672314
0.672315
0.672313
0.672313
0.672312
0.67231
0.672311
0.672309
0.672305
0.672306
0.672306
0.672306
0.672307
0.672305
0.672303
0.672303
0.672303
0.672303
0.672301
0.672301
0.672298
0.672296
0.672293
0.672291
0.672288
0.672283
0.67228
0.672277
0.672274
0.672267
0.672266
0.67226
0.672259
0.672254
0.67225
0.672248
0.672245
0.672244
0.67224
0.672238
0.672235
0.672227
0.672223
0.672222
0.672218
0.672215
0.672211
0.672207
0.672201
0.672199
0.672195
0.672191
0.672187
0.672183
0.672177
0.672171
0.672167
0.672163
0.672156
0.67215
0.672141
0.672139
0.672133
0.672124
0.672119
0.672112
0.67211
0.672104
0.672099
0.672095
0.67209
0.672085
0.672078
0.672076
0.672071
0.672068
0.672064
0.672061
0.672056
0.672054
0.672051
0.672049
0.672045
0.672045
0.672042
0.67204
0.672038
0.672036
0.672034
0.672032
0.67203
0.672028
0.672026
0.672024
0.67202
0.67202
0.672019
0.672019
0.672012
0.672012
0.672012
0.672012
0.672009
0.672012
0.672011
0.672008
0.672008
0.672007
0.672008
0.672008
0.672009
0.672006
0.672005
0.672006
0.672007
0.672006
0.672005
0.672006
0.672005
0.672001
0.672004
0.672
0.671999
0.671999
0.671995
0.671993
0.671989
0.67199
0.671986
0.671984
0.671978
0.671978
0.671974
0.671972
0.67197
0.671965
0.671963
0.671958
0.671955
0.671952
0.67195
0.671945
0.671942
0.671942
0.671944
0.671941
0.67194
0.67194
0.671937
0.671939
0.671941
0.671942
0.671946
0.671947
0.671948
0.671951
0.671956
0.671962
0.671963
0.67197
0.671973
0.671982
0.671983
0.671986
0.671987
0.671993
0.671988
0.671988
0.671991
0.671994
0.671999
0.672004
0.672012
0.672011
0.672015
0.672018
0.672016
0.672015
0.672016
0.672017
0.672017
0.672017
0.672016
0.672016
0.672014
0.672012
0.67201
0.672004
0.671999
0.671998
0.671992
0.671981
0.671973
0.671962
0.671949
0.671938
0.671925
0.671909
0.671899
0.671886
0.671876
0.671869
0.671866
0.671858
0.67185
0.671849
0.671848
0.671846
0.671847
0.671844
0.671848
0.671847
0.671849
0.671849
0.671854
0.671857
0.671861
0.671861
0.671867
0.671872
0.671877
0.671882
0.671884
0.671888
0.671892
0.671896
0.6719
0.671903
0.671903
0.671906
0.671909
0.67191
0.671911
0.671914
0.671912
0.671913
0.671915
0.671914
0.67191
0.67191
0.671906
0.671903
0.671901
0.671896
0.671896
0.671889
0.671885
0.671884
0.671877
0.671871
0.671865
0.671859
0.671857
0.671849
0.671844
0.67184
0.671836
0.671835
0.671829
0.671825
0.671822
0.67182
0.671817
0.671812
0.671811
0.671809
0.671812
0.671809
0.67181
0.671808
0.671813
0.671814
0.671812
0.67181
0.671811
0.671812
0.671813
0.671814
0.671809
0.67181
0.671809
0.671804
0.671803
0.671796
0.671794
0.67179
0.671789
0.671785
0.671778
0.671777
0.67177
0.671761
0.671754
0.671746
0.671741
0.671736
0.671728
0.67172
0.671717
0.671711
0.671705
0.671702
0.671696
0.671694
0.671685
0.671684
0.671682
0.671679
0.671677
0.671676
0.671674
0.671672
0.671673
0.671672
0.671673
0.671673
0.671669
0.671672
0.67167
0.67167
0.671668
0.671664
0.671664
0.671659
0.671659
0.671653
0.67165
0.671649
0.671642
0.671641
0.671637
0.671633
0.671631
0.671626
0.671625
0.671624
0.67162
0.67162
0.671623
0.671623
0.671622
0.671621
0.671624
0.671623
0.671624
0.671624
0.671627
0.671631
0.671631
0.671635
0.671632
0.671636
0.671634
0.671638
0.67164
0.671644
0.671645
0.671644
0.671643
0.671649
0.671646
0.671648
0.671644
0.671642
0.671637
0.671635
0.67163
0.671627
0.671622
0.671619
0.67162
0.671617
0.671611
0.671606
0.6716
0.671594
0.671588
0.671583
0.671579
0.67157
0.671563
0.671557
0.671553
0.671548
0.671541
0.671534
0.671534
0.671535
0.671535
0.671538
0.671544
0.671544
0.671549
0.671554
0.671558
0.671562
0.671569
0.671576
0.671582
0.671589
0.671595
0.671601
0.671606
0.671615
0.671621
0.671625
0.671628
0.671633
0.671635
0.671639
0.671647
0.671653
0.671655
0.671657
0.671662
0.671666
0.671668
0.671674
0.671687
0.67169
0.671695
0.6717
0.671704
0.671712
0.67172
0.671731
0.671739
0.67175
0.671758
0.671764
0.671774
0.671783
0.671796
0.671806
0.671815
0.671827
0.671833
0.671844
0.671848
0.671861
0.67187
0.671876
0.671886
0.671895
0.671901
0.671907
0.671913
0.67192
0.671924
0.67193
0.671935
0.671938
0.67194
0.671943
0.671942
0.67194
0.671937
0.671939
0.671934
0.671932
0.671927
0.671924
0.67192
0.671916
0.671909
0.671906
0.671896
0.671891
0.671884
0.671878
0.671864
0.671858
0.671848
0.671835
0.671829
0.671818
0.671808
0.671796
0.671786
0.671776
0.671767
0.671757
0.671748
0.67174
0.671729
0.671718
0.671716
0.671711
0.6717
0.671692
0.671684
0.671673
0.671668
0.671657
0.671648
0.671639
0.671631
0.671619
0.671612
0.671599
0.671587
0.671577
0.671564
0.67155
0.67154
0.671524
0.671513
0.671501
0.671487
0.671472
0.671457
0.671442
0.671428
0.671418
0.6714
0.671386
0.671372
0.671356
0.671342
0.671325
0.671304
0.671292
0.671275
0.67126
0.671243
0.671228
0.671211
0.671199
0.671184
0.671176
0.671165
0.671153
0.671145
0.671133
0.671127
0.671115
0.671106
0.671097
0.67109
0.671081
0.671075
0.671064
0.671059
0.671054
0.671043
0.671038
0.671031
0.671022
0.671015
0.671007
0.671
0.670995
0.670989
0.670981
0.670974
0.670968
0.670963
0.670953
0.670947
0.670943
0.670934
0.670928
0.670922
0.670913
0.670908
0.670894
0.670885
0.67088
0.670869
0.670861
0.670847
0.670843
0.670833
0.670825
0.670815
0.670805
0.670797
0.670788
0.670784
0.670774
0.67077
0.670761
0.670757
0.670751
0.670744
0.670738
0.670734
0.670726
0.670722
0.670718
0.670713
0.670707
0.670702
0.670698
0.670693
0.670691
0.670682
0.670676
0.67067
0.670665
0.670656
0.670651
0.670642
0.670639
0.670634
0.670629
0.670626
0.670621
0.670616
0.670617
0.670611
0.670607
0.670608
0.670605
0.67061
0.670608
0.670609
0.670607
0.670608
0.670606
0.670607
0.670609
0.670611
0.670612
0.670614
0.670619
0.670621
0.670622
0.670624
0.670626
0.670626
0.670632
0.670632
0.670638
0.670644
0.670645
0.670647
0.670657
0.67066
0.670666
0.670669
0.670668
0.670674
0.670677
0.670681
0.670684
0.670688
0.670691
0.670694
0.670694
0.670697
0.6707
0.670703
0.670705
0.670708
0.670711
0.670715
0.670718
0.670721
0.670725
0.67073
0.67073
0.670734
0.670738
0.670741
0.670742
0.670745
0.670747
0.670748
0.670748
0.670752
0.670753
0.670757
0.670759
0.67076
0.67076
0.670764
0.670763
0.670767
0.670768
0.670772
0.670775
0.670776
0.670778
0.670782
0.670785
0.670789
0.670791
0.670796
0.670798
0.670801
0.670803
0.670806
0.67081
0.670813
0.670819
0.670821
0.670826
0.670828
0.670835
0.670837
0.670843
0.670846
0.670856
0.67086
0.670863
0.67087
0.670875
0.670878
0.670883
0.670887
0.670891
0.670896
0.670903
0.670905
0.670912
0.670919
0.670921
0.670928
0.67093
0.670938
0.670943
0.670947
0.670949
0.670955
0.670959
0.670962
0.670967
0.67097
0.670974
0.670977
0.670979
0.670982
0.670984
0.670987
0.670989
0.67099
0.670996
0.670999
0.671005
0.671008
0.671011
0.671018
0.671026
0.671033
0.671036
0.671046
0.671049
0.671056
0.671064
0.671071
0.671074
0.671083
0.671089
0.671098
0.671101
0.671106
0.671113
0.671117
0.671122
0.671125
0.671129
0.671134
0.671137
0.671141
0.671144
0.671148
0.671151
0.671155
0.671159
0.671159
0.671162
0.671166
0.67117
0.671173
0.671177
0.671181
0.671185
0.671185
0.671189
0.671193
0.671197
0.671201
0.671205
0.671209
0.671213
0.671217
0.671221
0.671226
0.671233
0.671237
0.671242
0.671246
0.67125
0.671254
0.671259
0.671263
0.671271
0.671275
0.67128
0.671284
0.671288
0.671296
0.671301
0.671306
0.67131
0.671315
0.671319
0.671329
0.671334
0.671338
0.671343
0.671348
0.671352
0.671357
0.671361
0.671366
0.671371
0.671375
0.67138
0.671384
0.671389
0.671393
0.671398
0.671406
0.67141
0.671415
0.671419
0.671424
0.671431
0.671436
0.67144
0.671445
0.671452
0.671459
0.671466
0.67147
0.671475
0.671482
0.671488
0.671496
0.6715
0.671504
0.671512
0.671518
0.671525
0.671529
0.671533
0.671537
0.671545
0.671549
0.671558
0.671562
0.671569
0.671573
0.671576
0.671582
0.671589
0.671598
0.671602
0.671611
0.671614
0.671623
0.67163
0.671639
0.671643
0.671651
0.671655
0.671664
0.671669
0.671676
0.671681
0.671686
0.671693
0.671702
0.671704
0.671712
0.671715
0.67172
0.671725
0.671732
0.671737
0.671737
0.671745
0.671748
0.671755
0.671758
0.671762
0.671765
0.671772
0.671775
0.671778
0.671784
0.671787
0.671791
0.671794
0.671801
0.671804
0.67181
0.671816
0.671819
0.671825
0.671829
0.671839
0.671845
0.671849
0.671855
0.671861
0.671872
0.671878
0.671889
0.671893
0.671902
0.671913
0.67192
0.671927
0.671934
0.671939
0.67195
0.671955
0.671962
0.671967
0.671978
0.671983
0.671988
0.671995
0.672
0.672002
0.67201
0.672019
0.672021
0.672027
0.67203
0.672033
0.672039
0.672041
0.67204
0.672044
0.672047
0.672044
0.672046
0.672043
0.672043
0.672044
0.672039
0.672034
0.672029
0.672029
0.672024
0.672017
0.672015
0.67201
0.672001
0.671995
0.671989
0.671987
0.67198
0.671973
0.671973
0.671967
0.671967
0.671963
0.671958
0.671954
0.671952
0.671946
0.671946
0.671942
0.671939
0.671938
0.671936
0.67193
0.671928
0.671932
0.67193
0.671927
0.671928
0.671927
0.671923
0.671923
0.671916
0.671914
0.671906
0.671903
0.671895
0.67189
0.671885
0.671875
0.671872
0.671868
0.671859
0.671854
0.671846
0.671838
0.671829
0.671815
0.671807
0.671793
0.671782
0.671772
0.671768
0.671754
0.671745
0.671736
0.671723
0.671709
0.671695
0.671683
0.671673
0.67166
0.671652
0.671641
0.671629
0.671614
0.6716
0.671588
0.671576
0.671567
0.671554
0.671543
0.671531
0.671521
0.671511
0.671501
0.671493
0.671485
0.671475
0.671468
0.671457
0.671455
0.671447
0.67144
0.671436
0.671427
0.671421
0.671407
0.671398
0.671386
0.671377
0.671366
0.671355
0.671351
0.671339
0.671336
0.671324
0.671316
0.671306
0.671298
0.671288
0.671277
0.671266
0.671255
0.671244
0.671233
0.671223
0.671214
0.671203
0.671195
0.67118
0.671171
0.671162
0.671158
0.671147
0.671132
0.671121
0.67111
0.671106
0.671097
0.67109
0.671082
0.671075
0.671067
0.671058
0.671051
0.671048
0.671044
0.671047
0.671042
0.671042
0.671039
0.671037
0.671037
0.671035
0.671034
0.671036
0.671036
0.671032
0.671033
0.671033
0.671033
0.671035
0.671035
0.671035
0.671037
0.671034
0.671035
0.671037
0.671037
0.671038
0.671045
0.671047
0.671054
0.671055
0.671061
0.671064
0.671067
0.671067
0.67107
0.671078
0.671083
0.671088
0.671093
0.671095
0.6711
0.671109
0.671111
0.67112
0.671123
0.67113
0.671136
0.671141
0.671147
0.671155
0.671163
0.671165
0.67117
0.671174
0.67118
0.671185
0.67119
0.671193
0.671195
0.671199
0.671201
0.671201
0.671201
0.671199
0.671195
0.671198
0.6712
0.671204
0.67122
0.671238
0.671257
0.671284
0.671309
0.671339
0.671365
0.671386
0.67141
0.671431
0.67145
0.671465
0.671481
0.671497
0.671509
0.671521
0.671533
0.671546
0.671558
0.671567
0.67158
0.671596
0.671611
0.671629
0.671647
0.671669
0.671693
0.671715
0.671739
0.671761
0.671785
0.671802
0.671823
0.671845
0.671864
0.67188
0.671897
0.671913
0.67193
0.671948
0.671968
0.671987
0.672006
0.672025
0.672044
0.672065
0.672087
0.672105
0.67213
0.672148
0.672172
0.672192
0.672212
0.672234
0.672257
0.672277
0.672299
0.672319
0.672343
0.672363
0.672385
0.672408
0.672428
0.67245
0.672472
0.672496
0.672518
0.67254
0.672562
0.672589
0.672613
0.672637
0.672661
0.67269
0.672716
0.67274
0.672769
0.672793
0.672819
0.672848
0.672879
0.672905
0.672934
0.67296
0.672988
0.673017
0.673047
0.673075
0.673109
0.673137
0.673172
0.673203
0.673233
0.673268
0.673303
0.673339
0.673374
0.673409
0.673446
0.673484
0.673521
0.673558
0.673594
0.673631
0.673668
0.673707
0.67375
0.67379
0.673831
0.673869
0.673911
0.673951
0.673993
0.674035
0.674079
0.674116
0.674155
0.674199
0.674243
0.674291
0.674334
0.674381
0.674425
0.67447
0.674516
0.674565
0.67461
0.674656
0.674696
0.674732
0.674773
0.674818
0.674862
0.674901
0.674948
0.674991
0.675035
0.675079
0.675124
0.675163
0.675204
0.675243
0.675282
0.675322
0.675363
0.675406
0.675446
0.675487
0.675528
0.675571
0.675607
0.675642
0.675674
0.67571
0.67575
0.675789
0.675825
0.675866
0.675904
0.675941
0.675978
0.676018
0.67605
0.676085
0.676115
0.67615
0.676182
0.676211
0.676244
0.676272
0.676299
0.67633
0.676361
0.676395
0.676425
0.676456
0.676485
0.676506
0.676536
0.676562
0.676589
0.676616
0.676643
0.676673
0.676702
0.67673
0.676756
0.676782
0.676803
0.676831
0.676858
0.676887
0.676912
0.676943
0.676969
0.676997
0.677024
0.677046
0.677068
0.67709
0.677119
0.677142
0.677171
0.677194
0.677217
0.677239
0.677262
0.677284
0.677304
0.677327
0.677346
0.677369
0.677389
0.67741
0.677431
0.677455
0.677473
0.677493
0.677515
0.677537
0.677556
0.677578
0.677595
0.677621
0.677638
0.677661
0.677681
0.677706
0.677731
0.677755
0.677782
0.677809
0.67784
0.677874
0.677915
0.677961
0.678009
0.678058
0.678105
0.67815
0.678192
0.678234
0.678268
0.678304
0.678338
0.67837
0.678406
0.678441
0.678478
0.678514
0.678558
0.678599
0.678637
0.678679
0.67872
0.678763
0.678806
0.678847
0.678887
0.678929
0.678968
0.67901
0.679046
0.679083
0.679117
0.679151
0.679184
0.679219
0.67925
0.679282
0.679315
0.67935
0.679381
0.679414
0.679449
0.679481
0.679515
0.679546
0.679579
0.679611
0.679642
0.679673
0.679705
0.679733
0.679764
0.679795
0.679821
0.67985
0.67988
0.67991
0.679937
0.679966
0.679996
0.680029
0.680057
0.680088
0.68012
0.68015
0.680183
0.680216
0.680244
0.680275
0.680307
0.680337
0.68037
0.680405
0.680437
0.680466
0.680497
0.680528
0.680564
0.680603
0.680638
0.680671
0.680709
0.680745
0.680781
0.680812
0.680848
0.680883
0.68092
0.680956
0.680992
0.681025
0.681061
0.681095
0.681132
0.681172
0.681212
0.681256
0.681297
0.68134
0.681385
0.681427
0.68147
0.681511
0.681553
0.681595
0.681635
0.681675
0.681717
0.681757
0.681796
0.681841
0.681883
0.681923
0.681973
0.682012
0.682056
0.682098
0.682139
0.68218
0.682223
0.682266
0.682307
0.682349
0.682392
0.682429
0.682469
0.682508
0.682545
0.682582
0.682622
0.682658
0.682694
0.682728
0.682763
0.682795
0.68283
0.682862
0.682898
0.682932
0.682962
0.682994
0.683028
0.683062
0.683095
0.683131
0.683164
0.683198
0.683233
0.683263
0.683298
0.683333
0.683366
0.683399
0.683434
0.683463
0.683495
0.683525
0.683558
0.68359
0.683622
0.683653
0.683685
0.683719
0.683748
0.683781
0.683817
0.683848
0.683883
0.683914
0.683949
0.683984
0.684016
0.684049
0.684081
0.684113
0.684143
0.684177
0.684205
0.684232
0.684266
0.684295
0.684324
0.684353
0.68438
0.684408
0.684439
0.684469
0.684498
0.684523
0.684554
0.684581
0.684607
0.684634
0.68466
0.684685
0.68471
0.684737
0.684766
0.68479
0.684819
0.684845
0.684874
0.6849
0.684928
0.684955
0.684985
0.685013
0.68504
0.685069
0.6851
0.685129
0.685163
0.685194
0.685224
0.685254
0.685284
0.685312
0.685342
0.685375
0.685404
0.685435
0.685468
0.685501
0.685535
0.685568
0.685602
0.685636
0.685668
0.6857
0.685735
0.685764
0.685797
0.68583
0.685859
0.685886
0.68592
0.68595
0.685975
0.686005
0.686036
0.686068
0.686097
0.686125
0.686155
0.686185
0.686215
0.686242
0.686272
0.686303
0.686331
0.686354
0.686384
0.686412
0.686443
0.686472
0.686504
0.686537
0.686568
0.686599
0.686629
0.686661
0.686688
0.68672
0.68675
0.686779
0.686812
0.686839
0.686871
0.686897
0.686927
0.68696
0.686988
0.687019
0.687049
0.687078
0.687104
0.687132
0.687159
0.687185
0.687208
0.687233
0.687258
0.687284
0.687311
0.687335
0.687362
0.68739
0.687414
0.687436
0.687462
0.687482
0.687504
0.687525
0.687547
0.687569
0.687591
0.687614
0.687635
0.687657
0.687677
0.687701
0.68772
0.68774
0.687758
0.687774
0.687793
0.68781
0.687829
0.687844
0.68786
0.687878
0.687893
0.687906
0.68792
0.687935
0.68795
0.687963
0.687975
0.687988
0.688002
0.688014
0.688027
0.68804
0.688051
0.688063
0.688072
0.688085
0.688095
0.688104
0.688114
0.688121
0.68813
0.688139
0.688147
0.688153
0.688157
0.688162
0.688165
0.688171
0.688174
0.688175
0.68818
0.688182
0.688186
0.688188
0.68819
0.688194
0.688197
0.688198
0.688199
0.6882
0.6882
0.688203
0.688203
0.688206
0.688208
0.68821
0.688212
0.688216
0.688217
0.688217
0.68822
0.688223
0.688224
0.688227
0.68823
0.688231
0.688235
0.688234
0.688237
0.688238
0.68824
0.688239
0.688239
0.688238
0.688236
0.688238
0.688235
0.688235
0.688236
0.688237
0.688238
0.688236
0.688237
0.688239
0.68824
0.688239
0.688241
0.688241
0.688242
0.688243
0.688244
0.688247
0.688247
0.68825
0.688252
0.688253
0.688257
0.68826
0.688261
0.688265
0.688265
0.688268
0.688271
0.688274
0.688277
0.68828
0.688283
0.688285
0.688288
0.688291
0.688294
0.688297
0.6883
0.688302
0.688305
0.688308
0.688311
0.688314
0.688316
0.688319
0.688322
0.688325
0.688328
0.688331
0.688333
0.688336
0.688339
0.688342
0.688345
0.688347
0.68835
0.688353
0.688356
0.688358
0.688361
0.688364
0.688367
0.688369
0.688372
0.688374
0.688377
0.68838
0.688382
0.688385
0.688387
0.68839
0.688392
0.688395
0.688397
0.6884
0.688402
0.688404
0.688407
0.688409
0.688412
0.688414
0.688416
0.688419
0.688421
0.688424
0.688426
0.688428
0.68843
0.688433
0.688435
0.688437
0.688439
0.688441
0.688443
0.688445
0.688447
0.688449
0.688451
0.688453
0.688455
0.688457
0.688459
0.688461
0.688463
0.688465
0.688467
0.688468
0.68847
0.688472
0.688474
0.688476
0.688478
0.68848
0.688482
0.688483
0.688485
0.688487
0.688489
0.68849
0.688492
0.688494
0.688495
0.688497
0.688499
0.6885
0.688502
0.688504
0.688505
0.688507
0.688509
0.688511
0.688512
0.688514
0.688515
0.688517
0.688519
0.68852
0.688522
0.688524
0.688525
0.688527
0.688528
0.68853
0.688531
0.688533
0.688534
0.688536
0.688537
0.688539
0.68854
0.688542
0.688543
0.688545
0.688546
0.688547
0.688549
0.68855
0.688551
0.688553
0.688554
0.688555
0.688557
0.688558
0.688559
0.688561
0.688562
0.688564
0.688565
0.688566
0.688568
0.688569
0.68857
0.688572
0.688573
0.688575
0.688576
0.688577
0.688579
0.68858
0.688582
0.688583
0.688584
0.688586
0.688587
0.688588
0.68859
0.688591
0.688592
0.688594
0.688595
0.688596
0.688598
0.688599
0.6886
0.688602
0.688603
0.688604
0.688606
0.688607
0.688608
0.68861
0.688611
0.688612
0.688614
0.688615
0.688616
0.688618
0.688619
0.68862
0.688622
0.688623
0.688624
0.688626
0.688627
0.688629
0.68863
0.688631
0.688633
0.688634
0.688636
0.688637
0.688639
0.68864
0.688641
0.688643
0.688644
0.688646
0.688647
0.688649
0.68865
0.688651
0.688653
0.688654
0.688656
0.688657
0.688658
0.68866
0.688661
0.688663
0.688664
0.688665
0.688667
0.688668
0.688669
0.688671
0.688672
0.688673
0.688675
0.688676
0.688677
0.688678
0.688679
0.688681
0.688682
0.688683
0.688684
0.688685
0.688686
0.688688
0.688689
0.68869
0.688691
0.688692
0.688693
0.688694
0.688695
0.688696
0.688697
0.688698
0.688699
0.6887
0.688701
0.688702
0.688703
0.688704
0.688705
0.688706
0.688707
0.688708
0.688709
0.68871
0.688711
0.688712
0.688713
0.688714
0.688714
0.688715
0.688716
0.688717
0.688718
0.688719
0.68872
0.688721
0.688722
0.688723
0.688723
0.688724
0.688725
0.688726
0.688727
0.688728
0.688729
0.688729
0.68873
0.688731
0.688732
0.688733
0.688734
0.688735
0.688735
0.688736
0.688737
0.688738
0.688738
0.688739
0.68874
0.688741
0.688741
0.688742
0.688743
0.688744
0.688745
0.688745
0.688746
0.688747
0.688748
0.688748
0.688749
0.68875
0.688751
0.688752
0.688753
0.688754
0.688755
0.688756
0.688757
0.688758
0.688759
0.68876
0.68876
0.688761
0.688762
0.688763
0.688764
0.688765
0.688766
0.688767
0.688768
0.688769
0.68877
0.688771
0.688772
0.688773
0.688774
0.688775
0.688776
0.688777
0.688778
0.688779
0.68878
0.688781
0.688782
0.688783
0.688783
0.688784
0.688785
0.688786
0.688787
0.688788
0.688789
0.688789
0.68879
0.688791
0.688792
0.688792
0.688793
0.688794
0.688795
0.688796
0.688796
0.688797
0.688798
0.688799
0.6888
0.688801
0.688801
0.688802
0.688803
0.688804
0.688805
0.688806
0.688807
0.688808
0.688809
0.68881
0.68881
0.688811
0.688812
0.688813
0.688814
0.688815
0.688816
0.688817
0.688818
0.688818
0.688819
0.68882
0.688821
0.688822
0.688823
0.688823
0.688824
0.688825
0.688826
0.688827
0.688827
0.688828
0.688829
0.68883
0.688831
0.688832
0.688832
0.688833
0.688834
0.688835
0.688835
0.688836
0.688837
0.688838
0.688838
0.688839
0.688839
0.68884
0.688841
0.688841
0.688842
0.688843
0.688843
0.688844
0.688844
0.688845
0.688846
0.688846
0.688847
0.688848
0.688848
0.688849
0.688849
0.68885
0.68885
0.688851
0.688852
0.688852
0.688853
0.688853
0.688854
0.688854
0.688854
0.688855
0.688855
0.688855
0.688856
0.688856
0.688856
0.688857
0.688857
0.688858
0.688858
0.688858
0.688859
0.688859
0.688859
0.68886
0.68886
0.68886
0.688861
0.688861
0.688861
0.688861
0.688862
0.688862
0.688862
0.688863
0.688863
0.688863
0.688864
0.688864
0.688864
0.688864
0.688865
0.688865
0.688865
0.688866
0.688866
0.688866
