0.650689
0.650689
0.650689
0.650689
0.650689
0.650689
0.650689
0.650689
0.65069
0.65069
0.65069
0.65069
0.650691
0.650691
0.650691
0.650692
0.650692
0.650692
0.650693
0.650693
0.650694
0.650694
0.650695
0.650695
0.650696
0.650697
0.650697
0.650698
0.650698
0.650699
0.6507
0.6507
0.650701
0.650702
0.650703
0.650704
0.650704
0.650705
0.650706
0.650707
0.650708
0.650709
0.650709
0.65071
0.650711
0.650712
0.650713
0.650714
0.650714
0.650715
0.650716
0.650717
0.650718
0.650718
0.650719
0.65072
0.650721
0.650722
0.650723
0.650724
0.650724
0.650725
0.650726
0.650727
0.650728
0.650729
0.650729
0.65073
0.650731
0.650732
0.650733
0.650733
0.650734
0.650735
0.650736
0.650737
0.650738
0.650738
0.650739
0.65074
0.650741
0.650742
0.650743
0.650743
0.650744
0.650745
0.650746
0.650747
0.650748
0.650748
0.650749
0.65075
0.65075
0.650751
0.650752
0.650753
0.650753
0.650754
0.650755
0.650755
0.650756
0.650757
0.650757
0.650758
0.650759
0.650759
0.65076
0.650761
0.650761
0.650762
0.650762
0.650763
0.650764
0.650764
0.650765
0.650765
0.650766
0.650767
0.650767
0.650768
0.650768
0.650769
0.65077
0.65077
0.650771
0.650772
0.650772
0.650773
0.650773
0.650774
0.650775
0.650775
0.650776
0.650777
0.650777
0.650778
0.650778
0.650779
0.65078
0.65078
0.650781
0.650781
0.650782
0.650783
0.650783
0.650784
0.650784
0.650785
0.650786
0.650786
0.650787
0.650787
0.650788
0.650789
0.650789
0.65079
0.65079
0.650791
0.650792
0.650792
0.650793
0.650793
0.650794
0.650795
0.650795
0.650796
0.650796
0.650797
0.650798
0.650798
0.650799
0.650799
0.6508
0.650801
0.650801
0.650802
0.650802
0.650803
0.650803
0.650804
0.650805
0.650805
0.650806
0.650807
0.650807
0.650808
0.650808
0.650809
0.650809
0.65081
0.65081
0.650811
0.650811
0.650812
0.650812
0.650813
0.650813
0.650814
0.650815
0.650815
0.650816
0.650816
0.650817
0.650817
0.650817
0.650818
0.650818
0.650819
0.65082
0.65082
0.650821
0.650821
0.650822
0.650822
0.650823
0.650823
0.650824
0.650824
0.650825
0.650826
0.650826
0.650827
0.650827
0.650828
0.650828
0.650829
0.650829
0.65083
0.65083
0.650831
0.650831
0.650832
0.650832
0.650833
0.650833
0.650834
0.650834
0.650835
0.650835
0.650836
0.650836
0.650837
0.650838
0.650838
0.650839
0.650839
0.65084
0.65084
0.650841
0.650842
0.650842
0.650843
0.650843
0.650844
0.650845
0.650845
0.650846
0.650846
0.650847
0.650848
0.650848
0.650849
0.650849
0.65085
0.650851
0.650851
0.650852
0.650852
0.650853
0.650854
0.650854
0.650855
0.650856
0.650856
0.650857
0.650857
0.650858
0.650859
0.650859
0.65086
0.650861
0.650861
0.650862
0.650862
0.650863
0.650864
0.650864
0.650865
0.650866
0.650866
0.650867
0.650868
0.650868
0.650869
0.650869
0.65087
0.650871
0.650871
0.650872
0.650873
0.650873
0.650874
0.650875
0.650875
0.650876
0.650877
0.650877
0.650878
0.650879
0.650879
0.65088
0.650881
0.650882
0.650882
0.650883
0.650884
0.650884
0.650885
0.650886
0.650887
0.650887
0.650888
0.650889
0.65089
0.65089
0.650891
0.650892
0.650893
0.650894
0.650894
0.650895
0.650896
0.650897
0.650897
0.650898
0.650899
0.6509
0.6509
0.650901
0.650902
0.650903
0.650903
0.650904
0.650905
0.650905
0.650906
0.650907
0.650907
0.650908
0.650908
0.650909
0.650909
0.65091
0.650911
0.650911
0.650912
0.650912
0.650913
0.650913
0.650913
0.650914
0.650914
0.650915
0.650915
0.650916
0.650916
0.650916
0.650917
0.650917
0.650918
0.650918
0.650919
0.650919
0.650919
0.65092
0.65092
0.65092
0.650921
0.650921
0.650922
0.650922
0.650923
0.650923
0.650924
0.650924
0.650925
0.650925
0.650926
0.650926
0.650926
0.650927
0.650927
0.650928
0.650928
0.650929
0.650929
0.65093
0.65093
0.650931
0.650931
0.650932
0.650932
0.650933
0.650933
0.650934
0.650935
0.650935
0.650936
0.650936
0.650937
0.650937
0.650938
0.650938
0.650938
0.650939
0.650939
0.65094
0.65094
0.650941
0.650941
0.650941
0.650942
0.650942
0.650943
0.650943
0.650944
0.650944
0.650944
0.650945
0.650945
0.650946
0.650946
0.650947
0.650947
0.650947
0.650948
0.650948
0.650949
0.650949
0.65095
0.65095
0.65095
0.650951
0.650951
0.650952
0.650952
0.650952
0.650953
0.650953
0.650953
0.650954
0.650954
0.650954
0.650955
0.650955
0.650955
0.650956
0.650956
0.650956
0.650957
0.650957
0.650957
0.650957
0.650957
0.650958
0.650958
0.650958
0.650958
0.650959
0.650959
0.650959
0.650959
0.650959
0.65096
0.65096
0.65096
0.650961
0.650961
0.650961
0.650961
0.650962
0.650962
0.650962
0.650963
0.650963
0.650963
0.650963
0.650964
0.650964
0.650964
0.650964
0.650965
0.650965
0.650965
0.650965
0.650965
0.650965
0.650966
0.650966
0.650966
0.650966
0.650966
0.650966
0.650966
0.650966
0.650967
0.650967
0.650967
0.650967
0.650967
0.650967
0.650967
0.650967
0.650967
0.650967
0.650967
0.650967
0.650967
0.650967
0.650967
0.650968
0.650968
0.650968
0.650968
0.650968
0.650968
0.650968
0.650968
0.650968
0.650968
0.650968
0.650968
0.650969
0.650969
0.650969
0.650969
0.650969
0.650969
0.650969
0.650969
0.650969
0.650969
0.650969
0.650969
0.650969
0.650969
0.650969
0.650969
0.650969
0.650969
0.650969
0.650969
0.650969
0.650969
0.650969
0.650969
0.650969
0.650969
0.650969
0.650969
0.65097
0.65097
0.65097
0.65097
0.65097
0.65097
0.65097
0.65097
0.65097
0.65097
0.65097
0.65097
0.65097
0.65097
0.65097
0.65097
0.65097
0.65097
0.65097
0.650971
0.650971
0.650971
0.650971
0.650971
0.650971
0.650971
0.650971
0.650971
0.650971
0.650971
0.650971
0.650971
0.650971
0.650971
0.650971
0.65097
0.65097
0.65097
0.65097
0.65097
0.65097
0.65097
0.65097
0.65097
0.65097
0.65097
0.65097
0.65097
0.65097
0.65097
0.65097
0.65097
0.65097
0.65097
0.65097
0.65097
0.65097
0.65097
0.65097
0.650969
0.650969
0.650969
0.650969
0.650969
0.650969
0.650969
0.650968
0.650968
0.650968
0.650968
0.650968
0.650968
0.650968
0.650968
0.650968
0.650968
0.650968
0.650968
0.650968
0.650967
0.650967
0.650967
0.650967
0.650967
0.650967
0.650967
0.650966
0.650966
0.650966
0.650966
0.650966
0.650966
0.650966
0.650965
0.650965
0.650965
0.650965
0.650965
0.650964
0.650964
0.650964
0.650964
0.650964
0.650964
0.650964
0.650963
0.650963
0.650963
0.650963
0.650963
0.650963
0.650963
0.650963
0.650963
0.650963
0.650963
0.650963
0.650963
0.650963
0.650963
0.650963
0.650963
0.650963
0.650963
0.650963
0.650963
0.650963
0.650964
0.650964
0.650964
0.650964
0.650964
0.650964
0.650964
0.650964
0.650964
0.650964
0.650965
0.650965
0.650965
0.650965
0.650965
0.650965
0.650965
0.650966
0.650966
0.650966
0.650966
0.650966
0.650967
0.650967
0.650967
0.650967
0.650967
0.650968
0.650968
0.650968
0.650968
0.650968
0.650968
0.650969
0.650969
0.650969
0.650969
0.650969
0.650969
0.650969
0.65097
0.65097
0.65097
0.65097
0.65097
0.65097
0.650971
0.650971
0.650971
0.650971
0.650971
0.650972
0.650972
0.650972
0.650972
0.650972
0.650972
0.650973
0.650973
0.650973
0.650973
0.650973
0.650973
0.650974
0.650974
0.650974
0.650974
0.650974
0.650975
0.650975
0.650975
0.650975
0.650975
0.650975
0.650975
0.650975
0.650975
0.650975
0.650976
0.650976
0.650976
0.650976
0.650976
0.650976
0.650976
0.650976
0.650976
0.650976
0.650976
0.650977
0.650977
0.650977
0.650977
0.650977
0.650977
0.650977
0.650977
0.650977
0.650977
0.650978
0.650978
0.650978
0.650978
0.650978
0.650978
0.650978
0.650978
0.650978
0.650978
0.650978
0.650978
0.650978
0.650978
0.650978
0.650978
0.650978
0.650978
0.650977
0.650977
0.650977
0.650977
0.650977
0.650977
0.650977
0.650977
0.650977
0.650977
0.650977
0.650977
0.650977
0.650977
0.650976
0.650976
0.650976
0.650976
0.650976
0.650975
0.650975
0.650975
0.650975
0.650975
0.650974
0.650974
0.650974
0.650974
0.650974
0.650973
0.650973
0.650973
0.650973
0.650973
0.650972
0.650972
0.650972
0.650971
0.650971
0.650971
0.65097
0.65097
0.65097
0.65097
0.650969
0.650969
0.650969
0.650968
0.650968
0.650968
0.650968
0.650967
0.650967
0.650967
0.650966
0.650966
0.650965
0.650965
0.650965
0.650964
0.650964
0.650964
0.650963
0.650963
0.650963
0.650962
0.650962
0.650961
0.650961
0.65096
0.65096
0.65096
0.650959
0.650959
0.650959
0.650958
0.650958
0.650957
0.650957
0.650956
0.650956
0.650955
0.650955
0.650954
0.650954
0.650953
0.650953
0.650953
0.650952
0.650952
0.650951
0.650951
0.650951
0.65095
0.65095
0.650949
0.650949
0.650949
0.650948
0.650948
0.650948
0.650947
0.650947
0.650947
0.650946
0.650946
0.650946
0.650946
0.650945
0.650945
0.650945
0.650945
0.650945
0.650945
0.650945
0.650944
0.650944
0.650944
0.650944
0.650944
0.650944
0.650944
0.650944
0.650944
0.650944
0.650944
0.650945
0.650945
0.650945
0.650945
0.650945
0.650945
0.650946
0.650946
0.650946
0.650946
0.650947
0.650947
0.650947
0.650947
0.650947
0.650947
0.650948
0.650948
0.650948
0.650948
0.650949
0.650949
0.650949
0.650949
0.65095
0.65095
0.65095
0.650951
0.650951
0.650951
0.650951
0.650952
0.650952
0.650952
0.650953
0.650953
0.650953
0.650954
0.650954
0.650954
0.650955
0.650955
0.650955
0.650956
0.650956
0.650956
0.650957
0.650957
0.650957
0.650958
0.650958
0.650958
0.650959
0.650959
0.650959
0.65096
0.65096
0.65096
0.65096
0.650961
0.650961
0.650961
0.650962
0.650962
0.650962
0.650962
0.650963
0.650963
0.650963
0.650964
0.650964
0.650964
0.650965
0.650965
0.650966
0.650966
0.650966
0.650967
0.650967
0.650967
0.650968
0.650968
0.650969
0.650969
0.65097
0.65097
0.650971
0.650971
0.650972
0.650972
0.650972
0.650973
0.650973
0.650974
0.650974
0.650975
0.650975
0.650976
0.650977
0.650977
0.650978
0.650978
0.650979
0.650979
0.65098
0.65098
0.650981
0.650981
0.650982
0.650982
0.650983
0.650984
0.650984
0.650985
0.650986
0.650986
0.650987
0.650987
0.650988
0.650988
0.650989
0.650989
0.65099
0.650991
0.650991
0.650992
0.650992
0.650993
0.650993
0.650994
0.650994
0.650995
0.650995
0.650996
0.650996
0.650997
0.650997
0.650998
0.650998
0.650999
0.650999
0.651
0.651
0.651001
0.651001
0.651002
0.651003
0.651003
0.651004
0.651004
0.651005
0.651006
0.651006
0.651007
0.651008
0.651008
0.651009
0.65101
0.65101
0.651011
0.651012
0.651012
0.651013
0.651014
0.651014
0.651015
0.651015
0.651016
0.651016
0.651017
0.651018
0.651018
0.651019
0.651019
0.65102
0.65102
0.651021
0.651021
0.651022
0.651022
0.651023
0.651023
0.651024
0.651025
0.651025
0.651026
0.651026
0.651027
0.651027
0.651028
0.651029
0.651029
0.65103
0.65103
0.651031
0.651032
0.651032
0.651033
0.651034
0.651034
0.651035
0.651035
0.651036
0.651037
0.651037
0.651038
0.651039
0.651039
0.65104
0.65104
0.651041
0.651042
0.651042
0.651043
0.651043
0.651044
0.651044
0.651045
0.651045
0.651046
0.651046
0.651047
0.651047
0.651048
0.651048
0.651049
0.65105
0.65105
0.651051
0.651051
0.651052
0.651052
0.651053
0.651053
0.651053
0.651054
0.651054
0.651055
0.651055
0.651056
0.651056
0.651057
0.651057
0.651058
0.651058
0.651059
0.651059
0.65106
0.65106
0.65106
0.651061
0.651061
0.651062
0.651062
0.651063
0.651063
0.651063
0.651064
0.651064
0.651065
0.651065
0.651066
0.651066
0.651067
0.651067
0.651068
0.651068
0.651069
0.65107
0.65107
0.651071
0.651071
0.651072
0.651072
0.651073
0.651073
0.651074
0.651074
0.651075
0.651075
0.651076
0.651076
0.651077
0.651077
0.651078
0.651078
0.651079
0.651079
0.651079
0.65108
0.65108
0.651081
0.651081
0.651082
0.651082
0.651083
0.651083
0.651083
0.651084
0.651084
0.651084
0.651085
0.651085
0.651085
0.651085
0.651085
0.651086
0.651086
0.651086
0.651086
0.651086
0.651086
0.651086
0.651087
0.651087
0.651087
0.651087
0.651087
0.651087
0.651087
0.651087
0.651087
0.651087
0.651087
0.651087
0.651088
0.651088
0.651088
0.651088
0.651088
0.651088
0.651088
0.651088
0.651088
0.651088
0.651088
0.651088
0.651089
0.651089
0.651089
0.651089
0.651089
0.651089
0.651089
0.651089
0.65109
0.65109
0.65109
0.65109
0.65109
0.65109
0.65109
0.65109
0.65109
0.65109
0.651091
0.651091
0.651091
0.651091
0.651091
0.651091
0.651091
0.651091
0.651091
0.651091
0.651091
0.651091
0.651092
0.651092
0.651092
0.651092
0.651093
0.651093
0.651093
0.651093
0.651094
0.651094
0.651094
0.651095
0.651095
0.651096
0.651096
0.651096
0.651097
0.651097
0.651098
0.651098
0.651098
0.651099
0.651099
0.6511
0.6511
0.651101
0.651101
0.651102
0.651102
0.651103
0.651103
0.651104
0.651104
0.651105
0.651105
0.651105
0.651106
0.651106
0.651107
0.651107
0.651108
0.651108
0.651109
0.651109
0.65111
0.651111
0.651111
0.651112
0.651112
0.651113
0.651114
0.651114
0.651115
0.651116
0.651116
0.651117
0.651117
0.651118
0.651119
0.651119
0.65112
0.651121
0.651121
0.651122
0.651122
0.651123
0.651123
0.651124
0.651124
0.651125
0.651125
0.651126
0.651126
0.651127
0.651127
0.651127
0.651128
0.651128
0.651129
0.651129
0.65113
0.65113
0.651131
0.651131
0.651131
0.651132
0.651132
0.651133
0.651133
0.651133
0.651134
0.651134
0.651135
0.651135
0.651136
0.651136
0.651137
0.651137
0.651138
0.651138
0.651139
0.651139
0.65114
0.65114
0.65114
0.651141
0.651141
0.651142
0.651142
0.651143
0.651143
0.651144
0.651144
0.651145
0.651145
0.651145
0.651146
0.651146
0.651146
0.651147
0.651147
0.651147
0.651148
0.651148
0.651148
0.651148
0.651149
0.651149
0.651149
0.65115
0.65115
0.65115
0.65115
0.65115
0.651151
0.651151
0.651151
0.651151
0.651151
0.651152
0.651152
0.651152
0.651152
0.651152
0.651152
0.651153
0.651153
0.651153
0.651153
0.651153
0.651153
0.651153
0.651154
0.651154
0.651154
0.651154
0.651154
0.651154
0.651154
0.651155
0.651155
0.651155
0.651155
0.651155
0.651155
0.651155
0.651156
0.651156
0.651156
0.651156
0.651156
0.651156
0.651156
0.651156
0.651157
0.651157
0.651157
0.651157
0.651158
0.651163
0.651169
0.651174
0.651179
0.651184
0.651194
0.651199
0.651207
0.651218
0.651223
0.651232
0.651237
0.651246
0.651251
0.65126
0.651261
0.651266
0.651275
0.651276
0.651277
0.651283
0.651284
0.651288
0.65129
0.651291
0.651295
0.651296
0.651301
0.651302
0.651307
0.651308
0.651312
0.651317
0.651322
0.651327
0.651331
0.651341
0.651346
0.651359
0.651367
0.65138
0.651388
0.651401
0.651417
0.65143
0.651446
0.651463
0.651484
0.6515
0.65152
0.651536
0.651552
0.651568
0.651587
0.651598
0.651613
0.651624
0.651639
0.651653
0.65166
0.651669
0.651679
0.651685
0.651695
0.6517
0.651706
0.65171
0.651716
0.651716
0.65172
0.651721
0.651722
0.651722
0.651722
0.651722
0.651727
0.651727
0.651727
0.651724
0.651723
0.651723
0.651722
0.651718
0.651718
0.651722
0.651721
0.65172
0.651723
0.651722
0.651722
0.651726
0.651734
0.651734
0.651739
0.651747
0.651752
0.651757
0.651762
0.651763
0.651768
0.65177
0.65177
0.651771
0.651764
0.65176
0.651753
0.651751
0.651743
0.651733
0.65173
0.651727
0.651716
0.651709
0.651701
0.651694
0.651686
0.651675
0.651668
0.651656
0.65164
0.651625
0.651608
0.651593
0.651573
0.651556
0.651532
0.651512
0.651487
0.651467
0.651446
0.651421
0.651397
0.651367
0.651342
0.651318
0.651293
0.651272
0.651248
0.65123
0.65121
0.65119
0.651178
0.651158
0.651146
0.651128
0.651116
0.651104
0.651091
0.651078
0.651061
0.651044
0.651031
0.651015
0.651002
0.65099
0.650977
0.650961
0.650944
0.650928
0.650911
0.650898
0.650883
0.650875
0.650863
0.650851
0.650847
0.650839
0.650835
0.650831
0.650831
0.650832
0.650832
0.650833
0.650837
0.650837
0.650838
0.650842
0.650844
0.650854
0.650856
0.650858
0.650859
0.650861
0.650858
0.650859
0.650855
0.65085
0.650841
0.650835
0.65083
0.650819
0.650813
0.650808
0.650801
0.650789
0.650785
0.650777
0.650768
0.650759
0.650746
0.650737
0.650726
0.650719
0.650708
0.650697
0.650686
0.650676
0.650666
0.650655
0.650644
0.650633
0.650618
0.650605
0.65059
0.65058
0.650565
0.650548
0.650533
0.65052
0.650502
0.650488
0.650472
0.650449
0.650434
0.650418
0.650398
0.650399
0.650399
0.650399
0.650399
0.6504
0.6504
0.6504
0.650401
0.650401
0.650402
0.650403
0.650403
0.650404
0.650405
0.650406
0.650407
0.650408
0.650409
0.65041
0.65041
0.650411
0.650412
0.650413
0.650414
0.650415
0.650416
0.650417
0.650418
0.650419
0.65042
0.650421
0.650422
0.650423
0.650425
0.650426
0.650427
0.650428
0.650429
0.65043
0.650431
0.650432
0.650433
0.650435
0.650436
0.650437
0.650438
0.650439
0.65044
0.650441
0.650443
0.650444
0.650445
0.650446
0.650448
0.650449
0.65045
0.650451
0.650453
0.650454
0.650455
0.650457
0.650458
0.650459
0.65046
0.650462
0.650463
0.650464
0.650466
0.650467
0.650468
0.65047
0.650471
0.650472
0.650474
0.650475
0.650476
0.650478
0.650479
0.65048
0.650482
0.650483
0.650485
0.650486
0.650487
0.650489
0.65049
0.650491
0.650493
0.650494
0.650496
0.650497
0.650499
0.6505
0.650501
0.650503
0.650504
0.650506
0.650507
0.650509
0.65051
0.650511
0.650513
0.650514
0.650516
0.650517
0.650519
0.65052
0.650521
0.650523
0.650524
0.650526
0.650527
0.650528
0.65053
0.650531
0.650533
0.650534
0.650535
0.650537
0.650538
0.65054
0.650541
0.650542
0.650544
0.650545
0.650546
0.650548
0.650549
0.650551
0.650552
0.650553
0.650555
0.650556
0.650558
0.650559
0.650561
0.650562
0.650564
0.650565
0.650567
0.650568
0.65057
0.650572
0.650573
0.650575
0.650576
0.650578
0.650579
0.650581
0.650583
0.650584
0.650586
0.650587
0.650589
0.65059
0.650592
0.650594
0.650595
0.650596
0.650598
0.650599
0.650601
0.650602
0.650604
0.650605
0.650606
0.650608
0.650609
0.650611
0.650612
0.650613
0.650615
0.650616
0.650618
0.65062
0.650621
0.650623
0.650624
0.650626
0.650627
0.650629
0.65063
0.650632
0.650633
0.650635
0.650636
0.650638
0.650639
0.650641
0.650642
0.650644
0.650645
0.650646
0.650648
0.650649
0.650651
0.650652
0.650653
0.650655
0.650656
0.650657
0.650658
0.65066
0.650661
0.650662
0.650663
0.650665
0.650666
0.650667
0.650668
0.650669
0.65067
0.650672
0.650673
0.650674
0.650675
0.650676
0.650677
0.650679
0.65068
0.650681
0.650682
0.650683
0.650684
0.650685
0.650686
0.650687
0.650688
0.650689
0.65069
0.650691
0.650692
0.650692
0.650693
0.650694
0.650695
0.650696
0.650696
0.650697
0.650698
0.650698
0.650699
0.6507
0.650701
0.650701
0.650702
0.650702
0.650703
0.650704
0.650704
0.650705
0.650706
0.650706
0.650707
0.650708
0.650708
0.650709
0.650709
0.65071
0.650711
0.650711
0.650712
0.650712
0.650713
0.650713
0.650714
0.650715
0.650715
0.650716
0.650716
0.650717
0.650718
0.650718
0.650719
0.650719
0.65072
0.65072
0.650721
0.650721
0.650722
0.650722
0.650722
0.650723
0.650723
0.650724
0.650724
0.650724
0.650725
0.650725
0.650726
0.650726
0.650726
0.650727
0.650727
0.650727
0.650728
0.650728
0.650728
0.650728
0.650728
0.650729
0.650729
0.650729
0.650729
0.65073
0.65073
0.65073
0.650731
0.650731
0.650731
0.650731
0.650732
0.650732
0.650732
0.650733
0.650733
0.650733
0.650734
0.650734
0.650734
0.650735
0.650735
0.650735
0.650736
0.650736
0.650736
0.650736
0.650737
0.650737
0.650737
0.650738
0.650738
0.650738
0.650738
0.650739
0.650739
0.650739
0.65074
0.65074
0.65074
0.65074
0.650741
0.650741
0.650741
0.650742
0.650742
0.650742
0.650743
0.650743
0.650744
0.650744
0.650745
0.650745
0.650745
0.650746
0.650746
0.650747
0.650747
0.650748
0.650748
0.650749
0.650749
0.65075
0.65075
0.65075
0.650751
0.650751
0.650752
0.650752
0.650752
0.650753
0.650753
0.650754
0.650754
0.650754
0.650754
0.650755
0.650755
0.650755
0.650756
0.650756
0.650756
0.650757
0.650757
0.650758
0.650758
0.650758
0.650759
0.650759
0.65076
0.65076
0.650761
0.650761
0.650762
0.650762
0.650763
0.650763
0.650764
0.650764
0.650765
0.650765
0.650766
0.650766
0.650767
0.650767
0.650768
0.650768
0.650769
0.650769
0.65077
0.65077
0.65077
0.650771
0.650771
0.650772
0.650772
0.650772
0.650773
0.650773
0.650773
0.650774
0.650774
0.650774
0.650775
0.650775
0.650776
0.650776
0.650776
0.650777
0.650777
0.650777
0.650778
0.650778
0.650778
0.650779
0.650779
0.650779
0.65078
0.65078
0.65078
0.650781
0.650781
0.650781
0.650782
0.650782
0.650782
0.650782
0.650783
0.650783
0.650783
0.650784
0.650784
0.650784
0.650785
0.650785
0.650785
0.650786
0.650786
0.650786
0.650786
0.650787
0.650787
0.650787
0.650788
0.650788
0.650788
0.650788
0.650789
0.650789
0.650789
0.65079
0.65079
0.65079
0.650791
0.650791
0.650791
0.650792
0.650792
0.650793
0.650793
0.650793
0.650794
0.650794
0.650795
0.650795
0.650795
0.650796
0.650796
0.650796
0.650797
0.650797
0.650797
0.650798
0.650798
0.650798
0.650799
0.650799
0.650799
0.6508
0.6508
0.6508
0.650801
0.650801
0.650801
0.650802
0.650802
0.650802
0.650803
0.650803
0.650803
0.650804
0.650804
0.650804
0.650805
0.650805
0.650805
0.650805
0.650806
0.650806
0.650806
0.650807
0.650807
0.650807
0.650807
0.650808
0.650808
0.650808
0.650808
0.650809
0.650809
0.650809
0.65081
0.65081
0.65081
0.650811
0.650811
0.650811
0.650812
0.650812
0.650812
0.650812
0.650813
0.650813
0.650813
0.650814
0.650814
0.650814
0.650815
0.650815
0.650815
0.650816
0.650816
0.650816
0.650817
0.650817
0.650817
0.650818
0.650818
0.650819
0.650819
0.650819
0.65082
0.65082
0.65082
0.650821
0.650821
0.650821
0.650821
0.650822
0.650822
0.650822
0.650823
0.650823
0.650823
0.650823
0.650824
0.650824
0.650824
0.650825
0.650825
0.650825
0.650826
0.650826
0.650826
0.650827
0.650827
0.650827
0.650828
0.650828
0.650829
0.650829
0.650829
0.65083
0.65083
0.65083
0.650831
0.650831
0.650832
0.650832
0.650833
0.650833
0.650833
0.650834
0.650834
0.650835
0.650835
0.650836
0.650836
0.650837
0.650837
0.650837
0.650838
0.650838
0.650839
0.650839
0.65084
0.65084
0.650841
0.650841
0.650842
0.650842
0.650843
0.650843
0.650843
0.650844
0.650844
0.650845
0.650845
0.650846
0.650846
0.650846
0.650847
0.650847
0.650848
0.650848
0.650849
0.650849
0.650849
0.65085
0.65085
0.650851
0.650851
0.650851
0.650852
0.650852
0.650852
0.650852
0.650853
0.650853
0.650853
0.650853
0.650854
0.650854
0.650854
0.650854
0.650854
0.650855
0.650855
0.650855
0.650855
0.650855
0.650855
0.650855
0.650855
0.650855
0.650855
0.650855
0.650855
0.650855
0.650855
0.650855
0.650855
0.650855
0.650855
0.650855
0.650855
0.650855
0.650854
0.650854
0.650854
0.650854
0.650854
0.650854
0.650853
0.650853
0.650853
0.650853
0.650853
0.650853
0.650852
0.650852
0.650852
0.650852
0.650851
0.650851
0.650851
0.650851
0.650851
0.65085
0.65085
0.65085
0.65085
0.650849
0.650849
0.650849
0.650849
0.650849
0.650849
0.650848
0.650848
0.650848
0.650834
0.650825
0.650809
0.650797
0.650783
0.650772
0.650756
0.650742
0.650726
0.650715
0.650694
0.650672
0.65065
0.650631
0.650611
0.650587
0.650564
0.650542
0.650521
0.650498
0.650473
0.650456
0.650434
0.650403
0.650381
0.650358
0.650343
0.650323
0.650301
0.650278
0.650252
0.650228
0.650201
0.65018
0.650149
0.650124
0.650095
0.650067
0.650042
0.650014
0.64999
0.649964
0.649945
0.649926
0.649914
0.649905
0.649894
0.64988
0.649869
0.64986
0.649854
0.649848
0.64984
0.649835
0.649831
0.649826
0.649824
0.64982
0.649818
0.649816
0.64982
0.649822
0.649824
0.649827
0.649834
0.649843
0.649851
0.649859
0.649869
0.649876
0.649886
0.6499
0.649908
0.649923
0.649934
0.649953
0.649965
0.649984
0.65
0.650019
0.65004
0.650061
0.650082
0.650103
0.650128
0.650153
0.650178
0.650198
0.650222
0.650246
0.650276
0.650299
0.650325
0.650352
0.650376
0.650405
0.650434
0.650462
0.650486
0.650514
0.650542
0.65057
0.650596
0.650624
0.65065
0.650682
0.65071
0.650735
0.650762
0.650793
0.65082
0.65085
0.650882
0.650907
0.650935
0.65096
0.65099
0.651011
0.651035
0.651061
0.651079
0.6511
0.651125
0.651146
0.651164
0.651183
0.651209
0.651227
0.651243
0.651261
0.651281
0.651299
0.651315
0.65133
0.651343
0.651358
0.651373
0.651393
0.651413
0.651426
0.651438
0.65145
0.651467
0.651479
0.651497
0.651514
0.651527
0.651541
0.651554
0.65157
0.651581
0.6516
0.651615
0.651627
0.651647
0.651658
0.651675
0.651688
0.6517
0.651716
0.65173
0.651742
0.651753
0.651765
0.651778
0.651788
0.651799
0.651808
0.65182
0.651834
0.651844
0.651855
0.651865
0.651878
0.651883
0.651898
0.651908
0.651919
0.651934
0.651941
0.651953
0.651969
0.651981
0.651992
0.652006
0.652018
0.652033
0.652047
0.652061
0.652072
0.652084
0.652092
0.652103
0.65211
0.652117
0.652129
0.652136
0.652147
0.652158
0.652169
0.652183
0.652197
0.652204
0.652215
0.652221
0.652231
0.652237
0.652242
0.65224
0.652245
0.652245
0.652248
0.652247
0.65224
0.652237
0.652237
0.652236
0.652233
0.652233
0.652228
0.652229
0.652235
0.652231
0.652235
0.652237
0.652239
0.652233
0.652241
0.652243
0.652245
0.652247
0.652258
0.652269
0.652275
0.652282
0.65229
0.652296
0.652294
0.652299
0.652297
0.652295
0.6523
0.652301
0.652304
0.652311
0.652322
0.652331
0.652337
0.652347
0.652352
0.652355
0.652362
0.65237
0.652374
0.652381
0.652384
0.652392
0.6524
0.652403
0.652407
0.65241
0.652417
0.652419
0.652416
0.652421
0.652425
0.652426
0.652427
0.652434
0.652434
0.652434
0.652433
0.652432
0.652433
0.652427
0.652426
0.652423
0.652413
0.652409
0.652402
0.652395
0.652381
0.652374
0.65236
0.652348
0.652334
0.652319
0.652306
0.652289
0.65227
0.652251
0.652233
0.652213
0.652194
0.652174
0.652157
0.652137
0.652115
0.652101
0.652081
0.652056
0.652037
0.65201
0.651985
0.651961
0.651934
0.651907
0.651883
0.651859
0.651831
0.651802
0.65177
0.651738
0.651709
0.651674
0.651645
0.651611
0.651577
0.651541
0.651508
0.651472
0.651441
0.651408
0.651367
0.65133
0.651296
0.651263
0.651223
0.651183
0.651152
0.651114
0.651078
0.651044
0.651007
0.650974
0.650942
0.650907
0.650866
0.650832
0.650795
0.650762
0.650718
0.650681
0.650641
0.650598
0.650562
0.650524
0.650486
0.65045
0.650412
0.650377
0.650342
0.650303
0.650268
0.650233
0.650197
0.650162
0.650127
0.650093
0.650054
0.650018
0.649984
0.649945
0.649907
0.649869
0.649835
0.649804
0.649772
0.649734
0.6497
0.649664
0.649632
0.649595
0.649564
0.649526
0.649491
0.649458
0.649423
0.649386
0.649352
0.649318
0.649285
0.649252
0.649221
0.649188
0.649159
0.649126
0.649096
0.649063
0.649031
0.648995
0.648962
0.648929
0.6489
0.648865
0.64883
0.648798
0.648766
0.648737
0.648709
0.648677
0.64865
0.648622
0.648594
0.648571
0.648542
0.648518
0.648488
0.648464
0.648438
0.648415
0.648388
0.648365
0.648338
0.648315
0.648295
0.648275
0.648255
0.648231
0.648214
0.648194
0.648174
0.64816
0.648143
0.648126
0.648108
0.648091
0.648074
0.648058
0.64804
0.64802
0.648004
0.647988
0.647978
0.64797
0.647959
0.64795
0.647941
0.647933
0.647921
0.647908
0.647899
0.647891
0.647887
0.647882
0.647878
0.64787
0.647866
0.647863
0.647858
0.64785
0.647848
0.647844
0.647839
0.647839
0.647838
0.647837
0.647834
0.647837
0.647839
0.647843
0.647846
0.64785
0.64785
0.647858
0.647862
0.647867
0.647875
0.647883
0.647891
0.6479
0.647908
0.647916
0.647924
0.647936
0.64794
0.647948
0.647958
0.647967
0.647976
0.64799
0.647998
0.64801
0.648021
0.648036
0.648048
0.64806
0.648073
0.648084
0.648097
0.648108
0.648125
0.648136
0.648153
0.648164
0.648181
0.648196
0.648212
0.648229
0.648244
0.648256
0.648269
0.648286
0.648301
0.648317
0.648334
0.64835
0.648365
0.648386
0.648402
0.648422
0.648441
0.648457
0.648481
0.648501
0.648521
0.648541
0.648561
0.648578
0.648597
0.648617
0.648638
0.648658
0.648679
0.648702
0.648726
0.648753
0.648777
0.648797
0.64882
0.648842
0.648866
0.648892
0.648916
0.648941
0.648965
0.648987
0.649014
0.649037
0.649064
0.64909
0.649117
0.649139
0.649163
0.649186
0.649209
0.649237
0.649269
0.649294
0.64932
0.649346
0.649375
0.649401
0.64947
0.649493
0.649521
0.649549
0.649577
0.649604
0.649632
0.649658
0.649684
0.64971
0.649737
0.649762
0.649789
0.64982
0.649846
0.649872
0.649898
0.649924
0.649953
0.649982
0.65001
0.650039
0.650069
0.650097
0.650128
0.650159
0.650194
0.650228
0.650258
0.650292
0.650325
0.650355
0.650389
0.650425
0.650459
0.650491
0.650524
0.650559
0.650598
0.650633
0.650668
0.650706
0.650744
0.650788
0.650825
0.650863
0.650902
0.650937
0.650975
0.651013
0.651053
0.651094
0.651135
0.651179
0.65122
0.651262
0.65131
0.651354
0.651396
0.651435
0.651477
0.651517
0.651558
0.651602
0.651648
0.651693
0.651738
0.651785
0.651833
0.651877
0.65192
0.651968
0.652013
0.652056
0.652105
0.652151
0.652195
0.652241
0.652289
0.652333
0.652375
0.652421
0.652461
0.652503
0.652548
0.652591
0.652634
0.652674
0.652717
0.65276
0.652804
0.652846
0.652885
0.652926
0.652973
0.653019
0.653064
0.653111
0.653153
0.653194
0.653239
0.653281
0.653322
0.653358
0.653396
0.653434
0.653466
0.653501
0.653545
0.653584
0.653622
0.653657
0.653692
0.653733
0.65377
0.65381
0.653844
0.653876
0.653909
0.653946
0.653976
0.654009
0.654045
0.654073
0.654104
0.654135
0.654165
0.654194
0.654222
0.654252
0.654279
0.654304
0.654327
0.654352
0.654374
0.654395
0.65442
0.654444
0.654467
0.654489
0.654516
0.654535
0.654558
0.654575
0.654597
0.654616
0.654638
0.654657
0.654677
0.654693
0.65471
0.654735
0.654752
0.654767
0.654786
0.654802
0.654821
0.654841
0.654857
0.654874
0.65489
0.654906
0.654923
0.654941
0.654954
0.654967
0.654977
0.65499
0.655003
0.65502
0.65503
0.655044
0.655055
0.655069
0.655078
0.65509
0.655108
0.655123
0.655134
0.655144
0.655159
0.655172
0.655185
0.655194
0.655209
0.65522
0.655235
0.655247
0.655261
0.655272
0.655286
0.655298
0.655312
0.655324
0.655339
0.655351
0.655365
0.655379
0.655388
0.655401
0.655412
0.655424
0.655434
0.655448
0.655462
0.655475
0.65549
0.6555
0.655513
0.655523
0.655533
0.655546
0.655554
0.655569
0.655579
0.655592
0.655601
0.655609
0.65562
0.655632
0.655643
0.655655
0.655667
0.655677
0.655691
0.6557
0.655713
0.655723
0.655732
0.65574
0.655749
0.655761
0.655772
0.65578
0.655791
0.655798
0.655806
0.655817
0.655831
0.655844
0.655852
0.655865
0.655873
0.655883
0.655889
0.6559
0.655907
0.655912
0.655919
0.655928
0.655933
0.655942
0.655949
0.655956
0.655966
0.655975
0.655983
0.655998
0.656006
0.656013
0.65602
0.656027
0.656032
0.656039
0.656043
0.65605
0.656049
0.656054
0.656052
0.656054
0.65606
0.656058
0.656059
0.656057
0.656057
0.656056
0.656056
0.656057
0.656054
0.656054
0.656049
0.656049
0.656045
0.656043
0.656038
0.656031
0.656033
0.65603
0.656027
0.656025
0.656022
0.656023
0.656024
0.656022
0.656017
0.656019
0.65602
0.656024
0.656023
0.656027
0.656033
0.656035
0.656038
0.656038
0.656044
0.65605
0.656056
0.656059
0.656062
0.656074
0.65608
0.656086
0.65609
0.656093
0.656097
0.656102
0.656108
0.656112
0.65612
0.656129
0.656139
0.656148
0.656158
0.656166
0.656169
0.656179
0.656184
0.656197
0.656207
0.656218
0.656233
0.656245
0.656261
0.656277
0.656289
0.656305
0.656321
0.656342
0.65636
0.65638
0.656398
0.656419
0.656439
0.656459
0.656485
0.65651
0.656537
0.656565
0.656584
0.656607
0.656634
0.656661
0.656692
0.656727
0.65676
0.656789
0.656817
0.656852
0.656875
0.656908
0.656941
0.656977
0.65701
0.657048
0.657084
0.657121
0.657161
0.657202
0.65724
0.657271
0.657302
0.657325
0.657352
0.657391
0.657424
0.657454
0.657483
0.65751
0.657544
0.657581
0.657611
0.657647
0.65768
0.65771
0.65774
0.657765
0.657806
0.657839
0.657875
0.657908
0.657942
0.657974
0.658006
0.658038
0.658073
0.658108
0.65814
0.658172
0.658208
0.658241
0.658275
0.658308
0.658342
0.658376
0.65841
0.658444
0.658479
0.65851
0.658544
0.658576
0.658608
0.658645
0.658681
0.658721
0.658763
0.658802
0.658842
0.658882
0.65892
0.658955
0.658993
0.659029
0.659067
0.659108
0.659148
0.659184
0.659229
0.65927
0.659313
0.659354
0.659395
0.659436
0.659476
0.65952
0.659561
0.6596
0.659643
0.65968
0.659719
0.659758
0.659795
0.659832
0.659871
0.65991
0.659947
0.659983
0.660019
0.660053
0.660091
0.660128
0.66016
0.660195
0.66023
0.660264
0.660298
0.660329
0.660362
0.660395
0.66043
0.660466
0.660501
0.660534
0.660566
0.660596
0.660628
0.660661
0.660688
0.660722
0.660752
0.660779
0.660811
0.660842
0.66087
0.660901
0.660926
0.660953
0.660979
0.661009
0.661037
0.661065
0.661092
0.661125
0.661149
0.661181
0.661215
0.661253
0.661283
0.661311
0.661346
0.661376
0.661407
0.661436
0.661468
0.661499
0.661528
0.661559
0.661591
0.661624
0.661654
0.661684
0.661715
0.661743
0.661772
0.661798
0.661825
0.661853
0.661879
0.661909
0.661935
0.661962
0.661986
0.662015
0.66204
0.662068
0.662097
0.662123
0.662148
0.662174
0.662199
0.66222
0.66224
0.662269
0.662297
0.662324
0.662348
0.662377
0.6624
0.662429
0.662456
0.662481
0.662506
0.662537
0.66256
0.662586
0.662613
0.662638
0.662665
0.662692
0.66272
0.662747
0.662773
0.662802
0.662826
0.662851
0.662872
0.662898
0.66292
0.662943
0.662963
0.662983
0.663007
0.663025
0.663042
0.663058
0.663078
0.663093
0.66311
0.663126
0.663139
0.663152
0.663169
0.663179
0.663195
0.663209
0.66323
0.663246
0.663262
0.663277
0.663289
0.663307
0.663324
0.663337
0.663351
0.663367
0.663381
0.663396
0.663409
0.663424
0.663437
0.663451
0.663464
0.663472
0.663481
0.663491
0.6635
0.663507
0.663514
0.663525
0.663532
0.663541
0.663549
0.66356
0.663568
0.663577
0.663593
0.663606
0.663615
0.663629
0.663643
0.663652
0.663661
0.663671
0.663678
0.663683
0.663691
0.663701
0.66371
0.663714
0.663722
0.663729
0.663735
0.663742
0.66375
0.663758
0.663764
0.663772
0.663779
0.663787
0.663794
0.663803
0.663809
0.663814
0.663823
0.663828
0.66383
0.663836
0.663838
0.663844
0.663846
0.663851
0.663859
0.663861
0.663862
0.663866
0.663868
0.663867
0.663871
0.66387
0.663864
0.663862
0.663864
0.663861
0.663858
0.663857
0.663859
0.663861
0.663866
0.66387
0.663871
0.663875
0.663881
0.663885
0.66389
0.663898
0.663904
0.663909
0.663919
0.66393
0.663934
0.663942
0.663949
0.663957
0.663968
0.663982
0.66399
0.664004
0.664013
0.66403
0.664041
0.664054
0.664071
0.664085
0.6641
0.664119
0.664136
0.664152
0.664168
0.664187
0.664203
0.664221
0.664243
0.664266
0.664285
0.664305
0.664327
0.664346
0.664364
0.664384
0.664397
0.664417
0.664434
0.66445
0.664471
0.664491
0.664507
0.664523
0.664541
0.664556
0.664574
0.664596
0.664614
0.664638
0.664656
0.664678
0.664699
0.664724
0.664749
0.66477
0.664794
0.664812
0.664832
0.664853
0.664873
0.664898
0.664916
0.664943
0.664964
0.664985
0.665006
0.665027
0.665047
0.665074
0.665098
0.665122
0.665149
0.665176
0.665202
0.665228
0.665257
0.66529
0.665316
0.665345
0.665378
0.66541
0.665439
0.665468
0.6655
0.665529
0.665562
0.665594
0.665623
0.665659
0.665695
0.665731
0.66577
0.665805
0.665841
0.66588
0.665916
0.665955
0.665987
0.666023
0.666061
0.666097
0.666132
0.666171
0.666207
0.666246
0.666285
0.666317
0.66635
0.666385
0.666422
0.666458
0.666495
0.666525
0.666558
0.666592
0.666626
0.666656
0.66669
0.666724
0.666754
0.666789
0.666816
0.66685
0.666884
0.666918
0.666952
0.666982
0.667013
0.667043
0.66708
0.66711
0.66714
0.667177
0.66721
0.667246
0.667289
0.667325
0.667366
0.667401
0.667437
0.667466
0.667499
0.667526
0.667563
0.667589
0.667614
0.667645
0.66767
0.667698
0.667729
0.667758
0.66779
0.667821
0.66785
0.667878
0.66791
0.667938
0.66797
0.667998
0.668027
0.668059
0.668087
0.668113
0.668148
0.668175
0.668205
0.668232
0.668262
0.66829
0.668323
0.668348
0.668377
0.668402
0.66843
0.668456
0.668484
0.668509
0.668539
0.668562
0.66859
0.668621
0.668655
0.668684
0.668711
0.668742
0.668773
0.668802
0.668836
0.668865
0.668894
0.668927
0.668958
0.668986
0.669014
0.669046
0.66908
0.669105
0.669132
0.669163
0.66919
0.669222
0.669251
0.669276
0.669301
0.669333
0.669361
0.669385
0.669415
0.669446
0.669469
0.669493
0.669517
0.669541
0.669565
0.669587
0.66961
0.669629
0.669647
0.669666
0.669679
0.669698
0.669717
0.66974
0.669759
0.669781
0.669801
0.669818
0.669834
0.669855
0.669873
0.669888
0.66991
0.669932
0.669949
0.669964
0.66998
0.669999
0.670017
0.670037
0.670055
0.670073
0.670088
0.670106
0.670121
0.670134
0.670156
0.670169
0.670191
0.670207
0.670228
0.670243
0.670262
0.670282
0.6703
0.670318
0.670334
0.670352
0.670368
0.670383
0.670401
0.670424
0.670443
0.670473
0.670495
0.670525
0.670548
0.670573
0.670597
0.670623
0.670653
0.670676
0.670701
0.670723
0.670745
0.670765
0.670787
0.670805
0.670823
0.670841
0.670859
0.670877
0.670897
0.670917
0.670937
0.670956
0.670976
0.670993
0.671012
0.671029
0.67105
0.671072
0.671093
0.671106
0.671126
0.671145
0.671165
0.671185
0.671207
0.671229
0.671249
0.671272
0.671295
0.671316
0.671338
0.671358
0.671379
0.671396
0.671413
0.671432
0.67145
0.67147
0.671488
0.671504
0.67152
0.671536
0.671558
0.671575
0.671596
0.671619
0.671638
0.671659
0.671677
0.671698
0.671715
0.671738
0.67176
0.671782
0.671804
0.671822
0.671844
0.671869
0.671886
0.671913
0.671936
0.67196
0.671979
0.672003
0.672025
0.672047
0.672068
0.672095
0.672125
0.672154
0.672178
0.672207
0.672235
0.672261
0.67229
0.67232
0.672349
0.672373
0.672401
0.672423
0.672451
0.672476
0.672506
0.672546
0.672576
0.672622
0.672652
0.672682
0.672709
0.672742
0.672771
0.672805
0.67284
0.672878
0.672911
0.672943
0.672976
0.673005
0.673031
0.673069
0.673099
0.673135
0.673163
0.673198
0.673234
0.67326
0.673292
0.673326
0.673361
0.673393
0.673424
0.673455
0.673486
0.673517
0.673542
0.673576
0.67361
0.673646
0.673676
0.673715
0.673754
0.673787
0.67382
0.673858
0.673891
0.673926
0.673957
0.673989
0.67402
0.674054
0.674092
0.674126
0.674162
0.674199
0.674233
0.674269
0.674299
0.674336
0.674372
0.674405
0.674435
0.674467
0.6745
0.67454
0.674579
0.674622
0.674659
0.674696
0.674739
0.674786
0.674824
0.674864
0.674904
0.674947
0.674979
0.675019
0.675055
0.67509
0.675129
0.675153
0.675177
0.675207
0.675229
0.675248
0.675271
0.675288
0.675309
0.675324
0.675342
0.67536
0.67538
0.675397
0.675418
0.675431
0.675447
0.675465
0.675486
0.6755
0.675518
0.67554
0.675556
0.67557
0.675585
0.675596
0.675611
0.675625
0.675633
0.675647
0.675652
0.67566
0.675665
0.675669
0.675668
0.675671
0.675666
0.675666
0.675671
0.67567
0.675665
0.675668
0.675663
0.675657
0.675649
0.675641
0.675639
0.675635
0.675634
0.67562
0.675601
0.675588
0.675567
0.675549
0.675535
0.675515
0.675494
0.675473
0.67545
0.675422
0.675398
0.675365
0.675343
0.675289
0.675261
0.675204
0.675181
0.675152
0.675127
0.675106
0.675085
0.675055
0.675027
0.674999
0.674965
0.674931
0.674893
0.674857
0.674814
0.674774
0.674734
0.67469
0.674622
0.674581
0.674542
0.674504
0.674464
0.674424
0.674379
0.674334
0.674266
0.674224
0.674176
0.674132
0.674084
0.674038
0.673991
0.673943
0.67389
0.673837
0.673787
0.673737
0.673674
0.673629
0.673577
0.673532
0.673488
0.673443
0.6734
0.673353
0.673311
0.673266
0.673227
0.673181
0.673141
0.673085
0.673042
0.672996
0.672955
0.67291
0.672865
0.672823
0.672778
0.672731
0.672692
0.672649
0.6726
0.672556
0.672511
0.672468
0.672422
0.67238
0.672332
0.672286
0.672241
0.672198
0.672147
0.672103
0.672056
0.672003
0.671955
0.671909
0.671851
0.671804
0.671752
0.671698
0.67165
0.671598
0.671541
0.671492
0.671439
0.671386
0.671327
0.671273
0.671219
0.671165
0.671103
0.671051
0.670992
0.670936
0.670877
0.670817
0.670757
0.670696
0.670635
0.670573
0.670515
0.670453
0.670391
0.670325
0.670261
0.670201
0.670136
0.670075
0.67001
0.669941
0.669876
0.66981
0.669747
0.66968
0.669616
0.669548
0.66948
0.669418
0.66935
0.669278
0.669205
0.669133
0.669063
0.668992
0.668918
0.668848
0.668774
0.668704
0.668633
0.668565
0.66849
0.668422
0.668357
0.668282
0.668207
0.668135
0.668061
0.667989
0.667925
0.667853
0.66778
0.667711
0.667635
0.667566
0.667496
0.667427
0.667354
0.667286
0.667213
0.667144
0.667071
0.667001
0.666936
0.666863
0.666795
0.66673
0.66666
0.666586
0.666518
0.666456
0.666387
0.666325
0.666257
0.666208
0.666145
0.666085
0.666027
0.665966
0.665902
0.66584
0.66578
0.665716
0.665662
0.665601
0.665547
0.665491
0.665433
0.665376
0.665314
0.665256
0.665206
0.665148
0.665097
0.665043
0.664986
0.664925
0.664874
0.664819
0.66477
0.664713
0.664657
0.664597
0.664539
0.664485
0.664431
0.66438
0.664314
0.664254
0.664198
0.664138
0.664081
0.664027
0.663966
0.663914
0.663846
0.663784
0.663732
0.663679
0.663615
0.663548
0.663492
0.663439
0.66338
0.66332
0.663257
0.663193
0.663129
0.663062
0.663004
0.662948
0.662889
0.662819
0.66276
0.662701
0.662638
0.662578
0.662515
0.662454
0.662396
0.662326
0.662259
0.662194
0.662139
0.662077
0.662011
0.661946
0.661887
0.661827
0.661761
0.661691
0.661637
0.661582
0.661525
0.661457
0.661394
0.66133
0.661272
0.661209
0.661142
0.661079
0.661011
0.660942
0.660862
0.660789
0.66073
0.660656
0.660578
0.660503
0.660431
0.660356
0.660277
0.660198
0.66013
0.660064
0.659989
0.659908
0.659828
0.659754
0.659677
0.659597
0.659513
0.659428
0.659346
0.659267
0.659183
0.659097
0.659004
0.658915
0.65883
0.658738
0.658644
0.658542
0.65845
0.658354
0.658261
0.65817
0.658082
0.657989
0.657901
0.657818
0.65773
0.657641
0.657548
0.657463
0.65738
0.657296
0.657207
0.657107
0.657022
0.656933
0.656849
0.65677
0.656687
0.656599
0.656514
0.656434
0.656345
0.656255
0.656166
0.656053
0.655958
0.655863
0.655762
0.655679
0.655597
0.6555
0.655405
0.655303
0.655211
0.655124
0.655035
0.654954
0.654855
0.654742
0.654661
0.654565
0.65447
0.654391
0.654305
0.654214
0.654128
0.654054
0.654006
0.653958
0.653911
0.653863
0.653816
0.653769
0.653722
0.653676
0.65363
0.653583
0.653538
0.653492
0.653446
0.653401
0.653356
0.653311
0.653266
0.653222
0.653178
0.653134
0.65309
0.653046
0.653003
0.652959
0.652916
0.652874
0.652831
0.652789
0.652746
0.652705
0.652663
0.652621
0.65258
0.652539
0.652498
0.652458
0.652417
0.652377
0.652337
0.652297
0.652257
0.652218
0.652178
0.652139
0.6521
0.652062
0.652023
0.651985
0.651947
0.651909
0.651871
0.651834
0.651796
0.651759
0.651722
0.651685
0.651649
0.651612
0.651576
0.651539
0.651503
0.651468
0.651432
0.651396
0.651361
0.651326
0.651291
0.651257
0.651222
0.651188
0.651153
0.651119
0.651086
0.651052
0.651018
0.650985
0.650952
0.650919
0.650886
0.650854
0.650822
0.650789
0.650758
0.650726
0.650694
0.650663
0.650631
0.6506
0.650569
0.650539
0.650508
0.650478
0.650447
0.650417
0.650388
0.650358
0.650328
0.650299
0.65027
0.650241
0.650212
0.650183
0.650155
0.650127
0.650099
0.650071
0.650043
0.650015
0.649987
0.64996
0.649933
0.649906
0.649879
0.649852
0.649825
0.649799
0.649773
0.649747
0.649721
0.649695
0.649669
0.649644
0.649619
0.649593
0.649568
0.649544
0.649519
0.649494
0.64947
0.649446
0.649422
0.649398
0.649374
0.64935
0.649327
0.649303
0.64928
0.649257
0.649234
0.649211
0.649189
0.649166
0.649143
0.649121
0.649099
0.649077
0.649055
0.649033
0.649011
0.648989
0.648968
0.648946
0.648925
0.648904
0.648883
0.648862
0.648841
0.64882
0.648799
0.648779
0.648758
0.648738
0.648718
0.648698
0.648678
0.648658
0.648639
0.648619
0.6486
0.64858
0.648561
0.648542
0.648523
0.648504
0.648486
0.648467
0.648449
0.64843
0.648412
0.648394
0.648376
0.648358
0.64834
0.648322
0.648305
0.648287
0.64827
0.648253
0.648235
0.648218
0.648201
0.648184
0.648168
0.648151
0.648134
0.648118
0.648101
0.648085
0.648069
0.648053
0.648037
0.648021
0.648005
0.64799
0.647974
0.647959
0.647943
0.647928
0.647913
0.647897
0.647882
0.647867
0.647852
0.647837
0.647823
0.647808
0.647794
0.647779
0.647765
0.64775
0.647736
0.647722
0.647708
0.647694
0.64768
0.647667
0.647653
0.647639
0.647626
0.647612
0.647599
0.647586
0.647573
0.64756
0.647547
0.647534
0.647521
0.647508
0.647495
0.647483
0.64747
0.647458
0.647445
0.647433
0.647421
0.647409
0.647397
0.647385
0.647373
0.647361
0.647349
0.647338
0.647326
0.647314
0.647303
0.647292
0.64728
0.647269
0.647258
0.647247
0.647236
0.647225
0.647214
0.647203
0.647192
0.647182
0.647171
0.64716
0.64715
0.647139
0.647129
0.647118
0.647108
0.647098
0.647088
0.647078
0.647067
0.647057
0.647048
0.647038
0.647028
0.647018
0.647008
0.646999
0.646989
0.646979
0.64697
0.64696
0.646951
0.646942
0.646933
0.646924
0.646914
0.646905
0.646896
0.646888
0.646879
0.64687
0.646861
0.646853
0.646844
0.646835
0.646827
0.646818
0.64681
0.646802
0.646793
0.646785
0.646777
0.646768
0.64676
0.646752
0.646744
0.646736
0.646728
0.64672
0.646712
0.646704
0.646697
0.646689
0.646681
0.646673
0.646666
0.646658
0.646651
0.646643
0.646636
0.646628
0.646621
0.646614
0.646606
0.646599
0.646592
0.646585
0.646578
0.646571
0.646564
0.646557
0.64655
0.646543
0.646536
0.646529
0.646523
0.646516
0.646509
0.646503
0.646496
0.64649
0.646483
0.646477
0.646471
0.646465
0.646458
0.646452
0.646446
0.64644
0.646434
0.646428
0.646422
0.646417
0.646411
0.646405
0.646399
0.646394
0.646388
0.646383
0.646377
0.646372
0.646366
0.646361
0.646356
0.646351
0.646345
0.64634
0.646335
0.64633
0.646325
0.64632
0.646315
0.64631
0.646305
0.646301
0.646296
0.646291
0.646286
0.646282
0.646277
0.646272
0.646268
0.646263
0.646258
0.646254
0.646249
0.646245
0.64624
0.646236
0.646232
0.646227
0.646223
0.646219
0.646214
0.64621
0.646206
0.646202
0.646197
0.646193
0.646189
0.646185
0.646181
0.646177
0.646173
0.646169
0.646165
0.646161
0.646157
0.646153
0.646149
0.646145
0.646142
0.646138
0.646134
0.64613
0.646127
0.646123
0.64612
0.646116
0.646112
0.646109
0.646105
0.646102
0.646098
0.646095
0.646091
0.646088
0.646084
0.646081
0.646077
0.646074
0.646071
0.646067
0.646064
0.64606
0.646057
0.646054
0.64605
0.646047
0.646044
0.64604
0.646037
0.646034
0.646031
0.646027
0.646024
0.646021
0.646018
0.646015
0.646012
0.646009
0.646006
0.646003
0.646
0.645997
0.645994
0.645991
0.645988
0.645985
0.645982
0.64598
0.645977
0.645974
0.645972
0.645969
0.645966
0.645964
0.645961
0.645959
0.645956
0.645954
0.645951
0.645949
0.645947
0.645944
0.645942
0.64594
0.645938
0.645936
0.645933
0.645931
0.645929
0.645927
0.645925
0.645923
0.645921
0.645919
0.645916
0.645914
0.645912
0.64591
0.645909
0.645907
0.645905
0.645903
0.645901
0.645899
0.645897
0.645895
0.645893
0.645891
0.645889
0.645887
0.645885
0.645884
0.645882
0.64588
0.645878
0.645876
0.645874
0.645873
0.645871
0.645869
0.645867
0.645866
0.645864
0.645862
0.645861
0.645859
0.645857
0.645856
0.645854
0.645853
0.645851
0.64585
0.645848
0.645847
0.645845
0.645844
0.645842
0.645841
0.64584
0.645838
0.645837
0.645835
0.645834
0.645832
0.645831
0.64583
0.645829
0.645827
0.645826
0.645825
0.645823
0.645822
0.645821
0.64582
0.645818
0.645817
0.645816
0.645815
0.645813
0.645812
0.645811
0.64581
0.645809
0.645808
0.645806
0.645805
0.645804
0.645803
0.645802
0.645801
0.6458
0.645799
0.645798
0.645797
0.645796
0.645795
0.645794
0.645793
0.645792
0.645791
0.64579
0.64579
0.645789
0.645788
0.645787
0.645786
0.645786
0.645785
0.645784
0.645783
0.645783
0.645782
0.645781
0.64578
0.64578
0.645779
0.645778
0.645778
0.645777
0.645776
0.645776
0.645775
0.645774
0.645774
0.645773
0.645773
0.645772
0.645772
0.645771
0.645771
0.64577
0.64577
0.64577
0.645769
0.645769
0.645768
0.645768
0.645768
0.645767
0.645767
0.645767
0.645766
0.645766
0.645766
0.645765
0.645765
0.645765
0.645764
0.645764
0.645764
0.645763
0.645763
0.645763
0.645763
0.645762
0.645762
0.645762
0.645761
0.645761
0.645761
0.645761
0.645761
0.645761
0.64576
0.64576
0.64576
0.64576
0.64576
0.64576
0.64576
0.64576
0.64576
0.64576
0.64576
0.64576
0.64576
0.64576
0.64576
0.64576
0.645761
0.645761
0.645761
0.645761
0.645761
0.645761
0.645761
0.645761
0.645761
0.645761
0.645761
0.645761
0.64576
0.64576
0.64576
0.64576
0.64576
0.64576
0.64576
0.64576
0.64576
0.64576
0.645759
0.645759
0.645759
