0.646115
0.646115
0.646115
0.646115
0.646115
0.646115
0.646115
0.646115
0.646115
0.646115
0.646115
0.646115
0.646115
0.646115
0.646115
0.646115
0.646115
0.646115
0.646115
0.646115
0.646115
0.646116
0.646116
0.646116
0.646116
0.646116
0.646116
0.646116
0.646116
0.646116
0.646115
0.646115
0.646115
0.646115
0.646115
0.646115
0.646115
0.646115
0.646115
0.646115
0.646115
0.646115
0.646115
0.646115
0.646115
0.646115
0.646115
0.646115
0.646115
0.646115
0.646115
0.646115
0.646115
0.646115
0.646114
0.646114
0.646114
0.646114
0.646114
0.646114
0.646114
0.646114
0.646114
0.646113
0.646113
0.646113
0.646113
0.646113
0.646113
0.646112
0.646112
0.646112
0.646112
0.646112
0.646111
0.646111
0.646111
0.646111
0.646111
0.64611
0.64611
0.64611
0.64611
0.64611
0.646109
0.646109
0.646109
0.646109
0.646108
0.646108
0.646108
0.646108
0.646107
0.646107
0.646107
0.646107
0.646106
0.646106
0.646106
0.646106
0.646106
0.646105
0.646105
0.646105
0.646105
0.646104
0.646104
0.646104
0.646104
0.646103
0.646103
0.646103
0.646103
0.646102
0.646102
0.646102
0.646101
0.646101
0.646101
0.646101
0.6461
0.6461
0.6461
0.6461
0.646099
0.646099
0.646099
0.646099
0.646098
0.646098
0.646098
0.646098
0.646098
0.646098
0.646098
0.646097
0.646097
0.646097
0.646097
0.646097
0.646097
0.646097
0.646097
0.646097
0.646097
0.646097
0.646097
0.646097
0.646097
0.646097
0.646097
0.646097
0.646097
0.646098
0.646098
0.646098
0.646098
0.646098
0.646098
0.646098
0.646098
0.646098
0.646098
0.646098
0.646098
0.646098
0.646099
0.646099
0.646099
0.646099
0.646099
0.6461
0.6461
0.6461
0.6461
0.6461
0.646101
0.646101
0.646101
0.646101
0.646101
0.646102
0.646102
0.646102
0.646103
0.646103
0.646103
0.646103
0.646104
0.646104
0.646104
0.646105
0.646105
0.646105
0.646106
0.646106
0.646106
0.646107
0.646107
0.646107
0.646107
0.646108
0.646108
0.646108
0.646108
0.646109
0.646109
0.646109
0.646109
0.64611
0.64611
0.64611
0.64611
0.64611
0.646111
0.646111
0.646111
0.646111
0.646112
0.646112
0.646112
0.646112
0.646113
0.646113
0.646113
0.646113
0.646114
0.646114
0.646114
0.646114
0.646115
0.646115
0.646115
0.646116
0.646116
0.646116
0.646116
0.646116
0.646117
0.646117
0.646117
0.646117
0.646117
0.646117
0.646117
0.646117
0.646118
0.646118
0.646118
0.646118
0.646118
0.646118
0.646118
0.646118
0.646118
0.646118
0.646118
0.646119
0.646119
0.646119
0.646119
0.646119
0.646119
0.646119
0.64612
0.64612
0.64612
0.64612
0.64612
0.64612
0.64612
0.64612
0.64612
0.64612
0.64612
0.64612
0.64612
0.64612
0.646121
0.646121
0.646121
0.646121
0.646121
0.646121
0.646121
0.646121
0.646122
0.646122
0.646122
0.646122
0.646122
0.646122
0.646122
0.646122
0.646123
0.646123
0.646123
0.646123
0.646123
0.646123
0.646124
0.646124
0.646124
0.646124
0.646124
0.646124
0.646124
0.646124
0.646124
0.646124
0.646124
0.646124
0.646124
0.646124
0.646124
0.646124
0.646124
0.646124
0.646124
0.646124
0.646124
0.646124
0.646124
0.646124
0.646124
0.646124
0.646124
0.646124
0.646124
0.646124
0.646124
0.646124
0.646124
0.646124
0.646124
0.646124
0.646124
0.646124
0.646124
0.646124
0.646124
0.646124
0.646124
0.646124
0.646124
0.646124
0.646124
0.646124
0.646124
0.646124
0.646124
0.646124
0.646124
0.646124
0.646124
0.646124
0.646124
0.646124
0.646124
0.646124
0.646124
0.646124
0.646123
0.646123
0.646123
0.646123
0.646123
0.646123
0.646123
0.646123
0.646123
0.646123
0.646122
0.646122
0.646122
0.646122
0.646122
0.646122
0.646121
0.646121
0.646121
0.646121
0.646121
0.646121
0.64612
0.64612
0.64612
0.64612
0.64612
0.64612
0.646119
0.646119
0.646119
0.646119
0.646119
0.646119
0.646118
0.646118
0.646118
0.646118
0.646118
0.646117
0.646117
0.646117
0.646117
0.646117
0.646116
0.646116
0.646116
0.646116
0.646116
0.646116
0.646115
0.646115
0.646115
0.646115
0.646115
0.646115
0.646115
0.646115
0.646115
0.646115
0.646114
0.646114
0.646114
0.646114
0.646114
0.646114
0.646114
0.646114
0.646114
0.646114
0.646114
0.646114
0.646114
0.646114
0.646114
0.646114
0.646115
0.646115
0.646115
0.646115
0.646115
0.646115
0.646115
0.646115
0.646115
0.646115
0.646115
0.646116
0.646116
0.646116
0.646116
0.646116
0.646116
0.646117
0.646117
0.646117
0.646117
0.646118
0.646118
0.646118
0.646118
0.646119
0.646119
0.646119
0.646119
0.64612
0.64612
0.646121
0.646121
0.646121
0.646122
0.646122
0.646122
0.646123
0.646123
0.646123
0.646123
0.646124
0.646124
0.646124
0.646125
0.646125
0.646125
0.646126
0.646126
0.646126
0.646126
0.646127
0.646127
0.646127
0.646128
0.646128
0.646128
0.646129
0.646129
0.646129
0.64613
0.64613
0.64613
0.646131
0.646131
0.646131
0.646132
0.646132
0.646132
0.646133
0.646133
0.646134
0.646134
0.646134
0.646135
0.646135
0.646136
0.646136
0.646137
0.646137
0.646137
0.646138
0.646138
0.646139
0.646139
0.64614
0.64614
0.646141
0.646141
0.646142
0.646142
0.646143
0.646143
0.646144
0.646144
0.646144
0.646145
0.646145
0.646146
0.646146
0.646147
0.646147
0.646147
0.646148
0.646148
0.646149
0.646149
0.646149
0.64615
0.64615
0.646151
0.646151
0.646152
0.646152
0.646152
0.646153
0.646153
0.646153
0.646154
0.646154
0.646154
0.646155
0.646155
0.646155
0.646156
0.646156
0.646157
0.646157
0.646157
0.646157
0.646158
0.646158
0.646158
0.646159
0.646159
0.646159
0.646159
0.646159
0.64616
0.64616
0.64616
0.646161
0.646161
0.646161
0.646161
0.646162
0.646162
0.646162
0.646162
0.646163
0.646163
0.646163
0.646163
0.646164
0.646164
0.646164
0.646164
0.646165
0.646165
0.646165
0.646165
0.646165
0.646166
0.646166
0.646166
0.646166
0.646166
0.646167
0.646167
0.646167
0.646167
0.646167
0.646167
0.646168
0.646168
0.646168
0.646168
0.646168
0.646168
0.646169
0.646169
0.646169
0.646169
0.646169
0.646169
0.64617
0.64617
0.64617
0.64617
0.64617
0.64617
0.646171
0.646171
0.646171
0.646171
0.646171
0.646171
0.646171
0.646171
0.646171
0.646171
0.646171
0.646171
0.646171
0.646171
0.646171
0.646171
0.646171
0.646171
0.646171
0.646171
0.646171
0.646171
0.646171
0.646171
0.646171
0.646171
0.646171
0.646171
0.646171
0.646171
0.646171
0.646171
0.646171
0.646171
0.646171
0.646171
0.646171
0.646171
0.646171
0.646171
0.646171
0.646171
0.646171
0.646171
0.646171
0.646171
0.646171
0.646171
0.646171
0.646171
0.646171
0.646171
0.646171
0.646171
0.646171
0.646171
0.646171
0.646171
0.646171
0.646171
0.646171
0.646171
0.646171
0.646171
0.646171
0.646171
0.646172
0.646172
0.646172
0.646172
0.646172
0.646172
0.646172
0.646172
0.646172
0.646172
0.646172
0.646172
0.646173
0.646173
0.646173
0.646173
0.646173
0.646173
0.646173
0.646173
0.646173
0.646174
0.646174
0.646174
0.646174
0.646174
0.646174
0.646174
0.646174
0.646174
0.646174
0.646174
0.646174
0.646174
0.646174
0.646174
0.646174
0.646174
0.646174
0.646174
0.646173
0.646173
0.646173
0.646173
0.646173
0.646173
0.646173
0.646173
0.646173
0.646173
0.646173
0.646173
0.646173
0.646173
0.646173
0.646173
0.646173
0.646173
0.646173
0.646173
0.646173
0.646173
0.646174
0.646174
0.646174
0.646174
0.646174
0.646174
0.646174
0.646173
0.646173
0.646173
0.646173
0.646173
0.646173
0.646173
0.646173
0.646173
0.646173
0.646173
0.646173
0.646173
0.646172
0.646172
0.646172
0.646172
0.646172
0.646172
0.646171
0.646171
0.646171
0.646171
0.646171
0.646171
0.646171
0.64617
0.64617
0.64617
0.64617
0.64617
0.64617
0.64617
0.646169
0.646169
0.646169
0.646169
0.646169
0.646169
0.646168
0.646168
0.646168
0.646168
0.646167
0.646167
0.646167
0.646167
0.646166
0.646166
0.646166
0.646165
0.646165
0.646165
0.646165
0.646164
0.646164
0.646164
0.646164
0.646163
0.646163
0.646163
0.646162
0.646162
0.646162
0.646161
0.646161
0.646161
0.64616
0.64616
0.64616
0.646159
0.646159
0.646159
0.646158
0.646158
0.646158
0.646157
0.646157
0.646157
0.646157
0.646157
0.646156
0.646156
0.646231
0.64629
0.646327
0.646343
0.64633
0.646289
0.646211
0.646102
0.645968
0.645833
0.645695
0.645579
0.645494
0.645445
0.645442
0.645478
0.645546
0.645633
0.64573
0.645814
0.645893
0.645947
0.645981
0.645993
0.645983
0.645957
0.645912
0.645856
0.645802
0.645739
0.645677
0.645616
0.645559
0.645502
0.645447
0.645395
0.645353
0.645318
0.645283
0.645265
0.645254
0.645252
0.645261
0.645273
0.645291
0.645309
0.645329
0.645337
0.645344
0.645338
0.645321
0.6453
0.64527
0.645239
0.645204
0.645175
0.645149
0.645123
0.645108
0.64509
0.64508
0.645066
0.645051
0.645044
0.645033
0.645022
0.645011
0.644999
0.644992
0.644985
0.644977
0.644968
0.644958
0.64495
0.644942
0.644934
0.644926
0.644916
0.644912
0.644906
0.644902
0.644903
0.644903
0.644905
0.644909
0.644916
0.64492
0.644929
0.644935
0.644942
0.644948
0.644956
0.644961
0.644965
0.644967
0.64497
0.64497
0.644972
0.644969
0.644969
0.644969
0.644969
0.644971
0.644973
0.644975
0.644981
0.644983
0.644985
0.644986
0.644992
0.644994
0.644995
0.645001
0.645002
0.645009
0.645016
0.645024
0.645032
0.645041
0.645051
0.645064
0.645074
0.645086
0.645106
0.645126
0.645141
0.645159
0.645179
0.645198
0.645221
0.645246
0.645267
0.645292
0.645312
0.645333
0.645353
0.645377
0.645398
0.645414
0.645434
0.64545
0.645471
0.645491
0.645512
0.645532
0.645555
0.645582
0.645607
0.64563
0.645658
0.645682
0.645707
0.645729
0.645751
0.645779
0.645802
0.645831
0.645856
0.64588
0.645907
0.64593
0.64596
0.645989
0.646021
0.646053
0.646084
0.646114
0.646148
0.646181
0.646211
0.646241
0.646271
0.646295
0.646321
0.646347
0.646374
0.646402
0.646431
0.646463
0.64649
0.64652
0.646549
0.64658
0.646611
0.646641
0.646668
0.646695
0.646723
0.646754
0.646785
0.646817
0.646848
0.646882
0.646916
0.646956
0.64699
0.647027
0.647063
0.647097
0.647133
0.647162
0.647191
0.647224
0.64726
0.647293
0.647331
0.647367
0.647398
0.647431
0.647471
0.647509
0.647552
0.647595
0.647636
0.647674
0.647717
0.647752
0.647777
0.647813
0.647842
0.647878
0.647917
0.647954
0.647991
0.648027
0.648057
0.648089
0.648118
0.648153
0.648187
0.648222
0.648254
0.648287
0.648325
0.648356
0.648394
0.648427
0.648455
0.648494
0.648529
0.64857
0.648606
0.648637
0.648665
0.648697
0.648729
0.648761
0.648793
0.648822
0.648848
0.648873
0.648901
0.648926
0.648954
0.64898
0.649005
0.649029
0.64905
0.649067
0.64909
0.649109
0.649127
0.649152
0.649166
0.649183
0.649201
0.649215
0.649227
0.649241
0.64926
0.649275
0.64929
0.649303
0.649311
0.649322
0.64933
0.649338
0.649348
0.64936
0.649374
0.649388
0.649401
0.649416
0.649426
0.649436
0.649451
0.649466
0.649477
0.649489
0.649509
0.649523
0.649538
0.649543
0.649553
0.649564
0.649572
0.649582
0.64959
0.649607
0.649619
0.649628
0.649638
0.649647
0.649655
0.649664
0.649673
0.649683
0.649695
0.649703
0.649708
0.649716
0.649723
0.649733
0.649742
0.649751
0.649767
0.649779
0.649791
0.649799
0.649803
0.649805
0.649806
0.649806
0.649806
0.649809
0.649812
0.649811
0.649804
0.649798
0.649785
0.649774
0.649763
0.649749
0.649734
0.649722
0.649712
0.649706
0.649703
0.649702
0.649705
0.649715
0.649724
0.649724
0.649723
0.649723
0.649723
0.649722
0.649722
0.649722
0.649721
0.649721
0.649721
0.649721
0.64972
0.64972
0.64972
0.64972
0.649719
0.649719
0.649719
0.649719
0.649719
0.649719
0.649719
0.649719
0.649719
0.649718
0.649718
0.649718
0.649718
0.649719
0.649719
0.649719
0.649719
0.649719
0.649718
0.649718
0.649718
0.649718
0.649718
0.649718
0.649717
0.649717
0.649717
0.649717
0.649717
0.649717
0.649717
0.649716
0.649716
0.649716
0.649716
0.649715
0.649715
0.649715
0.649715
0.649715
0.649715
0.649715
0.649715
0.649714
0.649714
0.649714
0.649714
0.649714
0.649713
0.649713
0.649713
0.649713
0.649713
0.649713
0.649713
0.649713
0.649713
0.649713
0.649713
0.649713
0.649713
0.649713
0.649713
0.649713
0.649713
0.649713
0.649713
0.649713
0.649713
0.649713
0.649713
0.649713
0.649713
0.649713
0.649713
0.649713
0.649713
0.649713
0.649713
0.649713
0.649714
0.649714
0.649714
0.649714
0.649714
0.649715
0.649715
0.649715
0.649715
0.649715
0.649716
0.649716
0.649716
0.649716
0.649716
0.649716
0.649717
0.649717
0.649717
0.649717
0.649717
0.649717
0.649717
0.649717
0.649717
0.649717
0.649717
0.649717
0.649717
0.649717
0.649717
0.649717
0.649717
0.649717
0.649717
0.649716
0.649716
0.649716
0.649716
0.649716
0.649716
0.649716
0.649715
0.649715
0.649715
0.649715
0.649715
0.649714
0.649714
0.649714
0.649714
0.649714
0.649713
0.649713
0.649713
0.649713
0.649712
0.649712
0.649712
0.649711
0.649711
0.64971
0.64971
0.64971
0.649709
0.649709
0.649708
0.649708
0.649708
0.649707
0.649707
0.649706
0.649706
0.649705
0.649705
0.649705
0.649704
0.649704
0.649704
0.649703
0.649703
0.649703
0.649702
0.649702
0.649702
0.649701
0.649701
0.649701
0.649701
0.6497
0.6497
0.6497
0.6497
0.6497
0.6497
0.649699
0.649699
0.649699
0.649699
0.649699
0.649699
0.649698
0.649698
0.649698
0.649698
0.649698
0.649698
0.649697
0.649697
0.649697
0.649697
0.649697
0.649697
0.649696
0.649696
0.649696
0.649696
0.649696
0.649695
0.649695
0.649695
0.649695
0.649695
0.649694
0.649694
0.649694
0.649694
0.649694
0.649693
0.649693
0.649693
0.649693
0.649693
0.649693
0.649692
0.649692
0.649692
0.649692
0.649692
0.649692
0.649692
0.649692
0.649692
0.649692
0.649692
0.649691
0.649691
0.649691
0.649691
0.649691
0.649691
0.649691
0.649691
0.649691
0.649691
0.649691
0.649691
0.649691
0.649691
0.649692
0.649692
0.649692
0.649692
0.649692
0.649692
0.649692
0.649692
0.649692
0.649693
0.649693
0.649693
0.649693
0.649693
0.649693
0.649693
0.649694
0.649694
0.649694
0.649694
0.649694
0.649694
0.649695
0.649695
0.649695
0.649695
0.649695
0.649695
0.649696
0.649696
0.649696
0.649696
0.649696
0.649696
0.649697
0.649697
0.649697
0.649697
0.649697
0.649697
0.649698
0.649698
0.649698
0.649698
0.649698
0.649698
0.649699
0.649699
0.649699
0.649699
0.6497
0.6497
0.6497
0.649701
0.649701
0.649701
0.649701
0.649702
0.649702
0.649702
0.649702
0.649702
0.649702
0.649703
0.649703
0.649703
0.649703
0.649703
0.649703
0.649703
0.649703
0.649703
0.649703
0.649711
0.649717
0.649727
0.649735
0.649742
0.649744
0.64975
0.649757
0.649765
0.649776
0.649783
0.64979
0.649798
0.649808
0.649816
0.649823
0.649832
0.649844
0.649852
0.649866
0.649875
0.649883
0.649893
0.649903
0.649913
0.649922
0.64993
0.64994
0.64995
0.649958
0.649969
0.64998
0.649989
0.649998
0.650009
0.650019
0.650027
0.650043
0.650054
0.650063
0.650071
0.650078
0.650085
0.650098
0.650113
0.650136
0.650164
0.650199
0.650237
0.650274
0.650313
0.650352
0.650394
0.65044
0.650484
0.650535
0.650582
0.650633
0.650672
0.650706
0.650738
0.650767
0.650788
0.650806
0.650817
0.650827
0.650839
0.650849
0.65086
0.650871
0.650886
0.6509
0.650918
0.650931
0.650946
0.650959
0.650973
0.650983
0.650994
0.651
0.651002
0.651001
0.651
0.650995
0.650996
0.650991
0.650987
0.650983
0.650979
0.650975
0.650971
0.650967
0.650964
0.65096
0.65096
0.650956
0.650956
0.650955
0.650956
0.650955
0.650955
0.650955
0.650956
0.650956
0.650957
0.650962
0.650963
0.650964
0.65097
0.650972
0.650977
0.650979
0.650985
0.650986
0.650988
0.650993
0.650994
0.650996
0.651002
0.651003
0.651009
0.651011
0.651016
0.651022
0.651024
0.651029
0.651035
0.651044
0.65105
0.651055
0.651064
0.651069
0.651078
0.651087
0.651096
0.651109
0.651122
0.651139
0.651156
0.651173
0.651189
0.651206
0.651226
0.651243
0.651262
0.651286
0.651306
0.651332
0.651365
0.651392
0.651426
0.65146
0.651501
0.651542
0.651581
0.651625
0.651673
0.651721
0.651763
0.651815
0.651867
0.651915
0.651959
0.652011
0.652058
0.652105
0.652155
0.652202
0.652255
0.652308
0.652365
0.652429
0.652492
0.652555
0.652624
0.652689
0.652757
0.652824
0.652888
0.652961
0.653022
0.653091
0.653161
0.65322
0.653289
0.653361
0.653428
0.653501
0.653575
0.653652
0.653728
0.653804
0.653874
0.653954
0.654038
0.654125
0.654206
0.654289
0.654364
0.654448
0.654527
0.654607
0.654679
0.654754
0.654824
0.654899
0.654971
0.655046
0.655114
0.655183
0.655255
0.655331
0.655403
0.655478
0.655541
0.655613
0.655685
0.655757
0.655828
0.655899
0.655968
0.656036
0.656107
0.656172
0.656238
0.656293
0.656351
0.656412
0.656474
0.656526
0.656578
0.656628
0.656683
0.65674
0.656797
0.656849
0.656899
0.656941
0.656987
0.657034
0.657075
0.65712
0.657158
0.657195
0.657229
0.657259
0.657291
0.657321
0.657355
0.657384
0.657416
0.657443
0.657472
0.6575
0.657523
0.657551
0.65757
0.657599
0.657624
0.657648
0.657673
0.657696
0.65772
0.657739
0.657755
0.657772
0.657788
0.657806
0.65782
0.657834
0.657848
0.65786
0.657875
0.657893
0.657907
0.657919
0.657938
0.657952
0.657968
0.657984
0.657998
0.658011
0.658025
0.658038
0.658052
0.658062
0.658076
0.658089
0.658104
0.658119
0.658134
0.658148
0.658164
0.658179
0.658198
0.658212
0.658228
0.658243
0.658255
0.658267
0.658282
0.658294
0.658306
0.658318
0.658331
0.658348
0.658359
0.65837
0.658386
0.658399
0.658411
0.658424
0.658437
0.658451
0.65846
0.658473
0.658486
0.658496
0.658505
0.658515
0.658526
0.658535
0.658547
0.658555
0.658563
0.658573
0.65858
0.658591
0.658598
0.65861
0.658621
0.658629
0.658637
0.658648
0.658652
0.658661
0.658672
0.658681
0.658687
0.658695
0.658703
0.658712
0.658717
0.658723
0.658732
0.658735
0.658742
0.658749
0.658756
0.65876
0.658766
0.658773
0.65878
0.658786
0.658794
0.6588
0.658807
0.658813
0.658823
0.658828
0.658834
0.658839
0.658845
0.658854
0.658859
0.658865
0.658873
0.658879
0.658883
0.658886
0.658889
0.658894
0.6589
0.65891
0.658914
0.658912
0.658912
0.658916
0.65892
0.658927
0.658929
0.658934
0.65894
0.658945
0.658955
0.65896
0.658974
0.658983
0.658987
0.658995
0.659002
0.659008
0.659015
0.659021
0.659027
0.659032
0.659039
0.659047
0.659051
0.659058
0.659061
0.659065
0.65907
0.659074
0.659081
0.659087
0.659092
0.659096
0.659098
0.659101
0.659106
0.659113
0.659114
0.659116
0.659116
0.65912
0.659124
0.659131
0.659132
0.659135
0.659136
0.65914
0.659145
0.659145
0.659147
0.659145
0.659145
0.659146
0.65915
0.659149
0.659147
0.659149
0.659151
0.659153
0.659155
0.659156
0.659161
0.65916
0.659165
0.659167
0.65917
0.659173
0.659179
0.659176
0.659179
0.659175
0.659176
0.659172
0.659168
0.659165
0.659162
0.659154
0.659154
0.659153
0.659151
0.659149
0.65915
0.659151
0.659148
0.659146
0.659142
0.659139
0.659137
0.659135
0.659136
0.659134
0.659131
0.659132
0.659126
0.659126
0.659121
0.659117
0.659109
0.659104
0.659101
0.659098
0.659092
0.659089
0.659088
0.659083
0.659079
0.659071
0.659067
0.659061
0.659055
0.659054
0.659048
0.659041
0.659037
0.659031
0.659025
0.659021
0.659013
0.659008
0.659002
0.658997
0.658994
0.658986
0.658983
0.658977
0.658966
0.658959
0.658952
0.658944
0.658934
0.658924
0.658917
0.65891
0.658906
0.658904
0.658905
0.658901
0.658897
0.658893
0.658894
0.658893
0.658893
0.658885
0.65888
0.658878
0.658869
0.658865
0.65886
0.658853
0.658847
0.65884
0.658834
0.658826
0.658821
0.658815
0.658808
0.658804
0.658802
0.658801
0.658796
0.658792
0.658787
0.65878
0.658773
0.658768
0.658762
0.658759
0.658754
0.65875
0.658746
0.658739
0.658735
0.658731
0.65873
0.658724
0.658722
0.658722
0.658719
0.658715
0.658714
0.658716
0.658714
0.658711
0.658708
0.658706
0.658702
0.658699
0.658695
0.658686
0.658679
0.658676
0.658674
0.658668
0.658663
0.658658
0.658656
0.658654
0.658653
0.658652
0.658648
0.658644
0.658642
0.658641
0.658638
0.658635
0.65863
0.658626
0.65862
0.658618
0.658612
0.658608
0.658605
0.658603
0.658597
0.658589
0.658584
0.658581
0.658578
0.658571
0.658566
0.658559
0.658557
0.658553
0.658552
0.658551
0.658549
0.658546
0.658539
0.658537
0.658533
0.658528
0.65852
0.658517
0.658511
0.658504
0.658501
0.658496
0.658488
0.658485
0.658479
0.658475
0.65847
0.658467
0.658461
0.658456
0.658451
0.658451
0.658445
0.658443
0.658439
0.658436
0.658434
0.658431
0.658429
0.658425
0.658423
0.658419
0.658418
0.658414
0.658408
0.658406
0.658403
0.6584
0.658396
0.658388
0.658383
0.658379
0.658375
0.65837
0.658366
0.658362
0.658358
0.658349
0.658346
0.65834
0.658338
0.658336
0.658333
0.658329
0.65833
0.658325
0.658322
0.658322
0.658323
0.658322
0.65832
0.658321
0.658321
0.658323
0.658324
0.658327
0.658327
0.658331
0.658335
0.658335
0.658339
0.658341
0.658342
0.658346
0.658347
0.658351
0.658351
0.658357
0.658361
0.658363
0.658367
0.658369
0.658369
0.658372
0.658374
0.658377
0.658375
0.658376
0.658377
0.658376
0.658373
0.658375
0.658373
0.658371
0.658368
0.658366
0.658363
0.65836
0.658359
0.658354
0.658352
0.658345
0.658341
0.658338
0.658334
0.658331
0.658328
0.658326
0.65832
0.658314
0.658308
0.658305
0.658302
0.658297
0.658289
0.658283
0.658277
0.658272
0.658265
0.65826
0.658248
0.658243
0.658233
0.658222
0.658212
0.658204
0.658193
0.658181
0.658168
0.658156
0.658146
0.658134
0.658121
0.658114
0.658102
0.658091
0.658079
0.658067
0.658054
0.65804
0.658021
0.658007
0.657992
0.657972
0.657955
0.65794
0.657923
0.657903
0.657883
0.657863
0.657843
0.657816
0.657797
0.657777
0.657762
0.657741
0.657731
0.657717
0.657699
0.657687
0.657671
0.657661
0.657647
0.65763
0.657608
0.657593
0.657574
0.65756
0.657545
0.657527
0.657514
0.657501
0.657483
0.657469
0.657458
0.657446
0.657435
0.657425
0.657418
0.657408
0.657402
0.657394
0.657382
0.657375
0.657366
0.657358
0.657348
0.657334
0.657322
0.65731
0.657296
0.657285
0.657276
0.657266
0.657253
0.657243
0.657232
0.657226
0.657219
0.657209
0.657203
0.6572
0.657192
0.657187
0.657178
0.657172
0.657164
0.657155
0.657145
0.657133
0.657121
0.657109
0.657097
0.657091
0.657081
0.657069
0.657062
0.657053
0.657042
0.657031
0.657018
0.657003
0.656993
0.656981
0.65697
0.656958
0.656947
0.656935
0.656925
0.656918
0.656904
0.656896
0.656882
0.656871
0.656859
0.656843
0.656829
0.656817
0.656803
0.656789
0.656774
0.656757
0.656744
0.65673
0.656714
0.656697
0.656683
0.656667
0.656648
0.656627
0.656609
0.656592
0.656573
0.656557
0.656543
0.656526
0.656506
0.656488
0.656469
0.65645
0.656425
0.656405
0.656385
0.656365
0.656348
0.656326
0.65631
0.656292
0.656278
0.656257
0.656235
0.656218
0.656196
0.656167
0.656141
0.65612
0.656094
0.656074
0.656051
0.656035
0.656015
0.655992
0.655974
0.655948
0.655925
0.655901
0.655875
0.655853
0.65583
0.65581
0.65579
0.655773
0.655754
0.655738
0.655718
0.655697
0.655679
0.655661
0.65564
0.655622
0.655605
0.65559
0.655575
0.655563
0.655551
0.655534
0.655523
0.655513
0.655496
0.655482
0.655467
0.655451
0.655437
0.65542
0.655408
0.655392
0.655376
0.655358
0.655344
0.655334
0.65532
0.65531
0.6553
0.655295
0.655285
0.655281
0.655278
0.655272
0.655269
0.655266
0.655262
0.655259
0.655251
0.655248
0.655242
0.655239
0.655229
0.655228
0.655228
0.65522
0.655211
0.655205
0.655199
0.655187
0.655182
0.655172
0.655168
0.655159
0.655155
0.65515
0.655146
0.655144
0.655135
0.655129
0.655124
0.655115
0.655116
0.655116
0.655115
0.655119
0.655125
0.655137
0.655153
0.655174
0.655197
0.655222
0.655249
0.655274
0.655296
0.655315
0.655332
0.655341
0.655348
0.655352
0.655355
0.65536
0.655367
0.655378
0.655387
0.655398
0.655408
0.655419
0.655433
0.655446
0.655462
0.655474
0.65549
0.655507
0.655521
0.655533
0.655543
0.655553
0.655562
0.655572
0.655579
0.655586
0.655589
0.655596
0.655602
0.65561
0.655618
0.655628
0.655641
0.65565
0.655661
0.655672
0.655679
0.655687
0.655694
0.655696
0.655701
0.655707
0.655709
0.655715
0.655719
0.655723
0.655729
0.655736
0.655743
0.65575
0.655757
0.655766
0.655774
0.655782
0.655789
0.655797
0.655801
0.655806
0.655812
0.655817
0.655824
0.655831
0.655837
0.655846
0.65585
0.655858
0.655864
0.65587
0.655877
0.655885
0.655892
0.655899
0.655906
0.655915
0.655921
0.655928
0.655934
0.655941
0.655949
0.655953
0.655961
0.655969
0.655977
0.655985
0.655992
0.656
0.656007
0.656014
0.656021
0.656028
0.656037
0.656042
0.656048
0.656053
0.656061
0.656065
0.656073
0.656077
0.656082
0.656086
0.656092
0.656096
0.656098
0.656101
0.656105
0.656108
0.656112
0.656116
0.656119
0.656123
0.656128
0.656132
0.656134
0.656135
0.656139
0.656144
0.656146
0.656147
0.656151
0.656154
0.656157
0.656158
0.656161
0.656162
0.656165
0.656166
0.656169
0.65617
0.656172
0.656175
0.656176
0.656181
0.65618
0.656182
0.656185
0.656188
0.656191
0.656192
0.656193
0.656193
0.656196
0.656194
0.656195
0.656194
0.656195
0.656196
0.656197
0.656202
0.656203
0.656206
0.656211
0.656216
0.65622
0.656223
0.656226
0.656229
0.656234
0.656235
0.656239
0.656242
0.656245
0.656247
0.656248
0.65625
0.656253
0.656257
0.656262
0.656268
0.656276
0.656283
0.656295
0.656305
0.656317
0.65633
0.656342
0.656357
0.656369
0.656386
0.656399
0.656411
0.656424
0.656436
0.656448
0.656461
0.656476
0.656497
0.656519
0.656544
0.656574
0.6566
0.656626
0.65665
0.656674
0.6567
0.656724
0.656752
0.656776
0.656802
0.656823
0.656843
0.656869
0.656894
0.656921
0.656949
0.656978
0.657005
0.657036
0.657066
0.657096
0.657129
0.657157
0.657192
0.657225
0.657258
0.657293
0.657332
0.657371
0.657412
0.657452
0.657495
0.657537
0.65758
0.657619
0.657658
0.657697
0.657738
0.65778
0.657823
0.657863
0.657902
0.657941
0.657983
0.658029
0.658071
0.658111
0.65815
0.658192
0.658234
0.658274
0.658314
0.658352
0.65839
0.658434
0.658473
0.658514
0.658554
0.658595
0.658636
0.658679
0.658733
0.658781
0.658828
0.658876
0.658927
0.658973
0.659016
0.659064
0.659129
0.659166
0.659207
0.659248
0.65929
0.659329
0.659369
0.659406
0.659442
0.65948
0.659519
0.659557
0.65959
0.659626
0.659676
0.659711
0.659746
0.659773
0.659806
0.659835
0.659866
0.659901
0.659939
0.659972
0.660007
0.660037
0.660068
0.660102
0.660132
0.660177
0.660204
0.660225
0.660252
0.660279
0.660306
0.660332
0.660361
0.660388
0.660414
0.660437
0.660463
0.660487
0.660511
0.660538
0.660565
0.660593
0.660617
0.660643
0.660669
0.660693
0.660717
0.660743
0.660765
0.660788
0.660813
0.660839
0.660865
0.66089
0.660914
0.660941
0.660967
0.660991
0.661018
0.661044
0.661068
0.661091
0.661115
0.661134
0.661158
0.661178
0.661199
0.661219
0.66124
0.661262
0.661279
0.6613
0.661319
0.661342
0.661362
0.661383
0.661406
0.661425
0.661447
0.661469
0.661489
0.661512
0.661537
0.661562
0.661587
0.661613
0.661638
0.661658
0.661682
0.661705
0.661728
0.661757
0.661787
0.661814
0.661844
0.661869
0.661898
0.661933
0.661965
0.661997
0.662032
0.662064
0.662098
0.662134
0.662171
0.662208
0.662246
0.662281
0.662319
0.662356
0.662393
0.662433
0.662468
0.662507
0.662545
0.662587
0.662628
0.662667
0.662711
0.662758
0.6628
0.662847
0.662893
0.662942
0.662991
0.663041
0.663092
0.663146
0.663201
0.663258
0.663313
0.663371
0.663424
0.663481
0.663538
0.663591
0.663647
0.663702
0.663755
0.663812
0.663867
0.66392
0.663973
0.664027
0.66408
0.664136
0.664187
0.664238
0.664291
0.664343
0.664391
0.664441
0.664492
0.664543
0.664594
0.664641
0.664689
0.664738
0.664789
0.664838
0.664885
0.664933
0.66498
0.66503
0.665077
0.665124
0.665171
0.665216
0.665264
0.665316
0.665368
0.665414
0.665461
0.665508
0.665558
0.665605
0.665648
0.665687
0.665727
0.66577
0.665814
0.665858
0.665897
0.665934
0.665971
0.666014
0.666057
0.666097
0.666139
0.666179
0.666219
0.666258
0.666296
0.666334
0.66637
0.666407
0.666447
0.666488
0.666531
0.666571
0.66661
0.666651
0.66669
0.66673
0.666768
0.666807
0.666867
0.666901
0.66694
0.666977
0.667013
0.667052
0.667084
0.667118
0.667148
0.667181
0.667212
0.667242
0.667272
0.6673
0.66733
0.667356
0.667385
0.667411
0.667439
0.667464
0.667488
0.667512
0.667539
0.667562
0.667583
0.667606
0.667629
0.667649
0.667671
0.667691
0.66771
0.667727
0.667748
0.667767
0.667788
0.667808
0.667828
0.667844
0.667863
0.667884
0.667902
0.667921
0.667939
0.667957
0.667975
0.667992
0.668008
0.668024
0.668038
0.668053
0.668068
0.668082
0.668097
0.668109
0.668121
0.668132
0.668143
0.668153
0.668164
0.668174
0.668183
0.668195
0.668204
0.668213
0.668224
0.668232
0.668243
0.668253
0.668263
0.668273
0.668282
0.668291
0.668303
0.668313
0.668324
0.668334
0.668343
0.668355
0.668368
0.668379
0.668388
0.668397
0.668406
0.668417
0.668427
0.668437
0.668446
0.668458
0.668467
0.668478
0.668489
0.6685
0.66851
0.668521
0.668532
0.668543
0.668553
0.668567
0.668581
0.668594
0.668605
0.668618
0.668629
0.668642
0.668655
0.668669
0.668682
0.668695
0.668707
0.66872
0.668732
0.668744
0.668756
0.668765
0.668774
0.668785
0.668793
0.668802
0.66881
0.668815
0.668821
0.668829
0.668835
0.668841
0.668847
0.668855
0.668864
0.668874
0.66888
0.668892
0.668899
0.668909
0.668918
0.668928
0.668938
0.668948
0.668957
0.668964
0.668974
0.668983
0.668993
0.669002
0.669011
0.669016
0.669025
0.669028
0.669034
0.66904
0.669043
0.669049
0.669055
0.669064
0.66907
0.669073
0.66908
0.669086
0.669093
0.669097
0.669103
0.66911
0.669117
0.66912
0.669127
0.669134
0.66914
0.669144
0.66915
0.669156
0.669161
0.669164
0.66917
0.669175
0.669179
0.669184
0.669188
0.669195
0.669199
0.669203
0.669206
0.669209
0.669216
0.669219
0.669222
0.669225
0.669228
0.669235
0.669238
0.669242
0.669249
0.669253
0.669256
0.66926
0.669264
0.669268
0.669275
0.669279
0.669286
0.669293
0.6693
0.669304
0.66931
0.669317
0.669321
0.669326
0.669331
0.669335
0.669342
0.669346
0.669349
0.669353
0.669355
0.669358
0.669359
0.669363
0.66937
0.66937
0.669374
0.669377
0.669381
0.669381
0.669382
0.669386
0.669386
0.669385
0.669389
0.669389
0.669386
0.669388
0.669391
0.669392
0.669395
0.669394
0.669397
0.669391
0.669389
0.669384
0.669386
0.669387
0.66939
0.669396
0.669395
0.669398
0.669407
0.669413
0.669422
0.669431
0.669442
0.669454
0.669467
0.669485
0.669509
0.669529
0.669541
0.669544
0.669541
0.669538
0.669528
0.669518
0.669503
0.669491
0.669475
0.669466
0.669459
0.669454
0.669452
0.669447
0.669444
0.669448
0.669449
0.669449
0.669453
0.669459
0.669462
0.669466
0.669469
0.669482
0.669482
0.669481
0.669478
0.669475
0.669475
0.669467
0.66946
0.669453
0.669446
0.669438
0.66943
0.669422
0.669413
0.669411
0.669402
0.669398
0.66939
0.669383
0.669375
0.669365
0.669354
0.669344
0.669333
0.669322
0.669311
0.6693
0.669288
0.669277
0.669265
0.669253
0.669241
0.669228
0.669216
0.669203
0.66919
0.66918
0.669167
0.669154
0.669141
0.669128
0.669115
0.669102
0.669089
0.669076
0.669063
0.669053
0.66904
0.669027
0.669014
0.669002
0.668989
0.66898
0.668967
0.668954
0.668944
0.668932
0.668923
0.66891
0.668901
0.668888
0.668879
0.66887
0.668861
0.668851
0.668845
0.668836
0.66883
0.668821
0.668816
0.66881
0.668805
0.668803
0.668798
0.668793
0.668789
0.668784
0.66878
0.668777
0.668777
0.668774
0.668772
0.668769
0.66877
0.668769
0.668771
0.66877
0.668773
0.668775
0.668778
0.668781
0.668784
0.668787
0.668793
0.668796
0.668798
0.668804
0.668807
0.668813
0.668818
0.66882
0.668824
0.668829
0.668833
0.66884
0.668845
0.66885
0.668855
0.66886
0.668864
0.668869
0.668873
0.668878
0.668882
0.668887
0.668891
0.668895
0.668895
0.668898
0.668902
0.668905
0.668907
0.66891
0.668909
0.66891
0.668911
0.668912
0.668912
0.668912
0.668911
0.66891
0.668909
0.66891
0.668908
0.668905
0.668902
0.668902
0.668899
0.668892
0.668889
0.668885
0.66888
0.668876
0.668868
0.668863
0.668858
0.668852
0.668847
0.668838
0.668831
0.668824
0.66882
0.66881
0.668803
0.668795
0.668786
0.668779
0.668769
0.668761
0.668753
0.66875
0.668738
0.668723
0.668706
0.668691
0.668676
0.668658
0.668643
0.668624
0.66861
0.668591
0.668575
0.668555
0.668538
0.668518
0.6685
0.668479
0.668464
0.668446
0.668426
0.668407
0.668389
0.668369
0.66835
0.668329
0.668308
0.668289
0.668268
0.668246
0.668223
0.668201
0.66818
0.668157
0.668136
0.668111
0.668087
0.66806
0.668036
0.668012
0.667986
0.667959
0.667931
0.667904
0.667875
0.667847
0.667818
0.667789
0.66776
0.667727
0.667695
0.667662
0.667632
0.667601
0.667568
0.667537
0.667506
0.667476
0.667442
0.667411
0.66738
0.667349
0.667316
0.667285
0.667253
0.66722
0.667187
0.667153
0.667119
0.667085
0.667051
0.667017
0.666983
0.666947
0.66691
0.666874
0.666838
0.666799
0.666763
0.666727
0.666692
0.666655
0.666622
0.666585
0.666547
0.66651
0.666476
0.666442
0.666407
0.666374
0.666338
0.666304
0.66627
0.666235
0.666196
0.666159
0.666123
0.666091
0.666055
0.666019
0.665979
0.665938
0.665896
0.665855
0.665814
0.665771
0.665731
0.665687
0.665644
0.665601
0.665556
0.66551
0.665463
0.665418
0.665372
0.665327
0.665281
0.665234
0.665185
0.665138
0.665091
0.665041
0.664991
0.664942
0.664894
0.664847
0.664801
0.664752
0.664701
0.664651
0.664608
0.664558
0.664512
0.664469
0.664421
0.66438
0.664338
0.664292
0.664248
0.664207
0.664162
0.66412
0.664074
0.664035
0.663994
0.663951
0.66391
0.663866
0.663827
0.663786
0.663745
0.663703
0.663657
0.663611
0.663564
0.663519
0.663473
0.663426
0.663378
0.663329
0.663281
0.663232
0.66318
0.663124
0.663072
0.66302
0.662967
0.662915
0.662861
0.662808
0.662757
0.662697
0.662645
0.662593
0.662539
0.662484
0.662426
0.662366
0.66231
0.662252
0.662197
0.662138
0.66208
0.662018
0.661967
0.661904
0.661848
0.661784
0.661723
0.661662
0.661604
0.66154
0.661481
0.661419
0.661355
0.661292
0.661226
0.661164
0.661104
0.661037
0.66097
0.660905
0.660837
0.660768
0.6607
0.66063
0.660556
0.660483
0.66042
0.66035
0.660276
0.660201
0.660126
0.660049
0.659968
0.659889
0.659814
0.659729
0.659655
0.659578
0.659493
0.659408
0.659325
0.659242
0.659156
0.659069
0.658986
0.658895
0.658809
0.658724
0.658636
0.658548
0.658458
0.658379
0.658285
0.658197
0.658105
0.658012
0.657915
0.657795
0.657682
0.657566
0.657454
0.657335
0.657236
0.657138
0.657039
0.656943
0.656841
0.656743
0.656645
0.656544
0.656446
0.656347
0.656244
0.656147
0.656041
0.655939
0.655842
0.655737
0.655628
0.655527
0.655424
0.655321
0.655215
0.655124
0.655046
0.655005
0.655016
0.655071
0.655161
0.655379
0.655496
0.655647
0.65578
0.6559
0.656006
0.656091
0.656158
0.656204
0.656235
0.656249
0.65625
0.656244
0.656238
0.656225
0.656219
0.656217
0.656226
0.656254
0.656342
0.656401
0.656463
0.656529
0.656597
0.656659
0.656714
0.656768
0.656825
0.656889
0.656951
0.657009
0.657072
0.657122
0.657167
0.657211
0.657259
0.657302
0.657342
0.657376
0.657408
0.657437
0.657457
0.657473
0.65749
0.657506
0.65752
0.657537
0.657558
0.657585
0.657618
0.657662
0.657714
0.657766
0.657825
0.657889
0.657951
0.65802
0.658083
0.658152
0.658217
0.658273
0.658329
0.658382
0.658436
0.658482
0.658528
0.658564
0.658597
0.658633
0.658663
0.658697
0.658732
0.658768
0.658805
0.658846
0.658892
0.658931
0.658974
0.659022
0.659076
0.659127
0.659177
0.65923
0.659278
0.659323
0.659364
0.659403
0.659441
0.659473
0.659503
0.659534
0.659557
0.659588
0.659618
0.659646
0.659684
0.659719
0.659764
0.659807
0.659847
0.659889
0.65993
0.65997
0.660007
0.660051
0.660094
0.660133
0.660174
0.660216
0.66025
0.660284
0.66032
0.660347
0.660377
0.660408
0.66044
0.660471
0.660504
0.660537
0.660576
0.660611
0.660647
0.660677
0.660714
0.660748
0.660781
0.660811
0.660842
0.660866
0.660892
0.660915
0.660939
0.660959
0.660984
0.661007
0.66103
0.661053
0.661074
0.661096
0.661117
0.661136
0.661159
0.661182
0.661206
0.661232
0.661259
0.661284
0.661309
0.661336
0.66136
0.661385
0.661411
0.661434
0.661456
0.66148
0.661499
0.66152
0.661535
0.661551
0.661569
0.661585
0.661604
0.661626
0.661651
0.661676
0.661698
0.661717
0.661735
0.661753
0.661777
0.661798
0.661814
0.661833
0.661848
0.661865
0.661882
0.661896
0.661913
0.661923
0.661937
0.661953
0.661963
0.661975
0.661988
0.662
0.662017
0.662029
0.662042
0.662055
0.662067
0.662083
0.662093
0.662109
0.662121
0.662133
0.662152
0.662166
0.662207
0.662213
0.662218
0.662227
0.66223
0.662235
0.662241
0.662247
0.662255
0.662259
0.662269
0.662277
0.662283
0.662294
0.6623
0.662307
0.66231
0.662318
0.662327
0.662334
0.662342
0.662345
0.662347
0.662348
0.662347
0.662349
0.662348
0.662349
0.662351
0.662353
0.662359
0.66236
0.662361
0.66236
0.662357
0.662355
0.662354
0.66235
0.662345
0.662341
0.662339
0.662339
0.662334
0.66233
0.662329
0.662329
0.66232
0.66232
0.662317
0.662312
0.662306
0.662303
0.662297
0.66229
0.662281
0.662274
0.662268
0.662256
0.662249
0.662238
0.66223
0.662218
0.662209
0.662198
0.662191
0.662182
0.662175
0.662167
0.662159
0.66215
0.662144
0.662139
0.662132
0.66213
0.662123
0.662116
0.662111
0.662107
0.662102
0.662094
0.662084
0.662078
0.662071
0.662065
0.662056
0.662046
0.66204
0.662031
0.66203
0.662026
0.662022
0.662019
0.662013
0.662008
0.661999
0.661999
0.661992
0.661985
0.661983
0.661976
0.661972
0.661964
0.661956
0.661946
0.661931
0.661914
0.661904
0.661893
0.661885
0.661876
0.661869
0.661859
0.661851
0.661841
0.66183
0.661826
0.661817
0.661808
0.661792
0.661782
0.661771
0.661765
0.661752
0.661747
0.661735
0.661723
0.661702
0.661684
0.661665
0.661651
0.661637
0.661627
0.661612
0.661601
0.661587
0.661572
0.661556
0.661538
0.661517
0.661487
0.661466
0.661443
0.661428
0.661409
0.661395
0.66137
0.661354
0.661328
0.661311
0.661289
0.661264
0.661238
0.661213
0.661189
0.661163
0.661139
0.661114
0.661086
0.661058
0.66103
0.661003
0.660974
0.660955
0.660932
0.660903
0.660874
0.66084
0.660807
0.660773
0.660745
0.660719
0.660689
0.660654
0.660615
0.660578
0.660544
0.660513
0.660481
0.660447
0.660409
0.660368
0.660327
0.660293
0.660255
0.66022
0.660182
0.66014
0.660099
0.660059
0.660023
0.659979
0.659935
0.659894
0.65985
0.659804
0.659764
0.65972
0.65968
0.65964
0.659594
0.65955
0.659505
0.659458
0.659412
0.659368
0.659318
0.659268
0.659215
0.659162
0.659114
0.659067
0.659022
0.658977
0.658928
0.658879
0.658831
0.658781
0.658738
0.658695
0.658652
0.658606
0.658561
0.658512
0.658466
0.658413
0.658368
0.658318
0.658267
0.65822
0.658168
0.65812
0.658067
0.658011
0.657955
0.657902
0.657849
0.657797
0.657743
0.657695
0.65764
0.657588
0.657533
0.657481
0.657428
0.657369
0.657314
0.657258
0.657199
0.657138
0.657078
0.65702
0.656965
0.65691
0.656846
0.656779
0.656715
0.656647
0.65659
0.656536
0.656472
0.656408
0.656286
0.656221
0.656153
0.656085
0.656016
0.655949
0.655879
0.655809
0.655736
0.655666
0.655528
0.655459
0.655393
0.655336
0.655275
0.655214
0.655149
0.655088
0.655026
0.654967
0.654915
0.654863
0.654803
0.65475
0.654689
0.654633
0.654573
0.654519
0.654461
0.654404
0.65435
0.654294
0.654242
0.654195
0.654146
0.6541
0.654048
0.654
0.653955
0.653907
0.653858
0.653809
0.653761
0.653716
0.653671
0.653626
0.65358
0.653536
0.653491
0.653446
0.653397
0.653352
0.653308
0.653262
0.653213
0.653169
0.653123
0.653078
0.653032
0.652989
0.652948
0.652901
0.652858
0.65282
0.652778
0.652732
0.652686
0.65264
0.652598
0.652552
0.652506
0.652459
0.652416
0.652373
0.652327
0.652287
0.652244
0.652202
0.652164
0.652125
0.652082
0.652042
0.652003
0.651968
0.651932
0.651892
0.651856
0.651819
0.65178
0.651747
0.651707
0.651674
0.651642
0.651609
0.651581
0.651556
0.651528
0.651507
0.651482
0.651461
0.651444
0.651423
0.651402
0.651385
0.651365
0.651348
0.651331
0.651314
0.651301
0.651288
0.651275
0.651266
0.651257
0.651252
0.651246
0.651241
0.651236
0.651235
0.65123
0.651225
0.65122
0.651219
0.651214
0.651209
0.651205
0.651204
0.651199
0.651194
0.651194
0.651193
0.651188
0.651188
0.651188
0.651187
0.651186
0.651186
0.651182
0.651185
0.651185
0.651189
0.651188
0.651192
0.651196
0.6512
0.651204
0.651208
0.651204
0.6512
0.651197
0.651193
0.651189
0.651186
0.651182
0.651179
0.651176
0.651172
0.651169
0.651166
0.651162
0.651159
0.651156
0.651153
0.65115
0.651146
0.651143
0.65114
0.651137
0.651134
0.651131
0.651128
0.651125
0.651122
0.651119
0.651116
0.651113
0.65111
0.651108
0.651105
0.651102
0.6511
0.651097
0.651095
0.651092
0.651089
0.651087
0.651084
0.651082
0.651079
0.651077
0.651074
0.651072
0.651069
0.651067
0.651064
0.651062
0.65106
0.651057
0.651055
0.651053
0.65105
0.651048
0.651045
0.651043
0.65104
0.651038
0.651036
0.651033
0.651031
0.651028
0.651026
0.651024
0.651021
0.651019
0.651017
0.651014
0.651012
0.65101
0.651008
0.651006
0.651003
0.651001
0.650999
0.650997
0.650995
0.650992
0.65099
0.650988
0.650986
0.650984
0.650982
0.65098
0.650978
0.650976
0.650973
0.650971
0.650969
0.650967
0.650965
0.650963
0.650961
0.650958
0.650956
0.650954
0.650952
0.65095
0.650947
0.650945
0.650943
0.650941
0.650938
0.650936
0.650934
0.650932
0.65093
0.650927
0.650925
0.650923
0.650921
0.650919
0.650916
0.650914
0.650912
0.65091
0.650908
0.650906
0.650904
0.650902
0.6509
0.650898
0.650896
0.650895
0.650893
0.650891
0.650889
0.650887
0.650886
0.650884
0.650882
0.65088
0.650878
0.650877
0.650875
0.650873
0.650871
0.65087
0.650868
0.650867
0.650865
0.650863
0.650862
0.65086
0.650859
0.650857
0.650856
0.650854
0.650853
0.650851
0.65085
0.650848
0.650847
0.650845
0.650844
0.650842
0.650841
0.650839
0.650838
0.650836
0.650835
0.650833
0.650832
0.650831
0.650829
0.650828
0.650826
0.650825
0.650823
0.650822
0.650821
0.650819
0.650818
0.650816
0.650815
0.650814
0.650812
0.650811
0.65081
0.650808
0.650807
0.650806
0.650805
0.650804
0.650802
0.650801
0.6508
0.650799
0.650798
0.650797
0.650795
0.650794
0.650793
0.650792
0.650791
0.65079
0.650789
0.650787
0.650786
0.650785
0.650784
0.650783
0.650782
0.650781
0.65078
0.650779
0.650778
0.650777
0.650776
0.650775
0.650773
0.650772
0.650771
0.65077
0.650769
0.650768
0.650767
0.650766
0.650765
0.650764
0.650763
0.650763
0.650762
0.650761
0.65076
0.650759
0.650758
0.650758
0.650757
0.650756
0.650755
0.650755
0.650754
0.650753
0.650752
0.650752
0.650751
0.650751
0.65075
0.65075
0.650749
0.650749
0.650748
0.650748
0.650747
0.650747
0.650746
0.650746
0.650746
0.650745
0.650745
0.650744
0.650744
0.650744
0.650743
0.650743
0.650743
0.650742
0.650742
0.650742
0.650742
0.650741
0.650741
0.650741
0.650741
0.650741
0.65074
0.65074
0.65074
0.65074
0.65074
0.65074
0.65074
0.65074
0.65074
0.65074
0.65074
0.65074
0.65074
0.65074
0.65074
0.65074
0.65074
0.65074
0.65074
0.65074
0.65074
0.65074
0.65074
0.65074
0.65074
0.65074
0.65074
0.65074
0.650741
0.650741
0.650741
0.650741
0.650741
0.650741
0.650741
0.650741
0.650741
0.650741
0.650741
0.650741
0.650742
0.650742
0.650742
0.650742
0.650742
0.650742
0.650742
0.650743
0.650743
0.650743
0.650743
0.650743
0.650743
0.650743
0.650744
0.650744
0.650744
0.650744
0.650744
0.650744
0.650745
0.650745
0.650745
0.650745
0.650745
0.650746
0.650746
0.650746
0.650746
0.650746
0.650746
0.650746
0.650747
0.650747
0.650747
0.650747
0.650747
0.650747
0.650748
0.650748
0.650748
0.650748
0.650748
0.650748
0.650748
0.650748
0.650749
0.650749
0.650749
0.650749
0.650749
0.650749
0.650749
0.650749
0.650749
0.650749
0.650749
0.650749
0.650749
0.650749
0.65075
0.65075
0.65075
0.65075
0.65075
0.65075
0.65075
0.65075
0.65075
0.65075
0.65075
0.65075
0.65075
0.65075
0.65075
0.65075
0.65075
0.65075
0.65075
0.65075
0.65075
0.65075
0.65075
0.65075
0.65075
0.65075
0.65075
0.650751
0.650751
0.650751
0.650751
0.650751
0.650751
0.650751
0.650751
0.650751
0.650751
0.650751
0.650751
0.650752
0.650752
0.650752
0.650752
0.650752
0.650752
0.650752
0.650752
0.650753
0.650753
0.650753
0.650753
0.650753
0.650753
0.650753
0.650753
0.650754
0.650754
0.650754
0.650754
0.650754
0.650754
0.650754
0.650754
0.650754
0.650754
0.650754
0.650754
0.650754
0.650754
0.650753
0.650753
0.650753
0.650753
0.650752
0.650752
0.650752
0.650752
0.650752
0.650751
0.650751
0.650751
0.65075
0.65075
0.65075
0.650749
0.650749
0.650749
0.650748
0.650748
0.650748
0.650747
0.650747
0.650747
0.650747
0.650746
0.650746
0.650746
0.650746
0.650745
0.650745
0.650745
0.650745
0.650745
0.650745
0.650744
0.650744
0.650744
0.650744
0.650744
0.650744
0.650743
0.650743
0.650743
0.650743
0.650743
0.650743
0.650743
0.650743
0.650743
0.650742
0.650742
0.650742
0.650742
0.650742
0.650742
0.650742
0.650742
0.650742
0.650742
0.650742
0.650742
0.650742
0.650742
0.650742
0.650742
0.650742
0.650742
0.650742
0.650742
0.650742
0.650741
0.650741
0.650741
0.650741
0.650741
0.650741
0.650741
0.650742
0.650742
0.650742
0.650742
0.650742
0.650742
0.650742
0.650742
0.650742
0.650742
0.650742
0.650743
0.650743
0.650743
0.650743
0.650743
0.650743
0.650744
0.650744
0.650744
0.650744
0.650744
0.650744
0.650744
0.650744
0.650744
0.650744
0.650745
0.650745
0.650745
0.650745
0.650745
0.650745
0.650745
0.650746
0.650746
0.650746
0.650746
0.650746
0.650746
0.650746
0.650746
0.650746
0.650746
0.650745
0.650745
0.650745
0.650745
0.650745
0.650745
0.650745
0.650745
0.650745
0.650744
0.650744
0.650744
0.650744
0.650744
0.650744
0.650743
0.650743
0.650743
0.650743
0.650743
0.650742
0.650742
0.650742
0.650742
0.650742
0.650742
0.650741
0.650741
0.650741
0.650741
0.650741
0.650741
0.650741
0.65074
0.65074
0.65074
0.65074
0.65074
0.65074
0.650739
0.650739
0.650739
0.650739
0.650739
0.650739
0.650739
0.650738
0.650738
0.650738
0.650738
0.650738
0.650738
0.650738
0.650738
0.650739
0.650739
0.650739
0.650739
0.650739
0.650739
0.650739
0.650739
0.650739
0.650739
0.650739
0.650739
0.650739
0.650739
0.650739
0.650739
0.650739
0.650739
0.650739
0.650739
0.650739
0.650739
0.650739
0.650739
0.650739
0.650739
0.650739
0.650739
0.650739
0.650739
0.650739
0.650739
0.650739
0.650739
0.650739
0.650739
0.650739
0.650739
0.650739
0.650738
0.650738
0.650738
0.650738
0.650738
0.650738
0.650738
0.650738
0.650738
0.650738
0.650738
0.650737
0.650737
0.650737
0.650737
0.650737
0.650737
0.650737
0.650737
0.650736
0.650736
0.650736
0.650736
0.650736
0.650736
0.650735
0.650735
0.650735
0.650735
0.650735
0.650735
0.650734
0.650734
0.650734
0.650734
0.650733
0.650733
0.650733
0.650733
0.650733
0.650733
0.650733
0.650732
0.650732
0.650732
0.650732
0.650732
0.650732
0.650732
0.650731
0.650731
0.650731
0.650731
0.650731
0.650731
0.65073
0.65073
0.65073
0.65073
0.65073
0.65073
0.650729
0.650729
0.650729
0.650729
0.650729
0.650729
0.650728
0.650728
0.650728
0.650728
0.650727
0.650727
0.650727
0.650727
0.650726
0.650726
0.650726
0.650726
0.650725
0.650725
0.650725
0.650724
0.650724
0.650724
0.650723
0.650723
0.650723
0.650722
0.650722
0.650722
0.650721
0.650721
0.65072
0.65072
0.650719
0.650719
0.650719
0.650718
0.650718
0.650717
0.650717
0.650716
0.650716
0.650715
0.650715
0.650715
0.650714
0.650714
0.650714
0.650713
0.650713
0.650712
0.650712
0.650712
0.650711
0.650711
0.650711
0.65071
0.65071
0.65071
0.650709
0.650709
0.650709
0.650709
0.650708
0.650708
0.650708
0.650708
0.650707
0.650707
0.650707
0.650707
0.650706
0.650706
0.650706
0.650705
0.650705
0.650705
0.650704
0.650704
0.650704
0.650704
0.650703
0.650703
0.650703
0.650702
0.650702
0.650702
0.650702
0.650701
0.650701
0.650701
0.650701
0.6507
0.6507
