0.688858
0.688858
0.688858
0.688858
0.688858
0.688858
0.688858
0.688858
0.688858
0.688858
0.688857
0.688857
0.688857
0.688857
0.688856
0.688856
0.688856
0.688856
0.688855
0.688855
0.688855
0.688855
0.688855
0.688854
0.688854
0.688854
0.688854
0.688854
0.688854
0.688853
0.688853
0.688853
0.688853
0.688853
0.688853
0.688853
0.688853
0.688853
0.688853
0.688853
0.688853
0.688853
0.688853
0.688853
0.688852
0.688852
0.688852
0.688852
0.688852
0.688852
0.688852
0.688852
0.688852
0.688852
0.688852
0.688852
0.688852
0.688852
0.688853
0.688853
0.688853
0.688853
0.688853
0.688854
0.688854
0.688854
0.688855
0.688855
0.688855
0.688855
0.688856
0.688856
0.688857
0.688857
0.688857
0.688858
0.688858
0.688859
0.688859
0.68886
0.68886
0.688861
0.688861
0.688862
0.688863
0.688863
0.688864
0.688864
0.688865
0.688866
0.688866
0.688867
0.688868
0.688869
0.688869
0.68887
0.688871
0.688872
0.688873
0.688874
0.688875
0.688876
0.688877
0.688878
0.688879
0.68888
0.688881
0.688882
0.688883
0.688884
0.688886
0.688887
0.688888
0.688889
0.68889
0.688892
0.688893
0.688894
0.688896
0.688897
0.688898
0.688899
0.688901
0.688902
0.688903
0.688904
0.688906
0.688907
0.688908
0.68891
0.688911
0.688912
0.688913
0.688915
0.688916
0.688917
0.688918
0.68892
0.688921
0.688922
0.688923
0.688925
0.688926
0.688927
0.688928
0.688929
0.68893
0.688932
0.688933
0.688934
0.688935
0.688936
0.688937
0.688938
0.688939
0.68894
0.688941
0.688942
0.688943
0.688944
0.688944
0.688945
0.688946
0.688947
0.688948
0.688949
0.688949
0.68895
0.688951
0.688951
0.688952
0.688953
0.688954
0.688954
0.688955
0.688955
0.688956
0.688956
0.688957
0.688957
0.688958
0.688958
0.688959
0.68896
0.68896
0.688961
0.688961
0.688962
0.688962
0.688963
0.688963
0.688964
0.688965
0.688965
0.688966
0.688966
0.688967
0.688968
0.688968
0.688969
0.688969
0.68897
0.68897
0.688971
0.688971
0.688972
0.688972
0.688973
0.688973
0.688974
0.688975
0.688975
0.688976
0.688976
0.688977
0.688977
0.688977
0.688978
0.688978
0.688979
0.688979
0.68898
0.68898
0.688981
0.688981
0.688982
0.688983
0.688983
0.688984
0.688984
0.688985
0.688985
0.688986
0.688986
0.688987
0.688988
0.688988
0.688989
0.688989
0.68899
0.688991
0.688991
0.688992
0.688993
0.688993
0.688994
0.688994
0.688995
0.688996
0.688996
0.688997
0.688997
0.688998
0.688998
0.688999
0.689
0.689
0.689001
0.689001
0.689002
0.689002
0.689003
0.689003
0.689004
0.689004
0.689005
0.689005
0.689006
0.689006
0.689007
0.689007
0.689008
0.689008
0.689009
0.689009
0.68901
0.68901
0.689011
0.689011
0.689012
0.689012
0.689013
0.689013
0.689013
0.689014
0.689014
0.689014
0.689015
0.689015
0.689015
0.689016
0.689016
0.689016
0.689016
0.689017
0.689017
0.689017
0.689017
0.689017
0.689018
0.689018
0.689018
0.689018
0.689018
0.689018
0.689018
0.689018
0.689018
0.689018
0.689018
0.689018
0.689018
0.689018
0.689018
0.689018
0.689018
0.689018
0.689018
0.689018
0.689018
0.689017
0.689017
0.689017
0.689017
0.689017
0.689017
0.689017
0.689017
0.689017
0.689017
0.689017
0.689016
0.689016
0.689016
0.689016
0.689016
0.689016
0.689016
0.689016
0.689016
0.689016
0.689016
0.689016
0.689016
0.689016
0.689016
0.689016
0.689016
0.689016
0.689016
0.689016
0.689016
0.689016
0.689016
0.689015
0.689015
0.689015
0.689015
0.689015
0.689015
0.689014
0.689014
0.689014
0.689014
0.689014
0.689013
0.689013
0.689013
0.689013
0.689013
0.689013
0.689013
0.689012
0.689012
0.689012
0.689012
0.689012
0.689012
0.689012
0.689012
0.689011
0.689011
0.689011
0.689011
0.689011
0.689011
0.689011
0.689011
0.689011
0.689011
0.689011
0.68901
0.68901
0.68901
0.68901
0.68901
0.68901
0.68901
0.68901
0.68901
0.689009
0.689009
0.689009
0.689009
0.689009
0.689008
0.689008
0.689008
0.689008
0.689008
0.689007
0.689007
0.689007
0.689006
0.689006
0.689006
0.689005
0.689005
0.689005
0.689004
0.689004
0.689003
0.689003
0.689003
0.689002
0.689002
0.689001
0.689001
0.689
0.689
0.689
0.688999
0.688999
0.688998
0.688998
0.688997
0.688997
0.688997
0.688996
0.688996
0.688995
0.688995
0.688995
0.688994
0.688994
0.688994
0.688993
0.688993
0.688993
0.688992
0.688992
0.688991
0.688991
0.688991
0.688991
0.68899
0.68899
0.68899
0.688989
0.688989
0.688989
0.688989
0.688988
0.688988
0.688988
0.688988
0.688988
0.688988
0.688988
0.688987
0.688987
0.688987
0.688987
0.688987
0.688987
0.688987
0.688986
0.688986
0.688986
0.688986
0.688986
0.688986
0.688986
0.688986
0.688986
0.688986
0.688986
0.688986
0.688986
0.688986
0.688986
0.688986
0.688986
0.688986
0.688986
0.688986
0.688986
0.688986
0.688986
0.688986
0.688986
0.688986
0.688986
0.688986
0.688986
0.688986
0.688985
0.688985
0.688985
0.688985
0.688984
0.688984
0.688984
0.688984
0.688984
0.688983
0.688983
0.688983
0.688983
0.688983
0.688982
0.688982
0.688982
0.688982
0.688982
0.688981
0.688981
0.688981
0.688981
0.688981
0.688981
0.68898
0.68898
0.68898
0.68898
0.68898
0.688979
0.688979
0.688979
0.688979
0.688979
0.688978
0.688978
0.688978
0.688978
0.688977
0.688977
0.688977
0.688977
0.688977
0.688976
0.688976
0.688976
0.688976
0.688975
0.688975
0.688975
0.688975
0.688974
0.688974
0.688974
0.688974
0.688973
0.688973
0.688973
0.688973
0.688972
0.688972
0.688972
0.688972
0.688971
0.688971
0.688971
0.688971
0.68897
0.68897
0.68897
0.68897
0.68897
0.68897
0.68897
0.688969
0.688969
0.688969
0.688969
0.688969
0.688969
0.688969
0.688969
0.688969
0.688968
0.688968
0.688968
0.688968
0.688968
0.688968
0.688968
0.688968
0.688968
0.688968
0.688968
0.688968
0.688968
0.688968
0.688968
0.688968
0.688968
0.688968
0.688968
0.688968
0.688968
0.688968
0.688968
0.688969
0.688969
0.688969
0.688969
0.68897
0.68897
0.68897
0.68897
0.68897
0.688971
0.688971
0.688971
0.688971
0.688972
0.688972
0.688972
0.688973
0.688973
0.688973
0.688974
0.688974
0.688974
0.688975
0.688975
0.688975
0.688976
0.688976
0.688977
0.688977
0.688978
0.688978
0.688978
0.688979
0.688979
0.68898
0.688981
0.688981
0.688981
0.688982
0.688982
0.688983
0.688983
0.688984
0.688984
0.688985
0.688985
0.688986
0.688986
0.688987
0.688987
0.688988
0.688988
0.688989
0.688989
0.68899
0.688991
0.688991
0.688991
0.688992
0.688992
0.688993
0.688993
0.688994
0.688995
0.688995
0.688996
0.688996
0.688997
0.688997
0.688998
0.688998
0.688999
0.688999
0.689
0.689
0.689001
0.689001
0.689002
0.689002
0.689003
0.689003
0.689004
0.689004
0.689005
0.689005
0.689005
0.689006
0.689006
0.689007
0.689007
0.689007
0.689008
0.689008
0.689008
0.689009
0.689009
0.68901
0.68901
0.68901
0.689011
0.689011
0.689012
0.689012
0.689012
0.689013
0.689013
0.689014
0.689014
0.689014
0.689015
0.689015
0.689015
0.689016
0.689016
0.689016
0.689017
0.689017
0.689017
0.689018
0.689018
0.689018
0.689019
0.689019
0.689019
0.689019
0.68902
0.68902
0.68902
0.68902
0.68902
0.689021
0.689021
0.689021
0.689021
0.689022
0.689022
0.689022
0.689022
0.689022
0.689023
0.689023
0.689023
0.689023
0.689023
0.689024
0.689024
0.689024
0.689024
0.689025
0.689025
0.689025
0.689025
0.689025
0.689025
0.689026
0.689026
0.689026
0.689026
0.689026
0.689026
0.689026
0.689027
0.689027
0.689027
0.689027
0.689027
0.689027
0.689027
0.689027
0.689028
0.689028
0.689028
0.689028
0.689028
0.689028
0.689028
0.689028
0.689029
0.689029
0.689029
0.689029
0.689029
0.689029
0.689029
0.689029
0.689029
0.68903
0.68903
0.68903
0.68903
0.68903
0.68903
0.68903
0.68903
0.68903
0.689031
0.689031
0.689031
0.689031
0.689031
0.689031
0.689031
0.689031
0.689032
0.689032
0.689032
0.689032
0.689032
0.689032
0.689032
0.689032
0.689032
0.689032
0.689032
0.689032
0.689032
0.689032
0.689032
0.689032
0.689032
0.689032
0.689032
0.689032
0.689032
0.689032
0.689033
0.689033
0.689033
0.689033
0.689033
0.689033
0.689033
0.689033
0.689033
0.689033
0.689033
0.689033
0.689033
0.689033
0.689033
0.689033
0.689033
0.689032
0.689032
0.689032
0.689032
0.689032
0.689032
0.689032
0.689032
0.689032
0.689032
0.689031
0.689031
0.689031
0.689031
0.689031
0.689031
0.689031
0.689031
0.689031
0.689031
0.689031
0.689031
0.689031
0.689031
0.689031
0.689031
0.689031
0.689031
0.689031
0.689031
0.689031
0.689031
0.689032
0.689032
0.689032
0.689032
0.689032
0.689032
0.689032
0.689032
0.689032
0.689032
0.689032
0.689032
0.689032
0.689032
0.689032
0.689032
0.689032
0.689032
0.689033
0.689033
0.689033
0.689033
0.689033
0.689033
0.689033
0.689033
0.689034
0.689034
0.689034
0.689034
0.689034
0.689034
0.689034
0.689034
0.689034
0.689035
0.689035
0.689035
0.689035
0.689035
0.689035
0.689035
0.689036
0.689036
0.689036
0.689036
0.689036
0.689037
0.689037
0.689037
0.689037
0.689037
0.689037
0.689038
0.689038
0.689038
0.689038
0.689038
0.689038
0.689038
0.689039
0.689039
0.689039
0.689039
0.689039
0.689039
0.68904
0.68904
0.68904
0.68904
0.68904
0.68904
0.68904
0.68904
0.68904
0.68904
0.689041
0.689041
0.689041
0.689041
0.689041
0.689041
0.689041
0.689041
0.689042
0.689042
0.689042
0.689042
0.689042
0.689042
0.689042
0.689042
0.689043
0.689043
0.689043
0.689043
0.689043
0.689043
0.689043
0.689043
0.689043
0.689043
0.689043
0.689043
0.689043
0.689043
0.689043
0.689043
0.689043
0.689043
0.689043
0.689043
0.689043
0.689043
0.689043
0.689043
0.689043
0.689043
0.689043
0.689043
0.689043
0.689043
0.689043
0.689043
0.689043
0.689043
0.689043
0.689044
0.689044
0.689044
0.689044
0.689044
0.689044
0.689044
0.689044
0.689044
0.689044
0.689044
0.689044
0.689044
0.689044
0.689044
0.689044
0.689044
0.689044
0.689044
0.689044
0.689044
0.689044
0.689043
0.689043
0.689043
0.689043
0.689043
0.689043
0.689043
0.689043
0.689043
0.689043
0.689043
0.689043
0.689043
0.689044
0.689044
0.689044
0.689044
0.689044
0.689044
0.689044
0.689044
0.689044
0.689044
0.689044
0.689044
0.689044
0.689044
0.689044
0.689044
0.689044
0.689044
0.689044
0.689044
0.689043
0.689043
0.689043
0.689043
0.689043
0.689042
0.689042
0.689042
0.689042
0.689041
0.689041
0.689041
0.689041
0.689041
0.68904
0.68904
0.68904
0.68904
0.68904
0.68904
0.689039
0.689039
0.689039
0.689039
0.689039
0.689039
0.689039
0.689039
0.689039
0.689039
0.689039
0.689039
0.689039
0.689039
0.689039
0.689039
0.689039
0.689039
0.689039
0.689039
0.689039
0.689039
0.68904
0.68904
0.68904
0.68904
0.68904
0.68904
0.68904
0.689041
0.689041
0.689041
0.689041
0.689041
0.689041
0.689041
0.689042
0.689042
0.689042
0.689042
0.689042
0.689042
0.689042
0.689042
0.689042
0.689042
0.689043
0.689043
0.689043
0.689043
0.689043
0.689043
0.689043
0.689043
0.689043
0.689043
0.689044
0.689044
0.689044
0.689044
0.689044
0.689044
0.689044
0.689044
0.689044
0.689044
0.689044
0.689044
0.689044
0.689044
0.689045
0.689045
0.689045
0.689045
0.689045
0.689045
0.689045
0.689045
0.689045
0.689045
0.689045
0.689045
0.689045
0.689045
0.689045
0.689045
0.689045
0.689045
0.689045
0.689045
0.689045
0.689045
0.689045
0.689045
0.689045
0.689045
0.689045
0.689045
0.689045
0.689045
0.689045
0.689046
0.689046
0.689046
0.689046
0.689046
0.689046
0.689046
0.689046
0.689046
0.689046
0.689046
0.689046
0.689046
0.689046
0.689046
0.689047
0.689047
0.689047
0.689047
0.689047
0.689046
0.689046
0.689046
0.689046
0.689046
0.689046
0.689046
0.689045
0.689045
0.689045
0.689045
0.689045
0.689044
0.689044
0.689044
0.689044
0.689043
0.689043
0.689043
0.689043
0.689043
0.689042
0.689042
0.689042
0.689042
0.689041
0.689041
0.689041
0.689041
0.689041
0.68904
0.68904
0.68904
0.68904
0.68904
0.689039
0.689039
0.689039
0.689039
0.689038
0.689038
0.689038
0.689037
0.689037
0.689037
0.689036
0.689036
0.689036
0.689035
0.689035
0.689035
0.689035
0.689035
0.689035
0.689035
0.689035
0.689035
0.689035
0.689035
0.689036
0.689036
0.689036
0.689037
0.689037
0.689037
0.689038
0.689038
0.689039
0.689039
0.68904
0.68904
0.689041
0.689041
0.689042
0.689042
0.689042
0.689043
0.689043
0.689044
0.689044
0.689045
0.689045
0.689046
0.689046
0.689046
0.689047
0.689047
0.689047
0.689048
0.689048
0.689048
0.689048
0.689049
0.689049
0.689049
0.689049
0.68905
0.68905
0.68905
0.68905
0.68905
0.68905
0.689051
0.689051
0.689051
0.689051
0.689051
0.689051
0.689051
0.689051
0.689051
0.689051
0.689051
0.689051
0.689051
0.689051
0.689051
0.689051
0.689051
0.689051
0.689051
0.689051
0.689051
0.689051
0.689051
0.68905
0.68905
0.68905
0.68905
0.68905
0.689049
0.689049
0.689049
0.689049
0.689049
0.689048
0.689048
0.689048
0.689048
0.689048
0.689047
0.689047
0.689047
0.689047
0.689046
0.689046
0.689046
0.689046
0.689045
0.689045
0.689045
0.689044
0.689044
0.689044
0.689043
0.689043
0.689042
0.689042
0.689041
0.689041
0.68904
0.68904
0.689039
0.689039
0.689038
0.689038
0.689037
0.689036
0.689036
0.689035
0.689035
0.689034
0.689034
0.689033
0.689033
0.689032
0.689032
0.689031
0.68903
0.68903
0.689029
0.689029
0.689029
0.689028
0.689028
0.689027
0.689027
0.689026
0.689026
0.689025
0.689025
0.689024
0.689024
0.689023
0.689023
0.689023
0.689022
0.689022
0.689021
0.689021
0.68902
0.68902
0.689019
0.689019
0.689019
0.689018
0.689018
0.689017
0.689017
0.689016
0.689016
0.689015
0.689015
0.689014
0.689014
0.689013
0.689013
0.689012
0.689011
0.689011
0.68901
0.689009
0.689009
0.689008
0.689007
0.689006
0.689006
0.689005
0.689004
0.689003
0.689002
0.689001
0.689
0.688999
0.688998
0.688997
0.688996
0.688994
0.688993
0.688992
0.688991
0.68899
0.688988
0.688987
0.688986
0.688984
0.688983
0.688982
0.68898
0.688979
0.688978
0.688976
0.688975
0.688974
0.688972
0.688971
0.68897
0.688969
0.688967
0.688966
0.688965
0.688963
0.688962
0.688961
0.68896
0.688959
0.688958
0.688956
0.688955
0.688954
0.688953
0.688952
0.688951
0.68895
0.688949
0.688948
0.688947
0.688946
0.688945
0.688944
0.688943
0.688942
0.688941
0.68894
0.688939
0.688938
0.688937
0.688937
0.688936
0.688935
0.688934
0.688933
0.688932
0.688931
0.688931
0.68893
0.688929
0.688928
0.688927
0.688926
0.688926
0.688925
0.688924
0.688923
0.688922
0.688921
0.688921
0.68892
0.688919
0.688918
0.688918
0.688917
0.688916
0.688915
0.688915
0.688914
0.688914
0.688913
0.688913
0.688912
0.688912
0.688911
0.68891
0.68891
0.688909
0.688909
0.688908
0.688908
0.688907
0.688907
0.688906
0.688906
0.688906
0.688905
0.688905
0.688904
0.688904
0.688904
0.688903
0.688903
0.688903
0.688902
0.688902
0.688902
0.688902
0.688901
0.688901
0.688901
0.688901
0.688901
0.6889
0.6889
0.6889
0.6889
0.6889
0.6889
0.6889
0.6889
0.6889
0.6889
0.6889
0.6889
0.6889
0.6889
0.6889
0.6889
0.6889
0.6889
0.6889
0.6889
0.688901
0.688901
0.688901
0.688901
0.688901
0.688901
0.688901
0.688902
0.688902
0.688902
0.688902
0.688902
0.688903
0.688903
0.688903
0.688903
0.688904
0.688904
0.688904
0.688904
0.688905
0.688905
0.688905
0.688905
0.688906
0.688906
0.688906
0.688906
0.688906
0.688907
0.688907
0.688907
0.688907
0.688908
0.688908
0.688908
0.688908
0.688908
0.688909
0.688909
0.688909
0.688909
0.688909
0.688909
0.688909
0.68891
0.68891
0.68891
0.68891
0.68891
0.68891
0.68891
0.688911
0.688911
0.688911
0.688911
0.688911
0.688911
0.688912
0.688912
0.688912
0.688912
0.688912
0.688913
0.688913
0.688913
0.688913
0.688914
0.688914
0.688914
0.688914
0.688915
0.688915
0.688915
0.688915
0.688915
0.688916
0.688916
0.688916
0.688916
0.688916
0.688917
0.688917
0.688917
0.688917
0.688918
0.688918
0.688918
0.688919
0.688919
0.688919
0.688919
0.68892
0.68892
0.68892
0.68892
0.688921
0.688921
0.688921
0.688921
0.688922
0.688922
0.688922
0.688923
0.688923
0.688923
0.688924
0.688924
0.688924
0.688925
0.688925
0.688925
0.688926
0.688926
0.688926
0.688927
0.688927
0.688927
0.688928
0.688928
0.688929
0.688929
0.688929
0.68893
0.68893
0.688931
0.688931
0.688931
0.688932
0.688932
0.688933
0.688933
0.688934
0.688934
0.688935
0.688935
0.688936
0.688936
0.688936
0.688937
0.688937
0.688938
0.688938
0.688938
0.688939
0.688939
0.68894
0.68894
0.68894
0.688941
0.688941
0.688941
0.688942
0.688942
0.688942
0.688943
0.688943
0.688943
0.688944
0.688944
0.688945
0.688945
0.688945
0.688946
0.688946
0.688946
0.688947
0.688947
0.688947
0.688948
0.688948
0.688949
0.688949
0.688949
0.68895
0.68895
0.688951
0.688951
0.688951
0.688952
0.688952
0.688952
0.688953
0.688953
0.688954
0.688954
0.688954
0.688955
0.688955
0.688956
0.688956
0.688956
0.688957
0.688957
0.688957
0.688958
0.688958
0.688958
0.688959
0.688959
0.688959
0.68896
0.68896
0.68896
0.688961
0.688961
0.688962
0.688962
0.688962
0.688963
0.688963
0.688964
0.688964
0.688965
0.688965
0.688966
0.688967
0.688967
0.688968
0.688968
0.688969
0.688969
0.68897
0.688971
0.688971
0.688972
0.688972
0.688973
0.688973
0.688974
0.688975
0.688975
0.688976
0.688976
0.688977
0.688977
0.688978
0.688978
0.688979
0.688979
0.68898
0.68898
0.688981
0.688981
0.688982
0.688982
0.688983
0.688983
0.688984
0.688984
0.688985
0.688985
0.688985
0.688986
0.688986
0.688987
0.688987
0.688987
0.688988
0.688988
0.688988
0.688989
0.688989
0.688989
0.68899
0.68899
0.68899
0.688991
0.688991
0.688992
0.688992
0.688993
0.688993
0.688994
0.688994
0.688995
0.688995
0.688996
0.688996
0.688997
0.688997
0.688998
0.688998
0.688999
0.688999
0.689
0.689
0.689001
0.689001
0.689002
0.689002
0.689003
0.689003
0.689004
0.689004
0.689005
0.689005
0.689006
0.689006
0.689007
0.689007
0.689007
0.689008
0.689008
0.689009
0.689009
0.68901
0.68901
0.689011
0.689011
0.689011
0.689012
0.689012
0.689013
0.689013
0.689014
0.689014
0.689015
0.689015
0.689016
0.689016
0.689017
0.689017
0.689017
0.689018
0.689018
0.689019
0.689019
0.689019
0.68902
0.68902
0.689021
0.689021
0.689022
0.689022
0.689022
0.689023
0.689023
0.689023
0.689024
0.689024
0.689025
0.689025
0.689025
0.689026
0.689026
0.689027
0.689027
0.689028
0.689028
0.689029
0.689029
0.68903
0.68903
0.68903
0.689031
0.689031
0.689032
0.689032
0.689032
0.689033
0.689033
0.689034
0.689034
0.689034
0.689034
0.689035
0.689035
0.689035
0.689035
0.689036
0.689036
0.689036
0.689036
0.689037
0.689037
0.689037
0.689038
0.689038
0.689038
0.689038
0.689039
0.689039
0.689039
0.68904
0.68904
0.68904
0.689041
0.689041
0.689041
0.689042
0.689042
0.689042
0.689042
0.689043
0.689043
0.689043
0.689044
0.689044
0.689044
0.689045
0.689045
0.689045
0.689045
0.689046
0.689046
0.689046
0.689046
0.689047
0.689047
0.689047
0.689047
0.689048
0.689048
0.689048
0.689049
0.689049
0.689049
0.689049
0.68905
0.68905
0.68905
0.689051
0.689051
0.689052
0.689052
0.689052
0.689053
0.689053
0.689054
0.689054
0.689054
0.689055
0.689055
0.689056
0.689056
0.689056
0.689057
0.689057
0.689058
0.689058
0.689058
0.689059
0.689059
0.68906
0.68906
0.68906
0.689061
0.689061
0.689062
0.689062
0.689062
0.689063
0.689063
0.689063
0.689064
0.689064
0.689064
0.689065
0.689065
0.689065
0.689066
0.689066
0.689067
0.689067
0.689067
0.689068
0.689068
0.689068
0.689069
0.689069
0.68907
0.68907
0.689071
0.689071
0.689071
0.689072
0.689072
0.689073
0.689073
0.689073
0.689074
0.689074
0.689074
0.689075
0.689075
0.689076
0.689076
0.689076
0.689077
0.689077
0.689077
0.689078
0.689078
0.689078
0.689079
0.689079
0.68908
0.68908
0.68908
0.689081
0.689081
0.689082
0.689082
0.689082
0.689083
0.689083
0.689083
0.689084
0.689084
0.689084
0.689085
0.689085
0.689085
0.689086
0.689086
0.689086
0.689086
0.689087
0.689087
0.689087
0.689088
0.689088
0.689088
0.689089
0.689089
0.689089
0.68909
0.68909
0.68909
0.689091
0.689091
0.689091
0.689091
0.689092
0.689092
0.689092
0.689092
0.689093
0.689093
0.689093
0.689093
0.689093
0.689094
0.689094
0.689094
0.689094
0.689094
0.689094
0.689095
0.689095
0.689095
0.689095
0.689095
0.689096
0.689096
0.689096
0.689096
0.689096
0.689096
0.689096
0.689096
0.689096
0.689096
0.689096
0.689096
0.689096
0.689096
0.689096
0.689096
0.689096
0.689096
0.689097
0.689097
0.689097
0.689097
0.689097
0.689097
0.689097
0.689097
0.689097
0.689097
0.689097
0.689097
0.689097
0.689097
0.689097
0.689097
0.689097
0.689097
0.689096
0.689096
0.689096
0.689096
0.689096
0.689096
0.689096
0.689096
0.689096
0.689096
0.689096
0.689096
0.689096
0.689096
0.689097
0.689097
0.689097
0.689097
0.689097
0.689097
0.689097
0.689097
0.689097
0.689097
0.689097
0.689097
0.689098
0.689098
0.689098
0.689098
0.689098
0.689098
0.689098
0.689098
0.689098
0.689098
0.689098
0.689098
0.689098
0.689098
0.689098
0.689098
0.689098
0.689098
0.689098
0.689098
0.689098
0.689098
0.689098
0.689098
0.689097
0.689097
0.689097
0.689097
0.689097
0.689097
0.689097
0.689097
0.689097
0.689097
0.689097
0.689096
0.689096
0.689096
0.689096
0.689096
0.689096
0.689096
0.689096
0.689096
0.689095
0.689095
0.689095
0.689095
0.689095
0.689095
0.689095
0.689094
0.689094
0.689094
0.689094
0.689094
0.689093
0.689093
0.689093
0.689093
0.689092
0.689092
0.689092
0.689092
0.689092
0.689091
0.689091
0.689091
0.689091
0.68909
0.68909
0.68909
0.68909
0.689089
0.689089
0.689089
0.689088
0.689088
0.689088
0.689087
0.689087
0.689087
0.689086
0.689086
0.689086
0.689085
0.689085
0.689085
0.689084
0.689084
0.689084
0.689084
0.689083
0.689083
0.689083
0.689082
0.689082
0.689082
0.689081
0.689081
0.689081
0.68908
0.68908
0.68908
0.689079
0.689079
0.689078
0.689078
0.689078
0.689077
0.689077
0.689076
0.689076
0.689076
0.689075
0.689075
0.689075
0.689074
0.689074
0.689073
0.689073
0.689073
0.689072
0.689072
0.689071
0.689071
0.689071
0.68907
0.68907
0.68907
0.689069
0.689069
0.689069
0.689068
0.689068
0.689068
0.689067
0.689067
0.689067
0.689066
0.689066
0.689066
0.689065
0.689065
0.689065
0.689064
0.689064
0.689064
0.689063
0.689063
0.689063
0.689062
0.689062
0.689062
0.689062
0.689061
0.689061
0.689061
0.68906
0.68906
0.68906
0.689059
0.689059
0.689059
0.689059
0.689058
0.689058
0.689058
0.689058
0.689057
0.689057
0.689057
0.689057
0.689056
0.689056
0.689056
0.689056
0.689056
0.689055
0.689055
0.689055
0.689055
0.689055
0.689054
0.689054
0.689054
0.689054
0.689054
0.689054
0.689053
0.689053
0.689053
0.689053
0.689053
0.689053
0.689053
0.689052
0.689052
0.689052
0.689052
0.689052
0.689052
0.689052
0.689052
0.689052
0.689051
0.689051
0.689051
0.689051
0.689051
0.689051
0.689051
0.689051
0.689051
0.689051
0.689051
0.689051
0.689051
0.689051
0.689051
0.689051
0.689051
0.689051
0.689051
0.689051
0.689051
0.689051
0.689051
0.689051
0.689051
0.689051
0.689051
0.689051
0.689051
0.689051
0.689051
0.689051
0.68905
0.68905
0.68905
0.68905
0.68905
0.68905
0.68905
0.68905
0.68905
0.68905
0.68905
0.68905
0.68905
0.68905
0.68905
0.68905
0.68905
0.689049
0.689049
0.689049
0.689049
0.689049
0.689049
0.689049
0.689049
0.689049
0.689049
0.689049
0.689049
0.689048
0.689048
0.689048
0.689048
0.689048
0.689048
0.689048
0.689048
0.689048
0.689047
0.689047
0.689047
0.689047
0.689047
0.689047
0.689046
0.689046
0.689046
0.689046
0.689046
0.689045
0.689045
0.689045
0.689045
0.689045
0.689044
0.689044
0.689044
0.689044
0.689043
0.689043
0.689043
0.689043
0.689042
0.689042
0.689042
0.689041
0.689041
0.689041
0.68904
0.68904
0.68904
0.689039
0.689039
0.689039
0.689038
0.689038
0.689038
0.689037
0.689037
0.689037
0.689036
0.689036
0.689035
0.689035
0.689035
0.689035
0.689034
0.689034
0.689034
0.689033
0.689033
0.689033
0.689032
0.689032
0.689032
0.689032
0.689031
0.689031
0.689031
0.689031
0.68903
0.68903
0.68903
0.68903
0.689029
0.689029
0.689029
0.689029
0.689028
0.689028
0.689028
0.689027
0.689027
0.689027
0.689027
0.689026
0.689026
0.689026
0.689025
0.689025
0.689024
0.689024
0.689024
0.689023
0.689023
0.689023
0.689022
0.689022
0.689022
0.689021
0.689021
0.689021
0.68902
0.68902
0.68902
0.689019
0.689019
0.689019
0.689018
0.689018
0.689017
0.689017
0.689017
0.689016
0.689016
0.689015
0.689015
0.689015
0.689014
0.689014
0.689013
0.689013
0.689013
0.689012
0.689012
0.689012
0.689011
0.689011
0.68901
0.68901
0.68901
0.689009
0.689009
0.689009
0.689008
0.689008
0.689008
0.689007
0.689007
0.689006
0.689006
0.689006
0.689005
0.689005
0.689004
0.689004
0.689004
0.689003
0.689003
0.689002
0.689002
0.689001
0.689001
0.689
0.689
0.689
0.688999
0.688999
0.688998
0.688998
0.688998
0.688997
0.688997
0.688997
0.688996
0.688996
0.688995
0.688995
0.688995
0.688994
0.688994
0.688993
0.688993
0.688992
0.688992
0.688991
0.688991
0.68899
0.68899
0.688989
0.688989
0.688989
0.688988
0.688988
0.688987
0.688987
0.688986
0.688986
0.688985
0.688985
0.688984
0.688984
0.688983
0.688983
0.688982
0.688982
0.688981
0.688981
0.68898
0.688979
0.688979
0.688978
0.688978
0.688977
0.688976
0.688976
0.688975
0.688975
0.688974
0.688973
0.688973
0.688972
0.688972
0.688971
0.688971
0.68897
0.68897
0.688969
0.688968
0.688968
0.688967
0.688967
0.688966
0.688965
0.688965
0.688964
0.688963
0.688963
0.688962
0.688962
0.688961
0.68896
0.68896
0.688959
0.688959
0.688958
0.688957
0.688957
0.688956
0.688956
0.688955
0.688954
0.688954
0.688953
0.688952
0.688952
0.688951
0.688951
0.68895
0.688949
0.688949
0.688948
0.688947
0.688947
0.688946
0.688946
0.688945
0.688945
0.688944
0.688943
0.688943
0.688942
0.688942
0.688941
0.688941
0.68894
0.688939
0.688939
0.688938
0.688938
0.688937
0.688937
0.688936
0.688936
0.688935
0.688934
0.688934
0.688933
0.688933
0.688932
0.688932
0.688931
0.68893
0.68893
0.688929
0.688929
0.688928
0.688928
0.688928
0.688927
0.688927
0.688926
0.688926
0.688926
0.688925
0.688925
0.688924
0.688924
0.688924
0.688923
0.688923
0.688923
0.688922
0.688922
0.688922
0.688921
0.688921
0.688921
0.68892
0.68892
0.68892
0.688919
0.688919
0.688919
0.688918
0.688918
0.688918
0.688917
0.688917
0.688917
0.688916
0.688916
0.688916
0.688916
0.688915
0.688915
0.688915
0.688914
0.688914
0.688913
0.688913
0.688913
0.688912
0.688912
0.688911
0.688911
0.68891
0.68891
0.68891
0.688909
0.688909
0.688909
0.688908
0.688908
0.688908
0.688907
0.688907
0.688906
0.688906
0.688906
0.688905
0.688905
0.688904
0.688904
0.688903
0.688903
0.688903
0.688902
0.688902
0.688902
0.688901
0.688901
0.688901
0.6889
0.6889
0.6889
0.688899
0.688899
0.688899
0.688898
0.688898
0.688898
0.688897
0.688897
0.688897
0.688897
0.688896
0.688896
0.688896
0.688896
0.688896
0.688896
0.688895
0.688895
0.688895
0.688895
0.688895
0.688895
0.688895
0.688895
0.688895
0.688895
0.688895
0.688895
0.688895
0.688895
0.688895
0.688895
0.688895
0.688895
0.688895
0.688895
0.688895
0.688895
0.688895
0.688895
0.688895
0.688895
0.688895
0.688895
0.688895
0.688895
0.688895
0.688894
0.688894
0.688894
0.688894
0.688894
0.688894
0.688894
0.688894
0.688894
0.688894
0.688894
0.688894
0.688894
0.688894
0.688894
0.688893
0.688893
0.688893
0.688893
0.688893
0.688893
0.688893
0.688893
0.688893
0.688893
0.688893
0.688893
0.688893
0.688893
0.688893
0.688893
0.688893
0.688893
0.688893
0.688893
0.688893
0.688893
0.688893
0.688893
0.688893
0.688892
0.688892
0.688892
0.688892
0.688892
0.688892
0.688892
0.688892
0.688892
0.688892
0.688892
0.688892
0.688891
0.688891
0.688891
0.688891
0.688891
0.688891
0.688891
0.688891
0.688891
0.688891
0.688891
0.688891
0.688891
0.688891
0.688891
0.688891
0.68889
0.68889
0.68889
0.68889
0.68889
0.68889
0.68889
0.68889
0.68889
0.68889
0.68889
0.68889
0.688891
0.688891
0.688891
0.688891
0.688891
0.688891
0.688891
0.688891
0.688891
0.688891
0.688891
0.688891
0.688891
0.688891
0.688891
0.688891
0.688891
0.688891
0.688891
0.688891
0.688891
0.688891
0.688891
0.688891
0.688891
0.688891
0.688891
0.688891
0.688891
0.688891
0.688891
0.688891
0.688891
0.688891
0.688891
0.688891
0.688891
0.688891
0.688891
0.688891
0.688891
0.688891
0.688891
0.688891
0.688891
0.688891
0.688891
0.688891
0.688891
0.688891
0.688891
0.68889
0.68889
0.68889
0.68889
0.68889
0.68889
0.68889
0.68889
0.68889
0.68889
0.68889
0.688889
0.688889
0.688889
0.688889
0.688889
0.688889
0.688889
0.688889
0.688889
0.688889
0.688889
0.688888
0.688888
0.688888
0.688888
0.688888
0.688888
0.688888
0.688888
0.688888
0.688887
0.688887
0.688887
0.688887
0.688887
0.688887
0.688887
0.688887
0.688887
0.688887
0.688887
0.688886
0.688886
0.688886
0.688886
0.688886
0.688886
0.688886
0.688886
0.688886
0.688886
0.688886
0.688886
0.688886
0.688886
0.688886
0.688886
0.688886
0.688886
0.688886
0.688886
0.688886
0.688886
0.688886
0.688886
0.688886
0.688886
0.688886
0.688886
0.688886
0.688886
0.688886
0.688886
0.688886
0.688886
0.688886
0.688886
0.688886
0.688886
0.688886
0.688886
0.688886
0.688886
0.688886
0.688886
0.688886
0.688886
0.688886
0.688885
0.688885
0.688885
0.688885
0.688885
0.688885
0.688885
0.688885
0.688885
0.688884
0.688884
0.688884
0.688884
0.688884
0.688884
0.688884
0.688884
0.688884
0.688883
0.688883
0.688883
0.688883
0.688883
0.688883
0.688883
0.688883
0.688883
0.688882
0.688882
0.688882
0.688882
0.688882
0.688882
0.688882
0.688882
0.688882
0.688882
0.688882
0.688882
0.688882
0.688882
0.688882
0.688882
0.688882
0.688882
0.688881
0.688881
0.688881
0.688881
0.688881
0.688881
0.688881
0.688881
0.68888
0.68888
0.68888
0.68888
0.68888
0.68888
0.68888
0.68888
0.688879
0.688879
0.688879
0.688879
0.688879
0.688879
0.688878
0.688878
0.688878
0.688878
0.688878
0.688878
0.688878
0.688878
0.688878
0.688878
0.688878
0.688878
0.688878
0.688878
0.688878
0.688878
0.688878
0.688878
0.688878
0.688878
0.688879
0.688879
0.688879
0.688879
0.688879
0.68888
0.68888
0.68888
0.68888
0.68888
0.688881
0.688881
0.688881
0.688881
0.688882
0.688882
0.688882
0.688882
0.688883
0.688883
0.688883
0.688883
0.688884
0.688884
0.688884
0.688885
0.688885
0.688885
0.688886
0.688886
0.688886
0.688887
0.688887
0.688887
0.688888
0.688888
0.688888
0.688889
0.688889
0.688889
0.688889
0.68889
0.68889
0.68889
0.688891
0.688891
0.688887
0.688888
0.688888
0.688889
0.688894
0.688894
0.68889
0.688895
0.688896
0.688892
0.688892
0.688893
0.688891
0.688891
0.688892
0.688893
0.688891
0.688888
0.688891
0.688888
0.688886
0.688886
0.688888
0.688891
0.688889
0.688891
0.688895
0.688893
0.688893
0.688891
0.688892
0.688892
0.688893
0.688893
0.688888
0.688889
0.688892
0.688893
0.688893
0.688892
0.688897
0.688902
0.688903
0.688907
0.688907
0.688908
0.688908
0.688909
0.68891
0.688907
0.688904
0.688904
0.688906
0.688907
0.688904
0.688906
0.688904
0.688903
0.688905
0.688904
0.688903
0.688904
0.688903
0.688898
0.688903
0.688902
0.688903
0.688904
0.6889
0.688901
0.688909
0.68891
0.688906
0.688907
0.688908
0.688907
0.688908
0.688912
0.688907
0.688911
0.688916
0.68892
0.688919
0.688917
0.688921
0.68892
0.688914
0.688914
0.688913
0.688913
0.688917
0.688916
0.688916
0.688917
0.688919
0.688919
0.688917
0.68892
0.688918
0.688922
0.688919
0.688924
0.688928
0.688932
0.688935
0.688934
0.688938
0.688939
0.688942
0.688947
0.688947
0.68895
0.688954
0.688957
0.688961
0.688964
0.688966
0.688969
0.688976
0.688984
0.688993
0.688999
0.689011
0.689016
0.689031
0.689036
0.689044
0.689053
0.689055
0.689063
0.689067
0.68907
0.689068
0.68907
0.689068
0.689067
0.689064
0.689062
0.689059
0.689058
0.68906
0.689059
0.689058
0.689066
0.689065
0.689072
0.689071
0.689075
0.689084
0.689083
0.689087
0.68909
0.689092
0.689092
0.689093
0.689097
0.689098
0.689095
0.689092
0.689088
0.689081
0.689074
0.689069
0.689062
0.689052
0.689037
0.689027
0.689017
0.689003
0.688993
0.688979
0.688967
0.688953
0.688943
0.68893
0.688922
0.688905
0.688892
0.68887
0.688853
0.68884
0.688819
0.688802
0.688779
0.688762
0.688745
0.688728
0.688706
0.688689
0.688667
0.68865
0.688627
0.688606
0.68858
0.688558
0.688531
0.688506
0.688483
0.688456
0.68843
0.688404
0.688377
0.688346
0.688312
0.688282
0.688248
0.688213
0.688183
0.688148
0.688114
0.688084
0.688045
0.688011
0.687972
0.687934
0.687897
0.687861
0.687827
0.687785
0.687744
0.687702
0.68766
0.687622
0.687584
0.687542
0.6875
0.687453
0.687407
0.687364
0.687322
0.687276
0.687229
0.687178
0.687136
0.687091
0.687044
0.687002
0.686965
0.686923
0.686882
0.686842
0.68681
0.686777
0.686741
0.686704
0.686672
0.686635
0.686602
0.686567
0.686538
0.686505
0.686474
0.686442
0.686411
0.686376
0.686337
0.686302
0.686273
0.686239
0.686201
0.686164
0.686126
0.686098
0.686064
0.68603
0.685994
0.685957
0.68592
0.685876
0.685836
0.685791
0.685743
0.685703
0.685649
0.685595
0.685541
0.685488
0.685433
0.685374
0.685375
0.685376
0.685377
0.685377
0.685378
0.685379
0.68538
0.68538
0.685381
0.685382
0.685382
0.685383
0.685383
0.685384
0.685384
0.685385
0.685385
0.685385
0.685386
0.685386
0.685387
0.685387
0.685387
0.685388
0.685388
0.685388
0.685389
0.685389
0.685389
0.68539
0.68539
0.68539
0.685391
0.685391
0.685391
0.685391
0.685392
0.685392
0.685392
0.685392
0.685393
0.685393
0.685393
0.685393
0.685393
0.685394
0.685394
0.685394
0.685394
0.685394
0.685394
0.685395
0.685395
0.685395
0.685395
0.685395
0.685395
0.685396
0.685396
0.685396
0.685396
0.685396
0.685396
0.685396
0.685396
0.685396
0.685396
0.685396
0.685396
0.685396
0.685396
0.685396
0.685395
0.685395
0.685395
0.685395
0.685395
0.685395
0.685395
0.685395
0.685395
0.685395
0.685395
0.685394
0.685394
0.685394
0.685394
0.685394
0.685394
0.685394
0.685394
0.685394
0.685394
0.685394
0.685394
0.685395
0.685395
0.685395
0.685395
0.685395
0.685395
0.685395
0.685395
0.685395
0.685395
0.685395
0.685395
0.685395
0.685395
0.685396
0.685396
0.685396
0.685396
0.685396
0.685396
0.685397
0.685397
0.685397
0.685397
0.685397
0.685398
0.685398
0.685398
0.685398
0.685398
0.685399
0.685399
0.685399
0.685399
0.6854
0.6854
0.6854
0.6854
0.685401
0.685401
0.685401
0.685401
0.685402
0.685402
0.685402
0.685402
0.685403
0.685403
0.685403
0.685403
0.685403
0.685404
0.685404
0.685404
0.685404
0.685405
0.685405
0.685405
0.685405
0.685406
0.685406
0.685406
0.685406
0.685406
0.685406
0.685406
0.685407
0.685407
0.685407
0.685407
0.685407
0.685407
0.685407
0.685408
0.685408
0.685408
0.685408
0.685408
0.685408
0.685408
0.685408
0.685408
0.685408
0.685408
0.685408
0.685408
0.685408
0.685408
0.685408
0.685408
0.685408
0.685408
0.685408
0.685408
0.685409
0.685409
0.685409
0.685409
0.685409
0.685409
0.685409
0.685409
0.685409
0.685409
0.685409
0.685409
0.685409
0.685409
0.685409
0.685409
0.685409
0.685409
0.68541
0.68541
0.68541
0.68541
0.68541
0.68541
0.68541
0.68541
0.68541
0.68541
0.685411
0.685411
0.685411
0.685411
0.685411
0.685411
0.685411
0.685412
0.685412
0.685412
0.685412
0.685412
0.685412
0.685412
0.685412
0.685412
0.685412
0.685413
0.685413
0.685413
0.685413
0.685413
0.685413
0.685413
0.685413
0.685413
0.685414
0.685414
0.685414
0.685414
0.685414
0.685414
0.685414
0.685414
0.685415
0.685415
0.685415
0.685415
0.685415
0.685415
0.685415
0.685416
0.685416
0.685416
0.685416
0.685416
0.685416
0.685416
0.685416
0.685416
0.685417
0.685417
0.685417
0.685417
0.685417
0.685418
0.685418
0.685418
0.685418
0.685418
0.685419
0.685419
0.685419
0.685419
0.685419
0.685419
0.68542
0.68542
0.68542
0.68542
0.68542
0.68542
0.685421
0.685421
0.685421
0.685421
0.685421
0.685421
0.685421
0.685421
0.685421
0.685421
0.685422
0.685422
0.685422
0.685422
0.685422
0.685422
0.685422
0.685422
0.685422
0.685422
0.685422
0.685422
0.685422
0.685423
0.685423
0.685423
0.685423
0.685423
0.685423
0.685423
0.685423
0.685423
0.685424
0.685424
0.685424
0.685424
0.685424
0.685424
0.685425
0.685425
0.685425
0.685425
0.685425
0.685425
0.685426
0.685426
0.685426
0.685426
0.685426
0.685427
0.685427
0.685427
0.685427
0.685428
0.685428
0.685428
0.685428
0.685429
0.685429
0.685429
0.685429
0.685429
0.68543
0.68543
0.68543
0.685431
0.685431
0.685431
0.685431
0.685432
0.685432
0.685433
0.685433
0.685433
0.685434
0.685434
0.685435
0.685435
0.685435
0.685436
0.685436
0.685436
0.685437
0.685437
0.685438
0.685438
0.685439
0.685439
0.685439
0.68544
0.68544
0.685441
0.685441
0.685441
0.685442
0.685442
0.685443
0.685443
0.685443
0.685444
0.685444
0.685445
0.685445
0.685445
0.685446
0.685446
0.685446
0.685447
0.685447
0.685448
0.685448
0.685448
0.685449
0.685449
0.685449
0.68545
0.68545
0.68545
0.685451
0.685451
0.685452
0.685452
0.685453
0.685453
0.685453
0.685454
0.685454
0.685455
0.685455
0.685455
0.685456
0.685456
0.685457
0.685457
0.685458
0.685458
0.685458
0.685459
0.685459
0.68546
0.68546
0.685461
0.685461
0.685461
0.685462
0.685462
0.685463
0.685463
0.685464
0.685465
0.685465
0.685466
0.685466
0.685467
0.685468
0.685468
0.685469
0.68547
0.68547
0.685471
0.685471
0.685472
0.685472
0.685473
0.685473
0.685474
0.685474
0.685475
0.685475
0.685476
0.685476
0.685477
0.685477
0.685478
0.685478
0.685479
0.685479
0.68548
0.68548
0.685481
0.685481
0.685482
0.685482
0.685483
0.685483
0.685483
0.685484
0.685484
0.685485
0.685485
0.685485
0.685486
0.685486
0.685487
0.685487
0.685487
0.685488
0.685488
0.685488
0.685489
0.685489
0.68549
0.68549
0.68549
0.685491
0.685491
0.685491
0.685492
0.685492
0.685493
0.685493
0.685493
0.685494
0.685494
0.685495
0.685495
0.685496
0.685496
0.685497
0.685497
0.685497
0.685498
0.685498
0.685499
0.685499
0.6855
0.6855
0.685501
0.685501
0.685502
0.685502
0.685502
0.685503
0.685503
0.685504
0.685504
0.685505
0.685505
0.685505
0.685506
0.685504
0.685503
0.6855
0.685497
0.685494
0.685491
0.685485
0.685485
0.685479
0.685477
0.685472
0.685467
0.685463
0.685454
0.685448
0.685443
0.685435
0.685426
0.685418
0.68541
0.685401
0.685393
0.685385
0.685376
0.68537
0.685363
0.685359
0.685358
0.685352
0.685352
0.685347
0.685345
0.685341
0.685338
0.685334
0.685329
0.685327
0.685326
0.685325
0.685321
0.68532
0.685316
0.685312
0.685309
0.685304
0.685301
0.685301
0.685296
0.685292
0.685291
0.685288
0.685285
0.685286
0.685288
0.685287
0.685288
0.68529
0.685291
0.685293
0.685293
0.685294
0.685294
0.685292
0.685292
0.685292
0.685292
0.685292
0.68529
0.685292
0.685292
0.685291
0.685291
0.685292
0.685294
0.685293
0.685295
0.685296
0.685295
0.685297
0.6853
0.685302
0.685305
0.685308
0.68531
0.685313
0.685317
0.685322
0.685323
0.685328
0.685333
0.685339
0.685344
0.685349
0.685356
0.685361
0.685367
0.685374
0.685383
0.68539
0.685399
0.685407
0.685416
0.685425
0.685436
0.685441
0.68545
0.685457
0.685468
0.685475
0.685483
0.68549
0.685497
0.685504
0.685509
0.685512
0.685514
0.685516
0.685517
0.685519
0.685518
0.685519
0.685516
0.685516
0.685515
0.685514
0.685513
0.685513
0.685512
0.685509
0.685508
0.685508
0.685507
0.685506
0.685503
0.685502
0.685502
0.685501
0.685501
0.685498
0.685497
0.685497
0.685494
0.685489
0.68549
0.685487
0.685485
0.685482
0.685483
0.68548
0.685479
0.68548
0.685478
0.685477
0.685474
0.685473
0.685471
0.68547
0.685469
0.685469
0.685466
0.685466
0.685466
0.685465
0.685463
0.685463
0.685458
0.685458
0.685454
0.685448
0.685446
0.685438
0.685433
0.685427
0.685418
0.685406
0.685397
0.685388
0.68538
0.685369
0.685361
0.68535
0.685334
0.685321
0.685306
0.685291
0.685282
0.685268
0.685261
0.68525
0.685243
0.685238
0.685231
0.685222
0.685216
0.685212
0.685204
0.685197
0.685192
0.685185
0.68518
0.685174
0.685169
0.685164
0.685158
0.685157
0.685151
0.685148
0.685146
0.685142
0.685142
0.685144
0.685142
0.685146
0.685149
0.68515
0.685154
0.685157
0.68516
0.685161
0.685165
0.685166
0.68517
0.685173
0.685175
0.685181
0.685185
0.685193
0.685197
0.685203
0.68521
0.685216
0.685224
0.685232
0.685241
0.685249
0.685258
0.685268
0.685278
0.685289
0.685299
0.685311
0.685318
0.68533
0.68534
0.685349
0.685359
0.685369
0.685375
0.685383
0.685392
0.685398
0.685408
0.685416
0.685426
0.685432
0.68544
0.685446
0.685451
0.685455
0.685461
0.685467
0.685473
0.68548
0.685486
0.685494
0.6855
0.685508
0.685517
0.685525
0.685534
0.685542
0.68555
0.685556
0.685566
0.685572
0.685579
0.685585
0.685593
0.685598
0.685603
0.685611
0.685616
0.685619
0.685624
0.685629
0.685634
0.685637
0.68564
0.685645
0.685648
0.685651
0.685653
0.685656
0.685658
0.685663
0.685664
0.685664
0.685666
0.685667
0.685667
0.685669
0.685669
0.685669
0.68567
0.68567
0.685672
0.685672
0.685673
0.685675
0.685677
0.68568
0.685681
0.685687
0.685688
0.685693
0.685697
0.685704
0.685711
0.68572
0.685725
0.685736
0.685742
0.685751
0.685758
0.685767
0.685778
0.685785
0.685794
0.685804
0.685815
0.685822
0.685833
0.685844
0.685852
0.685863
0.685873
0.685888
0.6859
0.685913
0.685927
0.685939
0.685952
0.685966
0.685981
0.685993
0.686011
0.686026
0.686042
0.68606
0.686074
0.68609
0.686108
0.686123
0.686143
0.686161
0.686178
0.686194
0.686212
0.68623
0.686253
0.686273
0.686293
0.686317
0.686344
0.68637
0.686396
0.686423
0.686451
0.686479
0.686507
0.686541
0.686577
0.686615
0.686649
0.686687
0.686724
0.68676
0.686798
0.686833
0.686869
0.686905
0.686943
0.686979
0.687019
0.687057
0.687092
0.687134
0.687174
0.687213
0.687255
0.687299
0.687345
0.687387
0.687433
0.687484
0.68753
0.687583
0.687633
0.687687
0.687737
0.687792
0.687849
0.687901
0.687958
0.688013
0.688066
0.688125
0.68818
0.688237
0.688292
0.688345
0.688402
0.688456
0.688509
0.688562
0.688616
0.688666
0.68872
0.688773
0.688825
0.688878
0.688931
0.688979
0.689031
0.689081
0.689132
0.689182
0.689234
0.689284
0.689338
0.68939
0.689444
0.689501
0.68956
0.689614
0.689669
0.689728
0.689781
0.689837
0.68989
0.689939
0.689993
0.690047
0.690102
0.690154
0.690207
0.690262
0.690317
0.690368
0.690424
0.690476
0.69053
0.690579
0.69063
0.690684
0.690731
0.69078
0.690832
0.690881
0.69093
0.69098
0.691028
0.691075
0.691125
0.691173
0.691222
0.691269
0.691314
0.691361
0.691411
0.691458
0.691506
0.691551
0.6916
0.69165
0.691703
0.691747
0.691793
0.691841
0.691892
0.691941
0.691992
0.692043
0.69209
0.692139
0.692193
0.692243
0.692292
0.692341
0.692388
0.69244
0.692492
0.692546
0.692595
0.692646
0.692701
0.692757
0.692815
0.692874
0.692933
0.692991
0.693048
0.693106
0.693168
0.693226
0.693281
0.693343
0.693404
0.693464
0.693521
0.693584
0.693644
0.693708
0.693769
0.693832
0.69389
0.693958
0.694022
0.694084
0.694141
0.694216
0.694283
0.694338
0.694406
0.694472
0.694537
0.694608
0.694676
0.69474
0.694808
0.694872
0.694939
0.695004
0.695068
0.695133
0.695201
0.695266
0.695333
0.695397
0.695468
0.695539
0.69561
0.695675
0.695747
0.695818
0.695879
0.695946
0.696015
0.696081
0.696145
0.696212
0.696281
0.696341
0.696409
0.696479
0.696551
0.69662
0.696693
0.696763
0.696835
0.696908
0.69698
0.697054
0.697125
0.697193
0.697264
0.697337
0.69741
0.697479
0.697548
0.697617
0.697688
0.697756
0.697823
0.697884
0.697947
0.69801
0.698071
0.698132
0.698189
0.698236
0.698285
0.698339
0.698395
0.698443
0.698496
0.698558
0.698619
0.698679
0.698744
0.698803
0.698863
0.698921
0.698981
0.699034
0.699094
0.699139
0.699189
0.699237
0.699282
0.699321
0.699363
0.699408
0.699454
0.699499
0.699539
0.699577
0.699622
0.699665
0.699709
0.699755
0.6998
0.699841
0.699884
0.699926
0.699964
0.700009
0.700052
0.700091
0.700129
0.700172
0.700211
0.700249
0.700287
0.700327
0.700363
0.700394
0.700427
0.700465
0.700499
0.700526
0.700555
0.700581
0.700608
0.700634
0.70066
0.70069
0.700713
0.700744
0.700767
0.700798
0.700826
0.700853
0.700881
0.700909
0.700936
0.700961
0.700989
0.701016
0.701038
0.701065
0.701089
0.701113
0.70114
0.701164
0.701188
0.701214
0.70124
0.701264
0.70129
0.701318
0.701344
0.701369
0.701398
0.701423
0.701451
0.701477
0.701502
0.701522
0.701545
0.70157
0.701593
0.701613
0.701633
0.701652
0.701673
0.70169
0.70171
0.701729
0.701748
0.701767
0.701784
0.701802
0.701821
0.701838
0.701856
0.701873
0.701891
0.70191
0.701928
0.701949
0.701967
0.701984
0.701997
0.702015
0.702035
0.702055
0.702073
0.702093
0.702107
0.702127
0.702136
0.702152
0.702167
0.702181
0.702193
0.702206
0.70222
0.702233
0.702244
0.702252
0.702264
0.702272
0.702283
0.702291
0.702299
0.702307
0.702321
0.702327
0.702338
0.702344
0.702353
0.702359
0.702365
0.702374
0.702378
0.702387
0.70239
0.702395
0.702398
0.702402
0.702411
0.702413
0.702416
0.702421
0.702442
0.702452
0.702459
0.702464
0.70247
0.702481
0.702486
0.702497
0.702502
0.70251
0.702518
0.702528
0.702541
0.702553
0.702561
0.702577
0.702588
0.702598
0.702612
0.702627
0.702637
0.70265
0.702663
0.702679
0.702689
0.702708
0.702717
0.702731
0.702745
0.702755
0.702768
0.702781
0.702795
0.702811
0.702825
0.702838
0.70285
0.702863
0.702878
0.702897
0.702912
0.702928
0.702945
0.702965
0.702984
0.703004
0.703023
0.703043
0.703066
0.703088
0.703111
0.703134
0.703154
0.70318
0.703203
0.703228
0.703251
0.703271
0.703294
0.703317
0.703341
0.703361
0.703379
0.7034
0.703418
0.703436
0.703459
0.703474
0.703492
0.70351
0.703531
0.703547
0.703565
0.703583
0.703602
0.703623
0.703644
0.703665
0.703687
0.703705
0.70373
0.703756
0.703778
0.703803
0.703829
0.703854
0.703881
0.703906
0.703937
0.703967
0.703994
0.704024
0.704054
0.704078
0.704108
0.704139
0.704166
0.704191
0.704219
0.704244
0.704271
0.704299
0.704324
0.704349
0.704374
0.704399
0.704425
0.704452
0.704478
0.704504
0.704536
0.704566
0.704595
0.704629
0.70466
0.70469
0.704721
0.704755
0.704791
0.704825
0.704857
0.704889
0.704927
0.704961
0.704993
0.705028
0.70506
0.705096
0.705123
0.705153
0.705182
0.705212
0.70524
0.705271
0.705298
0.705329
0.705354
0.705377
0.7054
0.705424
0.70545
0.705473
0.705504
0.70553
0.705553
0.705584
0.705613
0.70564
0.705671
0.7057
0.705734
0.705766
0.705805
0.705836
0.70587
0.705909
0.70594
0.705974
0.706007
0.706041
0.706078
0.706106
0.706139
0.70617
0.706204
0.706232
0.706257
0.706284
0.706315
0.70634
0.706368
0.706396
0.706427
0.706454
0.706485
0.706517
0.706546
0.706586
0.706622
0.706659
0.706698
0.706735
0.706776
0.706813
0.706859
0.7069
0.706942
0.70698
0.707019
0.70706
0.707097
0.707127
0.707169
0.707205
0.707242
0.70728
0.707315
0.707351
0.707388
0.707429
0.707465
0.707501
0.70754
0.707579
0.707615
0.707654
0.70769
0.707733
0.707769
0.707808
0.707846
0.707884
0.707923
0.707959
0.707994
0.708032
0.708067
0.7081
0.708135
0.708176
0.708214
0.708249
0.708285
0.70832
0.708358
0.708396
0.708435
0.708474
0.708512
0.708556
0.708594
0.708632
0.708674
0.708714
0.708757
0.708797
0.708835
0.708873
0.708913
0.708948
0.708988
0.709019
0.709057
0.709098
0.709129
0.709164
0.709192
0.70923
0.709274
0.709306
0.709346
0.709387
0.70943
0.709471
0.709508
0.709551
0.709598
0.709642
0.709685
0.709725
0.709774
0.709819
0.709856
0.709901
0.709943
0.709988
0.710024
0.71007
0.710115
0.710159
0.710204
0.710253
0.710299
0.710347
0.710397
0.710444
0.710482
0.710532
0.710581
0.710624
0.710667
0.710714
0.710756
0.710799
0.710841
0.71088
0.710922
0.710964
0.711006
0.71105
0.711095
0.711134
0.711176
0.711215
0.711255
0.7113
0.711342
0.711384
0.711422
0.711465
0.711503
0.711543
0.711581
0.711624
0.711663
0.711703
0.71174
0.711779
0.711816
0.711863
0.711902
0.711943
0.711988
0.71203
0.71207
0.712112
0.712148
0.712184
0.712227
0.712261
0.712301
0.712336
0.712374
0.712412
0.712444
0.712481
0.712515
0.71255
0.712583
0.712611
0.712643
0.712674
0.71271
0.712737
0.712771
0.712804
0.712837
0.712873
0.712908
0.712943
0.712978
0.713016
0.713054
0.713092
0.713124
0.713154
0.713188
0.713218
0.713254
0.713284
0.713313
0.71334
0.713371
0.713397
0.713419
0.713445
0.71347
0.713496
0.71352
0.713541
0.713561
0.713582
0.713607
0.713629
0.713656
0.713681
0.713706
0.713731
0.713756
0.713781
0.713809
0.713834
0.713849
0.713875
0.713896
0.713922
0.713953
0.713976
0.714009
0.714036
0.714063
0.714089
0.714116
0.71414
0.71416
0.714187
0.714214
0.714237
0.71426
0.71428
0.7143
0.714325
0.714345
0.71437
0.714391
0.714417
0.714442
0.714468
0.714496
0.714518
0.714542
0.714566
0.714588
0.714612
0.714643
0.714672
0.714692
0.714715
0.714741
0.714768
0.714791
0.71482
0.714843
0.714868
0.714896
0.714925
0.714947
0.714974
0.714995
0.71502
0.715043
0.715067
0.71509
0.715111
0.715128
0.715148
0.715168
0.71518
0.7152
0.715225
0.715248
0.715268
0.715293
0.715313
0.715338
0.715365
0.715386
0.715415
0.71544
0.715468
0.71549
0.715517
0.715531
0.715555
0.715579
0.715606
0.715633
0.715657
0.715681
0.715703
0.715729
0.715756
0.715781
0.715803
0.715822
0.715843
0.715864
0.715888
0.715916
0.715945
0.715966
0.715991
0.716023
0.71605
0.716082
0.716113
0.716146
0.716173
0.716205
0.716234
0.716269
0.716302
0.716332
0.716367
0.716396
0.716429
0.716459
0.716494
0.716527
0.716564
0.716602
0.71664
0.716683
0.71672
0.716759
0.7168
0.716837
0.716885
0.716926
0.716956
0.717
0.717037
0.717079
0.717118
0.717163
0.717198
0.717239
0.717279
0.717324
0.717364
0.717403
0.717446
0.717494
0.717544
0.717583
0.717625
0.717675
0.717728
0.717774
0.717824
0.717874
0.717914
0.717955
0.718001
0.718045
0.718095
0.718141
0.718185
0.718235
0.718279
0.718329
0.718375
0.71842
0.718474
0.71852
0.718567
0.718613
0.718659
0.718703
0.718756
0.718802
0.71885
0.718898
0.718942
0.71899
0.719044
0.719095
0.719147
0.719196
0.71925
0.719296
0.719348
0.719391
0.719445
0.719491
0.719534
0.71958
0.719629
0.719675
0.719722
0.719779
0.71983
0.71988
0.719921
0.719968
0.720015
0.720058
0.720102
0.720147
0.720191
0.720232
0.720279
0.720323
0.720369
0.720415
0.720461
0.72051
0.720554
0.720607
0.72065
0.720694
0.720745
0.720793
0.720845
0.720893
0.720942
0.720987
0.721035
0.721071
0.721111
0.721152
0.721197
0.721243
0.72129
0.721335
0.72138
0.721423
0.721474
0.721519
0.721572
0.721619
0.721667
0.721714
0.721765
0.721811
0.721852
0.721902
0.721946
0.721987
0.722028
0.722066
0.722114
0.722155
0.722199
0.722246
0.722286
0.722325
0.722363
0.722405
0.722447
0.722487
0.722524
0.722559
0.722595
0.722631
0.722672
0.722704
0.722739
0.722771
0.722806
0.722839
0.722873
0.722913
0.722943
0.722973
0.723001
0.723033
0.72307
0.723109
0.723138
0.723172
0.723203
0.723233
0.723263
0.723295
0.723332
0.723364
0.72339
0.723416
0.723451
0.723482
0.723511
0.723536
0.72357
0.723597
0.723618
0.723647
0.723672
0.723691
0.723718
0.723739
0.723766
0.723788
0.723812
0.723831
0.723856
0.72388
0.723905
0.723932
0.723956
0.723979
0.724006
0.724031
0.724058
0.724083
0.724109
0.724138
0.724159
0.724184
0.724209
0.724239
0.724262
0.724282
0.72431
0.724335
0.724357
0.724378
0.724402
0.724425
0.724449
0.724467
0.724492
0.724518
0.724539
0.72456
0.72458
0.724599
0.724628
0.72465
0.724671
0.724691
0.724712
0.72473
0.724755
0.724773
0.724792
0.724816
0.724831
0.724844
0.724859
0.724873
0.724893
0.724911
0.724929
0.72494
0.724956
0.724971
0.724989
0.725003
0.725019
0.725037
0.725058
0.725076
0.725096
0.725113
0.725131
0.725154
0.72518
0.725197
0.725217
0.725235
0.725251
0.725267
0.725284
0.725302
0.725323
0.72534
0.725354
0.725371
0.725387
0.725412
0.725428
0.725449
0.725474
0.725491
0.725514
0.725539
0.725556
0.725581
0.725602
0.725626
0.725646
0.725666
0.725685
0.725706
0.725718
0.725733
0.72575
0.725765
0.725784
0.7258
0.725819
0.725834
0.725853
0.725874
0.725892
0.725915
0.725934
0.725961
0.725986
0.726011
0.726038
0.726067
0.726096
0.726121
0.726146
0.726178
0.726201
0.726225
0.726254
0.726282
0.72631
0.726337
0.72637
0.726396
0.726431
0.72646
0.726494
0.726527
0.726553
0.726587
0.72662
0.726656
0.726685
0.726715
0.726746
0.726774
0.726805
0.726833
0.726868
0.726895
0.726925
0.726953
0.726985
0.727017
0.727045
0.727076
0.727108
0.727145
0.727173
0.727209
0.727238
0.727269
0.727298
0.727329
0.727357
0.727392
0.727419
0.727451
0.727482
0.72751
0.727538
0.727569
0.727598
0.727626
0.727658
0.727686
0.72772
0.727754
0.727785
0.727819
0.727852
0.727886
0.727916
0.727947
0.727976
0.728008
0.728039
0.728069
0.728097
0.728124
0.728151
0.728174
0.728204
0.728225
0.728249
0.728276
0.728299
0.728321
0.72835
0.728377
0.728404
0.72843
0.728459
0.728487
0.728517
0.728548
0.728583
0.728612
0.728641
0.728671
0.728707
0.728738
0.728773
0.728805
0.728841
0.728878
0.728911
0.728952
0.728982
0.729025
0.729058
0.729087
0.729117
0.72915
0.729177
0.729201
0.72923
0.729258
0.729288
0.729312
0.729341
0.729365
0.729393
0.729421
0.729446
0.729479
0.729508
0.729533
0.729566
0.729592
0.729613
0.729647
0.729676
0.729706
0.729739
0.729769
0.729802
0.729835
0.729863
0.729893
0.72993
0.729959
0.729993
0.730022
0.730052
0.730081
0.730107
0.730132
0.730152
0.730168
0.730197
0.730218
0.73024
0.730256
0.730281
0.730309
0.730333
0.730353
0.730382
0.730406
0.730431
0.730455
0.730487
0.730515
0.730543
0.730568
0.730595
0.730622
0.730645
0.730673
0.730697
0.73072
0.730749
0.730776
0.7308
0.730827
0.730862
0.730893
0.730921
0.730954
0.730985
0.731017
0.731054
0.731091
0.731121
0.731158
0.731196
0.731233
0.73127
0.731308
0.731353
0.731395
0.73144
0.731486
0.731538
0.731588
0.731641
0.731698
0.731748
0.731805
0.731858
0.731908
0.731965
0.732014
0.732067
0.732114
0.732163
0.73221
0.732261
0.732311
0.732353
0.732399
0.732448
0.732493
0.732538
0.732578
0.732618
0.73267
0.732715
0.732759
0.732807
0.732863
0.732914
0.732964
0.73301
0.733058
0.733101
0.733147
0.733187
0.733237
0.733284
0.733322
0.733363
0.733413
0.73346
0.733501
0.733542
0.733585
0.733634
0.733677
0.733719
0.733761
0.733807
0.733846
0.733886
0.73392
0.733957
0.733994
0.734027
0.73406
0.734093
0.734122
0.734155
0.734183
0.734212
0.734245
0.734269
0.734295
0.73432
0.734345
0.734373
0.734397
0.73442
0.734444
0.734465
0.734483
0.734501
0.734522
0.734539
0.734564
0.734581
0.734594
0.734612
0.734629
0.734646
0.734667
0.734682
0.734704
0.734717
0.734736
0.734746
0.734762
0.73478
0.734794
0.73481
0.734824
0.734836
0.734847
0.734858
0.73487
0.734884
0.734896
0.734901
0.734912
0.734923
0.734934
0.734946
0.734958
0.734969
0.734976
0.734984
0.734996
0.735007
0.735018
0.735026
0.735034
0.735043
0.735047
0.73505
0.735059
0.735067
0.735072
0.735075
0.73508
0.735085
0.735093
0.735098
0.73511
0.735111
0.735119
0.735124
0.735129
0.735137
0.735142
0.73515
0.735156
0.735165
0.73517
0.735175
0.735181
0.735182
0.735192
0.735197
0.735207
0.73521
0.735221
0.735228
0.735239
0.735254
0.735261
0.735276
0.735288
0.7353
0.735311
0.735323
0.735339
0.735352
0.735365
0.735377
0.735396
0.735405
0.735418
0.735431
0.73544
0.735457
0.73547
0.735483
0.735493
0.735506
0.735516
0.735529
0.735542
0.735555
0.735565
0.735579
0.735589
0.735603
0.735616
0.73563
0.735641
0.735656
0.735671
0.735682
0.735702
0.735721
0.735737
0.735753
0.735772
0.735796
0.735816
0.735836
0.735857
0.735885
0.735905
0.735932
0.735953
0.735978
0.736007
0.736024
0.73605
0.736075
0.736101
0.736129
0.736158
0.736183
0.736208
0.736237
0.736262
0.736284
0.736306
0.736328
0.736353
0.736375
0.736389
0.736408
0.736429
0.73645
0.736475
0.736497
0.736519
0.736541
0.736566
0.736595
0.736616
0.736638
0.736667
0.736696
0.736725
0.736755
0.73678
0.736806
0.736833
0.736862
0.736892
0.736915
0.73694
0.736969
0.736992
0.737016
0.737043
0.737067
0.737093
0.737117
0.737143
0.73717
0.737197
0.737223
0.737254
0.737282
0.737305
0.737336
0.737364
0.737396
0.737427
0.737459
0.737485
0.737514
0.737553
0.73759
0.737624
0.737657
0.737697
0.73773
0.737768
0.737808
0.737845
0.737885
0.737923
0.73796
0.737997
0.738038
0.738076
0.73811
0.738147
0.738181
0.738219
0.738256
0.73829
0.738328
0.738368
0.738402
0.738443
0.738482
0.738519
0.738557
0.738599
0.738641
0.73868
0.738722
0.738759
0.738798
0.738836
0.738875
0.738917
0.738955
0.738994
0.739033
0.739071
0.739113
0.739154
0.739192
0.739228
0.739267
0.739309
0.739343
0.739381
0.73942
0.73946
0.739499
0.739535
0.739576
0.739618
0.739658
0.739697
0.73974
0.739783
0.739824
0.739868
0.739903
0.739946
0.739989
0.740025
0.740058
0.740093
0.740128
0.74016
0.740195
0.740227
0.740258
0.740287
0.740315
0.740346
0.740374
0.740403
0.740431
0.740463
0.74049
0.740519
0.740547
0.740579
0.740607
0.740635
0.740667
0.740695
0.74072
0.740752
0.740784
0.740812
0.740844
0.740877
0.740913
0.740949
0.740992
0.741024
0.741061
0.741097
0.741137
0.741176
0.741213
0.74125
0.741289
0.741323
0.741356
0.741386
0.741413
0.741446
0.741475
0.741505
0.741531
0.741554
0.741574
0.741593
0.741609
0.741627
0.74164
0.741651
0.74166
0.741675
0.741681
0.741687
0.741695
0.741705
0.741707
0.741713
0.741716
0.741722
0.741725
0.741728
0.741731
0.741731
0.741731
0.741734
0.741732
0.741732
0.741729
0.741726
0.741724
0.741721
0.741718
0.741713
0.74171
0.741704
0.741698
0.741692
0.741682
0.741677
0.741671
0.741658
0.741653
0.741647
0.741637
0.741625
0.741619
0.74161
0.741597
0.741588
0.741576
0.741567
0.741558
0.741545
0.741536
0.741524
0.741518
0.741508
0.7415
0.741491
0.741485
0.741479
0.741477
0.741471
0.741465
0.741466
0.74146
0.741457
0.741452
0.741449
0.741447
0.741441
0.741438
0.741436
0.741434
0.741432
0.741433
0.741431
0.741436
0.741434
0.741436
0.741438
0.74144
0.741439
0.741443
0.741442
0.741445
0.741444
0.741446
0.741444
0.741447
0.741446
0.741444
0.741444
0.741443
0.741442
0.741441
0.74144
0.741442
0.741438
0.741437
0.74144
0.741439
0.741438
0.741437
0.741436
0.741435
0.741433
0.741429
0.741424
0.741419
0.741414
0.741409
0.741401
0.741395
0.741384
0.741376
0.741368
0.741362
0.741354
0.741343
0.741335
0.741327
0.741316
0.741308
0.741293
0.741285
0.741271
0.741259
0.741248
0.741233
0.741219
0.741201
0.741186
0.741168
0.741146
0.741128
0.74111
0.741085
0.741063
0.741042
0.741017
0.740998
0.740973
0.740945
0.740923
0.740895
0.740866
0.740837
0.740809
0.740784
0.740755
0.740723
0.740695
0.740663
0.740634
0.740603
0.740574
0.740542
0.740503
0.740474
0.740442
0.74041
0.740371
0.740339
0.740303
0.740271
0.740236
0.740201
0.740161
0.740126
0.740091
0.740059
0.740024
0.739988
0.739949
0.739914
0.739875
0.73984
0.739798
0.739759
0.739721
0.739682
0.739643
0.739605
0.739563
0.739524
0.739486
0.739444
0.739405
0.739363
0.739325
0.739279
0.73924
0.739195
0.739148
0.739106
0.739056
0.739006
0.738963
0.738916
0.738869
0.738815
0.738765
0.738711
0.738657
0.738603
0.738549
0.738492
0.738434
0.738377
0.738316
0.738258
0.738197
0.738139
0.738078
0.738013
0.737949
0.737883
0.737815
0.73775
0.737681
0.737615
0.737539
0.737462
0.737389
0.737316
0.737239
0.737166
0.737082
0.737005
0.736921
0.736836
0.736755
0.736667
0.736582
0.736492
0.736401
0.736314
0.736228
0.736143
0.736058
0.735973
0.735887
0.735804
0.735712
0.735627
0.735531
0.735446
0.735354
0.735257
0.73516
0.735067
0.734969
0.734875
0.734785
0.734689
0.734591
0.734499
0.734401
0.734307
0.734205
0.734106
0.734004
0.733902
0.733799
0.7337
0.733601
0.733502
0.733399
0.733296
0.733204
0.733112
0.733026
0.732928
0.732832
0.732733
0.732637
0.732548
0.73245
0.732352
0.732271
0.732177
0.732076
0.731982
0.731885
0.73179
0.731701
0.731604
0.731499
0.731397
0.731291
0.731199
0.731093
0.730993
0.730893
0.730789
0.730684
0.730584
0.730484
0.73038
0.730276
0.730174
0.730069
0.729976
0.729871
0.72977
0.729668
0.729566
0.729473
0.729372
0.729273
0.729171
0.729078
0.728991
0.728888
0.728789
0.72869
0.728589
0.728488
0.728389
0.728285
0.728178
0.728079
0.72797
0.727862
0.727766
0.727658
0.727555
0.72745
0.727344
0.727235
0.727126
0.727013
0.726895
0.726781
0.726663
0.726543
0.726424
0.726313
0.726191
0.726074
0.725957
0.725833
0.725706
0.725582
0.725459
0.725334
0.725206
0.725091
0.724964
0.724841
0.724718
0.724591
0.724463
0.724333
0.724204
0.724077
0.723942
0.723816
0.723694
0.723564
0.723433
0.723306
0.723175
0.723044
0.722907
0.722779
0.722648
0.722512
0.722389
0.72225
0.722112
0.721976
0.721833
0.72168
0.721537
0.721388
0.721247
0.721106
0.720966
0.720825
0.720686
0.720545
0.7204
0.720263
0.720128
0.719982
0.719846
0.719704
0.719566
0.719421
0.719286
0.719145
0.719005
0.718867
0.718737
0.718597
0.718463
0.718326
0.718184
0.718045
0.717906
0.71776
0.717617
0.71747
0.717329
0.717186
0.717049
0.716909
0.71677
0.716647
0.716511
0.716368
0.716224
0.716094
0.715954
0.715808
0.71566
0.715515
0.715366
0.715227
0.715079
0.714933
0.714778
0.714629
0.714479
0.714327
0.714173
0.714017
0.713863
0.713707
0.713552
0.713392
0.713232
0.713072
0.712913
0.712756
0.712598
0.712439
0.712288
0.712132
0.71198
0.711828
0.711669
0.71151
0.711349
0.711181
0.711017
0.710856
0.71069
0.710522
0.710366
0.710203
0.710031
0.709871
0.709697
0.709521
0.709352
0.709185
0.709032
0.70887
0.708697
0.708531
0.708362
0.708191
0.708017
0.707844
0.70767
0.7075
0.707332
0.707159
0.706988
0.706813
0.70663
0.70645
0.706274
0.7061
0.705937
0.705779
0.70561
0.70545
0.705274
0.705105
0.704945
0.704767
0.704594
0.704425
0.70425
0.704079
0.703927
0.703754
0.703579
0.703417
0.70324
0.703067
0.702891
0.702724
0.702552
0.702374
0.702199
0.702022
0.701841
0.701668
0.701498
0.701328
0.701169
0.701001
0.700824
0.700652
0.700471
0.700301
0.700124
0.699953
0.699789
0.699628
0.699458
0.699282
0.699119
0.698943
0.698765
0.698595
0.698424
0.698257
0.698081
0.697901
0.697727
0.697525
0.697349
0.697181
0.697007
0.696846
0.696692
0.696525
0.696366
0.696202
0.696037
0.695891
0.695741
0.695583
0.695428
0.695276
0.695118
0.694965
0.694813
0.694656
0.694495
0.694343
0.694184
0.694026
0.693868
0.693698
0.69354
0.693377
0.693211
0.693051
0.692887
0.692727
0.69257
0.692399
0.69224
0.692089
0.691935
0.691782
0.691632
0.691479
0.691329
0.691176
0.691037
0.690893
0.690753
0.690611
0.690478
0.690335
0.6902
0.690062
0.689915
0.689772
0.689625
0.689487
0.68934
0.689193
0.689051
0.688913
0.688772
0.688635
0.688499
0.688355
0.688214
0.688073
0.687934
0.687795
0.687658
0.687527
0.687399
0.687266
0.687141
0.687021
0.686901
0.686775
0.686651
0.68653
0.686418
0.686297
0.686176
0.686058
0.685944
0.685834
0.685724
0.685612
0.685495
0.685385
0.685271
0.685154
0.685031
0.684912
0.684796
0.684684
0.684565
0.684453
0.684328
0.684213
0.6841
0.68399
0.68387
0.68376
0.683647
0.683532
0.683418
0.683295
0.683189
0.683071
0.682955
0.682835
0.682724
0.682615
0.682501
0.682396
0.682286
0.682179
0.682071
0.681964
0.681854
0.681745
0.681634
0.681517
0.68141
0.681296
0.681184
0.681074
0.680962
0.680853
0.680741
0.680631
0.680516
0.680406
0.680291
0.680176
0.680064
0.679948
0.679835
0.679728
0.679612
0.679499
0.679383
0.679271
0.679157
0.679034
0.678927
0.678821
0.678716
0.678608
0.678504
0.678396
0.678288
0.678178
0.678067
0.677957
0.677849
0.67774
0.677633
0.677529
0.677422
0.677309
0.677199
0.677085
0.676966
0.676852
0.676745
0.676641
0.67654
0.67643
0.67632
0.676205
0.676095
0.675979
0.675869
0.675755
0.675388
0.675278
0.675167
0.675059
0.674949
0.67484
0.674739
0.674631
0.674525
0.67442
0.674316
0.67421
0.674103
0.67399
0.673881
0.673778
0.673672
0.67357
0.673459
0.673351
0.673242
0.673131
0.67302
0.67291
0.672796
0.672687
0.672578
0.672474
0.672359
0.672255
0.672148
0.672036
0.671926
0.671818
0.671706
0.671591
0.671488
0.671382
0.671274
0.671172
0.671063
0.670952
0.670844
0.670733
0.670625
0.670519
0.670415
0.670304
0.670197
0.67009
0.669979
0.669869
0.669758
0.669649
0.669535
0.669427
0.669315
0.669216
0.669101
0.668992
0.668882
0.668762
0.668645
0.668524
0.668407
0.668299
0.668182
0.668072
0.667965
0.667852
0.667741
0.667628
0.66751
0.667391
0.66727
0.667145
0.667021
0.666917
0.666797
0.666679
0.666565
0.666444
0.666325
0.666207
0.666087
0.665969
0.66585
0.665738
0.665624
0.66551
0.665396
0.665279
0.665167
0.665061
0.664942
0.664825
0.664712
0.664596
0.664476
0.664359
0.664246
0.664133
0.66402
0.663903
0.663799
0.6637
0.663595
0.663483
0.663369
0.663255
0.663145
0.66303
0.662912
0.662798
0.662678
0.662557
0.662432
0.662308
0.662178
0.662067
0.661942
0.661818
0.661696
0.661592
0.661482
0.661358
0.661235
0.661118
0.660993
0.660868
0.660748
0.660631
0.660515
0.660394
0.660276
0.66016
0.660052
0.659929
0.659811
0.659691
0.659573
0.659454
0.659335
0.659213
0.659089
0.658966
0.658844
0.65872
0.658599
0.658476
0.658357
0.658236
0.658114
0.657997
0.657875
0.657756
0.65763
0.657512
0.657391
0.657274
0.657156
0.657038
0.656924
0.656819
0.656704
0.65659
0.656479
0.65637
0.656257
0.656148
0.656036
0.655929
0.655821
0.655705
0.655597
0.655484
0.655374
0.655266
0.655158
0.65505
0.654938
0.654828
0.654713
0.654594
0.654478
0.654367
0.654253
0.654138
0.654025
0.653918
0.653809
0.653703
0.65359
0.653479
0.653377
0.653276
0.653172
0.653069
0.652969
0.652866
0.652757
0.652656
0.652555
0.652453
0.652357
0.652258
0.652162
0.652064
0.651963
0.651862
0.651757
0.651663
0.651562
0.651466
0.651368
0.651274
0.651179
0.651079
0.650984
0.650886
0.650791
0.650694
0.650601
0.650503
0.650408
0.650316
0.650223
0.650126
0.650027
0.649931
0.649829
0.649728
0.649626
0.649528
0.649428
0.649328
0.649225
0.649125
0.649026
0.648921
0.648811
0.648703
0.648595
0.648491
0.64838
0.64827
0.648154
0.648035
0.647919
0.647807
0.647691
0.647572
0.647454
0.647336
0.647214
0.647095
0.646972
0.646858
0.646731
0.646608
0.646485
0.646376
0.646258
0.64616
0.646089
0.646045
0.646023
0.64603
0.646054
0.646088
0.646132
0.646169
0.646201
0.646231
0.646254
0.646267
0.646274
0.646273
0.646264
0.64625
0.646234
0.646206
0.646168
0.646132
0.646091
0.646049
0.646003
0.645963
0.64593
0.645904
0.645891
0.64589
0.6459
0.645919
0.64594
0.645968
0.645996
0.646021
0.646041
0.646062
0.646082
0.646096
0.646111
0.646121
0.64613
0.646134
0.646139
0.646138
0.646137
0.646131
0.646127
0.64612
0.64611
0.646097
0.646083
0.646067
0.646054
0.646042
0.646033
0.646029
0.646026
0.646032
0.646042
0.646054
0.646069
0.646081
0.646096
0.646109
0.646121
0.646136
0.646147
0.646154
0.646161
0.646165
0.646163
0.646162
0.646156
0.64615
0.646145
0.646139
0.646131
0.646123
0.646122
0.646116
0.646113
0.646113
0.646113
0.646113
0.646113
0.646113
0.646113
0.646113
0.646113
0.646113
0.646112
0.646112
0.646112
0.646112
0.646112
0.646112
0.646112
0.646112
0.646112
0.646112
0.646112
0.646112
0.646112
0.646112
0.646112
0.646112
0.646112
0.646112
0.646112
0.646112
0.646112
0.646112
0.646112
0.646112
0.646112
0.646112
0.646112
0.646112
0.646112
0.646112
0.646112
0.646112
0.646112
0.646112
0.646112
0.646112
0.646112
0.646112
0.646112
0.646112
0.646112
0.646112
0.646112
0.646112
0.646112
0.646112
0.646112
0.646112
0.646112
0.646112
0.646112
0.646112
0.646112
0.646112
0.646112
0.646112
0.646112
0.646112
0.646112
0.646112
0.646112
0.646112
0.646112
0.646112
0.646112
0.646112
0.646112
0.646112
0.646112
0.646112
0.646112
0.646112
0.646112
0.646112
0.646112
0.646112
0.646112
0.646112
0.646112
0.646112
0.646112
0.646112
0.646112
0.646112
0.646112
0.646112
0.646112
0.646112
0.646112
0.646112
0.646112
0.646112
0.646112
0.646112
0.646112
0.646112
0.646112
0.646112
0.646112
0.646112
0.646112
0.646112
0.646112
0.646112
0.646112
0.646112
0.646112
0.646112
0.646112
0.646112
0.646112
0.646112
0.646112
0.646112
0.646112
0.646112
0.646112
0.646112
0.646112
0.646112
0.646112
0.646112
0.646112
0.646112
0.646112
0.646112
0.646112
0.646112
0.646112
0.646112
0.646112
0.646112
0.646112
0.646112
0.646112
0.646112
0.646112
0.646112
0.646112
0.646112
0.646112
0.646112
0.646112
0.646112
0.646112
0.646112
0.646112
0.646112
0.646112
0.646112
0.646112
0.646112
0.646112
0.646112
0.646112
0.646112
0.646112
0.646112
0.646112
0.646112
0.646112
0.646112
0.646112
0.646112
0.646112
0.646112
0.646112
0.646112
0.646112
0.646112
0.646112
0.646112
0.646112
0.646112
0.646112
0.646112
0.646112
0.646112
0.646112
0.646112
0.646112
0.646112
0.646112
0.646112
0.646112
0.646112
0.646112
0.646112
0.646112
0.646112
0.646112
0.646112
0.646112
0.646112
0.646112
0.646112
0.646112
0.646112
0.646112
0.646112
0.646112
0.646112
0.646112
0.646112
0.646112
0.646112
0.646112
0.646112
0.646112
0.646112
0.646112
0.646112
0.646112
0.646112
0.646112
0.646112
0.646112
0.646112
0.646112
0.646112
0.646112
0.646112
0.646112
0.646112
0.646112
0.646112
0.646112
0.646112
0.646112
0.646112
0.646112
0.646112
0.646112
0.646112
0.646112
0.646112
0.646112
0.646112
0.646112
0.646112
0.646112
0.646112
0.646112
0.646112
0.646112
0.646112
0.646112
0.646112
0.646112
0.646112
0.646112
0.646112
0.646112
0.646112
0.646112
0.646112
0.646112
0.646112
0.646112
0.646112
0.646112
0.646112
0.646112
0.646112
0.646112
0.646112
0.646112
0.646112
0.646112
0.646112
0.646112
0.646112
0.646112
0.646112
0.646112
0.646112
0.646112
0.646112
0.646112
0.646112
0.646112
0.646112
0.646112
0.646112
0.646112
0.646112
0.646112
0.646112
0.646112
0.646112
0.646112
0.646112
0.646112
0.646112
0.646112
0.646112
0.646112
0.646112
0.646112
0.646112
0.646112
0.646112
0.646112
0.646112
0.646112
0.646112
0.646112
0.646112
0.646112
0.646112
0.646112
0.646112
0.646112
0.646112
0.646112
0.646112
0.646112
0.646112
0.646112
0.646112
0.646112
0.646112
0.646112
0.646112
0.646112
0.646112
0.646112
0.646112
0.646112
0.646112
0.646112
0.646112
0.646112
0.646112
0.646112
0.646112
0.646112
0.646112
0.646112
0.646112
0.646112
0.646112
0.646112
0.646112
0.646112
0.646112
0.646112
0.646112
0.646112
0.646112
0.646112
0.646112
0.646112
0.646112
0.646112
0.646112
0.646112
0.646112
0.646112
0.646112
0.646112
0.646112
0.646112
0.646112
0.646112
0.646112
0.646112
0.646112
0.646112
0.646112
0.646112
0.646112
0.646112
0.646112
0.646112
0.646112
0.646112
0.646112
0.646112
0.646112
0.646112
0.646112
0.646112
0.646112
0.646112
0.646112
0.646112
0.646112
0.646112
0.646112
0.646112
0.646112
0.646112
0.646112
0.646112
0.646112
0.646112
0.646112
0.646112
0.646112
0.646112
0.646112
0.646112
0.646112
0.646112
0.646112
0.646112
0.646112
0.646112
0.646112
0.646112
0.646112
0.646112
0.646112
0.646112
0.646112
0.646112
0.646112
0.646112
0.646112
0.646112
0.646112
0.646112
0.646112
0.646112
0.646112
0.646112
0.646112
0.646112
0.646112
0.646112
0.646112
0.646112
0.646112
0.646112
0.646112
0.646112
0.646112
0.646112
0.646112
0.646112
0.646112
0.646112
0.646112
0.646112
0.646112
0.646112
0.646112
0.646112
0.646112
0.646112
0.646112
0.646112
0.646112
0.646112
0.646112
0.646112
0.646112
0.646112
0.646112
0.646112
0.646112
0.646112
0.646112
0.646112
0.646112
0.646112
0.646112
0.646112
0.646112
0.646112
0.646112
0.646112
0.646112
0.646112
0.646112
0.646112
0.646112
0.646112
0.646112
0.646112
0.646112
0.646112
0.646112
0.646112
0.646112
0.646112
0.646112
0.646112
0.646112
0.646112
0.646112
0.646112
0.646112
0.646112
0.646112
0.646112
0.646112
0.646112
0.646112
0.646112
0.646112
0.646112
0.646112
0.646112
0.646112
0.646112
0.646112
0.646112
0.646112
0.646112
0.646112
0.646112
0.646112
0.646112
0.646112
0.646112
0.646112
0.646112
0.646112
0.646112
0.646112
0.646112
0.646112
0.646112
0.646112
0.646112
0.646112
0.646112
0.646112
0.646112
0.646112
0.646112
0.646112
0.646112
0.646112
0.646112
0.646112
0.646112
0.646112
0.646112
0.646112
0.646112
0.646112
0.646112
0.646112
0.646112
0.646112
0.646112
0.646112
0.646112
0.646112
0.646112
0.646112
0.646112
0.646112
0.646112
0.646112
0.646112
0.646112
0.646112
0.646112
0.646112
0.646112
0.646112
0.646112
0.646112
0.646112
0.646112
0.646112
0.646112
0.646112
0.646112
0.646112
0.646112
0.646112
0.646112
0.646112
0.646112
0.646112
0.646112
0.646112
0.646112
0.646112
0.646112
0.646112
0.646112
0.646112
0.646112
0.646112
0.646112
0.646112
0.646112
0.646112
0.646112
0.646112
0.646112
0.646112
0.646112
0.646112
0.646112
0.646112
0.646112
0.646112
0.646112
0.646112
0.646112
0.646112
0.646112
0.646112
0.646112
0.646112
0.646112
0.646112
0.646112
0.646112
0.646112
0.646112
0.646112
0.646112
0.646112
0.646112
0.646112
0.646112
0.646112
0.646112
0.646112
0.646112
0.646112
0.646112
0.646112
0.646112
0.646112
0.646112
0.646112
0.646112
0.646112
0.646112
0.646112
0.646112
0.646112
0.646112
0.646112
0.646112
0.646112
0.646112
0.646112
0.646112
0.646112
0.646112
0.646112
0.646112
0.646112
0.646112
0.646112
0.646112
0.646112
0.646112
0.646112
0.646112
0.646112
0.646112
0.646112
0.646112
0.646112
0.646112
0.646112
0.646112
0.646112
0.646112
0.646112
0.646112
0.646112
0.646112
0.646112
0.646112
0.646112
0.646112
0.646112
0.646112
0.646112
0.646112
0.646112
0.646112
0.646112
0.646112
0.646112
0.646112
0.646112
0.646112
0.646112
0.646112
