0.67674
0.67674
0.67674
0.67674
0.676741
0.676741
0.676741
0.676741
0.676741
0.676741
0.676742
0.676742
0.676742
0.676743
0.676743
0.676744
0.676744
0.676745
0.676745
0.676746
0.676746
0.676747
0.676748
0.676749
0.676749
0.67675
0.676751
0.676752
0.676753
0.676754
0.676755
0.676756
0.676757
0.676758
0.676759
0.67676
0.676761
0.676762
0.676764
0.676765
0.676766
0.676767
0.676769
0.67677
0.676771
0.676773
0.676774
0.676775
0.676777
0.676778
0.67678
0.676781
0.676783
0.676784
0.676786
0.676788
0.676789
0.676791
0.676792
0.676794
0.676796
0.676797
0.676799
0.676801
0.676802
0.676804
0.676806
0.676807
0.676809
0.676811
0.676812
0.676814
0.676816
0.676818
0.67682
0.676821
0.676823
0.676825
0.676827
0.676828
0.67683
0.676832
0.676834
0.676836
0.676837
0.676839
0.676841
0.676843
0.676844
0.676846
0.676848
0.676849
0.676851
0.676853
0.676854
0.676856
0.676857
0.676859
0.676861
0.676862
0.676864
0.676865
0.676867
0.676868
0.67687
0.676871
0.676873
0.676875
0.676876
0.676878
0.676879
0.676881
0.676882
0.676884
0.676885
0.676887
0.676888
0.67689
0.676891
0.676892
0.676894
0.676895
0.676897
0.676898
0.676899
0.676901
0.676902
0.676903
0.676905
0.676906
0.676907
0.676908
0.67691
0.676911
0.676912
0.676913
0.676914
0.676915
0.676917
0.676918
0.676919
0.67692
0.676921
0.676923
0.676924
0.676925
0.676926
0.676927
0.676929
0.67693
0.676931
0.676932
0.676933
0.676934
0.676935
0.676936
0.676938
0.676939
0.67694
0.676941
0.676942
0.676943
0.676944
0.676945
0.676946
0.676947
0.676949
0.67695
0.676951
0.676952
0.676953
0.676954
0.676955
0.676956
0.676957
0.676958
0.676959
0.67696
0.676961
0.676963
0.676964
0.676965
0.676966
0.676967
0.676968
0.676969
0.67697
0.676971
0.676972
0.676973
0.676974
0.676975
0.676976
0.676977
0.676978
0.676979
0.67698
0.676981
0.676982
0.676983
0.676984
0.676985
0.676986
0.676987
0.676987
0.676988
0.676989
0.67699
0.676991
0.676992
0.676993
0.676993
0.676994
0.676995
0.676996
0.676997
0.676998
0.676999
0.676999
0.677
0.677001
0.677002
0.677003
0.677003
0.677004
0.677005
0.677006
0.677006
0.677007
0.677008
0.677008
0.677009
0.67701
0.67701
0.677011
0.677011
0.677012
0.677012
0.677013
0.677013
0.677014
0.677014
0.677014
0.677015
0.677015
0.677016
0.677016
0.677017
0.677017
0.677017
0.677018
0.677018
0.677018
0.677018
0.677019
0.677019
0.677019
0.677019
0.67702
0.67702
0.67702
0.67702
0.67702
0.67702
0.67702
0.67702
0.67702
0.67702
0.67702
0.67702
0.67702
0.67702
0.67702
0.67702
0.67702
0.67702
0.677021
0.67702
0.67702
0.67702
0.67702
0.67702
0.67702
0.67702
0.67702
0.67702
0.67702
0.67702
0.677019
0.677019
0.677019
0.677019
0.677018
0.677018
0.677017
0.677017
0.677017
0.677016
0.677016
0.677015
0.677015
0.677014
0.677014
0.677014
0.677013
0.677013
0.677012
0.677012
0.677011
0.677011
0.677011
0.67701
0.67701
0.677009
0.677009
0.677009
0.677008
0.677008
0.677007
0.677007
0.677007
0.677006
0.677006
0.677005
0.677005
0.677004
0.677004
0.677003
0.677003
0.677002
0.677002
0.677001
0.677001
0.677
0.677
0.676999
0.676999
0.676998
0.676998
0.676997
0.676996
0.676996
0.676995
0.676995
0.676994
0.676994
0.676993
0.676992
0.676992
0.676991
0.676991
0.67699
0.67699
0.676989
0.676988
0.676988
0.676987
0.676987
0.676986
0.676986
0.676985
0.676984
0.676984
0.676983
0.676983
0.676982
0.676982
0.676981
0.67698
0.67698
0.676979
0.676979
0.676978
0.676977
0.676977
0.676976
0.676976
0.676975
0.676974
0.676974
0.676973
0.676973
0.676972
0.676972
0.676971
0.676971
0.67697
0.67697
0.676969
0.676969
0.676968
0.676968
0.676968
0.676967
0.676967
0.676966
0.676966
0.676965
0.676965
0.676964
0.676964
0.676964
0.676963
0.676963
0.676963
0.676962
0.676962
0.676962
0.676961
0.676961
0.676961
0.67696
0.67696
0.67696
0.67696
0.67696
0.676959
0.676959
0.676959
0.676959
0.676959
0.676959
0.676959
0.676959
0.676958
0.676958
0.676958
0.676958
0.676958
0.676958
0.676958
0.676958
0.676957
0.676957
0.676957
0.676957
0.676957
0.676957
0.676957
0.676957
0.676957
0.676957
0.676956
0.676956
0.676956
0.676956
0.676956
0.676956
0.676956
0.676955
0.676955
0.676955
0.676955
0.676955
0.676955
0.676955
0.676955
0.676955
0.676955
0.676955
0.676955
0.676955
0.676955
0.676955
0.676955
0.676955
0.676955
0.676955
0.676955
0.676955
0.676955
0.676955
0.676955
0.676955
0.676955
0.676956
0.676956
0.676956
0.676956
0.676956
0.676956
0.676957
0.676957
0.676957
0.676957
0.676958
0.676958
0.676958
0.676958
0.676959
0.676959
0.676959
0.67696
0.67696
0.67696
0.67696
0.676961
0.676961
0.676961
0.676961
0.676962
0.676962
0.676962
0.676962
0.676963
0.676963
0.676963
0.676963
0.676963
0.676963
0.676963
0.676964
0.676964
0.676964
0.676964
0.676964
0.676964
0.676964
0.676965
0.676965
0.676965
0.676965
0.676965
0.676966
0.676966
0.676966
0.676966
0.676966
0.676967
0.676967
0.676967
0.676967
0.676967
0.676968
0.676968
0.676968
0.676968
0.676969
0.676969
0.676969
0.676969
0.67697
0.67697
0.67697
0.67697
0.67697
0.676971
0.676971
0.676971
0.676971
0.676971
0.676972
0.676972
0.676972
0.676972
0.676972
0.676972
0.676973
0.676973
0.676973
0.676973
0.676973
0.676973
0.676973
0.676973
0.676974
0.676974
0.676974
0.677089
0.677207
0.677316
0.67743
0.677549
0.677675
0.67781
0.677937
0.67807
0.678206
0.678343
0.678485
0.678634
0.678782
0.678935
0.679085
0.679236
0.679389
0.679546
0.679706
0.679871
0.68003
0.680195
0.680363
0.680542
0.680715
0.680884
0.681049
0.68122
0.681387
0.681562
0.68174
0.681899
0.682058
0.682241
0.682426
0.682616
0.68281
0.683007
0.683204
0.683398
0.6836
0.683809
0.684021
0.684244
0.684466
0.684696
0.684919
0.685155
0.685391
0.685637
0.685885
0.686136
0.686386
0.686643
0.686895
0.68716
0.687426
0.687692
0.687942
0.688197
0.688458
0.688725
0.688993
0.689262
0.689523
0.689786
0.690056
0.690331
0.690605
0.690869
0.691137
0.6914
0.691687
0.691959
0.692238
0.692506
0.69278
0.693065
0.693352
0.693641
0.693919
0.694199
0.694483
0.694779
0.69507
0.695367
0.695663
0.695966
0.696276
0.696582
0.696884
0.697191
0.697508
0.697818
0.698132
0.69853
0.698898
0.699276
0.69963
0.699939
0.700233
0.700539
0.700847
0.701165
0.701474
0.701768
0.702067
0.702455
0.702813
0.70316
0.703478
0.703766
0.704071
0.704397
0.704709
0.70504
0.705334
0.705599
0.705852
0.7061
0.706348
0.706678
0.706973
0.707265
0.707554
0.707833
0.708361
0.708628
0.708853
0.709071
0.709289
0.709511
0.709726
0.70994
0.710153
0.71035
0.710547
0.710737
0.710927
0.711109
0.711284
0.71145
0.71145
0.71145
0.711451
0.711451
0.711451
0.711451
0.711452
0.711452
0.711452
0.711453
0.711453
0.711453
0.711454
0.711454
0.711455
0.711455
0.711456
0.711456
0.711457
0.711458
0.711458
0.711459
0.71146
0.711461
0.711462
0.711463
0.711464
0.711465
0.711466
0.711467
0.711469
0.71147
0.711471
0.711473
0.711474
0.711475
0.711477
0.711478
0.71148
0.711481
0.711483
0.711485
0.711486
0.711488
0.71149
0.711491
0.711493
0.711494
0.711496
0.711498
0.711499
0.711501
0.711503
0.711504
0.711506
0.711508
0.711509
0.711511
0.711513
0.711514
0.711516
0.711517
0.711519
0.711521
0.711522
0.711524
0.711525
0.711526
0.711528
0.711529
0.711531
0.711532
0.711533
0.711535
0.711536
0.711537
0.711539
0.71154
0.711541
0.711543
0.711544
0.711545
0.711546
0.711547
0.711548
0.711549
0.711551
0.711551
0.711552
0.711553
0.711554
0.711555
0.711556
0.711557
0.711558
0.711558
0.711559
0.71156
0.71156
0.711561
0.711561
0.711562
0.711562
0.711563
0.711563
0.711564
0.711564
0.711564
0.711564
0.711565
0.711565
0.711565
0.711565
0.711565
0.711565
0.711565
0.711565
0.711565
0.711565
0.711565
0.711565
0.711565
0.711565
0.711565
0.711565
0.711565
0.711565
0.711564
0.711564
0.711564
0.711564
0.711564
0.711564
0.711563
0.711563
0.711563
0.711563
0.711562
0.711562
0.711561
0.711561
0.71156
0.71156
0.711559
0.711559
0.711559
0.711558
0.711558
0.711557
0.711557
0.711556
0.711556
0.711555
0.711555
0.711555
0.711554
0.711554
0.711553
0.711553
0.711553
0.711552
0.711552
0.711552
0.711551
0.711551
0.71155
0.71155
0.71155
0.711549
0.711549
0.711549
0.711548
0.711548
0.711548
0.711547
0.711547
0.711547
0.711547
0.711546
0.711546
0.711546
0.711546
0.711546
0.711545
0.711545
0.711545
0.711545
0.711545
0.711545
0.711545
0.711545
0.711545
0.711544
0.711544
0.711544
0.711544
0.711544
0.711544
0.711544
0.711544
0.711544
0.711544
0.711544
0.711543
0.711543
0.711543
0.711543
0.711543
0.711543
0.711543
0.711543
0.711543
0.711543
0.711543
0.711542
0.711542
0.711542
0.711542
0.711542
0.711542
0.711542
0.711542
0.711542
0.711542
0.711541
0.711541
0.711541
0.711541
0.711541
0.711541
0.711541
0.711541
0.711541
0.711541
0.71154
0.71154
0.71154
0.71154
0.71154
0.71154
0.71154
0.71154
0.71154
0.71154
0.71154
0.71154
0.71154
0.71154
0.711539
0.711539
0.711539
0.711539
0.711539
0.711539
0.711539
0.711538
0.711538
0.711538
0.711538
0.711538
0.711538
0.711538
0.711538
0.711538
0.711538
0.711538
0.711538
0.711538
0.711539
0.711539
0.711539
0.711539
0.711539
0.711539
0.711539
0.711539
0.711539
0.711539
0.711539
0.711539
0.711539
0.711539
0.711539
0.711539
0.711539
0.71154
0.71154
0.71154
0.71154
0.71154
0.71154
0.71154
0.71154
0.71154
0.71154
0.71154
0.71154
0.71154
0.71154
0.71154
0.71154
0.71154
0.71154
0.71154
0.71154
0.711539
0.711539
0.711539
0.711539
0.711539
0.711539
0.711538
0.711538
0.711538
0.711538
0.711538
0.711537
0.711537
0.711537
0.711536
0.711536
0.711536
0.711535
0.711535
0.711535
0.711535
0.711535
0.711534
0.711534
0.711534
0.711534
0.711533
0.711533
0.711533
0.711533
0.711532
0.711532
0.711532
0.711532
0.711531
0.711531
0.711531
0.71153
0.71153
0.71153
0.711529
0.711529
0.711529
0.711529
0.711528
0.711528
0.711528
0.711528
0.711527
0.711527
0.711527
0.711527
0.711526
0.711526
0.711526
0.711526
0.711525
0.711525
0.711525
0.711525
0.711524
0.711524
0.711524
0.711524
0.711524
0.711523
0.711523
0.711523
0.711523
0.711522
0.711522
0.711522
0.711522
0.711521
0.711521
0.711521
0.711521
0.71152
0.71152
0.71152
0.711519
0.711519
0.711519
0.711519
0.711518
0.711518
0.711517
0.711517
0.711516
0.711516
0.711516
0.711515
0.711515
0.711514
0.711514
0.711513
0.711513
0.711512
0.711511
0.711511
0.71151
0.71151
0.711509
0.711509
0.711508
0.711508
0.711507
0.711507
0.711506
0.711506
0.711505
0.711505
0.711504
0.711504
0.711503
0.711503
0.711502
0.711501
0.711501
0.7115
0.7115
0.711499
0.711498
0.711498
0.711497
0.711496
0.711496
0.711495
0.711495
0.711494
0.711493
0.711493
0.711492
0.711491
0.711491
0.71149
0.711489
0.711489
0.711488
0.711488
0.711487
0.711487
0.711486
0.711486
0.711485
0.711485
0.711484
0.711484
0.711483
0.711483
0.711483
0.711482
0.711482
0.711482
0.711481
0.711481
0.71148
0.71148
0.71148
0.711479
0.711479
0.711479
0.711478
0.711478
0.711478
0.711477
0.711477
0.711477
0.711476
0.711476
0.711476
0.711476
0.711476
0.711475
0.711475
0.711475
0.711475
0.711475
0.711475
0.711475
0.711475
0.711475
0.711475
0.711475
0.711475
0.711474
0.711474
0.711474
0.711474
0.711474
0.711474
0.711474
0.711474
0.711475
0.711475
0.711475
0.711475
0.711475
0.711475
0.711475
0.711475
0.711475
0.711476
0.711476
0.711476
0.711476
0.711476
0.711476
0.711476
0.711477
0.711477
0.711477
0.711477
0.711477
0.711478
0.711478
0.711478
0.711479
0.711479
0.711479
0.711479
0.71148
0.71148
0.71148
0.711481
0.711481
0.711481
0.711481
0.711482
0.711482
0.711482
0.711482
0.711483
0.711483
0.711483
0.711484
0.711484
0.711484
0.711484
0.711484
0.711485
0.711485
0.711485
0.711485
0.711485
0.711485
0.711485
0.711485
0.711485
0.711485
0.711485
0.711486
0.711486
0.711486
0.711486
0.711486
0.711486
0.711486
0.711486
0.711486
0.711486
0.711486
0.711486
0.711486
0.711486
0.711486
0.711486
0.711486
0.711486
0.711486
0.711486
0.711486
0.711486
0.711486
0.711486
0.711485
0.711485
0.711485
0.711485
0.711484
0.711484
0.711484
0.711484
0.711483
0.711483
0.711483
0.711483
0.711482
0.711482
0.711482
0.711481
0.711481
0.711481
0.711481
0.71148
0.71148
0.71148
0.71148
0.711479
0.711479
0.711479
0.711479
0.711479
0.711479
0.711479
0.711478
0.711478
0.711478
0.711478
0.711478
0.711478
0.711478
0.711478
0.711478
0.711478
0.711478
0.711477
0.711477
0.711477
0.711477
0.711477
0.711477
0.711476
0.711476
0.711476
0.711476
0.711475
0.711475
0.711475
0.711475
0.711474
0.711474
0.711474
0.711474
0.711473
0.711473
0.711473
0.711472
0.711472
0.711472
0.711472
0.711471
0.711471
0.711471
0.711471
0.71147
0.71147
0.71147
0.711469
0.711469
0.711469
0.711468
0.711468
0.711467
0.711467
0.711467
0.711466
0.711466
0.711465
0.711465
0.711464
0.711464
0.711463
0.711463
0.711462
0.711462
0.711461
0.711461
0.711461
0.71146
0.71146
0.71146
0.711459
0.711459
0.711459
0.711458
0.711458
0.711458
0.711457
0.711457
0.711456
0.711456
0.711456
0.711455
0.711455
0.711455
0.711454
0.711454
0.711453
0.711453
0.711452
0.711452
0.711452
0.711451
0.711451
0.71145
0.71145
0.711449
0.711449
0.711449
0.711448
0.711448
0.711447
0.711447
0.711446
0.711446
0.711446
0.711445
0.711445
0.711444
0.711444
0.711443
0.711443
0.711442
0.711442
0.711441
0.711441
0.711441
0.71144
0.71144
0.71144
0.711439
0.711439
0.711439
0.711438
0.711438
0.711438
0.711438
0.711438
0.711437
0.711437
0.711437
0.711437
0.711437
0.711437
0.711436
0.711436
0.711436
0.711436
0.711436
0.711436
0.711436
0.711436
0.711436
0.711436
0.711436
0.711435
0.711435
0.711435
0.711435
0.711435
0.711435
0.711435
0.711435
0.711435
0.711434
0.711434
0.711434
0.711434
0.711434
0.711434
0.711434
0.711433
0.711433
0.711433
0.711433
0.711433
0.711433
0.711433
0.711432
0.711432
0.711432
0.711431
0.711431
0.711431
0.711431
0.71143
0.71143
0.711429
0.711429
0.711429
0.711428
0.711428
0.711427
0.711427
0.711427
0.711427
0.711426
0.711426
0.711426
0.711425
0.711425
0.711425
0.711425
0.711425
0.711425
0.711425
0.711424
0.711424
0.711424
0.711424
0.711424
0.711423
0.711423
0.711423
0.711423
0.711422
0.711422
0.711422
0.711422
0.711421
0.711421
0.711421
0.711421
0.711421
0.711421
0.71142
0.71142
0.71142
0.71142
0.71142
0.71142
0.71142
0.71142
0.711419
0.711419
0.711419
0.711419
0.711419
0.711419
0.711419
0.711419
0.711419
0.711419
0.711419
0.711418
0.711418
0.711418
0.711418
0.711418
0.711418
0.711418
0.711418
0.711418
0.711418
0.711418
0.711418
0.711418
0.711418
0.711418
0.711418
0.711418
0.711418
0.711418
0.711418
0.711418
0.711418
0.711418
0.711418
0.711418
0.711418
0.711418
0.711418
0.711418
0.711418
0.711418
0.711418
0.711418
0.711418
0.711418
0.711418
0.711418
0.711418
0.711418
0.711418
0.711417
0.711417
0.711417
0.711417
0.711418
0.711418
0.711418
0.711418
0.711418
0.711418
0.711418
0.711418
0.711418
0.711419
0.711419
0.711419
0.711419
0.711419
0.71142
0.71142
0.71142
0.71142
0.71142
0.71142
0.711421
0.711421
0.711421
0.711421
0.711421
0.711421
0.711422
0.711422
0.711422
0.711422
0.711423
0.711423
0.711423
0.711423
0.711423
0.711424
0.711424
0.711424
0.711424
0.711424
0.711425
0.711425
0.711425
0.711426
0.711426
0.711427
0.711427
0.711427
0.711428
0.711428
0.711429
0.711429
0.71143
0.71143
0.711431
0.711431
0.711432
0.711432
0.711433
0.711433
0.711434
0.711434
0.711435
0.711435
0.711435
0.711436
0.711436
0.711437
0.711437
0.711438
0.711438
0.711439
0.71144
0.71144
0.711441
0.711441
0.711442
0.711442
0.711443
0.711443
0.711444
0.711445
0.711445
0.711446
0.711446
0.711447
0.711447
0.711448
0.711448
0.711449
0.711449
0.71145
0.71145
0.711451
0.711451
0.711451
0.711452
0.711452
0.711452
0.711452
0.711453
0.711453
0.711453
0.711453
0.711454
0.711454
0.711454
0.711455
0.711455
0.711455
0.711456
0.711456
0.711456
0.711457
0.711457
0.711457
0.711458
0.711458
0.711458
0.711459
0.711459
0.711459
0.711459
0.71146
0.71146
0.71146
0.711461
0.711461
0.711461
0.711461
0.711462
0.711462
0.711462
0.711463
0.711463
0.711464
0.711464
0.711464
0.711465
0.711465
0.711465
0.711466
0.711466
0.711467
0.711467
0.711467
0.711468
0.711468
0.711469
0.711469
0.71147
0.71147
0.711471
0.711471
0.711471
0.711472
0.711472
0.711473
0.711473
0.711474
0.711474
0.711475
0.711475
0.711476
0.711476
0.711476
0.711477
0.711477
0.711478
0.711478
0.711478
0.711479
0.711479
0.71148
0.71148
0.71148
0.711481
0.711481
0.711481
0.711482
0.711482
0.711483
0.711483
0.711483
0.711484
0.711484
0.711485
0.711485
0.711485
0.711486
0.711486
0.711487
0.711487
0.711488
0.711488
0.711489
0.711489
0.71149
0.711491
0.711491
0.711492
0.711492
0.711493
0.711493
0.711494
0.711494
0.711495
0.711495
0.711496
0.711496
0.711497
0.711497
0.711498
0.711498
0.711499
0.711499
0.711499
0.7115
0.7115
0.711501
0.711501
0.711502
0.711502
0.711502
0.711503
0.711503
0.711503
0.711504
0.711504
0.711504
0.711505
0.711505
0.711505
0.711506
0.711506
0.711506
0.711507
0.711507
0.711507
0.711508
0.711508
0.711509
0.711509
0.71151
0.71151
0.71151
0.711511
0.711511
0.711511
0.711512
0.711512
0.711512
0.711513
0.711513
0.711513
0.711514
0.711514
0.711515
0.711515
0.711515
0.711515
0.711516
0.711516
0.711516
0.711517
0.711517
0.711517
0.711517
0.711518
0.711518
0.711518
0.711519
0.711519
0.71152
0.71152
0.71152
0.711521
0.711521
0.711522
0.711522
0.711523
0.711523
0.711523
0.711524
0.711524
0.711525
0.711525
0.711526
0.711526
0.711527
0.711527
0.711528
0.711528
0.711529
0.711529
0.71153
0.71153
0.711531
0.711532
0.711532
0.711533
0.711533
0.711534
0.711534
0.711534
0.711535
0.711535
0.711536
0.711536
0.711536
0.711537
0.711537
0.711537
0.711538
0.711538
0.711538
0.711539
0.711539
0.711539
0.711539
0.71154
0.71154
0.71154
0.71154
0.71154
0.71154
0.71154
0.71154
0.711541
0.711541
0.711541
0.711541
0.711541
0.711541
0.711541
0.711541
0.711541
0.711541
0.711542
0.711542
0.711542
0.711542
0.711542
0.711542
0.711542
0.711542
0.711542
0.711542
0.711542
0.711542
0.711542
0.711542
0.711542
0.711542
0.711542
0.711542
0.711542
0.711542
0.711543
0.711543
0.711543
0.711543
0.711543
0.711543
0.711543
0.711543
0.711543
0.711543
0.711543
0.711543
0.711543
0.711544
0.711544
0.711544
0.711544
0.711544
0.711544
0.711544
0.711544
0.711544
0.711544
0.711544
0.711544
0.711544
0.711543
0.711543
0.711543
0.711543
0.711543
0.711543
0.711543
0.711543
0.711543
0.711542
0.711542
0.711542
0.711542
0.711542
0.711542
0.711542
0.711541
0.711541
0.711541
0.711541
0.711541
0.711541
0.71154
0.71154
0.71154
0.71154
0.71154
0.71154
0.71154
0.71154
0.71154
0.711539
0.711539
0.711539
0.711539
0.711539
0.711539
0.711539
0.711538
0.711538
0.711538
0.711538
0.711538
0.711538
0.711537
0.711537
0.711537
0.711537
0.711537
0.711536
0.711536
0.711536
0.711536
0.711536
0.711535
0.711535
0.711535
0.711535
0.711535
0.711535
0.711535
0.711534
0.711534
0.711534
0.711534
0.711534
0.711534
0.711533
0.711533
0.711533
0.711533
0.711532
0.711532
0.711532
0.711532
0.711532
0.711531
0.711531
0.711531
0.711531
0.71153
0.71153
0.71153
0.71153
0.71153
0.71153
0.711529
0.711529
0.711529
0.711529
0.711528
0.711528
0.711528
0.711528
0.711527
0.711527
0.711527
0.711526
0.711526
0.711525
0.711525
0.711525
0.711524
0.711524
0.711524
0.711523
0.711523
0.711523
0.711522
0.711522
0.711522
0.711521
0.711521
0.71152
0.71152
0.711519
0.711519
0.711518
0.711518
0.711517
0.711517
0.711516
0.711516
0.711515
0.711514
0.711514
0.711513
0.711513
0.711512
0.711512
0.711511
0.711511
0.71151
0.71151
0.711509
0.711509
0.711508
0.711508
0.711508
0.711508
0.711507
0.711507
0.711507
0.711507
0.711507
0.711507
0.711506
0.711506
0.711506
0.711506
0.711506
0.711506
0.711506
0.711506
0.711506
0.711506
0.711506
0.711506
0.711506
0.711506
0.711506
0.711505
0.711505
0.711505
0.711505
0.711505
0.711505
0.711505
0.711505
0.711505
0.711505
0.711505
0.711505
0.711505
0.711505
0.711505
0.711505
0.711505
0.711505
0.711505
0.711505
0.711505
0.711505
0.711505
0.711505
0.711505
0.711505
0.711506
0.711506
0.711506
0.711506
0.711506
0.711506
0.711506
0.711506
0.711506
0.711506
0.711506
0.711506
0.711506
0.711506
0.711507
0.711507
0.711507
0.711507
0.711507
0.711507
0.711507
0.711507
0.711507
0.711507
0.711507
0.711507
0.711507
0.711507
0.711507
0.711508
0.711508
0.711508
0.711508
0.711508
0.711509
0.711509
0.711509
0.711509
0.71151
0.71151
0.71151
0.71151
0.711511
0.711511
0.711511
0.711512
0.711512
0.711512
0.711512
0.711513
0.711513
0.711514
0.711514
0.711514
0.711515
0.711515
0.711515
0.711515
0.711516
0.711516
0.711516
0.711517
0.711517
0.711517
0.711517
0.711475
0.711435
0.711386
0.711346
0.711302
0.711252
0.711209
0.711162
0.711113
0.711063
0.711011
0.710961
0.710905
0.710849
0.710796
0.71074
0.710678
0.710608
0.710535
0.710457
0.710394
0.710338
0.710282
0.710226
0.710161
0.710102
0.710046
0.709986
0.709927
0.709866
0.709806
0.709747
0.709684
0.709628
0.709565
0.709487
0.709417
0.709337
0.709274
0.709208
0.709147
0.709083
0.709004
0.708926
0.708847
0.708769
0.708702
0.708636
0.708563
0.708496
0.708418
0.708332
0.708253
0.708171
0.70809
0.708002
0.707918
0.70783
0.707733
0.707643
0.707546
0.707452
0.707349
0.707252
0.707146
0.70705
0.70695
0.706847
0.706747
0.706644
0.706537
0.706434
0.706331
0.706228
0.706121
0.706019
0.70591
0.705805
0.705693
0.705578
0.705471
0.705352
0.705228
0.705118
0.705001
0.704865
0.704737
0.704605
0.704473
0.704338
0.7042
0.704053
0.703903
0.703754
0.703594
0.703438
0.703283
0.703127
0.702972
0.70282
0.702679
0.702536
0.702372
0.702207
0.702038
0.701869
0.701702
0.701538
0.701369
0.701209
0.701037
0.70086
0.700685
0.700507
0.70033
0.700157
0.699974
0.699803
0.699619
0.699439
0.69925
0.699056
0.69887
0.698678
0.698488
0.698296
0.698098
0.697897
0.69769
0.697487
0.697279
0.697077
0.696877
0.696675
0.696488
0.696274
0.696065
0.695829
0.695581
0.695331
0.695126
0.694919
0.694707
0.694496
0.694289
0.694084
0.693875
0.693665
0.693458
0.69325
0.693038
0.692837
0.692628
0.692426
0.692215
0.691996
0.691785
0.691567
0.691363
0.691156
0.690962
0.690753
0.690554
0.690342
0.690132
0.689933
0.689733
0.689538
0.689329
0.689125
0.688922
0.688717
0.688521
0.688324
0.688121
0.687923
0.687717
0.687518
0.687314
0.687119
0.686916
0.686727
0.686529
0.68633
0.686142
0.685953
0.685758
0.685558
0.685353
0.685151
0.684953
0.684756
0.684584
0.68439
0.684216
0.684022
0.683823
0.683637
0.683446
0.683262
0.683051
0.682619
0.682386
0.682152
0.681921
0.681679
0.681206
0.680985
0.68078
0.680319
0.680085
0.67984
0.6794
0.679155
0.678915
0.678652
0.678439
0.67818
0.677963
0.677715
0.677477
0.677033
0.676864
0.676635
0.6764
0.675942
0.675761
0.675294
0.675066
0.674835
0.674605
0.674375
0.674134
0.673926
0.673695
0.673472
0.67325
0.673038
0.672823
0.672589
0.672388
0.672165
0.671984
0.671818
0.671607
0.671395
0.671156
0.670936
0.670719
0.670302
0.670071
0.669878
0.669663
0.66945
0.669217
0.669027
0.668824
0.668622
0.6684
0.668199
0.668015
0.667819
0.667629
0.667472
0.667311
0.667115
0.666922
0.666733
0.66658
0.666425
0.666235
0.666053
0.665868
0.665725
0.665572
0.665419
0.665269
0.66512
0.664972
0.664828
0.664684
0.664539
0.664402
0.664264
0.664119
0.663974
0.66383
0.663693
0.663551
0.663412
0.663269
0.663128
0.662988
0.662853
0.662709
0.662568
0.662434
0.662303
0.66217
0.662032
0.661898
0.661771
0.66164
0.661509
0.661376
0.66124
0.661109
0.660987
0.660866
0.660742
0.660623
0.660499
0.660376
0.660254
0.660123
0.660005
0.659881
0.659756
0.65963
0.659514
0.659398
0.659284
0.659169
0.659054
0.65894
0.658825
0.65871
0.658596
0.658489
0.658386
0.658271
0.658159
0.658048
0.657939
0.657832
0.657725
0.657614
0.657509
0.657402
0.65729
0.657179
0.657087
0.656987
0.656877
0.656768
0.656662
0.656563
0.656459
0.656357
0.656256
0.656164
0.656064
0.655967
0.655875
0.65578
0.655686
0.655588
0.655495
0.655405
0.65531
0.65522
0.655159
0.655124
0.655118
0.655155
0.655224
0.655321
0.655437
0.655561
0.655691
0.655817
0.655929
0.656032
0.656121
0.6562
0.656272
0.656337
0.656398
0.656452
0.656509
0.656563
0.656616
0.656674
0.656732
0.656791
0.656854
0.65692
0.656989
0.657067
0.657152
0.657245
0.657345
0.657448
0.657549
0.657653
0.657744
0.657836
0.657922
0.658006
0.658092
0.658173
0.658255
0.658328
0.658409
0.658484
0.658563
0.658638
0.658714
0.658787
0.658863
0.658938
0.659013
0.65909
0.659169
0.659251
0.659335
0.659421
0.659509
0.659598
0.659685
0.659776
0.659865
0.659959
0.660051
0.660146
0.660245
0.660344
0.660446
0.660549
0.660654
0.660762
0.660868
0.660972
0.661075
0.661173
0.661275
0.661374
0.661473
0.661572
0.661671
0.661774
0.661875
0.66198
0.662087
0.662194
0.662303
0.66241
0.662517
0.662626
0.662735
0.662843
0.662951
0.663059
0.663166
0.663275
0.663386
0.663494
0.663598
0.663701
0.663806
0.66391
0.664007
0.664109
0.664209
0.664311
0.664408
0.664509
0.664609
0.664709
0.664806
0.664902
0.664998
0.665091
0.665186
0.665279
0.66537
0.665459
0.665547
0.665633
0.665722
0.665805
0.66589
0.665973
0.666052
0.666133
0.666213
0.666285
0.666359
0.666436
0.666512
0.666592
0.666667
0.666739
0.666811
0.666885
0.666952
0.667013
0.667079
0.667138
0.667199
0.667236
0.667297
0.66735
0.667406
0.66746
0.667511
0.667558
0.667609
0.667667
0.667716
0.667763
0.667813
0.667858
0.6679
0.667942
0.667988
0.668026
0.668066
0.66811
0.668149
0.668191
0.668236
0.668277
0.668314
0.668352
0.66839
0.668426
0.668463
0.668497
0.668533
0.668569
0.668604
0.668634
0.668663
0.668695
0.668725
0.668753
0.66878
0.668809
0.668836
0.668861
0.668884
0.668907
0.66893
0.668953
0.668975
0.669
0.669026
0.669043
0.669063
0.669082
0.669099
0.669116
0.669131
0.669149
0.669166
0.669182
0.669199
0.669216
0.669227
0.669234
0.669246
0.669251
0.669259
0.669265
0.669269
0.669278
0.669283
0.669288
0.669293
0.669299
0.6693
0.669303
0.669305
0.669306
0.669306
0.669306
0.669307
0.669302
0.669302
0.669296
0.669291
0.669286
0.669279
0.669271
0.669264
0.669257
0.669247
0.669237
0.669227
0.669214
0.669206
0.669194
0.669184
0.669171
0.66916
0.669146
0.669138
0.669125
0.669112
0.669104
0.669094
0.669089
0.669082
0.669077
0.669072
0.669064
0.669057
0.669052
0.669047
0.669052
0.669057
0.669062
0.669066
0.66907
0.669074
0.669078
0.669081
0.669085
0.669088
0.66909
0.669093
0.669096
0.669098
0.6691
0.669102
0.669103
0.669105
0.669106
0.669107
0.669107
0.669108
0.669108
0.669108
0.669108
0.669107
0.669107
0.669106
0.669106
0.669105
0.669104
0.669103
0.669102
0.669101
0.669099
0.669098
0.669096
0.669095
0.669093
0.669091
0.669089
0.669087
0.669085
0.669083
0.669081
0.669079
0.669076
0.669074
0.669071
0.669068
0.669065
0.669062
0.669059
0.669056
0.669053
0.66905
0.669046
0.669043
0.669039
0.669036
0.669032
0.669028
0.669024
0.66902
0.669016
0.669012
0.669007
0.669003
0.668998
0.668994
0.668989
0.668984
0.66898
0.668975
0.66897
0.668965
0.66896
0.668955
0.66895
0.668944
0.668939
0.668934
0.668928
0.668923
0.668917
0.668912
0.668906
0.668901
0.668895
0.668889
0.668884
0.668878
0.668872
0.668866
0.668861
0.668855
0.668849
0.668843
0.668837
0.668831
0.668825
0.668819
0.668813
0.668807
0.668801
0.668795
0.668789
0.668783
0.668776
0.66877
0.668764
0.668758
0.668751
0.668745
0.668739
0.668733
0.668726
0.66872
0.668714
0.668708
0.668701
0.668695
0.668689
0.668683
0.668676
0.66867
0.668664
0.668658
0.668652
0.668646
0.668639
0.668633
0.668627
0.668621
0.668615
0.668609
0.668603
0.668597
0.66859
0.668584
0.668578
0.668572
0.668566
0.66856
0.668554
0.668548
0.668542
0.668536
0.66853
0.668524
0.668518
0.668512
0.668506
0.6685
0.668494
0.668488
0.668482
0.668476
0.66847
0.668464
0.668458
0.668452
0.668446
0.668439
0.668433
0.668427
0.668421
0.668415
0.668408
0.668402
0.668396
0.668389
0.668383
0.668376
0.66837
0.668363
0.668356
0.668349
0.668343
0.668336
0.668329
0.668322
0.668315
0.668308
0.6683
0.668293
0.668286
0.668278
0.668271
0.668263
0.668256
0.668248
0.66824
0.668233
0.668225
0.668217
0.668209
0.668201
0.668193
0.668185
0.668177
0.668169
0.66816
0.668152
0.668144
0.668135
0.668127
0.668119
0.66811
0.668102
0.668093
0.668085
0.668076
0.668068
0.668059
0.668051
0.668042
0.668034
0.668025
0.668016
0.668007
0.667998
0.66799
0.667981
0.667972
0.667963
0.667954
0.667944
0.667935
0.667926
0.667917
0.667908
0.667899
0.66789
0.667881
0.667872
0.667863
0.667854
0.667845
0.667836
0.667827
0.667818
0.667809
0.6678
0.667791
0.667782
0.667774
0.667765
0.667756
0.667747
0.667738
0.667729
0.66772
0.667712
0.667703
0.667694
0.667685
0.667676
0.667667
0.667659
0.66765
0.667641
0.667632
0.667623
0.667614
0.667606
0.667597
0.667588
0.66758
0.667571
0.667562
0.667554
0.667545
0.667536
0.667528
0.667519
0.667511
0.667502
0.667494
0.667486
0.667478
0.66747
0.667461
0.667453
0.667445
0.667437
0.667429
0.667421
0.667413
0.667406
0.667398
0.66739
0.667382
0.667374
0.667367
0.667359
0.667351
0.667344
0.667336
0.667328
0.667321
0.667313
0.667305
0.667297
0.66729
0.667282
0.667274
0.667266
0.667259
0.667251
0.667243
0.667236
0.667228
0.66722
0.667213
0.667205
0.667197
0.66719
0.667182
0.667175
0.667167
0.66716
0.667153
0.667145
0.667138
0.667131
0.667123
0.667116
0.667109
0.667101
0.667094
0.667087
0.667079
0.667072
0.667065
0.667057
0.66705
0.667043
0.667036
0.667028
0.667021
0.667014
0.667007
0.667
0.666992
0.666985
0.666978
0.666971
0.666964
0.666957
0.66695
0.666943
0.666936
0.666929
0.666923
0.666916
0.666909
0.666902
0.666895
0.666888
0.666882
0.666875
0.666868
0.666862
0.666855
0.666848
0.666842
0.666835
0.666829
0.666822
0.666815
0.666809
0.666803
0.666796
0.66679
0.666783
0.666777
0.666771
0.666765
0.666758
0.666752
0.666746
0.66674
0.666734
0.666728
0.666722
0.666716
0.66671
0.666704
0.666698
0.666692
0.666686
0.66668
0.666675
0.666669
0.666663
0.666658
0.666652
0.666646
0.666641
0.666635
0.666629
0.666624
0.666618
0.666612
0.666607
0.666601
0.666596
0.66659
0.666584
0.666579
0.666573
0.666568
0.666562
0.666556
0.666551
0.666545
0.666539
0.666534
0.666528
0.666523
0.666517
0.666511
0.666506
0.6665
0.666495
0.666489
0.666484
0.666479
0.666473
0.666468
0.666462
0.666457
0.666452
0.666447
0.666441
0.666436
0.666431
0.666426
0.666421
0.666415
0.66641
0.666405
0.6664
0.666394
0.666389
0.666384
0.666379
0.666374
0.666369
0.666364
0.666359
0.666354
0.666349
0.666343
0.666338
0.666333
0.666328
0.666323
0.666318
0.666313
0.666308
0.666303
0.666298
0.666293
0.666288
0.666283
0.666278
0.666273
0.666268
0.666263
0.666258
0.666253
0.666149
0.666032
0.665921
0.665812
0.665692
0.665586
0.66547
0.665357
0.665244
0.665131
0.665015
0.664903
0.664796
0.664694
0.664591
0.664485
0.664375
0.664274
0.664169
0.664057
0.663952
0.663843
0.663731
0.663626
0.663521
0.663414
0.663313
0.66321
0.663105
0.663002
0.662899
0.662797
0.662699
0.662603
0.662503
0.662412
0.662321
0.662228
0.662141
0.662054
0.661967
0.661876
0.661789
0.661683
0.661576
0.661465
0.661378
0.66129
0.661197
0.661112
0.661021
0.660939
0.660853
0.660771
0.660661
0.660568
0.660467
0.660366
0.660262
0.660162
0.660064
0.659962
0.659862
0.659767
0.659673
0.659577
0.659484
0.659321
0.659245
0.659153
0.659065
0.6589
0.658832
0.658745
0.658654
0.658565
0.658475
0.6584
0.658327
0.658254
0.658182
0.658088
0.658004
0.657913
0.657824
0.657737
0.657648
0.657559
0.657473
0.657389
0.657299
0.657214
0.657136
0.657042
0.656971
0.656903
0.656826
0.656752
0.656673
0.656597
0.656521
0.656443
0.656371
0.656296
0.656223
0.65615
0.656071
0.655998
0.655926
0.655852
0.655783
0.655709
0.655633
0.655556
0.655477
0.655401
0.655326
0.655243
0.655166
0.655085
0.655004
0.654921
0.654844
0.654763
0.654692
0.654615
0.654536
0.654461
0.654385
0.654313
0.654238
0.654161
0.654088
0.654017
0.653939
0.653867
0.653795
0.653728
0.653661
0.653591
0.653522
0.653457
0.653385
0.65332
0.653252
0.653184
0.653115
0.653048
0.652979
0.65291
0.652844
0.652776
0.652708
0.652651
0.65259
0.65252
0.652461
0.652399
0.652339
0.65228
0.652211
0.652146
0.652091
0.652034
0.651976
0.65192
0.65187
0.651823
0.651781
0.65173
0.651684
0.651645
0.651597
0.651552
0.651508
0.651466
0.651418
0.651374
0.651331
0.65129
0.651245
0.65121
0.651173
0.651132
0.651091
0.651047
0.651001
0.650962
0.650919
0.650856
0.65079
0.650724
0.650668
0.650631
0.65057
0.650513
0.650454
0.650399
0.650345
0.650293
0.650145
0.650115
0.650056
0.650002
0.649948
0.64981
0.649771
0.649721
0.649679
0.649625
0.649577
0.649521
0.649465
0.649397
0.649339
0.649276
0.64921
0.649148
0.64909
0.649035
0.648996
0.64884
0.648802
0.648741
0.648675
0.648508
0.648472
0.64841
0.648346
0.648308
0.648265
0.648226
0.648185
0.648139
0.648094
0.648047
0.648002
0.64794
0.647868
0.647699
0.647653
0.647476
0.647433
0.647363
0.647289
0.647226
0.647181
0.647126
0.647081
0.647038
0.646996
0.646948
0.646904
0.646855
0.646813
0.646757
0.646707
0.646654
0.646603
0.646552
0.646498
0.646433
0.646358
0.646292
0.646221
0.64617
0.646122
0.646071
0.646019
0.645966
0.645914
0.645867
0.645813
0.645756
0.645708
0.645658
0.645604
0.645546
0.645492
0.645434
0.645376
0.645322
0.645268
0.64521
0.645159
0.645107
0.64505
0.644995
0.644947
0.644892
0.644831
0.644774
0.644721
0.644668
0.644614
0.644561
0.644505
0.644455
0.644397
0.644344
0.644287
0.644239
0.644183
0.644134
0.644083
0.644036
0.643987
0.643928
0.643878
0.643823
0.643769
0.643707
0.643649
0.643593
0.643534
0.643475
0.643423
0.643371
0.643314
0.643259
0.643204
0.643145
0.643086
0.643029
0.642973
0.64292
0.642858
0.642809
0.642754
0.642701
0.642651
0.642599
0.642544
0.642496
0.642443
0.642387
0.642335
0.642285
0.642233
0.64218
0.642128
0.642078
0.642028
0.641976
0.641923
0.641873
0.641816
0.641763
0.641711
0.641653
0.641597
0.64155
0.641498
0.641445
0.641389
0.641336
0.641288
0.641235
0.641184
0.641137
0.64109
0.641045
0.641004
0.640956
0.640912
0.640877
0.640835
0.640799
0.640766
0.640724
0.64068
0.640631
0.640583
0.640535
0.640487
0.640436
0.640391
0.640344
0.640297
0.640249
0.640208
0.64016
0.640121
0.640077
0.640033
0.639991
0.639949
0.639907
0.639863
0.639821
0.639782
0.63974
0.639704
0.639666
0.639621
0.639582
0.639541
0.639499
0.639465
0.639426
0.639384
0.639345
0.639315
0.639278
0.639247
0.639219
0.639188
0.639155
0.639132
0.639108
0.639084
0.639058
0.639024
0.638999
0.638972
0.638944
0.638924
0.638898
0.63887
0.638844
0.638821
0.638791
0.638767
0.638743
0.638719
0.638694
0.638667
0.638641
0.638613
0.638591
0.638569
0.638541
0.638516
0.638491
0.63846
0.638434
0.638409
0.638386
0.638363
0.638337
0.638311
0.638281
0.638256
0.638235
0.638211
0.638184
0.638163
0.63814
0.638117
0.638094
0.638072
0.638045
0.638019
0.637992
0.63797
0.637941
0.637913
0.637889
0.637861
0.637828
0.637799
0.637766
0.637732
0.637698
0.637664
0.637628
0.637591
0.637557
0.637519
0.637482
0.637448
0.63741
0.637379
0.637338
0.637309
0.637285
0.637248
0.637212
0.637171
0.637132
0.637094
0.637056
0.637019
0.636978
0.636927
0.636873
0.636823
0.636776
0.636723
0.636681
0.636642
0.636603
0.636558
0.636516
0.63647
0.636422
0.636377
0.636332
0.636281
0.636231
0.63618
0.636136
0.636091
0.636046
0.635998
0.63595
0.635903
0.635859
0.635808
0.635753
0.635703
0.635635
0.635564
0.635492
0.635422
0.635375
0.635316
0.63526
0.635211
0.635134
0.635062
0.634985
0.634915
0.634862
0.6348
0.634744
0.634691
0.634638
0.634585
0.63454
0.634485
0.634435
0.634386
0.634328
0.634273
0.634215
0.63416
0.63411
0.634054
0.633999
0.633939
0.633889
0.633848
0.633802
0.633737
0.633688
0.633632
0.633567
0.633501
0.63344
0.633382
0.633318
0.633248
0.633181
0.633118
0.633056
0.632991
0.632927
0.632863
0.632797
0.632737
0.632676
0.63261
0.632541
0.632472
0.632401
0.632332
0.632265
0.632194
0.632127
0.632057
0.631987
0.631911
0.631837
0.631765
0.631689
0.631614
0.631552
0.631487
0.63142
0.631346
0.631282
0.631215
0.631137
0.631069
0.630997
0.630921
0.63085
0.630769
0.630692
0.630612
0.630534
0.630456
0.630372
0.630289
0.630215
0.630139
0.630051
0.629963
0.629874
0.629785
0.629694
0.629606
0.629519
0.629431
0.629342
0.629251
0.629155
0.629064
0.628969
0.628879
0.628789
0.6287
0.628603
0.628506
0.628409
0.628305
0.628206
0.62811
0.628013
0.627912
0.627814
0.627715
0.627615
0.627524
0.627424
0.627321
0.627216
0.627108
0.627005
0.626902
0.626795
0.626689
0.626577
0.626469
0.626361
0.62625
0.626142
0.626031
0.625926
0.625821
0.625709
0.625595
0.625483
0.625372
0.625259
0.625144
0.625029
0.624913
0.624805
0.624686
0.624572
0.624454
0.624337
0.624219
0.624104
0.62398
0.623862
0.623749
0.62363
0.623512
0.623394
0.623275
0.623152
0.623031
0.62291
0.622793
0.622678
0.622556
0.622435
0.622318
0.622196
0.622081
0.621955
0.621861
0.621792
0.621752
0.621741
0.621755
0.621775
0.621801
0.621825
0.621842
0.621849
0.621841
0.621823
0.621795
0.621748
0.62171
0.621672
0.621633
0.621596
0.621571
0.621557
0.621557
0.621567
0.621577
0.62159
0.621612
0.621636
0.621667
0.621694
0.62172
0.621735
0.621744
0.621744
0.621737
0.621723
0.621704
0.621685
0.621665
0.621648
0.621638
0.621638
0.621644
0.621651
0.62166
0.621676
0.621692
0.621706
0.621716
0.621725
0.621731
0.621735
0.621744
0.621757
0.621776
0.621801
0.621836
0.621875
0.621911
0.621949
0.621987
0.622021
0.622054
0.622084
0.622115
0.622147
0.622178
0.622216
0.622255
0.622293
0.622334
0.622373
0.62241
0.62245
0.622483
0.622517
0.622551
0.622583
0.622615
0.622648
0.622683
0.622719
0.622755
0.62279
0.622828
0.622862
0.622895
0.622928
0.622961
0.622989
0.62302
0.623049
0.623078
0.623108
0.62314
0.62317
0.623199
0.623228
0.623256
0.623285
0.623314
0.623342
0.623371
0.623397
0.623427
0.623455
0.623486
0.623513
0.62354
0.623565
0.623591
0.623616
0.623641
0.623667
0.62369
0.623713
0.623738
0.62376
0.623782
0.623801
0.623822
0.623842
0.623862
0.623881
0.6239
0.623918
0.623936
0.623953
0.623968
0.623984
0.624
0.624015
0.624028
0.624042
0.624056
0.624069
0.624081
0.624093
0.624104
0.624115
0.624125
0.624133
0.624142
0.624151
0.624158
0.624165
0.624171
0.624177
0.624181
0.624185
0.624188
0.624191
0.624192
0.624193
0.624192
0.624193
0.624191
0.624188
0.624184
0.62418
0.624174
0.624167
0.62416
0.624152
0.624143
0.624133
0.624122
0.624113
0.624101
0.624088
0.624074
0.624062
0.624046
0.62403
0.624017
0.624
0.623983
0.623965
0.623945
0.623926
0.623907
0.623884
0.623862
0.623839
0.623817
0.623791
0.623765
0.623738
0.62371
0.623684
0.623652
0.623622
0.623588
0.623556
0.623523
0.623487
0.623452
0.623414
0.623376
0.62334
0.623302
0.623259
0.623222
0.623179
0.623138
0.623095
0.623054
0.623009
0.622963
0.622918
0.622871
0.622825
0.622775
0.622728
0.622679
0.622631
0.622582
0.62253
0.62248
0.62243
0.622378
0.622326
0.622274
0.622221
0.622167
0.622113
0.622058
0.622002
0.62195
0.621893
0.621836
0.62178
0.621722
0.621663
0.621604
0.621544
0.621485
0.621425
0.621365
0.621304
0.621242
0.621181
0.621118
0.621055
0.620991
0.620927
0.620861
0.620797
0.620732
0.620666
0.620599
0.620533
0.620466
0.620398
0.620327
0.62026
0.620192
0.620124
0.620054
0.619986
0.619917
0.619849
0.619778
0.619708
0.619639
0.619569
0.619497
0.619427
0.619356
0.619284
0.619213
0.619138
0.619067
0.618991
0.618916
0.618842
0.618767
0.618691
0.618613
0.618537
0.618463
0.618387
0.618312
0.618236
0.618162
0.618085
0.61801
0.61793
0.617853
0.617777
0.617702
0.617623
0.617548
0.617469
0.617394
0.617315
0.61724
0.617161
0.617084
0.617007
0.616932
0.616853
0.616776
0.616699
0.616622
0.616547
0.616469
0.616394
0.616318
0.616244
0.61617
0.616096
0.616018
0.615944
0.615871
0.615795
0.615722
0.615647
0.615574
0.6155
0.615428
0.615354
0.615282
0.615209
0.615137
0.615066
0.614993
0.614923
0.61485
0.61478
0.614708
0.614638
0.614569
0.614498
0.614429
0.61436
0.61429
0.614222
0.614152
0.614085
0.614016
0.613947
0.61388
0.613812
0.613745
0.613679
0.613614
0.613549
0.613483
0.613419
0.613353
0.61329
0.613224
0.613161
0.613099
0.613038
0.612979
0.612919
0.61286
0.612801
0.612742
0.612683
0.612625
0.612568
0.61251
0.612454
0.612397
0.612341
0.612288
0.612233
0.612178
0.612126
0.612072
0.61202
0.611969
0.611917
0.611864
0.611813
0.611765
0.611716
0.611666
0.611617
0.61157
0.611523
0.611475
0.611427
0.611382
0.611336
0.611293
0.611246
0.611203
0.611161
0.611119
0.611078
0.611039
0.610999
0.610961
0.610923
0.610884
0.610848
0.610813
0.610776
0.610742
0.610708
0.610675
0.61064
0.610609
0.610577
0.610548
0.610517
0.610484
0.610456
0.610426
0.610397
0.610368
0.610341
0.610313
0.610287
0.61026
0.610237
0.610212
0.610188
0.610168
0.610145
0.610126
0.610105
0.610085
0.610064
0.610045
0.610026
0.610008
0.609995
0.609978
0.609963
0.609947
0.609932
0.609919
0.609904
0.609892
0.60988
0.609871
0.609862
0.609856
0.60985
0.609847
0.609843
0.609842
0.609846
0.60985
0.609852
0.609853
0.609858
0.609866
0.60987
0.60988
0.609888
0.609894
0.6099
0.609909
0.60992
0.609932
0.609948
0.609963
0.609973
0.609994
0.610014
0.610035
0.610056
0.610076
0.610094
0.610104
0.610122
0.610144
0.610163
0.610183
0.610205
0.610229
0.610253
0.610279
0.610306
0.610334
0.610363
0.610391
0.61042
0.610452
0.610487
0.610519
0.610555
0.610587
0.610628
0.610665
0.610704
0.61074
0.610777
0.610822
0.610863
0.610903
0.610949
0.610995
0.611044
0.611095
0.611144
0.611201
0.611257
0.611311
0.611369
0.611426
0.611485
0.611546
0.611609
0.61167
0.611737
0.611801
0.611869
0.611937
0.612011
0.612086
0.612159
0.612238
0.612317
0.612396
0.612476
0.612558
0.612638
0.61272
0.612809
0.612896
0.612976
0.613063
0.613145
0.613233
0.613325
0.613415
0.61351
0.6136
0.613697
0.613792
0.613879
0.613966
0.61406
0.614155
0.614255
0.614357
0.614455
0.614558
0.614662
0.614764
0.614865
0.614972
0.615087
0.615197
0.615312
0.615424
0.615521
0.615624
0.615728
0.615836
0.615947
0.616058
0.616167
0.616281
0.616395
0.616512
0.616634
0.616757
0.616877
0.617
0.617118
0.617233
0.617358
0.617486
0.617615
0.617741
0.617868
0.617997
0.618121
0.618254
0.61839
0.618527
0.618664
0.618796
0.618927
0.619065
0.619201
0.619341
0.619487
0.619633
0.619781
0.619935
0.620088
0.620247
0.620406
0.620561
0.620718
0.620866
0.62103
0.621191
0.62136
0.621534
0.621694
0.621862
0.622032
0.62221
0.622387
0.62256
0.62274
0.622917
0.623083
0.623264
0.623451
0.623638
0.623826
0.624014
0.6242
0.624393
0.624588
0.624781
0.624978
0.625169
0.625367
0.625571
0.625777
0.625982
0.626185
0.626383
0.626591
0.626793
0.626997
0.627207
0.627422
0.627635
0.627847
0.62806
0.628269
0.628492
0.628713
0.628936
0.629154
0.629375
0.629602
0.629829
0.630054
0.630276
0.630501
0.630735
0.630966
0.6312
0.631432
0.631658
0.631896
0.632125
0.632357
0.632589
0.632827
0.633063
0.633293
0.633528
0.633758
0.633993
0.634232
0.634463
0.634699
0.634935
0.635175
0.635405
0.63564
0.635873
0.636109
0.636347
0.636581
0.63681
0.637047
0.637281
0.637512
0.63774
0.637973
0.638215
0.638453
0.638688
0.638923
0.63916
0.639399
0.639629
0.639863
0.640102
0.640331
0.640607
0.640882
0.641168
0.641454
0.641681
0.641901
0.642138
0.642369
0.642598
0.642828
0.643048
0.643266
0.643496
0.64372
0.643945
0.644174
0.644444
0.644719
0.644984
0.645251
0.645518
0.645735
0.645955
0.646181
0.646396
0.646612
0.64683
0.647052
0.64727
0.647486
0.647686
0.647892
0.648106
0.648315
0.648519
0.648725
0.648934
0.649136
0.649353
0.649559
0.649772
0.64998
0.650178
0.650369
0.65057
0.650824
0.651069
0.651321
0.651575
0.651828
0.652084
0.652338
0.652596
0.652853
0.653094
0.653344
0.653608
0.653861
0.654109
0.654603
0.654802
0.655076
0.655319
0.65557
0.65576
0.655956
0.656137
0.656324
0.656506
0.656694
0.656879
0.657065
0.657257
0.657438
0.65761
0.657786
0.657955
0.658131
0.658313
0.658493
0.658664
0.6588
0.658972
0.659141
0.659306
0.659461
0.659594
0.659753
0.659913
0.660077
0.660238
0.660392
0.660545
0.660688
0.660838
0.660977
0.66112
0.661263
0.661415
0.661569
0.661711
0.661849
0.661984
0.662129
0.662271
0.662417
0.662549
0.662676
0.662817
0.662954
0.663062
0.663167
0.663268
0.663391
0.663489
0.663615
0.663742
0.663868
0.663992
0.664115
0.664231
0.66435
0.66446
0.664578
0.664695
0.664808
0.664921
0.665037
0.665154
0.66526
0.665369
0.665473
0.665579
0.665688
0.665791
0.665899
0.666008
0.666106
0.666204
0.666305
0.666403
0.666502
0.666608
0.6667
0.6668
0.666895
0.666987
0.66709
0.667188
0.667277
0.667378
0.667478
0.66757
0.667668
0.667756
0.667841
0.667939
0.668033
0.668129
0.66822
0.668323
0.668411
0.668497
0.668589
0.668669
0.66876
0.668845
0.668928
0.669013
0.669096
0.669179
0.669259
0.669345
0.669433
0.669509
0.66959
0.669666
0.669734
0.669808
0.669884
0.669964
0.670042
0.670116
0.670196
0.670266
0.670338
0.670401
0.670455
0.670523
0.670589
0.670652
0.670717
0.670776
0.670849
0.670912
0.670972
0.671032
0.671087
0.671138
0.671196
0.671245
0.671294
0.671341
0.671395
0.671445
0.671493
0.671541
0.671583
0.671635
0.671675
0.671717
0.67176
0.671799
0.671839
0.671881
0.671916
0.671966
0.672003
0.672041
0.672087
0.672124
0.672161
0.672197
0.672228
0.672264
0.672293
0.672318
0.67235
0.672383
0.672428
0.672474
0.672522
0.672567
0.672609
0.67263
0.672659
0.672691
0.672729
0.672763
0.672798
0.67284
0.672881
0.672925
0.672967
0.673016
0.673056
0.673096
0.67313
0.673177
0.67321
0.673248
0.673299
0.673345
0.673412
0.673492
0.673567
0.673635
0.673684
0.673735
0.673788
0.673849
0.673912
0.673976
0.67405
0.674117
0.674179
0.674249
0.674309
0.67438
0.674455
0.67453
0.67461
0.674683
0.67476
0.67484
0.674913
0.674988
0.675065
0.675143
0.675222
0.675297
0.675374
0.675446
0.675522
0.675595
0.675664
0.675733
0.675798
0.675865
0.675933
0.675993
0.676055
0.676121
0.676181
0.676242
0.676306
0.676373
0.676434
0.676497
0.67656
0.676624
0.676682
0.676749
0.67681
0.676866
0.676933
0.677003
0.67707
0.677138
0.677209
0.677274
0.677345
0.677417
0.677479
0.677545
0.677612
0.677683
0.677749
0.677809
0.677871
0.677931
0.677986
0.678045
0.678105
0.67816
0.678222
0.678276
0.678336
0.678391
0.678447
0.678502
0.678559
0.678608
0.678659
0.678713
0.678764
0.678813
0.678865
0.678914
0.678968
0.679018
0.679067
0.67912
0.679171
0.679217
0.679267
0.679315
0.679351
0.679398
0.679445
0.679492
0.679536
0.679572
0.679612
0.679647
0.679677
0.679712
0.679734
0.679759
0.679782
0.679799
0.679819
0.679837
0.679869
0.679892
0.679914
0.679933
0.679958
0.679974
0.679986
0.679993
0.680004
0.680011
0.680012
0.680014
0.680012
0.680014
0.68001
0.680002
0.679992
0.679996
0.67998
0.679972
0.679953
0.67993
0.679901
0.679873
0.679837
0.679801
0.679761
0.679717
0.679668
0.67962
0.679564
0.679511
0.679455
0.679394
0.679333
0.679276
0.679217
0.679157
0.679095
0.679032
0.678968
0.678905
0.678835
0.678768
0.678701
0.678635
0.678565
0.678488
0.678413
0.678344
0.678267
0.678198
0.678124
0.678044
0.677972
0.6779
0.677831
0.677754
0.677682
0.677612
0.677541
0.677468
0.677397
0.677326
0.677257
0.677185
0.677114
0.67704
0.676966
0.676892
0.676822
0.676748
0.676672
0.676601
0.676525
0.676453
0.676375
0.676299
0.676221
0.676144
0.676066
0.675985
0.675901
0.675817
0.675735
0.675651
0.675567
0.675479
0.675394
0.675306
0.675223
0.675135
0.675049
0.674962
0.674881
0.674802
0.67472
0.674643
0.674576
0.674502
0.674423
0.674355
0.674283
0.674211
0.674139
0.674069
0.674
0.673933
0.673865
0.673796
0.673724
0.673658
0.673589
0.673529
0.673465
0.673398
0.673337
0.673269
0.673204
0.673143
0.673076
0.673014
0.672945
0.672877
0.67281
0.672742
0.672723
0.672705
0.672686
0.672668
0.672649
0.672631
0.672613
0.672595
0.672577
0.672559
0.672542
0.672524
0.672506
0.672489
0.672471
0.672454
0.672437
0.67242
0.672403
0.672386
0.672369
0.672352
0.672336
0.672319
0.672303
0.672286
0.67227
0.672254
0.672238
0.672222
0.672206
0.67219
0.672174
0.672158
0.672143
0.672127
0.672112
0.672096
0.672081
0.672066
0.672051
0.672036
0.672021
0.672006
0.671991
0.671977
0.671962
0.671948
0.671933
0.671919
0.671905
0.671891
0.671877
0.671863
0.671849
0.671835
0.671821
0.671808
0.671794
0.67178
0.671767
0.671754
0.671741
0.671727
0.671714
0.671702
0.671689
0.671676
0.671663
0.671651
0.671638
0.671626
0.671613
0.671601
0.671589
0.671577
0.671565
0.671553
0.671541
0.67153
0.671518
0.671507
0.671496
0.671484
0.671473
0.671462
0.671451
0.67144
0.671429
0.671419
0.671408
0.671397
0.671387
0.671377
0.671366
0.671356
0.671346
0.671336
0.671326
0.671316
0.671306
0.671296
0.671286
0.671276
0.671267
0.671257
0.671248
0.671239
0.671229
0.67122
0.671211
0.671202
0.671193
0.671184
0.671176
0.671167
0.671158
0.671149
0.671141
0.671132
0.671124
0.671116
0.671107
0.671099
0.671091
0.671083
0.671075
0.671067
0.671059
0.671051
0.671043
0.671035
0.671027
0.671019
0.671012
0.671004
0.670996
0.670989
0.670982
0.670974
0.670967
0.67096
0.670952
0.670945
0.670938
0.670931
0.670924
0.670917
0.67091
0.670903
0.670897
0.67089
0.670883
0.670877
0.67087
0.670863
0.670857
0.67085
0.670844
0.670837
0.670831
0.670824
0.670818
0.670812
0.670805
0.670799
0.670793
0.670787
0.670781
0.670775
0.670769
0.670763
0.670757
0.670751
0.670745
0.670739
0.670734
0.670728
0.670722
0.670717
0.670711
0.670706
0.6707
0.670695
0.670689
0.670684
0.670678
0.670673
0.670668
0.670662
0.670657
0.670652
0.670647
0.670642
0.670636
0.670631
0.670626
0.670621
0.670616
0.670611
0.670606
0.670601
0.670596
0.670591
0.670586
0.670581
0.670577
0.670572
0.670567
0.670562
0.670558
0.670553
0.670548
0.670544
0.670539
0.670535
0.67053
0.670526
0.670522
0.670518
0.670514
0.67051
0.670506
0.670502
0.670498
0.670494
0.67049
0.670486
0.670483
0.670479
0.670475
0.670472
0.670468
0.670465
0.670461
0.670458
0.670454
0.670451
0.670447
0.670444
0.670441
0.670437
0.670434
0.670431
0.670428
0.670424
0.670421
0.670418
0.670415
0.670412
0.670408
0.670405
0.670402
0.670399
0.670396
0.670393
0.67039
0.670387
0.670384
0.670381
0.670378
0.670375
0.670372
0.670369
0.670366
0.670363
0.67036
0.670358
0.670355
0.670352
0.670349
0.670346
0.670343
0.670341
0.670338
0.670335
0.670332
0.67033
0.670327
0.670324
0.670321
0.670319
0.670316
0.670313
0.670311
0.670308
0.670305
0.670303
0.6703
0.670297
0.670295
0.670292
0.670289
0.670287
0.670284
0.670282
0.670279
0.670276
0.670274
0.670271
0.670269
0.670266
0.670264
0.670261
0.670258
0.670256
0.670253
0.670251
0.670248
0.670246
0.670243
0.670241
0.670238
0.670236
0.670233
0.670231
0.670228
0.670226
0.670223
0.670221
0.670219
0.670217
0.670215
0.670212
0.67021
0.670208
0.670206
0.670204
0.670202
0.6702
0.670198
0.670196
0.670194
0.670192
0.67019
0.670188
0.670186
0.670184
0.670182
0.67018
0.670178
0.670176
0.670174
0.670172
0.67017
0.670168
0.670166
0.670164
0.670163
0.670161
0.670159
0.670157
0.670155
0.670153
0.670151
0.670149
0.670147
0.670145
0.670143
0.670141
0.670139
0.670137
0.670135
0.670133
0.670132
0.67013
0.670128
0.670126
0.670124
0.670123
0.670121
0.670119
0.670118
0.670116
0.670114
0.670113
0.670111
0.67011
0.670108
0.670107
0.670105
0.670104
0.670102
0.670101
0.670099
0.670098
0.670097
0.670095
0.670094
0.670092
0.670091
0.67009
0.670089
0.670087
0.670086
0.670085
0.670083
0.670082
0.670081
0.67008
0.670079
0.670077
0.670076
0.670075
0.670074
0.670073
0.670071
0.67007
0.670069
0.670068
0.670067
0.670066
0.670065
0.670064
0.670063
0.670062
0.670061
0.67006
0.670059
0.670057
0.670056
0.670055
0.670054
0.670053
0.670052
0.670051
0.670051
0.67005
0.670049
0.670048
0.670047
0.670046
0.670045
0.670045
0.670044
0.670043
0.670042
0.670041
0.670041
0.67004
0.670039
0.670038
0.670037
0.670036
0.670035
0.670034
0.670033
0.670032
0.670032
0.670031
0.67003
0.670029
0.670028
0.670028
0.670027
0.670026
0.670025
0.670025
0.670024
0.670023
0.670022
0.670022
0.670021
0.67002
0.670019
0.670019
0.670018
0.670017
0.670016
0.670016
0.670015
0.670014
0.670013
0.670013
0.670012
0.670011
0.670011
0.67001
0.670009
0.670009
0.670008
0.670008
0.670007
0.670006
0.670006
0.670005
0.670005
0.670004
0.670003
0.670003
0.670002
0.670002
0.670001
0.670001
0.67
0.67
0.669999
0.669999
0.669998
0.669998
0.669998
0.669997
0.669997
0.669996
0.669996
0.669996
0.669995
0.669995
0.669994
0.669994
0.669994
0.669993
0.669993
0.669992
0.669992
0.669991
0.669991
0.669991
0.66999
0.66999
0.669989
0.669989
0.669988
0.669988
0.669987
0.669987
0.669986
0.669986
0.669986
0.669985
0.669985
0.669984
0.669984
0.669983
0.669983
0.669982
0.669982
0.669982
0.669981
0.669981
0.66998
0.66998
0.669979
0.669979
0.669978
0.669978
0.669977
0.669976
0.669976
0.669975
0.669975
0.669974
0.669973
0.669973
0.669972
0.669971
0.669971
0.66997
0.66997
0.669969
0.669968
0.669968
0.669967
0.669967
0.669966
0.669966
0.669965
0.669965
0.669964
0.669963
0.669963
0.669962
0.669962
0.669961
0.669961
0.66996
0.66996
0.669959
0.669958
0.669958
0.669957
0.669957
0.669956
0.669955
0.669955
0.669954
0.669953
0.669953
0.669952
0.669951
0.669951
0.66995
0.669949
0.669949
0.669948
0.669947
0.669946
0.669945
0.669944
0.669943
0.669943
0.669942
0.669941
0.66994
0.669939
0.669938
0.669937
0.669936
0.669935
0.669934
0.669933
0.669933
0.669932
0.669931
0.66993
0.669929
0.669928
0.669927
0.669926
0.669925
0.669924
0.669923
0.669921
0.66992
0.669919
0.669918
0.669917
0.669916
0.669915
0.669914
0.669913
0.669912
0.66991
0.669909
0.669908
0.669907
0.669906
0.669905
0.669904
0.669903
0.669902
0.669902
0.669901
0.6699
0.669899
0.669898
0.669897
0.669896
0.669896
0.669895
0.669894
0.669893
0.669893
0.669892
0.669891
0.669891
0.66989
0.669889
0.669889
0.669888
0.669888
0.669887
0.669886
0.669886
0.669885
0.669885
0.669884
0.669884
0.669883
0.669883
0.669882
0.669882
0.669881
0.669881
0.66988
0.66988
0.66988
0.669879
0.669879
0.669879
0.669878
