0.491918
0.491918
0.491918
0.491918
0.491919
0.491919
0.491919
0.491919
0.491919
0.49192
0.49192
0.49192
0.49192
0.491921
0.491921
0.491921
0.491922
0.491922
0.491922
0.491923
0.491923
0.491923
0.491924
0.491924
0.491925
0.491925
0.491926
0.491926
0.491927
0.491927
0.491928
0.491928
0.491929
0.49193
0.49193
0.491931
0.491931
0.491932
0.491933
0.491934
0.491934
0.491935
0.491936
0.491936
0.491937
0.491938
0.491939
0.491939
0.49194
0.491941
0.491941
0.491942
0.491943
0.491943
0.491944
0.491945
0.491946
0.491946
0.491947
0.491948
0.491948
0.491949
0.49195
0.49195
0.491951
0.491952
0.491953
0.491953
0.491954
0.491955
0.491955
0.491956
0.491957
0.491958
0.491959
0.49196
0.49196
0.491961
0.491962
0.491963
0.491964
0.491965
0.491966
0.491967
0.491968
0.491968
0.491969
0.49197
0.491971
0.491972
0.491973
0.491974
0.491975
0.491976
0.491977
0.491978
0.491979
0.49198
0.491981
0.491982
0.491984
0.491985
0.491986
0.491987
0.491988
0.491989
0.49199
0.491991
0.491992
0.491993
0.491994
0.491995
0.491996
0.491997
0.491998
0.491999
0.492
0.492001
0.492002
0.492003
0.492004
0.492005
0.492006
0.492007
0.492008
0.492009
0.49201
0.492011
0.492012
0.492013
0.492014
0.492016
0.492017
0.492018
0.492019
0.49202
0.492021
0.492023
0.492024
0.492025
0.492026
0.492028
0.492029
0.49203
0.492031
0.492033
0.492034
0.492035
0.492036
0.492037
0.492038
0.49204
0.492041
0.492042
0.492043
0.492044
0.492045
0.492046
0.492047
0.492048
0.492049
0.49205
0.492051
0.492052
0.492053
0.492054
0.492055
0.492056
0.492057
0.492058
0.492059
0.49206
0.492061
0.492062
0.492063
0.492065
0.492066
0.492067
0.492068
0.492069
0.49207
0.492071
0.492073
0.492074
0.492075
0.492076
0.492077
0.492079
0.49208
0.492081
0.492082
0.492084
0.492085
0.492086
0.492087
0.492088
0.492089
0.49209
0.492091
0.492092
0.492093
0.492094
0.492095
0.492096
0.492096
0.492097
0.492098
0.492099
0.4921
0.492101
0.492102
0.492102
0.492103
0.492104
0.492105
0.492105
0.492106
0.492107
0.492107
0.492108
0.492109
0.49211
0.49211
0.492111
0.492111
0.492112
0.492112
0.492113
0.492113
0.492114
0.492114
0.492114
0.492115
0.492115
0.492115
0.492116
0.492116
0.492116
0.492117
0.492117
0.492117
0.492117
0.492117
0.492117
0.492117
0.492117
0.492117
0.492117
0.492117
0.492117
0.492117
0.492117
0.492117
0.492117
0.492117
0.492117
0.492117
0.492117
0.492117
0.492117
0.492117
0.492116
0.492116
0.492116
0.492116
0.492116
0.492116
0.492116
0.492115
0.492115
0.492115
0.492115
0.492115
0.492114
0.492114
0.492114
0.492113
0.492113
0.492113
0.492113
0.492112
0.492112
0.492112
0.492111
0.492111
0.492111
0.49211
0.49211
0.49211
0.492109
0.492109
0.492109
0.492108
0.492108
0.492108
0.492107
0.492107
0.492107
0.492106
0.492106
0.492106
0.492105
0.492105
0.492105
0.492104
0.492104
0.492104
0.492104
0.492103
0.492103
0.492103
0.492103
0.492102
0.492102
0.492102
0.492102
0.492101
0.492101
0.492101
0.492101
0.4921
0.4921
0.4921
0.4921
0.492099
0.492099
0.492099
0.492099
0.492098
0.492098
0.492098
0.492097
0.492097
0.492097
0.492096
0.492096
0.492096
0.492095
0.492095
0.492095
0.492094
0.492094
0.492094
0.492093
0.492093
0.492093
0.492092
0.492092
0.492091
0.492091
0.492091
0.492091
0.49209
0.49209
0.49209
0.492089
0.492089
0.492089
0.492088
0.492088
0.492088
0.492087
0.492087
0.492086
0.492086
0.492086
0.492085
0.492085
0.492085
0.492084
0.492084
0.492084
0.492083
0.492083
0.492083
0.492082
0.492082
0.492082
0.492081
0.492081
0.49208
0.49208
0.49208
0.492079
0.492079
0.492078
0.492078
0.492078
0.492077
0.492077
0.492077
0.492077
0.492076
0.492076
0.492076
0.492075
0.492075
0.492075
0.492074
0.492074
0.492074
0.492073
0.492073
0.492073
0.492072
0.492072
0.492072
0.492071
0.492071
0.492071
0.49207
0.49207
0.49207
0.49207
0.492069
0.492069
0.492069
0.492069
0.492068
0.492068
0.492068
0.492068
0.492068
0.492067
0.492067
0.492067
0.492067
0.492067
0.492067
0.492067
0.492066
0.492066
0.492066
0.492066
0.492066
0.492066
0.492066
0.492066
0.492065
0.492065
0.492065
0.492065
0.492065
0.492065
0.492065
0.492065
0.492065
0.492065
0.492065
0.492065
0.492065
0.492065
0.492065
0.492065
0.492065
0.492065
0.492065
0.492066
0.492066
0.492066
0.492066
0.492066
0.492066
0.492066
0.492066
0.492066
0.492066
0.492066
0.492066
0.492066
0.492066
0.492066
0.492066
0.492066
0.492066
0.492066
0.492066
0.492066
0.492067
0.492067
0.492067
0.492067
0.492067
0.492067
0.492067
0.492067
0.492067
0.492067
0.492067
0.492067
0.492067
0.492067
0.492067
0.492067
0.492067
0.492068
0.492068
0.492068
0.492068
0.492068
0.492068
0.492069
0.492069
0.492069
0.492069
0.49207
0.49207
0.49207
0.49207
0.492071
0.492071
0.492071
0.492071
0.492072
0.492072
0.492072
0.492073
0.492073
0.492073
0.492074
0.492074
0.492074
0.492075
0.492075
0.492075
0.492076
0.492076
0.492077
0.492077
0.492077
0.492078
0.492078
0.492079
0.49208
0.49208
0.492081
0.492082
0.492082
0.492083
0.492083
0.492084
0.492085
0.492085
0.492086
0.492087
0.492087
0.492088
0.492089
0.492089
0.49209
0.492091
0.492091
0.492092
0.492093
0.492093
0.492094
0.492095
0.492096
0.492096
0.492097
0.492098
0.492099
0.492099
0.4921
0.492101
0.492101
0.492102
0.492103
0.492103
0.492104
0.492105
0.492105
0.492106
0.492107
0.492107
0.492108
0.492108
0.492109
0.49211
0.49211
0.492111
0.492112
0.492112
0.492113
0.492114
0.492114
0.492115
0.492116
0.492116
0.492117
0.492118
0.492118
0.492119
0.49212
0.49212
0.492121
0.492121
0.492122
0.492123
0.492123
0.492124
0.492124
0.492125
0.492126
0.492126
0.492127
0.492127
0.492128
0.492129
0.492129
0.49213
0.49213
0.492131
0.492131
0.492132
0.492132
0.492133
0.492134
0.492134
0.492135
0.492135
0.492136
0.492136
0.492137
0.492137
0.492138
0.492138
0.492139
0.492139
0.49214
0.49214
0.492141
0.492142
0.492142
0.492143
0.492143
0.492144
0.492145
0.492145
0.492146
0.492146
0.492147
0.492148
0.492148
0.492149
0.49215
0.49215
0.492151
0.492152
0.492152
0.492153
0.492154
0.492154
0.492155
0.492156
0.492156
0.492157
0.492158
0.492158
0.492159
0.492159
0.49216
0.492161
0.492161
0.492162
0.492162
0.492163
0.492163
0.492164
0.492164
0.492165
0.492165
0.492166
0.492167
0.492167
0.492168
0.492169
0.492169
0.49217
0.49217
0.492171
0.492172
0.492172
0.492173
0.492173
0.492174
0.492174
0.492175
0.492175
0.492176
0.492176
0.492177
0.492177
0.492177
0.492178
0.492178
0.492179
0.492179
0.49218
0.49218
0.49218
0.49218
0.492181
0.492181
0.492181
0.492182
0.492182
0.492182
0.492183
0.492183
0.492183
0.492183
0.492184
0.492184
0.492184
0.492185
0.492185
0.492185
0.492185
0.492185
0.492186
0.492186
0.492186
0.492186
0.492186
0.492186
0.492186
0.492187
0.492187
0.492187
0.492187
0.492187
0.492187
0.492188
0.492188
0.492188
0.492188
0.492188
0.492189
0.492189
0.492189
0.492189
0.49219
0.49219
0.49219
0.492191
0.492191
0.492191
0.492192
0.492192
0.492192
0.492193
0.492193
0.492193
0.492194
0.492194
0.492195
0.492195
0.492196
0.492196
0.492196
0.492197
0.492197
0.492198
0.492198
0.492198
0.492199
0.492199
0.4922
0.4922
0.4922
0.492201
0.492201
0.492202
0.492202
0.492202
0.492203
0.492203
0.492203
0.492204
0.492204
0.492204
0.492205
0.492205
0.492205
0.492206
0.492206
0.492206
0.492207
0.492207
0.492207
0.492208
0.492208
0.492208
0.492209
0.492209
0.49221
0.49221
0.492211
0.492211
0.492212
0.492212
0.492213
0.492213
0.492214
0.492215
0.492215
0.492216
0.492216
0.492217
0.492218
0.492218
0.492219
0.492219
0.49222
0.49222
0.492221
0.492222
0.492222
0.492223
0.492223
0.492224
0.492224
0.492225
0.492226
0.492226
0.492227
0.492228
0.492229
0.492229
0.49223
0.492231
0.492232
0.492232
0.492233
0.492234
0.492235
0.492235
0.492236
0.492237
0.492238
0.492239
0.49224
0.49224
0.492241
0.492242
0.492243
0.492244
0.492245
0.492246
0.492246
0.492247
0.492248
0.492249
0.49225
0.492251
0.492252
0.492253
0.492254
0.492255
0.492256
0.492257
0.492258
0.492259
0.49226
0.492261
0.492262
0.492262
0.492263
0.492264
0.492265
0.492266
0.492267
0.492267
0.492268
0.492269
0.49227
0.492271
0.492271
0.492272
0.492273
0.492274
0.492274
0.492275
0.492276
0.492277
0.492278
0.492278
0.492279
0.492279
0.49228
0.492281
0.492281
0.492282
0.492283
0.492283
0.492284
0.492284
0.492285
0.492286
0.492286
0.492287
0.492287
0.492288
0.492289
0.492289
0.49229
0.49229
0.492291
0.492291
0.492292
0.492292
0.492293
0.492293
0.492293
0.492294
0.492294
0.492294
0.492295
0.492295
0.492295
0.492296
0.492296
0.492296
0.492297
0.492297
0.492297
0.492298
0.492298
0.492298
0.492298
0.492299
0.492299
0.492299
0.492299
0.4923
0.4923
0.4923
0.4923
0.4923
0.4923
0.4923
0.4923
0.4923
0.4923
0.492301
0.492301
0.492301
0.492301
0.492301
0.492301
0.492301
0.492301
0.492301
0.492301
0.492301
0.492301
0.4923
0.4923
0.4923
0.4923
0.4923
0.4923
0.4923
0.4923
0.4923
0.4923
0.4923
0.4923
0.492299
0.492299
0.492299
0.492299
0.492299
0.492299
0.492299
0.492299
0.492299
0.492299
0.492299
0.492299
0.492299
0.492299
0.492298
0.492298
0.492298
0.492298
0.492298
0.492298
0.492298
0.492298
0.492298
0.492297
0.492297
0.492297
0.492297
0.492297
0.492296
0.492296
0.492296
0.492296
0.492295
0.492295
0.492295
0.492294
0.492294
0.492293
0.492293
0.492293
0.492292
0.492292
0.492292
0.492291
0.492291
0.49229
0.49229
0.49229
0.492289
0.492289
0.492288
0.492288
0.492288
0.492287
0.492287
0.492286
0.492286
0.492285
0.492285
0.492284
0.492284
0.492283
0.492283
0.492282
0.492282
0.492281
0.49228
0.49228
0.492279
0.492279
0.492278
0.492278
0.492277
0.492277
0.492276
0.492276
0.492275
0.492275
0.492274
0.492274
0.492273
0.492273
0.492272
0.492272
0.492271
0.492271
0.49227
0.49227
0.492269
0.492269
0.492268
0.492268
0.492268
0.492267
0.492267
0.492266
0.492266
0.492265
0.492265
0.492264
0.492264
0.492264
0.492263
0.492263
0.492262
0.492262
0.492262
0.492261
0.492261
0.492261
0.49226
0.49226
0.492259
0.492259
0.492259
0.492258
0.492258
0.492257
0.492257
0.492257
0.492256
0.492256
0.492256
0.492255
0.492255
0.492254
0.492254
0.492254
0.492253
0.492253
0.492253
0.492252
0.492252
0.492251
0.492251
0.492251
0.49225
0.49225
0.49225
0.492249
0.492249
0.492249
0.492248
0.492248
0.492248
0.492247
0.492247
0.492247
0.492246
0.492246
0.492246
0.492246
0.492245
0.492245
0.492245
0.492244
0.492244
0.492244
0.492243
0.492243
0.492243
0.492242
0.492242
0.492242
0.492241
0.492241
0.492241
0.49224
0.49224
0.49224
0.49224
0.492239
0.492239
0.492239
0.492239
0.492238
0.492238
0.492238
0.492238
0.492237
0.492237
0.492237
0.492237
0.492236
0.492236
0.492236
0.492236
0.492235
0.492235
0.492235
0.492234
0.492234
0.492234
0.492234
0.492233
0.492233
0.492233
0.492233
0.492233
0.492232
0.492232
0.492232
0.492232
0.492232
0.492231
0.492231
0.492231
0.492231
0.49223
0.49223
0.49223
0.49223
0.492229
0.492229
0.492229
0.492229
0.492228
0.492228
0.492228
0.492228
0.492227
0.492227
0.492227
0.492227
0.492227
0.492226
0.492226
0.492226
0.492225
0.492225
0.492225
0.492225
0.492224
0.492224
0.492224
0.492223
0.492223
0.492223
0.492222
0.492222
0.492222
0.492221
0.492221
0.492221
0.49222
0.49222
0.49222
0.492219
0.492219
0.492219
0.492218
0.492218
0.492218
0.492217
0.492217
0.492217
0.492216
0.492216
0.492216
0.492215
0.492215
0.492215
0.492215
0.492214
0.492214
0.492214
0.492213
0.492213
0.492212
0.492212
0.492212
0.492211
0.492211
0.49221
0.49221
0.49221
0.492209
0.492209
0.492209
0.492208
0.492208
0.492208
0.492207
0.492207
0.492207
0.492206
0.492206
0.492206
0.492205
0.492205
0.492205
0.492204
0.492204
0.492204
0.492203
0.492203
0.492203
0.492202
0.492202
0.492201
0.492201
0.492201
0.4922
0.4922
0.492199
0.492199
0.492198
0.492198
0.492198
0.492197
0.492197
0.492196
0.492196
0.492196
0.492195
0.492195
0.492194
0.492194
0.492193
0.492193
0.492193
0.492192
0.492192
0.492191
0.492191
0.49219
0.49219
0.492189
0.492189
0.492188
0.492188
0.492187
0.492187
0.492186
0.492185
0.492185
0.492184
0.492184
0.492183
0.492182
0.492182
0.492181
0.492181
0.49218
0.492179
0.492179
0.492178
0.492178
0.492177
0.492176
0.492176
0.492175
0.492175
0.492174
0.492173
0.492173
0.492172
0.492172
0.492171
0.492171
0.492171
0.49217
0.49217
0.492169
0.492169
0.492168
0.492168
0.492167
0.492167
0.492167
0.492166
0.492166
0.492166
0.492165
0.492165
0.492164
0.492164
0.492164
0.492163
0.492163
0.492163
0.492162
0.492162
0.492161
0.492161
0.49216
0.49216
0.49216
0.492159
0.492159
0.492158
0.492158
0.492157
0.492157
0.492156
0.492156
0.492156
0.492155
0.492155
0.492154
0.492154
0.492153
0.492153
0.492152
0.492152
0.492151
0.492151
0.49215
0.49215
0.49215
0.492149
0.492149
0.492148
0.492148
0.492147
0.492147
0.492147
0.492146
0.492146
0.492146
0.492145
0.492145
0.492144
0.492144
0.492143
0.492143
0.492143
0.492142
0.492142
0.492142
0.492141
0.492141
0.492141
0.49214
0.49214
0.492139
0.492139
0.492139
0.492138
0.492138
0.492137
0.492137
0.492136
0.492136
0.492136
0.492135
0.492135
0.492134
0.492134
0.492133
0.492133
0.492133
0.492132
0.492132
0.492131
0.492131
0.492131
0.49213
0.49213
0.492129
0.492129
0.492128
0.492128
0.492127
0.492127
0.492126
0.492126
0.492125
0.492125
0.492124
0.492124
0.492123
0.492123
0.492122
0.492122
0.492121
0.492121
0.49212
0.49212
0.492119
0.492119
0.492118
0.492118
0.492118
0.492117
0.492117
0.492116
0.492116
0.492116
0.492115
0.492115
0.492115
0.492114
0.492114
0.492114
0.492113
0.492113
0.492113
0.492113
0.492112
0.492112
0.492112
0.492111
0.492111
0.492111
0.49211
0.49211
0.49211
0.49211
0.492109
0.492109
0.492109
0.492109
0.492108
0.492108
0.492108
0.492108
0.492107
0.492107
0.492107
0.492107
0.492107
0.492107
0.492107
0.492106
0.492106
0.492106
0.492106
0.492106
0.492106
0.492106
0.492105
0.492105
0.492105
0.492105
0.492105
0.492105
0.492105
0.492104
0.492104
0.492104
0.492104
0.492104
0.492104
0.492104
0.492104
0.492104
0.492103
0.492103
0.492103
0.492103
0.492103
0.492103
0.492103
0.492103
0.492103
0.492103
0.492103
0.492103
0.492103
0.492103
0.492103
0.492103
0.492103
0.492103
0.492103
0.492103
0.492103
0.492103
0.492103
0.492103
0.492103
0.492103
0.492102
0.492102
0.492102
0.492102
0.492102
0.492102
0.492102
0.492102
0.492102
0.492102
0.492102
0.492102
0.492102
0.492102
0.492102
0.492102
0.492101
0.492101
0.492101
0.492101
0.492101
0.492101
0.492101
0.492101
0.4921
0.4921
0.4921
0.4921
0.4921
0.4921
0.4921
0.4921
0.4921
0.4921
0.4921
0.4921
0.4921
0.4921
0.4921
0.4921
0.4921
0.4921
0.4921
0.4921
0.4921
0.4921
0.4921
0.4921
0.4921
0.4921
0.4921
0.4921
0.4921
0.4921
0.4921
0.4921
0.4921
0.4921
0.4921
0.4921
0.4921
0.4921
0.4921
0.4921
0.4921
0.4921
0.492101
0.492101
0.492101
0.492101
0.492101
0.492101
0.492101
0.492101
0.492101
0.492101
0.492101
0.492101
0.492101
0.492101
0.492102
0.492102
0.492102
0.492102
0.492102
0.492102
0.492102
0.492103
0.492103
0.492103
0.492103
0.492103
0.492104
0.492104
0.492104
0.492104
0.492105
0.492105
0.492105
0.492105
0.492106
0.492106
0.492106
0.492106
0.492107
0.492107
0.492107
0.492107
0.492107
0.492108
0.492108
0.492108
0.492108
0.492108
0.492109
0.492109
0.492109
0.492109
0.492109
0.49211
0.49211
0.49211
0.49211
0.49211
0.49211
0.492111
0.492111
0.492111
0.492111
0.492112
0.492112
0.492112
0.492112
0.492112
0.492113
0.492113
0.492113
0.492113
0.492113
0.492114
0.492114
0.492114
0.492114
0.492115
0.492115
0.492115
0.492115
0.492116
0.492116
0.492116
0.492117
0.492117
0.492117
0.492118
0.492118
0.492119
0.492119
0.49212
0.49212
0.49212
0.492121
0.492121
0.492121
0.492122
0.492122
0.492122
0.492123
0.492123
0.492123
0.492124
0.492124
0.492124
0.492124
0.492125
0.492125
0.492125
0.492125
0.492126
0.492126
0.492126
0.492127
0.492127
0.492127
0.492128
0.492128
0.492128
0.492129
0.492129
0.492129
0.49213
0.49213
0.49213
0.49213
0.492131
0.492131
0.492131
0.492132
0.492132
0.492132
0.492132
0.492133
0.492133
0.492134
0.492134
0.492134
0.492135
0.492135
0.492135
0.492136
0.492136
0.492137
0.492137
0.492137
0.492138
0.492138
0.492139
0.492139
0.49214
0.49214
0.492141
0.492141
0.492142
0.492142
0.492143
0.492143
0.492144
0.492144
0.492145
0.492146
0.492146
0.492147
0.492147
0.492148
0.492148
0.492149
0.492149
0.49215
0.492151
0.492151
0.492152
0.492152
0.492153
0.492153
0.492154
0.492155
0.492155
0.492156
0.492156
0.492157
0.492157
0.492158
0.492158
0.492159
0.49216
0.49216
0.492161
0.492162
0.492162
0.492163
0.492164
0.492164
0.492165
0.492165
0.492166
0.492166
0.492167
0.492168
0.492168
0.492169
0.492169
0.49217
0.492171
0.492171
0.492172
0.492172
0.492173
0.492174
0.492174
0.492175
0.492176
0.492176
0.492177
0.492177
0.492178
0.492178
0.492179
0.49218
0.49218
0.492181
0.492181
0.492182
0.492183
0.492183
0.492184
0.492184
0.492185
0.492185
0.492186
0.492186
0.492187
0.492187
0.492188
0.492188
0.492189
0.492189
0.49219
0.49219
0.49219
0.492191
0.492191
0.492192
0.492192
0.492192
0.492193
0.492193
0.492193
0.492194
0.492194
0.492194
0.492195
0.492195
0.492195
0.492195
0.492196
0.492196
0.492196
0.492197
0.492197
0.492197
0.492197
0.492197
0.492198
0.492198
0.492198
0.492198
0.492199
0.492199
0.492199
0.492199
0.492199
0.492199
0.492199
0.4922
0.4922
0.4922
0.4922
0.4922
0.4922
0.492201
0.492201
0.492201
0.492201
0.492201
0.492202
0.492202
0.492202
0.492202
0.492202
0.492203
0.492203
0.492203
0.492203
0.492203
0.492204
0.492204
0.492204
0.492204
0.492204
0.492204
0.492205
0.492205
0.492205
0.492205
0.492205
0.492206
0.492206
0.492206
0.492206
0.492206
0.492207
0.492207
0.492207
0.492207
0.492207
0.492208
0.492208
0.492208
0.492208
0.492208
0.492209
0.492209
0.492209
0.492209
0.492209
0.492209
0.49221
0.49221
0.49221
0.49221
0.49221
0.49221
0.49221
0.49221
0.49221
0.49221
0.49221
0.49221
0.49221
0.49221
0.49221
0.49221
0.49221
0.49221
0.49221
0.49221
0.49221
0.49221
0.49221
0.49221
0.49221
0.49221
0.49221
0.49221
0.49221
0.49221
0.49221
0.49221
0.492211
0.492211
0.492211
0.492211
0.492211
0.492211
0.492212
0.492212
0.492212
0.492212
0.492213
0.492213
0.492213
0.492213
0.492214
0.492214
0.492214
0.492214
0.492214
0.492214
0.492214
0.492215
0.492215
0.492215
0.492215
0.492215
0.492215
0.492216
0.492216
0.492216
0.492216
0.492216
0.492216
0.492216
0.492217
0.492217
0.492217
0.492217
0.492217
0.492217
0.492217
0.492218
0.492218
0.492218
0.492218
0.492218
0.492218
0.492218
0.492218
0.492218
0.492218
0.492218
0.492218
0.492219
0.492219
0.492219
0.492219
0.492219
0.492219
0.492219
0.492219
0.492219
0.492219
0.492219
0.492219
0.492219
0.492219
0.492219
0.492219
0.492219
0.492219
0.492219
0.492219
0.492219
0.492218
0.492218
0.492218
0.492218
0.492218
0.492217
0.492217
0.492217
0.492217
0.492217
0.492216
0.492216
0.492216
0.492216
0.492216
0.492215
0.492215
0.492215
0.492215
0.492215
0.492214
0.492214
0.492214
0.492214
0.492213
0.492213
0.492213
0.492213
0.492213
0.492212
0.492212
0.492212
0.492212
0.492211
0.492211
0.492211
0.492211
0.492211
0.492211
0.49221
0.49221
0.49221
0.49221
0.49221
0.49221
0.492209
0.492209
0.492209
0.492209
0.492209
0.492208
0.492208
0.492208
0.492208
0.492208
0.492208
0.492207
0.492207
0.492207
0.492207
0.492207
0.492207
0.492207
0.492206
0.492206
0.492206
0.492206
0.492206
0.492206
0.492206
0.492206
0.492206
0.492205
0.492205
0.492205
0.492205
0.492205
0.492205
0.492205
0.492205
0.492205
0.492205
0.492204
0.492204
0.492204
0.492204
0.492204
0.492204
0.492204
0.492204
0.492204
0.492204
0.492204
0.492204
0.492204
0.492204
0.492203
0.492203
0.492203
0.492203
0.492203
0.492203
0.492203
0.492203
0.492203
0.492203
0.492203
0.492203
0.492202
0.492202
0.492202
0.492202
0.492202
0.492202
0.492202
0.492202
0.492202
0.492202
0.492202
0.492202
0.492202
0.492202
0.492202
0.492202
0.492202
0.492202
0.492202
0.492201
0.492201
0.492201
0.492201
0.492201
0.492201
0.492201
0.492201
0.492201
0.492201
0.492201
0.492201
0.492201
0.492201
0.492201
0.492201
0.492201
0.492201
0.492201
0.492201
0.492201
0.492201
0.492201
0.492201
0.492201
0.492201
0.492201
0.492201
0.492201
0.492201
0.492201
0.492201
0.492201
0.492201
0.492201
0.492201
0.492201
0.492201
0.492201
0.492201
0.492201
0.492201
0.492201
0.492201
0.492201
0.492201
0.492202
0.492202
0.492202
0.492202
0.492203
0.492203
0.492203
0.492203
0.492204
0.492204
0.492204
0.492205
0.492205
0.492206
0.492206
0.492207
0.492207
0.492207
0.492208
0.492208
0.492208
0.492209
0.492209
0.49221
0.49221
0.49221
0.492211
0.492211
0.492212
0.492212
0.492213
0.492213
0.492214
0.492214
0.492215
0.492215
0.492216
0.492216
0.492217
0.492217
0.492218
0.492218
0.492219
0.492219
0.49222
0.49222
0.492221
0.492221
0.492222
0.492222
0.492223
0.492223
0.492224
0.492224
0.492225
0.492225
0.492226
0.492226
0.492227
0.492227
0.492228
0.492228
0.492229
0.492229
0.49223
0.492231
0.492231
0.492232
0.492232
0.492233
0.492234
0.492234
0.492235
0.492235
0.492236
0.492236
0.492237
0.492238
0.492238
0.492239
0.492239
0.49224
0.492241
0.492241
0.492242
0.492243
0.492243
0.492244
0.492245
0.492246
0.492246
0.492247
0.492248
0.492249
0.492249
0.49225
0.492251
0.492252
0.492253
0.492253
0.492254
0.492255
0.492256
0.492256
0.492257
0.492258
0.492258
0.492259
0.49226
0.49226
0.492261
0.492262
0.492262
0.492263
0.492263
0.492264
0.492264
0.492265
0.492265
0.492266
0.492266
0.492267
0.492267
0.492268
0.492268
0.492269
0.492269
0.49227
0.49227
0.492271
0.492271
0.492272
0.492272
0.492273
0.492273
0.492274
0.492274
0.492274
0.492275
0.492276
0.492276
0.492277
0.492277
0.492278
0.492278
0.492279
0.492279
0.49228
0.49228
0.492281
0.492281
0.492282
0.492282
0.492283
0.492283
0.492284
0.492284
0.492284
0.492285
0.492285
0.492286
0.492286
0.492286
0.492287
0.492287
0.492287
0.492287
0.492288
0.492288
0.492288
0.492288
0.492289
0.492289
0.492289
0.492289
0.492289
0.49229
0.49229
0.49229
0.49229
0.49229
0.492291
0.492291
0.492291
0.492292
0.492292
0.492292
0.492292
0.492293
0.492293
0.492293
0.492293
0.492294
0.492294
0.492294
0.492294
0.492295
0.492295
0.492295
0.492295
0.492296
0.492296
0.492296
0.492296
0.492297
0.492297
0.492297
0.492297
0.492298
0.492298
0.492298
0.492299
0.492299
0.492299
0.492299
0.4923
0.4923
0.4923
0.4923
0.4923
0.4923
0.492301
0.492301
0.492301
0.492301
0.492301
0.492301
0.492302
0.492302
0.492302
0.492302
0.492302
0.492302
0.492302
0.492303
0.492303
0.492303
0.492303
0.492303
0.492303
0.492304
0.492304
0.492304
0.492305
0.492305
0.492305
0.492305
0.492306
0.492306
0.492306
0.492306
0.492307
0.492307
0.492307
0.492308
0.492308
0.492308
0.492308
0.492309
0.492309
0.492309
0.492309
0.49231
0.49231
0.49231
0.492311
0.492311
0.492311
0.492311
0.492312
0.492312
0.492312
0.492312
0.492313
0.492313
0.492313
0.492313
0.492314
0.492314
0.492314
0.492315
0.492315
0.492315
0.492316
0.492316
0.492316
0.492316
0.492317
0.492317
0.492317
0.492318
0.492318
0.492318
0.492319
0.492319
0.492319
0.49232
0.49232
0.49232
0.49232
0.49232
0.49232
0.492321
0.492321
0.492321
0.492321
0.492321
0.492322
0.492322
0.492322
0.492322
0.492322
0.492322
0.492322
0.492322
0.492322
0.492323
0.492323
0.492323
0.492323
0.492323
0.492323
0.492323
0.492323
0.492323
0.492323
0.492323
0.492323
0.492323
0.492323
0.492323
0.492323
0.492323
0.492323
0.492323
0.492323
0.492323
0.492324
0.492324
0.492324
0.492324
0.492324
0.492324
0.492325
0.492325
0.492325
0.492325
0.492325
0.492326
0.492326
0.492326
0.492327
0.492327
0.492327
0.492328
0.492328
0.492328
0.492329
0.492329
0.492329
0.492329
0.49233
0.49233
0.49233
0.492331
0.492331
0.492331
0.492331
0.492332
0.492332
0.492332
0.492332
0.492333
0.492333
0.492333
0.492333
0.492334
0.492334
0.492335
0.492335
0.492335
0.492336
0.492336
0.492336
0.492337
0.492337
0.492338
0.492338
0.492339
0.492339
0.492339
0.49234
0.49234
0.492341
0.492341
0.492341
0.492342
0.492342
0.492342
0.492343
0.492343
0.492343
0.492344
0.492344
0.492344
0.492345
0.492345
0.492345
0.492346
0.492346
0.492346
0.492347
0.492347
0.492347
0.492348
0.492348
0.492348
0.492348
0.492348
0.492349
0.492349
0.492349
0.492349
0.49235
0.49235
0.49235
0.49235
0.492351
0.492351
0.492351
0.492351
0.492351
0.492352
0.492352
0.492352
0.492353
0.492353
0.492353
0.492353
0.492354
0.492354
0.492354
0.492355
0.492355
0.492355
0.492355
0.492356
0.492356
0.492356
0.492356
0.492357
0.492357
0.492357
0.492357
0.492358
0.492358
0.492358
0.492359
0.492359
0.492359
0.492359
0.49236
0.49236
0.49236
0.492361
0.492361
0.492361
0.492361
0.492362
0.492362
0.492362
0.492362
0.492363
0.492363
0.492363
0.492364
0.492364
0.492364
0.492365
0.492365
0.492365
0.492365
0.492365
0.492366
0.492366
0.492366
0.492366
0.492367
0.492367
0.492367
0.492367
0.492367
0.492368
0.492368
0.492368
0.492368
0.492369
0.492369
0.492369
0.492369
0.49237
0.49237
0.49237
0.492371
0.492371
0.492371
0.492371
0.492372
0.492372
0.492372
0.492373
0.492373
0.492373
0.492374
0.492374
0.492374
0.492375
0.492375
0.492375
0.492376
0.492376
0.492376
0.492377
0.492377
0.492377
0.492378
0.492378
0.492378
0.492379
0.492379
0.492379
0.49238
0.49238
0.49238
0.492381
0.492381
0.492381
0.492381
0.492382
0.492382
0.492382
0.492383
0.492383
0.492383
0.492383
0.492384
0.492384
0.492384
0.492384
0.492385
0.492385
0.492385
0.492385
0.492385
0.492386
0.492386
0.492386
0.492386
0.492386
0.492387
0.492387
0.492387
0.492387
0.492387
0.492387
0.492387
0.492387
0.492387
0.492388
0.492388
0.492388
0.492388
0.492388
0.492388
0.492388
0.492388
0.492388
0.492388
0.492388
0.492388
0.492388
0.492388
0.492388
0.492388
0.492388
0.492388
0.492388
0.492388
0.492388
0.492388
0.492387
0.492387
0.492387
0.492387
0.492387
0.492387
0.492387
0.492387
0.492387
0.492387
0.492387
0.492387
0.492387
0.492387
0.492387
0.492387
0.492387
0.492387
0.492387
0.492387
0.492387
0.492387
0.492387
0.492387
0.492388
0.492388
0.492388
0.492388
0.492388
0.492388
0.492388
0.492388
0.492388
0.492389
0.492389
0.492389
0.492389
0.492389
0.492389
0.492389
0.49239
0.49239
0.49239
0.49239
0.49239
0.49239
0.49239
0.49239
0.49239
0.49239
0.49239
0.49239
0.49239
0.49239
0.492389
0.492389
0.492389
0.492389
0.492388
0.492388
0.492388
0.492387
0.492387
0.492387
0.492386
0.492386
0.492385
0.492385
0.492384
0.492384
0.492383
0.492383
0.492382
0.492382
0.492381
0.49238
0.49238
0.492379
0.492378
0.492378
0.492377
0.492376
0.492376
0.492375
0.492375
0.492374
0.492374
0.492373
0.492372
0.492372
0.492371
0.492371
0.49237
0.49237
0.492369
0.492369
0.492368
0.492368
0.492368
0.492367
0.492367
0.492366
0.492366
0.492365
0.492365
0.492364
0.492364
0.492364
0.492363
0.492363
0.492362
0.492362
0.492362
0.492361
0.492361
0.49236
0.49236
0.492359
0.492359
0.492359
0.492358
0.492358
0.492358
0.492357
0.492357
0.492356
0.492356
0.492356
0.492355
0.492355
0.492355
0.492354
0.492354
0.492353
0.492353
0.492353
0.492352
0.492352
0.492352
0.492351
0.492351
0.492351
0.492351
0.49235
0.49235
0.49235
0.49235
0.49235
0.492349
0.492349
0.492349
0.492349
0.492349
0.492349
0.492349
0.492349
0.492349
0.492349
0.492349
0.492349
0.492348
0.492348
0.492348
0.492348
0.492348
0.492348
0.492348
0.492348
0.492348
0.492348
0.492348
0.492347
0.492347
0.492347
0.492347
0.492347
0.492347
0.492347
0.492347
0.492347
0.492347
0.492346
0.492346
0.492346
0.492346
0.492346
0.492346
0.492346
0.492346
0.492345
0.492345
0.492345
0.492345
0.492345
0.492345
0.492344
0.492344
0.492344
0.492344
0.492343
0.492343
0.492343
0.492343
0.492342
0.492342
0.492342
0.492341
0.492341
0.492341
0.49234
0.49234
0.492339
0.492339
0.492339
0.492338
0.492338
0.492337
0.492337
0.492337
0.492336
0.492336
0.492335
0.492335
0.492335
0.492334
0.492334
0.492333
0.492333
0.492333
0.492332
0.492332
0.492332
0.492331
0.492331
0.49233
0.49233
0.49233
0.492329
0.492329
0.492328
0.492328
0.492328
0.492327
0.492327
0.492326
0.492326
0.492326
0.492326
0.492325
0.492325
0.492325
0.492324
0.492324
0.492324
0.492324
0.492323
0.492323
0.492323
0.492323
0.492323
0.492322
0.492321
0.492313
0.492307
0.492305
0.4923
0.492294
0.49229
0.492286
0.49228
0.492274
0.492271
0.492267
0.492259
0.492257
0.492253
0.492251
0.492249
0.492247
0.492245
0.492243
0.492243
0.492243
0.492241
0.492238
0.492238
0.492236
0.49223
0.49223
0.492226
0.492221
0.492215
0.492215
0.492211
0.492206
0.492202
0.492199
0.492197
0.492191
0.492186
0.492186
0.492183
0.492181
0.492182
0.49218
0.492179
0.492181
0.49218
0.492181
0.492184
0.492185
0.49219
0.492193
0.492198
0.492203
0.492208
0.492214
0.492217
0.492224
0.49223
0.492237
0.492246
0.49225
0.492259
0.492266
0.492274
0.492281
0.492291
0.4923
0.49231
0.492319
0.492325
0.492334
0.492342
0.49235
0.492363
0.492373
0.492385
0.492395
0.49241
0.492424
0.492436
0.492452
0.49247
0.492484
0.492506
0.492533
0.492574
0.492592
0.49261
0.492632
0.49265
0.492666
0.492685
0.492707
0.492723
0.492742
0.492762
0.492781
0.492802
0.492827
0.492852
0.492879
0.492905
0.492934
0.492995
0.493028
0.493056
0.493093
0.493125
0.493158
0.493188
0.493228
0.493267
0.493338
0.493372
0.493417
0.493457
0.493492
0.493534
0.493573
0.493611
0.493653
0.493687
0.493724
0.493762
0.493794
0.493826
0.493858
0.493892
0.493924
0.493953
0.493993
0.49403
0.494068
0.494103
0.49414
0.494176
0.49421
0.494249
0.494287
0.494318
0.494352
0.494383
0.494413
0.494444
0.494476
0.494508
0.494543
0.494573
0.494607
0.494638
0.494673
0.494706
0.494742
0.494777
0.494808
0.494845
0.494878
0.494913
0.494951
0.494985
0.49502
0.495058
0.495097
0.495134
0.49517
0.495205
0.49524
0.495276
0.495313
0.495359
0.495398
0.495454
0.495506
0.495564
0.495611
0.495661
0.495708
0.495754
0.495801
0.49585
0.495902
0.495951
0.496002
0.496052
0.496106
0.496158
0.496212
0.496272
0.496327
0.496381
0.496434
0.496493
0.496546
0.496606
0.496659
0.496716
0.496774
0.496831
0.496891
0.496951
0.497009
0.497069
0.497135
0.497191
0.497247
0.497311
0.49737
0.497431
0.497493
0.497553
0.497613
0.497675
0.497738
0.4978
0.497865
0.497928
0.497998
0.498062
0.498128
0.498198
0.498266
0.498337
0.498405
0.498476
0.498544
0.498618
0.498684
0.498756
0.498825
0.498893
0.498962
0.499033
0.4991
0.499167
0.499238
0.499309
0.499385
0.499457
0.49953
0.499609
0.499686
0.499763
0.499837
0.499918
0.500002
0.500083
0.50016
0.500237
0.500316
0.500398
0.500478
0.500562
0.500643
0.500728
0.500816
0.500901
0.500985
0.501077
0.501166
0.501253
0.501341
0.501428
0.501521
0.501611
0.501703
0.501798
0.501893
0.501989
0.502084
0.502182
0.502277
0.502373
0.502471
0.50257
0.502669
0.502768
0.502867
0.502966
0.503063
0.50316
0.503255
0.503357
0.503454
0.503554
0.50365
0.50375
0.503848
0.503949
0.504047
0.504145
0.504247
0.504342
0.504444
0.504545
0.504648
0.504747
0.504853
0.504966
0.505068
0.505179
0.505287
0.505392
0.505495
0.505598
0.505698
0.505807
0.505914
0.506026
0.506135
0.506258
0.506366
0.506476
0.506591
0.506698
0.506808
0.506922
0.507035
0.507149
0.507266
0.507382
0.507494
0.507608
0.507721
0.507833
0.507949
0.50807
0.508184
0.508305
0.508424
0.508546
0.508665
0.508787
0.508915
0.509036
0.509154
0.509277
0.509396
0.509518
0.509642
0.509763
0.509885
0.51001
0.510134
0.510254
0.510377
0.510495
0.510624
0.510748
0.510876
0.510983
0.511091
0.511212
0.511335
0.511457
0.511583
0.511744
0.511894
0.512046
0.512169
0.512294
0.51242
0.512546
0.512678
0.512802
0.512925
0.513049
0.513175
0.513297
0.513426
0.513553
0.513684
0.513808
0.513935
0.514054
0.514178
0.514298
0.514418
0.514543
0.514665
0.514788
0.514907
0.515026
0.515143
0.515249
0.515374
0.515489
0.515603
0.51572
0.51582
0.515936
0.516047
0.516164
0.516278
0.516393
0.516502
0.516612
0.516718
0.516842
0.516968
0.517097
0.517226
0.517343
0.517449
0.517557
0.517659
0.517755
0.517853
0.517949
0.518047
0.518147
0.518247
0.518338
0.518435
0.518526
0.518618
0.518706
0.518799
0.51889
0.518978
0.519066
0.51916
0.519251
0.519344
0.519423
0.519511
0.519597
0.519682
0.51977
0.519851
0.519934
0.520016
0.520102
0.520178
0.520254
0.520326
0.520406
0.520484
0.520558
0.520635
0.520703
0.520774
0.520841
0.520909
0.52098
0.521045
0.521116
0.521184
0.521249
0.521308
0.521365
0.521432
0.521493
0.521543
0.521597
0.521655
0.521716
0.521778
0.521839
0.521901
0.521962
0.522022
0.522082
0.522134
0.522185
0.522243
0.5223
0.52235
0.522401
0.522451
0.522505
0.522549
0.5226
0.522648
0.522693
0.522737
0.522781
0.522819
0.522863
0.522903
0.522939
0.522977
0.523012
0.523047
0.523084
0.523116
0.523144
0.523174
0.523205
0.523233
0.523266
0.523297
0.523324
0.523355
0.523381
0.523412
0.523445
0.523469
0.523498
0.523527
0.523556
0.523579
0.523601
0.523624
0.523649
0.523671
0.523691
0.523709
0.523732
0.52375
0.523772
0.523785
0.523809
0.52383
0.52385
0.523868
0.523889
0.523909
0.523932
0.523943
0.52396
0.523977
0.523994
0.524013
0.524035
0.524056
0.524072
0.524085
0.524101
0.524117
0.524133
0.524146
0.52416
0.524176
0.524186
0.524203
0.524218
0.524235
0.52425
0.524264
0.524282
0.524299
0.524315
0.524335
0.524356
0.524376
0.524391
0.52441
0.524426
0.524441
0.524457
0.524472
0.52449
0.524501
0.524518
0.524535
0.524553
0.524567
0.524585
0.524604
0.524617
0.524638
0.524654
0.524675
0.524687
0.524708
0.52472
0.524738
0.524755
0.524776
0.524799
0.524817
0.524836
0.524859
0.52488
0.5249
0.524923
0.52495
0.524972
0.524993
0.525014
0.525038
0.525061
0.525085
0.525109
0.525138
0.52517
0.525208
0.52524
0.525265
0.525295
0.525319
0.52534
0.525368
0.525394
0.525416
0.525438
0.525462
0.525488
0.525528
0.525562
0.525597
0.525637
0.525666
0.525693
0.525723
0.525752
0.525792
0.525826
0.525868
0.525901
0.52593
0.525959
0.525979
0.526009
0.526038
0.526071
0.526102
0.526132
0.526163
0.526199
0.526235
0.526265
0.5263
0.526336
0.526369
0.5264
0.526437
0.526477
0.526509
0.526549
0.526579
0.526678
0.526738
0.526788
0.526837
0.526887
0.526935
0.526982
0.527034
0.527087
0.527136
0.527187
0.527235
0.527274
0.527314
0.527355
0.527397
0.527433
0.527472
0.527513
0.527561
0.527603
0.527648
0.527693
0.527742
0.527787
0.527832
0.527883
0.527932
0.52798
0.528033
0.528082
0.52813
0.528181
0.528233
0.528281
0.528327
0.528376
0.528426
0.528474
0.528524
0.528572
0.528621
0.528673
0.528716
0.528764
0.528815
0.52887
0.52892
0.528972
0.529032
0.529082
0.529138
0.529194
0.529248
0.529311
0.529368
0.529425
0.529484
0.529544
0.529608
0.52967
0.529728
0.529788
0.529848
0.529911
0.529971
0.530035
0.530103
0.530163
0.530227
0.53029
0.530353
0.530413
0.530476
0.530532
0.530595
0.530657
0.530713
0.530773
0.530832
0.530892
0.530951
0.53101
0.53107
0.531134
0.531191
0.531259
0.53132
0.531382
0.531446
0.531511
0.531575
0.531634
0.531697
0.531761
0.531822
0.531886
0.531953
0.53202
0.532086
0.532153
0.532223
0.532293
0.532364
0.532434
0.532501
0.532567
0.532635
0.532704
0.532773
0.532837
0.532903
0.532964
0.533024
0.533096
0.533154
0.533203
0.533259
0.533317
0.533382
0.53345
0.533521
0.533594
0.533659
0.533733
0.533811
0.533878
0.53395
0.534015
0.53408
0.534144
0.534211
0.534278
0.53434
0.534401
0.534467
0.53453
0.534596
0.534665
0.534731
0.53479
0.534854
0.534922
0.534981
0.535042
0.535095
0.535155
0.535213
0.535273
0.535334
0.535395
0.535454
0.535514
0.535574
0.535634
0.535691
0.53575
0.535812
0.535867
0.535923
0.535982
0.536039
0.536098
0.536149
0.536209
0.536266
0.536318
0.536371
0.536431
0.536487
0.536548
0.536601
0.536653
0.53671
0.536768
0.536819
0.536876
0.53693
0.536984
0.537041
0.537122
0.537187
0.537263
0.537332
0.537388
0.537441
0.537486
0.537537
0.537598
0.537661
0.537728
0.537787
0.537848
0.537891
0.537932
0.537979
0.538018
0.538078
0.538135
0.538186
0.538228
0.538264
0.538297
0.538329
0.538365
0.538416
0.538462
0.538505
0.538548
0.538587
0.538612
0.538627
0.538647
0.538672
0.538693
0.538715
0.538734
0.538753
0.538764
0.538776
0.538789
0.538799
0.538817
0.538836
0.538847
0.538864
0.538878
0.538899
0.538921
0.538941
0.53896
0.538973
0.538988
0.539004
0.539026
0.539033
0.539049
0.539059
0.539073
0.539081
0.539092
0.539103
0.539112
0.539123
0.539133
0.539141
0.539149
0.539158
0.539164
0.53917
0.539177
0.539178
0.539186
0.539185
0.539187
0.539199
0.539204
0.539208
0.539207
0.53921
0.539215
0.539222
0.539227
0.539233
0.539235
0.539239
0.539244
0.53925
0.539255
0.539257
0.539254
0.539252
0.539248
0.539251
0.539252
0.539256
0.539255
0.53925
0.539247
0.539246
0.539248
0.539257
0.539264
0.539261
0.539259
0.539265
0.53927
0.539267
0.53927
0.539275
0.539271
0.539276
0.539276
0.53928
0.539283
0.539289
0.539292
0.539295
0.539292
0.539287
0.539278
0.539272
0.539264
0.539265
0.539262
0.539257
0.539257
0.539257
0.539255
0.539255
0.53925
0.53925
0.539246
0.539243
0.539239
0.539229
0.539222
0.539217
0.539208
0.539204
0.539189
0.539181
0.539174
0.539167
0.53916
0.539145
0.539139
0.539128
0.539121
0.539107
0.539094
0.539077
0.539065
0.539047
0.539036
0.539021
0.539013
0.539001
0.538984
0.538974
0.538962
0.538951
0.538943
0.538935
0.538924
0.538916
0.538906
0.538901
0.538894
0.538886
0.538876
0.538869
0.538864
0.538851
0.538844
0.538838
0.53883
0.538828
0.538825
0.538816
0.538814
0.538807
0.53881
0.538804
0.538807
0.538811
0.538816
0.538814
0.538816
0.538819
0.538826
0.53883
0.538839
0.538844
0.53885
0.538857
0.538868
0.538882
0.538891
0.5389
0.538907
0.538912
0.538927
0.53894
0.538952
0.538966
0.538979
0.538994
0.539011
0.539027
0.539045
0.539063
0.539092
0.539128
0.539162
0.5392
0.539244
0.53927
0.539303
0.53933
0.539364
0.539398
0.539433
0.539464
0.539499
0.539535
0.539572
0.539608
0.539649
0.539688
0.539729
0.539773
0.539819
0.539863
0.53991
0.539952
0.540002
0.54005
0.540099
0.540165
0.540235
0.540296
0.540367
0.540438
0.540509
0.540583
0.540666
0.540726
0.540781
0.540953
0.541024
0.541089
0.541149
0.541207
0.541265
0.54132
0.541375
0.541429
0.541487
0.541549
0.541621
0.541684
0.541747
0.54181
0.541872
0.541924
0.541982
0.542042
0.542101
0.542171
0.542248
0.54233
0.542413
0.542497
0.542581
0.542664
0.542747
0.542823
0.542898
0.542964
0.543036
0.543099
0.543165
0.543236
0.5433
0.543364
0.543427
0.543493
0.543557
0.543623
0.543685
0.543748
0.543805
0.543864
0.543927
0.54399
0.544057
0.544121
0.544188
0.544254
0.544329
0.544388
0.544456
0.544521
0.544586
0.544655
0.544724
0.544797
0.544872
0.544942
0.545014
0.545088
0.545154
0.545225
0.545297
0.545364
0.545438
0.545512
0.545585
0.545659
0.54573
0.545801
0.545876
0.54595
0.546021
0.546096
0.546173
0.546244
0.546321
0.546397
0.546473
0.54655
0.546625
0.546708
0.546789
0.546871
0.546951
0.547039
0.54712
0.547204
0.547288
0.547372
0.54746
0.547543
0.547624
0.547711
0.54779
0.547871
0.547953
0.548036
0.54812
0.548202
0.548289
0.54837
0.548452
0.548534
0.548616
0.548701
0.548786
0.548867
0.548948
0.549031
0.549111
0.549192
0.549271
0.549351
0.549432
0.549511
0.549584
0.549666
0.549738
0.549814
0.549885
0.549959
0.550027
0.550097
0.550163
0.550232
0.550302
0.550365
0.550429
0.550496
0.550567
0.550636
0.550702
0.550768
0.550837
0.550908
0.550982
0.551058
0.55113
0.551197
0.551272
0.551351
0.551419
0.551488
0.551562
0.551637
0.551707
0.55178
0.551852
0.551921
0.551998
0.552065
0.552132
0.552202
0.552275
0.552346
0.552419
0.552486
0.552557
0.552635
0.552707
0.552784
0.55285
0.552924
0.552994
0.553074
0.553149
0.553226
0.553305
0.553392
0.553471
0.553554
0.553641
0.553724
0.553805
0.553887
0.553966
0.554046
0.554125
0.554198
0.55428
0.55436
0.554458
0.554563
0.554669
0.554769
0.554867
0.554945
0.555022
0.555119
0.555221
0.555316
0.555408
0.555502
0.555603
0.555697
0.555783
0.555891
0.555986
0.556084
0.556165
0.556232
0.556305
0.556376
0.556442
0.55651
0.556573
0.556643
0.556706
0.556768
0.556824
0.556885
0.556938
0.556991
0.557044
0.557091
0.557144
0.557192
0.557244
0.557294
0.557345
0.557394
0.55744
0.557483
0.557526
0.557568
0.557609
0.55765
0.5577
0.557759
0.557823
0.557872
0.55791
0.557947
0.55798
0.558016
0.558043
0.558077
0.558102
0.55812
0.55813
0.558145
0.558165
0.558187
0.558206
0.558214
0.55822
0.558226
0.558241
0.558252
0.558262
0.558272
0.558275
0.558283
0.558288
0.558293
0.5583
0.558301
0.558307
0.558305
0.558306
0.558301
0.558302
0.558293
0.558285
0.558276
0.558267
0.558254
0.55824
0.558228
0.558209
0.558193
0.558172
0.55815
0.558128
0.558105
0.558082
0.558053
0.558025
0.557999
0.557965
0.557939
0.557909
0.557876
0.557842
0.557811
0.557777
0.557742
0.557706
0.55767
0.557633
0.557598
0.557561
0.557524
0.557484
0.557441
0.557403
0.557362
0.557321
0.55728
0.557234
0.557189
0.557142
0.557093
0.557046
0.556997
0.556949
0.556897
0.556846
0.556793
0.556743
0.556689
0.556641
0.556589
0.556537
0.556488
0.556439
0.556391
0.556346
0.556298
0.556254
0.556204
0.55616
0.556121
0.556081
0.55604
0.555999
0.555959
0.555921
0.555881
0.555839
0.555802
0.555763
0.555725
0.555683
0.555646
0.555604
0.555562
0.555525
0.555488
0.555448
0.555409
0.555372
0.555333
0.555295
0.55526
0.555226
0.55519
0.555162
0.555129
0.555102
0.555072
0.555045
0.555016
0.554987
0.554965
0.554941
0.554917
0.554898
0.554879
0.554856
0.554849
0.55484
0.554833
0.554828
0.554823
0.55481
0.554794
0.554783
0.554774
0.554777
0.554781
0.554785
0.554782
0.554781
0.554779
0.554779
0.554787
0.554791
0.554798
0.554814
0.554825
0.554838
0.554854
0.554874
0.554894
0.554915
0.554941
0.554962
0.554986
0.555007
0.555035
0.555061
0.555089
0.555117
0.555154
0.555187
0.555226
0.555267
0.555309
0.555358
0.555405
0.555454
0.555509
0.555563
0.555623
0.555677
0.555736
0.555795
0.555867
0.555928
0.555997
0.556079
0.556159
0.556237
0.556331
0.556413
0.556503
0.556588
0.556676
0.556755
0.556861
0.556966
0.557078
0.557191
0.557304
0.557417
0.557535
0.557647
0.557746
0.557844
0.557942
0.558042
0.558258
0.558391
0.558498
0.558596
0.55872
0.558838
0.558965
0.559086
0.559196
0.559302
0.559409
0.559524
0.559634
0.559745
0.559862
0.559971
0.560202
0.560319
0.560458
0.560589
0.560724
0.560855
0.560987
0.561113
0.561225
0.561337
0.561455
0.561564
0.561678
0.561792
0.56192
0.562145
0.562256
0.562365
0.562479
0.562591
0.562699
0.56281
0.56292
0.563031
0.563134
0.563244
0.563352
0.563461
0.563567
0.563674
0.563776
0.563883
0.563983
0.564081
0.564186
0.564276
0.564373
0.564477
0.564577
0.564677
0.564776
0.564874
0.56497
0.565066
0.565163
0.565254
0.565341
0.565426
0.565516
0.5656
0.56568
0.565764
0.565846
0.565918
0.565997
0.566077
0.566158
0.566231
0.566308
0.566371
0.566439
0.566505
0.56657
0.566638
0.566699
0.566761
0.566821
0.566885
0.566944
0.567001
0.567063
0.567122
0.567176
0.567227
0.567281
0.567327
0.567379
0.567423
0.56747
0.567514
0.567553
0.567585
0.567613
0.567643
0.56767
0.567693
0.567716
0.56774
0.567761
0.567781
0.567798
0.567814
0.56783
0.567841
0.567856
0.567868
0.567877
0.567888
0.567894
0.567903
0.567909
0.567917
0.56792
0.567923
0.567925
0.567927
0.567927
0.567927
0.567926
0.567924
0.567923
0.567919
0.567911
0.567908
0.567902
0.567895
0.567888
0.567879
0.567872
0.567866
0.567856
0.567847
0.567833
0.56782
0.567805
0.567794
0.56778
0.567766
0.567747
0.567733
0.567714
0.567694
0.567676
0.567653
0.567633
0.567611
0.567587
0.567569
0.567546
0.567521
0.567494
0.567468
0.567441
0.567414
0.567384
0.567357
0.567327
0.567299
0.567268
0.567238
0.567207
0.567173
0.567141
0.567108
0.567075
0.56704
0.567006
0.566972
0.566937
0.566905
0.56687
0.566836
0.566801
0.566768
0.566732
0.566699
0.566667
0.566634
0.566602
0.56657
0.56654
0.566508
0.566479
0.566447
0.566418
0.56639
0.566361
0.566331
0.566301
0.566271
0.566244
0.566216
0.56619
0.566166
0.566142
0.566114
0.566084
0.566053
0.566024
0.565991
0.565967
0.565941
0.565912
0.565881
0.56585
0.565817
0.565785
0.565751
0.565722
0.56569
0.565657
0.565623
0.565593
0.565558
0.565527
0.565496
0.565462
0.565431
0.5654
0.565374
0.565342
0.565308
0.565272
0.565238
0.565201
0.565165
0.565126
0.565091
0.565052
0.565015
0.564978
0.564939
0.564902
0.564864
0.564824
0.564784
0.564746
0.564705
0.564665
0.564621
0.564578
0.564536
0.564493
0.564448
0.564405
0.564359
0.564313
0.564267
0.564223
0.564174
0.564129
0.564078
0.564029
0.563981
0.56393
0.563882
0.563832
0.563779
0.56373
0.563681
0.563631
0.56358
0.563531
0.56348
0.56343
0.56338
0.563327
0.563278
0.563225
0.563174
0.563122
0.563069
0.563021
0.562965
0.562917
0.562867
0.562816
0.562765
0.562715
0.562661
0.562607
0.562554
0.562501
0.562447
0.562392
0.562336
0.562282
0.56223
0.562175
0.562123
0.562069
0.562018
0.561966
0.561911
0.561859
0.561809
0.561756
0.5617
0.56165
0.561594
0.561541
0.561488
0.561434
0.561379
0.561323
0.561268
0.561216
0.561162
0.561111
0.561059
0.561004
0.560953
0.5609
0.560845
0.56079
0.560735
0.56068
0.560622
0.560567
0.560511
0.560455
0.560395
0.560341
0.56028
0.560223
0.560166
0.560111
0.560046
0.559987
0.559927
0.559862
0.559798
0.559731
0.559667
0.559602
0.559538
0.559471
0.559407
0.559338
0.559267
0.5592
0.559127
0.559059
0.558986
0.558921
0.55885
0.558779
0.558703
0.55863
0.558554
0.558485
0.558406
0.558326
0.558244
0.558162
0.558081
0.557998
0.557912
0.557827
0.55774
0.55765
0.557558
0.557468
0.557383
0.557295
0.557205
0.557114
0.557017
0.556922
0.556832
0.55673
0.556638
0.556542
0.556453
0.556358
0.556256
0.556155
0.556051
0.555948
0.555853
0.555755
0.555649
0.555547
0.555441
0.555329
0.555197
0.555065
0.55493
0.554791
0.554674
0.554554
0.554432
0.554308
0.554187
0.554058
0.553931
0.553798
0.553667
0.553537
0.553406
0.55328
0.553151
0.553016
0.552879
0.552421
0.552265
0.552115
0.551979
0.551848
0.551711
0.551577
0.55145
0.551319
0.551189
0.551054
0.550919
0.550778
0.550642
0.550513
0.550392
0.550268
0.550142
0.550006
0.549869
0.549725
0.549586
0.549448
0.54931
0.549178
0.549041
0.548902
0.548765
0.548623
0.548488
0.548353
0.548197
0.548038
0.54787
0.547719
0.54758
0.547429
0.547271
0.547111
0.546952
0.546802
0.546627
0.546457
0.546294
0.546139
0.546013
0.545882
0.545745
0.545609
0.54547
0.545329
0.545194
0.545061
0.544933
0.544796
0.544621
0.544285
0.544151
0.543985
0.543818
0.543646
0.543468
0.543331
0.543193
0.543057
0.542928
0.542791
0.542655
0.54252
0.542386
0.542251
0.542127
0.541993
0.541865
0.541737
0.541613
0.541482
0.541366
0.541243
0.541121
0.540997
0.540871
0.540743
0.540614
0.540491
0.540371
0.540254
0.540128
0.540012
0.539892
0.539764
0.539637
0.539514
0.539396
0.539276
0.539165
0.539047
0.538926
0.53881
0.538693
0.538579
0.538463
0.538348
0.538233
0.538122
0.538013
0.537909
0.537804
0.537699
0.537596
0.537491
0.537384
0.537282
0.537184
0.537092
0.537001
0.536906
0.536809
0.536712
0.53661
0.53651
0.536409
0.53631
0.536214
0.536117
0.53602
0.535921
0.535823
0.535726
0.535632
0.535541
0.535447
0.535357
0.53526
0.53516
0.535063
0.53497
0.534882
0.534791
0.534708
0.53462
0.534529
0.534433
0.534337
0.534239
0.534155
0.534061
0.533969
0.53388
0.533784
0.533699
0.533595
0.533504
0.533407
0.533317
0.533222
0.533136
0.533044
0.532953
0.532855
0.532766
0.53267
0.53258
0.532479
0.532378
0.532286
0.532195
0.532104
0.532017
0.531927
0.531832
0.531737
0.531639
0.531546
0.531457
0.531364
0.53127
0.531173
0.531072
0.530971
0.530871
0.53077
0.530676
0.530573
0.530477
0.530373
0.53028
0.530177
0.530081
0.529982
0.529885
0.529781
0.529684
0.529604
0.529523
0.529419
0.529309
0.529204
0.529102
0.528993
0.528889
0.528776
0.528671
0.528565
0.528491
0.528413
0.528329
0.528224
0.528117
0.528005
0.52789
0.52778
0.527658
0.527542
0.527386
0.527234
0.527079
0.526928
0.526764
0.526598
0.526443
0.526293
0.526119
0.525955
0.525792
0.525629
0.52547
0.525307
0.525139
0.524973
0.524817
0.524645
0.524482
0.524321
0.524203
0.524083
0.523958
0.523826
0.523703
0.523606
0.523519
0.5234
0.523275
0.523151
0.523058
0.522935
0.522811
0.522691
0.522589
0.522466
0.522346
0.52223
0.522109
0.521984
0.521859
0.521744
0.521628
0.521507
0.521383
0.52126
0.521131
0.521007
0.520835
0.520665
0.520499
0.520352
0.520228
0.520102
0.519978
0.519857
0.51974
0.51962
0.519493
0.519371
0.519251
0.519134
0.519015
0.518895
0.51878
0.518685
0.518604
0.518518
0.51839
0.518273
0.518175
0.518075
0.517968
0.517858
0.51775
0.517633
0.51752
0.517403
0.5173
0.517189
0.517075
0.51696
0.516849
0.516733
0.516615
0.516499
0.516386
0.516269
0.516162
0.516051
0.515934
0.515817
0.515703
0.515594
0.515491
0.51539
0.515293
0.515192
0.515092
0.514992
0.514897
0.514792
0.514682
0.514589
0.514485
0.514393
0.514304
0.51421
0.514113
0.514012
0.513915
0.513817
0.513724
0.513626
0.513524
0.513422
0.513316
0.513214
0.51311
0.512995
0.512895
0.512791
0.512696
0.512616
0.512531
0.512431
0.512339
0.512233
0.512137
0.51204
0.511952
0.511855
0.511759
0.511664
0.51157
0.511481
0.511396
0.511316
0.511223
0.511135
0.511044
0.510959
0.510869
0.510785
0.510693
0.510603
0.510504
0.51041
0.510328
0.510234
0.510142
0.510044
0.509946
0.509845
0.509747
0.509653
0.509563
0.509464
0.509377
0.509279
0.509201
0.509123
0.509032
0.508947
0.508853
0.50876
0.508665
0.508579
0.508499
0.50841
0.508329
0.508237
0.508149
0.508046
0.507974
0.507898
0.507806
0.507712
0.507618
0.507527
0.507427
0.507331
0.507232
0.507132
0.507034
0.506942
0.506843
0.506748
0.506648
0.50656
0.506458
0.506367
0.506273
0.506172
0.50607
0.505969
0.505864
0.505763
0.505668
0.505572
0.505475
0.505363
0.505239
0.504963
0.504871
0.504741
0.504614
0.504482
0.504363
0.504271
0.504175
0.504077
0.503975
0.503872
0.503768
0.503672
0.503567
0.503464
0.503359
0.503257
0.503159
0.503066
0.502965
0.502859
0.502768
0.502666
0.502575
0.502473
0.502367
0.502266
0.502157
0.502049
0.501946
0.501845
0.501744
0.501638
0.501527
0.501423
0.501309
0.501195
0.50108
0.500963
0.500846
0.500735
0.500635
0.500527
0.500419
0.500308
0.500202
0.500079
0.499955
0.499839
0.499715
0.499606
0.499491
0.499366
0.499235
0.499094
0.498938
0.498785
0.498616
0.498452
0.498324
0.498194
0.49806
0.497941
0.497811
0.497675
0.49756
0.497421
0.497276
0.497132
0.497014
0.496895
0.496777
0.496647
0.496501
0.496352
0.496225
0.496077
0.495921
0.495767
0.495617
0.495467
0.495304
0.495146
0.494988
0.49483
0.494691
0.494551
0.494393
0.49424
0.494102
0.493957
0.493792
0.493633
0.493453
0.493254
0.493053
0.492851
0.492648
0.492449
0.49225
0.492051
0.491846
0.491682
0.491517
0.491347
0.49118
0.491016
0.490849
0.490682
0.490515
0.490352
0.490196
0.490059
0.489958
0.489899
0.489886
0.489912
0.489965
0.490043
0.490132
0.490226
0.490318
0.490395
0.490458
0.490505
0.490539
0.490554
0.490562
0.490564
0.490552
0.490527
0.490502
0.490469
0.490439
0.490419
0.490399
0.490385
0.490388
0.490402
0.490424
0.490461
0.490509
0.490561
0.490623
0.490687
0.490749
0.490801
0.490841
0.490869
0.490886
0.490898
0.490903
0.490896
0.490882
0.490859
0.490839
0.490804
0.490779
0.490756
0.490738
0.490732
0.49073
0.490734
0.49075
0.490769
0.490793
0.490823
0.490853
0.490877
0.490905
0.490925
0.490948
0.49096
0.490975
0.49098
0.490985
0.490988
0.490992
0.490992
0.490994
0.490998
0.490999
0.491004
0.49101
0.491019
0.491026
0.491041
0.491056
0.491073
0.491093
0.491113
0.491134
0.491158
0.49118
0.491205
0.491223
0.491245
0.491263
0.491281
0.4913
0.491318
0.491336
0.491356
0.491376
0.491396
0.491414
0.491437
0.491455
0.491476
0.491497
0.491517
0.491539
0.491557
0.49158
0.491596
0.491612
0.491628
0.491643
0.491659
0.491674
0.49169
0.491705
0.49172
0.491735
0.49175
0.491765
0.49178
0.491795
0.491809
0.491824
0.491838
0.491853
0.491867
0.491882
0.491896
0.49191
0.491924
0.491938
0.491952
0.491966
0.49198
0.491993
0.492007
0.492021
0.492034
0.492048
0.492061
0.492074
0.492088
0.492101
0.492114
0.492127
0.49214
0.492153
0.492166
0.492179
0.492192
0.492204
0.492217
0.49223
0.492242
0.492255
0.492267
0.49228
0.492292
0.492304
0.492316
0.492328
0.49234
0.492352
0.492364
0.492375
0.492387
0.492398
0.49241
0.492421
0.492432
0.492444
0.492455
0.492466
0.492477
0.492488
0.492498
0.492509
0.49252
0.49253
0.492541
0.492551
0.492562
0.492572
0.492582
0.492592
0.492602
0.492612
0.492622
0.492632
0.492642
0.492652
0.492661
0.492671
0.49268
0.49269
0.492699
0.492708
0.492718
0.492727
0.492736
0.492745
0.492754
0.492763
0.492772
0.49278
0.492789
0.492798
0.492806
0.492815
0.492823
0.492832
0.49284
0.492848
0.492857
0.492865
0.492873
0.492881
0.492889
0.492897
0.492906
0.492914
0.492922
0.49293
0.492938
0.492945
0.492953
0.492961
0.492969
0.492977
0.492984
0.492992
0.492999
0.493007
0.493014
0.493022
0.493029
0.493036
0.493044
0.493051
0.493058
0.493065
0.493072
0.493079
0.493086
0.493093
0.4931
0.493107
0.493114
0.49312
0.493127
0.493134
0.49314
0.493147
0.493153
0.49316
0.493166
0.493172
0.493179
0.493185
0.493191
0.493197
0.493203
0.493209
0.493215
0.493221
0.493227
0.493233
0.493239
0.493245
0.493251
0.493257
0.493263
0.493268
0.493274
0.49328
0.493285
0.493291
0.493296
0.493302
0.493307
0.493312
0.493318
0.493323
0.493328
0.493333
0.493339
0.493344
0.493349
0.493354
0.493359
0.493364
0.493369
0.493374
0.493379
0.493384
0.493389
0.493394
0.493399
0.493404
0.493409
0.493413
0.493418
0.493423
0.493427
0.493432
0.493437
0.493441
0.493446
0.493451
0.493455
0.49346
0.493464
0.493468
0.493473
0.493477
0.493481
0.493486
0.49349
0.493494
0.493498
0.493502
0.493506
0.49351
0.493514
0.493518
0.493522
0.493526
0.49353
0.493534
0.493538
0.493542
0.493546
0.493549
0.493553
0.493557
0.493561
0.493564
0.493568
0.493572
0.493575
0.493579
0.493582
0.493586
0.493589
0.493593
0.493596
0.493599
0.493603
0.493606
0.493609
0.493613
0.493616
0.493619
0.493622
0.493625
0.493629
0.493632
0.493635
0.493638
0.493641
0.493644
0.493647
0.49365
0.493653
0.493656
0.493659
0.493661
0.493664
0.493667
0.49367
0.493673
0.493675
0.493678
0.493681
0.493684
0.493686
0.493689
0.493692
0.493694
0.493697
0.493699
0.493702
0.493704
0.493707
0.493709
0.493712
0.493714
0.493716
0.493719
0.493721
0.493723
0.493726
0.493728
0.49373
0.493732
0.493734
0.493737
0.493739
0.493741
0.493743
0.493745
0.493747
0.493749
0.493751
0.493753
0.493755
0.493757
0.493759
0.493761
0.493763
0.493765
0.493767
0.493769
0.493771
0.493773
0.493775
0.493777
0.493779
0.493781
0.493783
0.493785
0.493787
0.493789
0.493791
0.493793
0.493795
0.493797
0.493799
0.4938
0.493802
0.493804
0.493806
0.493808
0.493809
0.493811
0.493813
0.493815
0.493817
0.493818
0.49382
0.493822
0.493823
0.493825
0.493827
0.493828
0.49383
0.493832
0.493833
0.493835
0.493837
0.493838
0.49384
0.493842
0.493843
0.493845
0.493847
0.493848
0.49385
0.493852
0.493853
0.493855
0.493857
0.493858
0.49386
0.493862
0.493863
0.493865
0.493867
0.493868
0.49387
0.493872
0.493873
0.493875
0.493877
0.493878
0.49388
0.493881
0.493883
0.493885
0.493886
0.493888
0.493889
0.493891
0.493892
0.493893
0.493895
0.493896
0.493898
0.493899
0.4939
0.493902
0.493903
0.493904
0.493906
0.493907
0.493908
0.493909
0.493911
0.493912
0.493913
0.493914
0.493915
0.493917
0.493918
0.493919
0.49392
0.493921
0.493922
0.493923
0.493925
0.493926
0.493927
0.493928
0.493929
0.49393
0.493932
0.493933
0.493934
0.493935
0.493936
0.493937
0.493938
0.493939
0.49394
0.493941
0.493942
0.493943
0.493944
0.493945
0.493946
0.493947
0.493948
0.493949
0.49395
0.493951
0.493952
0.493952
0.493953
0.493954
0.493955
0.493955
0.493956
0.493957
0.493958
0.493959
0.49396
0.49396
0.493961
0.493962
0.493963
0.493963
0.493964
0.493965
0.493965
0.493966
0.493967
0.493967
0.493968
0.493969
0.493969
0.49397
0.493971
0.493971
0.493972
0.493973
0.493973
0.493974
0.493975
0.493975
0.493976
0.493977
0.493977
0.493978
0.493979
0.493979
0.49398
0.493981
0.493981
0.493982
0.493983
0.493983
0.493984
0.493985
0.493985
0.493986
0.493987
0.493987
0.493988
0.493989
0.493989
0.49399
0.49399
0.493991
0.493991
0.493992
0.493992
0.493993
0.493993
0.493994
0.493994
0.493995
0.493995
0.493995
0.493996
0.493996
0.493997
0.493997
0.493998
0.493998
0.493999
0.493999
0.494
0.494
0.494
0.494001
0.494001
0.494002
0.494002
0.494002
0.494003
0.494003
0.494004
0.494004
0.494005
0.494005
0.494005
0.494006
0.494006
0.494007
0.494007
0.494007
0.494008
0.494008
0.494008
0.494008
0.494009
0.494009
0.494009
0.494009
0.494009
0.49401
0.49401
0.49401
0.49401
0.49401
0.494011
0.494011
0.494011
0.494011
0.494011
0.494012
0.494012
0.494012
0.494012
0.494012
0.494013
0.494013
0.494013
0.494013
0.494013
0.494013
0.494014
0.494014
0.494014
0.494014
0.494014
0.494014
0.494015
0.494015
0.494015
0.494015
0.494015
0.494016
0.494016
0.494016
0.494016
0.494017
0.494017
0.494017
0.494017
0.494017
0.494017
0.494018
0.494018
0.494018
0.494018
0.494018
0.494019
0.494019
0.494019
0.494019
0.49402
0.49402
0.49402
0.49402
0.494021
0.494021
0.494021
0.494021
0.494022
0.494022
0.494022
0.494022
0.494023
0.494023
0.494023
0.494023
0.494023
0.494023
0.494024
0.494024
0.494024
0.494024
0.494024
0.494024
0.494024
0.494024
0.494024
0.494024
0.494024
0.494024
0.494024
0.494025
0.494025
0.494025
0.494025
0.494025
0.494025
0.494025
0.494025
0.494025
0.494026
0.494026
0.494026
0.494026
0.494026
0.494026
0.494026
0.494026
0.494027
0.494027
0.494027
0.494027
0.494027
0.494027
0.494027
0.494027
0.494027
0.494027
0.494028
0.494028
0.494028
0.494028
0.494028
0.494028
0.494028
0.494028
0.494028
0.494028
0.494028
0.494029
0.494029
0.494029
0.494029
0.494029
0.494029
