0.701993
0.701993
0.701993
0.701993
0.701993
0.701993
0.701993
0.701993
0.701993
0.701993
0.701993
0.701993
0.701993
0.701993
0.701993
0.701993
0.701993
0.701993
0.701993
0.701993
0.701992
0.701992
0.701992
0.701992
0.701992
0.701992
0.701992
0.701992
0.701992
0.701992
0.701992
0.701992
0.701992
0.701991
0.701991
0.701991
0.701991
0.701991
0.701991
0.701991
0.701991
0.701991
0.701991
0.70199
0.70199
0.70199
0.70199
0.70199
0.70199
0.70199
0.70199
0.70199
0.701989
0.701989
0.701989
0.701989
0.701989
0.701989
0.701988
0.701988
0.701988
0.701988
0.701988
0.701988
0.701987
0.701987
0.701987
0.701987
0.701987
0.701987
0.701986
0.701986
0.701986
0.701986
0.701986
0.701986
0.701985
0.701985
0.701985
0.701985
0.701985
0.701985
0.701984
0.701984
0.701984
0.701984
0.701983
0.701983
0.701983
0.701983
0.701983
0.701982
0.701982
0.701982
0.701982
0.701982
0.701981
0.701981
0.701981
0.701981
0.701981
0.701981
0.70198
0.70198
0.70198
0.70198
0.70198
0.701979
0.701979
0.701979
0.701979
0.701978
0.701978
0.701978
0.701977
0.701977
0.701977
0.701976
0.701976
0.701975
0.701975
0.701974
0.701974
0.701973
0.701973
0.701972
0.701972
0.701971
0.701971
0.70197
0.70197
0.701969
0.701969
0.701968
0.701968
0.701967
0.701966
0.701966
0.701965
0.701965
0.701964
0.701964
0.701963
0.701963
0.701962
0.701961
0.701961
0.70196
0.70196
0.701959
0.701958
0.701958
0.701957
0.701956
0.701956
0.701955
0.701954
0.701954
0.701953
0.701953
0.701952
0.701951
0.701951
0.70195
0.70195
0.701949
0.701948
0.701948
0.701947
0.701947
0.701946
0.701946
0.701945
0.701945
0.701944
0.701944
0.701943
0.701943
0.701942
0.701942
0.701941
0.701941
0.701941
0.70194
0.70194
0.701939
0.701939
0.701938
0.701938
0.701937
0.701937
0.701936
0.701935
0.701935
0.701934
0.701934
0.701933
0.701933
0.701932
0.701932
0.701931
0.70193
0.70193
0.701929
0.701928
0.701928
0.701927
0.701927
0.701926
0.701925
0.701924
0.701924
0.701923
0.701922
0.701922
0.701921
0.70192
0.70192
0.701919
0.701919
0.701918
0.701918
0.701917
0.701916
0.701916
0.701915
0.701915
0.701914
0.701913
0.701913
0.701912
0.701912
0.701911
0.70191
0.70191
0.701909
0.701908
0.701908
0.701907
0.701907
0.701906
0.701905
0.701905
0.701904
0.701903
0.701903
0.701902
0.701902
0.701901
0.7019
0.7019
0.701899
0.701899
0.701898
0.701897
0.701897
0.701896
0.701895
0.701895
0.701894
0.701894
0.701893
0.701892
0.701892
0.701891
0.70189
0.701889
0.701889
0.701888
0.701887
0.701886
0.701886
0.701885
0.701884
0.701883
0.701882
0.701881
0.701881
0.70188
0.701879
0.701878
0.701877
0.701876
0.701875
0.701874
0.701873
0.701872
0.701871
0.70187
0.70187
0.701869
0.701868
0.701867
0.701866
0.701865
0.701864
0.701863
0.701862
0.701861
0.70186
0.701859
0.701858
0.701857
0.701856
0.701855
0.701853
0.701852
0.701851
0.70185
0.701849
0.701848
0.701847
0.701846
0.701845
0.701844
0.701843
0.701841
0.70184
0.701839
0.701838
0.701837
0.701836
0.701835
0.701834
0.701833
0.701832
0.701831
0.70183
0.701829
0.701828
0.701827
0.701826
0.701825
0.701824
0.701823
0.701822
0.701821
0.70182
0.70182
0.701819
0.701818
0.701817
0.701816
0.701815
0.701814
0.701814
0.701813
0.701812
0.701811
0.70181
0.701809
0.701809
0.701808
0.701807
0.701806
0.701805
0.701804
0.701804
0.701803
0.701802
0.701801
0.701801
0.7018
0.701799
0.701799
0.701798
0.701797
0.701796
0.701796
0.701795
0.701794
0.701794
0.701793
0.701792
0.701792
0.701791
0.70179
0.70179
0.701789
0.701789
0.701788
0.701788
0.701787
0.701786
0.701786
0.701785
0.701785
0.701784
0.701784
0.701783
0.701783
0.701782
0.701782
0.701781
0.701781
0.70178
0.70178
0.701779
0.701779
0.701779
0.701778
0.701778
0.701778
0.701778
0.701777
0.701777
0.701777
0.701776
0.701776
0.701776
0.701776
0.701775
0.701775
0.701775
0.701775
0.701774
0.701774
0.701774
0.701774
0.701773
0.701773
0.701773
0.701773
0.701772
0.701772
0.701772
0.701772
0.701772
0.701771
0.701771
0.701771
0.701771
0.701771
0.70177
0.70177
0.70177
0.70177
0.701769
0.701769
0.701769
0.701769
0.701768
0.701768
0.701768
0.701768
0.701768
0.701768
0.701767
0.701767
0.701767
0.701767
0.701767
0.701767
0.701767
0.701766
0.701766
0.701766
0.701766
0.701766
0.701766
0.701766
0.701765
0.701765
0.701765
0.701765
0.701765
0.701764
0.701764
0.701764
0.701764
0.701764
0.701764
0.701764
0.701764
0.701764
0.701764
0.701764
0.701764
0.701764
0.701763
0.701763
0.701763
0.701763
0.701763
0.701763
0.701763
0.701763
0.701763
0.701762
0.701762
0.701762
0.701762
0.701762
0.701761
0.701761
0.701761
0.701761
0.701761
0.70176
0.70176
0.70176
0.70176
0.70176
0.70176
0.701759
0.701759
0.701759
0.701759
0.701759
0.701759
0.701758
0.701758
0.701758
0.701758
0.701758
0.701758
0.701758
0.701757
0.701757
0.701757
0.701757
0.701757
0.701757
0.701757
0.701757
0.701756
0.701756
0.701756
0.701756
0.701756
0.701756
0.701756
0.701756
0.701756
0.701756
0.701756
0.701756
0.701756
0.701756
0.701756
0.701756
0.701756
0.701756
0.701756
0.701756
0.701756
0.701756
0.701756
0.701757
0.701757
0.701757
0.701757
0.701757
0.701757
0.701757
0.701757
0.701757
0.701757
0.701757
0.701757
0.701757
0.701757
0.701757
0.701757
0.701758
0.701758
0.701758
0.701758
0.701758
0.701758
0.701758
0.701758
0.701759
0.701759
0.701759
0.701759
0.701759
0.701759
0.701759
0.70176
0.70176
0.70176
0.70176
0.70176
0.70176
0.70176
0.70176
0.70176
0.70176
0.70176
0.70176
0.70176
0.70176
0.70176
0.70176
0.701761
0.701761
0.701761
0.701761
0.701761
0.701761
0.701761
0.701761
0.701761
0.701761
0.701761
0.701761
0.701761
0.701761
0.701762
0.701762
0.701762
0.701762
0.701762
0.701762
0.701762
0.701762
0.701763
0.701763
0.701763
0.701763
0.701763
0.701764
0.701764
0.701764
0.701764
0.701764
0.701765
0.701765
0.701765
0.701766
0.701766
0.701766
0.701767
0.701767
0.701767
0.701767
0.701768
0.701768
0.701768
0.701768
0.701769
0.701769
0.701769
0.701769
0.70177
0.70177
0.70177
0.70177
0.70177
0.701771
0.701771
0.701771
0.701771
0.701771
0.701771
0.701771
0.701771
0.701771
0.701771
0.701771
0.701771
0.701771
0.701771
0.701771
0.701771
0.701771
0.701771
0.701771
0.701771
0.701771
0.701771
0.701771
0.701771
0.701771
0.701771
0.701771
0.701771
0.701771
0.701771
0.701771
0.701771
0.701771
0.701771
0.701771
0.701771
0.701771
0.701771
0.701771
0.701771
0.701771
0.701771
0.701771
0.701771
0.701771
0.701771
0.701771
0.701771
0.701771
0.701771
0.701771
0.701771
0.701771
0.701771
0.701772
0.701772
0.701772
0.701772
0.701772
0.701772
0.701772
0.701773
0.701773
0.701773
0.701773
0.701773
0.701773
0.701773
0.701773
0.701773
0.701774
0.701774
0.701774
0.701774
0.701774
0.701774
0.701774
0.701774
0.701775
0.701775
0.701775
0.701775
0.701775
0.701775
0.701775
0.701775
0.701775
0.701776
0.701776
0.701776
0.701776
0.701776
0.701776
0.701776
0.701777
0.701777
0.701777
0.701777
0.701777
0.701778
0.701778
0.701778
0.701778
0.701778
0.701778
0.701778
0.701778
0.701779
0.701779
0.701779
0.701779
0.701779
0.701779
0.701779
0.701779
0.701779
0.701779
0.701779
0.701779
0.701779
0.701779
0.701779
0.701779
0.701779
0.701779
0.701779
0.701779
0.701779
0.701778
0.701778
0.701778
0.701778
0.701778
0.701778
0.701778
0.701778
0.701777
0.701777
0.701777
0.701777
0.701777
0.701776
0.701776
0.701775
0.701775
0.701775
0.701774
0.701774
0.701773
0.701773
0.701772
0.701772
0.701771
0.701771
0.70177
0.701769
0.701769
0.701768
0.701768
0.701767
0.701767
0.701766
0.701765
0.701765
0.701764
0.701764
0.701763
0.701763
0.701762
0.701762
0.701761
0.701761
0.70176
0.70176
0.70176
0.701759
0.701759
0.701759
0.701758
0.701758
0.701758
0.701757
0.701757
0.701757
0.701757
0.701757
0.701756
0.701756
0.701756
0.701756
0.701756
0.701755
0.701755
0.701755
0.701755
0.701755
0.701754
0.701754
0.701754
0.701754
0.701754
0.701753
0.701753
0.701753
0.701753
0.701752
0.701752
0.701752
0.701752
0.701752
0.701752
0.701752
0.701751
0.701751
0.701751
0.701751
0.701751
0.701751
0.701751
0.701751
0.701751
0.701751
0.701751
0.701751
0.701751
0.701751
0.701751
0.701751
0.701751
0.701751
0.701751
0.701751
0.701751
0.701751
0.701751
0.701751
0.701751
0.701751
0.70175
0.70175
0.70175
0.70175
0.70175
0.70175
0.70175
0.70175
0.70175
0.70175
0.70175
0.70175
0.70175
0.70175
0.70175
0.70175
0.70175
0.70175
0.70175
0.70175
0.701749
0.701749
0.701749
0.701749
0.701749
0.701749
0.701749
0.701749
0.701749
0.701749
0.701749
0.701749
0.701749
0.701749
0.701748
0.701748
0.701748
0.701748
0.701748
0.701748
0.701747
0.701747
0.701747
0.701747
0.701746
0.701746
0.701746
0.701746
0.701745
0.701745
0.701745
0.701744
0.701744
0.701744
0.701743
0.701743
0.701743
0.701743
0.701742
0.701742
0.701742
0.701742
0.701741
0.701741
0.701741
0.70174
0.70174
0.70174
0.70174
0.70174
0.701739
0.701739
0.701739
0.701739
0.701738
0.701738
0.701738
0.701738
0.701737
0.701737
0.701737
0.701737
0.701736
0.701736
0.701736
0.701736
0.701735
0.701735
0.701735
0.701734
0.701734
0.701734
0.701734
0.701733
0.701733
0.701733
0.701733
0.701733
0.701732
0.701732
0.701732
0.701732
0.701732
0.701732
0.701732
0.70169
0.701648
0.701607
0.70156
0.701522
0.701481
0.701438
0.701397
0.701359
0.701317
0.701279
0.701241
0.701203
0.701168
0.701133
0.701095
0.701061
0.701025
0.70099
0.700951
0.70092
0.700889
0.700854
0.700819
0.700781
0.700745
0.700714
0.700679
0.700645
0.700614
0.70058
0.700549
0.700514
0.700484
0.700449
0.700419
0.700384
0.700345
0.700315
0.70028
0.700241
0.70021
0.700175
0.70014
0.700102
0.700066
0.700028
0.699989
0.699951
0.699912
0.699869
0.699831
0.699788
0.69975
0.699713
0.69967
0.699632
0.69959
0.699549
0.699503
0.699465
0.699423
0.699381
0.699339
0.699294
0.699252
0.699211
0.699168
0.69913
0.699091
0.699053
0.699018
0.698983
0.698944
0.698909
0.698882
0.69885
0.698819
0.698783
0.698752
0.698721
0.698685
0.69865
0.698606
0.698572
0.698528
0.698488
0.698444
0.698405
0.698357
0.698309
0.698263
0.698203
0.698152
0.698102
0.698044
0.697995
0.697932
0.697878
0.697824
0.697763
0.697709
0.697647
0.697586
0.697528
0.697462
0.6974
0.697334
0.697264
0.697193
0.697128
0.697061
0.69699
0.696919
0.696852
0.696781
0.696706
0.69663
0.696563
0.696487
0.696414
0.696342
0.696274
0.696204
0.696135
0.696065
0.69599
0.695924
0.695853
0.695782
0.695707
0.695633
0.695553
0.69547
0.69539
0.695307
0.695215
0.695128
0.695032
0.694938
0.694833
0.694736
0.694631
0.694523
0.694421
0.69432
0.694218
0.694121
0.694019
0.693923
0.693828
0.693732
0.693637
0.693543
0.693457
0.693368
0.693271
0.693185
0.693104
0.693014
0.692925
0.692838
0.692741
0.692647
0.692549
0.692452
0.692358
0.69226
0.692156
0.69207
0.691973
0.691871
0.691771
0.691678
0.691574
0.691475
0.691375
0.691268
0.691165
0.691068
0.690963
0.690854
0.690745
0.690638
0.69053
0.690417
0.690304
0.690191
0.690086
0.689977
0.689864
0.689761
0.689662
0.689554
0.689459
0.68936
0.689262
0.689167
0.68907
0.688977
0.688892
0.688803
0.688718
0.688637
0.68856
0.68849
0.688426
0.688364
0.688303
0.68825
0.6882
0.688155
0.688109
0.688067
0.68803
0.687993
0.687961
0.687932
0.687908
0.687884
0.687861
0.687841
0.687825
0.68781
0.687791
0.68778
0.687767
0.687753
0.687742
0.687735
0.687732
0.687727
0.687718
0.687713
0.687708
0.68771
0.687707
0.687704
0.687706
0.687706
0.687709
0.68771
0.687717
0.687721
0.687728
0.687735
0.687746
0.687753
0.687755
0.687763
0.687769
0.687773
0.687775
0.687777
0.687777
0.687782
0.687787
0.687803
0.687813
0.687836
0.687859
0.687888
0.687914
0.68795
0.687981
0.688023
0.688062
0.688102
0.688132
0.688168
0.688203
0.688239
0.688275
0.688305
0.688337
0.688371
0.688404
0.688433
0.688464
0.688494
0.688533
0.688564
0.688595
0.688623
0.688648
0.688677
0.688703
0.688726
0.688748
0.688763
0.688781
0.688797
0.688813
0.688821
0.688833
0.688839
0.688847
0.688857
0.688864
0.688874
0.688881
0.688893
0.688901
0.688912
0.688927
0.688942
0.688956
0.688975
0.688995
0.689024
0.689049
0.689078
0.689111
0.689142
0.689179
0.689216
0.689252
0.689288
0.689328
0.689364
0.689403
0.689443
0.689487
0.689523
0.689564
0.689611
0.689653
0.689697
0.689738
0.689778
0.689818
0.689862
0.689903
0.689946
0.689988
0.690027
0.69007
0.690109
0.690148
0.690184
0.690218
0.690254
0.690288
0.690317
0.690345
0.690372
0.690391
0.690419
0.690439
0.690456
0.690476
0.690495
0.690518
0.690541
0.690567
0.690592
0.690625
0.690657
0.690692
0.690728
0.690762
0.6908
0.690845
0.690893
0.690938
0.690983
0.691034
0.691086
0.691136
0.691187
0.691233
0.691283
0.691337
0.691386
0.691435
0.691487
0.691535
0.691583
0.69163
0.691677
0.69173
0.691781
0.69183
0.691877
0.691929
0.691975
0.692031
0.69209
0.692149
0.692208
0.692278
0.692347
0.69242
0.692495
0.692567
0.692643
0.692725
0.692807
0.69289
0.692972
0.693061
0.69315
0.693235
0.693319
0.693404
0.693488
0.693568
0.693652
0.693732
0.693815
0.693894
0.693972
0.694047
0.694121
0.694194
0.694263
0.694339
0.694396
0.694464
0.694524
0.694576
0.694635
0.694678
0.694732
0.694786
0.694838
0.69489
0.694952
0.695002
0.695056
0.695109
0.695161
0.695212
0.695266
0.695307
0.695357
0.695406
0.69545
0.695498
0.695542
0.695594
0.69564
0.69569
0.695734
0.695784
0.69583
0.695882
0.69593
0.695972
0.696029
0.696084
0.696138
0.696199
0.696259
0.696315
0.696375
0.696431
0.696498
0.696556
0.696613
0.696667
0.696724
0.69677
0.696816
0.696858
0.696905
0.696942
0.696977
0.697016
0.697045
0.697078
0.6971
0.697125
0.697149
0.697169
0.69719
0.697208
0.697225
0.697243
0.697263
0.69728
0.697303
0.69732
0.697337
0.697362
0.697382
0.697403
0.697424
0.697443
0.697459
0.697478
0.697498
0.697514
0.697528
0.697543
0.697555
0.697567
0.69758
0.697593
0.697607
0.69762
0.697633
0.697651
0.697663
0.697677
0.697694
0.697709
0.69772
0.697735
0.697749
0.697756
0.697769
0.697779
0.697788
0.697791
0.697798
0.697803
0.697802
0.697804
0.697806
0.697805
0.697804
0.697802
0.697804
0.697797
0.697795
0.697792
0.697791
0.697788
0.697788
0.697786
0.697785
0.697786
0.697786
0.697783
0.697784
0.697782
0.697784
0.697782
0.697783
0.697775
0.697773
0.697775
0.69777
0.697769
0.69777
0.697773
0.69777
0.697771
0.697773
0.697774
0.697776
0.697775
0.697769
0.697768
0.697768
0.697769
0.697765
0.697762
0.697764
0.697758
0.697757
0.697752
0.697748
0.697741
0.697733
0.697727
0.697716
0.697705
0.697699
0.697689
0.69768
0.69767
0.697661
0.697651
0.697639
0.697634
0.697625
0.697616
0.697612
0.697605
0.697596
0.697595
0.697587
0.697588
0.697585
0.697582
0.69758
0.697576
0.697574
0.697567
0.697562
0.697555
0.69755
0.697549
0.697542
0.697532
0.697526
0.697521
0.697516
0.697507
0.6975
0.697492
0.69748
0.697473
0.697459
0.697448
0.697441
0.697432
0.697422
0.697416
0.697407
0.697402
0.697394
0.697388
0.697379
0.69737
0.697362
0.697352
0.697344
0.697335
0.697324
0.697317
0.697303
0.697295
0.697282
0.697274
0.697257
0.697242
0.697232
0.697215
0.697197
0.697179
0.697164
0.69715
0.697132
0.69711
0.697087
0.697065
0.697039
0.697017
0.696992
0.696968
0.696936
0.696907
0.696882
0.696852
0.69682
0.696787
0.696755
0.696724
0.696692
0.696659
0.696624
0.696591
0.696555
0.696523
0.696484
0.696453
0.696418
0.69638
0.696345
0.696312
0.696272
0.696239
0.696202
0.696165
0.696131
0.696097
0.69606
0.696024
0.695985
0.695942
0.695911
0.695873
0.695833
0.695801
0.695767
0.695727
0.695691
0.695658
0.69563
0.695603
0.695572
0.695544
0.695517
0.695489
0.695466
0.695438
0.695413
0.695385
0.695363
0.695341
0.695319
0.695301
0.695282
0.695266
0.695245
0.69523
0.695213
0.6952
0.695181
0.69517
0.695158
0.695142
0.695129
0.695113
0.695095
0.695081
0.695067
0.695048
0.695033
0.695013
0.694994
0.694974
0.694949
0.694932
0.694907
0.694886
0.694867
0.694848
0.694825
0.694805
0.694781
0.69476
0.69474
0.694718
0.694693
0.69467
0.694648
0.694624
0.694609
0.694585
0.694564
0.694546
0.694528
0.694513
0.694494
0.694475
0.694459
0.694443
0.694426
0.69441
0.694396
0.694379
0.694364
0.694349
0.694334
0.694322
0.694307
0.694291
0.694275
0.694258
0.694237
0.694224
0.694202
0.694189
0.694171
0.694153
0.694134
0.694119
0.6941
0.694085
0.69407
0.694053
0.694037
0.694024
0.694007
0.69399
0.693977
0.693962
0.69395
0.693938
0.693929
0.693916
0.693902
0.693888
0.693882
0.69387
0.693861
0.693856
0.693843
0.693837
0.693832
0.693827
0.693823
0.693819
0.69382
0.693821
0.693819
0.69382
0.693823
0.693825
0.693824
0.693828
0.693829
0.69383
0.693836
0.693838
0.693841
0.693845
0.693846
0.693851
0.693855
0.693858
0.693858
0.693859
0.693859
0.693859
0.693859
0.69386
0.69386
0.69386
0.69386
0.693861
0.693861
0.693861
0.693861
0.693861
0.693861
0.693861
0.693861
0.693861
0.693861
0.693861
0.693861
0.693861
0.693861
0.693861
0.693861
0.693861
0.693861
0.693861
0.69386
0.69386
0.69386
0.69386
0.693859
0.693859
0.693859
0.693859
0.693858
0.693858
0.693858
0.693858
0.693857
0.693857
0.693857
0.693857
0.693857
0.693856
0.693856
0.693856
0.693856
0.693855
0.693855
0.693855
0.693855
0.693855
0.693854
0.693854
0.693854
0.693854
0.693853
0.693853
0.693853
0.693852
0.693852
0.693852
0.693851
0.693851
0.693851
0.69385
0.69385
0.69385
0.693849
0.693849
0.693849
0.693848
0.693848
0.693848
0.693847
0.693847
0.693846
0.693846
0.693845
0.693845
0.693844
0.693844
0.693843
0.693843
0.693842
0.693841
0.693841
0.69384
0.693839
0.693839
0.693838
0.693838
0.693837
0.693836
0.693836
0.693835
0.693834
0.693834
0.693833
0.693832
0.693832
0.693831
0.69383
0.69383
0.693829
0.693828
0.693828
0.693827
0.693826
0.693826
0.693825
0.693824
0.693824
0.693823
0.693822
0.693822
0.693821
0.69382
0.693819
0.693819
0.693818
0.693817
0.693816
0.693815
0.693815
0.693814
0.693813
0.693812
0.693812
0.693811
0.69381
0.693809
0.693808
0.693808
0.693807
0.693806
0.693805
0.693804
0.693803
0.693802
0.693801
0.6938
0.693799
0.693798
0.693797
0.693796
0.693795
0.693794
0.693793
0.693792
0.693791
0.69379
0.693789
0.693788
0.693787
0.693786
0.693785
0.693784
0.693783
0.693782
0.693781
0.69378
0.693779
0.693778
0.693777
0.693776
0.693775
0.693775
0.693774
0.693773
0.693772
0.693771
0.69377
0.693769
0.693768
0.693768
0.693767
0.693766
0.693765
0.693764
0.693764
0.693763
0.693762
0.693761
0.693761
0.69376
0.693759
0.693758
0.693758
0.693757
0.693756
0.693756
0.693755
0.693754
0.693754
0.693753
0.693752
0.693752
0.693751
0.69375
0.69375
0.693749
0.693748
0.693748
0.693747
0.693747
0.693746
0.693745
0.693745
0.693744
0.693744
0.693743
0.693743
0.693742
0.693742
0.693741
0.693741
0.69374
0.69374
0.693739
0.693739
0.693738
0.693737
0.693737
0.693736
0.693736
0.693735
0.693735
0.693734
0.693733
0.693733
0.693732
0.693732
0.693731
0.693731
0.69373
0.693729
0.693729
0.693728
0.693727
0.693727
0.693726
0.693725
0.693725
0.693724
0.693723
0.693723
0.693722
0.693721
0.69372
0.69372
0.693719
0.693718
0.693718
0.693717
0.693716
0.693715
0.693715
0.693714
0.693713
0.693713
0.693712
0.693711
0.69371
0.69371
0.693709
0.693708
0.693707
0.693707
0.693706
0.693705
0.693705
0.693704
0.693703
0.693702
0.693702
0.693701
0.6937
0.6937
0.693699
0.693699
0.693698
0.693697
0.693697
0.693696
0.693696
0.693695
0.693695
0.693694
0.693693
0.693693
0.693692
0.693692
0.693691
0.693691
0.69369
0.69369
0.693689
0.693689
0.693689
0.693688
0.693688
0.693687
0.693687
0.693686
0.693686
0.693685
0.693685
0.693684
0.693684
0.693684
0.693683
0.693683
0.693682
0.693682
0.693681
0.693681
0.69368
0.69368
0.693679
0.693679
0.693679
0.693678
0.693678
0.693677
0.69361
0.693546
0.693482
0.69342
0.693352
0.693288
0.693222
0.693158
0.693095
0.693028
0.692962
0.692897
0.692828
0.692761
0.692689
0.692624
0.692556
0.692486
0.692415
0.692345
0.692271
0.692199
0.69212
0.692041
0.691965
0.691881
0.691792
0.691705
0.691614
0.691523
0.691424
0.691328
0.691223
0.691119
0.69102
0.69091
0.690794
0.690688
0.690574
0.690456
0.690347
0.690236
0.690122
0.690011
0.6899
0.689783
0.689677
0.689567
0.689466
0.689376
0.689282
0.68918
0.689077
0.688983
0.688891
0.688796
0.688702
0.688611
0.688521
0.688431
0.688344
0.688255
0.688156
0.688062
0.687972
0.687892
0.687799
0.687711
0.687619
0.687523
0.687443
0.687367
0.687277
0.68718
0.687084
0.686987
0.686897
0.686811
0.686718
0.686625
0.686534
0.686439
0.686342
0.686245
0.686154
0.686068
0.685989
0.685904
0.685819
0.685728
0.685652
0.685571
0.685494
0.685415
0.685343
0.685267
0.685201
0.685141
0.685072
0.685011
0.684951
0.684892
0.684838
0.684785
0.684738
0.684687
0.684636
0.684591
0.684541
0.684498
0.684457
0.684415
0.68437
0.684326
0.684289
0.68425
0.684212
0.684176
0.684139
0.684103
0.684072
0.684036
0.683998
0.683966
0.683935
0.683903
0.683873
0.683841
0.68381
0.683778
0.683749
0.683723
0.683694
0.683672
0.683641
0.683613
0.683586
0.683564
0.68354
0.683513
0.683494
0.683472
0.683456
0.683438
0.683425
0.68341
0.683397
0.683382
0.683372
0.683361
0.683348
0.683337
0.683327
0.683315
0.683305
0.683292
0.683289
0.683281
0.683275
0.683262
0.683259
0.683251
0.683247
0.68324
0.683233
0.683235
0.683229
0.683226
0.683218
0.68322
0.683219
0.68322
0.683222
0.683226
0.683226
0.683227
0.683231
0.683237
0.683239
0.683246
0.683251
0.683258
0.683264
0.683276
0.683282
0.683291
0.683303
0.683314
0.683327
0.68334
0.68335
0.68336
0.68337
0.683381
0.683395
0.683406
0.683415
0.68343
0.683439
0.683454
0.683464
0.683476
0.683486
0.683499
0.683505
0.683518
0.683524
0.683528
0.683535
0.683544
0.683546
0.683547
0.683552
0.683554
0.683556
0.683556
0.683557
0.683558
0.683558
0.68356
0.68356
0.683562
0.683561
0.683563
0.683563
0.683564
0.683564
0.683566
0.68357
0.683572
0.683574
0.683577
0.68358
0.683581
0.683583
0.683585
0.683587
0.68359
0.683593
0.683602
0.683604
0.68361
0.683613
0.683622
0.683626
0.683636
0.683645
0.683656
0.68367
0.683678
0.683679
0.68368
0.683681
0.683682
0.683683
0.683684
0.683686
0.683687
0.683688
0.68369
0.683691
0.683692
0.683694
0.683695
0.683696
0.683698
0.683699
0.6837
0.683701
0.683703
0.683704
0.683705
0.683706
0.683708
0.683709
0.68371
0.683711
0.683712
0.683714
0.683715
0.683716
0.683717
0.683718
0.68372
0.683721
0.683722
0.683723
0.683724
0.683725
0.683726
0.683727
0.683728
0.683729
0.683731
0.683732
0.683733
0.683733
0.683734
0.683735
0.683736
0.683737
0.683738
0.683739
0.68374
0.683741
0.683742
0.683743
0.683744
0.683745
0.683746
0.683747
0.683748
0.683749
0.683749
0.68375
0.683751
0.683752
0.683753
0.683754
0.683755
0.683756
0.683757
0.683758
0.683759
0.68376
0.683761
0.683762
0.683763
0.683764
0.683765
0.683766
0.683767
0.683769
0.68377
0.683771
0.683772
0.683773
0.683774
0.683775
0.683776
0.683777
0.683778
0.683779
0.68378
0.683781
0.683782
0.683783
0.683784
0.683785
0.683786
0.683787
0.683789
0.68379
0.683791
0.683792
0.683793
0.683794
0.683795
0.683796
0.683797
0.683799
0.6838
0.683801
0.683802
0.683803
0.683804
0.683805
0.683806
0.683808
0.683809
0.68381
0.683811
0.683812
0.683813
0.683814
0.683815
0.683816
0.683817
0.683818
0.683819
0.68382
0.683821
0.683822
0.683823
0.683824
0.683825
0.683826
0.683827
0.683828
0.683829
0.68383
0.683831
0.683832
0.683833
0.683834
0.683835
0.683837
0.683838
0.683839
0.68384
0.683841
0.683842
0.683844
0.683845
0.683758
0.683664
0.683577
0.683486
0.683393
0.683301
0.683214
0.683124
0.683034
0.682942
0.682851
0.682763
0.682669
0.682577
0.682488
0.682396
0.68231
0.682214
0.682119
0.682026
0.681931
0.681835
0.681734
0.681634
0.681538
0.68144
0.681347
0.681247
0.681146
0.681047
0.680944
0.680845
0.680745
0.680643
0.680544
0.680443
0.680343
0.680249
0.680156
0.680059
0.679968
0.679876
0.67978
0.679687
0.6796
0.679509
0.679412
0.679322
0.679226
0.679134
0.679041
0.678955
0.678864
0.678775
0.678686
0.678597
0.678504
0.678417
0.678326
0.678238
0.678156
0.678073
0.677989
0.677911
0.677829
0.677749
0.677664
0.677586
0.677506
0.677428
0.677348
0.677261
0.67718
0.6771
0.677021
0.676941
0.67686
0.676785
0.676714
0.676639
0.676564
0.676482
0.676405
0.67633
0.67625
0.676172
0.676094
0.676023
0.675946
0.675874
0.67579
0.675708
0.67563
0.675554
0.675476
0.675401
0.675326
0.67525
0.67518
0.675104
0.675034
0.674961
0.67489
0.674819
0.674753
0.674688
0.674623
0.674555
0.67449
0.674431
0.674374
0.674319
0.674269
0.674224
0.674181
0.67414
0.674095
0.674052
0.674007
0.673967
0.673925
0.673891
0.673861
0.673833
0.673812
0.673783
0.673763
0.673741
0.673723
0.673711
0.673701
0.67369
0.673684
0.673677
0.673665
0.673664
0.673664
0.673666
0.673668
0.673677
0.673681
0.673688
0.673693
0.673699
0.673702
0.673709
0.673713
0.673719
0.673726
0.673733
0.673738
0.673748
0.673751
0.673761
0.67376
0.673773
0.673782
0.67379
0.67381
0.673836
0.67386
0.673887
0.673916
0.67395
0.673986
0.674024
0.674064
0.674105
0.674146
0.674187
0.674233
0.674277
0.674318
0.674362
0.674406
0.674445
0.674491
0.674532
0.674575
0.674618
0.674659
0.6747
0.67474
0.674779
0.674812
0.674847
0.674886
0.674921
0.674959
0.674989
0.675027
0.675061
0.675092
0.675127
0.675162
0.675191
0.675222
0.675257
0.675294
0.675327
0.675362
0.675401
0.675438
0.675476
0.675515
0.675558
0.675599
0.675638
0.675686
0.675731
0.675774
0.675819
0.675863
0.675913
0.675961
0.676017
0.676063
0.676114
0.676172
0.676237
0.676294
0.676351
0.67642
0.676477
0.676544
0.676612
0.676673
0.676733
0.676791
0.676852
0.676912
0.676971
0.677026
0.677083
0.677145
0.677202
0.677258
0.677312
0.677365
0.677416
0.677461
0.677511
0.677558
0.677606
0.677648
0.677686
0.677732
0.67778
0.677824
0.677865
0.677906
0.677947
0.677989
0.678024
0.678062
0.678104
0.678146
0.678189
0.678232
0.678274
0.678318
0.678363
0.678407
0.678454
0.678499
0.678545
0.678592
0.678639
0.678685
0.678732
0.678777
0.678823
0.678866
0.678912
0.678954
0.678999
0.67904
0.679083
0.679123
0.679168
0.679208
0.679249
0.679291
0.679337
0.679381
0.679427
0.679472
0.679518
0.679568
0.67962
0.679677
0.679722
0.679777
0.679833
0.679888
0.679942
0.679997
0.68005
0.680105
0.680155
0.680204
0.680261
0.680311
0.680364
0.680413
0.680472
0.680521
0.680571
0.680623
0.68067
0.680717
0.680759
0.680801
0.680844
0.680888
0.680922
0.680956
0.680994
0.681031
0.681151
0.681187
0.681226
0.681255
0.681284
0.681306
0.681327
0.68135
0.681367
0.681385
0.681399
0.681416
0.681425
0.681438
0.681443
0.681452
0.681456
0.681466
0.68147
0.681473
0.681476
0.68148
0.681482
0.68148
0.681482
0.681478
0.681479
0.681474
0.681469
0.681467
0.68146
0.681451
0.681444
0.681438
0.681424
0.681415
0.681403
0.681388
0.681373
0.681358
0.681343
0.681326
0.68131
0.681293
0.681278
0.681258
0.681239
0.681217
0.6812
0.681176
0.681151
0.681126
0.681101
0.681075
0.681045
0.681015
0.680984
0.680955
0.680928
0.680896
0.680863
0.680829
0.680795
0.680758
0.680723
0.680689
0.680652
0.680615
0.680578
0.680543
0.680505
0.680468
0.680428
0.680393
0.680354
0.680318
0.680282
0.680244
0.680205
0.68017
0.680133
0.680095
0.680058
0.68002
0.679985
0.679946
0.679905
0.679867
0.679839
0.679808
0.679773
0.679741
0.679704
0.679673
0.679643
0.679611
0.679578
0.679546
0.679515
0.679483
0.679455
0.679429
0.679397
0.679369
0.679343
0.679318
0.679294
0.67927
0.679248
0.679222
0.679198
0.679179
0.679155
0.679135
0.679113
0.679094
0.679077
0.679058
0.679044
0.679028
0.679016
0.679003
0.678992
0.678984
0.678973
0.678966
0.67896
0.678955
0.678949
0.678948
0.678942
0.678938
0.678935
0.678934
0.678933
0.678931
0.678931
0.678931
0.67893
0.678929
0.678934
0.678937
0.678943
0.67895
0.678959
0.67897
0.678984
0.679003
0.679021
0.679038
0.679057
0.679074
0.679097
0.679121
0.679141
0.679164
0.679187
0.679214
0.679237
0.679262
0.679285
0.679306
0.679329
0.679361
0.679385
0.679407
0.679434
0.679453
0.679473
0.679497
0.679518
0.679543
0.679565
0.67959
0.679619
0.679646
0.679673
0.679702
0.679731
0.679762
0.679793
0.679828
0.679861
0.679894
0.679927
0.679961
0.67999
0.680023
0.680051
0.680078
0.680113
0.680141
0.68017
0.680196
0.680219
0.680246
0.680273
0.680293
0.68032
0.680342
0.680365
0.680391
0.680414
0.680436
0.680456
0.680482
0.680499
0.680521
0.680537
0.680559
0.680576
0.680595
0.680611
0.680627
0.680644
0.680659
0.680677
0.680696
0.680712
0.680728
0.680746
0.680759
0.680774
0.680792
0.680807
0.680824
0.680842
0.680857
0.680874
0.680891
0.680903
0.680918
0.680935
0.680951
0.680967
0.680983
0.680998
0.681015
0.681032
0.681048
0.681064
0.68108
0.681096
0.681107
0.681125
0.681136
0.681147
0.68116
0.68117
0.681183
0.681192
0.681204
0.681212
0.681224
0.681232
0.681242
0.681252
0.681262
0.681271
0.681277
0.681286
0.681297
0.681304
0.681314
0.681321
0.681327
0.681336
0.681341
0.681349
0.681357
0.681358
0.681363
0.681365
0.681372
0.681373
0.681372
0.681372
0.68137
0.68137
0.681371
0.68137
0.681366
0.681362
0.681357
0.681353
0.681345
0.681339
0.681333
0.681326
0.681315
0.681305
0.681295
0.681291
0.681285
0.681276
0.681269
0.681259
0.68125
0.681237
0.681233
0.681222
0.68121
0.681197
0.681183
0.681173
0.681164
0.681151
0.681136
0.681128
0.681117
0.6811
0.681088
0.681074
0.681063
0.681044
0.681032
0.681018
0.681005
0.68099
0.680975
0.680961
0.680947
0.680933
0.68092
0.680903
0.68089
0.680873
0.680858
0.680842
0.68083
0.680813
0.680799
0.680786
0.680773
0.680758
0.680745
0.680732
0.680718
0.680708
0.680692
0.680677
0.680664
0.680651
0.680633
0.680617
0.680604
0.680587
0.680572
0.680553
0.680536
0.680518
0.680499
0.680481
0.680459
0.680443
0.680422
0.680406
0.680389
0.680372
0.680352
0.680339
0.680324
0.68031
0.680296
0.680282
0.680272
0.680259
0.68025
0.680242
0.680232
0.680226
0.680217
0.680212
0.680207
0.680207
0.680208
0.680205
0.680212
0.680218
0.68022
0.680219
0.680221
0.680222
0.680223
0.680225
0.680226
0.680225
0.680225
0.680222
0.680223
0.680217
0.680215
0.680214
0.680213
0.68021
0.680207
0.680201
0.680196
0.68019
0.680185
0.680178
0.680174
0.68017
0.680167
0.680164
0.680165
0.680165
0.680165
0.680164
0.680166
0.680172
0.680175
0.680178
0.680179
0.680185
0.680192
0.680199
0.680207
0.680217
0.680227
0.680232
0.680242
0.680252
0.680262
0.680271
0.680279
0.680287
0.680292
0.680296
0.680301
0.680302
0.680304
0.680304
0.680305
0.680303
0.680298
0.680296
0.680291
0.680286
0.680281
0.680273
0.680268
0.68026
0.680252
0.68024
0.680232
0.680223
0.680208
0.680198
0.680185
0.680171
0.680157
0.680139
0.680125
0.680105
0.680088
0.680065
0.680047
0.680022
0.679999
0.679973
0.679949
0.679923
0.679894
0.679867
0.679834
0.679801
0.679772
0.679739
0.6797
0.679668
0.679633
0.679594
0.679553
0.679518
0.679479
0.679438
0.679398
0.679355
0.679316
0.679271
0.679225
0.679186
0.679142
0.679098
0.679057
0.67901
0.678965
0.678923
0.678877
0.678832
0.678781
0.678734
0.678689
0.678643
0.678589
0.678547
0.678497
0.678449
0.678396
0.678344
0.678292
0.678244
0.678195
0.678145
0.678095
0.678042
0.677998
0.677948
0.677898
0.677847
0.677804
0.677757
0.677712
0.677672
0.677633
0.677593
0.677557
0.677518
0.677483
0.677452
0.67742
0.677392
0.677366
0.677338
0.677313
0.67729
0.67727
0.677249
0.677225
0.677205
0.677188
0.677171
0.677156
0.677141
0.677129
0.677113
0.677104
0.677097
0.677082
0.677074
0.677066
0.677056
0.677044
0.677036
0.677029
0.677025
0.677018
0.677016
0.677011
0.677008
0.677007
0.677009
0.677011
0.677014
0.677013
0.677012
0.677016
0.67702
0.677016
0.677018
0.677019
0.677015
0.677018
0.677016
0.677016
0.677018
0.677019
0.677022
0.677016
0.677018
0.677009
0.677006
0.677008
0.677005
0.677003
0.677006
0.677008
0.677002
0.677005
0.677
0.677
0.676997
0.677
0.676993
0.676989
0.676982
0.676975
0.676963
0.676961
0.676956
0.676944
0.676938
0.676928
0.676921
0.67691
0.676899
0.676889
0.676881
0.676874
0.67687
0.676861
0.676854
0.676851
0.676846
0.676843
0.676841
0.676839
0.676839
0.676835
0.676832
0.676828
0.676828
0.676826
0.676824
0.676819
0.67682
0.676814
0.67681
0.676809
0.676806
0.676802
0.676801
0.676798
0.676795
0.67679
0.676791
0.676785
0.676782
0.676777
0.676774
0.676769
0.676763
0.676756
0.676747
0.676739
0.676729
0.676718
0.676706
0.676698
0.676684
0.676672
0.676661
0.676645
0.676631
0.676616
0.676603
0.676586
0.676575
0.676558
0.676546
0.676525
0.676512
0.676496
0.676476
0.676464
0.676444
0.676429
0.67641
0.676393
0.676374
0.676354
0.676335
0.676312
0.676296
0.676274
0.676255
0.67623
0.676207
0.676188
0.676168
0.676145
0.676117
0.676093
0.67607
0.676041
0.676016
0.675988
0.675954
0.67593
0.675904
0.675879
0.675851
0.675824
0.675807
0.675776
0.675752
0.675729
0.67571
0.675694
0.67567
0.675653
0.675631
0.67562
0.675605
0.67559
0.675573
0.675559
0.675547
0.675538
0.675529
0.675518
0.675505
0.675495
0.675488
0.675479
0.675473
0.67546
0.675445
0.675431
0.675423
0.675407
0.675393
0.675378
0.675359
0.675335
0.675311
0.675285
0.675255
0.675221
0.67518
0.675141
0.675096
0.675058
0.675016
0.674969
0.674918
0.674871
0.674824
0.674777
0.674725
0.674668
0.674604
0.674547
0.674487
0.674421
0.674343
0.674274
0.674208
0.674134
0.674054
0.673967
0.673886
0.673801
0.673716
0.673632
0.673549
0.673455
0.673354
0.673258
0.67317
0.673073
0.672977
0.672889
0.672799
0.672713
0.672629
0.672539
0.672461
0.672381
0.672304
0.672227
0.672158
0.672084
0.672022
0.67196
0.671907
0.671851
0.6718
0.671754
0.67171
0.671672
0.671641
0.67162
0.671598
0.67159
0.671584
0.671579
0.671582
0.671586
0.671594
0.671612
0.671628
0.671648
0.671672
0.6717
0.671724
0.671761
0.671795
0.671832
0.671875
0.671924
0.671968
0.672014
0.672073
0.672123
0.672182
0.672238
0.672303
0.672366
0.672429
0.672496
0.672563
0.672631
0.672699
0.672767
0.672839
0.672906
0.672971
0.673036
0.673102
0.673164
0.673227
0.673288
0.673348
0.673406
0.673462
0.673519
0.673575
0.673625
0.673671
0.673717
0.673767
0.673806
0.673851
0.673895
0.673933
0.673973
0.674007
0.674046
0.674081
0.674112
0.674145
0.674175
0.67421
0.674241
0.674272
0.674302
0.674334
0.674364
0.674391
0.674419
0.674442
0.674467
0.674491
0.674513
0.674533
0.67455
0.674569
0.674592
0.674608
0.674614
0.674631
0.674637
0.674635
0.674628
0.674618
0.674612
0.674597
0.674581
0.674564
0.67455
0.674533
0.674511
0.674504
0.674482
0.674466
0.674447
0.674432
0.674423
0.674405
0.67439
0.674377
0.674364
0.674357
0.674349
0.674346
0.674344
0.674344
0.674345
0.674344
0.674348
0.674349
0.674354
0.674363
0.674364
0.674374
0.674381
0.674388
0.674392
0.674397
0.674406
0.674413
0.674421
0.674429
0.674435
0.674437
0.674442
0.674446
0.674445
0.674445
0.674445
0.674446
0.674447
0.67445
0.67445
0.674448
0.674446
0.674446
0.674447
0.674447
0.674446
0.674442
0.674452
0.674444
0.674438
0.674437
0.674426
0.674415
0.674399
0.67439
0.674374
0.674357
0.674342
0.674326
0.674314
0.674303
0.674291
0.674283
0.674274
0.67427
0.674274
0.674281
0.67429
0.674301
0.674313
0.674335
0.674367
0.674402
0.67444
0.674482
0.674525
0.674582
0.674645
0.674711
0.674787
0.674864
0.674936
0.67501
0.675097
0.675185
0.675282
0.675381
0.675476
0.675574
0.675678
0.675784
0.675891
0.675991
0.676091
0.676187
0.676292
0.676399
0.676503
0.676608
0.676709
0.676821
0.676935
0.677043
0.677146
0.677254
0.677371
0.677485
0.6776
0.677712
0.677839
0.677967
0.678089
0.678207
0.678328
0.678447
0.678566
0.678685
0.678812
0.67893
0.679044
0.679148
0.67926
0.679375
0.679482
0.679587
0.679695
0.679794
0.679894
0.679991
0.680092
0.680193
0.680288
0.680369
0.680458
0.680551
0.680642
0.680733
0.680821
0.680908
0.681004
0.681097
0.681186
0.681269
0.68136
0.681445
0.68153
0.681616
0.681694
0.681772
0.681857
0.681932
0.682002
0.682069
0.682136
0.682196
0.682256
0.682301
0.682346
0.682389
0.682416
0.682443
0.682461
0.682472
0.682478
0.682481
0.682469
0.682448
0.682418
0.68239
0.682346
0.682291
0.682234
0.682179
0.682112
0.682034
0.681955
0.681871
0.681795
0.681691
0.681583
0.681473
0.681369
0.681258
0.681139
0.681018
0.680888
0.680766
0.680646
0.680528
0.680393
0.680256
0.680123
0.680011
0.679888
0.679764
0.679646
0.679534
0.67941
0.679299
0.679186
0.679079
0.678976
0.678888
0.67879
0.678706
0.678621
0.678547
0.678484
0.678436
0.678385
0.678341
0.678303
0.678273
0.678246
0.678227
0.678211
0.678204
0.678208
0.678214
0.678226
0.678245
0.678267
0.678292
0.678323
0.678355
0.678388
0.678423
0.678462
0.67851
0.678558
0.678603
0.678653
0.67871
0.678771
0.678837
0.678911
0.67898
0.67906
0.679139
0.679219
0.679303
0.679388
0.679483
0.679575
0.679669
0.679765
0.679866
0.679965
0.680059
0.680154
0.680243
0.680332
0.680417
0.680498
0.68059
0.680676
0.680762
0.680852
0.680934
0.68102
0.681103
0.681189
0.681288
0.681379
0.681473
0.681561
0.681644
0.681732
0.681806
0.681899
0.681994
0.682084
0.682194
0.682292
0.682394
0.682503
0.682612
0.682719
0.682813
0.682917
0.683026
0.683137
0.683242
0.683349
0.683455
0.683548
0.683652
0.683737
0.683818
0.683891
0.683964
0.684025
0.68408
0.684126
0.684163
0.68419
0.684209
0.684216
0.684214
0.684199
0.684178
0.684148
0.684113
0.684071
0.684022
0.683964
0.683897
0.683825
0.683731
0.683639
0.683538
0.683422
0.683306
0.683195
0.683084
0.682958
0.682817
0.682675
0.682536
0.682404
0.682267
0.682132
0.681988
0.681844
0.681702
0.681563
0.681416
0.681266
0.681147
0.681019
0.680914
0.680806
0.680705
0.680611
0.680527
0.680451
0.680393
0.680338
0.680295
0.68026
0.680235
0.680215
0.680205
0.680203
0.68021
0.680225
0.680244
0.680276
0.680309
0.680354
0.680398
0.680445
0.680505
0.680568
0.680633
0.680703
0.680777
0.68086
0.680939
0.681025
0.681112
0.681199
0.681296
0.681386
0.681484
0.68159
0.681692
0.681798
0.681911
0.682028
0.682143
0.68226
0.682384
0.682505
0.682631
0.682751
0.682872
0.682988
0.683106
0.683225
0.683356
0.683486
0.683611
0.683719
0.683839
0.683945
0.684064
0.684178
0.684291
0.684407
0.684519
0.68462
0.684711
0.684799
0.684881
0.68497
0.68505
0.68513
0.685206
0.685275
0.685334
0.685384
0.685429
0.685467
0.685491
0.685504
0.685505
0.685498
0.685483
0.685459
0.685429
0.685395
0.685349
0.685298
0.685239
0.68517
0.68509
0.684997
0.684896
0.684778
0.684659
0.684533
0.684406
0.684263
0.684107
0.683952
0.683802
0.683648
0.683497
0.68334
0.683158
0.682975
0.68279
0.682613
0.682431
0.682263
0.682095
0.681929
0.681767
0.681612
0.681461
0.681325
0.681187
0.68106
0.680946
0.680831
0.680724
0.680624
0.680536
0.680465
0.680396
0.68034
0.680296
0.680261
0.680239
0.680224
0.680218
0.680218
0.680223
0.680239
0.680255
0.680281
0.680308
0.68034
0.680374
0.680418
0.680457
0.680502
0.680547
0.680597
0.680647
0.680699
0.680755
0.680817
0.68088
0.68094
0.681006
0.681073
0.68114
0.681218
0.681285
0.681362
0.681443
0.681523
0.6816
0.681678
0.681768
0.681836
0.681918
0.68199
0.682059
0.682127
0.682195
0.682252
0.682308
0.682359
0.682405
0.682448
0.682485
0.682519
0.682552
0.682573
0.682585
0.682596
0.682617
0.682624
0.682626
0.682612
0.68259
0.682557
0.682514
0.682459
0.682384
0.682298
0.682197
0.682085
0.681974
0.681843
0.681692
0.681528
0.681354
0.681152
0.680943
0.680725
0.680476
0.680218
0.679964
0.679674
0.679388
0.679071
0.678749
0.678446
0.678103
0.677775
0.677434
0.677111
0.67677
0.676408
0.676079
0.675732
0.675403
0.675076
0.674754
0.674449
0.674148
0.673859
0.673585
0.673316
0.673065
0.672835
0.672608
0.6724
0.672208
0.672036
0.671882
0.671735
0.671606
0.671494
0.671401
0.671323
0.671264
0.671215
0.671182
0.671158
0.671147
0.671147
0.671153
0.67117
0.671188
0.671219
0.671259
0.671299
0.671346
0.671397
0.671452
0.671509
0.671576
0.671639
0.671712
0.671779
0.671854
0.671928
0.672005
0.672087
0.672173
0.67226
0.672343
0.67244
0.672526
0.672618
0.672709
0.672799
0.672893
0.672986
0.673075
0.673166
0.67325
0.673331
0.673416
0.673491
0.673558
0.673619
0.67369
0.67375
0.673802
0.673851
0.673894
0.673915
0.673933
0.673937
0.673936
0.673922
0.673904
0.673868
0.673823
0.673766
0.6737
0.67362
0.673529
0.67343
0.673323
0.673199
0.673059
0.672902
0.672746
0.672574
0.672383
0.672184
0.671975
0.671745
0.671515
0.671269
0.671019
0.670796
0.670605
0.670445
0.670332
0.670269
0.670241
0.670264
0.67031
0.670386
0.670475
0.670568
0.67065
0.670721
0.670785
0.670836
0.670877
0.670901
0.6709
0.67088
0.670844
0.670799
0.670749
0.670688
0.670628
0.670571
0.670519
0.670484
0.670469
0.670482
0.67051
0.670555
0.670619
0.670695
0.670791
0.670907
0.671043
0.671196
0.671357
0.671533
0.671727
0.671921
0.672129
0.672356
0.672586
0.672822
0.673071
0.673324
0.673592
0.673863
0.674112
0.674378
0.674638
0.674901
0.675177
0.675432
0.675686
0.675947
0.676202
0.676448
0.676701
0.676939
0.677169
0.6774
0.677625
0.677837
0.678045
0.678254
0.67845
0.678637
0.678809
0.678975
0.679134
0.679284
0.679418
0.679539
0.679652
0.679757
0.679855
0.679939
0.680011
0.680067
0.680113
0.680148
0.680168
0.680184
0.680181
0.680173
0.680146
0.680114
0.680073
0.680026
0.679975
0.67991
0.679833
0.679752
0.679654
0.679557
0.679438
0.679314
0.679182
0.679039
0.678902
0.678749
0.678592
0.678427
0.678268
0.678103
0.677927
0.677738
0.677561
0.677395
0.677222
0.677048
0.676873
0.676708
0.676557
0.676408
0.676253
0.676111
0.675968
0.675842
0.675727
0.675616
0.67552
0.675438
0.675368
0.675304
0.675251
0.675212
0.675186
0.675171
0.675173
0.675184
0.675202
0.675232
0.675273
0.675321
0.675374
0.675434
0.675501
0.675569
0.675641
0.675721
0.675806
0.675901
0.675991
0.67609
0.676188
0.67629
0.676391
0.676487
0.676596
0.676703
0.676814
0.67693
0.677046
0.677161
0.677286
0.677405
0.677515
0.677629
0.677741
0.677849
0.677956
0.678062
0.678173
0.678275
0.67838
0.678471
0.678557
0.678636
0.678709
0.678777
0.678842
0.678894
0.678935
0.678973
0.679008
0.679035
0.679052
0.679061
0.679064
0.679063
0.679054
0.679037
0.679015
0.678982
0.678943
0.678887
0.678826
0.678766
0.678692
0.678608
0.678526
0.678431
0.678324
0.678201
0.678073
0.677947
0.677799
0.677644
0.677482
0.677312
0.677145
0.676958
0.676758
0.676553
0.676355
0.676153
0.675943
0.67574
0.675539
0.675345
0.675142
0.674963
0.674775
0.67461
0.674439
0.674272
0.674124
0.673974
0.673851
0.673724
0.673614
0.673525
0.673441
0.673373
0.67331
0.67326
0.673228
0.673211
0.673203
0.673212
0.673234
0.673267
0.673309
0.673363
0.673428
0.673499
0.673578
0.673666
0.673766
0.673876
0.673985
0.674105
0.67423
0.674357
0.674497
0.67464
0.674791
0.674952
0.675118
0.675288
0.675459
0.675639
0.67583
0.676028
0.676228
0.676423
0.676629
0.676836
0.677055
0.677281
0.677483
0.677684
0.6779
0.678105
0.67832
0.678522
0.678725
0.678933
0.679134
0.679305
0.67947
0.679647
0.679826
0.680005
0.680159
0.680312
0.680448
0.68058
0.6807
0.680816
0.680927
0.681023
0.681123
0.681211
0.681295
0.681368
0.681432
0.681485
0.68153
0.681564
0.681581
0.68159
0.681585
0.68157
0.681543
0.681507
0.681458
0.681394
0.681322
0.681234
0.681147
0.681042
0.68093
0.680813
0.680678
0.680538
0.680388
0.680216
0.680036
0.679866
0.679692
0.679513
0.679325
0.67914
0.678947
0.678765
0.678583
0.678411
0.678245
0.678079
0.677924
0.677772
0.677626
0.67749
0.677369
0.677255
0.677155
0.677066
0.67698
0.676918
0.676862
0.676818
0.676779
0.676756
0.676746
0.676742
0.676758
0.676789
0.676835
0.676897
0.676967
0.677039
0.677126
0.677221
0.677333
0.677457
0.677592
0.677726
0.677864
0.677997
0.678154
0.678315
0.678484
0.678651
0.678825
0.679009
0.679208
0.679406
0.679602
0.679809
0.68002
0.680231
0.680451
0.680671
0.680897
0.681136
0.681375
0.681609
0.681832
0.682068
0.682317
0.68255
0.682792
0.683032
0.683265
0.683505
0.683736
0.683968
0.684192
0.684402
0.684611
0.684818
0.685013
0.685202
0.685376
0.685547
0.685721
0.685875
0.686021
0.686154
0.686282
0.6864
0.686508
0.686605
0.686688
0.686764
0.686823
0.686869
0.686903
0.686928
0.686942
0.686946
0.686939
0.686921
0.686889
0.686847
0.686791
0.686718
0.686638
0.686543
0.686433
0.686312
0.686176
0.686035
0.685876
0.685704
0.685525
0.685333
0.685128
0.684927
0.68474
0.684514
0.684297
0.684064
0.683829
0.68359
0.683347
0.683107
0.682865
0.682625
0.682393
0.682175
0.681957
0.681739
0.68153
0.681321
0.68113
0.680955
0.680792
0.680634
0.680491
0.680362
0.68024
0.680134
0.680044
0.679969
0.679911
0.679864
0.679835
0.679821
0.679816
0.679828
0.679852
0.679883
0.679931
0.679986
0.680053
0.680128
0.680209
0.6803
0.680392
0.680493
0.680609
0.680724
0.680839
0.680967
0.681098
0.68124
0.681392
0.681549
0.68171
0.681882
0.682054
0.682223
0.682402
0.682574
0.68276
0.682948
0.68314
0.68334
0.683541
0.683732
0.683925
0.684123
0.684311
0.6845
0.684685
0.684868
0.685055
0.685233
0.685398
0.685559
0.685711
0.685854
0.685998
0.686122
0.686231
0.686334
0.686426
0.686515
0.686593
0.686657
0.686705
0.686744
0.686773
0.686789
0.68679
0.686777
0.686755
0.686722
0.686677
0.686619
0.686551
0.686474
0.686391
0.686293
0.68618
0.686055
0.685925
0.685785
0.68564
0.685479
0.685318
0.685153
0.684981
0.684803
0.684625
0.684429
0.684243
0.68406
0.683869
0.683706
0.683522
0.683364
0.6832
0.683036
0.682895
0.682754
0.682631
0.682503
0.682377
0.682264
0.682162
0.682067
0.681985
0.681912
0.681856
0.6818
0.681756
0.681717
0.681698
0.681686
0.681688
0.681695
0.681721
0.68176
0.681803
0.681861
0.681921
0.681998
0.682083
0.682178
0.682284
0.682391
0.682504
0.682627
0.682751
0.682886
0.683026
0.683176
0.683325
0.683483
0.683638
0.683799
0.683968
0.684134
0.684317
0.684498
0.684686
0.684871
0.68506
0.685251
0.685446
0.685644
0.685844
0.68604
0.68624
0.68643
0.686626
0.686817
0.686991
0.687184
0.68737
0.687544
0.687717
0.687884
0.688043
0.688191
0.688335
0.688458
0.688577
0.688688
0.688797
0.688886
0.688962
0.689028
0.689088
0.689132
0.689161
0.689182
0.689184
0.689181
0.689165
0.689138
0.689094
0.689041
0.688978
0.688895
0.688804
0.6887
0.688581
0.688452
0.688307
0.688142
0.687976
0.687801
0.687605
0.68741
0.6872
0.686979
0.686762
0.686518
0.686269
0.686021
0.685774
0.685536
0.685282
0.685039
0.684791
0.684557
0.684335
0.684108
0.683893
0.683674
0.683469
0.683273
0.683088
0.682924
0.682764
0.682615
0.682482
0.682361
0.682253
0.682155
0.682069
0.682
0.68194
0.68189
0.681853
0.681827
0.681816
0.68182
0.68183
0.681857
0.681889
0.68193
0.681982
0.682042
0.682114
0.682195
0.682278
0.682389
0.68249
0.682593
0.682701
0.682821
0.682936
0.683057
0.683199
0.683336
0.683482
0.683639
0.683802
0.683974
0.684145
0.684319
0.684501
0.684681
0.684871
0.685065
0.685268
0.685457
0.685655
0.685848
0.686041
0.686234
0.686424
0.686608
0.686772
0.686933
0.687111
0.687281
0.687455
0.687596
0.68775
0.687878
0.688013
0.688126
0.688224
0.688317
0.688414
0.688497
0.688566
0.688615
0.688664
0.688694
0.688717
0.688729
0.688723
0.688706
0.688673
0.688626
0.688575
0.688507
0.688429
0.688335
0.688225
0.688105
0.687969
0.687812
0.687659
0.687488
0.687298
0.687112
0.686912
0.686701
0.686485
0.686268
0.68604
0.685808
0.685574
0.685343
0.685125
0.684893
0.684668
0.684449
0.684239
0.684037
0.68385
0.683665
0.683495
0.683331
0.683177
0.683035
0.682911
0.682793
0.682697
0.682606
0.682534
0.682479
0.682432
0.682399
0.68238
0.682368
0.682377
0.682397
0.682428
0.682468
0.682521
0.68258
0.682651
0.68273
0.682813
0.682908
0.683003
0.683112
0.683228
0.683355
0.683485
0.683623
0.683768
0.683915
0.684066
0.684231
0.684404
0.684583
0.684761
0.684947
0.685134
0.685324
0.685518
0.685715
0.685881
0.686059
0.686253
0.686453
0.686649
0.686855
0.687046
0.687239
0.68742
0.687603
0.687789
0.687966
0.688132
0.688296
0.688456
0.688595
0.68872
0.688829
0.688933
0.68903
0.689127
0.68921
0.689284
0.689344
0.689388
0.689416
0.689436
0.689436
0.689426
0.689401
0.689368
0.689314
0.68925
0.689172
0.689083
0.688971
0.688843
0.688696
0.688546
0.688381
0.688208
0.688015
0.687808
0.687603
0.687392
0.687166
0.686914
0.686666
0.686409
0.686147
0.685886
0.685632
0.685361
0.6851
0.684847
0.684596
0.68435
0.684105
0.683868
0.683636
0.683424
0.683218
0.683027
0.682842
0.682674
0.68252
0.682383
0.682251
0.682142
0.682042
0.681958
0.681889
0.681834
0.681791
0.681763
0.681749
0.681746
0.681755
0.681771
0.681797
0.681835
0.68188
0.681934
0.681993
0.682061
0.682136
0.682216
0.682304
0.682395
0.682493
0.682599
0.682705
0.682822
0.682946
0.683081
0.683222
0.683364
0.683511
0.683666
0.683811
0.683967
0.68412
0.684291
0.684463
0.68463
0.684803
0.684972
0.685138
0.685302
0.685468
0.685641
0.685798
0.68596
0.686117
0.686256
0.6864
0.686529
0.686651
0.686766
0.686879
0.686975
0.687059
0.687129
0.687183
0.687233
0.687267
0.687287
0.687301
0.6873
0.687286
0.68726
0.687221
0.687168
0.687098
0.68701
0.686921
0.686807
0.686682
0.686542
0.686396
0.686241
0.686066
0.685874
0.685675
0.685474
0.685269
0.685059
0.684841
0.684613
0.684388
0.684188
0.683969
0.683772
0.68355
0.683349
0.683165
0.682964
0.68279
0.682615
0.682447
0.682307
0.682172
0.68205
0.681938
0.681826
0.681745
0.681664
0.681602
0.681549
0.681506
0.681476
0.681462
0.681461
0.681467
0.681487
0.681519
0.681563
0.681611
0.68167
0.681745
0.681828
0.681925
0.682035
0.682148
0.682268
0.682396
0.682528
0.682674
0.682824
0.682975
0.683137
0.683308
0.68349
0.683678
0.683866
0.684065
0.684256
0.684449
0.684654
0.684863
0.685072
0.685279
0.68548
0.685677
0.685882
0.68608
0.68627
0.686463
0.686647
0.68682
0.686997
0.687157
0.687305
0.687432
0.687557
0.687667
0.687757
0.687834
0.687903
0.68796
0.688001
0.688022
0.68803
0.688016
0.68799
0.687949
0.687896
0.68782
0.687731
0.687631
0.687511
0.687377
0.687227
0.687071
0.686897
0.68671
0.686527
0.686324
0.68614
0.685923
0.685689
0.685454
0.685219
0.684969
0.684721
0.684482
0.684232
0.683986
0.683753
0.683544
0.683332
0.683124
0.682927
0.682728
0.682556
0.682403
0.682266
0.682156
0.682044
0.681956
0.681875
0.681808
0.681753
0.681712
0.681684
0.681671
0.681662
0.68167
0.681691
0.681721
0.68176
0.68181
0.681871
0.681943
0.68203
0.682119
0.682219
0.682318
0.682423
0.682535
0.682632
0.68275
0.682885
0.683029
0.683178
0.683333
0.683494
0.683655
0.683828
0.683995
0.684174
0.684348
0.684534
0.684717
0.684903
0.685085
0.685257
0.685429
0.685597
0.685762
0.685932
0.68608
0.686247
0.686376
0.686498
0.68662
0.686721
0.68682
0.686903
0.686979
0.687044
0.687092
0.687124
0.687142
0.687147
0.687135
0.687111
0.68707
0.687016
0.686943
0.686861
0.686764
0.686643
0.686514
0.686368
0.686213
0.686056
0.685891
0.685706
0.685507
0.685302
0.685103
0.684891
0.684672
0.684453
0.684239
0.684019
0.683794
0.683592
0.683392
0.683214
0.683036
0.682865
0.6827
0.682544
0.682405
0.68228
0.682168
0.68207
0.681985
0.681914
0.681857
0.68181
0.68177
0.681745
0.681718
0.681704
0.681701
0.681706
0.681714
0.681736
0.681767
0.681802
0.681841
0.681887
0.68194
0.681999
0.682058
0.68212
0.682187
0.682254
0.68233
0.682415
0.682503
0.682599
0.6827
0.682803
0.682894
0.683001
0.683101
0.683208
0.683319
0.683432
0.683546
0.683657
0.683768
0.683878
0.683975
0.684093
0.684203
0.684307
0.68441
0.684506
0.6846
0.684691
0.684779
0.684862
0.684942
0.685013
0.685081
0.685143
0.685201
0.685252
0.685302
0.685337
0.685375
0.685401
0.685422
0.685436
0.685442
0.685446
0.685444
0.685437
0.685423
0.685422
0.685421
0.68542
0.685419
0.685418
0.685416
0.685415
0.685414
0.685413
0.685412
0.68541
0.685409
0.685408
0.685407
0.685406
0.685405
0.685403
0.685402
0.685401
0.6854
0.685399
0.685398
0.685397
0.685396
0.685395
0.685394
0.685393
0.685392
0.685392
0.685391
0.68539
0.685389
0.685389
0.685388
0.685387
0.685386
0.685386
0.685385
0.685385
0.685384
0.685384
0.685383
0.685383
0.685382
0.685382
0.685382
0.685381
0.685381
0.685381
0.68538
0.68538
0.68538
0.68538
0.68538
0.68538
0.68538
0.68538
0.68538
0.68538
0.685379
0.685379
0.685379
0.685379
0.685379
0.685379
0.68538
0.68538
0.68538
0.68538
0.68538
0.68538
0.68538
0.68538
0.685381
0.685381
0.685381
0.685381
0.685382
0.685382
0.685382
0.685382
0.685382
0.685383
0.685383
0.685383
0.685383
0.685383
0.685383
0.685383
0.685383
0.685384
0.685384
0.685384
0.685384
0.685384
0.685384
0.685384
0.685385
0.685385
0.685385
0.685385
0.685385
0.685385
0.685385
0.685385
0.685385
0.685385
0.685385
0.685385
0.685385
0.685385
0.685385
0.685385
0.685385
0.685385
0.685385
0.685385
0.685385
0.685384
0.685384
0.685384
0.685384
0.685384
0.685384
0.685384
0.685384
0.685384
0.685384
0.685384
0.685384
0.685384
0.685384
0.685384
0.685384
0.685384
0.685384
0.685383
0.685383
0.685383
0.685383
0.685383
0.685383
0.685383
0.685382
0.685382
0.685382
0.685382
0.685382
0.685382
0.685381
0.685381
0.685381
0.685381
0.685381
0.685381
0.68538
0.68538
0.68538
0.68538
0.685379
0.685379
0.685379
0.685379
0.685378
0.685378
0.685378
0.685378
0.685377
0.685377
0.685377
0.685377
0.685377
0.685376
0.685376
0.685376
0.685375
0.685375
0.685375
0.685375
0.685374
0.685374
0.685374
0.685374
0.685373
0.685373
0.685373
0.685372
0.685372
0.685372
0.685371
0.685371
0.685371
0.68537
0.68537
0.68537
0.685369
0.685369
0.685369
0.685369
0.685368
0.685368
0.685368
0.685368
0.685368
0.685367
0.685367
0.685367
0.685367
0.685367
0.685367
0.685367
0.685366
0.685366
0.685366
0.685366
0.685366
0.685366
0.685366
0.685366
0.685366
0.685366
0.685366
0.685366
0.685366
0.685366
0.685366
0.685366
0.685366
0.685366
0.685366
0.685366
0.685366
0.685366
0.685366
0.685366
0.685366
0.685366
0.685366
0.685366
0.685366
0.685366
0.685366
0.685366
0.685366
0.685367
0.685367
0.685367
0.685367
0.685367
0.685367
0.685367
0.685367
0.685367
0.685367
0.685368
0.685368
0.685368
0.685368
0.685368
0.685369
0.685369
0.685369
0.685369
0.68537
0.68537
0.68537
0.685371
0.685371
0.685371
0.685372
0.685372
0.685372
0.685372
0.685373
0.685373
0.685373
0.685374
0.685374
0.685374
0.685374
0.685375
0.685375
0.685375
0.685375
0.685376
0.685376
0.685376
0.685376
0.685377
0.685377
0.685377
0.685377
0.685377
0.685377
0.685377
0.685377
0.685377
0.685377
0.685376
0.685376
0.685376
0.685376
0.685376
0.685376
0.685376
0.685376
0.685375
0.685375
0.685375
0.685375
0.685375
0.685375
0.685374
0.685374
0.685374
0.685374
0.685374
0.685373
0.685373
0.685373
0.685372
0.685372
0.685372
0.685372
0.685371
0.685371
0.685371
0.68537
0.68537
0.68537
0.685369
0.685369
0.685369
0.685368
0.685368
0.685368
0.685367
0.685367
0.685366
0.685366
0.685366
0.685365
0.685365
0.685365
0.685364
0.685364
0.685364
0.685363
0.685363
0.685362
0.685362
0.685362
0.685361
0.685361
0.685361
0.68536
0.68536
0.68536
0.685359
0.685359
0.685358
0.685358
0.685357
0.685357
0.685356
0.685356
0.685355
0.685355
0.685354
0.685354
0.685353
0.685353
0.685352
0.685352
0.685352
0.685351
0.685351
0.68535
0.685349
0.685349
0.685348
0.685348
0.685347
0.685347
0.685346
0.685346
0.685345
0.685345
0.685345
0.685344
0.685344
0.685343
0.685343
0.685343
0.685342
0.685342
0.685342
0.685341
0.685341
0.685341
0.68534
0.68534
0.68534
0.68534
0.685339
0.685339
0.685339
0.685338
0.685338
0.685338
0.685337
0.685337
0.685337
0.685336
0.685336
0.685336
0.685335
0.685335
0.685335
0.685334
0.685334
0.685334
0.685333
0.685333
0.685333
0.685332
0.685332
0.685332
0.685331
0.685331
0.685331
0.68533
0.68533
0.68533
0.685329
0.685329
0.685329
0.685328
0.685328
0.685328
0.685327
0.685327
0.685327
0.685326
0.685326
0.685325
0.685325
0.685325
0.685324
0.685324
0.685324
0.685323
0.685323
0.685322
0.685322
0.685322
0.685321
0.685321
0.685321
0.685321
0.68532
0.68532
0.68532
0.68532
0.685319
0.685319
0.685319
0.685319
0.685319
0.685318
0.685318
0.685318
0.685318
0.685318
0.685318
0.685317
0.685317
0.685317
0.685317
0.685317
0.685317
0.685317
0.685317
0.685316
0.685316
0.685316
0.685316
0.685316
0.685316
0.685316
0.685316
0.685316
0.685316
0.685316
0.685316
0.685316
0.685316
0.685315
0.685315
0.685315
0.685315
0.685315
0.685315
0.685315
0.685315
0.685315
0.685314
0.685314
0.685314
0.685314
0.685314
0.685314
0.685314
0.685314
0.685314
0.685314
0.685314
0.685314
0.685314
0.685314
0.685314
0.685314
0.685314
0.685314
0.685314
0.685314
0.685314
0.685314
0.685314
0.685314
0.685314
0.685314
0.685314
0.685314
0.685314
0.685314
0.685314
0.685314
0.685314
0.685314
0.685314
0.685315
0.685315
0.685315
0.685315
0.685315
0.685315
0.685315
0.685315
0.685315
0.685315
0.685315
0.685315
0.685315
0.685315
0.685315
0.685315
0.685315
0.685315
0.685315
0.685316
0.685316
0.685316
0.685316
0.685316
0.685316
0.685316
0.685316
0.685316
0.685316
0.685316
0.685316
0.685316
0.685316
0.685316
0.685316
0.685316
0.685315
0.685315
0.685315
0.685315
0.685315
0.685315
0.685315
0.685315
0.685315
0.685315
0.685315
0.685315
0.685315
0.685315
0.685315
0.685315
0.685315
0.685315
0.685314
0.685314
0.685314
0.685314
0.685314
0.685314
0.685314
0.685314
0.685314
0.685314
0.685314
0.685314
0.685314
0.685313
0.685313
0.685313
0.685313
0.685313
0.685313
0.685313
0.685313
0.685313
0.685313
0.685313
0.685313
0.685313
0.685313
0.685313
0.685313
0.685313
0.685313
0.685313
0.685312
0.685312
0.685312
0.685312
0.685312
0.685312
0.685312
0.685312
0.685312
0.685312
0.685312
0.685312
0.685312
0.685312
0.685312
0.685312
0.685312
0.685312
0.685312
0.685312
0.685312
0.685312
0.685312
0.685312
0.685312
0.685312
0.685313
0.685313
0.685313
0.685313
0.685313
0.685313
0.685314
0.685314
0.685314
0.685314
0.685314
0.685315
0.685315
0.685315
0.685316
0.685316
0.685316
0.685317
0.685317
0.685317
0.685317
0.685318
0.685318
0.685318
0.685319
0.685319
0.685319
0.685319
0.68532
0.68532
0.68532
0.685321
0.685321
0.685321
0.685321
0.685322
0.685322
0.685322
0.685322
