0.491887
0.491887
0.491887
0.491887
0.491887
0.491887
0.491887
0.491887
0.491887
0.491886
0.491886
0.491886
0.491886
0.491886
0.491886
0.491886
0.491885
0.491885
0.491885
0.491885
0.491885
0.491884
0.491884
0.491884
0.491884
0.491883
0.491883
0.491883
0.491882
0.491882
0.491882
0.491882
0.491882
0.491881
0.491881
0.491881
0.49188
0.49188
0.49188
0.491879
0.491879
0.491879
0.491879
0.491878
0.491878
0.491878
0.491877
0.491877
0.491877
0.491877
0.491876
0.491876
0.491876
0.491876
0.491875
0.491875
0.491875
0.491875
0.491875
0.491875
0.491874
0.491874
0.491874
0.491874
0.491873
0.491873
0.491873
0.491873
0.491872
0.491872
0.491872
0.491872
0.491871
0.491871
0.491871
0.49187
0.49187
0.49187
0.491869
0.491869
0.491869
0.491868
0.491868
0.491868
0.491867
0.491867
0.491866
0.491866
0.491866
0.491865
0.491865
0.491864
0.491864
0.491863
0.491863
0.491863
0.491862
0.491862
0.491861
0.491861
0.49186
0.49186
0.491859
0.491859
0.491859
0.491858
0.491858
0.491857
0.491857
0.491856
0.491856
0.491856
0.491855
0.491855
0.491854
0.491854
0.491854
0.491853
0.491853
0.491853
0.491852
0.491852
0.491852
0.491852
0.491851
0.491851
0.491851
0.491851
0.491851
0.49185
0.49185
0.49185
0.49185
0.49185
0.49185
0.49185
0.491849
0.491849
0.491849
0.491849
0.491849
0.491849
0.491849
0.491849
0.491849
0.491848
0.491848
0.491848
0.491848
0.491847
0.491847
0.491847
0.491846
0.491846
0.491846
0.491846
0.491845
0.491845
0.491845
0.491844
0.491844
0.491844
0.491843
0.491843
0.491843
0.491843
0.491842
0.491842
0.491842
0.491842
0.491841
0.491841
0.491841
0.49184
0.49184
0.49184
0.491839
0.491839
0.491839
0.491838
0.491838
0.491838
0.491837
0.491837
0.491837
0.491837
0.491836
0.491836
0.491836
0.491836
0.491835
0.491835
0.491835
0.491835
0.491834
0.491834
0.491834
0.491834
0.491834
0.491834
0.491834
0.491834
0.491834
0.491834
0.491833
0.491833
0.491833
0.491833
0.491833
0.491833
0.491833
0.491833
0.491833
0.491833
0.491833
0.491833
0.491833
0.491834
0.491834
0.491834
0.491834
0.491834
0.491834
0.491834
0.491834
0.491834
0.491834
0.491834
0.491834
0.491834
0.491834
0.491834
0.491834
0.491834
0.491834
0.491834
0.491834
0.491834
0.491834
0.491834
0.491834
0.491834
0.491834
0.491834
0.491835
0.491835
0.491835
0.491835
0.491835
0.491835
0.491835
0.491835
0.491835
0.491835
0.491836
0.491836
0.491836
0.491836
0.491836
0.491836
0.491836
0.491837
0.491837
0.491837
0.491837
0.491837
0.491837
0.491837
0.491837
0.491837
0.491838
0.491838
0.491838
0.491838
0.491838
0.491838
0.491838
0.491838
0.491838
0.491838
0.491838
0.491838
0.491838
0.491838
0.491838
0.491838
0.491839
0.491839
0.491838
0.491838
0.491838
0.491838
0.491838
0.491839
0.491839
0.491839
0.491839
0.491839
0.491839
0.491839
0.491839
0.491839
0.491839
0.491839
0.491839
0.491839
0.491839
0.491839
0.491839
0.491838
0.491838
0.491838
0.491838
0.491838
0.491838
0.491837
0.491837
0.491837
0.491837
0.491837
0.491837
0.491837
0.491836
0.491836
0.491836
0.491836
0.491836
0.491835
0.491835
0.491835
0.491835
0.491835
0.491834
0.491834
0.491834
0.491834
0.491833
0.491833
0.491833
0.491833
0.491833
0.491832
0.491832
0.491832
0.491832
0.491832
0.491832
0.491831
0.491831
0.491831
0.491831
0.491831
0.491831
0.491831
0.491831
0.491831
0.491831
0.49183
0.49183
0.49183
0.49183
0.49183
0.49183
0.49183
0.49183
0.49183
0.49183
0.49183
0.49183
0.49183
0.49183
0.49183
0.49183
0.491829
0.491829
0.491829
0.491829
0.491829
0.491829
0.491829
0.491829
0.491828
0.491828
0.491828
0.491828
0.491828
0.491828
0.491827
0.491827
0.491827
0.491826
0.491826
0.491826
0.491826
0.491825
0.491825
0.491825
0.491825
0.491824
0.491824
0.491824
0.491824
0.491824
0.491823
0.491823
0.491823
0.491823
0.491823
0.491823
0.491823
0.491823
0.491823
0.491823
0.491823
0.491823
0.491823
0.491823
0.491823
0.491823
0.491823
0.491823
0.491823
0.491823
0.491823
0.491824
0.491824
0.491824
0.491824
0.491824
0.491824
0.491825
0.491825
0.491825
0.491825
0.491825
0.491825
0.491825
0.491825
0.491826
0.491826
0.491826
0.491826
0.491826
0.491826
0.491826
0.491826
0.491826
0.491826
0.491826
0.491826
0.491826
0.491826
0.491826
0.491826
0.491827
0.491827
0.491827
0.491827
0.491827
0.491827
0.491827
0.491827
0.491827
0.491827
0.491827
0.491827
0.491827
0.491826
0.491826
0.491826
0.491826
0.491826
0.491826
0.491825
0.491825
0.491825
0.491825
0.491825
0.491825
0.491824
0.491824
0.491824
0.491824
0.491824
0.491823
0.491823
0.491823
0.491823
0.491823
0.491823
0.491822
0.491822
0.491822
0.491822
0.491822
0.491822
0.491821
0.491821
0.491821
0.491821
0.491821
0.49182
0.49182
0.49182
0.49182
0.491819
0.491819
0.491819
0.491819
0.491819
0.491818
0.491818
0.491818
0.491817
0.491817
0.491817
0.491817
0.491816
0.491816
0.491816
0.491816
0.491815
0.491815
0.491815
0.491815
0.491815
0.491814
0.491814
0.491814
0.491814
0.491814
0.491813
0.491813
0.491813
0.491813
0.491813
0.491812
0.491812
0.491812
0.491812
0.491812
0.491812
0.491812
0.491812
0.491811
0.491811
0.491811
0.491811
0.491811
0.491811
0.491811
0.491811
0.49181
0.49181
0.49181
0.49181
0.49181
0.49181
0.49181
0.491809
0.491809
0.491809
0.491809
0.491809
0.491809
0.491809
0.491809
0.491808
0.491808
0.491808
0.491808
0.491808
0.491807
0.491807
0.491807
0.491807
0.491806
0.491806
0.491806
0.491805
0.491805
0.491805
0.491804
0.491804
0.491804
0.491804
0.491803
0.491803
0.491803
0.491802
0.491802
0.491802
0.491802
0.491801
0.491801
0.491801
0.491801
0.4918
0.4918
0.4918
0.491799
0.491799
0.491799
0.491798
0.491798
0.491798
0.491798
0.491797
0.491797
0.491797
0.491796
0.491796
0.491796
0.491795
0.491795
0.491795
0.491795
0.491794
0.491794
0.491794
0.491794
0.491794
0.491793
0.491793
0.491793
0.491793
0.491792
0.491792
0.491792
0.491792
0.491792
0.491792
0.491792
0.491791
0.491791
0.491791
0.491791
0.491791
0.491791
0.49179
0.49179
0.49179
0.49179
0.49179
0.49179
0.491789
0.491789
0.491789
0.491789
0.491789
0.491789
0.491789
0.491789
0.491789
0.491788
0.491788
0.491788
0.491788
0.491788
0.491788
0.491788
0.491788
0.491788
0.491788
0.491788
0.491788
0.491788
0.491788
0.491788
0.491788
0.491788
0.491787
0.491787
0.491787
0.491787
0.491787
0.491787
0.491787
0.491787
0.491787
0.491787
0.491787
0.491786
0.491786
0.491786
0.491786
0.491786
0.491786
0.491786
0.491786
0.491786
0.491786
0.491786
0.491785
0.491785
0.491785
0.491785
0.491785
0.491785
0.491785
0.491785
0.491784
0.491784
0.491784
0.491784
0.491784
0.491784
0.491784
0.491784
0.491784
0.491784
0.491784
0.491784
0.491783
0.491783
0.491783
0.491783
0.491783
0.491783
0.491783
0.491783
0.491782
0.491782
0.491782
0.491782
0.491782
0.491781
0.491781
0.491781
0.491781
0.49178
0.49178
0.49178
0.49178
0.49178
0.491779
0.491779
0.491779
0.491779
0.491779
0.491779
0.491778
0.491778
0.491778
0.491778
0.491778
0.491777
0.491777
0.491777
0.491777
0.491777
0.491776
0.491776
0.491776
0.491776
0.491775
0.491775
0.491775
0.491775
0.491774
0.491774
0.491774
0.491774
0.491773
0.491773
0.491773
0.491773
0.491772
0.491772
0.491772
0.491772
0.491772
0.491772
0.491771
0.491771
0.491771
0.491771
0.491771
0.49177
0.49177
0.49177
0.49177
0.49177
0.491769
0.491769
0.491769
0.491769
0.491768
0.491768
0.491768
0.491767
0.491767
0.491767
0.491766
0.491766
0.491766
0.491765
0.491765
0.491765
0.491764
0.491764
0.491764
0.491764
0.491763
0.491763
0.491763
0.491763
0.491763
0.491762
0.491762
0.491762
0.491762
0.491762
0.491762
0.491762
0.491762
0.491761
0.491761
0.491761
0.491761
0.491761
0.491761
0.491761
0.491761
0.491761
0.491761
0.491761
0.491761
0.491761
0.491761
0.491761
0.491761
0.491761
0.491761
0.491761
0.491761
0.491761
0.491761
0.491761
0.491761
0.491761
0.491761
0.491761
0.491761
0.491761
0.491761
0.491761
0.491761
0.491761
0.49176
0.49176
0.49176
0.49176
0.49176
0.49176
0.491759
0.491759
0.491759
0.491759
0.491759
0.491759
0.491758
0.491758
0.491758
0.491758
0.491758
0.491757
0.491757
0.491757
0.491757
0.491757
0.491757
0.491756
0.491756
0.491756
0.491756
0.491756
0.491755
0.491755
0.491755
0.491755
0.491755
0.491755
0.491755
0.491754
0.491754
0.491754
0.491754
0.491754
0.491754
0.491753
0.491753
0.491753
0.491753
0.491753
0.491753
0.491753
0.491753
0.491753
0.491753
0.491753
0.491753
0.491753
0.491753
0.491752
0.491752
0.491752
0.491752
0.491752
0.491752
0.491751
0.491751
0.491751
0.491751
0.491751
0.49175
0.49175
0.49175
0.49175
0.491749
0.491749
0.491749
0.491749
0.491749
0.491748
0.491748
0.491748
0.491748
0.491747
0.491747
0.491747
0.491747
0.491747
0.491747
0.491747
0.491746
0.491746
0.491746
0.491746
0.491746
0.491746
0.491746
0.491746
0.491746
0.491746
0.491746
0.491746
0.491746
0.491746
0.491746
0.491746
0.491746
0.491746
0.491746
0.491746
0.491746
0.491746
0.491746
0.491746
0.491746
0.491746
0.491746
0.491746
0.491746
0.491746
0.491746
0.491746
0.491746
0.491746
0.491746
0.491746
0.491746
0.491746
0.491746
0.491746
0.491746
0.491747
0.491747
0.491747
0.491747
0.491747
0.491747
0.491747
0.491747
0.491747
0.491747
0.491747
0.491747
0.491747
0.491747
0.491747
0.491747
0.491747
0.491747
0.491747
0.491747
0.491747
0.491747
0.491746
0.491746
0.491746
0.491746
0.491746
0.491746
0.491746
0.491746
0.491746
0.491746
0.491745
0.491745
0.491745
0.491745
0.491744
0.491744
0.491744
0.491744
0.491743
0.491743
0.491743
0.491742
0.491742
0.491742
0.491741
0.491741
0.491741
0.49174
0.49174
0.49174
0.491739
0.491739
0.491739
0.491738
0.491738
0.491738
0.491737
0.491737
0.491737
0.491737
0.491736
0.491736
0.491736
0.491735
0.491735
0.491735
0.491735
0.491734
0.491734
0.491734
0.491733
0.491733
0.491732
0.491732
0.491732
0.491731
0.491731
0.49173
0.49173
0.49173
0.491729
0.491729
0.491729
0.491728
0.491728
0.491727
0.491727
0.491727
0.491726
0.491726
0.491725
0.491725
0.491724
0.491724
0.491723
0.491723
0.491722
0.491722
0.491722
0.491721
0.491721
0.49172
0.49172
0.49172
0.491719
0.491719
0.491719
0.491718
0.491718
0.491717
0.491717
0.491717
0.491716
0.491716
0.491715
0.491715
0.491715
0.491714
0.491714
0.491714
0.491713
0.491713
0.491712
0.491712
0.491712
0.491711
0.491711
0.491711
0.49171
0.49171
0.491709
0.491709
0.491709
0.491708
0.491708
0.491707
0.491707
0.491706
0.491706
0.491705
0.491705
0.491705
0.491704
0.491704
0.491704
0.491703
0.491703
0.491702
0.491702
0.491702
0.491701
0.491701
0.491701
0.4917
0.4917
0.4917
0.491699
0.491699
0.491698
0.491698
0.491698
0.491697
0.491697
0.491697
0.491696
0.491696
0.491696
0.491695
0.491695
0.491695
0.491694
0.491694
0.491693
0.491693
0.491693
0.491692
0.491692
0.491691
0.491691
0.491691
0.491691
0.49169
0.49169
0.49169
0.491689
0.491689
0.491689
0.491689
0.491688
0.491688
0.491688
0.491688
0.491687
0.491687
0.491687
0.491687
0.491686
0.491686
0.491686
0.491686
0.491685
0.491685
0.491685
0.491684
0.491684
0.491684
0.491684
0.491683
0.491683
0.491683
0.491682
0.491682
0.491682
0.491681
0.491681
0.491681
0.49168
0.49168
0.49168
0.491679
0.491679
0.491679
0.491678
0.491678
0.491678
0.491677
0.491677
0.491677
0.491676
0.491676
0.491676
0.491675
0.491675
0.491675
0.491674
0.491674
0.491674
0.491673
0.491673
0.491673
0.491672
0.491672
0.491672
0.491671
0.491671
0.491671
0.49167
0.49167
0.49167
0.49167
0.491669
0.491669
0.491669
0.491669
0.491669
0.491669
0.491668
0.491668
0.491668
0.491668
0.491668
0.491668
0.491668
0.491668
0.491668
0.491668
0.491667
0.491667
0.491667
0.491667
0.491667
0.491667
0.491667
0.491667
0.491667
0.491667
0.491667
0.491667
0.491667
0.491667
0.491667
0.491667
0.491667
0.491667
0.491667
0.491667
0.491667
0.491666
0.491666
0.491666
0.491666
0.491666
0.491666
0.491666
0.491666
0.491666
0.491666
0.491666
0.491666
0.491666
0.491666
0.491666
0.491666
0.491666
0.491666
0.491666
0.491666
0.491666
0.491666
0.491666
0.491665
0.491665
0.491665
0.491665
0.491665
0.491665
0.491665
0.491665
0.491665
0.491665
0.491665
0.491665
0.491664
0.491664
0.491664
0.491664
0.491664
0.491664
0.491664
0.491664
0.491664
0.491663
0.491663
0.491663
0.491663
0.491663
0.491663
0.491663
0.491663
0.491663
0.491663
0.491663
0.491663
0.491663
0.491663
0.491663
0.491663
0.491663
0.491663
0.491663
0.491663
0.491663
0.491663
0.491663
0.491663
0.491663
0.491663
0.491663
0.491663
0.491663
0.491663
0.491663
0.491663
0.491663
0.491663
0.491663
0.491664
0.491664
0.491664
0.491664
0.491664
0.491664
0.491664
0.491664
0.491664
0.491664
0.491664
0.491664
0.491664
0.491665
0.491665
0.491665
0.491665
0.491665
0.491665
0.491665
0.491665
0.491665
0.491665
0.491666
0.491666
0.491666
0.491666
0.491666
0.491667
0.491667
0.491667
0.491668
0.491668
0.491668
0.491668
0.491669
0.491669
0.491669
0.491669
0.49167
0.49167
0.49167
0.491671
0.491671
0.491671
0.491672
0.491672
0.491672
0.491673
0.491673
0.491673
0.491673
0.491674
0.491674
0.491674
0.491674
0.491675
0.491675
0.491675
0.491675
0.491676
0.491676
0.491676
0.491676
0.491677
0.491677
0.491677
0.491677
0.491677
0.491677
0.491677
0.491678
0.491678
0.491678
0.491678
0.491678
0.491678
0.491678
0.491678
0.491678
0.491678
0.491678
0.491678
0.491678
0.491678
0.491678
0.491678
0.491677
0.491677
0.491677
0.491677
0.491677
0.491677
0.491677
0.491677
0.491677
0.491676
0.491676
0.491676
0.491676
0.491676
0.491676
0.491676
0.491676
0.491676
0.491676
0.491675
0.491675
0.491675
0.491675
0.491675
0.491675
0.491675
0.491674
0.491674
0.491674
0.491674
0.491674
0.491673
0.491673
0.491673
0.491673
0.491673
0.491672
0.491672
0.491672
0.491672
0.491672
0.491672
0.491671
0.491671
0.491671
0.491671
0.491671
0.491671
0.491671
0.49167
0.49167
0.49167
0.49167
0.49167
0.49167
0.49167
0.49167
0.49167
0.491669
0.491669
0.491669
0.491669
0.491669
0.491669
0.491669
0.491669
0.491669
0.491669
0.491669
0.491669
0.491669
0.491669
0.491669
0.491669
0.491669
0.491668
0.491668
0.491668
0.491668
0.491668
0.491668
0.491668
0.491668
0.491668
0.491668
0.491668
0.491668
0.491668
0.491668
0.491668
0.491668
0.491668
0.491668
0.491668
0.491667
0.491667
0.491667
0.491667
0.491667
0.491666
0.491666
0.491666
0.491666
0.491665
0.491665
0.491665
0.491665
0.491664
0.491664
0.491664
0.491663
0.491663
0.491663
0.491663
0.491662
0.491662
0.491662
0.491662
0.491661
0.491661
0.491661
0.491661
0.49166
0.49166
0.49166
0.49166
0.49166
0.49166
0.49166
0.491659
0.491659
0.491659
0.491659
0.491659
0.491658
0.491658
0.491658
0.491658
0.491658
0.491657
0.491657
0.491657
0.491656
0.491656
0.491655
0.491655
0.491655
0.491654
0.491654
0.491653
0.491653
0.491653
0.491652
0.491652
0.491651
0.491651
0.49165
0.49165
0.491649
0.491649
0.491648
0.491648
0.491647
0.491647
0.491646
0.491646
0.491645
0.491645
0.491644
0.491644
0.491643
0.491642
0.491642
0.491641
0.491641
0.49164
0.49164
0.491639
0.491639
0.491638
0.491637
0.491637
0.491636
0.491635
0.491635
0.491634
0.491634
0.491633
0.491632
0.491632
0.491631
0.49163
0.49163
0.491629
0.491628
0.491628
0.491627
0.491626
0.491626
0.491625
0.491624
0.491623
0.491623
0.491622
0.491621
0.49162
0.49162
0.491619
0.491618
0.491618
0.491617
0.491616
0.491615
0.491615
0.491614
0.491613
0.491613
0.491612
0.491611
0.49161
0.491609
0.491609
0.491608
0.491607
0.491606
0.491606
0.491605
0.491604
0.491603
0.491603
0.491602
0.491601
0.491601
0.4916
0.491599
0.491599
0.491598
0.491598
0.491597
0.491596
0.491596
0.491595
0.491595
0.491595
0.491594
0.491594
0.491594
0.491593
0.491593
0.491593
0.491592
0.491592
0.491592
0.491591
0.491591
0.491591
0.49159
0.49159
0.49159
0.49159
0.49159
0.491589
0.491589
0.491589
0.491589
0.491589
0.491589
0.491589
0.491589
0.491589
0.491589
0.491589
0.491589
0.491589
0.491589
0.491589
0.491589
0.491589
0.491589
0.491589
0.491589
0.491589
0.491589
0.491589
0.491589
0.491589
0.491589
0.491589
0.49159
0.49159
0.49159
0.49159
0.49159
0.49159
0.491591
0.491591
0.491591
0.491591
0.491591
0.491592
0.491592
0.491592
0.491592
0.491592
0.491592
0.491592
0.491593
0.491593
0.491593
0.491593
0.491593
0.491594
0.491594
0.491594
0.491594
0.491595
0.491595
0.491595
0.491595
0.491596
0.491596
0.491596
0.491596
0.491597
0.491597
0.491597
0.491597
0.491598
0.491598
0.491598
0.491598
0.491599
0.491599
0.491599
0.491599
0.4916
0.4916
0.4916
0.4916
0.491601
0.491601
0.491601
0.491601
0.491602
0.491602
0.491602
0.491602
0.491603
0.491603
0.491603
0.491603
0.491604
0.491604
0.491604
0.491605
0.491605
0.491605
0.491605
0.491606
0.491606
0.491606
0.491606
0.491606
0.491607
0.491607
0.491607
0.491607
0.491607
0.491607
0.491608
0.491608
0.491608
0.491608
0.491608
0.491608
0.491608
0.491609
0.491609
0.491609
0.491609
0.491609
0.491609
0.491609
0.491609
0.49161
0.49161
0.49161
0.49161
0.49161
0.49161
0.49161
0.49161
0.49161
0.49161
0.491611
0.491611
0.491611
0.491611
0.491611
0.491611
0.491611
0.491611
0.491611
0.491611
0.491612
0.491612
0.491612
0.491612
0.491612
0.491612
0.491612
0.491612
0.491612
0.491612
0.491612
0.491612
0.491612
0.491611
0.491611
0.491611
0.491611
0.491611
0.491611
0.491611
0.49161
0.49161
0.49161
0.49161
0.49161
0.49161
0.49161
0.49161
0.49161
0.491611
0.491611
0.491611
0.491611
0.491611
0.491611
0.491611
0.491611
0.491611
0.491611
0.491611
0.491611
0.491611
0.491611
0.491611
0.491611
0.491611
0.491612
0.491612
0.491612
0.491612
0.491612
0.491612
0.491612
0.491612
0.491613
0.491613
0.491613
0.491613
0.491613
0.491613
0.491614
0.491614
0.491614
0.491614
0.491614
0.491614
0.491615
0.491615
0.491615
0.491615
0.491615
0.491616
0.491616
0.491616
0.491616
0.491617
0.491617
0.491617
0.491617
0.491617
0.491618
0.491618
0.491618
0.491618
0.491618
0.491618
0.491619
0.491619
0.491619
0.491619
0.491619
0.491619
0.49162
0.49162
0.49162
0.49162
0.49162
0.49162
0.49162
0.49162
0.49162
0.49162
0.491621
0.491621
0.491621
0.491621
0.491621
0.491621
0.491621
0.491621
0.491621
0.491621
0.491621
0.491621
0.491621
0.491621
0.491621
0.491621
0.491621
0.491621
0.491621
0.491621
0.491621
0.491621
0.491621
0.491621
0.491621
0.491621
0.491621
0.491621
0.491621
0.491621
0.491621
0.491621
0.491621
0.491621
0.491622
0.491622
0.491622
0.491622
0.491622
0.491622
0.491622
0.491622
0.491623
0.491623
0.491623
0.491623
0.491623
0.491623
0.491624
0.491624
0.491624
0.491624
0.491624
0.491625
0.491625
0.491625
0.491625
0.491626
0.491626
0.491626
0.491626
0.491627
0.491627
0.491627
0.491628
0.491628
0.491628
0.491628
0.491628
0.491629
0.491629
0.491629
0.491629
0.49163
0.49163
0.49163
0.49163
0.491631
0.491631
0.491631
0.491631
0.491631
0.491631
0.491631
0.491632
0.491632
0.491632
0.491632
0.491632
0.491632
0.491633
0.491633
0.491633
0.491633
0.491633
0.491634
0.491634
0.491634
0.491634
0.491635
0.491635
0.491635
0.491635
0.491635
0.491636
0.491636
0.491636
0.491636
0.491636
0.491637
0.491637
0.491637
0.491637
0.491637
0.491638
0.491638
0.491638
0.491638
0.491639
0.491639
0.491639
0.491639
0.491639
0.491639
0.49164
0.49164
0.49164
0.49164
0.49164
0.49164
0.49164
0.49164
0.49164
0.491641
0.491641
0.491641
0.491641
0.491641
0.491641
0.491641
0.491641
0.491641
0.491641
0.491641
0.491641
0.491641
0.491641
0.491641
0.491641
0.491641
0.491641
0.49164
0.49164
0.49164
0.49164
0.49164
0.49164
0.49164
0.49164
0.49164
0.49164
0.49164
0.49164
0.49164
0.49164
0.49164
0.49164
0.49164
0.49164
0.49164
0.49164
0.49164
0.49164
0.49164
0.49164
0.49164
0.49164
0.49164
0.49164
0.49164
0.49164
0.49164
0.49164
0.49164
0.49164
0.491641
0.491641
0.491641
0.491641
0.491641
0.491641
0.491641
0.491641
0.491641
0.491641
0.491641
0.491641
0.49164
0.49164
0.49164
0.49164
0.49164
0.49164
0.49164
0.49164
0.49164
0.49164
0.49164
0.49164
0.49164
0.49164
0.49164
0.49164
0.49164
0.49164
0.49164
0.49164
0.49164
0.49164
0.49164
0.49164
0.49164
0.49164
0.49164
0.49164
0.49164
0.491641
0.491641
0.491641
0.491641
0.491641
0.491641
0.491641
0.491642
0.491642
0.491642
0.491642
0.491642
0.491642
0.491642
0.491643
0.491643
0.491643
0.491643
0.491643
0.491643
0.491643
0.491644
0.491644
0.491644
0.491644
0.491644
0.491644
0.491645
0.491645
0.491645
0.491645
0.491645
0.491645
0.491646
0.491646
0.491646
0.491646
0.491647
0.491647
0.491647
0.491648
0.491648
0.491648
0.491648
0.491648
0.491649
0.491649
0.491649
0.49165
0.49165
0.49165
0.491651
0.491651
0.491651
0.491652
0.491652
0.491652
0.491653
0.491653
0.491653
0.491654
0.491654
0.491654
0.491655
0.491655
0.491656
0.491656
0.491657
0.491657
0.491657
0.491658
0.491658
0.491659
0.49166
0.49166
0.491661
0.491661
0.491662
0.491662
0.491663
0.491663
0.491663
0.491664
0.491664
0.491665
0.491665
0.491666
0.491666
0.491667
0.491667
0.491668
0.491668
0.491669
0.491669
0.49167
0.49167
0.49167
0.491671
0.491671
0.491672
0.491672
0.491672
0.491673
0.491673
0.491674
0.491674
0.491674
0.491675
0.491675
0.491676
0.491676
0.491677
0.491677
0.491677
0.491677
0.491678
0.491678
0.491678
0.491679
0.491679
0.491679
0.491679
0.491679
0.49168
0.49168
0.49168
0.49168
0.49168
0.49168
0.491681
0.491681
0.491681
0.491681
0.491681
0.491681
0.491681
0.491681
0.491681
0.491681
0.491681
0.491681
0.491681
0.49168
0.49168
0.49168
0.49168
0.49168
0.491679
0.491679
0.491679
0.491679
0.491678
0.491678
0.491678
0.491677
0.491677
0.491677
0.491676
0.491676
0.491676
0.491675
0.491675
0.491674
0.491674
0.491674
0.491673
0.491673
0.491673
0.491673
0.491672
0.491672
0.491672
0.491671
0.491671
0.491671
0.491671
0.491671
0.49167
0.49167
0.49167
0.49167
0.49167
0.49167
0.491669
0.491669
0.491669
0.491669
0.491669
0.491669
0.491669
0.491668
0.491668
0.491668
0.491668
0.491668
0.491668
0.491668
0.491667
0.491667
0.491667
0.491667
0.491667
0.491667
0.491667
0.491666
0.491666
0.491666
0.491666
0.491666
0.491666
0.491666
0.491666
0.491666
0.491666
0.491666
0.491666
0.491666
0.491666
0.491666
0.491666
0.491667
0.491667
0.491667
0.491667
0.491667
0.491668
0.491668
0.491668
0.491669
0.491669
0.491669
0.491669
0.49167
0.49167
0.49167
0.49167
0.49167
0.49167
0.491671
0.491671
0.491671
0.491671
0.491671
0.491671
0.491671
0.491672
0.491672
0.491672
0.491672
0.491672
0.491673
0.491673
0.491673
0.491673
0.491673
0.491673
0.491673
0.491674
0.491674
0.491674
0.491674
0.491674
0.491674
0.491674
0.491674
0.491674
0.491675
0.491675
0.491675
0.491675
0.491675
0.491675
0.491675
0.491675
0.491676
0.491676
0.491676
0.491676
0.491676
0.491677
0.491677
0.491677
0.491677
0.491678
0.491678
0.491678
0.491678
0.491679
0.491679
0.491679
0.491679
0.491679
0.49168
0.49168
0.49168
0.49168
0.49168
0.49168
0.491681
0.491681
0.491681
0.491681
0.491681
0.491681
0.491682
0.491682
0.491682
0.491682
0.491682
0.491682
0.491683
0.491683
0.491683
0.491683
0.491683
0.491683
0.491684
0.491684
0.491684
0.491684
0.491684
0.491684
0.491684
0.491684
0.491685
0.491685
0.491685
0.491685
0.491685
0.491685
0.491685
0.491685
0.491686
0.491686
0.491686
0.491686
0.491686
0.491686
0.491686
0.491686
0.491686
0.491686
0.491686
0.491686
0.491686
0.491686
0.491686
0.491686
0.491686
0.491686
0.491686
0.491686
0.491686
0.491686
0.491686
0.491686
0.491686
0.491686
0.491686
0.491686
0.491686
0.491686
0.491686
0.491686
0.491685
0.491685
0.491685
0.491685
0.491685
0.491685
0.491685
0.491685
0.491685
0.491684
0.491684
0.491684
0.491684
0.491684
0.491684
0.491684
0.491684
0.491684
0.491684
0.491683
0.491683
0.491683
0.491683
0.491683
0.491683
0.491683
0.491683
0.491683
0.491683
0.491682
0.491682
0.491682
0.491682
0.491682
0.491682
0.491682
0.491682
0.491682
0.491682
0.491682
0.491682
0.491682
0.491682
0.491682
0.491682
0.491682
0.491681
0.491681
0.491681
0.491681
0.491681
0.491681
0.49168
0.49168
0.49168
0.491679
0.491679
0.491679
0.491678
0.491678
0.491677
0.491677
0.491677
0.491676
0.491676
0.491675
0.491675
0.491674
0.491674
0.491673
0.491673
0.491672
0.491672
0.491671
0.491671
0.49167
0.49167
0.491669
0.491669
0.491668
0.491667
0.491667
0.491666
0.491665
0.491665
0.491664
0.491663
0.491663
0.491662
0.491661
0.491661
0.49166
0.491659
0.491658
0.491658
0.491657
0.491656
0.491655
0.491655
0.491654
0.491653
0.491652
0.491651
0.49165
0.491649
0.491648
0.491647
0.491646
0.491645
0.491644
0.491643
0.491642
0.491641
0.49164
0.491639
0.491638
0.491637
0.491636
0.491635
0.491634
0.491633
0.491632
0.491631
0.49163
0.491629
0.491628
0.491627
0.491626
0.491624
0.491623
0.491622
0.491621
0.49162
0.491619
0.491618
0.491617
0.491616
0.491615
0.491614
0.491613
0.491612
0.491611
0.49161
0.491609
0.491608
0.491607
0.491606
0.491605
0.491604
0.491603
0.491602
0.4916
0.491599
0.491598
0.491597
0.491596
0.491595
0.491594
0.491609
0.491621
0.491634
0.491647
0.49166
0.49167
0.491683
0.491694
0.491707
0.491715
0.491726
0.491738
0.491745
0.491756
0.49177
0.491777
0.491787
0.491794
0.491803
0.491812
0.491817
0.491826
0.49184
0.491846
0.491854
0.491863
0.491873
0.491879
0.491888
0.491902
0.49191
0.491918
0.491924
0.491933
0.491939
0.491943
0.491949
0.491955
0.491961
0.491969
0.491974
0.491979
0.491986
0.491988
0.491991
0.491994
0.492003
0.492006
0.492006
0.492009
0.492009
0.492012
0.492017
0.492015
0.492015
0.492015
0.492014
0.492011
0.492008
0.492005
0.492006
0.492002
0.491995
0.491992
0.491991
0.491984
0.491975
0.49197
0.491967
0.491958
0.491944
0.491935
0.491922
0.491915
0.491898
0.491891
0.491882
0.491873
0.491864
0.491854
0.491845
0.491831
0.491823
0.491814
0.491798
0.491782
0.491761
0.491742
0.49172
0.491687
0.491662
0.491636
0.491609
0.49158
0.491562
0.491533
0.49151
0.491484
0.491458
0.491423
0.491394
0.49136
0.491326
0.491296
0.491263
0.491232
0.491201
0.491167
0.491131
0.4911
0.491063
0.491027
0.490991
0.490959
0.490922
0.490886
0.490844
0.490798
0.490746
0.490698
0.490655
0.490613
0.490571
0.490528
0.490484
0.490437
0.49039
0.490345
0.490299
0.49024
0.490184
0.490122
0.490064
0.490011
0.489961
0.489897
0.489832
0.489768
0.489702
0.489639
0.48958
0.489519
0.489453
0.489399
0.489345
0.489284
0.489222
0.489155
0.489083
0.489009
0.488949
0.488889
0.488811
0.488735
0.488652
0.488575
0.488501
0.488428
0.488354
0.488275
0.488196
0.48812
0.488043
0.487969
0.487891
0.487812
0.487736
0.48766
0.487593
0.487529
0.487456
0.48738
0.487305
0.487232
0.487155
0.487013
0.486949
0.486892
0.486831
0.486755
0.486683
0.486611
0.48655
0.486499
0.486436
0.486369
0.486304
0.486251
0.486197
0.486141
0.486084
0.486037
0.485977
0.485917
0.48586
0.485806
0.485763
0.485711
0.485655
0.485602
0.485549
0.48549
0.485437
0.485386
0.485334
0.485286
0.485226
0.485173
0.485084
0.485045
0.485001
0.484957
0.484909
0.484814
0.484765
0.484719
0.484668
0.484622
0.484579
0.484495
0.484454
0.484407
0.484357
0.484316
0.484228
0.484194
0.484156
0.484118
0.484083
0.484048
0.484017
0.483955
0.483924
0.483895
0.483868
0.483839
0.483815
0.48379
0.483762
0.48374
0.483715
0.483693
0.483668
0.48365
0.483631
0.483608
0.483594
0.483575
0.483559
0.483542
0.483524
0.483504
0.483489
0.483471
0.483455
0.483439
0.483423
0.483407
0.483391
0.483374
0.483355
0.483339
0.48331
0.483297
0.483285
0.483268
0.483249
0.483232
0.483195
0.483177
0.483157
0.483139
0.483115
0.4831
0.483079
0.483055
0.483035
0.483021
0.483002
0.482987
0.482968
0.48296
0.482951
0.482939
0.48292
0.482907
0.482896
0.48288
0.482868
0.482855
0.482841
0.482827
0.482814
0.4828
0.482782
0.482768
0.482743
0.48273
0.482711
0.482698
0.482686
0.482667
0.482651
0.482636
0.482616
0.482596
0.482573
0.482556
0.482531
0.482511
0.482486
0.482461
0.482439
0.482415
0.482393
0.48237
0.482345
0.482318
0.482296
0.48227
0.482244
0.482218
0.482192
0.48217
0.482148
0.482123
0.482094
0.482066
0.48204
0.482012
0.481988
0.481967
0.481942
0.481914
0.481888
0.481858
0.481829
0.481799
0.481766
0.481738
0.481706
0.481677
0.481644
0.481615
0.481583
0.481547
0.481516
0.481486
0.481454
0.481423
0.481394
0.481361
0.481325
0.481289
0.481253
0.481219
0.481186
0.481155
0.481117
0.481087
0.481052
0.48101
0.480973
0.480931
0.480899
0.480856
0.480815
0.480777
0.480734
0.480687
0.480642
0.4806
0.480556
0.480512
0.480464
0.480419
0.480375
0.480328
0.48028
0.480232
0.480189
0.480141
0.48009
0.480036
0.479983
0.479929
0.479876
0.479829
0.479779
0.479728
0.479678
0.479627
0.479573
0.479523
0.479472
0.479422
0.479365
0.47931
0.479252
0.479194
0.479136
0.479079
0.479019
0.47896
0.478903
0.478841
0.478784
0.478724
0.478672
0.47861
0.478547
0.47848
0.478407
0.478341
0.478268
0.478208
0.478149
0.47809
0.478029
0.477958
0.477889
0.477823
0.477748
0.477673
0.477599
0.477524
0.477458
0.477402
0.47734
0.477278
0.4772
0.477126
0.477062
0.476979
0.476908
0.47684
0.476767
0.47662
0.476557
0.476479
0.476347
0.476269
0.476213
0.476143
0.476075
0.476022
0.475967
0.475908
0.475846
0.475785
0.475709
0.475639
0.475575
0.475518
0.475466
0.475414
0.475355
0.475301
0.475246
0.47519
0.475134
0.475081
0.475033
0.474982
0.474929
0.474874
0.474822
0.474766
0.474721
0.474675
0.474632
0.474585
0.474549
0.474513
0.474473
0.474432
0.47439
0.474347
0.474299
0.474252
0.474203
0.474149
0.474104
0.474059
0.474011
0.473967
0.47393
0.47389
0.473852
0.473811
0.473771
0.473732
0.473696
0.473659
0.473621
0.473583
0.473554
0.473518
0.473484
0.473455
0.473421
0.473388
0.473349
0.473315
0.473285
0.473255
0.473222
0.473196
0.473169
0.473145
0.473116
0.473085
0.473063
0.473036
0.473014
0.472989
0.472964
0.472935
0.472913
0.472889
0.472867
0.472849
0.472825
0.472807
0.472784
0.47276
0.472741
0.472722
0.472705
0.472693
0.472673
0.472661
0.47265
0.472633
0.47262
0.472605
0.472595
0.472591
0.472586
0.47258
0.47257
0.472567
0.472557
0.472552
0.472539
0.472538
0.472537
0.472534
0.472526
0.472522
0.472517
0.472518
0.472515
0.472516
0.472523
0.472527
0.472531
0.472533
0.472537
0.472546
0.472554
0.472563
0.472576
0.47259
0.472602
0.472614
0.472624
0.472634
0.472649
0.472661
0.472673
0.47269
0.472704
0.472715
0.472731
0.472743
0.472751
0.472765
0.472777
0.47279
0.472804
0.472819
0.472832
0.472844
0.47286
0.47287
0.472882
0.472892
0.47291
0.472926
0.472944
0.472961
0.472979
0.472993
0.47301
0.473026
0.473043
0.473061
0.473079
0.473093
0.47311
0.473128
0.47314
0.473162
0.473179
0.473197
0.473212
0.473228
0.473243
0.473262
0.473279
0.473292
0.473314
0.47333
0.473349
0.473364
0.473381
0.473396
0.473412
0.473424
0.47344
0.473459
0.473475
0.473493
0.473514
0.473529
0.473546
0.473564
0.473581
0.473602
0.47362
0.473633
0.473651
0.47367
0.473692
0.473707
0.473728
0.473748
0.473765
0.473783
0.473803
0.473821
0.473835
0.47385
0.473864
0.473879
0.473888
0.473906
0.473917
0.473934
0.473947
0.473957
0.473968
0.473979
0.47399
0.473997
0.474006
0.474013
0.474021
0.474032
0.474041
0.474047
0.474059
0.474065
0.474071
0.474075
0.474083
0.474094
0.474101
0.474102
0.474101
0.474101
0.474106
0.474105
0.474106
0.474105
0.474112
0.474112
0.474115
0.474117
0.474111
0.474106
0.474102
0.474096
0.474097
0.474098
0.474096
0.474091
0.474088
0.474085
0.474078
0.474067
0.474058
0.474047
0.474035
0.474025
0.474013
0.474004
0.473994
0.473977
0.47397
0.473963
0.473956
0.473947
0.473944
0.473935
0.47393
0.473925
0.473922
0.473916
0.473913
0.473906
0.473902
0.473896
0.47389
0.473885
0.473878
0.47387
0.473863
0.473859
0.473854
0.473845
0.473843
0.473839
0.473834
0.473826
0.473825
0.473827
0.47382
0.473811
0.473805
0.473798
0.473787
0.47378
0.473771
0.47376
0.47375
0.473743
0.473736
0.473729
0.473718
0.47371
0.473703
0.473696
0.473687
0.47368
0.473673
0.473668
0.473662
0.473658
0.473653
0.473646
0.473635
0.47363
0.473625
0.473617
0.473611
0.473605
0.4736
0.47359
0.473587
0.473578
0.473573
0.473569
0.473563
0.473558
0.473551
0.473542
0.473536
0.47353
0.473522
0.473515
0.473508
0.473499
0.473492
0.473483
0.473472
0.473459
0.473445
0.473433
0.473422
0.473411
0.473401
0.473386
0.473374
0.473361
0.473346
0.473332
0.473314
0.473298
0.47328
0.473261
0.473243
0.473228
0.473218
0.473202
0.473183
0.473168
0.473149
0.47313
0.473111
0.473088
0.473069
0.473048
0.473026
0.473003
0.472983
0.472964
0.472941
0.472917
0.472895
0.47287
0.472844
0.472813
0.472785
0.472758
0.472726
0.472698
0.472679
0.472647
0.472623
0.472596
0.472562
0.472528
0.472495
0.472462
0.472428
0.472394
0.472359
0.47233
0.472298
0.472266
0.472233
0.472196
0.472162
0.472129
0.472095
0.472061
0.472032
0.472005
0.471969
0.471937
0.471904
0.471871
0.471829
0.471793
0.471758
0.471723
0.471693
0.471661
0.471629
0.47159
0.471553
0.471517
0.471484
0.471455
0.471422
0.471393
0.471359
0.47133
0.47129
0.471249
0.471218
0.471182
0.471153
0.47112
0.471081
0.471042
0.471005
0.470973
0.47094
0.470904
0.470871
0.47084
0.470805
0.470774
0.470745
0.47071
0.470681
0.470649
0.470614
0.470578
0.470548
0.47052
0.470495
0.470464
0.470436
0.470402
0.470368
0.470336
0.470313
0.470287
0.470263
0.47024
0.470216
0.470189
0.470165
0.470146
0.470115
0.47009
0.470065
0.47004
0.470018
0.469998
0.469976
0.469953
0.46993
0.46991
0.46989
0.469866
0.469843
0.469822
0.469801
0.469777
0.469756
0.469735
0.469713
0.469695
0.469673
0.469654
0.469635
0.469616
0.469597
0.469578
0.469565
0.469549
0.469533
0.46952
0.469506
0.469492
0.469478
0.469467
0.469455
0.469444
0.469432
0.469418
0.469409
0.469394
0.469382
0.46937
0.469358
0.469346
0.469331
0.469318
0.469303
0.469288
0.469275
0.469257
0.469244
0.469228
0.469213
0.469199
0.469186
0.469173
0.469157
0.469141
0.469124
0.469113
0.4691
0.469089
0.469081
0.469069
0.469061
0.469049
0.469041
0.46903
0.469021
0.469014
0.469006
0.469001
0.468989
0.46898
0.468973
0.468962
0.468952
0.468944
0.468934
0.468922
0.468914
0.4689
0.468889
0.468878
0.468866
0.468857
0.468844
0.468828
0.468815
0.468806
0.468793
0.468781
0.468768
0.468757
0.468744
0.468734
0.46872
0.468711
0.468697
0.468691
0.468676
0.468667
0.468652
0.468641
0.468631
0.468619
0.468606
0.468595
0.468581
0.468568
0.468556
0.468541
0.468527
0.468509
0.468487
0.468469
0.468448
0.468427
0.468404
0.468386
0.468365
0.468345
0.468321
0.468301
0.46828
0.468262
0.46824
0.468219
0.4682
0.468184
0.468161
0.468143
0.468116
0.468092
0.468061
0.468041
0.468017
0.467996
0.467974
0.467952
0.467932
0.467912
0.467892
0.467872
0.467857
0.467842
0.467827
0.467808
0.467795
0.467783
0.46777
0.467755
0.467739
0.467726
0.467713
0.467698
0.467685
0.467671
0.467656
0.467639
0.467623
0.467615
0.467601
0.467584
0.46757
0.467555
0.467543
0.467528
0.467513
0.467499
0.467488
0.467471
0.46746
0.46745
0.467438
0.467425
0.467413
0.467396
0.467382
0.467369
0.467355
0.467338
0.467325
0.46731
0.467296
0.467285
0.467277
0.467266
0.467257
0.467248
0.467245
0.467238
0.467228
0.467223
0.467217
0.467212
0.467205
0.467203
0.4672
0.467198
0.467195
0.467196
0.467192
0.467191
0.467191
0.467189
0.467186
0.467191
0.467196
0.467195
0.467199
0.4672
0.4672
0.467197
0.467198
0.467194
0.467193
0.467191
0.467189
0.46719
0.467192
0.467197
0.467197
0.467199
0.467198
0.467204
0.467208
0.46721
0.467212
0.467222
0.467232
0.467244
0.467252
0.467264
0.467277
0.467292
0.467324
0.467341
0.46736
0.467383
0.467403
0.467425
0.467449
0.467464
0.46748
0.467528
0.467543
0.467572
0.467591
0.46761
0.467638
0.467657
0.467682
0.46771
0.46773
0.46775
0.467771
0.467791
0.467813
0.467834
0.467856
0.467875
0.467894
0.467915
0.467935
0.467953
0.467976
0.467997
0.468017
0.468035
0.468057
0.468078
0.468097
0.468118
0.468141
0.46816
0.468184
0.4682
0.46822
0.468242
0.468256
0.468281
0.468295
0.468322
0.468344
0.46836
0.468384
0.468395
0.468414
0.468435
0.468449
0.468469
0.468483
0.468507
0.468522
0.468542
0.46856
0.468575
0.46859
0.46861
0.46863
0.468648
0.468666
0.468689
0.468709
0.468732
0.468755
0.468774
0.468796
0.468816
0.468836
0.468851
0.468868
0.468883
0.468897
0.468906
0.468915
0.468922
0.468933
0.46894
0.468951
0.468956
0.468966
0.468972
0.468979
0.468985
0.468991
0.469
0.469009
0.469015
0.469017
0.469026
0.469032
0.469038
0.469048
0.46905
0.469059
0.469066
0.469069
0.469077
0.469079
0.469083
0.469085
0.469086
0.469091
0.469091
0.469093
0.469089
0.469096
0.469099
0.469091
0.469091
0.469093
0.469099
0.4691
0.469107
0.469109
0.46911
0.469114
0.469117
0.469117
0.469117
0.469118
0.469121
0.469119
0.469118
0.469115
0.469113
0.469114
0.469112
0.469107
0.469103
0.469098
0.469096
0.46909
0.469082
0.469081
0.469079
0.469081
0.469083
0.46908
0.469079
0.469085
0.469079
0.469075
0.469073
0.469069
0.469073
0.469072
0.469068
0.469062
0.469056
0.469047
0.469038
0.469031
0.469017
0.469007
0.468996
0.468981
0.468972
0.468953
0.468939
0.468925
0.468905
0.468894
0.468876
0.468857
0.468833
0.468807
0.468786
0.468762
0.468736
0.468697
0.468659
0.468615
0.468579
0.468489
0.468445
0.468385
0.468329
0.468283
0.468242
0.468183
0.468145
0.468083
0.46802
0.467954
0.467888
0.467827
0.467776
0.467717
0.467667
0.467597
0.467527
0.467454
0.467382
0.467313
0.467237
0.46718
0.467112
0.467058
0.466999
0.466928
0.466816
0.466764
0.466717
0.466661
0.466614
0.466575
0.466537
0.466494
0.466453
0.466412
0.466373
0.466336
0.466302
0.466267
0.466238
0.466212
0.466186
0.466163
0.466141
0.466126
0.466105
0.466092
0.466078
0.466068
0.466052
0.466048
0.46604
0.466035
0.466032
0.466028
0.466025
0.466026
0.466025
0.466023
0.466023
0.466021
0.466019
0.466021
0.466023
0.466029
0.466028
0.466035
0.466041
0.466045
0.466053
0.466063
0.466067
0.466071
0.466079
0.466083
0.466088
0.466089
0.466097
0.466098
0.466102
0.466103
0.466105
0.466106
0.466107
0.466109
0.466112
0.466114
0.466113
0.466115
0.466117
0.466121
0.466124
0.466124
0.466127
0.466127
0.466131
0.466135
0.466139
0.46614
0.46614
0.466144
0.466146
0.466154
0.466159
0.466161
0.46617
0.466172
0.466178
0.466184
0.466193
0.4662
0.466206
0.466216
0.466223
0.466233
0.46624
0.466246
0.466256
0.466264
0.466278
0.466289
0.4663
0.466315
0.466326
0.466338
0.466345
0.466357
0.466365
0.46638
0.466388
0.466404
0.466412
0.466425
0.466436
0.466449
0.466457
0.46647
0.466479
0.466492
0.466505
0.466518
0.466531
0.466544
0.466554
0.466572
0.466585
0.466598
0.466615
0.466633
0.466646
0.466659
0.466673
0.466686
0.466703
0.466717
0.46673
0.466748
0.466769
0.466786
0.4668
0.466821
0.466838
0.466859
0.466884
0.466906
0.46693
0.466951
0.466977
0.467003
0.467032
0.467061
0.467087
0.467113
0.467142
0.467172
0.467209
0.467236
0.467275
0.46731
0.467349
0.467385
0.46742
0.467454
0.467486
0.467526
0.467565
0.467608
0.467648
0.467695
0.467743
0.467794
0.467841
0.467892
0.46794
0.467986
0.468036
0.468087
0.468137
0.468192
0.46825
0.468301
0.46836
0.468419
0.468484
0.468553
0.468615
0.468691
0.46876
0.468829
0.468902
0.468967
0.469047
0.469113
0.469185
0.469261
0.469341
0.469421
0.469503
0.469595
0.469681
0.469776
0.469864
0.469946
0.470035
0.470127
0.470219
0.470314
0.470404
0.470502
0.470597
0.470698
0.470796
0.470898
0.470988
0.471092
0.471188
0.471292
0.471395
0.471509
0.471629
0.471742
0.471855
0.471964
0.47205
0.472168
0.472283
0.472409
0.472538
0.472657
0.472765
0.472854
0.47297
0.473093
0.473217
0.473352
0.473592
0.473692
0.473787
0.473909
0.474005
0.474109
0.474211
0.474317
0.474417
0.474506
0.474606
0.474695
0.474814
0.474933
0.475064
0.475166
0.475264
0.475361
0.475461
0.475556
0.475654
0.475748
0.475841
0.475931
0.476024
0.476123
0.476219
0.476301
0.476385
0.476489
0.476591
0.476701
0.476791
0.47688
0.476956
0.47704
0.477127
0.47721
0.47728
0.477351
0.477431
0.477511
0.47759
0.477667
0.477735
0.477806
0.477876
0.477947
0.478021
0.478095
0.478164
0.478231
0.478299
0.47837
0.478454
0.478521
0.478583
0.478631
0.478696
0.478759
0.47882
0.478885
0.478945
0.479003
0.479063
0.479131
0.479186
0.479245
0.479293
0.479345
0.479399
0.479453
0.479513
0.479567
0.479617
0.479666
0.479709
0.479756
0.479813
0.479862
0.479918
0.479964
0.480007
0.480042
0.480083
0.480126
0.480172
0.480217
0.480265
0.480309
0.480352
0.480397
0.480449
0.480492
0.480543
0.480592
0.480636
0.480681
0.480731
0.480773
0.480822
0.480866
0.480906
0.480944
0.480989
0.481034
0.481087
0.481132
0.481177
0.481215
0.481258
0.481287
0.481326
0.481365
0.481409
0.481451
0.481491
0.481527
0.481565
0.481605
0.481641
0.48168
0.481721
0.481754
0.481786
0.481823
0.481854
0.481894
0.481926
0.481959
0.481988
0.482015
0.482046
0.482082
0.482122
0.482156
0.482193
0.482221
0.482254
0.482282
0.482314
0.482344
0.482376
0.482409
0.482433
0.48246
0.482485
0.482512
0.48254
0.482567
0.482585
0.482617
0.482646
0.482672
0.482695
0.482713
0.482728
0.482748
0.482769
0.482793
0.482811
0.482832
0.482838
0.482852
0.48287
0.482878
0.482892
0.482901
0.482911
0.482916
0.48293
0.482935
0.482941
0.482944
0.482947
0.482952
0.482962
0.482967
0.482979
0.482982
0.482984
0.482988
0.482998
0.483004
0.483011
0.48301
0.483013
0.483021
0.483026
0.483034
0.48303
0.483035
0.483042
0.483049
0.483056
0.48305
0.483053
0.483051
0.483049
0.483044
0.483045
0.48304
0.483033
0.483033
0.483029
0.483028
0.483023
0.483033
0.483036
0.483034
0.483027
0.483021
0.483015
0.483011
0.483007
0.483001
0.482994
0.482992
0.482982
0.482964
0.482955
0.482957
0.482953
0.482943
0.482928
0.482922
0.482921
0.482909
0.4829
0.482899
0.482897
0.482892
0.482884
0.482885
0.482884
0.482879
0.482871
0.482864
0.482864
0.482859
0.482853
0.482852
0.482849
0.48284
0.482828
0.482816
0.482816
0.482813
0.482806
0.482791
0.482785
0.482777
0.48277
0.482767
0.482767
0.482759
0.482741
0.482736
0.48273
0.482728
0.482723
0.48272
0.48272
0.482721
0.482723
0.482726
0.482721
0.482721
0.482731
0.482731
0.482729
0.482727
0.482738
0.48274
0.482739
0.48274
0.482739
0.482743
0.482741
0.482743
0.482741
0.482733
0.482726
0.482728
0.482722
0.48271
0.4827
0.482695
0.482689
0.482676
0.48267
0.482653
0.482644
0.482633
0.482622
0.482612
0.482593
0.482583
0.482571
0.482559
0.482545
0.482531
0.482516
0.4825
0.482491
0.482473
0.482461
0.482451
0.482434
0.482412
0.482389
0.482368
0.482345
0.48232
0.482299
0.482281
0.482259
0.482239
0.482216
0.482188
0.482168
0.482152
0.482131
0.482112
0.482086
0.482072
0.482054
0.482039
0.48202
0.482
0.481984
0.481975
0.481956
0.481941
0.481919
0.481906
0.48189
0.48187
0.481857
0.481846
0.481841
0.481832
0.481813
0.481793
0.481771
0.481749
0.48173
0.481714
0.481699
0.48168
0.481665
0.481644
0.481623
0.481603
0.481579
0.481564
0.481551
0.481531
0.48152
0.481504
0.481488
0.481476
0.481472
0.481456
0.481454
0.48145
0.481435
0.481434
0.481439
0.481444
0.481443
0.481449
0.481448
0.481452
0.481449
0.481449
0.48145
0.481456
0.481463
0.481473
0.48148
0.481479
0.481479
0.481484
0.481484
0.481477
0.481479
0.481481
0.481479
0.481482
0.481481
0.48148
0.481479
0.481481
0.481483
0.481483
0.481482
0.481477
0.481471
0.481461
0.481465
0.481459
0.481449
0.481442
0.481429
0.481416
0.481399
0.481379
0.481366
0.481349
0.481331
0.481314
0.481299
0.481285
0.481274
0.48126
0.481245
0.481227
0.481212
0.481194
0.481186
0.481171
0.481159
0.481147
0.481139
0.481127
0.481119
0.48111
0.481101
0.481089
0.481077
0.481072
0.48106
0.481047
0.481042
0.481029
0.48102
0.481007
0.48099
0.480977
0.480964
0.480954
0.480937
0.480923
0.480917
0.48091
0.480899
0.480892
0.480878
0.480864
0.48085
0.480832
0.480818
0.480801
0.480783
0.480765
0.480751
0.480736
0.480729
0.480715
0.480697
0.480679
0.480665
0.480655
0.480637
0.480623
0.480609
0.480595
0.480584
0.480577
0.480567
0.48056
0.480549
0.480539
0.480531
0.480524
0.480513
0.480503
0.480496
0.480489
0.480482
0.480475
0.480467
0.48046
0.480456
0.480449
0.480441
0.480433
0.480426
0.480421
0.480414
0.480406
0.480401
0.480397
0.480385
0.48038
0.480371
0.480362
0.480353
0.480344
0.480331
0.480322
0.480309
0.480295
0.480286
0.480276
0.480262
0.480252
0.480239
0.480228
0.480218
0.480204
0.480197
0.480183
0.480176
0.480166
0.480156
0.480149
0.480142
0.480135
0.480129
0.480119
0.480116
0.480109
0.4801
0.480094
0.480086
0.480076
0.480071
0.480069
0.480067
0.480065
0.480063
0.480061
0.480059
0.480057
0.480055
0.480053
0.480051
0.480049
0.480047
0.480045
0.480043
0.480041
0.480039
0.480037
0.480035
0.480033
0.480032
0.48003
0.480028
0.480026
0.480024
0.480022
0.48002
0.480018
0.480016
0.480014
0.480013
0.480011
0.480009
0.480007
0.480005
0.480003
0.480002
0.48
0.479998
0.479996
0.479995
0.479993
0.479991
0.479989
0.479987
0.479986
0.479984
0.479982
0.47998
0.479979
0.479977
0.479975
0.479973
0.479972
0.47997
0.479968
0.479966
0.479965
0.479963
0.479961
0.47996
0.479958
0.479956
0.479955
0.479953
0.479952
0.47995
0.479948
0.479947
0.479945
0.479944
0.479942
0.47994
0.479939
0.479937
0.479935
0.479934
0.479932
0.47993
0.479929
0.479927
0.479926
0.479924
0.479922
0.479921
0.479919
0.479918
0.479916
0.479915
0.479913
0.479912
0.47991
0.479909
0.479907
0.479905
0.479904
0.479902
0.479901
0.479899
0.479897
0.479896
0.479894
0.479893
0.479891
0.47989
0.479888
0.479886
0.479885
0.479883
0.479882
0.47988
0.479879
0.479877
0.479876
0.479874
0.479873
0.479872
0.47987
0.479869
0.479867
0.479866
0.479865
0.479863
0.479862
0.479861
0.479859
0.479858
0.479857
0.479855
0.479854
0.479853
0.479851
0.47985
0.479849
0.479848
0.479846
0.479845
0.479844
0.479843
0.479842
0.47984
0.479839
0.479838
0.479837
0.479836
0.479834
0.479833
0.479832
0.479831
0.479829
0.479828
0.479827
0.479826
0.479824
0.479823
0.479822
0.479821
0.47982
0.479818
0.479817
0.479816
0.479815
0.479813
0.479812
0.479811
0.47981
0.479809
0.479807
0.479806
0.479805
0.479804
0.479803
0.479801
0.4798
0.479799
0.479798
0.479797
0.479796
0.479794
0.479793
0.479792
0.479791
0.47979
0.479789
0.479788
0.479786
0.479785
0.479784
0.479783
0.479782
0.479781
0.47978
0.479778
0.479777
0.479776
0.479775
0.479774
0.479773
0.479772
0.479771
0.47977
0.479768
0.479767
0.479766
0.479765
0.479764
0.479763
0.479761
0.47976
0.479759
0.479758
0.479757
0.479755
0.479754
0.479753
0.479752
0.479751
0.47975
0.479748
0.479747
0.479746
0.479745
0.479743
0.479742
0.479741
0.47974
0.479739
0.479738
0.479736
0.479735
0.479734
0.479733
0.479732
0.47973
0.479729
0.479728
0.479727
0.479726
0.479724
0.479723
0.479722
0.479721
0.47972
0.479719
0.479717
0.479716
0.479715
0.479714
0.479713
0.479711
0.47971
0.479709
0.479708
0.479707
0.479706
0.479705
0.479703
0.479702
0.479701
0.4797
0.479699
0.479698
0.479697
0.479696
0.479695
0.479694
0.479693
0.479692
0.479691
0.47969
0.479689
0.479688
0.479687
0.479686
0.479685
0.479685
0.479684
0.479683
0.479681
0.47968
0.479679
0.479678
0.479677
0.479676
0.479675
0.479674
0.479673
0.479672
0.479671
0.47967
0.479669
0.479668
0.479667
0.479666
0.479666
0.479665
0.479664
0.479663
0.479662
0.479661
0.47966
0.479659
0.479658
0.479657
0.479656
0.479656
0.479655
0.479654
0.479654
0.479653
0.479652
0.479652
0.479651
0.47965
0.47965
0.479649
0.479649
0.479648
0.479647
0.479647
0.479646
0.479646
0.479645
0.479645
0.479644
0.479644
0.479643
0.479643
0.479642
0.479642
0.479641
0.479641
0.479641
0.47964
0.47964
0.479639
0.479639
0.479639
0.479638
0.479638
0.479638
0.479637
0.479637
0.479637
0.479636
0.479636
0.479636
0.479635
0.479635
0.479635
0.479635
0.479635
0.479634
0.479634
0.479634
0.479634
0.479634
0.479633
0.479633
0.479633
0.479633
0.479633
0.479632
0.479632
0.479632
0.479632
0.479631
0.479631
0.479631
0.479631
0.479631
0.47963
0.47963
0.47963
0.47963
0.47963
0.479629
0.479629
0.479629
0.479629
0.479629
0.479628
0.479628
0.479628
0.479628
0.479627
0.479627
0.479627
0.479626
0.479626
0.479626
0.479625
0.479625
0.479625
0.479624
0.479624
0.479624
0.479623
0.479623
0.479622
0.479622
0.479621
0.479621
0.479621
0.47962
0.47962
0.479619
0.479619
0.479618
0.479618
0.479617
0.479617
0.479617
0.479616
0.479616
0.479615
0.479615
0.479615
0.479614
0.479614
0.479613
0.479613
0.479613
0.479612
0.479612
0.479611
0.479611
0.47961
0.47961
0.479609
0.479609
0.479608
0.479608
0.479608
0.479607
0.479607
0.479606
0.479605
0.479605
0.479604
0.479604
0.479603
0.479602
0.479602
0.479601
0.479601
0.4796
0.4796
0.479599
0.479598
0.479598
0.479597
0.479597
0.479596
0.479595
0.479595
0.479594
0.479593
0.479593
0.479592
0.479591
0.479591
0.47959
0.479589
0.479589
0.479588
0.479587
0.479586
0.479586
0.479585
0.479584
0.479583
0.479583
0.479582
0.479581
0.47958
0.479579
0.479578
0.479578
0.479577
0.479576
0.479575
0.479574
0.479573
0.479572
0.479571
0.479571
0.47957
0.479569
0.479568
0.479567
0.479566
0.479565
0.479564
0.479563
0.479562
0.479561
0.47956
0.479559
0.479559
0.479558
0.479557
0.479556
0.479555
0.479554
0.479553
0.479552
0.479551
0.47955
0.479549
0.479548
0.479547
0.479546
0.479545
0.479544
0.479543
0.479542
0.479541
0.47954
0.479539
0.479538
0.479537
0.479536
0.479535
0.479534
0.479533
0.479532
0.479531
0.479531
0.47953
0.479529
0.479528
0.479527
0.479526
0.479525
0.479525
0.479524
0.479523
0.479522
0.479521
0.479521
0.47952
0.479519
0.479519
0.479518
0.479517
0.479516
0.479516
0.479515
0.479514
0.479514
0.479513
0.479512
0.479512
0.479511
0.47951
0.47951
0.479509
0.479509
0.479508
0.479507
0.479507
0.479506
0.479506
0.479505
0.479504
0.479504
0.479503
0.479503
0.479502
0.479501
0.479501
0.4795
0.4795
0.479499
0.479498
0.479498
0.479497
0.479496
0.479496
0.479495
0.479494
0.479494
0.479493
0.479492
0.479492
0.479491
0.47949
0.479489
0.479489
0.479488
0.479487
0.479486
0.479486
0.479485
0.479484
0.479483
0.479482
0.479481
0.479481
0.47948
0.479479
0.479478
0.479478
0.479477
0.479476
0.479475
0.479475
0.479474
0.479473
0.479472
0.479472
0.479471
0.47947
0.47947
0.479469
0.479468
0.479468
0.479467
0.479467
0.479466
0.479466
0.479465
0.479464
0.479464
0.479463
0.479463
0.479462
0.479462
0.479461
0.479461
0.479461
0.47946
0.47946
0.479459
0.479459
0.479459
0.479458
0.479458
0.479457
0.479457
0.479457
0.479456
0.479456
0.479456
0.479455
0.479455
0.479455
0.479455
0.479454
0.479454
0.479454
0.479454
0.479453
0.479453
0.479453
0.479453
0.479453
0.479453
0.479453
0.479452
0.479452
0.479452
0.479452
0.479452
0.479452
0.479452
0.479452
0.479452
0.479452
0.479452
0.479452
0.479452
0.479452
0.479452
0.479453
0.479453
0.479453
0.479453
0.479454
0.479454
0.479454
0.479455
0.479455
0.479455
0.479456
0.479456
0.479456
0.479457
0.479457
0.479457
0.479458
0.479458
0.479458
0.479459
0.479459
0.479459
0.47946
0.47946
0.47946
0.479461
0.479461
0.479461
0.479462
0.479462
0.479462
0.479463
0.479463
0.479464
0.479464
0.479464
0.479465
0.479465
0.479465
0.479466
0.479466
0.479466
0.479467
0.479467
0.479467
0.479467
0.479468
0.479468
0.479468
0.479468
0.479469
0.479469
0.479469
0.47947
0.47947
0.47947
0.479471
0.479471
0.479471
0.479472
0.479472
0.479472
0.479473
0.479473
0.479473
0.479474
0.479474
0.479474
0.479475
0.479475
0.479475
0.479475
0.479476
0.479476
0.479476
0.479477
0.479477
0.479477
0.479478
0.479478
0.479478
0.479479
0.479479
0.47948
0.47948
0.479481
0.479481
0.479482
0.479482
0.479483
0.479483
0.479483
0.479484
0.479484
0.479485
0.479485
0.479486
0.479486
0.479487
0.479487
0.479488
0.479488
0.479489
0.479489
0.47949
0.47949
0.479491
0.479491
0.479492
0.479492
0.479493
0.479493
0.479493
0.479494
0.479494
0.479495
0.479495
0.479496
0.479496
0.479497
0.479497
0.479498
0.479498
0.479498
0.479499
0.479499
0.4795
0.4795
0.4795
0.479501
0.479501
0.479501
0.479502
0.479502
0.479503
0.479503
0.479503
0.479504
0.479504
0.479504
0.479505
0.479505
0.479505
0.479505
0.479506
0.479506
0.479506
0.479506
0.479506
0.479506
0.479506
0.479506
0.479506
0.479506
0.479506
0.479507
0.479507
0.479507
0.479507
0.479507
0.479507
0.479507
0.479507
0.479507
0.479507
0.479507
0.479507
0.479507
0.479507
0.479507
0.479507
0.479507
0.479507
0.479507
0.479507
0.479507
0.479507
0.479507
0.479507
0.479507
0.479507
0.479507
0.479507
0.479507
0.479507
0.479507
0.479507
0.479507
0.479507
0.479507
0.479507
0.479506
0.479506
0.479506
0.479506
0.479506
0.479506
0.479506
0.479506
0.479506
0.479506
0.479506
0.479505
0.479505
0.479505
0.479505
0.479505
0.479505
0.479505
0.479505
0.479505
0.479505
0.479505
0.479505
0.479505
0.479505
0.479505
0.479505
0.479505
0.479505
0.479505
0.479505
0.479505
0.479505
0.479505
0.479505
0.479505
0.479505
0.479505
0.479505
0.479505
0.479505
0.479505
0.479505
0.479505
0.479505
0.479506
0.479506
0.479506
0.479506
0.479506
0.479506
0.479506
0.479506
0.479507
0.479507
0.479507
0.479507
0.479507
0.479508
0.479508
0.479508
0.479479
0.479449
0.479425
0.479399
0.47937
0.479349
0.479324
0.479299
0.47928
0.479259
0.479239
0.479217
0.479196
0.479182
0.479161
0.479144
0.479126
0.479104
0.479085
0.479064
0.479046
0.479025
0.479006
0.478984
0.478966
0.478949
0.478931
0.478913
0.478892
0.478875
0.478859
0.478838
0.478822
0.478806
0.478794
0.478779
0.478763
0.478742
0.478727
0.478716
0.478701
0.478688
0.478675
0.478657
0.478647
0.478634
0.478615
0.478601
0.478588
0.478578
0.478564
0.47855
0.478537
0.478522
0.478509
0.478491
0.47848
0.478463
0.478446
0.478435
0.478414
0.478394
0.47838
0.47836
0.478342
0.47832
0.478299
0.478275
0.478256
0.478232
0.478208
0.478186
0.478162
0.478141
0.478117
0.478095
0.478071
0.47805
0.478028
0.478002
0.47798
0.477953
0.477931
0.477905
0.47788
0.477855
0.477829
0.477808
0.477781
0.477759
0.477738
0.477709
0.477684
0.477662
0.477633
0.477607
0.477577
0.477541
0.477506
0.477473
0.477443
0.477416
0.477384
0.477354
0.477319
0.477292
0.477267
0.477242
0.477211
0.477179
0.47714
0.477107
0.47708
0.477051
0.477028
0.476998
0.476978
0.476951
0.476922
0.476896
0.476863
0.476832
0.476796
0.476764
0.476721
0.476676
0.476648
0.476608
0.476572
0.476531
0.476487
0.476441
0.476402
0.476356
0.476311
0.476265
0.476227
0.476178
0.476135
0.476089
0.476036
0.475973
0.475908
0.475842
0.475777
0.475712
0.475662
0.475609
0.475555
0.475505
0.475451
0.475397
0.47534
0.475289
0.475231
0.475184
0.475136
0.475079
0.475021
0.474963
0.474903
0.474848
0.474797
0.474746
0.474696
0.47464
0.474584
0.474524
0.474464
0.4744
0.474344
0.474283
0.474234
0.474186
0.474132
0.474082
0.474032
0.473979
0.473925
0.473871
0.473816
0.473756
0.473697
0.473633
0.473572
0.473513
0.473453
0.473382
0.473312
0.473248
0.473176
0.473105
0.473044
0.472982
0.472921
0.472864
0.472803
0.472747
0.472686
0.472625
0.472562
0.4725
0.472441
0.472381
0.472319
0.472257
0.472194
0.472134
0.472069
0.472012
0.471963
0.47191
0.471861
0.471808
0.471748
0.471691
0.471633
0.47159
0.471554
0.471536
0.471537
0.471547
0.471568
0.471597
0.47163
0.471666
0.471698
0.471722
0.471738
0.471756
0.471765
0.471771
0.471773
0.471776
0.471776
0.471779
0.471779
0.47178
0.471783
0.471789
0.471796
0.471802
0.471811
0.471824
0.471841
0.471858
0.471875
0.471896
0.471916
0.471932
0.471947
0.471961
0.47197
0.47198
0.471986
0.471988
0.471995
0.471997
0.472
0.472007
0.472014
0.472022
0.472031
0.47204
0.472048
0.472057
0.472066
0.472073
0.472079
0.472081
0.472087
0.472089
0.472092
0.472097
0.472097
0.4721
0.472103
0.472106
0.472109
0.472108
0.472113
0.472119
0.472123
0.472126
0.472131
0.472138
0.472145
0.472153
0.472159
0.472166
0.472173
0.472177
0.472184
0.472189
0.472196
0.472201
0.472211
0.472216
0.472225
0.472236
0.472243
0.472253
0.472265
0.472275
0.472286
0.472312
0.472324
0.472333
0.472347
0.472356
0.472369
0.472381
0.472392
0.472404
0.472416
0.472428
0.472439
0.472451
0.472461
0.472488
0.472501
0.472512
0.472521
0.472534
0.472543
0.472556
0.472565
0.472575
0.472589
0.4726
0.472614
0.472624
0.472637
0.472647
0.472661
0.472672
0.472686
0.472696
0.472704
0.472718
0.472726
0.472739
0.472747
0.472759
0.472769
0.472777
0.472788
0.472796
0.472806
0.472817
0.472825
0.472835
0.472842
0.472852
0.472859
0.472869
0.472874
0.472884
0.472894
0.4729
0.47291
0.47292
0.472928
0.472938
0.472947
0.472957
0.472962
0.472971
0.472978
0.472986
0.472993
0.473003
0.473011
0.473017
0.473023
0.473027
0.473034
0.473038
0.473047
0.473054
0.473064
0.47307
0.473077
0.473084
0.473089
0.473097
0.473101
0.473105
0.473106
0.473111
0.473114
0.473117
0.473122
0.473125
0.473127
0.473133
0.473133
0.473139
0.473142
0.473143
0.473145
0.47315
0.473153
0.473153
0.473154
0.473154
0.473153
0.47315
0.473149
0.473146
0.473147
0.473145
0.473147
0.473144
0.473145
0.473143
0.473142
0.473141
0.473138
0.473137
0.473132
0.47313
0.473131
0.473127
0.473123
0.473119
0.473113
0.473112
0.473108
0.473104
0.473099
0.473094
0.473091
0.473087
0.47308
0.473073
0.473066
0.473059
0.473052
0.473046
0.473041
0.473034
0.473029
0.47302
0.473015
0.473006
0.472999
0.472989
0.472985
0.472978
0.472972
0.472967
0.472956
0.472948
0.472939
0.47293
0.472921
0.472909
0.472902
0.472893
0.472881
0.472871
0.472859
0.47285
0.472842
0.47283
0.472822
0.472815
0.472803
0.472795
0.472783
0.472772
0.472761
0.47275
0.472738
0.472725
0.472715
0.4727
0.47269
0.472678
0.472667
0.472659
0.472645
0.472633
0.472622
0.472612
0.472601
0.472585
0.472575
0.472561
0.472551
0.472537
0.472529
0.472516
0.472503
0.472493
0.47248
0.472467
0.472455
0.472442
0.472432
0.472419
0.472403
0.472392
0.47238
0.472372
0.472362
0.47235
0.472339
0.472323
0.472312
0.472301
0.472289
0.472275
0.472265
0.472255
0.472239
0.472229
0.472217
0.472203
0.472192
0.472181
0.472173
0.472163
0.472151
0.472141
0.472132
0.472121
0.472111
0.4721
0.472089
0.472078
0.472067
0.472057
0.472046
0.472034
0.472022
0.47201
0.471999
0.471989
0.471979
0.471967
0.471955
0.471945
0.471935
0.471925
0.471913
0.471902
0.471891
0.471882
0.471873
0.471862
0.471854
0.471845
0.471836
0.471828
0.47182
0.471813
0.471803
0.471794
0.471783
0.471772
0.471765
0.471756
0.471749
0.471738
0.471729
0.471719
0.47171
0.471702
0.471695
0.471685
0.471677
0.471671
0.471665
0.47166
0.471652
0.471646
0.471639
0.471633
0.471622
0.471612
0.471602
0.471594
0.471588
0.471579
0.471573
0.471566
0.471559
0.471551
0.471547
0.471543
0.471536
0.47153
0.471523
0.471517
0.471509
0.4715
0.471495
0.471486
0.47148
0.471471
0.471463
0.471455
0.471448
0.471442
0.471435
0.471427
0.47142
0.471413
0.471405
0.471396
0.471386
0.471374
0.471366
0.471355
0.471346
0.471336
0.471327
0.47132
0.47131
0.471303
0.471294
0.471284
0.471272
0.47126
0.47125
0.471238
0.471226
0.471213
0.471203
0.471192
0.471182
0.471171
0.471161
0.471149
0.471142
0.47113
0.471118
0.471106
0.471093
0.471081
0.47107
0.471064
0.47105
0.471038
0.471028
0.471013
0.470997
0.470987
0.470969
0.470955
0.470939
0.470927
0.470914
0.4709
0.470889
0.470871
0.470858
0.470844
0.470826
0.470812
0.470798
0.470781
0.470768
0.470754
0.470738
0.470723
0.470708
0.470694
0.470674
0.470658
0.470642
0.470626
0.47061
0.470594
0.470576
0.470555
0.470537
0.470518
0.470495
0.470476
0.470459
0.470439
0.470421
0.470402
0.470381
0.470361
0.470342
0.470317
0.470298
0.470278
0.470257
0.470239
0.470218
0.470195
0.470174
0.470148
0.470126
0.470105
0.470083
0.470063
0.470042
0.470023
0.469999
0.469978
0.469955
0.469932
0.469912
0.46989
0.469868
0.469849
0.469827
0.469806
0.469782
0.469761
0.469736
0.469716
0.469693
0.469673
0.469651
0.469633
0.469611
0.469589
0.469568
0.469546
0.469526
0.469505
0.469485
0.469464
0.469447
0.469429
0.469404
0.469378
0.469354
0.469325
0.469298
0.469268
0.46925
0.469228
0.469207
0.469188
0.469168
0.46915
0.469131
0.469111
0.469094
0.469074
0.469054
0.469034
0.469015
0.468994
0.468978
0.468959
0.468939
0.468924
0.468911
0.468895
0.468878
0.468865
0.468854
0.46884
0.468826
0.468813
0.468799
0.468786
0.468769
0.468756
0.468744
0.468732
0.468721
0.46871
0.468699
0.468686
0.468673
0.468664
0.468652
0.468638
0.468627
0.468616
0.468607
0.468595
0.468584
0.468569
0.468555
0.468539
0.468526
0.468515
0.468496
0.468483
0.468467
0.468458
0.468452
0.468438
0.468426
0.468412
0.468398
0.46839
0.468379
0.468367
0.468355
0.468341
0.468333
0.468323
0.468314
0.468304
0.468294
0.468286
0.468277
0.468268
0.468257
0.468246
0.468237
0.468225
0.468211
0.468202
0.468188
0.468175
0.46816
0.468145
0.468127
0.468114
0.468101
0.468083
0.468062
0.46804
0.468022
0.468
0.467979
0.467957
0.467933
0.467916
0.467896
0.467872
0.467846
0.467819
0.467795
0.467771
0.46775
0.467733
0.467709
0.467689
0.467673
0.467654
0.467635
0.467613
0.467591
0.467566
0.467541
0.467517
0.467491
0.467467
0.46744
0.467415
0.467388
0.46736
0.467339
0.467312
0.467287
0.467257
0.467227
0.467199
0.467172
0.467144
0.467116
0.467086
0.46706
0.467037
0.467008
0.46698
0.466948
0.466912
0.466878
0.466841
0.466807
0.466769
0.466733
0.4667
0.466665
0.46663
0.466599
0.466563
0.466525
0.466489
0.466453
0.466413
0.466374
0.466336
0.466298
0.466259
0.466219
0.46618
0.466142
0.466102
0.466062
0.466021
0.46598
0.465934
0.465892
0.465853
0.465811
0.465768
0.465732
0.465688
0.465644
0.465604
0.465559
0.465515
0.465469
0.465428
0.465386
0.465346
0.465306
0.46526
0.465211
0.465164
0.465113
0.465067
0.465016
0.464963
0.464913
0.464867
0.464817
0.464768
0.464718
0.464667
0.464621
0.464569
0.464516
0.464462
0.46441
0.464362
0.46431
0.46426
0.464209
0.464159
0.464103
0.464048
0.463994
0.463937
0.463881
0.463828
0.463777
0.463724
0.463671
0.463616
0.463566
0.463513
0.463464
0.463415
0.463362
0.463308
0.463257
0.463209
0.463153
0.463101
0.463045
0.46299
0.462928
0.462871
0.462814
0.462761
0.462708
0.462649
0.462593
0.462537
0.462486
0.462431
0.462373
0.462318
0.462264
0.462209
0.462153
0.462095
0.46204
0.461986
0.461932
0.46188
0.461825
0.461771
0.461716
0.461663
0.461609
0.461552
0.461495
0.461443
0.461383
0.461331
0.461278
0.461227
0.461177
0.461129
0.461076
0.461025
0.460973
0.460921
0.460872
0.460803
0.460743
0.460683
0.460623
0.460568
0.460515
0.460463
0.460413
0.46036
0.460307
0.460253
0.460202
0.46015
0.460098
0.46005
0.459997
0.45994
0.459872
0.459803
0.459738
0.459671
0.45961
0.459548
0.459484
0.459421
0.459359
0.459303
0.459241
0.459125
0.459062
0.459001
0.458884
0.458831
0.458775
0.458721
0.458668
0.458616
0.458564
0.458511
0.458458
0.458408
0.458358
0.458309
0.458259
0.458217
0.458173
0.458135
0.458096
0.458053
0.458008
0.457968
0.457928
0.457892
0.457852
0.457813
0.457775
0.457736
0.4577
0.457661
0.457622
0.457585
0.457548
0.457508
0.457473
0.457436
0.457404
0.457369
0.457338
0.457308
0.457275
0.457244
0.457221
0.45719
0.457159
0.457131
0.457104
0.457076
0.457049
0.457025
0.456998
0.456971
0.456947
0.456923
0.456903
0.456881
0.456859
0.456838
0.456813
0.456792
0.456773
0.456752
0.45673
0.456713
0.456694
0.456679
0.456665
0.456649
0.456635
0.456619
0.456606
0.456591
0.456578
0.456563
0.456547
0.456535
0.456518
0.456505
0.45649
0.456478
0.456466
0.456452
0.456442
0.456432
0.456423
0.456415
0.456408
0.456403
0.456399
0.456392
0.456391
0.456387
0.456389
0.456388
0.456389
0.456391
0.456396
0.4564
0.456403
0.456407
0.456412
0.456417
0.456423
0.456427
0.456437
0.456447
0.456451
0.456459
0.456469
0.456473
0.456486
0.45649
0.456498
0.456507
0.456514
0.456517
0.456526
0.456532
0.456541
0.456549
0.456555
0.456563
0.456571
0.456581
0.456592
0.456604
0.456613
0.456626
0.456636
0.456649
0.45666
0.456673
0.456683
0.456694
0.456704
0.456715
0.456723
0.456732
0.456738
0.456744
0.456747
0.456756
0.456757
0.45676
0.456761
0.456764
0.456765
0.456767
0.456767
0.456769
0.456769
0.45677
0.456771
0.456772
0.456774
0.456772
0.456772
0.45677
0.45677
0.456769
0.456769
0.456766
0.45676
0.45676
0.456755
0.456748
0.456746
0.456738
0.456731
0.456723
0.456715
0.456713
0.456705
0.456697
0.456692
0.456687
0.456679
0.456671
0.456666
0.456658
0.456652
0.456641
0.456636
0.45663
0.456624
0.456618
0.456612
0.456604
0.4566
0.456594
0.456594
0.456593
0.456588
0.456585
0.456582
0.456578
0.456575
0.456569
0.456565
0.456565
0.456562
0.456557
0.45656
0.45656
0.456555
0.456556
0.456556
0.45656
0.45656
0.456555
0.456561
0.45656
0.456566
0.456572
0.456572
0.456573
0.456574
0.456575
0.456576
0.456577
0.456584
0.456582
0.456585
0.456589
0.456595
0.456604
0.456628
0.456639
0.456653
0.456664
0.456678
0.456689
0.456702
0.456713
0.456728
0.456741
0.456763
0.456778
0.456811
0.456829
0.456844
0.45687
0.456891
0.456917
0.456943
0.456961
0.456979
0.456997
0.457016
0.457037
0.457055
0.457071
0.457081
0.457099
0.457117
0.457138
0.457156
0.457168
0.457185
0.457197
0.457211
0.457225
0.457243
0.457257
0.457271
0.457286
0.457299
0.457314
0.457325
0.457342
0.457345
0.457356
0.457364
0.45738
0.457393
0.457401
0.457407
0.457412
0.45742
0.457413
0.45742
0.457421
0.457426
0.457426
0.457424
0.457421
0.457421
0.457425
0.457426
0.457429
0.457427
0.45743
0.457435
0.457439
0.457441
0.457448
0.45745
0.457456
0.457464
0.457473
0.457482
0.457491
0.457495
0.457501
0.457507
0.457514
0.457524
0.457532
0.457541
0.457551
0.45756
0.457566
0.457569
0.457569
0.457578
0.457587
0.457587
0.45759
0.457587
0.457591
0.4576
0.457607
0.457614
0.457622
0.457626
0.457631
0.457629
0.457637
0.457645
0.457651
0.457663
0.457669
0.457679
0.457689
0.457699
0.457712
0.457729
0.457738
0.45775
0.457759
0.457772
0.45778
0.45779
0.457793
0.457799
0.457803
0.457803
0.457802
0.457806
0.457804
0.457803
0.457799
0.457795
0.45779
0.457783
0.457779
0.457766
0.457756
0.457746
0.457736
0.457719
0.457709
0.457692
0.457676
0.457658
0.457641
0.457624
0.457608
0.457587
0.457573
0.457559
0.457542
0.457528
0.457514
0.457502
0.457491
0.45748
0.457472
0.457463
0.457455
0.457447
0.457433
0.457429
0.457419
0.457413
0.457403
0.457396
0.457394
0.457388
0.457389
0.457383
0.457384
0.457386
0.457389
0.457391
0.457395
0.457403
0.457407
0.457416
0.457424
0.457429
0.45744
0.457449
0.457457
0.457466
0.45748
0.457489
0.457501
0.457516
0.457528
0.457551
0.45757
0.45759
0.457609
0.457633
0.457655
0.457678
0.457702
0.457728
0.457757
0.45778
0.45781
0.457827
0.457851
0.457878
0.457895
0.457916
0.457938
0.45796
0.45798
0.458
0.458022
0.45804
0.458065
0.458088
0.458104
0.458124
0.458144
0.458164
0.458185
0.458209
0.458229
0.458251
0.45827
0.458293
0.458312
0.458335
0.458354
0.458372
0.458392
0.458416
0.458433
0.458457
0.458485
0.458511
0.458532
0.458558
0.45858
0.458605
0.458628
0.458645
0.458668
0.458692
0.458718
0.458735
0.45876
0.45878
0.458796
0.458818
0.458839
0.458859
0.458881
0.458901
0.458923
0.458945
0.458965
0.458982
0.458999
0.459008
0.459022
0.459034
0.459049
0.45907
0.459085
0.459106
0.459118
0.459137
0.459158
0.459184
0.459204
0.459227
0.459248
0.459265
0.459292
0.459309
0.459332
0.459355
0.459372
0.459395
0.45942
0.459439
0.459462
0.45948
0.459504
0.459532
0.459547
0.459567
0.459588
0.459614
0.45964
0.459663
0.459684
0.459712
0.459733
0.459752
0.459773
0.459802
0.459837
0.459862
0.45989
0.459915
0.459943
0.459986
0.460016
0.46005
0.460095
0.460132
0.460168
0.460214
0.460253
0.460286
0.460327
0.460377
0.46043
0.460481
0.460528
0.460577
0.460617
0.460665
0.460717
0.460774
0.460823
0.460867
0.460911
0.460959
0.461013
0.461067
0.461117
0.461174
0.461229
0.46128
0.461336
0.461397
0.461462
0.461521
0.461578
0.461636
0.461701
0.461769
0.461834
0.46189
0.461949
0.462015
0.462081
0.462152
0.462213
0.462276
0.462354
0.462456
0.462571
0.462692
0.462844
0.462996
0.463165
0.463348
0.463533
0.463702
0.463901
0.464083
0.464236
0.4644
0.464561
0.464708
0.464857
0.464998
0.465123
0.465245
0.465374
0.465496
0.465619
0.46574
0.465866
0.465999
0.466124
0.466269
0.466406
0.46656
0.466719
0.466882
0.467049
0.467203
0.46735
0.467506
0.467654
0.467788
0.467936
0.468063
0.468196
0.468316
0.468445
0.468577
0.468695
0.468829
0.468966
0.469107
0.469252
0.469392
0.469536
0.469667
0.469817
0.469962
0.470104
0.47025
0.470392
0.470533
0.47067
0.470794
0.470922
0.471052
0.471183
0.471315
0.47144
0.471554
0.471673
0.471784
0.471906
0.472025
0.472135
0.472242
0.472344
0.472444
0.472555
0.472666
0.472777
0.472875
0.47298
0.473076
0.473181
0.473285
0.473388
0.47349
0.473588
0.473689
0.473791
0.473888
0.473981
0.47408
0.474177
0.474269
0.474375
0.474485
0.474595
0.474706
0.47481
0.474926
0.475028
0.475124
0.475226
0.475307
0.475391
0.475467
0.475542
0.475623
0.475699
0.475773
0.475848
0.475917
0.475986
0.476052
0.476117
0.47618
0.476248
0.476304
0.476363
0.47642
0.476474
0.476545
0.476607
0.476667
0.476731
0.476781
0.476827
0.476873
0.476919
0.476966
0.477002
0.477051
0.4771
0.477142
0.477187
0.477228
0.477259
0.477284
0.477309
0.477337
0.477362
0.477381
0.477407
0.477426
0.47744
0.477455
0.477473
0.477484
0.477496
0.477506
0.47752
0.477524
0.477535
0.477539
0.477545
0.47755
0.47755
0.47755
0.477551
0.477549
0.477541
0.477535
0.47753
0.477519
0.47751
0.477506
0.477496
0.477481
0.477466
0.477448
0.47743
0.477413
0.477395
0.477373
0.477347
0.477324
0.477298
0.477271
0.477246
0.477218
0.477182
0.477151
0.477121
0.477092
0.47706
0.477027
0.47699
0.476952
0.47691
0.476868
0.476835
0.476797
0.476752
0.476709
0.476669
0.476628
0.476588
0.476544
0.476504
0.476465
0.476423
0.476381
0.476333
0.476288
0.476242
0.476202
0.476158
0.476115
0.47607
0.476024
0.475983
0.475937
0.475894
0.475848
0.475798
0.475751
0.475703
0.475655
0.475605
0.475554
0.4755
0.475448
0.475393
0.475339
0.475283
0.475225
0.475167
0.475107
0.47505
0.474988
0.474927
0.474868
0.474808
0.474744
0.474686
0.474625
0.474564
0.474498
0.47444
0.47438
0.474324
0.474262
0.474205
0.474144
0.474088
0.474032
0.473977
0.473918
0.473861
0.473804
0.473744
0.473689
0.473629
0.47357
0.473509
0.473451
0.47339
0.473327
0.473263
0.473199
0.473139
0.473076
0.473014
0.472952
0.472885
0.47282
0.472753
0.472687
0.472626
0.47256
0.472493
0.472429
0.472368
0.472304
0.472242
0.472179
0.472121
0.472064
0.471996
0.471929
0.471863
0.471794
0.471735
0.471728
0.47172
0.471713
0.471705
0.471698
0.471691
0.471683
0.471676
0.471669
0.471662
0.471654
0.471647
0.47164
0.471632
0.471625
0.471618
0.471611
0.471604
0.471596
0.471589
0.471582
0.471575
0.471568
0.471561
0.471554
0.471547
0.47154
0.471533
0.471526
0.471519
0.471512
0.471505
0.471498
0.471491
0.471484
0.471477
0.47147
0.471463
0.471456
0.471449
0.471442
0.471435
0.471429
0.471422
0.471415
0.471408
0.471401
0.471395
0.471388
0.471381
0.471375
0.471368
0.471361
0.471355
0.471348
0.471341
0.471335
0.471328
0.471321
0.471315
0.471308
0.471301
0.471295
0.471288
0.471281
0.471275
0.471268
0.471261
0.471255
0.471248
0.471242
0.471235
0.471229
0.471222
0.471215
0.471209
0.471202
0.471196
0.471189
0.471183
0.471177
0.47117
0.471164
0.471158
0.471152
0.471146
0.471139
0.471133
0.471127
0.471121
0.471115
0.471109
0.471104
0.471098
0.471092
0.471086
0.471081
0.471075
0.471069
0.471064
0.471058
0.471053
0.471047
0.471042
0.471036
0.471031
0.471026
0.47102
0.471015
0.47101
0.471005
0.471
0.470994
0.470989
0.470984
0.470979
0.470974
0.470969
0.470964
0.470959
0.470954
0.470949
0.470945
0.47094
0.470935
0.47093
0.470926
0.470921
0.470916
0.470912
0.470907
0.470903
0.470898
0.470894
0.470889
0.470885
0.47088
0.470876
0.470871
0.470867
0.470862
0.470857
0.470853
0.470848
0.470843
0.470839
0.470834
0.470829
0.470825
0.47082
0.470816
0.470811
0.470807
0.470802
0.470798
0.470793
0.470789
0.470784
0.47078
0.470776
0.470771
0.470767
0.470763
0.470758
0.470754
0.47075
0.470745
0.470741
0.470737
0.470733
0.470728
0.470724
0.47072
0.470716
0.470712
0.470707
0.470703
0.470699
0.470695
0.470691
0.470687
0.470683
0.470679
0.470675
0.470671
0.470667
0.470663
0.470659
0.470655
0.470651
0.470648
0.470644
0.47064
0.470637
0.470633
0.470629
0.470625
0.470622
0.470618
0.470614
0.470611
0.470607
0.470604
0.470601
0.470597
0.470594
0.470591
0.470587
0.470584
0.470581
0.470577
0.470574
0.470571
0.470568
0.470564
0.470561
0.470558
0.470555
0.470552
0.470548
0.470545
0.470542
0.470539
0.470536
0.470532
0.470529
0.470526
0.470523
0.47052
0.470517
0.470514
0.470511
0.470508
0.470505
0.470502
0.470499
0.470496
0.470493
0.47049
0.470487
0.470484
0.470481
0.470478
0.470475
0.470472
0.470469
0.470466
0.470463
0.470461
0.470458
0.470455
0.470452
0.470449
0.470446
0.470443
0.47044
0.470437
0.470434
0.470432
0.470429
0.470426
0.470423
0.470421
0.470418
0.470415
0.470412
0.47041
0.470407
0.470404
0.470402
0.470399
0.470397
0.470394
0.470392
0.470389
0.470387
0.470384
0.470382
0.470379
0.470377
0.470374
0.470372
0.47037
0.470367
0.470365
0.470363
0.470361
0.470359
0.470356
0.470354
0.470352
0.47035
0.470348
0.470346
0.470344
0.470342
0.47034
0.470338
0.470336
0.470334
0.470332
0.47033
0.470328
0.470326
0.470324
0.470322
0.47032
0.470318
0.470316
0.470314
0.470312
0.470311
0.470309
0.470307
0.470305
0.470303
0.470301
0.470299
0.470297
0.470296
0.470294
0.470292
0.47029
0.470289
0.470287
0.470285
0.470283
0.470282
0.47028
0.470278
0.470276
0.470275
0.470273
0.470271
0.470269
0.470268
0.470266
0.470264
0.470262
0.470261
0.470259
0.470258
0.470256
0.470254
0.470253
0.470251
0.470249
0.470248
0.470246
0.470245
0.470243
0.470242
0.47024
0.470239
0.470238
0.470236
0.470235
0.470234
0.470232
0.470231
0.47023
0.470228
0.470227
0.470226
0.470224
0.470223
0.470222
0.470221
0.470219
0.470218
0.470217
0.470215
0.470214
0.470213
0.470212
0.47021
0.470209
0.470208
0.470206
0.470205
0.470204
0.470203
0.470201
0.4702
0.470199
0.470197
0.470196
0.470195
0.470194
0.470192
0.470191
0.47019
0.470189
0.470188
0.470187
0.470185
0.470184
0.470183
0.470182
0.470181
0.470179
0.470178
0.470177
0.470176
0.470175
0.470174
0.470172
0.470171
0.47017
0.470169
0.470168
0.470167
0.470166
0.470165
0.470164
0.470163
0.470162
0.47016
0.470159
0.470158
0.470157
0.470156
0.470155
0.470154
0.470153
0.470151
0.47015
0.470149
0.470148
0.470146
0.470145
0.470144
0.470143
0.470141
0.47014
0.470139
0.470137
0.470136
0.470135
0.470133
0.470132
0.470131
0.47013
0.470128
0.470127
0.470126
0.470124
0.470123
0.470122
0.470121
0.470119
0.470118
0.470117
0.470116
0.470114
0.470113
0.470112
0.470111
0.47011
0.470108
0.470107
0.470106
0.470105
0.470104
0.470103
0.470101
0.4701
0.470099
0.470098
0.470097
0.470096
0.470095
0.470094
0.470093
0.470092
0.47009
0.470089
0.470088
0.470087
0.470086
0.470085
0.470085
0.470084
0.470083
0.470082
0.470082
0.470081
0.47008
0.470079
0.470079
0.470078
0.470077
0.470077
0.470076
0.470075
0.470075
0.470074
0.470074
0.470073
0.470073
0.470072
0.470072
0.470071
0.470071
0.47007
0.47007
0.470069
0.470069
0.470069
0.470068
0.470068
0.470068
0.470067
0.470067
0.470066
0.470066
0.470066
0.470065
0.470065
0.470065
0.470064
0.470064
0.470064
0.470063
0.470063
0.470063
0.470062
0.470062
0.470062
0.470062
0.470062
0.470061
0.470061
0.470061
0.470061
0.47006
0.47006
0.47006
0.470059
0.470059
0.470059
0.470059
0.470058
0.470058
0.470058
0.470058
0.470058
0.470057
0.470057
0.470057
0.470057
0.470056
0.470056
0.470056
0.470055
0.470055
0.470055
0.470054
0.470054
0.470054
0.470053
0.470053
0.470053
0.470052
0.470052
0.470052
0.470051
0.470051
0.47005
0.47005
0.47005
0.47005
0.470049
0.470049
0.470049
0.470049
0.470048
0.470048
0.470048
0.470048
0.470048
0.470047
0.470047
0.470047
0.470047
0.470047
0.470046
0.470046
0.470046
0.470046
0.470046
0.470045
0.470045
0.470045
0.470045
0.470045
0.470045
0.470045
0.470045
0.470045
0.470045
0.470045
0.470045
0.470045
0.470045
0.470045
0.470045
0.470045
0.470044
0.470044
0.470044
0.470044
0.470044
0.470044
0.470044
0.470044
0.470044
0.470044
0.470044
0.470044
0.470045
0.470045
0.470045
0.470045
0.470045
0.470045
0.470045
0.470045
0.470045
0.470045
0.470044
0.470044
0.470044
0.470044
0.470044
0.470044
0.470044
0.470044
0.470044
0.470044
0.470044
0.470044
0.470044
0.470044
0.470043
0.470043
0.470043
0.470043
0.470043
0.470043
0.470042
0.470042
0.470042
0.470042
0.470041
0.470041
0.470041
0.470041
0.470041
0.47004
0.47004
0.47004
0.47004
0.470039
0.470039
0.470039
0.470038
0.470038
0.470038
0.470037
0.470037
0.470037
0.470037
0.470037
0.470036
0.470036
0.470036
0.470036
0.470035
0.470035
0.470035
0.470035
0.470035
0.470035
0.470034
0.470034
0.470034
0.470034
0.470034
0.470033
0.470033
0.470033
0.470033
0.470032
0.470032
0.470032
0.470032
0.470031
0.470031
0.470031
0.470031
0.47003
0.47003
0.47003
0.47003
0.470029
0.470029
0.470029
0.470029
0.470028
0.470028
0.470028
0.470028
0.470027
0.470027
0.470027
0.470027
0.470026
0.470026
0.470026
0.470026
0.470026
0.470025
0.470025
0.470025
0.470025
0.470025
0.470024
0.470024
0.470024
0.470024
0.470024
0.470024
0.470024
0.470024
0.470024
0.470024
0.470019
0.47001
0.470013
0.470012
0.470005
0.470004
0.469999
0.469998
0.469993
0.469993
0.469987
0.469986
0.469973
0.469975
0.46997
0.469968
0.469969
0.469968
0.469971
0.469972
0.469973
0.469972
0.46997
0.469968
0.469968
0.469962
0.469955
0.46995
0.469947
0.469945
0.469942
0.469947
0.469939
0.469928
0.46993
0.46992
0.469915
0.469908
0.469905
0.469901
0.469907
0.4699
0.4699
0.469906
0.469912
0.469907
0.469909
0.469901
0.469899
0.469894
0.469893
0.469898
0.4699
0.469904
0.469918
0.469932
0.469951
0.469957
0.469969
0.469979
0.469987
0.469992
0.469997
0.470005
0.470012
0.470018
0.470026
0.470032
0.470042
0.470048
0.470053
0.470057
0.470057
0.470059
0.470056
0.470059
0.470061
0.470059
0.470058
0.470059
0.470062
0.470066
0.470067
0.470072
0.470074
0.470069
0.470068
0.470061
0.47006
0.470059
0.470047
0.470048
0.470042
0.470048
0.470053
0.470047
0.470052
0.47006
0.470061
0.470063
0.470061
0.470063
0.470058
0.47006
0.47006
0.470061
0.47006
0.470066
0.470072
0.470081
0.47008
0.470087
0.470089
0.470089
0.470091
0.470093
0.470085
0.470081
0.470076
0.470063
0.470054
0.470043
0.470037
0.470032
0.470023
0.470017
0.470015
0.470013
0.470006
0.470002
0.47
0.469997
0.469995
0.469991
0.469988
0.469986
0.469986
0.469991
0.469994
0.47
0.469997
0.469999
0.470005
0.470009
0.47001
0.470011
0.470012
0.470009
0.47001
0.470011
0.470012
0.47001
0.470006
0.470006
0.470001
0.470005
0.470002
0.470001
0.470001
0.469999
0.469993
0.469985
0.469981
0.469984
0.469981
0.469979
0.469977
0.469981
0.46998
0.469982
0.469983
0.469986
0.469985
0.469988
0.469993
0.469995
0.469998
0.47
0.470006
0.470008
0.470014
0.470022
0.470023
0.470027
0.47003
0.47004
0.470049
0.470058
0.470066
0.470081
0.470096
0.470105
0.470123
0.470131
0.47015
0.470177
0.470184
0.470193
0.470204
0.470217
0.470228
0.470239
0.47025
0.470256
0.470265
0.470273
0.470286
0.470299
0.470307
0.470319
0.470337
0.470349
0.470365
0.470375
0.470388
0.470397
0.47041
0.47042
0.470432
0.470446
0.470456
0.47047
0.470481
0.470497
0.470514
0.470528
0.470549
0.470562
0.470577
0.47059
0.470608
0.47063
0.470651
0.470675
0.470696
0.470715
0.47073
0.470747
0.470761
0.470773
0.470786
0.470794
0.470808
0.470819
0.470826
0.470839
0.470843
0.470849
0.47086
0.470866
0.470871
0.470876
0.470888
0.470891
0.470899
0.470902
0.4709
0.470904
0.470904
0.470908
0.470908
0.470906
0.470908
0.470901
0.470899
0.470896
0.470891
0.470881
0.470876
0.470867
0.47086
0.470846
0.470837
0.470826
0.470812
0.4708
0.470785
0.47077
0.470759
0.470746
0.470731
0.470716
0.4707
0.470684
0.470666
0.470645
0.470623
0.470599
0.470579
0.470559
0.470535
0.470509
0.470483
0.47046
0.470433
0.470407
0.470385
0.470356
0.47033
0.470305
0.470275
0.470241
0.470211
0.470179
0.470147
0.470113
0.470081
0.470042
0.470007
0.469972
0.469937
0.4699
0.469865
0.469826
0.469789
0.469745
0.469699
0.469659
0.469613
0.469571
0.469527
0.46949
0.469459
0.469417
0.469378
0.469337
0.469291
0.469246
0.469202
0.469158
0.469105
0.469059
0.46901
0.46896
0.468914
0.468869
0.468824
0.468779
0.468733
0.468682
0.468631
0.468584
0.468534
0.468488
0.468438
0.468393
0.468347
0.468296
0.468246
0.468195
0.468145
0.46808
0.468021
0.467964
0.467905
0.467847
0.467796
0.467746
0.467686
0.467616
0.467552
0.467492
0.467381
0.467335
0.467275
0.467221
0.467169
0.467123
0.467071
0.467013
0.466951
0.46689
0.466828
0.466776
0.466719
0.466666
0.46661
0.466557
0.4665
0.466454
0.466401
0.466348
0.466295
0.466242
0.466182
0.466129
0.466073
0.466016
0.46596
0.465909
0.465853
0.465805
0.465752
0.465696
0.465644
0.465591
0.465538
0.465485
0.465433
0.465381
0.465328
0.465277
0.465225
0.46517
0.465109
0.465052
0.464995
0.464942
0.464892
0.464846
0.464794
0.464746
0.464694
0.464637
0.464578
0.464525
0.464466
0.464409
0.464354
0.464304
0.464249
0.464194
0.464141
0.464086
0.464032
0.463979
0.463922
0.463867
0.463817
0.463767
0.463713
0.463666
0.463623
0.463571
0.463515
0.463467
0.463412
0.463356
0.463306
0.463257
0.463201
0.463154
0.463102
0.463047
0.462993
0.462939
0.462883
0.462829
0.462775
0.462726
0.462678
0.462625
0.462571
0.462512
0.462459
0.462403
0.462343
0.462291
0.462237
0.462185
0.462133
0.462081
0.462029
0.461979
0.461924
0.46187
0.461816
0.461765
0.461714
0.461662
0.461611
0.461561
0.461526
0.4615
0.461492
0.461491
0.461501
0.461521
0.461546
0.461574
0.4616
0.461621
0.461638
0.461651
0.461664
0.461667
0.461669
0.461665
0.461662
0.461658
0.461656
0.461656
0.461654
0.461658
0.46166
0.461668
0.461679
0.461691
0.46171
0.461725
0.461744
0.461766
0.461783
0.461799
0.461815
0.46183
0.46184
0.461851
0.461856
0.461862
0.461867
0.461873
0.461882
0.461891
0.461901
0.461911
0.461925
0.461943
0.461961
0.461974
0.461988
0.462001
0.462013
0.462021
0.462027
0.462032
0.462035
0.462039
0.46204
0.462039
0.462042
0.462046
0.46205
0.462054
0.462057
0.462059
0.462058
0.462062
0.462063
0.462065
0.462064
0.462065
0.462064
0.462067
0.462064
0.462062
0.462063
0.462059
0.462054
0.462051
0.462048
0.462044
0.462041
0.462038
0.462034
0.46203
0.462026
0.462025
0.46202
0.462014
0.462011
0.462005
0.462
0.461994
0.461988
0.461982
0.461977
0.461971
0.461968
0.461962
0.461955
0.461947
0.461943
0.461935
0.461927
0.461921
0.461912
0.461905
0.461894
0.461886
0.461877
0.461866
0.461857
0.461845
0.461836
0.461827
0.461814
0.461805
0.461796
0.461783
0.461774
0.461764
0.461751
0.461742
0.461727
0.461713
0.461699
0.461686
0.461673
0.46166
0.461646
0.461632
0.46162
0.461607
0.46159
0.461577
0.461563
0.461551
0.461533
0.461519
0.461505
0.461492
0.461478
0.461465
0.46145
0.461436
0.461423
0.46141
0.461396
0.46138
0.461368
0.461355
0.461341
0.461328
0.461315
0.461302
0.461292
0.46128
0.461269
0.461257
0.461245
0.461234
0.461223
0.461212
0.461202
0.461191
0.46118
0.461169
0.46116
0.461149
0.46114
0.461132
0.461124
0.461116
0.461109
0.461101
0.461095
0.461087
0.461082
0.461076
0.461072
0.461068
0.46106
0.461057
0.461053
0.46105
0.461044
0.461038
0.461035
0.461029
0.461023
0.461018
0.461013
0.461007
0.461002
0.460997
0.460997
0.460992
0.460989
0.460989
0.460986
0.460987
0.460985
0.460982
0.460981
0.46098
0.460977
0.460977
0.460977
0.460976
0.460973
0.460969
0.46097
0.460968
0.460966
0.460965
0.460966
0.460966
0.460967
0.460963
0.460965
0.460968
0.460969
0.460971
0.460974
0.460974
0.460977
0.460978
0.460979
0.460979
0.460979
0.46098
0.460982
0.460983
0.460984
0.460986
0.460989
0.460991
0.460993
0.460993
0.460997
0.461001
0.461002
0.461006
0.461007
0.461008
0.461005
0.461005
0.461007
0.461003
0.461004
0.461005
0.461008
0.461009
0.461005
0.461007
0.461008
0.461008
0.461009
0.461008
0.461008
0.461009
0.461009
0.461008
0.461009
0.461009
0.461005
0.461006
0.461004
0.461
0.461
0.461
0.460998
0.460994
0.460988
0.460986
0.460984
0.460981
0.46098
0.460973
0.460969
0.460963
0.460957
0.460952
0.46095
0.460942
0.460939
0.460932
0.460927
0.460923
0.460919
0.460913
0.460908
0.460902
0.460895
0.460888
0.46088
0.460869
0.460865
0.460857
0.460849
0.460841
0.460835
0.46083
0.460822
0.460819
0.460813
0.460805
0.460798
0.46079
0.460785
0.460782
0.460773
0.460767
0.460761
0.460755
0.460749
0.460741
0.460736
0.46073
0.460721
0.460713
0.460704
0.460696
0.460687
0.460678
0.460673
0.460664
0.460654
0.460645
0.460635
0.460627
0.460615
0.460608
0.460599
0.460589
0.460579
0.460569
0.46056
0.460551
0.460537
0.460526
0.460513
0.4605
0.460478
0.460462
0.460446
0.46043
0.460414
0.460402
0.460389
0.460376
0.460366
0.460352
0.460339
0.460327
0.460313
0.460298
0.460283
0.460268
0.460256
0.46024
0.460223
0.460207
0.460191
0.460176
0.460167
0.46015
0.460136
0.460129
0.460111
0.4601
0.460084
0.460071
0.460056
0.460038
0.460024
0.460005
0.459989
0.459974
0.45996
0.459941
0.459927
0.459913
0.459899
0.459883
0.459869
0.459852
0.459836
0.459824
0.459807
0.459792
0.459777
0.459761
0.459745
0.45973
0.459714
0.459697
0.45968
0.459665
0.459648
0.45963
0.459614
0.459598
0.459583
0.459566
0.459548
0.459533
0.459517
0.459499
0.459482
0.459462
0.459445
0.459428
0.459409
0.459392
0.459372
0.459356
0.45934
0.459322
0.459303
0.459286
0.459264
0.45924
0.459192
0.45917
0.459144
0.459095
0.459076
0.459053
0.459034
0.459018
0.458999
0.45897
0.458941
0.458914
0.458887
0.458859
0.45881
0.45879
0.458761
0.458736
0.458708
0.458683
0.45866
0.458637
0.458615
0.458589
0.458566
0.458546
0.458524
0.458503
0.458477
0.458453
0.458429
0.458402
0.458379
0.458354
0.45833
0.4583
0.458273
0.458244
0.458216
0.458191
0.45816
0.458133
0.458107
0.458078
0.458047
0.458019
0.457988
0.457959
0.457927
0.457893
0.457856
0.457824
0.457788
0.457754
0.457717
0.457682
0.457646
0.457613
0.457577
0.457539
0.457497
0.457459
0.45742
0.457379
0.457338
0.457299
0.457254
0.457214
0.457172
0.457127
0.457088
0.457044
0.457002
0.45696
0.456917
0.456875
0.456832
0.456791
0.456747
0.456703
0.456655
0.456612
0.456563
0.456516
0.456469
0.456421
0.456375
0.456324
0.456274
0.456224
0.456174
0.456122
0.456065
0.456009
0.455954
0.455896
0.45584
0.455781
0.455723
0.455662
0.455604
0.455544
0.455484
0.455426
0.455367
0.455303
0.455241
0.455177
0.455114
0.455046
0.454983
0.45492
0.454855
0.454789
0.454724
0.454656
0.454592
0.454524
0.454459
0.454396
0.454324
0.45426
0.454187
0.454121
0.454055
0.453995
0.453927
0.453859
0.453787
0.453717
0.453647
0.453575
0.453499
0.453424
0.453351
0.453274
0.453198
0.453123
0.45305
0.452972
0.452893
0.452816
0.452736
0.452665
0.452591
0.452516
0.452442
0.452373
0.452301
0.452225
0.452135
0.452043
0.451952
0.451859
0.451785
0.45171
0.451631
0.451552
0.451476
0.4514
0.451328
0.451252
0.451174
0.451101
0.451018
0.450938
0.450857
0.450777
0.450694
0.450615
0.450536
0.450458
0.450382
0.450309
0.450229
0.450153
0.450076
0.449989
0.449889
0.44979
0.449694
0.449606
0.449525
0.449451
0.449346
0.449263
0.449175
0.449097
0.449026
0.448958
0.448894
0.448835
0.448775
0.448728
0.448683
0.448631
0.448586
0.448541
0.448503
0.448481
0.448463
0.448453
0.448436
0.448429
0.448425
0.448422
0.448423
0.448423
0.448428
0.448439
0.448449
0.448464
0.448484
0.44851
0.448535
0.448564
0.448594
0.448629
0.448661
0.448701
0.448741
0.448779
0.448822
0.448861
0.448906
0.448955
0.449004
0.449053
0.449104
0.449158
0.449214
0.449269
0.449327
0.449384
0.449438
0.449498
0.449557
0.449616
0.449675
0.449734
0.449794
0.449851
0.449907
0.449967
0.450024
0.450079
0.450136
0.450185
0.450239
0.450294
0.450342
0.450388
0.450434
0.450477
0.45052
0.450563
0.450597
0.450631
0.450672
0.450706
0.450738
0.450771
0.4508
0.450826
0.450852
0.450872
0.4509
0.450921
0.450938
0.450961
0.45098
0.450998
0.451018
0.451036
0.451053
0.451071
0.451088
0.451101
0.451118
0.451132
0.451148
0.451162
0.451178
0.451186
0.451198
0.451209
0.451221
0.451237
0.451252
0.451266
0.451284
0.451301
0.45132
0.451337
0.451355
0.451378
0.451397
0.451417
0.45144
0.451464
0.451487
0.451513
0.45154
0.451559
0.451586
0.451619
0.451646
0.451675
0.451704
0.451739
0.45177
0.451808
0.451842
0.45188
0.451915
0.451954
0.451991
0.452033
0.452077
0.452117
0.452157
0.452205
0.45225
0.4523
0.452346
0.452398
0.45245
0.452498
0.452551
0.452605
0.45266
0.452712
0.452767
0.452824
0.452882
0.452941
0.453002
0.453064
0.453126
0.453189
0.453255
0.45332
0.453388
0.453457
0.453525
0.453597
0.453669
0.453744
0.45382
0.453895
0.453969
0.454048
0.454125
0.454205
0.454282
0.454361
0.454443
0.454528
0.454603
0.45468
0.454757
0.454825
0.454901
0.454984
0.455079
0.455173
0.455265
0.455361
0.455441
0.455535
0.455634
0.45573
0.455829
0.455923
0.456024
0.456129
0.456228
0.456333
0.456434
0.456541
0.456644
0.456749
0.456857
0.456967
0.457076
0.457178
0.457293
0.457411
0.457543
0.457674
0.457814
0.457948
0.458091
0.458241
0.458392
0.458546
0.458671
0.458818
0.458958
0.459091
0.459221
0.459354
0.45949
0.459618
0.459752
0.459875
0.459994
0.460114
0.460231
0.460335
0.460457
0.460586
0.460712
0.460836
0.46097
0.4611
0.461215
0.461338
0.461478
0.461613
0.461745
0.461878
0.462009
0.462139
0.462267
0.462398
0.462523
0.462635
0.46278
0.462929
0.463077
0.463218
0.463331
0.463448
0.463552
0.463662
0.463778
0.463886
0.463995
0.464116
0.464242
0.464365
0.464491
0.464611
0.464732
0.464849
0.464962
0.465078
0.465169
0.465255
0.465367
0.465473
0.465573
0.465677
0.465779
0.465877
0.465972
0.466062
0.466136
0.46621
0.466276
0.466348
0.466413
0.466478
0.466539
0.466601
0.466671
0.46674
0.466806
0.466868
0.46693
0.466972
0.467019
0.467062
0.467107
0.467148
0.467185
0.467224
0.46726
0.467295
0.467323
0.467356
0.467379
0.467405
0.467427
0.467447
0.467469
0.467487
0.4675
0.467512
0.467523
0.46753
0.467539
0.467541
0.467548
0.467549
0.467546
0.467543
0.467542
0.467536
0.467528
0.467515
0.467505
0.467493
0.467475
0.467459
0.467439
0.46742
0.467395
0.467374
0.467348
0.467323
0.467292
0.46726
0.467232
0.467197
0.467165
0.467128
0.467089
0.467052
0.46701
0.466971
0.466927
0.466884
0.46684
0.466795
0.466749
0.466705
0.466654
0.466607
0.466559
0.466508
0.466452
0.466397
0.466341
0.466282
0.466226
0.466166
0.466108
0.466044
0.465985
0.465922
0.465857
0.465795
0.465732
0.465667
0.465602
0.465533
0.465462
0.465394
0.465326
0.465254
0.465183
0.465118
0.465051
0.464977
0.464904
0.464833
0.464762
0.464685
0.464613
0.464539
0.464467
0.464395
0.464319
0.464242
0.46417
0.464091
0.464017
0.463996
0.463975
0.463954
0.463933
0.463912
0.463891
0.46387
0.463849
0.463828
0.463807
0.463786
0.463765
0.463743
0.463722
0.463701
0.46368
0.463659
0.463637
0.463616
0.463595
0.463574
0.463552
0.463531
0.46351
0.463489
0.463468
0.463446
0.463425
0.463404
0.463383
0.463361
0.46334
0.463319
0.463298
0.463276
0.463255
0.463234
0.463213
0.463191
0.46317
0.463149
0.463128
0.463107
0.463086
0.463064
0.463043
0.463022
0.463001
0.46298
0.462959
0.462939
0.462918
0.462897
0.462876
0.462855
0.462835
0.462814
0.462794
0.462773
0.462753
0.462733
0.462712
0.462692
0.462672
0.462652
0.462632
0.462612
0.462592
0.462572
0.462552
0.462532
0.462513
0.462493
0.462474
0.462454
0.462435
0.462415
0.462396
0.462377
0.462358
0.462339
0.46232
0.462301
0.462282
0.462263
0.462244
0.462225
0.462207
0.462188
0.46217
0.462151
0.462133
0.462114
0.462096
0.462078
0.46206
0.462041
0.462023
0.462005
0.461988
0.46197
0.461952
0.461934
0.461916
0.461899
0.461881
0.461863
0.461846
0.461828
0.461811
0.461793
0.461776
0.461759
0.461742
0.461725
0.461708
0.461691
0.461674
0.461657
0.46164
0.461623
0.461606
0.461589
0.461573
0.461556
0.46154
0.461523
0.461507
0.46149
0.461474
0.461458
0.461441
0.461425
0.461409
0.461393
0.461377
0.461361
0.461345
0.461329
0.461314
0.461298
0.461282
0.461266
0.461251
0.461235
0.46122
0.461204
0.461189
0.461174
0.461158
0.461143
0.461127
0.461112
0.461097
0.461081
0.461066
0.46105
0.461035
0.46102
0.461005
0.460989
0.460974
0.460959
0.460944
0.460929
0.460914
0.460899
0.460884
0.46087
0.460855
0.460841
0.460826
0.460812
0.460797
0.460783
0.460769
0.460754
0.46074
0.460726
0.460712
0.460698
0.460684
0.46067
0.460657
0.460643
0.460629
0.460615
0.460602
0.460588
0.460575
0.460561
0.460548
0.460534
0.460521
0.460508
0.460494
0.460481
0.460468
0.460455
0.460442
0.460429
0.460416
0.460403
0.460391
0.460378
0.460365
0.460353
0.46034
0.460328
0.460315
0.460303
0.460291
0.460279
0.460267
0.460255
0.460242
0.460231
0.460219
0.460207
0.460195
0.460183
0.460171
0.460159
0.460147
0.460136
0.460124
0.460112
0.460101
0.460089
0.460078
0.460067
0.460055
0.460044
0.460033
0.460022
0.46001
0.459999
0.459988
0.459977
0.459966
0.459955
0.459944
0.459934
0.459923
0.459912
0.459901
0.45989
0.459879
0.459868
0.459858
0.459847
0.459836
0.459825
0.459814
0.459803
0.459792
0.459782
0.459771
0.45976
0.459749
0.459738
0.459727
0.459717
0.459706
0.459695
0.459684
0.459673
0.459662
0.459652
0.459641
0.45963
0.45962
0.459609
0.459599
0.459589
0.459579
0.459569
0.459559
0.45955
0.45954
0.459531
0.459522
0.459512
0.459503
0.459495
0.459486
0.459478
0.45947
0.459462
0.459454
0.459446
0.459438
0.45943
0.459423
0.459415
0.459408
0.4594
0.459393
0.459386
0.459379
0.459372
0.459365
0.459358
0.459351
0.459344
0.459337
0.45933
0.459324
0.459317
0.459311
0.459304
0.459298
0.459291
0.459285
0.459279
0.459272
0.459266
0.45926
0.459254
0.459248
0.459243
0.459237
0.459231
0.459225
0.45922
0.459214
0.459209
0.459203
0.459198
0.459193
0.459187
0.459182
0.459177
0.459172
0.459167
0.459162
0.459157
0.459152
0.459147
0.459142
0.459137
0.459132
0.459128
0.459123
0.459118
0.459113
0.459108
0.459104
0.459099
0.459094
0.45909
0.459085
0.45908
0.459076
0.459071
0.459067
0.459063
0.459058
0.459054
0.45905
0.459046
0.459042
0.459037
0.459033
0.459029
0.459026
0.459022
0.459018
0.459014
0.45901
0.459007
0.459003
0.459
0.458996
0.458993
0.458989
0.458986
0.458982
0.458979
0.458975
0.458972
0.458969
0.458965
0.458962
0.458959
0.458956
0.458953
0.458949
0.458946
0.458943
0.45894
0.458937
0.458934
0.458931
0.458928
0.458925
0.458922
0.458919
0.458916
0.458913
0.45891
0.458907
0.458904
0.458901
0.458898
0.458895
0.458892
0.458889
0.458886
0.458883
0.45888
0.458878
0.458875
0.458872
0.458869
0.458866
0.458863
0.45886
0.458857
0.458855
0.458852
0.458849
0.458846
0.458843
0.45884
0.458837
0.458834
0.458831
0.458828
0.458825
0.458822
0.458819
0.458816
0.458813
0.458811
0.458808
0.458805
0.458802
0.458799
0.458796
0.458793
0.458791
0.458788
0.458785
0.458782
0.458779
0.458777
0.458774
0.458771
0.458768
0.458765
0.458763
0.45876
0.458757
0.458754
0.458751
0.458748
0.458746
0.458743
0.45874
0.458737
0.458735
0.458732
0.458729
0.458726
0.458724
0.458721
0.458719
0.458716
0.458713
0.458711
0.458708
0.458706
0.458703
0.458701
0.458699
0.458696
0.458694
0.458691
0.458689
0.458687
0.458684
0.458682
0.45868
0.458678
0.458675
0.458673
0.458671
0.458669
0.458667
0.458664
0.458662
0.45866
0.458658
0.458656
0.458654
0.458652
0.45865
0.458648
0.458646
0.458644
0.458642
0.45864
0.458638
0.458636
0.458634
0.458631
0.458629
0.458627
0.458625
0.458623
0.458621
0.458619
0.458617
0.458615
0.458613
0.458611
0.458609
0.458607
0.458605
0.458603
0.458601
0.458599
0.458597
0.458596
0.458594
0.458592
0.45859
0.458588
0.458587
0.458585
0.458583
0.458581
0.458579
0.458577
0.458575
0.458573
0.458571
0.458569
0.458567
0.458565
0.458563
0.458561
0.458559
0.458557
0.458555
0.458553
0.458551
0.458549
0.458547
0.458545
0.458543
0.458541
0.458539
0.458537
0.458535
0.458533
0.458531
0.458529
0.458527
0.458525
0.458523
0.458521
0.458519
0.458517
0.458515
0.458512
0.45851
0.458508
0.458506
0.458504
0.458501
0.458499
0.458497
0.458495
0.458493
0.458491
0.458488
0.458486
0.458484
0.458482
0.45848
0.458478
0.458476
0.458474
0.458472
0.458469
0.458467
0.458465
0.458463
0.458461
0.458459
0.458457
0.458455
0.458452
0.45845
0.458448
0.458446
0.458444
0.458442
0.45844
0.458438
0.458436
0.458433
0.458431
0.458429
0.458427
0.458425
0.458423
0.45842
0.458418
0.458416
0.458414
0.458412
0.45841
0.458408
0.458406
0.458403
0.458401
0.458399
0.458397
0.458395
0.458392
0.45839
0.458388
0.458385
0.458383
0.45838
0.458378
0.458375
0.458373
0.45837
0.458368
0.458365
0.458362
0.45836
0.458357
0.458354
0.458351
0.458348
0.458345
0.458342
0.458339
0.458336
0.458333
0.458329
0.458326
0.458323
0.45832
0.458316
0.458313
0.45831
0.458306
0.458303
0.458299
0.458296
0.458292
0.458289
0.458285
0.458281
0.458278
0.458274
0.45827
0.458266
0.458262
0.458258
0.458254
0.45825
0.458246
0.458241
0.458237
0.458233
0.458228
0.458224
0.45822
0.458215
0.458211
0.458207
0.458202
0.458198
0.458194
0.458189
0.458185
0.45818
0.458176
0.458172
0.458167
0.458163
0.458159
0.458154
0.45815
0.458146
0.458141
0.458137
0.458133
0.458129
0.458124
0.45812
0.458115
0.458111
0.458106
0.458102
0.458098
0.458093
0.458089
0.458084
0.45808
0.458075
0.458071
0.458066
0.458061
0.458056
0.458052
0.458047
0.458042
0.458037
0.458033
0.458028
0.458023
0.458019
0.458014
0.458009
0.458004
0.457999
0.457994
0.45799
0.457985
0.45798
0.457975
0.45797
0.457965
0.45796
0.457955
0.45795
0.457945
0.45794
0.457935
0.45793
0.457925
0.45792
0.457915
0.45791
0.457905
0.457901
0.457896
0.457891
0.457886
0.457882
0.457877
0.457872
0.457868
0.457863
0.457859
0.457854
0.45785
0.457845
0.457841
0.457836
0.457832
0.457827
0.457823
0.457818
0.457814
0.457809
0.457805
0.4578
0.457796
0.457791
0.457787
0.457782
0.457778
0.457774
0.457769
0.457765
0.45776
0.457756
0.457752
0.457747
0.457743
0.457739
0.457734
0.45773
0.457725
0.457721
0.457717
0.457712
0.457708
0.457703
0.457699
0.457694
0.45769
0.457685
0.457681
0.457676
0.457671
0.457667
0.457662
0.457657
0.457653
0.457648
0.457643
0.457638
0.457633
0.457628
0.457624
0.457619
0.457614
0.457609
0.457604
0.457599
0.457593
0.457588
0.457583
0.457578
0.457573
0.457568
0.457563
0.457558
0.457553
0.457548
0.457542
0.457537
0.457532
0.457526
0.457521
0.457515
0.45751
0.457504
0.457498
0.457492
0.457485
0.457479
0.457473
0.457466
0.457459
0.457452
0.457445
0.457437
0.45743
0.457422
0.457414
0.457406
0.457398
0.45739
0.457381
0.457373
0.457364
0.457355
0.457346
0.457337
0.457328
0.457318
0.457309
0.457299
0.457289
0.45728
0.45727
0.45726
0.457249
0.457239
0.457229
0.457218
0.457207
0.457197
0.457186
0.457175
0.457164
0.457152
0.457141
0.45713
0.457118
0.457107
0.457096
0.457084
0.457073
0.457061
0.45705
0.457038
0.457027
0.457016
0.457004
0.456992
0.45698
0.456969
0.456957
0.456945
0.456933
0.456922
0.45691
0.456898
0.456886
0.456875
0.456863
0.456851
0.456839
0.456827
0.456816
0.456804
0.456792
0.45678
0.456768
0.456757
0.456745
0.456734
0.456722
0.456711
0.456699
0.456688
0.456676
0.456665
0.456654
0.456642
0.456631
0.45662
0.456609
0.456598
0.456587
0.456576
0.456565
0.456554
0.456543
0.456532
0.456521
0.45651
0.456499
0.456489
0.456478
0.456467
0.456457
0.456446
0.456436
0.456426
0.456416
0.456405
0.456395
0.456385
0.456376
0.456366
0.456356
0.456347
0.456338
0.456329
0.45632
0.456311
0.456302
0.456293
0.456284
0.456275
0.456267
0.456258
0.45625
0.456241
0.456233
0.456225
0.456217
0.456209
0.456201
0.456193
0.456186
0.456178
0.456171
0.456163
0.456156
0.456149
0.456142
0.456135
0.456128
0.456121
0.456114
0.456108
