0.491885
0.491885
0.491885
0.491885
0.491885
0.491885
0.491885
0.491885
0.491885
0.491886
0.491886
0.491886
0.491886
0.491886
0.491886
0.491886
0.491886
0.491886
0.491887
0.491887
0.491887
0.491887
0.491887
0.491887
0.491887
0.491887
0.491888
0.491888
0.491888
0.491888
0.491888
0.491888
0.491888
0.491888
0.491888
0.491889
0.491889
0.491889
0.491889
0.491889
0.491889
0.491889
0.491889
0.491889
0.491889
0.491889
0.49189
0.49189
0.49189
0.49189
0.49189
0.49189
0.49189
0.49189
0.49189
0.49189
0.49189
0.49189
0.49189
0.49189
0.49189
0.49189
0.49189
0.49189
0.49189
0.49189
0.49189
0.491889
0.491889
0.491889
0.491889
0.491889
0.491889
0.491889
0.491888
0.491888
0.491888
0.491888
0.491888
0.491887
0.491887
0.491887
0.491887
0.491887
0.491887
0.491886
0.491886
0.491886
0.491886
0.491886
0.491886
0.491885
0.491885
0.491885
0.491885
0.491884
0.491884
0.491884
0.491884
0.491884
0.491883
0.491883
0.491883
0.491883
0.491882
0.491882
0.491882
0.491882
0.491882
0.491882
0.491881
0.491881
0.491881
0.491881
0.491881
0.491881
0.491881
0.491881
0.491881
0.491881
0.491881
0.49188
0.49188
0.49188
0.49188
0.49188
0.49188
0.49188
0.49188
0.49188
0.49188
0.49188
0.49188
0.49188
0.491879
0.491879
0.491879
0.491879
0.491879
0.491879
0.491878
0.491878
0.491878
0.491878
0.491877
0.491877
0.491877
0.491877
0.491876
0.491876
0.491876
0.491875
0.491875
0.491875
0.491874
0.491874
0.491874
0.491873
0.491873
0.491873
0.491872
0.491872
0.491872
0.491871
0.491871
0.491871
0.49187
0.49187
0.49187
0.491869
0.491869
0.491869
0.491868
0.491868
0.491868
0.491867
0.491867
0.491867
0.491866
0.491866
0.491866
0.491865
0.491865
0.491865
0.491864
0.491864
0.491864
0.491863
0.491863
0.491863
0.491863
0.491862
0.491862
0.491862
0.491861
0.491861
0.49186
0.49186
0.49186
0.49186
0.491859
0.491859
0.491859
0.491858
0.491858
0.491858
0.491857
0.491857
0.491857
0.491856
0.491856
0.491856
0.491856
0.491855
0.491855
0.491855
0.491855
0.491854
0.491854
0.491854
0.491854
0.491854
0.491853
0.491853
0.491853
0.491853
0.491853
0.491853
0.491852
0.491852
0.491852
0.491852
0.491852
0.491851
0.491851
0.491851
0.491851
0.491851
0.49185
0.49185
0.49185
0.49185
0.49185
0.49185
0.49185
0.49185
0.49185
0.491849
0.491849
0.491849
0.491849
0.491849
0.491849
0.491849
0.491849
0.491849
0.491848
0.491848
0.491848
0.491848
0.491848
0.491847
0.491847
0.491847
0.491847
0.491846
0.491846
0.491846
0.491846
0.491845
0.491845
0.491845
0.491845
0.491845
0.491845
0.491845
0.491845
0.491844
0.491844
0.491844
0.491844
0.491844
0.491844
0.491844
0.491844
0.491844
0.491844
0.491843
0.491843
0.491843
0.491843
0.491843
0.491843
0.491843
0.491842
0.491842
0.491842
0.491842
0.491842
0.491842
0.491842
0.491842
0.491842
0.491842
0.491842
0.491842
0.491842
0.491842
0.491842
0.491842
0.491842
0.491842
0.491842
0.491842
0.491842
0.491842
0.491842
0.491842
0.491842
0.491842
0.491842
0.491842
0.491842
0.491842
0.491842
0.491842
0.491842
0.491842
0.491842
0.491842
0.491842
0.491842
0.491842
0.491842
0.491842
0.491842
0.491842
0.491842
0.491842
0.491842
0.491842
0.491842
0.491842
0.491842
0.491842
0.491842
0.491843
0.491843
0.491843
0.491843
0.491843
0.491843
0.491843
0.491843
0.491843
0.491843
0.491843
0.491843
0.491843
0.491843
0.491843
0.491843
0.491843
0.491843
0.491843
0.491843
0.491843
0.491843
0.491843
0.491843
0.491843
0.491843
0.491843
0.491843
0.491843
0.491843
0.491843
0.491843
0.491843
0.491843
0.491843
0.491843
0.491843
0.491843
0.491842
0.491842
0.491842
0.491842
0.491842
0.491841
0.491841
0.491841
0.491841
0.491841
0.491841
0.491841
0.49184
0.49184
0.49184
0.49184
0.49184
0.49184
0.49184
0.491839
0.491839
0.491839
0.491839
0.491839
0.491839
0.491839
0.491839
0.491838
0.491838
0.491838
0.491838
0.491838
0.491838
0.491838
0.491837
0.491837
0.491837
0.491837
0.491837
0.491837
0.491837
0.491836
0.491836
0.491836
0.491836
0.491836
0.491836
0.491836
0.491836
0.491835
0.491835
0.491835
0.491835
0.491835
0.491835
0.491835
0.491835
0.491834
0.491834
0.491834
0.491834
0.491833
0.491833
0.491833
0.491833
0.491832
0.491832
0.491832
0.491831
0.491831
0.491831
0.49183
0.49183
0.49183
0.491829
0.491829
0.491829
0.491829
0.491828
0.491828
0.491828
0.491827
0.491827
0.491827
0.491827
0.491826
0.491826
0.491826
0.491826
0.491825
0.491825
0.491825
0.491824
0.491824
0.491824
0.491824
0.491823
0.491823
0.491823
0.491822
0.491822
0.491822
0.491822
0.491821
0.491821
0.491821
0.49182
0.49182
0.49182
0.49182
0.491819
0.491819
0.491819
0.491819
0.491819
0.491819
0.491819
0.491818
0.491818
0.491818
0.491818
0.491818
0.491818
0.491818
0.491818
0.491818
0.491817
0.491817
0.491817
0.491817
0.491817
0.491817
0.491817
0.491817
0.491817
0.491817
0.491816
0.491816
0.491816
0.491816
0.491816
0.491816
0.491816
0.491816
0.491816
0.491816
0.491816
0.491815
0.491815
0.491815
0.491815
0.491815
0.491815
0.491815
0.491815
0.491815
0.491815
0.491815
0.491815
0.491815
0.491815
0.491814
0.491814
0.491814
0.491814
0.491814
0.491814
0.491814
0.491814
0.491814
0.491814
0.491814
0.491814
0.491814
0.491813
0.491813
0.491813
0.491813
0.491813
0.491813
0.491813
0.491813
0.491813
0.491813
0.491813
0.491812
0.491812
0.491812
0.491812
0.491812
0.491812
0.491812
0.491812
0.491812
0.491812
0.491811
0.491811
0.491811
0.491811
0.491811
0.491811
0.491811
0.491811
0.49181
0.49181
0.49181
0.49181
0.49181
0.49181
0.49181
0.49181
0.491809
0.491809
0.491809
0.491809
0.491809
0.491809
0.491809
0.491808
0.491808
0.491808
0.491808
0.491808
0.491808
0.491807
0.491807
0.491807
0.491807
0.491807
0.491807
0.491806
0.491806
0.491806
0.491806
0.491806
0.491806
0.491805
0.491805
0.491805
0.491805
0.491805
0.491805
0.491805
0.491805
0.491804
0.491804
0.491804
0.491804
0.491804
0.491804
0.491804
0.491804
0.491803
0.491803
0.491803
0.491803
0.491803
0.491803
0.491803
0.491803
0.491802
0.491802
0.491802
0.491802
0.491802
0.491802
0.491802
0.491802
0.491803
0.491803
0.491803
0.491803
0.491803
0.491803
0.491803
0.491803
0.491803
0.491803
0.491804
0.491804
0.491804
0.491804
0.491804
0.491805
0.491805
0.491805
0.491805
0.491806
0.491806
0.491806
0.491806
0.491806
0.491806
0.491806
0.491806
0.491806
0.491806
0.491807
0.491807
0.491807
0.491807
0.491807
0.491807
0.491807
0.491807
0.491807
0.491807
0.491807
0.491807
0.491807
0.491807
0.491807
0.491807
0.491807
0.491807
0.491807
0.491807
0.491807
0.491807
0.491807
0.491807
0.491807
0.491807
0.491807
0.491807
0.491806
0.491806
0.491806
0.491806
0.491806
0.491806
0.491806
0.491806
0.491806
0.491806
0.491806
0.491806
0.491806
0.491806
0.491806
0.491806
0.491806
0.491806
0.491806
0.491806
0.491806
0.491806
0.491806
0.491806
0.491806
0.491806
0.491806
0.491806
0.491806
0.491806
0.491806
0.491806
0.491806
0.491805
0.491805
0.491805
0.491805
0.491805
0.491805
0.491805
0.491805
0.491805
0.491805
0.491805
0.491805
0.491805
0.491806
0.491806
0.491806
0.491806
0.491806
0.491806
0.491806
0.491806
0.491806
0.491806
0.491806
0.491806
0.491806
0.491806
0.491806
0.491806
0.491806
0.491806
0.491806
0.491806
0.491806
0.491806
0.491806
0.491806
0.491806
0.491806
0.491806
0.491806
0.491806
0.491806
0.491806
0.491806
0.491806
0.491806
0.491806
0.491806
0.491806
0.491806
0.491806
0.491807
0.491807
0.491807
0.491807
0.491807
0.491807
0.491807
0.491807
0.491807
0.491807
0.491807
0.491807
0.491807
0.491807
0.491807
0.491807
0.491807
0.491807
0.491807
0.491807
0.491807
0.491807
0.491807
0.491807
0.491808
0.491808
0.491808
0.491808
0.491808
0.491808
0.491808
0.491808
0.491808
0.491808
0.491808
0.491808
0.491808
0.491808
0.491808
0.491808
0.491808
0.491808
0.491808
0.491808
0.491808
0.491808
0.491808
0.491807
0.491807
0.491807
0.491807
0.491807
0.491807
0.491807
0.491806
0.491806
0.491806
0.491806
0.491806
0.491806
0.491806
0.491805
0.491805
0.491805
0.491805
0.491805
0.491805
0.491805
0.491805
0.491805
0.491805
0.491805
0.491804
0.491804
0.491804
0.491804
0.491804
0.491804
0.491804
0.491803
0.491803
0.491803
0.491803
0.491803
0.491803
0.491803
0.491803
0.491802
0.491802
0.491802
0.491802
0.491802
0.491802
0.491802
0.491802
0.491802
0.491802
0.491801
0.491801
0.491801
0.491801
0.491801
0.491801
0.491801
0.4918
0.4918
0.4918
0.4918
0.4918
0.4918
0.4918
0.4918
0.4918
0.491799
0.491799
0.491799
0.491799
0.491799
0.491798
0.491798
0.491798
0.491798
0.491797
0.491797
0.491797
0.491797
0.491797
0.491796
0.491796
0.491796
0.491796
0.491795
0.491795
0.491795
0.491794
0.491794
0.491794
0.491794
0.491793
0.491793
0.491793
0.491792
0.491792
0.491792
0.491791
0.491791
0.491791
0.491791
0.49179
0.49179
0.49179
0.491789
0.491789
0.491789
0.491788
0.491788
0.491788
0.491788
0.491788
0.491788
0.491787
0.491787
0.491787
0.491787
0.491787
0.491787
0.491787
0.491787
0.491786
0.491786
0.491786
0.491786
0.491786
0.491786
0.491786
0.491786
0.491786
0.491786
0.491785
0.491785
0.491785
0.491785
0.491785
0.491785
0.491785
0.491785
0.491785
0.491785
0.491785
0.491785
0.491785
0.491785
0.491785
0.491784
0.491784
0.491784
0.491784
0.491784
0.491784
0.491784
0.491784
0.491784
0.491784
0.491784
0.491784
0.491783
0.491783
0.491783
0.491783
0.491783
0.491783
0.491783
0.491783
0.491783
0.491783
0.491782
0.491782
0.491782
0.491782
0.491782
0.491782
0.491782
0.491782
0.491782
0.491783
0.491783
0.491783
0.491783
0.491783
0.491783
0.491783
0.491783
0.491783
0.491783
0.491784
0.491784
0.491784
0.491784
0.491784
0.491784
0.491784
0.491784
0.491784
0.491784
0.491784
0.491784
0.491783
0.491783
0.491783
0.491783
0.491783
0.491783
0.491783
0.491783
0.491783
0.491783
0.491783
0.491782
0.491782
0.491782
0.491782
0.491782
0.491782
0.491782
0.491782
0.491782
0.491782
0.491782
0.491782
0.491781
0.491781
0.491781
0.491781
0.491781
0.491781
0.491781
0.491781
0.491781
0.491781
0.491781
0.491781
0.491781
0.491781
0.491782
0.491782
0.491782
0.491782
0.491782
0.491782
0.491782
0.491782
0.491783
0.491783
0.491783
0.491783
0.491783
0.491784
0.491784
0.491784
0.491784
0.491785
0.491785
0.491785
0.491785
0.491785
0.491786
0.491786
0.491786
0.491786
0.491786
0.491786
0.491786
0.491786
0.491787
0.491787
0.491787
0.491787
0.491787
0.491787
0.491787
0.491787
0.491787
0.491787
0.491788
0.491788
0.491788
0.491788
0.491788
0.491788
0.491788
0.491788
0.491788
0.491788
0.491788
0.491789
0.491789
0.491789
0.491789
0.491789
0.491789
0.491789
0.491789
0.491789
0.491789
0.491789
0.491789
0.49179
0.49179
0.49179
0.49179
0.49179
0.49179
0.49179
0.49179
0.49179
0.49179
0.49179
0.49179
0.49179
0.49179
0.49179
0.491791
0.491791
0.491791
0.491791
0.491791
0.491791
0.491791
0.491791
0.491791
0.491791
0.491791
0.491791
0.491791
0.491792
0.491792
0.491792
0.491792
0.491792
0.491793
0.491793
0.491793
0.491793
0.491794
0.491794
0.491794
0.491795
0.491795
0.491796
0.491796
0.491796
0.491797
0.491797
0.491798
0.491798
0.491798
0.491799
0.491799
0.4918
0.4918
0.491801
0.491801
0.491802
0.491802
0.491803
0.491803
0.491804
0.491804
0.491805
0.491805
0.491805
0.491806
0.491806
0.491807
0.491807
0.491808
0.491808
0.491809
0.491809
0.491809
0.49181
0.49181
0.491811
0.491811
0.491812
0.491812
0.491812
0.491813
0.491813
0.491814
0.491814
0.491814
0.491815
0.491815
0.491815
0.491816
0.491816
0.491816
0.491817
0.491817
0.491817
0.491817
0.491817
0.491818
0.491818
0.491818
0.491818
0.491818
0.491818
0.491818
0.491818
0.491818
0.491819
0.491819
0.491819
0.491819
0.491819
0.491819
0.491819
0.49182
0.49182
0.49182
0.49182
0.49182
0.491821
0.491821
0.491821
0.491821
0.491822
0.491822
0.491822
0.491823
0.491823
0.491823
0.491823
0.491824
0.491824
0.491824
0.491824
0.491825
0.491825
0.491825
0.491825
0.491826
0.491826
0.491826
0.491826
0.491827
0.491827
0.491827
0.491827
0.491827
0.491827
0.491828
0.491828
0.491828
0.491828
0.491828
0.491828
0.491829
0.491829
0.491829
0.491829
0.491829
0.491829
0.49183
0.49183
0.49183
0.49183
0.491831
0.491831
0.491831
0.491831
0.491831
0.491832
0.491832
0.491832
0.491832
0.491832
0.491832
0.491832
0.491832
0.491833
0.491833
0.491833
0.491833
0.491833
0.491833
0.491833
0.491833
0.491833
0.491833
0.491834
0.491834
0.491834
0.491834
0.491834
0.491834
0.491834
0.491835
0.491835
0.491835
0.491835
0.491835
0.491835
0.491835
0.491836
0.491836
0.491836
0.491836
0.491836
0.491836
0.491836
0.491836
0.491837
0.491837
0.491837
0.491837
0.491837
0.491837
0.491837
0.491838
0.491838
0.491838
0.491838
0.491838
0.491838
0.491838
0.491838
0.491838
0.491838
0.491838
0.491839
0.491839
0.491839
0.491839
0.491839
0.491839
0.491839
0.491839
0.491839
0.491839
0.491839
0.491839
0.491839
0.491839
0.491839
0.491839
0.491839
0.491839
0.491839
0.491839
0.491839
0.491839
0.491839
0.491839
0.491839
0.491839
0.491838
0.491838
0.491838
0.491838
0.491838
0.491838
0.491838
0.491838
0.491838
0.491838
0.491838
0.491837
0.491837
0.491837
0.491837
0.491837
0.491837
0.491836
0.491836
0.491836
0.491836
0.491835
0.491835
0.491835
0.491835
0.491834
0.491834
0.491834
0.491834
0.491833
0.491833
0.491833
0.491833
0.491833
0.491832
0.491832
0.491832
0.491832
0.491831
0.491831
0.491831
0.49183
0.49183
0.49183
0.491829
0.491829
0.491829
0.491828
0.491828
0.491828
0.491827
0.491827
0.491827
0.491826
0.491826
0.491826
0.491825
0.491825
0.491825
0.491825
0.491824
0.491824
0.491824
0.491824
0.491823
0.491823
0.491823
0.491823
0.491822
0.491822
0.491821
0.491821
0.491821
0.49182
0.49182
0.49182
0.491819
0.491819
0.491819
0.491818
0.491818
0.491818
0.491817
0.491817
0.491816
0.491816
0.491816
0.491815
0.491815
0.491815
0.491814
0.491814
0.491814
0.491813
0.491813
0.491813
0.491812
0.491812
0.491811
0.491811
0.491811
0.49181
0.49181
0.491809
0.491809
0.491809
0.491808
0.491808
0.491807
0.491807
0.491806
0.491806
0.491805
0.491805
0.491804
0.491804
0.491803
0.491803
0.491802
0.491802
0.491801
0.491801
0.4918
0.4918
0.491799
0.491798
0.491798
0.491797
0.491796
0.491796
0.491795
0.491795
0.491794
0.491793
0.491793
0.491792
0.491792
0.491791
0.491791
0.49179
0.491789
0.491789
0.491788
0.491788
0.491787
0.491787
0.491786
0.491786
0.491785
0.491785
0.491784
0.491784
0.491783
0.491783
0.491782
0.491782
0.491781
0.491781
0.491781
0.49178
0.49178
0.491803
0.491822
0.491839
0.491861
0.491882
0.491901
0.49192
0.491938
0.491956
0.491974
0.49199
0.492005
0.492025
0.492038
0.492055
0.492068
0.492088
0.492102
0.492119
0.492137
0.492151
0.492168
0.49218
0.492194
0.492208
0.492218
0.492232
0.492244
0.492258
0.492267
0.492281
0.492291
0.492305
0.492317
0.492329
0.492343
0.492358
0.492373
0.492404
0.492419
0.492435
0.492449
0.492461
0.492477
0.492488
0.492502
0.492518
0.492534
0.49255
0.492566
0.492584
0.492603
0.492623
0.492641
0.492662
0.492682
0.492705
0.492726
0.492751
0.492783
0.492813
0.492843
0.492878
0.492908
0.492943
0.49298
0.493013
0.49305
0.493083
0.493117
0.493151
0.493187
0.493223
0.493262
0.4933
0.493338
0.493375
0.493413
0.493449
0.493492
0.493534
0.493577
0.493622
0.493668
0.493713
0.493755
0.493797
0.493845
0.493887
0.493931
0.49397
0.494018
0.494061
0.494106
0.494155
0.494202
0.494248
0.494297
0.494348
0.494396
0.494446
0.494498
0.49455
0.494597
0.49465
0.494697
0.494747
0.4948
0.49485
0.494903
0.494954
0.495006
0.495057
0.49511
0.495163
0.495211
0.495263
0.495309
0.495347
0.495394
0.495441
0.495494
0.495543
0.495592
0.495642
0.495692
0.495741
0.495788
0.495835
0.49588
0.495919
0.495964
0.496005
0.496042
0.496079
0.496118
0.496152
0.496182
0.496215
0.49625
0.496281
0.496312
0.496345
0.496377
0.496405
0.496436
0.496465
0.496495
0.496527
0.496557
0.496583
0.496614
0.496646
0.496675
0.496701
0.496727
0.496756
0.496785
0.496818
0.496848
0.496881
0.496916
0.496947
0.49698
0.497013
0.497049
0.49708
0.497115
0.49715
0.497183
0.497217
0.497256
0.497294
0.497331
0.49737
0.497408
0.497443
0.497476
0.497514
0.49755
0.497586
0.497622
0.497655
0.497689
0.497727
0.497758
0.497796
0.497829
0.497863
0.497899
0.497935
0.497971
0.49801
0.498043
0.498082
0.498125
0.49816
0.4982
0.498234
0.498274
0.49831
0.49835
0.498384
0.498418
0.498453
0.498489
0.498526
0.498561
0.498591
0.498628
0.49866
0.498692
0.498722
0.498755
0.498789
0.498824
0.498853
0.498881
0.498915
0.498949
0.498987
0.499016
0.499042
0.499067
0.499093
0.499117
0.499138
0.499159
0.499184
0.499209
0.499236
0.499258
0.499279
0.49931
0.499338
0.499388
0.499412
0.499437
0.499454
0.499473
0.499496
0.499519
0.499537
0.499548
0.499562
0.499574
0.499589
0.499602
0.49961
0.499618
0.499623
0.499631
0.499637
0.499651
0.49966
0.499672
0.499684
0.499696
0.49971
0.499726
0.499739
0.499751
0.499759
0.499766
0.499776
0.499783
0.499792
0.499799
0.499812
0.499818
0.499824
0.499835
0.499846
0.499852
0.499854
0.499859
0.499863
0.499872
0.499875
0.499882
0.499885
0.499888
0.499892
0.499896
0.499901
0.499913
0.499919
0.499924
0.499928
0.49993
0.499932
0.499929
0.499935
0.499941
0.499939
0.499946
0.499946
0.499947
0.499948
0.499953
0.499958
0.499964
0.499965
0.499973
0.499977
0.499983
0.499987
0.49999
0.499987
0.499984
0.499986
0.499981
0.499979
0.499979
0.499979
0.499979
0.499978
0.499977
0.499973
0.499974
0.499972
0.499971
0.499971
0.49997
0.499969
0.499966
0.499972
0.499972
0.499977
0.499973
0.499974
0.499973
0.499972
0.499968
0.499967
0.499961
0.499956
0.499946
0.499941
0.499929
0.499922
0.499919
0.499913
0.499909
0.499906
0.499897
0.499892
0.499884
0.499879
0.499872
0.499865
0.499861
0.499853
0.499844
0.499832
0.499823
0.499813
0.499803
0.499791
0.499779
0.499764
0.499753
0.499742
0.499734
0.49972
0.499709
0.499693
0.499681
0.499666
0.499658
0.499646
0.499636
0.499619
0.499601
0.499588
0.499576
0.499562
0.499548
0.499528
0.499509
0.499493
0.499482
0.499466
0.499448
0.499423
0.499399
0.499381
0.499363
0.499347
0.499334
0.499312
0.499294
0.499276
0.49926
0.499239
0.499221
0.499201
0.499186
0.499172
0.499154
0.499136
0.49912
0.499097
0.499083
0.499068
0.499056
0.499035
0.499018
0.498998
0.498979
0.49896
0.498946
0.498933
0.498915
0.498903
0.498889
0.498873
0.498856
0.498839
0.498823
0.498801
0.498777
0.498754
0.498732
0.498714
0.498698
0.498681
0.498662
0.498647
0.498632
0.498612
0.498595
0.498574
0.498557
0.498541
0.498525
0.498512
0.498498
0.49848
0.498463
0.498446
0.498426
0.49841
0.498393
0.498375
0.498356
0.49834
0.498322
0.498299
0.49828
0.49826
0.498244
0.498225
0.498209
0.498192
0.498176
0.498158
0.498138
0.498121
0.498106
0.498088
0.498072
0.498059
0.498045
0.498026
0.498011
0.497993
0.497972
0.49795
0.497934
0.497909
0.49789
0.497869
0.497854
0.497837
0.497817
0.4978
0.497775
0.497754
0.497732
0.497707
0.49768
0.497656
0.497638
0.497618
0.497595
0.497574
0.497551
0.497522
0.497498
0.497479
0.497454
0.497432
0.497408
0.497381
0.497357
0.49733
0.497311
0.497289
0.497267
0.497245
0.497218
0.49719
0.497162
0.497133
0.497102
0.497082
0.497058
0.497031
0.497006
0.49698
0.496951
0.496926
0.496898
0.496865
0.496831
0.496796
0.496759
0.49672
0.496681
0.496642
0.496602
0.496575
0.496543
0.496511
0.496485
0.496453
0.496421
0.496393
0.496362
0.496334
0.496301
0.49627
0.49623
0.496186
0.496144
0.496107
0.496059
0.496025
0.495985
0.495948
0.495914
0.495879
0.49585
0.495813
0.495777
0.495735
0.495705
0.495668
0.495632
0.495599
0.495561
0.495525
0.495487
0.495448
0.495412
0.495372
0.495338
0.495301
0.495259
0.495221
0.495179
0.495141
0.495105
0.495066
0.495032
0.494995
0.494958
0.494919
0.494879
0.49484
0.494804
0.494769
0.494733
0.494702
0.494668
0.494629
0.49459
0.494553
0.494513
0.494478
0.494443
0.494409
0.494381
0.494342
0.494306
0.49427
0.494238
0.494209
0.494175
0.49414
0.494105
0.49407
0.494037
0.494001
0.493967
0.493933
0.493901
0.493869
0.493839
0.493807
0.493774
0.493742
0.49371
0.493681
0.493648
0.493619
0.493594
0.493566
0.493536
0.493506
0.493475
0.493447
0.493415
0.493384
0.493352
0.493326
0.493294
0.493264
0.49323
0.493198
0.493168
0.493135
0.493103
0.493073
0.493043
0.493014
0.492984
0.492954
0.492927
0.492902
0.492875
0.492847
0.492823
0.492794
0.492764
0.492735
0.492707
0.49268
0.492654
0.492625
0.492595
0.492563
0.492533
0.492504
0.492477
0.492447
0.492415
0.492385
0.492355
0.492323
0.49229
0.492258
0.492227
0.492195
0.492162
0.492131
0.492102
0.492059
0.492013
0.491969
0.491926
0.49188
0.491844
0.491808
0.491772
0.491735
0.491699
0.491662
0.491624
0.491585
0.491547
0.491511
0.491469
0.491412
0.491362
0.491309
0.491265
0.491227
0.491187
0.491147
0.491107
0.491067
0.491024
0.490983
0.490937
0.490895
0.490851
0.49081
0.49077
0.490726
0.490681
0.490639
0.490597
0.490552
0.490514
0.490468
0.490422
0.490375
0.490325
0.490276
0.490228
0.490182
0.490137
0.490087
0.490038
0.489987
0.489937
0.489884
0.489834
0.489781
0.489727
0.489651
0.489589
0.489518
0.489458
0.489405
0.489337
0.489264
0.489187
0.489115
0.489043
0.488973
0.488891
0.48881
0.488726
0.488646
0.488568
0.488492
0.488409
0.48833
0.488243
0.488159
0.488072
0.487982
0.487897
0.487806
0.487741
0.487676
0.487588
0.487497
0.487404
0.487312
0.487245
0.48717
0.487099
0.487027
0.486946
0.486872
0.486793
0.486714
0.486632
0.486565
0.486487
0.486411
0.486339
0.486264
0.486194
0.486123
0.486068
0.486021
0.485988
0.485964
0.485948
0.485944
0.485944
0.485945
0.485955
0.485967
0.48598
0.486
0.48602
0.486047
0.486081
0.486122
0.48617
0.48622
0.486272
0.48632
0.486368
0.486413
0.486455
0.486501
0.486542
0.486586
0.486634
0.486684
0.486736
0.486788
0.48684
0.486889
0.486939
0.486986
0.487033
0.487074
0.487116
0.487155
0.487195
0.487233
0.487271
0.487309
0.487345
0.487383
0.487418
0.487449
0.487476
0.487505
0.487529
0.487551
0.487569
0.487587
0.4876
0.487613
0.487626
0.487633
0.487642
0.487648
0.487656
0.487665
0.487669
0.487677
0.487683
0.487694
0.487702
0.487704
0.487712
0.48772
0.48773
0.487741
0.487753
0.487766
0.487779
0.487799
0.487812
0.48783
0.487847
0.487867
0.487885
0.487906
0.487926
0.487947
0.487969
0.48799
0.488011
0.48803
0.488049
0.488072
0.48809
0.488109
0.488129
0.488147
0.488169
0.488189
0.488211
0.488231
0.488252
0.488272
0.488293
0.488312
0.488334
0.488354
0.488374
0.488393
0.488417
0.488436
0.488461
0.48848
0.488504
0.488526
0.488546
0.488568
0.488587
0.488604
0.488621
0.488637
0.488651
0.488667
0.488682
0.488695
0.48871
0.488726
0.488738
0.488751
0.488764
0.488777
0.488789
0.488804
0.488813
0.488826
0.488835
0.488848
0.488858
0.48887
0.488877
0.488887
0.488891
0.4889
0.488908
0.488915
0.488918
0.488926
0.488933
0.488936
0.488943
0.488947
0.488951
0.488955
0.488959
0.488962
0.488963
0.488963
0.488968
0.488968
0.488968
0.488969
0.488969
0.48897
0.488968
0.488969
0.488967
0.488967
0.488967
0.488966
0.488965
0.488966
0.488965
0.488963
0.488963
0.488961
0.488961
0.488961
0.48896
0.488959
0.488958
0.488957
0.488959
0.488957
0.488955
0.488955
0.488954
0.488951
0.488947
0.488948
0.488944
0.488944
0.488942
0.488937
0.488934
0.488929
0.488923
0.488915
0.488909
0.488901
0.488895
0.488888
0.488881
0.488872
0.488865
0.488858
0.488853
0.488845
0.488838
0.48883
0.488822
0.488813
0.488805
0.488799
0.48879
0.48878
0.488771
0.488764
0.488754
0.488747
0.488737
0.488727
0.488721
0.48871
0.488704
0.488695
0.488684
0.488677
0.48867
0.488665
0.488658
0.48865
0.48864
0.488633
0.488627
0.488619
0.488611
0.4886
0.488594
0.488586
0.488577
0.488569
0.48856
0.488551
0.488542
0.488533
0.488524
0.488515
0.488506
0.488497
0.48849
0.488481
0.488476
0.488471
0.488464
0.488455
0.48845
0.488446
0.488441
0.488436
0.488427
0.488423
0.488416
0.488407
0.488405
0.488396
0.488389
0.488382
0.488375
0.488366
0.48836
0.488353
0.488346
0.488337
0.488333
0.488326
0.48832
0.488313
0.488303
0.488296
0.488288
0.48828
0.48827
0.488262
0.488252
0.488245
0.488233
0.488223
0.488212
0.488202
0.488191
0.48818
0.488169
0.48816
0.488148
0.488139
0.488126
0.488118
0.488109
0.4881
0.48809
0.488079
0.488068
0.488058
0.488048
0.488037
0.488027
0.488017
0.488002
0.487992
0.48798
0.487968
0.487958
0.487944
0.487934
0.487922
0.487914
0.487904
0.487893
0.487883
0.487874
0.487862
0.487855
0.487848
0.487839
0.48783
0.487822
0.487815
0.487807
0.487801
0.487793
0.487787
0.487778
0.487773
0.487765
0.487759
0.487754
0.487744
0.487736
0.487728
0.48772
0.487712
0.487705
0.487694
0.487687
0.487677
0.487667
0.487657
0.48765
0.48764
0.487631
0.487622
0.487612
0.487601
0.487592
0.487583
0.487576
0.487567
0.487561
0.487554
0.487548
0.487541
0.487535
0.487529
0.487521
0.487515
0.487515
0.487509
0.487503
0.487497
0.487492
0.487486
0.487483
0.487477
0.487472
0.487466
0.487461
0.487455
0.48745
0.487445
0.48744
0.487435
0.487428
0.487424
0.487419
0.487417
0.48741
0.487405
0.487399
0.487395
0.487391
0.487387
0.487387
0.487383
0.487379
0.487378
0.487376
0.487372
0.487371
0.487374
0.487373
0.487374
0.487375
0.487381
0.487383
0.487388
0.487392
0.487396
0.487404
0.487408
0.487417
0.487426
0.487434
0.487448
0.487456
0.48747
0.487485
0.487501
0.487521
0.487537
0.487557
0.487578
0.487605
0.487629
0.487652
0.487679
0.487706
0.487729
0.487755
0.487785
0.487816
0.487847
0.487881
0.487914
0.487948
0.487984
0.488017
0.488057
0.488098
0.488136
0.488174
0.488214
0.488258
0.488301
0.488349
0.488402
0.488453
0.48851
0.488568
0.488625
0.48869
0.488753
0.488816
0.488877
0.48894
0.489002
0.489063
0.489127
0.489196
0.489266
0.489341
0.489417
0.489489
0.489567
0.489645
0.48972
0.4898
0.489873
0.489952
0.490031
0.490113
0.490199
0.490275
0.490363
0.490453
0.49055
0.490648
0.49074
0.490838
0.490928
0.49103
0.491131
0.491231
0.491329
0.491422
0.491514
0.491603
0.491705
0.491805
0.491893
0.491986
0.492081
0.492183
0.492277
0.49238
0.492484
0.492587
0.492691
0.492789
0.492885
0.492985
0.493093
0.493195
0.493293
0.493393
0.493502
0.493603
0.493709
0.493802
0.493895
0.493993
0.494099
0.494206
0.49429
0.494379
0.494481
0.494584
0.494681
0.494769
0.494862
0.494962
0.495061
0.495162
0.495245
0.495329
0.495434
0.495533
0.495625
0.495709
0.495811
0.495906
0.496001
0.496096
0.496194
0.496292
0.496376
0.496478
0.496579
0.496674
0.496773
0.496874
0.496973
0.497065
0.497161
0.497258
0.497347
0.497442
0.497538
0.49763
0.49772
0.497812
0.497911
0.498005
0.498092
0.498187
0.498281
0.498371
0.498462
0.498554
0.498651
0.498738
0.498833
0.498934
0.499023
0.4991
0.499187
0.499274
0.499359
0.499446
0.499535
0.499621
0.499702
0.499778
0.499864
0.499949
0.500029
0.500109
0.500193
0.500276
0.500344
0.500409
0.500488
0.500565
0.50064
0.500714
0.500791
0.500862
0.500933
0.501001
0.501072
0.501139
0.501202
0.501267
0.501336
0.501402
0.501458
0.501516
0.501576
0.501637
0.501691
0.501748
0.501803
0.501856
0.50191
0.501969
0.502019
0.502067
0.502115
0.502164
0.502212
0.502258
0.502306
0.502353
0.502395
0.502439
0.502483
0.502519
0.502558
0.502604
0.502641
0.502676
0.502714
0.502754
0.502792
0.502827
0.50286
0.502898
0.502933
0.502965
0.503001
0.503035
0.50307
0.503108
0.503147
0.503179
0.503215
0.503252
0.503281
0.503314
0.503353
0.503381
0.503398
0.503439
0.503467
0.503493
0.50352
0.503554
0.50358
0.503604
0.503634
0.503654
0.503677
0.503711
0.50373
0.503742
0.503759
0.503808
0.503818
0.503831
0.503844
0.503849
0.503852
0.503863
0.503875
0.503884
0.503884
0.503892
0.503896
0.5039
0.503896
0.5039
0.503903
0.503901
0.503902
0.503901
0.503898
0.503893
0.503887
0.503882
0.503873
0.503863
0.503855
0.503853
0.503845
0.503834
0.503819
0.503807
0.503793
0.503781
0.50377
0.503758
0.503741
0.503727
0.503709
0.503696
0.503682
0.503664
0.503645
0.50363
0.503614
0.503593
0.503568
0.503542
0.503525
0.503503
0.503478
0.503455
0.503431
0.503407
0.503381
0.503352
0.50333
0.503302
0.503276
0.503247
0.503219
0.503192
0.503163
0.503134
0.5031
0.503069
0.503038
0.503009
0.502978
0.502944
0.502909
0.502874
0.502838
0.502799
0.502765
0.502727
0.502691
0.502655
0.502614
0.502573
0.502537
0.502492
0.502449
0.502403
0.502364
0.502318
0.502274
0.502226
0.502181
0.502138
0.502089
0.502044
0.501995
0.501948
0.501896
0.501846
0.501794
0.501747
0.501698
0.501648
0.501595
0.501547
0.501495
0.501439
0.501388
0.501332
0.50128
0.501226
0.501171
0.501116
0.501059
0.501003
0.500944
0.500888
0.500827
0.500769
0.500715
0.500658
0.500603
0.50055
0.500497
0.500447
0.500393
0.500331
0.500265
0.500207
0.50015
0.500092
0.500035
0.499977
0.499912
0.499854
0.4998
0.499741
0.499682
0.499618
0.499555
0.499492
0.499423
0.499359
0.499293
0.499227
0.499163
0.499103
0.499037
0.49897
0.498908
0.498844
0.498773
0.49871
0.498641
0.49858
0.498516
0.498448
0.498379
0.498307
0.498238
0.498171
0.4981
0.498027
0.497959
0.497886
0.497819
0.497749
0.497675
0.497594
0.497517
0.49744
0.497369
0.497295
0.497215
0.497142
0.497062
0.496987
0.496912
0.496835
0.496757
0.496678
0.496597
0.496521
0.496444
0.496362
0.496286
0.496204
0.496126
0.496048
0.495963
0.495883
0.495801
0.495721
0.495641
0.495556
0.495474
0.495395
0.495313
0.495239
0.495168
0.495088
0.495006
0.494929
0.494847
0.494768
0.494692
0.494609
0.494537
0.494464
0.494381
0.494301
0.49422
0.494141
0.49406
0.493981
0.493899
0.49382
0.493744
0.493665
0.493565
0.493471
0.493378
0.493298
0.493213
0.493135
0.493073
0.493009
0.492941
0.492872
0.492808
0.492742
0.492676
0.492608
0.492542
0.492475
0.492406
0.492343
0.492275
0.492208
0.492141
0.492075
0.49201
0.491946
0.491883
0.491826
0.491764
0.491705
0.491655
0.491602
0.491548
0.491494
0.491442
0.491392
0.491342
0.491292
0.491243
0.491197
0.49115
0.491104
0.49106
0.491017
0.49097
0.490928
0.490888
0.490847
0.490809
0.490776
0.490744
0.490714
0.490691
0.490664
0.490636
0.490614
0.490592
0.490569
0.490553
0.490534
0.490519
0.490509
0.490496
0.490485
0.490478
0.49047
0.490465
0.490457
0.490451
0.490446
0.490441
0.490438
0.490437
0.490437
0.490436
0.490437
0.490435
0.490437
0.490441
0.490447
0.490453
0.490459
0.490469
0.490479
0.490492
0.490507
0.490519
0.490531
0.490544
0.490556
0.49057
0.490583
0.490596
0.490608
0.490621
0.490631
0.490641
0.490655
0.490666
0.490679
0.490695
0.490708
0.490722
0.490737
0.490751
0.490768
0.490783
0.4908
0.490813
0.49083
0.490848
0.490866
0.490886
0.490904
0.490925
0.490942
0.490964
0.490987
0.491006
0.49103
0.491057
0.491076
0.491099
0.49112
0.491144
0.491165
0.491186
0.491207
0.491225
0.491244
0.491261
0.491279
0.491297
0.491319
0.491337
0.491357
0.491376
0.491396
0.491417
0.491435
0.491458
0.491478
0.491474
0.49147
0.491466
0.491462
0.491458
0.491455
0.491451
0.491447
0.491444
0.49144
0.491436
0.491433
0.491429
0.491425
0.491421
0.491418
0.491414
0.49141
0.491407
0.491403
0.491399
0.491396
0.491392
0.491389
0.491385
0.491381
0.491378
0.491374
0.491371
0.491368
0.491364
0.491361
0.491358
0.491354
0.491351
0.491348
0.491345
0.491342
0.491339
0.491336
0.491333
0.49133
0.491327
0.491324
0.491321
0.491319
0.491316
0.491313
0.49131
0.491308
0.491305
0.491302
0.4913
0.491297
0.491294
0.491292
0.491289
0.491287
0.491284
0.491282
0.491279
0.491277
0.491274
0.491272
0.491269
0.491267
0.491264
0.491262
0.491259
0.491257
0.491254
0.491252
0.49125
0.491247
0.491245
0.491243
0.491241
0.491238
0.491236
0.491234
0.491231
0.491229
0.491227
0.491225
0.491222
0.49122
0.491218
0.491216
0.491214
0.491211
0.491209
0.491207
0.491204
0.491202
0.4912
0.491198
0.491195
0.491193
0.491191
0.491188
0.491186
0.491184
0.491181
0.491179
0.491177
0.491175
0.491172
0.49117
0.491168
0.491166
0.491163
0.491161
0.491159
0.491157
0.491155
0.491153
0.491151
0.491149
0.491146
0.491144
0.491142
0.49114
0.491138
0.491136
0.491134
0.491133
0.491131
0.491129
0.491127
0.491125
0.491124
0.491122
0.49112
0.491118
0.491117
0.491115
0.491113
0.491112
0.49111
0.491109
0.491107
0.491105
0.491104
0.491102
0.491101
0.491099
0.491098
0.491096
0.491095
0.491093
0.491092
0.491091
0.491089
0.491088
0.491086
0.491085
0.491083
0.491082
0.491081
0.491079
0.491078
0.491076
0.491075
0.491073
0.491072
0.491071
0.491069
0.491068
0.491067
0.491065
0.491064
0.491063
0.491061
0.49106
0.491059
0.491057
0.491056
0.491055
0.491054
0.491052
0.491051
0.49105
0.491049
0.491048
0.491046
0.491045
0.491044
0.491043
0.491042
0.491041
0.49104
0.491039
0.491038
0.491037
0.491036
0.491035
0.491034
0.491033
0.491032
0.491031
0.491031
0.49103
0.491029
0.491028
0.491027
0.491027
0.491026
0.491025
0.491024
0.491023
0.491023
0.491022
0.491021
0.491021
0.49102
0.49102
0.491019
0.491019
0.491018
0.491018
0.491017
0.491017
0.491017
0.491016
0.491016
0.491016
0.491015
0.491015
0.491015
0.491015
0.491014
0.491014
0.491014
0.491014
0.491014
0.491013
0.491013
0.491013
0.491013
0.491012
0.491012
0.491011
0.491011
0.491011
0.49101
0.49101
0.49101
0.491009
0.491009
0.491008
0.491008
0.491008
0.491007
0.491007
0.491006
0.491006
0.491005
0.491005
0.491005
0.491004
0.491004
0.491004
0.491003
0.491003
0.491002
0.491002
0.491002
0.491002
0.491001
0.491001
0.491001
0.491001
0.491
0.491
0.491
0.491
0.490999
0.490999
0.490999
0.490999
0.490999
0.490999
0.490998
0.490998
0.490998
0.490998
0.490998
0.490997
0.490997
0.490997
0.490997
0.490996
0.490996
0.490996
0.490995
0.490995
0.490995
0.490994
0.490994
0.490994
0.490994
0.490993
0.490993
0.490993
0.490992
0.490992
0.490992
0.490991
0.490991
0.490996
0.491
0.491003
0.491007
0.49101
0.491013
0.491015
0.491019
0.491021
0.491025
0.491028
0.491031
0.491035
0.491037
0.491043
0.491047
0.491052
0.491053
0.49106
0.491067
0.49107
0.491075
0.491079
0.491083
0.491087
0.491091
0.491095
0.491099
0.491105
0.491106
0.49111
0.491115
0.491117
0.491121
0.491122
0.491128
0.491132
0.491136
0.491138
0.491142
0.491148
0.491155
0.491159
0.491167
0.491171
0.491178
0.491181
0.491186
0.491188
0.491195
0.491201
0.491208
0.491213
0.491218
0.491226
0.491231
0.491237
0.491246
0.491248
0.491253
0.491257
0.491264
0.491269
0.491275
0.491277
0.491284
0.491288
0.491298
0.4913
0.491309
0.491311
0.491319
0.491321
0.491328
0.491331
0.491341
0.491349
0.491355
0.491358
0.491363
0.491371
0.491379
0.491384
0.491395
0.491402
0.491403
0.491405
0.491408
0.491411
0.491413
0.491418
0.49142
0.491422
0.49142
0.491423
0.491426
0.49143
0.491433
0.491433
0.491433
0.491429
0.49143
0.491427
0.491426
0.491425
0.491422
0.491421
0.491417
0.491415
0.491408
0.491402
0.491398
0.491389
0.491384
0.491381
0.491382
0.491377
0.491372
0.491364
0.491355
0.491347
0.491341
0.491334
0.491327
0.49132
0.491311
0.491301
0.491292
0.491284
0.491276
0.491265
0.491253
0.491241
0.491233
0.491225
0.491212
0.491202
0.491192
0.49118
0.491164
0.49115
0.491139
0.49113
0.49112
0.491107
0.491097
0.49108
0.491069
0.491058
0.49105
0.491039
0.491023
0.491012
0.491001
0.490989
0.49098
0.49097
0.490959
0.490944
0.490929
0.490915
0.490902
0.490887
0.490875
0.490863
0.490855
0.49084
0.490828
0.490816
0.490802
0.490792
0.49078
0.490768
0.490754
0.490739
0.490721
0.490704
0.490687
0.490667
0.490654
0.49064
0.490624
0.490611
0.49059
0.490573
0.490554
0.490532
0.490517
0.490499
0.49048
0.490457
0.490436
0.490413
0.490392
0.490374
0.490354
0.490333
0.490311
0.490286
0.490262
0.490235
0.490211
0.490189
0.490165
0.490148
0.490125
0.490101
0.490079
0.490057
0.490032
0.490008
0.489985
0.489962
0.489939
0.489913
0.489885
0.489859
0.489832
0.489807
0.489782
0.489761
0.489736
0.489714
0.48969
0.489662
0.489638
0.489614
0.489586
0.489563
0.489539
0.489511
0.489486
0.489458
0.489424
0.489391
0.489361
0.489327
0.489293
0.489264
0.489239
0.489212
0.489183
0.489156
0.48913
0.489102
0.489073
0.489043
0.489015
0.488984
0.488959
0.488928
0.488901
0.488874
0.48885
0.488824
0.488797
0.488767
0.488737
0.488708
0.488673
0.488642
0.488614
0.488585
0.488551
0.488526
0.488483
0.488446
0.488368
0.48833
0.488289
0.488251
0.488209
0.488168
0.488124
0.488039
0.487996
0.487954
0.48786
0.487814
0.48777
0.48773
0.487686
0.487641
0.487596
0.487512
0.487472
0.487435
0.487396
0.487356
0.48731
0.487261
0.487213
0.487163
0.487123
0.487082
0.487038
0.486997
0.486953
0.486907
0.486865
0.48683
0.486792
0.486751
0.486715
0.486672
0.48663
0.486587
0.486542
0.486504
0.486456
0.486413
0.486374
0.486331
0.486294
0.486253
0.486211
0.486172
0.48613
0.48609
0.486046
0.486009
0.485968
0.485927
0.485887
0.485844
0.485802
0.485762
0.485717
0.485677
0.485639
0.485598
0.485561
0.485522
0.48548
0.485439
0.485401
0.485362
0.485323
0.485284
0.485251
0.485214
0.485178
0.485137
0.4851
0.485058
0.48502
0.484978
0.484941
0.484903
0.484868
0.48483
0.484797
0.484761
0.48473
0.484698
0.48466
0.484627
0.484591
0.484557
0.484523
0.484494
0.48446
0.484429
0.484397
0.484365
0.484331
0.484293
0.484261
0.484225
0.484189
0.484155
0.484123
0.484091
0.484057
0.484025
0.483995
0.483963
0.483932
0.4839
0.483873
0.483842
0.483811
0.483782
0.483751
0.483722
0.483697
0.483669
0.483636
0.483609
0.483577
0.483543
0.483511
0.483471
0.483437
0.483404
0.483365
0.483329
0.483296
0.483261
0.483227
0.483191
0.483155
0.483118
0.483078
0.483039
0.482998
0.482955
0.482912
0.482871
0.48283
0.482791
0.48275
0.482706
0.482668
0.482618
0.482567
0.482515
0.482469
0.48242
0.482364
0.482311
0.482255
0.482199
0.482143
0.482082
0.482024
0.481961
0.481899
0.481834
0.481774
0.48171
0.481648
0.481585
0.48152
0.481462
0.481401
0.481342
0.48128
0.481218
0.481156
0.481094
0.481035
0.480972
0.480907
0.480844
0.480779
0.480713
0.480649
0.480576
0.480504
0.480433
0.480359
0.480287
0.480213
0.480136
0.48006
0.479989
0.479913
0.479842
0.479769
0.479697
0.479622
0.479547
0.479472
0.479373
0.479296
0.479209
0.479117
0.47904
0.478947
0.478861
0.47878
0.478699
0.478634
0.478566
0.478496
0.47843
0.47836
0.478291
0.478222
0.478155
0.478087
0.478022
0.477956
0.477889
0.477827
0.477759
0.477693
0.477629
0.477566
0.477506
0.477447
0.477384
0.477326
0.477268
0.477212
0.477155
0.477102
0.477047
0.476992
0.476934
0.476881
0.476827
0.476772
0.476714
0.476661
0.476609
0.476555
0.476502
0.47645
0.476402
0.476352
0.476304
0.476259
0.476209
0.476161
0.476113
0.476072
0.476024
0.475979
0.475935
0.47589
0.475849
0.475805
0.475766
0.475725
0.475686
0.475647
0.475606
0.475571
0.475532
0.475498
0.475462
0.475425
0.475389
0.475353
0.475323
0.475291
0.475254
0.475219
0.475183
0.475153
0.475124
0.475086
0.475053
0.475019
0.474992
0.474961
0.474928
0.474897
0.474866
0.474838
0.474805
0.474777
0.474744
0.474715
0.474689
0.474663
0.474634
0.474604
0.474573
0.474541
0.474512
0.474482
0.474452
0.474423
0.474395
0.474369
0.474348
0.474317
0.474291
0.474265
0.474237
0.474208
0.474178
0.474152
0.474124
0.474098
0.47407
0.474045
0.474021
0.473998
0.473975
0.473954
0.473936
0.473915
0.473895
0.473874
0.473856
0.473835
0.473817
0.473801
0.473783
0.473767
0.473754
0.47374
0.473729
0.473719
0.473705
0.473697
0.473684
0.473676
0.473668
0.473659
0.473656
0.47365
0.473647
0.473646
0.473646
0.473647
0.473649
0.473651
0.473653
0.473658
0.47366
0.473665
0.473672
0.473681
0.473687
0.473697
0.473706
0.473711
0.473721
0.473732
0.473746
0.473753
0.473767
0.473779
0.473791
0.4738
0.473809
0.473821
0.473831
0.47384
0.473849
0.473859
0.473869
0.473876
0.473882
0.473887
0.473894
0.473903
0.473903
0.473905
0.473908
0.47391
0.47391
0.473909
0.473907
0.473906
0.473908
0.473907
0.473905
0.473901
0.473901
0.473893
0.473887
0.473882
0.473878
0.47387
0.473862
0.473857
0.473849
0.473838
0.473828
0.473817
0.473807
0.473799
0.473789
0.473778
0.473763
0.473751
0.473733
0.473716
0.4737
0.473685
0.47367
0.473655
0.473639
0.473622
0.473606
0.473586
0.473569
0.473553
0.473538
0.473525
0.473514
0.47351
0.473508
0.47351
0.47351
0.473515
0.473517
0.473518
0.473522
0.473527
0.473527
0.47353
0.473536
0.473544
0.473549
0.473557
0.473568
0.473578
0.473589
0.473602
0.473615
0.473632
0.473649
0.473668
0.473687
0.473708
0.47373
0.473744
0.473761
0.47378
0.473796
0.47381
0.473827
0.473838
0.473855
0.473871
0.473882
0.473898
0.473912
0.473924
0.473935
0.473946
0.47396
0.473968
0.473979
0.473986
0.473997
0.474004
0.474012
0.47402
0.474027
0.474032
0.47404
0.474045
0.474052
0.474057
0.474065
0.474072
0.474077
0.474084
0.474091
0.474096
0.474104
0.474108
0.474115
0.47412
0.474127
0.474134
0.474138
0.474145
0.474152
0.474159
0.474163
0.47417
0.474177
0.474182
0.474188
0.474195
0.4742
0.474207
0.474212
0.474218
0.474223
0.474228
0.474233
0.47424
0.474244
0.474251
0.474258
0.474265
0.474272
0.47428
0.474284
0.474291
0.474298
0.474308
0.474315
0.474322
0.474329
0.474336
0.474347
0.474354
0.474362
0.474369
0.474376
0.474383
0.474393
0.474402
0.47441
0.474419
0.474426
0.474436
0.474443
0.474452
0.47446
0.474467
0.474477
0.474485
0.474492
0.474502
0.47451
0.474518
0.474526
0.474533
0.474539
0.474547
0.474555
0.474563
0.474571
0.474579
0.474587
0.474592
0.474598
0.474605
0.474613
0.474621
0.474629
0.474637
0.474645
0.474653
0.474661
0.474668
0.474676
0.474684
0.474692
0.4747
0.474708
0.474716
0.474726
0.474734
0.474742
0.47475
0.474758
0.474768
0.474776
0.474787
0.474795
0.474805
0.474816
0.474826
0.474834
0.474844
0.474855
0.474863
0.474873
0.474883
0.474893
0.474903
0.474913
0.474923
0.474933
0.474945
0.474957
0.474967
0.474979
0.474991
0.475003
0.475013
0.475027
0.475042
0.475054
0.475067
0.475082
0.475096
0.475111
0.475128
0.475143
0.47516
0.475173
0.475187
0.475202
0.475217
0.475234
0.475251
0.475264
0.475282
0.475297
0.475312
0.475326
0.475341
0.475356
0.475373
0.47539
0.475409
0.475429
0.47545
0.475471
0.475492
0.475516
0.475539
0.475562
0.475586
0.475609
0.475635
0.475661
0.475689
0.475717
0.475745
0.475773
0.475794
0.475823
0.475855
0.475881
0.475916
0.475948
0.475976
0.476008
0.476045
0.476078
0.476112
0.476149
0.476188
0.476224
0.476265
0.476304
0.476347
0.476385
0.47643
0.47647
0.476515
0.476553
0.476588
0.47663
0.476668
0.476701
0.476734
0.476769
0.476802
0.476839
0.476877
0.476918
0.476957
0.476999
0.477048
0.477096
0.477139
0.477189
0.477238
0.477277
0.477322
0.477362
0.477403
0.477443
0.477483
0.477519
0.477562
0.477598
0.47764
0.477682
0.477728
0.477779
0.477829
0.477882
0.477932
0.477982
0.478041
0.478099
0.47816
0.478216
0.478277
0.478337
0.478401
0.478465
0.478527
0.478588
0.47865
0.478711
0.478766
0.478826
0.478891
0.478956
0.479025
0.479086
0.479149
0.479215
0.479286
0.479363
0.479437
0.479514
0.479592
0.47967
0.479751
0.479833
0.479913
0.480003
0.480078
0.480158
0.480244
0.480331
0.480411
0.480497
0.480578
0.480669
0.480759
0.480851
0.480943
0.481033
0.48112
0.481211
0.481308
0.481403
0.481503
0.4816
0.481694
0.481792
0.481896
0.482002
0.482102
0.482208
0.48231
0.482412
0.482513
0.482619
0.482719
0.48282
0.48292
0.48302
0.48312
0.48322
0.483318
0.483422
0.48352
0.483626
0.483728
0.483831
0.483934
0.484037
0.484136
0.484243
0.484349
0.484453
0.484556
0.484655
0.484759
0.484862
0.484959
0.485058
0.485156
0.485253
0.48535
0.485445
0.48554
0.485632
0.485723
0.485823
0.485919
0.48602
0.486109
0.486194
0.486286
0.486379
0.48647
0.486559
0.486649
0.486736
0.486826
0.486915
0.487003
0.487082
0.487162
0.487244
0.487329
0.487413
0.487493
0.487569
0.487653
0.487738
0.487817
0.487894
0.487966
0.488043
0.48812
0.488196
0.488268
0.488336
0.488407
0.48848
0.488552
0.488621
0.48869
0.488759
0.48883
0.488893
0.488959
0.489026
0.489094
0.489158
0.489218
0.489279
0.489334
0.489396
0.48946
0.489522
0.489579
0.489637
0.4897
0.489755
0.489813
0.489867
0.489921
0.489976
0.490043
0.490101
0.49016
0.490225
0.490291
0.490341
0.490401
0.490459
0.490519
0.490582
0.49064
0.490699
0.490759
0.490812
0.490869
0.490925
0.490981
0.491038
0.491089
0.491144
0.491188
0.491242
0.491294
0.491349
0.491451
0.491499
0.491557
0.491605
0.491647
0.49169
0.491735
0.491786
0.491864
0.491895
0.491924
0.491955
0.49199
0.49204
0.492118
0.492146
0.492185
0.492224
0.492269
0.492349
0.492384
0.492421
0.492458
0.492496
0.492524
0.492556
0.492587
0.492614
0.492641
0.492666
0.492689
0.492709
0.492727
0.49275
0.492772
0.492803
0.492831
0.492856
0.492882
0.492904
0.492927
0.492957
0.492979
0.493007
0.493034
0.493055
0.493077
0.493091
0.493107
0.493118
0.493133
0.49315
0.493166
0.493182
0.493196
0.493209
0.493229
0.493244
0.49326
0.493273
0.493286
0.493293
0.493305
0.493318
0.493333
0.493344
0.493354
0.493363
0.493377
0.493388
0.4934
0.49341
0.493445
0.493453
0.493464
0.493474
0.493482
0.493489
0.493501
0.493511
0.49352
0.493524
0.493531
0.493538
0.493545
0.49355
0.493553
0.493556
0.493562
0.493569
0.493575
0.493576
0.493578
0.493572
0.493575
0.493574
0.493574
0.493575
0.493574
0.493576
0.493575
0.49357
0.493568
0.493563
0.493559
0.493557
0.49355
0.493544
0.493539
0.493527
0.493524
0.493518
0.493511
0.493503
0.493493
0.493483
0.493475
0.493464
0.493453
0.493442
0.493428
0.493416
0.493402
0.49339
0.493376
0.493363
0.49335
0.493337
0.493323
0.493304
0.493287
0.493272
0.493258
0.493244
0.493227
0.493209
0.493189
0.493174
0.493158
0.493141
0.493123
0.493104
0.493088
0.49307
0.493056
0.493036
0.493013
0.492989
0.492966
0.492944
0.492926
0.492902
0.492881
0.492856
0.492832
0.49281
0.492787
0.492765
0.49274
0.492717
0.492694
0.492667
0.492642
0.492622
0.492594
0.492573
0.492544
0.492518
0.492496
0.492471
0.492449
0.492423
0.492402
0.492377
0.492352
0.492329
0.492305
0.492281
0.492257
0.492232
0.492208
0.492183
0.492157
0.49213
0.492102
0.492076
0.492047
0.492023
0.492002
0.49198
0.491961
0.491938
0.491915
0.491891
0.491867
0.491844
0.491821
0.4918
0.491775
0.491752
0.491727
0.491702
0.491682
0.491658
0.491638
0.491619
0.491595
0.491574
0.491549
0.491523
0.491494
0.491453
0.491433
0.491413
0.491392
0.491375
0.491357
0.491339
0.491319
0.491302
0.491283
0.491264
0.491245
0.491221
0.491204
0.491186
0.491168
0.491152
0.491133
0.491113
0.491088
0.491066
0.491041
0.49102
0.491
0.490982
0.490967
0.49095
0.490931
0.490911
0.490896
0.490878
0.490859
0.49084
0.490823
0.490802
0.490784
0.490766
0.490744
0.490723
0.490706
0.49069
0.490672
0.490654
0.490638
0.490617
0.490602
0.490578
0.490557
0.490534
0.490512
0.490493
0.490475
0.490453
0.49043
0.490408
0.490385
0.490363
0.490343
0.490323
0.490302
0.490287
0.490266
0.490247
0.490227
0.490206
0.490183
0.490163
0.490144
0.490123
0.4901
0.490079
0.490056
0.490032
0.49001
0.489989
0.489968
0.489943
0.489925
0.489903
0.489881
0.489859
0.48984
0.489822
0.489807
0.48979
0.489774
0.489759
0.489741
0.489723
0.489705
0.489689
0.489673
0.489654
0.489636
0.489617
0.489601
0.489586
0.489567
0.489553
0.489538
0.489521
0.489503
0.489488
0.489484
0.48948
0.489477
0.489473
0.48947
0.489466
0.489463
0.489459
0.489456
0.489452
0.489449
0.489445
0.489442
0.489439
0.489435
0.489432
0.489429
0.489425
0.489422
0.489419
0.489416
0.489413
0.48941
0.489406
0.489403
0.4894
0.489397
0.489394
0.48939
0.489387
0.489384
0.489381
0.489378
0.489375
0.489372
0.489369
0.489366
0.489363
0.489359
0.489356
0.489353
0.48935
0.489347
0.489344
0.489341
0.489338
0.489335
0.489332
0.48933
0.489327
0.489324
0.489321
0.489318
0.489315
0.489313
0.48931
0.489308
0.489305
0.489302
0.4893
0.489297
0.489295
0.489292
0.489289
0.489287
0.489284
0.489282
0.489279
0.489277
0.489274
0.489272
0.48927
0.489267
0.489265
0.489262
0.48926
0.489258
0.489256
0.489254
0.489251
0.489249
0.489247
0.489245
0.489243
0.489241
0.489239
0.489237
0.489234
0.489232
0.48923
0.489228
0.489226
0.489224
0.489222
0.489221
0.489219
0.489217
0.489215
0.489213
0.489211
0.489209
0.489207
0.489205
0.489203
0.489202
0.4892
0.489198
0.489196
0.489194
0.489192
0.48919
0.489189
0.489187
0.489185
0.489183
0.489181
0.48918
0.489178
0.489176
0.489174
0.489172
0.489171
0.489169
0.489167
0.489166
0.489164
0.489162
0.489161
0.489159
0.489158
0.489156
0.489155
0.489153
0.489152
0.48915
0.489149
0.489147
0.489146
0.489144
0.489143
0.489142
0.48914
0.489139
0.489137
0.489136
0.489135
0.489134
0.489132
0.489131
0.48913
0.489128
0.489127
0.489126
0.489125
0.489124
0.489123
0.489121
0.48912
0.489119
0.489118
0.489117
0.489116
0.489115
0.489114
0.489113
0.489112
0.489111
0.48911
0.489109
0.489108
0.489107
0.489106
0.489105
0.489104
0.489103
0.489102
0.489102
0.489101
0.4891
0.489099
0.489098
0.489098
0.489097
0.489096
0.489095
0.489095
0.489094
0.489093
0.489093
0.489092
0.489092
0.489091
0.48909
0.48909
0.489089
0.489089
0.489088
0.489088
0.489087
0.489087
0.489086
0.489085
0.489085
0.489084
0.489084
0.489083
0.489083
0.489082
0.489082
0.489081
0.48908
0.48908
0.489079
0.489079
0.489078
0.489078
0.489078
0.489077
0.489077
0.489077
0.489076
0.489076
0.489076
0.489076
0.489075
0.489075
0.489075
0.489075
0.489075
0.489074
0.489074
0.489074
0.489074
0.489074
0.489073
0.489073
0.489073
0.489073
0.489073
0.489072
0.489072
0.489072
0.489072
0.489072
0.489072
0.489072
0.489072
0.489072
0.489072
0.489071
0.489071
0.489071
0.489071
0.489071
0.489071
0.489071
0.489071
0.489071
0.489071
0.489071
0.489071
0.489071
0.489071
0.489071
0.489071
0.489071
0.489071
0.489071
0.489071
0.489071
0.489071
0.489071
0.489071
0.489071
0.489071
0.489071
0.489071
0.489071
0.489071
0.489071
0.489071
0.489071
0.489071
0.489071
0.48907
0.48907
0.48907
0.48907
0.48907
0.48907
0.489069
0.489069
0.489069
0.489069
0.489069
0.489068
0.489068
0.489067
0.489067
0.489066
0.489066
0.489065
0.489065
0.489065
0.489064
0.489064
0.489063
0.489063
0.489062
0.489062
0.489061
0.489061
0.48906
0.489059
0.489059
0.489058
0.489058
0.489057
0.489057
0.489057
0.489056
0.489056
0.489055
0.489055
0.489054
0.489054
0.489053
0.489053
0.489053
0.489052
0.489052
0.489052
0.489051
0.489051
0.489051
0.48905
0.48905
0.48905
0.48905
0.489049
0.489049
0.489049
0.489049
0.489049
0.489049
0.489049
0.489048
0.489048
0.489048
0.489048
0.489048
0.489048
0.489048
0.489047
0.489047
0.489047
0.489047
0.489047
0.489047
0.489047
0.489047
0.489047
0.489047
0.489047
0.489047
0.489047
0.489046
0.489046
0.489046
0.489046
0.489046
0.489046
0.489046
0.489046
0.489046
0.489046
0.489046
0.489046
0.489046
0.489046
0.489046
0.489046
0.489046
0.489046
0.489047
0.489047
0.489047
0.489047
0.489047
0.489047
0.489047
0.489047
0.489048
0.489048
0.489048
0.489048
0.489048
0.489048
0.489048
0.489048
0.489048
0.489048
0.489048
0.489048
0.489048
0.489048
0.489048
0.489048
0.489048
0.489048
0.489048
0.489048
0.489048
0.489048
0.489048
0.489048
0.489048
0.489048
0.489048
0.489048
0.489048
0.489048
0.489048
0.489048
0.489048
0.489048
0.489047
0.489047
0.489047
0.489047
0.489047
0.489047
0.489047
0.489047
0.489047
0.489047
0.489047
0.489047
0.489047
0.489047
0.489047
0.489047
0.489047
0.489047
0.489047
0.489047
0.489047
0.489048
0.489048
0.489048
0.489048
0.489048
0.489048
0.489048
0.489049
0.489049
0.489049
0.489049
0.489049
0.48905
0.48905
0.48905
0.489051
0.489051
0.489051
0.489052
0.489052
0.489052
0.489053
0.489053
0.489053
0.489053
0.489054
0.489054
0.489054
0.489054
0.489054
0.489055
0.489055
0.489055
0.489055
0.489055
0.489056
0.489056
0.489056
0.489056
0.489057
0.489057
0.489057
0.489057
0.489058
0.489058
0.489058
0.489058
0.489059
0.489059
0.489059
0.48906
0.48906
0.489061
0.489061
0.489062
0.489062
0.489062
0.489063
0.489063
0.489064
0.489064
0.489065
0.489065
0.489066
0.489066
0.489066
0.489067
0.489067
0.489068
0.489068
0.489068
0.489069
0.489069
0.48907
0.48907
0.48907
0.489071
0.489071
0.489072
0.489072
0.489072
0.489073
0.489073
0.489074
0.489074
0.489074
0.489075
0.489075
0.489075
0.489076
0.489076
0.489076
0.489076
0.489077
0.489077
0.489077
0.489078
0.489078
0.489078
0.489079
0.489079
0.489079
0.48908
0.48908
0.48908
0.489081
0.489081
0.489082
0.489082
0.489082
0.489083
0.489083
0.489084
0.489084
0.489084
0.489085
0.489085
0.489086
0.489086
0.489087
0.489087
0.489088
0.489088
0.489088
0.489089
0.489089
0.48909
0.48909
0.48909
0.489091
0.489091
0.489092
0.489092
0.489092
0.489093
0.489093
0.489094
0.489094
0.489095
0.489095
0.489095
0.489096
0.489096
0.489097
0.489097
0.489097
0.489098
0.489098
0.489098
0.489098
0.489099
0.489099
0.489099
0.4891
0.4891
0.4891
0.4891
0.489101
0.489101
0.489101
0.489101
0.489102
0.489102
0.489102
0.489102
0.489102
0.489102
0.489102
0.489102
0.489102
0.489102
0.489103
0.489103
0.489103
0.489103
0.489103
0.489103
0.489103
0.489103
0.489103
0.489103
0.489103
0.489103
0.489103
0.489104
0.489104
0.489104
0.489104
0.489104
0.489105
0.489105
0.489105
0.489105
0.489106
0.489106
0.489106
0.489106
0.489107
0.489107
0.489107
0.489108
0.489108
0.489108
0.489108
0.489109
0.489109
0.489109
0.489109
0.48911
0.48911
0.48911
0.48911
0.48911
0.48911
0.48911
0.489111
0.489111
0.489111
0.489111
0.489111
0.489111
0.489111
0.489111
0.489111
0.489111
0.489111
0.489111
0.489111
0.489111
0.489111
0.489111
0.489111
0.489111
0.489111
0.489111
