0.0527495
0.0527495
0.0527495
0.0527495
0.0527495
0.0527495
0.0527495
0.0527495
0.0527495
0.0527495
0.0527495
0.0527495
0.0527495
0.0527495
0.0527495
0.0527495
0.0527495
0.0527495
0.0527495
0.0527495
0.0527495
0.0527495
0.0527495
0.0527495
0.0527495
0.0527495
0.0527495
0.0527495
0.0527495
0.0527495
0.0527495
0.0527495
0.0527495
0.0527495
0.0527495
0.0527495
0.0527495
0.0527495
0.0527495
0.0527495
0.0527495
0.0527495
0.0527495
0.0527495
0.0527495
0.0527495
0.0527495
0.0527495
0.0527495
0.0527495
0.0527495
0.0527495
0.0527495
0.0527495
0.0527495
0.0527495
0.0527495
0.0527495
0.0527495
0.0527495
0.0527495
0.0527495
0.0527495
0.0527495
0.0527495
0.0527495
0.0527495
0.0527495
0.0527495
0.0527495
0.0527495
0.0527495
0.0527495
0.0527495
0.0527495
0.0527495
0.0527495
0.0527495
0.0527495
0.0527495
0.0527495
0.0527495
0.0527495
0.0527495
0.0527495
0.0527495
0.0527495
0.0527495
0.0527495
0.0527495
0.0527495
0.0527495
0.0527495
0.0527495
0.0527495
0.0527495
0.0527495
0.0527495
0.0527495
0.0527495
0.0527495
0.0527495
0.0527495
0.0527495
0.0527495
0.0527495
0.0527495
0.0527495
0.0527495
0.0527495
0.0527495
0.0527495
0.0527495
0.0527495
0.0527495
0.0527495
0.0527495
0.0527495
0.0527495
0.0527495
0.0527495
0.0527495
0.0527495
0.0527495
0.0527495
0.0527495
0.0527495
0.0527495
0.0527495
0.0527495
0.0527495
0.0527495
0.0527495
0.0527495
0.0527495
0.0527495
0.0527495
0.0527495
0.0527495
0.0527495
0.0527495
0.0527495
0.0527495
0.0527495
0.0527495
0.0527495
0.0527495
0.0527495
0.0527495
0.0527495
0.0527495
0.0527495
0.0527495
0.0527495
0.0527495
0.0527495
0.0527495
0.0527495
0.0527495
0.0527495
0.0527495
0.0527495
0.0527495
0.0527495
0.0527495
0.0527495
0.0527495
0.0527495
0.0527495
0.0527495
0.0527495
0.0527495
0.0527495
0.0527495
0.0527495
0.0527495
0.0527495
0.0527495
0.0527495
0.0527495
0.0527495
0.0527495
0.0527495
0.0527495
0.0527495
0.0527495
0.0527495
0.0527495
0.0527495
0.0527495
0.0527495
0.0527495
0.0527495
0.0527495
0.0527495
0.0527495
0.0527495
0.0527495
0.0527495
0.0527495
0.0527495
0.0527495
0.0527495
0.0527495
0.0527495
0.0527495
0.0527495
0.0527495
0.0527495
0.0527495
0.0527495
0.0527495
0.0527495
0.0527495
0.0527495
0.0527495
0.0527495
0.0527495
0.0527495
0.0527495
0.0527495
0.0527495
0.0527495
0.0527495
0.0527495
0.0527495
0.0527495
0.0527495
0.0527495
0.0527495
0.0527495
0.0527495
0.0527495
0.0527495
0.0527495
0.0527495
0.0527495
0.0527495
0.0527495
0.0527495
0.0527495
0.0527495
0.0527495
0.0527495
0.0527495
0.0527495
0.0527495
0.0527495
0.0527495
0.0527495
0.0527495
0.0527495
0.0527495
0.0527495
0.0527495
0.0527495
0.0527495
0.0527495
0.0527495
0.0527495
0.0527495
0.0527495
0.0527495
0.0527495
0.0527495
0.0527495
0.0527495
0.0527495
0.0527495
0.0527495
0.0527495
0.0527495
0.0527495
0.0527495
0.0527495
0.0527495
0.0527495
0.0527495
0.0527495
0.0527495
0.0527495
0.0527495
0.0527495
0.0527495
0.0527495
0.0527495
0.0527495
0.0527495
0.0527495
0.0527495
0.0527495
0.0527495
0.0527495
0.0527495
0.0527495
0.0527495
0.0527495
0.0527495
0.0527495
0.0527495
0.0527495
0.0527495
0.0527495
0.0527495
0.0527495
0.0527495
0.0527495
0.0527495
0.0527495
0.0527495
0.0527495
0.0527495
0.0527495
0.0527495
0.0527495
0.0527495
0.0527495
0.0527495
0.0527495
0.0527495
0.0527495
0.0527495
0.0527495
0.0527495
0.0527495
0.0527495
0.0527495
0.0527495
0.0527495
0.0527495
0.0527495
0.0527495
0.0527495
0.0527495
0.0527495
0.0527495
0.0527495
0.0527495
0.0527495
0.0527495
0.0527495
0.0527495
0.0527495
0.0527495
0.0527495
0.0527495
0.0527495
0.0527495
0.0527495
0.0527495
0.0527495
0.0527495
0.0527495
0.0527495
0.0527495
0.0527495
0.0527495
0.0527495
0.0527495
0.0527495
0.0527495
0.0527495
0.0527495
0.0527495
0.0527495
0.0527495
0.0527495
0.0527495
0.0527495
0.0527495
0.0527495
0.0527495
0.0527495
0.0527495
0.0527495
0.0527495
0.0527495
0.0527495
0.0527495
0.0527495
0.0527495
0.0527495
0.0527495
0.0527495
0.0527495
0.0527495
0.0527495
0.0527495
0.0527495
0.0527495
0.0527495
0.0527495
0.0527495
0.0527495
0.0527495
0.0527495
0.0527495
0.0527495
0.0527495
0.0527495
0.0527495
0.0527495
0.0527495
0.0527495
0.0527495
0.0527495
0.0527495
0.0527495
0.0527495
0.0527495
0.0527495
0.0527495
0.0527495
0.0527495
0.0527495
0.0527495
0.0527495
0.0527495
0.0527495
0.0527495
0.0527495
0.0527495
0.0527495
0.0527495
0.0527495
0.0527495
0.0527495
0.0527495
0.0527495
0.0527495
0.0527495
0.0527495
0.0527495
0.0527495
0.0527495
0.0527495
0.0527495
0.0527495
0.0527495
0.0527495
0.0527495
0.0527495
0.0527495
0.0527495
0.0527495
0.0527495
0.0527495
0.0527495
0.0527495
0.0527495
0.0527495
0.0527495
0.0527495
0.0527495
0.0527495
0.0527495
0.0527495
0.0527495
0.0527495
0.0527495
0.0527495
0.0527495
0.0527495
0.0527495
0.0527495
0.0527495
0.0527495
0.0527495
0.0527495
0.0527495
0.0527495
0.0527495
0.0527495
0.0527495
0.0527495
0.0527495
0.0527495
0.0527495
0.0527495
0.0527495
0.0527495
0.0527495
0.0527495
0.0527495
0.0527495
0.0527495
0.0527495
0.0527495
0.0527495
0.0527495
0.0527495
0.0527495
0.0527495
0.0527495
0.0527495
0.0527495
0.0527495
0.0527495
0.0527495
0.0527495
0.0527495
0.0527495
0.0527495
0.0527495
0.0527495
0.0527495
0.0527495
0.0527495
0.0527495
0.0527495
0.0527495
0.0527495
0.0527495
0.0527495
0.0527495
0.0527495
0.0527495
0.0527495
0.0527495
0.0527495
0.0527495
0.0527495
0.0527495
0.0527495
0.0527495
0.0527495
0.0527495
0.0527495
0.0527495
0.0527495
0.0527495
0.0527495
0.0527495
0.0527495
0.0527495
0.0527495
0.0527495
0.0527495
0.0527495
0.0527495
0.0527495
0.0527495
0.0527495
0.0527495
0.0527495
0.0527495
0.0527495
0.0527495
0.0527495
0.0527495
0.0527495
0.0527495
0.0527495
0.0527495
0.0527495
0.0527495
0.0527495
0.0527495
0.0527495
0.0527495
0.0527495
0.0527495
0.0527495
0.0527495
0.0527495
0.0527495
0.0527495
0.0527495
0.052662
0.0525732
0.0524861
0.0524087
0.0523299
0.0522552
0.0521788
0.0521087
0.0520426
0.0519754
0.0519081
0.0518394
0.0517748
0.0517046
0.0516444
0.0515787
0.0515072
0.0514459
0.0513899
0.0513327
0.0512694
0.0512066
0.0511423
0.0510939
0.051038
0.0509835
0.0509293
0.0508811
0.0508316
0.0507775
0.050717
0.0506552
0.0506075
0.050554
0.0505015
0.0504538
0.0504114
0.0503621
0.0503125
0.0502678
0.0502185
0.0501785
0.0501261
0.0500845
0.0500401
0.049985
0.0499333
0.0498831
0.0498311
0.0497841
0.0497354
0.0496917
0.0496359
0.0495862
0.0495241
0.0494743
0.0494389
0.0493855
0.0493492
0.0492768
0.0492212
0.0491653
0.0491081
0.0490498
0.0489977
0.048941
0.0488905
0.0488499
0.0487906
0.0487489
0.0486863
0.048636
0.0485746
0.0485203
0.0484794
0.0484142
0.0483581
0.048307
0.0482597
0.048206
0.0481577
0.0480942
0.0480372
0.0479842
0.0479297
0.0478819
0.0478341
0.0477876
0.0477388
0.0476952
0.0476519
0.0476049
0.0475632
0.0475138
0.0474595
0.0473857
0.0473252
0.0472814
0.0472418
0.0471949
0.0471498
0.0470892
0.0470368
0.0469966
0.0469498
0.0469247
0.0469012
0.0468701
0.046803
0.0467469
0.0467167
0.0466788
0.0466518
0.0466237
0.0465745
0.0465335
0.0464836
0.0464513
0.0464298
0.0463907
0.0463653
0.0463415
0.0463124
0.0462818
0.0462719
0.0462432
0.0462283
0.0462028
0.0461844
0.0461776
0.0461639
0.0461698
0.0461815
0.0461753
0.0461762
0.0461773
0.0461739
0.0461831
0.0461993
0.0462226
0.0462528
0.0462787
0.0463059
0.0463059
0.0463059
0.0463059
0.0463059
0.0463059
0.0463059
0.0463059
0.0463059
0.0463059
0.0463059
0.0463059
0.0463059
0.0463059
0.0463059
0.0463059
0.0463059
0.0463059
0.0463059
0.0463059
0.0463059
0.0463059
0.0463059
0.0463059
0.0463059
0.0463059
0.0463059
0.0463059
0.0463059
0.0463059
0.0463059
0.0463059
0.0463059
0.0463059
0.0463059
0.0463059
0.0463059
0.0463059
0.0463059
0.0463059
0.0463059
0.0463059
0.0463059
0.0463059
0.0463059
0.0463059
0.0463059
0.0463059
0.0463059
0.0463059
0.0463059
0.0463059
0.0463059
0.0463059
0.0463059
0.0463059
0.0463059
0.0463059
0.0463059
0.0463059
0.0463059
0.0463059
0.0463059
0.0463059
0.0463059
0.0463059
0.0463059
0.0463059
0.0463059
0.0463059
0.0463059
0.0463059
0.0463059
0.0463059
0.0463059
0.0463059
0.0463059
0.0463059
0.0463059
0.0463059
0.0463059
0.0463059
0.0463059
0.0463059
0.0463059
0.0463059
0.0463059
0.0463059
0.0463059
0.0463059
0.0463059
0.0463059
0.0463059
0.0463059
0.0463059
0.0463059
0.0463059
0.0463059
0.0463059
0.0463059
0.0463059
0.0463059
0.0463059
0.0463059
0.0463059
0.0463059
0.0463059
0.0463059
0.0463059
0.0463059
0.0463059
0.0463059
0.0463059
0.0463059
0.0463059
0.0463059
0.0463059
0.0463059
0.0463059
0.0463059
0.0463059
0.0463059
0.0463059
0.0463059
0.0463059
0.0463059
0.0463059
0.0463059
0.0463059
0.0463059
0.0463059
0.0463059
0.0463059
0.0463059
0.0463059
0.0463059
0.0463059
0.0463059
0.0463059
0.0463059
0.0463059
0.0463059
0.0463059
0.0463059
0.0463059
0.0463059
0.0463059
0.0463059
0.0463059
0.0463059
0.0463059
0.0463059
0.0463059
0.0463059
0.0463059
0.0463059
0.0463059
0.0463059
0.0463059
0.0463059
0.0463059
0.0463059
0.0463059
0.0463059
0.0463059
0.0463059
0.0463059
0.0463059
0.0463059
0.0463059
0.0463059
0.0463059
0.0463059
0.0463059
0.0463059
0.0463059
0.0463059
0.0463059
0.0463059
0.0463059
0.0463059
0.0463059
0.0463059
0.0463059
0.0463059
0.0463059
0.0463059
0.0463059
0.0463059
0.0463059
0.0463059
0.0463059
0.0463059
0.0463059
0.0463059
0.0463059
0.0463059
0.0463059
0.0463059
0.0463059
0.0463059
0.0463059
0.0463059
0.0463059
0.0463059
0.0463059
0.0463059
0.0463059
0.0463059
0.0463059
0.0463059
0.0463059
0.0463059
0.0463059
0.0463059
0.0463059
0.0463059
0.0463059
0.0463059
0.0463059
0.0463059
0.0463059
0.0463059
0.0463059
0.0463059
0.0463059
0.0463059
0.0463059
0.0463059
0.0463059
0.0463059
0.0463059
0.0463059
0.0463059
0.0463059
0.0463059
0.0463059
0.0463059
0.0463059
0.0463059
0.0463059
0.0463059
0.0463059
0.0463059
0.0463059
0.0463059
0.0463059
0.0463059
0.0463059
0.0463059
0.0463059
0.0463059
0.0463059
0.0463059
0.0463059
0.0463059
0.0463059
0.0463059
0.0463059
0.0463059
0.0463059
0.0463059
0.0463059
0.0463059
0.0463059
0.0463059
0.0463059
0.0463059
0.0463059
0.0463059
0.0463059
0.0463059
0.0463059
0.0463059
0.0463059
0.0463059
0.0463059
0.0463059
0.0463059
0.0463059
0.0463059
0.0463059
0.0463059
0.0463059
0.0463059
0.0463059
0.0463059
0.0463059
0.0463059
0.0463059
0.0463059
0.0463059
0.0463059
0.0463059
0.0463059
0.0463059
0.0463059
0.0463059
0.0463059
0.0463059
0.0463059
0.0463059
0.0463059
0.0463059
0.0463059
0.0463059
0.0463059
0.0463059
0.0463059
0.0463059
0.0463059
0.0463059
0.0463059
0.0463059
0.0463059
0.0463059
0.0463059
0.0463059
0.0463059
0.0463059
0.0463059
0.0463059
0.0463059
0.0463059
0.0463059
0.0463059
0.0463059
0.0463059
0.0463059
0.0463059
0.0463059
0.0463059
0.0463059
0.0463059
0.0463059
0.0463059
0.0463059
0.0463059
0.0463059
0.0463059
0.0463059
0.0463059
0.0463059
0.0463059
0.0463059
0.0463059
0.0463059
0.0463059
0.0463059
0.0463059
0.0463059
0.0463059
0.0463059
0.0463059
0.0463059
0.0463059
0.0463059
0.0463059
0.0463059
0.0463059
0.0463059
0.0463059
0.0463059
0.0463059
0.0463059
0.0463059
0.0463059
0.0463059
0.0463059
0.0463059
0.0463059
0.0463059
0.0463059
0.0463059
0.0463059
0.0463059
0.0463059
0.0463059
0.0463059
0.0463059
0.0463059
0.0463059
0.0463059
0.0463059
0.0463059
0.0463059
0.0463059
0.0463059
0.0463059
0.0463059
0.0463059
0.0463059
0.0463059
0.0463059
0.0463059
0.0463059
0.0463059
0.0463059
0.0463059
0.0463059
0.0463059
0.0463059
0.0463059
0.0463059
0.0463059
0.0463059
0.0463059
0.0463059
0.0463059
0.0463059
0.0463059
0.0463059
0.0463059
0.0463059
0.0463059
0.0463059
0.0463059
0.0463059
0.0463059
0.0463059
0.0463059
0.0463059
0.0463059
0.0463059
0.0463059
0.0463059
0.0463059
0.0463059
0.0463059
0.0463059
0.0463059
0.0463059
0.0463059
0.0463059
0.0463059
0.0463059
0.0463059
0.0463059
0.0463059
0.0463059
0.0463059
0.0463059
0.0463059
0.0463059
0.0463059
0.0463059
0.0463059
0.0463059
0.0463059
0.0463059
0.0463059
0.0463059
0.0463059
0.0463059
0.0463059
0.0463059
0.0463059
0.0463059
0.0463059
0.0463059
0.0463059
0.0463059
0.0463059
0.0463059
0.0463059
0.0463059
0.0463059
0.0463059
0.0463059
0.0463059
0.0463059
0.0463059
0.0463059
0.0463059
0.0463059
0.0463059
0.0463059
0.0463059
0.0463059
0.0463059
0.0463059
0.0463059
0.0463059
0.0463059
0.0463059
0.0463059
0.0463059
0.0463059
0.0463059
0.0463059
0.0463059
0.0463059
0.0463059
0.0463059
0.0463059
0.0463059
0.0463059
0.0463059
0.0463059
0.0463059
0.0463059
0.0463059
0.0463059
0.0463059
0.0463059
0.0463059
0.0463059
0.0463059
0.0463059
0.0463059
0.0463059
0.0463059
0.0463059
0.0463059
0.0463059
0.0463059
0.0463059
0.0463059
0.0463059
0.0463059
0.0463059
0.0463059
0.0463059
0.0463059
0.0463059
0.0463059
0.0463059
0.0463059
0.0463059
0.0463059
0.0463059
0.0463059
0.0463059
0.0463059
0.0463059
0.0463059
0.0463059
0.0463059
0.0463059
0.0463059
0.0463059
0.0463059
0.0463059
0.0463059
0.0463059
0.0463059
0.0463059
0.0463059
0.0463059
0.0463059
0.0463059
0.0463059
0.0463059
0.0463059
0.0463059
0.0463059
0.0463059
0.0463059
0.0463059
0.0463059
0.0463059
0.0463059
0.0463059
0.0463059
0.0463059
0.0463059
0.0463059
0.0463059
0.0463059
0.0463059
0.0463059
0.0463059
0.0463059
0.0463059
0.0463059
0.0463059
0.0463059
0.0463059
0.0463059
0.0463059
0.0463059
0.0463059
0.0463059
0.0463059
0.0463059
0.0463059
0.0463059
0.0463059
0.0463059
0.0463059
0.0463059
0.0463059
0.0463059
0.0463059
0.0463059
0.0463059
0.0463059
0.0463059
0.0463059
0.0463059
0.0463059
0.0463059
0.0463059
0.0463059
0.0463059
0.0463059
0.0463059
0.0463059
0.0463059
0.0463059
0.0463059
0.0463059
0.0463059
0.0463059
0.0463059
0.0463059
0.0463059
0.0463059
0.0463059
0.0463059
0.0463059
0.0463059
0.0463059
0.0463059
0.0463059
0.0463059
0.0463059
0.0463059
0.0463059
0.0463059
0.0463059
0.0463059
0.0463059
0.0463059
0.0463059
0.0463059
0.0463059
0.0463059
0.0463059
0.0463059
0.0463059
0.0463059
0.0463059
0.0463059
0.0463059
0.0463059
0.0463059
0.0463059
0.0463059
0.0463059
0.0463059
0.0463059
0.0463059
0.0463059
0.0463059
0.0463059
0.0463059
0.0463059
0.0463059
0.0463059
0.0463059
0.0463059
0.0463059
0.0463059
0.0463059
0.0463059
0.0463059
0.0463059
0.0463059
0.0463059
0.0463059
0.0463059
0.0463059
0.0463059
0.0463059
0.0463059
0.0463059
0.0463059
0.0463059
0.0463059
0.0463059
0.0463059
0.0463059
0.0463059
0.0463059
0.0463059
0.0463059
0.0463059
0.0463059
0.0463059
0.0463059
0.0463059
0.0463059
0.0463059
0.0463059
0.0463059
0.0463059
0.0463059
0.0463059
0.0463059
0.0463059
0.0463059
0.0463059
0.0463059
0.0463059
0.0463059
0.0463059
0.0463059
0.0463059
0.0463059
0.0463059
0.0463059
0.0463059
0.0463059
0.0463059
0.0463059
0.0463059
0.0463059
0.0463059
0.0463059
0.0463059
0.0463059
0.0463059
0.0463059
0.0463059
0.0463059
0.0463059
0.0463059
0.0463059
0.0463059
0.0463059
0.0463059
0.0463059
0.0463059
0.0463059
0.0463059
0.0463059
0.0463059
0.0463059
0.0463059
0.0463059
0.0463059
0.0463059
0.0463059
0.0463059
0.0463059
0.0463059
0.0463059
0.0463059
0.0463059
0.0463059
0.0463059
0.0463059
0.0463059
0.0463059
0.0463059
0.0463059
0.0463059
0.0463059
0.0463059
0.0463059
0.0463059
0.0463059
0.0463059
0.0463059
0.0463059
0.0463059
0.0463059
0.0463059
0.0463059
0.0463059
0.0463059
0.0463059
0.0463059
0.0463059
0.0463059
0.0463059
0.0463059
0.0463059
0.0463059
0.0463059
0.0463059
0.0463059
0.0463059
0.0463059
0.0463059
0.0463059
0.0463059
0.0463059
0.0463059
0.0463059
0.0463059
0.0463059
0.0463059
0.0463059
0.0463059
0.0463059
0.0463059
0.0463059
0.0463059
0.0463059
0.0463059
0.0463059
0.0463059
0.0463059
0.0463059
0.0463059
0.0463059
0.0463059
0.0463059
0.0463059
0.0463059
0.0463059
0.0463059
0.0463059
0.0463059
0.0463059
0.0463059
0.0463059
0.0463059
0.0463059
0.0463059
0.0463059
0.0463059
0.0463059
0.0463059
0.0463059
0.0463059
0.0463059
0.0463059
0.0463059
0.0463059
0.0463059
0.0463059
0.0463059
0.0463059
0.0463059
0.0463059
0.0463059
0.0463059
0.0463059
0.0463059
0.0463059
0.0463059
0.0463059
0.0463059
0.0463059
0.0463059
0.0463059
0.0463059
0.0463059
0.0463059
0.0463059
0.0463059
0.0463059
0.0463059
0.0463059
0.0463059
0.0463059
0.0463059
0.0463059
0.0463059
0.0463059
0.0463059
0.0463059
0.0463059
0.0463059
0.0463059
0.0463059
0.0463059
0.0463059
0.0463059
0.0463059
0.0463059
0.0463059
0.0463059
0.0463059
0.0463059
0.0463059
0.0463059
0.0463059
0.0463059
0.0463059
0.0463059
0.0463059
0.0463059
0.0463059
0.0463059
0.0463059
0.0463059
0.0463059
0.0463059
0.0463059
0.0463059
0.0463059
0.0463059
0.0463059
0.0463059
0.0463059
0.0463059
0.0463059
0.0463059
0.0463059
0.0463059
0.0463059
0.0463059
0.0463059
0.0463059
0.0463059
0.0463059
0.0463059
0.0463059
0.0463059
0.0463059
0.0463059
0.0463059
0.0463059
0.0463059
0.0463059
0.0463059
0.0463059
0.0463059
0.0463059
0.0463059
0.0463059
0.0463059
0.0463059
0.0463059
0.0463059
0.0463059
0.0463059
0.0463059
0.0463059
0.0463059
0.0463059
0.0463059
0.0463059
0.0463059
0.0463059
0.0463059
0.0463059
0.0463059
0.0463059
0.0463059
0.0463059
0.0463059
0.0463059
0.0463059
0.0463059
0.0463059
0.0463059
0.0463059
0.0463059
0.0463059
0.0463059
0.0463059
0.0463059
0.0463059
0.0463059
0.0463059
0.0463059
0.0463059
0.0463059
0.0463059
0.0463059
0.0463059
0.0463059
0.0463059
0.0463059
0.0463059
0.0463059
0.0463059
0.0463059
0.0463059
0.0463059
0.0463059
0.0463059
0.0463059
0.0463059
0.0463059
0.0463059
0.0463059
0.0463059
0.0463059
0.0463059
0.0463059
0.0463059
0.0463059
0.0463059
0.0463059
0.0463059
0.0463059
0.0463059
0.0463059
0.0463059
0.0463059
0.0463059
0.0463059
0.0463059
0.0463059
0.0463059
0.0463059
0.0463059
0.0463059
0.0463059
0.0463059
0.0463059
0.0463059
0.0463059
0.0463059
0.0463059
0.0463059
0.0463059
0.0463059
0.0463059
0.0463059
0.0463059
0.0463059
0.0463059
0.0463059
0.0463059
0.0463059
0.0463059
0.0463059
0.0463059
0.0463059
0.0463059
0.0463059
0.0463059
0.0463059
0.0463059
0.0463059
0.0463059
0.0463059
0.0463059
0.0463059
0.0463059
0.0463059
0.0463059
0.0463059
0.0463059
0.0463059
0.0463059
0.0463059
0.0463059
0.0463059
0.0463059
0.0463059
0.0463059
0.0463059
0.0463059
0.0463059
0.0463059
0.0463059
0.0463059
0.0463059
0.0463059
0.0463059
0.0463059
0.0463059
0.0463059
0.0463059
0.0463059
0.0463059
0.0463059
0.0463059
0.0463059
0.0463059
0.0463059
0.0463059
0.0463059
0.0463059
0.0463059
0.0463059
0.0463059
0.0463059
0.0463059
0.0463059
0.0463059
0.0463059
0.0463059
0.0463059
0.0463059
0.0463059
0.0463059
0.0463059
0.0463059
0.0463059
0.0463059
0.0463059
0.0463059
0.0463059
0.0463059
0.0463059
0.0463059
0.0463059
0.0463059
0.0463059
0.0463059
0.0463059
0.0463059
0.0463059
0.0463059
0.0463059
0.0463059
0.0463059
0.0463059
0.0463059
0.0463059
0.0463059
0.0463059
0.0463059
0.0463059
0.0463059
0.0463059
0.0463059
0.0463059
0.0463059
0.0463059
0.0463059
0.0463059
0.0463059
0.0463059
0.0463059
0.0463059
0.0463059
0.0463059
0.0463059
0.0463059
0.0463059
0.0463059
0.0463059
0.0463059
0.0463059
0.0463059
0.0463059
0.0463059
0.0463059
0.0463059
0.0463059
0.0463059
0.0463059
0.0463059
0.0463059
0.0463059
0.0463059
0.0463059
0.0463059
0.0463059
0.0463059
0.0463059
0.0463059
0.0463059
0.0463059
0.0463059
0.0463059
0.0463059
0.0463059
0.0463059
0.0463059
0.0463059
0.0463059
0.0463059
0.0463059
0.0463059
0.0463059
0.0463059
0.0463059
0.0463059
0.0463059
0.0463059
0.0463059
0.0463059
0.0463059
0.0463059
0.0463059
0.0463059
0.0463059
0.0463059
0.0463059
0.0463059
0.0463059
0.0463059
0.0463059
0.0463059
0.0463059
0.0463059
0.0463059
0.0463059
0.0463059
0.0463059
0.0463059
0.0463059
0.0463059
0.0463059
0.0463059
0.0463059
0.0463059
0.0463059
0.0463059
0.0463059
0.0463059
0.0463059
0.0463059
0.0463059
0.0463059
0.0463059
0.0463059
0.0463059
0.0463059
0.0463059
0.0463059
0.0463059
0.0463059
0.0463059
0.0463059
0.0463059
0.0463059
0.0463059
0.0463059
0.0463059
0.0463059
0.0463059
0.0463059
0.0463059
0.0463059
0.0463059
0.0463059
0.0463059
0.0463059
0.0463059
0.0463059
0.0463059
0.0463059
0.0463059
0.0463059
0.0463059
0.0463059
0.0463059
0.0463059
0.0463059
0.0463059
0.0463059
0.0463059
0.0463059
0.0463059
0.0463059
0.0463059
0.0463059
0.0463059
0.0463059
0.0463059
0.0463059
0.0463059
0.0463059
0.0463059
0.0463059
0.0463059
0.0463059
0.0463059
0.0463059
0.0463059
0.0463059
0.0463059
0.0463059
0.0463059
0.0463059
0.0463059
0.0463059
0.0463059
0.0463059
0.0463059
0.0463059
0.0463059
0.0463059
0.0463059
0.0463059
0.0463059
0.0463059
0.0463059
0.0463059
0.0463059
0.0463059
0.0463059
0.0463059
0.0463059
0.0463059
0.0463059
0.0463059
0.0463059
0.0463059
0.0463059
0.0463059
0.0463059
0.0463059
0.0463059
0.0463059
0.0463059
0.0463059
0.0463059
0.0463059
0.0463059
0.0463059
0.0463059
0.0463059
0.0463059
0.0463059
0.0463059
0.0463059
0.0463059
0.0463059
0.0463059
0.0463059
0.0463059
0.0463059
0.0463059
0.0463059
0.0463059
0.0463059
0.0463059
0.0463059
0.0463059
0.0463059
0.0463059
0.0463059
0.0463059
0.0463059
0.0463059
0.0463059
0.0463059
0.0463059
0.0463059
0.0463059
0.0463059
0.0463059
0.0463059
0.0463059
0.0463059
0.0463059
0.0463059
0.0463059
0.0463059
0.0463059
0.0463059
0.0463059
0.0463059
0.0463059
0.0463059
0.0463059
0.0463059
0.0463059
0.0463059
0.0463059
0.0463059
0.0463059
0.0463059
0.0463059
0.0463059
0.0463059
0.0463059
0.0463059
0.0463059
0.0463059
0.0463059
0.0463059
0.0463059
0.0463059
0.0463059
0.0463059
0.0463059
0.0463059
0.0463059
0.0463059
0.0463059
0.0463059
0.0463059
0.0463059
0.0463059
0.0463059
0.0463059
0.0463059
0.0463059
0.0463059
0.0463059
0.0463059
0.0463059
0.0463059
0.0463059
0.0463059
0.0463059
0.0463059
0.0463059
0.0463059
0.0463059
0.0463059
0.0463059
0.0463059
0.0463059
0.0463059
0.0463059
0.0463059
0.0463059
0.0463059
0.0463059
0.0463059
0.0463059
0.0463059
0.0463059
0.0463059
0.0463059
0.0463059
0.0463059
0.0463059
0.0463059
0.0463059
0.0463059
0.0463059
0.0463059
0.0463059
0.0463059
0.0463059
0.0463059
0.0463059
0.0463059
0.0463059
0.0463059
0.0463059
0.0463059
0.0463059
0.0463059
0.0463059
0.0463059
0.0463059
0.0463059
0.0463059
0.0463059
0.0463059
0.0463059
0.0463059
0.0463059
0.0463059
0.0463059
0.0463059
0.0463059
0.0463059
0.0463059
0.0463059
0.0463059
0.0463059
0.0463059
0.0463059
0.0463059
0.0463059
0.0463059
0.0463059
0.0463059
0.0463059
0.0463059
0.0463059
0.0463059
0.0463059
0.0463059
0.0463059
0.0463059
0.0463059
0.0463059
0.0463059
0.0463059
0.0463059
0.0463059
0.0463059
0.0463059
0.0463059
0.0463059
0.0463059
0.0463059
0.0463059
0.0463059
0.0463059
0.0463059
0.0463059
0.0463059
0.0463059
0.0463059
0.0463059
0.0463059
0.0463059
0.0463059
0.0463059
0.0463059
0.0463059
0.0463059
0.0463059
0.0463059
0.0463059
0.0463059
0.0463059
0.0463059
0.0463059
0.0463059
0.0463059
0.0463059
0.0463059
0.0463059
0.0463059
0.0463059
0.0463059
0.0463059
0.0463059
0.0463059
0.0463059
0.0463059
0.0463059
0.0463059
0.0463059
0.0463059
0.0463059
0.0463059
0.0463059
0.0463059
0.0463059
0.0462828
0.046253
0.0462239
0.0461942
0.0461584
0.0461166
0.0460809
0.0460452
0.04601
0.045981
0.0459459
0.045917
0.0458759
0.0458409
0.045806
0.045765
0.0457307
0.0456777
0.0456315
0.0455732
0.0455264
0.0454795
0.0454388
0.045392
0.0453459
0.0452992
0.0452525
0.045206
0.0451534
0.0451074
0.0450609
0.0450085
0.0449501
0.0448911
0.0448328
0.0447633
0.0446992
0.0446233
0.0445653
0.0445074
0.0444489
0.044397
0.044334
0.0442765
0.0442196
0.0441563
0.0441047
0.0440597
0.044015
0.0439636
0.0439195
0.0438697
0.0438258
0.043782
0.0437448
0.0437018
0.0436712
0.0436283
0.0435862
0.04355
0.0435021
0.0434602
0.0434191
0.0433774
0.0433366
0.0433073
0.0432724
0.0432376
0.0432086
0.0431739
0.0431394
0.0430989
0.0430644
0.04303
0.0429899
0.042962
0.0429286
0.0429009
0.0428799
0.0428532
0.0428323
0.0428
0.0427743
0.04276
0.0427402
0.0427162
0.042698
0.0426858
0.042662
0.0426563
0.042645
0.0426347
0.0426308
0.0426271
0.0426121
0.042615
0.0426179
0.0426152
0.042624
0.0426269
0.0426284
0.0426362
0.0426403
0.0426445
0.0426489
0.0426533
0.0426696
0.0426859
0.0426904
0.042718
0.0427227
0.0427458
0.0427569
0.0427682
0.0427914
0.0428088
0.0428328
0.042844
0.0428562
0.042874
0.0428872
0.0429061
0.0429304
0.0429499
0.0429866
0.0430062
0.0430205
0.0430411
0.043068
0.0431003
0.0431449
0.0431832
0.0432153
0.0432421
0.0432732
0.0433015
0.0433346
0.0433651
0.043408
0.0434396
0.0434779
0.0435168
0.0435446
0.0435836
0.0436279
0.0436607
0.0436824
0.043716
0.0437372
0.0437701
0.0438086
0.0438683
0.0438953
0.0439327
0.0439657
0.043999
0.044032
0.0440653
0.0440858
0.0441122
0.0441428
0.0441803
0.0442169
0.0442545
0.0442863
0.0443176
0.0443484
0.0443732
0.0444101
0.044441
0.0444719
0.0445035
0.044534
0.0445538
0.0445847
0.0446147
0.0446457
0.0446815
0.0447068
0.0447372
0.044768
0.0447925
0.0448231
0.0448587
0.0448988
0.0449284
0.0449637
0.0449998
0.0450205
0.0450406
0.0450606
0.045091
0.0451345
0.0451593
0.0451869
0.0452116
0.0452262
0.0452397
0.045254
0.0452729
0.0453098
0.04539
0.0454295
0.0454587
0.0454825
0.0455078
0.0455619
0.0456006
0.0456173
0.0456607
0.0456853
0.045731
0.0457933
0.045795
0.0458209
0.0458398
0.0458629
0.0458961
0.04592
0.0459419
0.0459583
0.0459832
0.0459925
0.0460137
0.0460256
0.046048
0.0460734
0.0460927
0.0460948
0.0460878
0.0460855
0.0460927
0.0461111
0.0461163
0.0461239
0.0461165
0.046123
0.0461242
0.0461349
0.0461387
0.0461386
0.0461318
0.0461438
0.0461352
0.0461417
0.0461478
0.0461529
0.0461699
0.0461686
0.04619
0.0461945
0.0461951
0.046194
0.0461931
0.0461987
0.046204
0.0462154
0.0462227
0.0462231
0.0462302
0.0462311
0.0462381
0.0462489
0.0462556
0.0462673
0.0462789
0.0462903
0.046293
0.0462958
0.046299
0.0463062
0.0463256
0.0463371
0.0463479
0.0463685
0.0463762
0.0463837
0.0463912
0.0463988
0.0464102
0.0464257
0.0464377
0.0464527
0.046468
0.0464843
0.0465006
0.0465086
0.0465202
0.0465365
0.046544
0.0465606
0.0465772
0.0465899
0.0466018
0.046615
0.0466318
0.046644
0.0466598
0.0466759
0.0466924
0.0467007
0.0467207
0.0467332
0.0467495
0.0467661
0.0467872
0.0468075
0.0468272
0.0468426
0.0468583
0.0468738
0.046886
0.0468982
0.0469104
0.0469202
0.0469281
0.0469412
0.0469583
0.0469712
0.0469872
0.0470032
0.0470192
0.0470394
0.0470519
0.0470721
0.0470925
0.0471089
0.0471335
0.0471534
0.0471766
0.0471937
0.0472142
0.0472271
0.0472515
0.0472758
0.0473001
0.0473174
0.0473451
0.0473804
0.0474019
0.0474307
0.047454
0.0474672
0.0474852
0.0475033
0.0475138
0.0475347
0.0475487
0.0475733
0.0475983
0.0476257
0.0476464
0.0476709
0.0476983
0.0477226
0.0477503
0.0477713
0.0477957
0.0478232
0.0478474
0.0478679
0.047888
0.0479088
0.047929
0.0479434
0.0479608
0.0479674
0.0479754
0.0479752
0.0479676
0.0479571
0.0479454
0.0479283
0.0479068
0.0478838
0.047859
0.0478359
0.0478074
0.0477805
0.0477541
0.0477289
0.0477043
0.0476903
0.0476763
0.0476693
0.0476546
0.0476467
0.0476488
0.0476428
0.0476322
0.0476272
0.0476213
0.0476253
0.0476194
0.0476198
0.0476256
0.047628
0.0476311
0.0476345
0.0476408
0.0476509
0.0476574
0.0476683
0.0476776
0.0476876
0.0477
0.0477197
0.0477351
0.0477546
0.0477697
0.0477918
0.0478103
0.0478318
0.0478495
0.0478701
0.0478938
0.0479137
0.0479297
0.0479526
0.0479688
0.0479843
0.0479967
0.0480051
0.0480137
0.0480189
0.0480234
0.0480245
0.0480255
0.0480265
0.0480273
0.048021
0.0480186
0.0480199
0.0480115
0.048007
0.0480023
0.0479947
0.047987
0.0479799
0.047969
0.0479579
0.0479474
0.047933
0.0479215
0.04791
0.0478983
0.0478869
0.0478754
0.0478638
0.0478553
0.0478437
0.0478285
0.04782
0.0478116
0.0477994
0.0477969
0.0477879
0.0477829
0.0477779
0.0477691
0.0477671
0.0477626
0.0477608
0.0477622
0.0477598
0.0477614
0.0477657
0.0477665
0.0477709
0.0477755
0.0477801
0.0477846
0.047793
0.0478007
0.0478053
0.0478069
0.0478087
0.0478141
0.0478127
0.0478143
0.0478167
0.0478122
0.0478146
0.047814
0.0478065
0.0478057
0.0477998
0.0477937
0.0477904
0.0477839
0.0477797
0.0477732
0.0477638
0.0477543
0.0477514
0.0477396
0.0477328
0.0477246
0.0477179
0.0477074
0.047687
0.0476795
0.0476639
0.047651
0.047632
0.04762
0.0476057
0.0475998
0.0475954
0.0475828
0.0475772
0.0475645
0.0475492
0.0475311
0.047513
0.0474969
0.047476
0.0474575
0.0474415
0.0474296
0.0474103
0.0473901
0.0473703
0.0473513
0.0473352
0.0473191
0.0473031
0.0472799
0.0472605
0.0472409
0.0472206
0.0472035
0.0471872
0.0471676
0.0471505
0.0471307
0.0471044
0.0470811
0.0470547
0.0470283
0.0470021
0.046973
0.0469435
0.0469138
0.0468842
0.0468515
0.0468215
0.0467878
0.0467525
0.0467134
0.0466744
0.046639
0.0465971
0.0465618
0.0465227
0.0464867
0.0464447
0.0464119
0.0463757
0.0463341
0.0462965
0.0462578
0.0462203
0.046179
0.0461443
0.0461063
0.0460742
0.0460361
0.0460043
0.0459689
0.045937
0.0459027
0.0458674
0.0458359
0.0458044
0.0457729
0.0457479
0.0457192
0.0456918
0.0456632
0.0456422
0.0456147
0.0455936
0.0455698
0.045549
0.0455217
0.0454978
0.0454742
0.0454536
0.0454363
0.0454132
0.0453949
0.0453744
0.0453537
0.0453333
0.0453126
0.0452951
0.0452763
0.0452557
0.0452318
0.0452127
0.0451912
0.0451682
0.0451456
0.0451227
0.0451027
0.0450802
0.045054
0.0450304
0.0450068
0.0450068
0.0450068
0.0450068
0.0450068
0.0450068
0.0450068
0.0450068
0.0450068
0.0450068
0.0450068
0.0450068
0.0450068
0.0450068
0.0450068
0.0450068
0.0450068
0.0450068
0.0450068
0.0450068
0.0450068
0.0450068
0.0450068
0.0450068
0.0450068
0.0450068
0.0450068
0.0450068
0.0450068
0.0450068
0.0450068
0.0450068
0.0450068
0.0450068
0.0450068
0.0450068
0.0450068
0.0450068
0.0450068
0.0450068
0.0450068
0.0450068
0.0450068
0.0450068
0.0450068
0.0450068
0.0450068
0.0450068
0.0450068
0.0450068
0.0450068
0.0450068
0.0450068
0.0450068
0.0450068
0.0450068
0.0450068
0.0450068
0.0450068
0.0450068
0.0450068
0.0450068
0.0450068
0.0450068
0.0450068
0.0450068
0.0450068
0.0450068
0.0450068
0.0450068
0.0450068
0.0450068
0.0450068
0.0450068
0.0450068
0.0450068
0.0450068
0.0450068
0.0450068
0.0450068
0.0450068
0.0450068
0.0450068
0.0450068
0.0450068
0.0450068
0.0450068
0.0450068
0.0450068
0.0450068
0.0450068
0.0450068
0.0450068
0.0450068
0.0450068
0.0450068
0.0450068
0.0450068
0.0450068
0.0450068
0.0450068
0.0450068
0.0450068
0.0450068
0.0450068
0.0450068
0.0450068
0.0450068
0.0450068
0.0450068
0.0450068
0.0450068
0.0450068
0.0450068
0.0450068
0.0450068
0.0450068
0.0450068
0.0450068
0.0450068
0.0450068
0.0450068
0.0450068
0.0450068
0.0450068
0.0450068
0.0450068
0.0450068
0.0450068
0.0450068
0.0450068
0.0450068
0.0450068
0.0450068
0.0450068
0.0450068
0.0450068
0.0450068
0.0450068
0.0450068
0.0450068
0.0450068
0.0450068
0.0450068
0.0450068
0.0450068
0.0450068
0.0450068
0.0450068
0.0450068
0.0450068
0.0450068
0.0450068
0.0450068
0.0450068
0.0450068
0.0450068
0.0450068
0.0450068
0.0450068
0.0450068
0.0450068
0.0450068
0.0450068
0.0450068
0.0450068
0.0450068
0.0450068
0.0450068
0.0450068
0.0450068
0.0450068
0.0450068
0.0450068
0.0450068
0.0450068
0.0450068
0.0450068
0.0450068
0.0450068
0.0450068
0.0450068
0.0450068
0.0450068
0.0450068
0.0450068
0.0450068
0.0450068
0.0450068
0.0450068
0.0450068
0.0450068
0.0450068
0.0450068
0.0450068
0.0450068
0.0450068
0.0450068
0.0450068
0.0450068
0.0450068
0.0450068
0.0450068
0.0450068
0.0450068
0.0450068
0.0450068
0.0450068
0.0450068
0.0450068
0.0450068
0.0450068
0.0450068
0.0450068
0.0450068
0.0450068
0.0450068
0.0450068
0.0450068
0.0450068
0.0450068
0.0450068
0.0450068
0.0450068
0.0450068
0.0450068
0.0450068
0.0450068
0.0450068
0.0450068
0.0450068
0.0450068
0.0450068
0.0450068
0.0450068
0.0450068
0.0450068
0.0450068
0.0450068
0.0450068
0.0450068
0.0450068
0.0450068
0.0450068
0.0450068
0.0450068
0.0450068
0.0450068
0.0450068
0.0450068
0.0450068
0.0450068
0.0450068
0.0450068
0.0450068
0.0450068
0.0450068
0.0450068
0.0450068
0.0450068
0.0450068
0.0450068
0.0450068
0.0450068
0.0450068
0.0450068
0.0450068
0.0450068
0.0450068
0.0450068
0.0450068
0.0450068
0.0450068
0.0450068
0.0450068
0.0450068
0.0450068
0.0450068
0.0450068
0.0450068
0.0450068
0.0450068
0.0450068
0.0450068
0.0450068
0.0450068
0.0450068
0.0450068
0.0450068
0.0450068
0.0450068
0.0450068
0.0450068
0.0450068
0.0450068
0.0450068
0.0450068
0.0450068
0.0450068
0.0450068
0.0450068
0.0450068
0.0450068
0.0450068
0.0450068
0.0450068
0.0450068
0.0450068
0.0450068
0.0450068
0.0450068
0.0450068
0.0450068
0.0450068
0.0450068
0.0450068
0.0450068
0.0450068
0.0450068
0.0450068
0.0450068
0.0450068
0.0450068
0.0450068
0.0450068
0.0450068
0.0450068
0.0450068
0.0450068
0.0450068
0.0450068
0.0450068
0.0450068
0.0450068
0.0450068
0.0450068
0.0450068
0.0450068
0.0450068
0.0450068
0.0450068
0.0450068
0.0450068
0.0450068
0.0450068
0.0450068
0.0450068
0.0450068
0.0450068
0.0450068
0.0450068
0.0450068
0.0450068
0.0450068
0.0450068
0.0450068
0.0450068
0.0450068
0.0450068
0.0450068
0.0450068
0.0450068
0.0450068
0.0450068
0.0450068
0.0450068
0.0450068
0.0450068
0.0450068
0.0450068
0.0450068
0.0450068
0.0450068
0.0450068
0.0450068
0.0450068
0.0450068
0.0450068
0.0450068
0.0450068
0.0450068
0.0450068
0.0450068
0.0450068
0.0450068
0.0450068
0.0450068
0.0450068
0.0450068
0.0450068
0.0450068
0.0450068
0.0450068
0.0450068
0.0450068
0.0450068
0.0450068
0.0450068
0.0450068
0.0450068
0.0450068
0.0450068
0.0450068
0.0450068
0.0450068
0.0450068
0.0450068
0.0450068
0.0450068
0.0450068
0.0450068
0.0450068
0.0450068
0.0450068
0.0450068
0.0450068
0.0450068
0.0450068
0.0450068
0.0450068
0.0450068
0.0450068
0.0450068
0.0450068
0.0450068
0.0450068
0.0450068
0.0450068
0.0450068
0.0450068
0.0450068
0.0450068
0.0450068
0.0450068
0.0450068
0.0450068
0.0450068
0.0450068
0.0450068
0.0450068
0.0450068
0.0450068
0.0450068
0.0450068
0.0450068
0.0450068
0.0450068
0.0450068
0.0450068
0.0450068
0.0450068
0.0450068
0.0450068
0.0450068
0.0450068
0.0450068
0.0450068
0.0450068
0.0450068
0.0450068
0.0450068
0.0450068
0.0450068
0.0450068
0.0450068
0.0450068
0.0450068
0.0450068
0.0450068
0.0450068
0.0450068
0.0450068
0.0450068
0.0450068
0.0449759
0.0449278
0.0448977
0.0448612
0.0448197
0.0447834
0.0447478
0.0447058
0.0446639
0.0446221
0.0445868
0.0445387
0.0445028
0.0444663
0.0444362
0.0443941
0.0443584
0.0443341
0.0443042
0.0442687
0.0442388
0.0441971
0.0441617
0.0441321
0.0441025
0.044061
0.0440372
0.0440078
0.0439784
0.0439427
0.0439135
0.0438779
0.0438424
0.0438189
0.0437835
0.0437537
0.043724
0.0436944
0.0436703
0.0436463
0.0436223
0.0435928
0.0435689
0.0435347
0.0435069
0.0434736
0.0434562
0.0434332
0.0434048
0.0433819
0.0433654
0.0433481
0.0433372
0.04332
0.0432997
0.0432897
0.0432686
0.0432539
0.0432393
0.043231
0.0432164
0.0431963
0.0431881
0.0431736
0.0431591
0.0431564
0.0431538
0.0431523
0.043148
0.0431454
0.0431421
0.0431345
0.0431296
0.0431325
0.04313
0.043133
0.0431306
0.0431382
0.0431396
0.0431355
0.0431431
0.043147
0.0431501
0.043154
0.0431463
0.043144
0.0431418
0.0431397
0.0431375
0.0431407
0.0431448
0.0431596
0.0431683
0.0431725
0.0431803
0.043188
0.0431967
0.0432053
0.043214
0.0432227
0.0432199
0.0432348
0.0432373
0.0432407
0.0432379
0.0432467
0.0432502
0.043259
0.0432677
0.0432765
0.0432907
0.0433109
0.0433259
0.0433409
0.043362
0.043377
0.0434034
0.0434245
0.0434456
0.0434554
0.0434827
0.0434986
0.0435197
0.0435529
0.0435679
0.0435837
0.0436109
0.043638
0.0436538
0.0436636
0.0436735
0.0436894
0.0436992
0.043709
0.043725
0.0437409
0.0437508
0.0437659
0.043781
0.0437909
0.043812
0.0438271
0.0438371
0.0438522
0.0438563
0.0438662
0.0438704
0.0438745
0.0438846
0.0439006
0.0439106
0.0439207
0.0439309
0.0439512
0.0439553
0.0439714
0.0439866
0.0440018
0.044006
0.0440102
0.0440153
0.0440145
0.0440129
0.0440171
0.0440214
0.0440257
0.0440292
0.0440268
0.0440353
0.0440388
0.0440365
0.0440391
0.0440427
0.0440404
0.0440381
0.0440358
0.0440285
0.0440263
0.0440241
0.0440219
0.0440089
0.0440007
0.0439984
0.0439963
0.0440051
0.043998
0.0439967
0.0439946
0.0439876
0.0439775
0.0439733
0.043964
0.0439589
0.0439518
0.0439368
0.0439324
0.0439225
0.0439175
0.0439075
0.0439025
0.0438974
0.0439011
0.0438971
0.0438924
0.0438826
0.0438768
0.0438653
0.0438819
0.0438762
0.0438504
0.0438563
0.0438525
0.0438382
0.04382
0.0438164
0.0438088
0.0438013
0.0437987
0.0438009
0.0438079
0.0438081
0.0438222
0.0438223
0.0438199
0.0438127
0.0438071
0.0438018
0.0437995
0.0437974
0.0437924
0.0437881
0.0437831
0.0437837
0.0437797
0.0437757
0.0437614
0.0437574
0.0437397
0.0437285
0.0437138
0.0437045
0.0437014
0.0436922
0.0436862
0.0436756
0.0436638
0.0436603
0.0436579
0.0436545
0.0436509
0.043642
0.0436388
0.0436402
0.0436323
0.0436235
0.0436112
0.0436083
0.0436008
0.0435879
0.043575
0.0435676
0.0435616
0.0435466
0.0435407
0.0435304
0.0435178
0.0434998
0.0434873
0.0434648
0.0434526
0.0434303
0.0434125
0.0434004
0.0433839
0.0433663
0.0433489
0.0433271
0.0433062
0.0432846
0.0432585
0.0432378
0.0432164
0.0432003
0.0431746
0.0431532
0.0431318
0.0431063
0.0430807
0.0430542
0.0430287
0.0429991
0.042974
0.0429534
0.0429328
0.0429175
0.042897
0.0428768
0.0428511
0.0428265
0.0428063
0.0427819
0.0427563
0.0427365
0.042721
0.0426958
0.0426749
0.0426543
0.0426306
0.0426102
0.0425909
0.0425663
0.042543
0.0425293
0.0425103
0.0424967
0.0424831
0.0424737
0.0424591
0.0424456
0.0424365
0.0424274
0.0424142
0.0424011
0.0423878
0.0423695
0.0423555
0.0423479
0.0423381
0.0423295
0.0423207
0.0423162
0.0423169
0.0423085
0.0423039
0.0422953
0.0422921
0.042288
0.0422837
0.0422847
0.0422857
0.0422868
0.0422776
0.0422735
0.0422747
0.0422759
0.0422719
0.042269
0.0422753
0.0422809
0.0422976
0.0423042
0.0423094
0.04232
0.0423264
0.042333
0.0423395
0.0423448
0.0423463
0.0423477
0.042353
0.0423535
0.0423587
0.042363
0.0423733
0.0423828
0.0423909
0.0424001
0.0423992
0.0424071
0.0424163
0.0424259
0.0424363
0.0424419
0.0424475
0.0424531
0.0424638
0.0424734
0.0424832
0.0424979
0.0425126
0.0425261
0.0425408
0.0425541
0.0425678
0.0425864
0.0426048
0.0426183
0.0426366
0.0426504
0.0426639
0.0426813
0.0426948
0.0427072
0.0427246
0.0427431
0.0427605
0.0427829
0.0427964
0.0428085
0.0428258
0.0428393
0.0428614
0.0428774
0.0428945
0.0429104
0.0429214
0.0429373
0.0429535
0.0429681
0.0429869
0.0430104
0.0430252
0.0430413
0.043056
0.0430797
0.0430947
0.0431083
0.043123
0.043138
0.0431527
0.0431712
0.0431774
0.0431919
0.0432017
0.0432161
0.0432259
0.0432319
0.0432377
0.0432484
0.0432579
0.0432721
0.0432828
0.0432973
0.0433117
0.0433272
0.0433377
0.0433521
0.0433662
0.0433804
0.0433994
0.0434098
0.0434251
0.0434394
0.0434533
0.0434675
0.0434779
0.0434917
0.0435058
0.0435112
0.0435252
0.0435391
0.0435495
0.0435684
0.0435788
0.0435926
0.0436078
0.0436181
0.0436283
0.0436386
0.0436501
0.0436653
0.0436767
0.0436798
0.0436912
0.0436943
0.0436976
0.0437054
0.0437085
0.043708
0.0437158
0.043719
0.0437268
0.0437336
0.0437379
0.0437399
0.0437454
0.0437488
0.043752
0.0437518
0.0437555
0.043759
0.0437625
0.043766
0.0437615
0.0437631
0.0437649
0.0437704
0.0437794
0.0437813
0.0437854
0.0437975
0.0438052
0.0438058
0.0438144
0.043815
0.0438122
0.043821
0.0438217
0.0438236
0.0438292
0.0438311
0.04384
0.043849
0.0438498
0.0438552
0.0438607
0.0438618
0.0438625
0.0438645
0.0438631
0.0438689
0.0438701
0.0438715
0.0438733
0.0438785
0.0438922
0.0438996
0.0439067
0.0439206
0.0439354
0.0439373
0.0439441
0.0439495
0.0439564
0.0439605
0.0439677
0.0439661
0.0439768
0.0439832
0.0439882
0.0439949
0.0440047
0.0440145
0.0440221
0.0440289
0.0440365
0.0440433
0.0440495
0.0440527
0.0440596
0.0440675
0.0440739
0.044086
0.0440992
0.0441084
0.0441141
0.0441175
0.0441225
0.0441356
0.0441324
0.0441403
0.0441454
0.044136
0.0441379
0.0441429
0.0441479
0.0441455
0.0441508
0.0441603
0.0441701
0.0441708
0.0441759
0.0441817
0.0441883
0.0441949
0.0442019
0.0442086
0.0442188
0.0442218
0.044228
0.0442385
0.0442416
0.0442458
0.0442535
0.044261
0.0442694
0.0442738
0.0442796
0.0442858
0.0442963
0.0443082
0.0443144
0.044321
0.0443261
0.044337
0.0443374
0.0443424
0.0443429
0.0443491
0.0443545
0.0443642
0.0443663
0.0443794
0.0443864
0.0443935
0.0443988
0.0444045
0.0444089
0.0444134
0.0444182
0.0444303
0.0444355
0.0444477
0.0444599
0.0444688
0.0444706
0.0444874
0.0444944
0.0445041
0.0445145
0.0445275
0.0445374
0.0445467
0.0445581
0.044566
0.044581
0.0445906
0.044599
0.0446103
0.0446221
0.0446382
0.0446497
0.0446512
0.0446675
0.0446788
0.0446883
0.0447022
0.0447195
0.0447412
0.0447586
0.0447829
0.0448047
0.0448264
0.0448528
0.044875
0.0448904
0.0449101
0.0449393
0.0449624
0.0449841
0.0450094
0.0450365
0.0450639
0.0450874
0.0451079
0.0451323
0.0451535
0.0451851
0.0452102
0.0452438
0.0452665
0.0453049
0.0453341
0.0453604
0.045387
0.0454162
0.0454472
0.0454804
0.045516
0.0455495
0.0455922
0.0456257
0.0456628
0.0456977
0.0457283
0.0457659
0.0457996
0.0458294
0.0458639
0.0458989
0.0459389
0.0459707
0.0460101
0.0460665
0.046124
0.04619
0.0462644
0.0463398
0.0464206
0.0465055
0.0465952
0.0466683
0.046743
0.0468372
0.0469293
0.0470242
0.047107
0.0472027
0.0472884
0.0473832
0.0474753
0.0475794
0.0476932
0.0478165
0.0479335
0.0480337
0.048172
0.0483033
0.0484363
0.0485536
0.0486555
0.0487849
0.0489178
0.0490409
0.0491567
0.049277
0.0493834
0.0494913
0.0496064
0.0497302
0.0498447
0.0499677
0.0500798
0.0501931
0.0503022
0.0504168
0.0505248
0.0506111
0.0506973
0.0507777
0.0508559
0.050925
0.0509947
0.0510617
0.051125
0.0511847
0.0512439
0.0512961
0.0513441
0.0513858
0.0514249
0.0514638
0.051491
0.0515188
0.0515407
0.0515574
0.051568
0.0515785
0.0515863
0.0515904
0.0515913
0.0515895
0.051593
0.0515939
0.0515949
0.0515925
0.0515911
0.0515923
0.0515932
0.0515915
0.0515926
0.0515904
0.0515881
0.0515853
0.0515825
0.0515825
0.0515823
0.0515823
0.0515825
0.0515827
0.0515796
0.0515773
0.0515775
0.0515778
0.0515782
0.0515783
0.0515811
0.0515782
0.0515784
0.0515785
0.0515787
0.0515789
0.0515816
0.0515818
0.0515818
0.051582
0.0515846
0.0515846
0.051587
0.051587
0.0515929
0.0515929
0.0515929
0.0515929
0.0515929
0.0515927
0.0515927
0.0515927
0.0515925
0.0515925
0.0515925
0.0515899
0.0515899
0.0515899
0.0515899
0.0515869
0.0515869
0.0515869
0.0515869
0.0515869
0.0515812
0.0515812
0.0515812
0.0515812
0.0515786
0.0515786
0.0515755
0.0515755
0.0515755
0.0515755
0.0515755
0.0515755
0.0515755
0.0515787
0.0515787
0.0515787
0.0515787
0.0515787
0.0515787
0.0515787
0.0515787
0.0515787
0.0515787
0.0515787
0.0515787
0.0515787
0.0515787
0.0515813
0.0515813
0.0515813
0.0515813
0.0515813
0.0515813
0.0515813
0.0515813
0.0515813
0.0515813
0.0515813
0.0515813
0.0515781
0.0515781
0.0515781
0.0515781
0.0515749
0.0515749
0.0515749
0.0515743
0.0515743
0.051571
0.0515678
0.0515678
0.0515646
0.0515639
0.0515639
0.0515607
0.0515575
0.0515569
0.0515569
0.0515536
0.0515562
0.051553
0.0515524
0.0515524
0.0515519
0.0515519
0.0515545
0.0515513
0.0515541
0.0515567
0.0515567
0.0515595
0.0515589
0.0515615
0.0515616
0.051561
0.051561
0.0515606
0.0515606
0.05156
0.05156
0.0515627
0.0515595
0.0515595
0.0515621
0.0515623
0.0515649
0.0515649
0.0515675
0.0515701
0.0515701
0.0515727
0.0515754
0.051578
0.0515806
0.0515832
0.0515858
0.0515885
0.0515911
0.0515937
0.0515963
0.0516014
0.051604
0.0516066
0.0516119
0.0516145
0.0516171
0.0516225
0.0516252
0.0516304
0.051633
0.0516383
0.0516409
0.0516435
0.0516488
0.0516514
0.051654
0.0516567
0.0516593
0.0516621
0.0516647
0.0516673
0.0516641
0.0516641
0.0516667
0.0516635
0.0516635
0.0516637
0.0516604
0.0516572
0.0516539
0.0516539
0.0516507
0.0516475
0.0516442
0.0516384
0.0516351
0.0516319
0.0516286
0.0516228
0.0516195
0.0516163
0.0516104
0.0516072
0.0516046
0.0516013
0.0515987
0.0515961
0.0515961
0.0515934
0.0515908
0.0515914
0.0515888
0.0515888
0.0515862
0.0515862
0.0515836
0.0515836
0.0515809
0.0515809
0.0515817
0.0515791
0.0515823
0.0515795
0.0515802
0.0515802
0.0515808
0.0515808
0.0515814
0.0515845
0.0515851
0.0515883
0.0515888
0.0515888
0.0515894
0.0515868
0.05159
0.0515874
0.0515874
0.051588
0.051588
0.0515854
0.0515854
0.0515854
0.0515854
0.051586
0.051586
0.051586
0.0515834
0.0515834
0.0515808
0.0515808
0.051584
0.051584
0.0515814
0.0515814
0.0515846
0.0515846
0.0515846
0.0515878
0.0515878
0.0515911
0.0515911
0.0515943
0.0515943
0.0515974
0.0516006
0.0516006
0.0516037
0.0516069
0.05161
0.0516132
0.0516132
0.0516165
0.0516197
0.0516197
0.0516229
0.0516262
0.0516262
0.051632
0.051632
0.0516353
0.0516353
0.0516385
0.0516385
0.0516391
0.0516391
0.0516391
0.0516391
0.0516417
0.0516417
0.0516385
0.0516385
0.0516385
0.0516385
0.0516385
0.0516385
0.0516385
0.0516385
0.0516385
0.0516385
0.0516411
0.0516411
0.0516411
0.0516379
0.0516379
0.0516377
0.0516403
0.0516403
0.0516403
0.0516403
0.0516428
0.0516396
0.0516396
0.0516396
0.0516394
0.0516362
0.0516362
0.0516362
0.0516329
0.0516329
0.0516323
0.0516325
0.0516292
0.051626
0.0516286
0.0516254
0.0516248
0.0516215
0.0516209
0.0516205
0.0516172
0.0516166
0.051616
0.0516156
0.051615
0.0516143
0.0516137
0.0516133
0.0516094
0.0516088
0.0516108
0.0516071
0.0516039
0.0516
0.0515963
0.0515899
0.0515862
0.0515764
0.0515669
0.0515571
0.0515476
0.0515346
0.0515248
0.051512
0.0514958
0.0514829
0.0514667
0.0514506
0.0514344
0.0514157
0.0513996
0.0513834
0.0513642
0.0513474
0.0513282
0.0513088
0.0512895
0.0512702
0.0512476
0.0512284
0.0512117
0.0511891
0.0511691
0.0511491
0.0511258
0.0511115
0.0510908
0.0510701
0.0510461
0.0510214
0.0509966
0.0509721
0.0509508
0.0509228
0.0508975
0.0508697
0.0508409
0.0508157
0.0507906
0.0507655
0.050737
0.0507048
0.0506726
0.0506369
0.0506044
0.0505791
0.0505424
0.0504999
0.0504665
0.0504331
0.050403
0.0503762
0.0503542
0.0503279
0.0503008
0.0502744
0.0502446
0.0502208
0.0501968
0.0501696
0.0501421
0.0501145
0.0500902
0.0500624
0.050038
0.0500135
0.0499854
0.0499538
0.0499258
0.0498974
0.0498726
0.0498433
0.0498147
0.0497859
0.049764
0.049742
0.0497156
0.049696
0.0496799
0.0496534
0.0496268
0.0496029
0.0495787
0.0495609
0.0495352
0.0495164
0.0494977
0.0494752
0.0494592
0.0494459
0.0494323
0.0494152
0.0493983
0.0493866
0.0493757
0.049364
0.0493586
0.0493489
0.0493362
0.04933
0.0493228
0.0493093
0.0492957
0.0492822
0.049265
0.0492579
0.0492471
0.0492383
0.0492332
0.0492232
0.0492181
0.049211
0.0492029
0.0491905
0.0491818
0.0491758
0.0491736
0.0491705
0.0491645
0.0491633
0.049159
0.0491634
0.0491575
0.0491544
0.0491573
0.049158
0.0491645
0.0491576
0.0491576
0.0491614
0.0491643
0.0491723
0.0491751
0.0491833
0.049186
0.0491878
0.0491787
0.0491796
0.0491901
0.0491969
0.0492107
0.0492215
0.0492245
0.0492315
0.0492377
0.0492469
0.0492493
0.0492556
0.0492585
0.0492655
0.0492664
0.0492726
0.0492751
0.0492846
0.0492981
0.0493013
0.0493044
0.0493117
0.0493252
0.0493347
0.0493514
0.0493611
0.0493575
0.0493649
0.0493715
0.0493856
0.0493884
0.0494016
0.049408
0.049414
0.0494162
0.0494216
0.0494305
0.0494358
0.049438
0.0494401
0.0494435
0.0494528
0.0494589
0.0494602
0.0494578
0.0494533
0.0494554
0.0494572
0.0494695
0.0494714
0.0494813
0.0494793
0.0494735
0.0494621
0.0494562
0.0494577
0.049463
0.0494686
0.0494704
0.0494688
0.0494626
0.0494643
0.0494703
0.0494642
0.0494628
0.0494606
0.0494581
0.0494552
0.0494449
0.049447
0.0494339
0.0494197
0.0494145
0.0494089
0.0494068
0.0493921
0.0493819
0.0493722
0.049354
0.0493485
0.0493418
0.0493315
0.0493167
0.0492984
0.0492839
0.0492647
0.0492499
0.0492352
0.0492084
0.0491895
0.0491616
0.0491423
0.0491268
0.0491116
0.0490971
0.0490731
0.0490414
0.0490177
0.0489939
0.048974
0.0489546
0.0489314
0.0488988
0.048871
0.0488341
0.0488099
0.0487908
0.0487668
0.0487385
0.0486964
0.0486642
0.0486311
0.0486029
0.0485744
0.0485411
0.0485079
0.0484664
0.0484286
0.0483908
0.0483667
0.0483336
0.048291
0.0482569
0.0482093
0.0481662
0.0481323
0.0480982
0.0480541
0.0480154
0.0479572
0.0479133
0.0478746
0.0478406
0.0477968
0.0477522
0.047698
0.047659
0.0476204
0.0475703
0.0475396
0.0474897
0.0474543
0.0474152
0.0473863
0.0473359
0.0473005
0.0472501
0.0472143
0.0471646
0.0471141
0.0470644
0.0470395
0.0469892
0.0469588
0.046913
0.0468667
0.0468315
0.0467957
0.0467693
0.0467529
0.0467222
0.0466765
0.0466369
0.0466018
0.0465711
0.046546
0.0465211
0.0464907
0.0464602
0.0464305
0.0464094
0.0463839
0.0463631
0.0463325
0.0462975
0.0462527
0.046233
0.0462193
0.0462223
0.0462035
0.0461741
0.0461392
0.0461143
0.0461059
0.046076
0.0460355
0.0460018
0.0459723
0.0459532
0.0459346
0.0459003
0.0458661
0.0458527
0.045838
0.0458042
0.0457812
0.0457631
0.0457444
0.0457385
0.0457266
0.0456986
0.045681
0.0456688
0.045668
0.0456671
0.0456613
0.0456517
0.045635
0.0456078
0.0455971
0.0455804
0.0455807
0.0455879
0.0455691
0.045565
0.0455611
0.045558
0.0455553
0.0455489
0.0455524
0.0455438
0.0455467
0.0455439
0.0455479
0.0455404
0.0455283
0.0455272
0.0455209
0.0455202
0.0455134
0.0455183
0.0455114
0.0454999
0.0454942
0.0454948
0.0454947
0.0454948
0.0454887
0.0454835
0.0454729
0.0454734
0.0454684
0.0454657
0.0454632
0.0454426
0.0454324
0.0454182
0.0454081
0.0454038
0.0454002
0.0454024
0.0453927
0.0453774
0.0453621
0.0453475
0.045326
0.045323
0.0453201
0.0453116
0.0452966
0.0452695
0.0452496
0.0452291
0.0451964
0.0451824
0.0451742
0.0451545
0.0451342
0.0451139
0.045082
0.0450501
0.0450241
0.0449923
0.0449728
0.0449527
0.0449209
0.0448826
0.0448509
0.0448132
0.0447749
0.0447373
0.0447062
0.0446679
0.0446231
0.0445914
0.0445465
0.0445023
0.0444587
0.0444145
0.0443703
0.0443134
0.0442626
0.0442044
0.0441534
0.0441098
0.0440721
0.0440417
0.0439847
0.0439411
0.0438974
0.043847
0.0437966
0.0437529
0.0437158
0.0436654
0.0436083
0.0435585
0.0434952
0.0434387
0.0433894
0.0433463
0.0433159
0.0432653
0.0432215
0.0431715
0.0431081
0.0430513
0.0430013
0.0429519
0.0429031
0.0428469
0.0427975
0.0427549
0.0427183
0.0426627
0.0426126
0.0425631
0.0425006
0.042445
0.042396
0.042341
0.0422921
0.0422369
0.0421817
0.0421395
0.0420973
0.0420482
0.042006
0.0419637
0.0419221
0.0418799
0.0418382
0.0417966
0.041755
0.0417201
0.0416785
0.0416429
0.041608
0.0415919
0.0415631
0.0415214
0.0415121
0.0414834
0.0414486
0.0414137
0.0413726
0.0413308
0.0412965
0.041256
0.0412148
0.041193
0.0411637
0.0411414
0.0411184
0.0411092
0.0410799
0.0410656
0.0410375
0.0410157
0.0409932
0.0409645
0.0409358
0.0409197
0.0409106
0.0408875
0.0408653
0.0408486
0.0408263
0.0408111
0.0407824
0.0407728
0.0407378
0.0407226
0.0407132
0.0407107
0.0406861
0.0406806
0.040676
0.0406648
0.0406555
0.0406393
0.0406365
0.0406332
0.0406496
0.0406394
0.0406485
0.0406448
0.0406417
0.0406311
0.0406147
0.0406177
0.0406208
0.0406303
0.040633
0.0406292
0.0406256
0.0406284
0.0406185
0.0406221
0.0406393
0.0406432
0.0406608
0.0406584
0.0406489
0.0406473
0.0406316
0.0406301
0.0406285
0.0406206
0.0406197
0.0406126
0.040612
0.0405983
0.0405919
0.0405921
0.040593
0.0405939
0.0406013
0.0406091
0.0406101
0.0406041
0.0405981
0.0405995
0.0405733
0.0405676
0.0405625
0.0405372
0.0405317
0.0405264
0.040521
0.0405229
0.0405242
0.0405261
0.0405275
0.0405154
0.0405108
0.0405065
0.040495
0.0404903
0.0404861
0.0404825
0.0404853
0.0404745
0.0404641
0.0404669
0.0404497
0.0404322
0.0404289
0.0404259
0.0404089
0.040406
0.040396
0.0403932
0.0403906
0.040381
0.0403853
0.0403761
0.0403595
0.0403501
0.0403344
0.0403185
0.0403232
0.0403075
0.0402917
0.0402827
0.0402809
0.0402787
0.0402905
0.0402821
0.04028
0.0402853
0.0402841
0.040283
0.0402752
0.0402676
0.0402676
0.0402673
0.0402673
0.0402605
0.0402608
0.040254
0.0402544
0.0402478
0.0402414
0.0402422
0.0402434
0.0402373
0.0402384
0.0402393
0.0402407
0.0402349
0.040236
0.0402375
0.0402321
0.0402263
0.0402209
0.0402154
0.0402033
0.0401979
0.0401856
0.0401736
0.0401543
0.0401363
0.0401236
0.0400917
0.0400723
0.0400598
0.0400403
0.0400272
0.0400143
0.039975
0.0399625
0.039936
0.0399163
0.0398966
0.0398706
0.0398513
0.0398253
0.0398062
0.0397732
0.0397608
0.0397417
0.0397226
0.0396968
0.039671
0.0396524
0.0396337
0.0396081
0.0395828
0.0395575
0.0395322
0.0395003
0.0394685
0.0394371
0.0394052
0.0393735
0.0393416
0.0393102
0.0392719
0.0392334
0.0392159
0.0391841
0.0391462
0.0391213
0.0390967
0.0390583
0.0390271
0.0389888
0.0389506
0.0389126
0.0388814
0.0388432
0.0387984
0.0387537
0.0387089
0.0386708
0.0386261
0.0385812
0.0385502
0.0385054
0.0384671
0.0384294
0.0383782
0.0383405
0.0383029
0.0382516
0.0382074
0.0381701
0.0381194
0.038075
0.0380244
0.0379872
0.0379434
0.0378927
0.037849
0.0378119
0.0377621
0.0377114
0.0376679
0.0376239
0.0375802
0.0375363
0.037499
0.0374679
0.0374371
0.0373862
0.037355
0.0373172
0.0372794
0.0372417
0.0371969
0.0371522
0.0371139
0.0370755
0.037037
0.0369921
0.0369466
0.0369082
0.0368695
0.0368377
0.0367923
0.0367596
0.0367213
0.0366822
0.0366496
0.0366176
0.0365921
0.0365465
0.0365143
0.0364824
0.0364502
0.0364502
0.0364502
0.0364502
0.0364502
0.0364502
0.0364502
0.0364502
0.0364502
0.0364502
0.0364502
0.0364502
0.0364502
0.0364502
0.0364502
0.0364502
0.0364502
0.0364502
0.0364502
0.0364502
0.0364502
0.0364502
0.0364502
0.0364502
0.0364502
0.0364502
0.0364502
0.0364502
0.0364502
0.0364502
0.0364502
0.0364502
0.0364502
0.0364502
0.0364502
0.0364502
0.0364502
0.0364502
0.0364502
0.0364502
0.0364502
0.0364502
0.0364502
0.0364502
0.0364502
0.0364502
0.0364502
0.0364502
0.0364502
0.0364502
0.0364502
0.0364502
0.0364502
0.0364502
0.0364502
0.0364502
0.0364502
0.0364502
0.0364502
0.0364502
0.0364502
0.0364502
0.0364502
0.0364502
0.0364502
0.0364502
0.0364502
0.0364502
0.0364502
0.0364502
0.0364502
0.0364502
0.0364502
0.0364502
0.0364502
0.0364502
0.0364502
0.0364502
0.0364502
0.0364502
0.0364502
0.0364502
0.0364502
0.0364502
0.0364502
0.0364502
0.0364502
0.0364502
0.0364502
0.0364502
0.0364502
0.0364502
0.0364502
0.0364502
0.0364502
0.0364502
0.0364502
0.0364502
0.0364502
0.0364502
0.0364502
0.0364502
0.0364502
0.0364502
0.0364502
0.0364502
0.0364502
0.0364502
0.0364502
0.0364502
0.0364502
0.0364502
0.0364502
0.0364502
0.0364502
0.0364502
0.0364502
0.0364502
0.0364502
0.0364502
0.0364502
0.0364502
0.0364502
0.0364502
0.0364502
0.0364502
0.0364502
0.0364502
0.0364502
0.0364502
0.0364502
0.0364502
0.0364502
0.0364502
0.0364502
0.0364502
0.0364502
0.0364502
0.0364502
0.0364502
0.0364502
0.0364502
0.0364502
0.0364502
0.0364502
0.0364502
0.0364502
0.0364502
0.0364502
0.0364502
0.0364502
0.0364502
0.0364502
0.0364502
0.0364502
0.0364502
0.0364502
0.0364502
0.0364502
0.0364502
0.0364502
0.0364502
0.0364502
0.0364502
0.0364502
0.0364502
0.0364502
0.0364502
0.0364502
0.0364502
0.0364502
0.0364502
0.0364502
0.0364502
0.0364502
0.0364502
0.0364502
0.0364502
0.0364502
0.0364502
0.0364502
0.0364502
0.0364502
0.0364502
0.0364502
0.0364502
0.0364502
0.0364502
0.0364502
0.0364502
0.0364502
0.0364502
0.0364502
0.0364502
0.0364502
0.0364502
0.0364502
0.0364502
0.0364502
0.0364502
0.0364502
0.0364502
0.0364502
0.0364502
0.0364502
0.0364502
0.0364502
0.0364502
0.0364502
0.0364502
0.0364502
0.0364502
0.0364502
0.0364502
0.0364502
0.0364502
0.0364502
0.0364502
0.0364502
0.0364502
0.0364502
0.0364502
0.0364502
0.0364502
0.0364502
0.0364502
0.0364502
0.0364502
0.0364502
0.0364502
0.0364502
0.0364502
0.0364502
0.0364502
0.0364502
0.0364502
0.0364502
0.0364502
0.0364502
0.0364502
0.0364502
0.0364502
0.0364502
0.0364502
0.0364502
0.0364502
0.0364502
0.0364502
0.0364502
0.0364502
0.0364502
0.0364502
0.0364502
0.0364502
0.0364502
0.0364502
0.0364502
0.0364502
0.0364502
0.0364502
0.0364502
0.0364502
0.0364502
0.0364502
0.0364502
0.0364502
0.0364502
0.0364502
0.0364502
0.0364502
0.0364502
0.0364502
0.0364502
0.0364502
0.0364502
0.0364502
0.0364502
0.0364502
0.0364502
0.0364502
0.0364502
0.0364502
0.0364502
0.0364502
0.0364502
0.0364502
0.0364502
0.0364502
0.0364502
0.0364502
0.0364502
0.0364502
0.0364502
0.0364502
0.0364502
0.0364502
0.0364502
0.0364502
0.0364502
0.0364502
0.0364502
0.0364502
0.0364502
0.0364502
0.0364502
0.0364502
0.0364502
0.0364502
0.0364502
0.0364502
0.0364502
0.0364502
0.0364502
0.0364502
0.0364502
0.0364502
0.0364502
0.0364502
0.0364502
0.0364502
0.0364502
0.0364502
0.0364502
0.0364502
0.0364502
0.0364502
0.0364502
0.0364502
0.0364502
0.0364502
0.0364502
0.0364502
0.0364502
0.0364502
0.0364502
0.0364502
0.0364502
0.0364502
0.0364502
0.0364502
0.0364502
0.0364502
0.0364502
0.0364502
0.0364502
0.0364502
0.0364502
0.0364502
0.0364502
0.0364502
0.0364502
0.0364502
0.0364502
0.0364502
0.0364502
0.0364502
0.0364502
0.0364502
0.0364502
0.0364502
0.0364502
0.0364502
0.0364502
0.0364502
0.0364502
0.0364502
0.0364502
0.0364502
0.0364502
0.0364502
0.0364502
0.0364502
0.0364502
0.0364502
0.0364502
0.0364502
0.0364502
0.0364502
0.0364502
0.0364502
0.0364502
0.0364502
0.0364502
0.0364502
0.0364502
0.0364502
0.0364502
0.0364502
0.0364502
0.0364502
0.0364502
0.0364502
0.0364502
0.0364502
0.0364502
0.0364502
0.0364502
0.0364502
0.0364502
0.0364502
0.0364502
0.0364502
0.0364502
0.0364502
0.0364502
0.0364502
0.0364502
0.0364502
0.0364502
0.0364502
0.0364502
0.0364502
0.0364502
0.0364502
0.0364502
0.0364502
0.0364502
0.0364502
0.0364502
0.0364502
0.0364502
0.0364502
0.0364502
0.0364502
0.0364502
0.0364502
0.0364502
0.0364502
0.0364502
0.0364502
0.0364502
0.0364502
0.0364502
0.0364502
0.0364502
0.0364502
0.0364502
0.0364502
0.0364502
0.0364502
0.0364502
0.0364502
0.0364502
0.0364502
0.0364502
0.0364502
0.0364502
0.0364502
0.0364502
0.0364502
0.0364502
0.0364502
0.0364502
0.0364502
0.0364502
0.0364502
0.0364502
0.0364502
0.0364502
0.0364502
0.0364502
0.0364502
0.0364502
0.0364502
0.0364502
0.0364502
0.0364502
0.0364502
0.0364502
0.0364502
0.0364502
0.0364502
0.0364502
0.0364502
0.0364502
0.0364502
0.0364502
0.0364502
0.0364502
0.0364502
0.0364502
0.0364502
0.0364502
0.0364502
0.0364502
0.0364502
0.0364502
0.0364502
0.0364502
0.0364502
0.0364502
0.0364502
0.0364502
0.0364502
0.0364502
0.0364502
0.0364502
0.0364502
0.0364502
0.0364502
0.0364502
0.0364502
0.0364502
0.0364502
0.0364502
0.0364502
0.0364502
0.0364502
0.0364502
0.0364502
0.0364502
0.0364502
0.0364502
0.0364502
0.0364502
0.0364502
0.0364502
0.0364502
0.0364502
0.0364502
0.0364502
0.0364502
0.0364502
0.0364502
0.0364502
0.0364502
0.0364502
0.0364502
0.0364502
0.0364502
0.0364502
0.0364502
0.0364502
0.0364502
0.0364502
0.0364502
0.0364502
0.0364502
0.0364502
0.0364502
0.0364502
0.0364502
0.0364502
0.0364502
0.0364502
0.0364502
0.0364502
0.0364502
0.0364502
0.0364502
0.0364502
0.0364502
0.0364502
0.0364502
0.0364502
0.0364502
0.0364502
0.0364502
0.0364502
0.0364502
0.0364502
0.0364502
0.0364502
0.0364502
0.0364502
0.0364502
0.0364502
0.0364502
0.0364502
0.0364502
0.0364502
0.0364502
0.0364502
0.0364502
0.0364502
0.0364502
0.0364502
0.0364502
0.0364502
0.0364502
0.0364502
0.0364502
0.0364502
0.0364502
0.0364502
0.0364502
0.0364502
0.0364502
0.0364502
0.0364502
0.0364502
0.0364502
0.0364502
0.0364502
0.0364502
0.0364502
0.0364502
0.0364502
0.0364502
0.0364502
0.0364502
0.0364502
0.0364502
0.0364502
0.0364502
0.0364502
0.0364502
0.0364502
0.0364502
0.0364502
0.0364502
0.0364502
0.0364502
0.0364502
0.0364502
0.0364502
0.0364502
0.0364502
0.0364502
0.0364502
0.0364502
0.0364502
0.0364502
0.0364502
0.0364502
0.0364502
0.0364502
0.0364502
0.0364502
0.0364502
0.0364502
0.0364502
0.0364502
0.0364502
0.0364502
0.0364502
0.0364502
0.0364502
0.0364502
0.0364502
0.0364502
0.0364502
0.0364502
0.0364502
0.0364502
0.0364502
0.0364502
0.0364502
0.0364502
0.0364502
0.0364502
0.0364502
0.0364502
0.0364502
0.0364502
0.0364502
0.0364502
0.0364502
0.0364502
0.0364502
0.0364502
0.0364502
0.0364502
0.0364502
0.0364502
0.0364502
0.0364502
0.0364502
0.0364502
0.0364502
0.0364502
0.0364502
0.0364502
0.0364502
0.0364502
0.0364502
0.0364502
0.0364502
0.0364502
0.0364502
0.0364502
0.0364502
