-0.133323
-0.133323
-0.133323
-0.133323
-0.133323
-0.133322
-0.133322
-0.133322
-0.133322
-0.133321
-0.133321
-0.133321
-0.13332
-0.13332
-0.133319
-0.133319
-0.133318
-0.133318
-0.133317
-0.133316
-0.133316
-0.133315
-0.133314
-0.133313
-0.133313
-0.133312
-0.133311
-0.13331
-0.133309
-0.133309
-0.133308
-0.133307
-0.133306
-0.133305
-0.133304
-0.133303
-0.133301
-0.1333
-0.133299
-0.133298
-0.133297
-0.133296
-0.133295
-0.133293
-0.133292
-0.133291
-0.13329
-0.133289
-0.133288
-0.133286
-0.133285
-0.133284
-0.133283
-0.133281
-0.13328
-0.133279
-0.133278
-0.133276
-0.133275
-0.133274
-0.133273
-0.133272
-0.13327
-0.133269
-0.133268
-0.133267
-0.133266
-0.133265
-0.133264
-0.133263
-0.133261
-0.13326
-0.133259
-0.133258
-0.133257
-0.133256
-0.133255
-0.133254
-0.133252
-0.133251
-0.13325
-0.133249
-0.133248
-0.133247
-0.133246
-0.133245
-0.133244
-0.133242
-0.133241
-0.13324
-0.133239
-0.133238
-0.133237
-0.133236
-0.133234
-0.133233
-0.133232
-0.133231
-0.13323
-0.133229
-0.133228
-0.133226
-0.133225
-0.133224
-0.133223
-0.133222
-0.13322
-0.133219
-0.133218
-0.133217
-0.133216
-0.133214
-0.133213
-0.133212
-0.133211
-0.13321
-0.133208
-0.133207
-0.133206
-0.133205
-0.133203
-0.133202
-0.133201
-0.1332
-0.133198
-0.133197
-0.133196
-0.133195
-0.133193
-0.133192
-0.133191
-0.13319
-0.133189
-0.133187
-0.133186
-0.133185
-0.133184
-0.133183
-0.133182
-0.13318
-0.133179
-0.133178
-0.133177
-0.133176
-0.133174
-0.133173
-0.133172
-0.13317
-0.133169
-0.133168
-0.133166
-0.133165
-0.133164
-0.133162
-0.133161
-0.13316
-0.133159
-0.133157
-0.133156
-0.133155
-0.133154
-0.133153
-0.133152
-0.13315
-0.133149
-0.133148
-0.133147
-0.133146
-0.133145
-0.133144
-0.133143
-0.133142
-0.133141
-0.13314
-0.133139
-0.133138
-0.133137
-0.133136
-0.133135
-0.133134
-0.133133
-0.133132
-0.133131
-0.13313
-0.133129
-0.133129
-0.133128
-0.133127
-0.133126
-0.133125
-0.133124
-0.133123
-0.133122
-0.133121
-0.13312
-0.13312
-0.133119
-0.133118
-0.133117
-0.133116
-0.133115
-0.133115
-0.133114
-0.133113
-0.133112
-0.133112
-0.133111
-0.13311
-0.133109
-0.133108
-0.133107
-0.133106
-0.133105
-0.133104
-0.133103
-0.133102
-0.133101
-0.1331
-0.133099
-0.133098
-0.133098
-0.133097
-0.133096
-0.133095
-0.133094
-0.133093
-0.133092
-0.133091
-0.13309
-0.133089
-0.133088
-0.133087
-0.133086
-0.133086
-0.133085
-0.133084
-0.133083
-0.133082
-0.133081
-0.13308
-0.13308
-0.133079
-0.133078
-0.133077
-0.133076
-0.133075
-0.133074
-0.133074
-0.133073
-0.133072
-0.133071
-0.13307
-0.133069
-0.133068
-0.133067
-0.133066
-0.133065
-0.133064
-0.133063
-0.133062
-0.133061
-0.13306
-0.133059
-0.133058
-0.133057
-0.133056
-0.133055
-0.133054
-0.133053
-0.133052
-0.133051
-0.13305
-0.133049
-0.133049
-0.133048
-0.133047
-0.133046
-0.133045
-0.133044
-0.133044
-0.133043
-0.133042
-0.133041
-0.13304
-0.133039
-0.133038
-0.133038
-0.133037
-0.133036
-0.133035
-0.133034
-0.133034
-0.133033
-0.133032
-0.133031
-0.133031
-0.13303
-0.133029
-0.133029
-0.133028
-0.133027
-0.133026
-0.133026
-0.133025
-0.133024
-0.133024
-0.133023
-0.133022
-0.133022
-0.133021
-0.13302
-0.13302
-0.133019
-0.133018
-0.133018
-0.133017
-0.133017
-0.133016
-0.133016
-0.133015
-0.133015
-0.133014
-0.133013
-0.133013
-0.133012
-0.133012
-0.133011
-0.13301
-0.13301
-0.133009
-0.133009
-0.133008
-0.133007
-0.133007
-0.133006
-0.133005
-0.133005
-0.133004
-0.133003
-0.133003
-0.133002
-0.133001
-0.133001
-0.133
-0.132999
-0.132999
-0.132998
-0.132998
-0.132997
-0.132996
-0.132996
-0.132995
-0.132994
-0.132994
-0.132993
-0.132992
-0.132992
-0.132991
-0.13299
-0.13299
-0.132989
-0.132989
-0.132988
-0.132987
-0.132987
-0.132986
-0.132985
-0.132985
-0.132984
-0.132983
-0.132983
-0.132982
-0.132981
-0.132981
-0.13298
-0.132979
-0.132979
-0.132978
-0.132977
-0.132977
-0.132976
-0.132975
-0.132975
-0.132974
-0.132974
-0.132973
-0.132972
-0.132972
-0.132971
-0.13297
-0.13297
-0.132969
-0.132969
-0.132968
-0.132967
-0.132967
-0.132966
-0.132965
-0.132965
-0.132964
-0.132963
-0.132963
-0.132962
-0.132962
-0.132961
-0.132959
-0.132958
-0.132957
-0.132956
-0.132954
-0.132953
-0.132952
-0.132951
-0.132949
-0.132948
-0.132947
-0.132946
-0.132944
-0.132943
-0.132942
-0.132941
-0.13294
-0.132939
-0.132937
-0.132936
-0.132935
-0.132934
-0.132933
-0.132932
-0.13293
-0.132929
-0.132928
-0.132927
-0.132926
-0.132925
-0.132923
-0.132922
-0.132921
-0.13292
-0.132918
-0.132917
-0.132916
-0.132915
-0.132914
-0.132912
-0.132911
-0.13291
-0.132908
-0.132907
-0.132906
-0.132904
-0.132903
-0.132902
-0.1329
-0.132899
-0.132897
-0.132896
-0.132895
-0.132893
-0.132892
-0.13289
-0.132889
-0.132888
-0.132886
-0.132885
-0.132884
-0.132882
-0.132881
-0.132879
-0.132879
-0.132878
-0.132878
-0.132878
-0.132877
-0.132877
-0.132876
-0.132876
-0.132876
-0.132875
-0.132875
-0.132874
-0.132874
-0.132873
-0.132873
-0.132872
-0.132872
-0.132871
-0.132871
-0.13287
-0.132869
-0.132869
-0.132868
-0.132867
-0.132867
-0.132866
-0.132865
-0.132864
-0.132864
-0.132863
-0.132862
-0.132861
-0.13286
-0.13286
-0.132859
-0.132858
-0.132857
-0.132856
-0.132855
-0.132854
-0.132853
-0.132852
-0.132851
-0.132851
-0.13285
-0.132849
-0.132848
-0.132847
-0.132846
-0.132845
-0.132844
-0.132843
-0.132842
-0.132841
-0.13284
-0.132839
-0.132838
-0.132837
-0.132836
-0.132835
-0.132834
-0.132833
-0.132832
-0.13283
-0.132828
-0.132826
-0.132824
-0.132822
-0.13282
-0.132818
-0.132816
-0.132814
-0.132812
-0.13281
-0.132808
-0.132805
-0.132803
-0.132801
-0.132799
-0.132797
-0.132795
-0.132793
-0.132791
-0.132789
-0.132787
-0.132785
-0.132783
-0.132781
-0.132779
-0.132777
-0.132775
-0.132773
-0.132771
-0.132769
-0.132767
-0.132765
-0.132763
-0.132762
-0.13276
-0.132758
-0.132756
-0.132754
-0.132752
-0.132751
-0.132749
-0.132747
-0.132746
-0.132744
-0.132742
-0.13274
-0.132739
-0.132737
-0.132735
-0.132734
-0.132732
-0.13273
-0.132729
-0.132727
-0.132725
-0.132724
-0.132722
-0.132721
-0.132719
-0.132717
-0.132716
-0.132714
-0.132713
-0.132711
-0.13271
-0.132709
-0.132707
-0.132706
-0.132704
-0.132703
-0.132701
-0.1327
-0.132698
-0.132697
-0.132696
-0.132694
-0.132693
-0.132692
-0.13269
-0.132689
-0.132688
-0.132686
-0.132685
-0.132684
-0.132683
-0.132681
-0.13268
-0.132679
-0.132678
-0.132677
-0.132676
-0.132675
-0.132674
-0.132673
-0.132671
-0.13267
-0.132669
-0.132668
-0.132667
-0.132666
-0.132666
-0.132665
-0.132664
-0.132664
-0.132664
-0.132665
-0.132665
-0.132665
-0.132665
-0.132666
-0.132666
-0.132667
-0.132667
-0.132667
-0.132668
-0.132668
-0.132668
-0.132669
-0.132669
-0.132669
-0.132669
-0.13267
-0.13267
-0.13267
-0.13267
-0.132671
-0.132671
-0.132671
-0.132671
-0.132672
-0.132672
-0.132672
-0.132673
-0.132673
-0.132674
-0.132674
-0.132675
-0.132675
-0.132675
-0.132676
-0.132676
-0.132677
-0.132678
-0.132678
-0.132679
-0.132679
-0.13268
-0.132681
-0.132682
-0.132682
-0.132683
-0.132684
-0.132684
-0.132685
-0.132686
-0.132686
-0.132687
-0.132688
-0.132688
-0.132689
-0.13269
-0.13269
-0.132691
-0.132692
-0.132692
-0.132693
-0.132694
-0.132695
-0.132695
-0.132696
-0.132697
-0.132697
-0.132698
-0.132699
-0.132699
-0.1327
-0.132701
-0.132701
-0.132702
-0.132703
-0.132703
-0.132704
-0.132704
-0.132705
-0.132706
-0.132706
-0.132707
-0.132707
-0.132708
-0.132709
-0.132709
-0.13271
-0.132711
-0.132711
-0.132712
-0.132713
-0.132713
-0.132714
-0.132714
-0.132715
-0.132716
-0.132716
-0.132717
-0.132717
-0.132718
-0.132718
-0.132718
-0.132719
-0.132719
-0.13272
-0.13272
-0.132721
-0.132721
-0.132722
-0.132722
-0.132723
-0.132723
-0.132724
-0.132725
-0.132725
-0.132726
-0.132726
-0.132727
-0.132727
-0.132728
-0.132729
-0.132729
-0.13273
-0.132731
-0.132731
-0.132732
-0.132733
-0.132734
-0.132734
-0.132735
-0.132736
-0.132737
-0.132738
-0.132738
-0.132739
-0.13274
-0.132741
-0.132742
-0.132742
-0.132743
-0.132744
-0.132744
-0.132745
-0.132746
-0.132747
-0.132747
-0.132748
-0.132749
-0.132749
-0.13275
-0.132751
-0.132751
-0.132752
-0.132753
-0.132753
-0.132754
-0.132755
-0.132755
-0.132756
-0.132757
-0.132758
-0.132759
-0.13276
-0.13276
-0.132761
-0.132761
-0.132762
-0.132762
-0.132762
-0.132762
-0.132763
-0.132763
-0.132763
-0.132763
-0.132763
-0.132763
-0.132764
-0.132764
-0.132764
-0.132764
-0.132764
-0.132764
-0.132765
-0.132765
-0.132765
-0.132765
-0.132765
-0.132766
-0.132766
-0.132766
-0.132766
-0.132766
-0.132767
-0.132767
-0.132767
-0.132767
-0.132767
-0.132767
-0.132768
-0.132768
-0.132768
-0.132768
-0.132768
-0.132769
-0.132769
-0.132769
-0.132769
-0.132769
-0.132769
-0.132769
-0.132769
-0.132769
-0.132769
-0.132769
-0.132769
-0.132769
-0.132769
-0.132769
-0.132769
-0.13277
-0.13277
-0.13277
-0.13277
-0.13277
-0.13277
-0.13277
-0.13277
-0.13277
-0.13277
-0.13277
-0.13277
-0.13277
-0.132771
-0.132771
-0.132771
-0.132771
-0.132771
-0.132771
-0.132771
-0.132771
-0.132771
-0.132771
-0.132771
-0.132772
-0.132772
-0.132772
-0.132772
-0.132772
-0.132772
-0.132773
-0.132773
-0.132773
-0.132773
-0.132773
-0.132773
-0.132773
-0.132773
-0.132773
-0.132773
-0.132773
-0.132773
-0.132773
-0.132773
-0.132773
-0.132773
-0.132773
-0.132773
-0.132773
-0.132773
-0.132773
-0.132773
-0.132773
-0.132773
-0.132773
-0.132773
-0.132773
-0.132773
-0.132773
-0.132773
-0.132773
-0.132773
-0.132773
-0.132773
-0.132773
-0.132773
-0.132773
-0.132773
-0.132773
-0.132773
-0.132773
-0.132773
-0.132773
-0.132773
-0.132773
-0.132773
-0.132774
-0.132774
-0.132774
-0.132774
-0.132774
-0.132774
-0.132774
-0.132774
-0.132775
-0.132775
-0.132775
-0.132775
-0.132775
-0.132775
-0.132775
-0.132775
-0.132775
-0.132776
-0.132776
-0.132776
-0.132776
-0.132776
-0.132776
-0.132776
-0.132776
-0.132776
-0.132776
-0.132776
-0.132776
-0.132776
-0.132777
-0.132777
-0.132777
-0.132777
-0.132777
-0.132777
-0.132777
-0.132778
-0.132778
-0.132778
-0.132778
-0.132778
-0.132779
-0.132779
-0.132779
-0.132779
-0.132779
-0.13278
-0.13278
-0.13278
-0.13278
-0.132781
-0.132781
-0.132781
-0.132782
-0.132782
-0.132782
-0.132783
-0.132783
-0.132783
-0.132783
-0.132783
-0.132784
-0.132784
-0.132784
-0.132784
-0.132784
-0.132785
-0.132785
-0.132785
-0.132785
-0.132785
-0.132785
-0.132785
-0.132786
-0.132786
-0.132786
-0.132786
-0.132786
-0.132786
-0.132786
-0.132786
-0.132786
-0.132786
-0.132786
-0.132786
-0.132786
-0.132786
-0.132786
-0.132786
-0.132786
-0.132786
-0.132786
-0.132786
-0.132785
-0.132785
-0.132785
-0.132785
-0.132785
-0.132785
-0.132785
-0.132785
-0.132785
-0.132785
-0.132785
-0.132785
-0.132785
-0.132785
-0.132785
-0.132785
-0.132785
-0.132785
-0.132785
-0.132785
-0.132785
-0.132785
-0.132785
-0.132785
-0.132785
-0.132785
-0.132785
-0.132785
-0.132785
-0.132785
-0.132785
-0.132785
-0.132785
-0.132785
-0.132785
-0.132785
-0.132786
-0.132786
-0.132786
-0.132786
-0.132786
-0.132786
-0.132786
-0.132786
-0.132786
-0.132786
-0.132786
-0.132786
-0.132786
-0.132786
-0.132786
-0.132786
-0.132786
-0.132787
-0.132787
-0.132787
-0.132787
-0.132787
-0.132787
-0.132787
-0.132788
-0.132788
-0.132788
-0.132788
-0.132788
-0.132788
-0.132788
-0.132788
-0.132788
-0.132788
-0.132788
-0.132788
-0.132788
-0.132788
-0.132788
-0.132788
-0.132788
-0.132788
-0.132788
-0.132788
-0.132788
-0.132788
-0.132788
-0.132788
-0.132788
-0.132788
-0.132788
-0.132788
-0.132789
-0.132789
-0.132789
-0.132789
-0.132789
-0.132789
-0.132789
-0.132789
-0.132789
-0.132789
-0.13279
-0.13279
-0.13279
-0.13279
-0.13279
-0.13279
-0.132791
-0.132791
-0.132791
-0.132791
-0.132791
-0.132792
-0.132792
-0.132792
-0.132792
-0.132792
-0.132792
-0.132792
-0.132793
-0.132793
-0.132793
-0.132793
-0.132793
-0.132793
-0.132793
-0.132793
-0.132793
-0.132793
-0.132793
-0.132793
-0.132793
-0.132794
-0.132794
-0.132794
-0.132794
-0.132794
-0.132794
-0.132794
-0.132794
-0.132794
-0.132794
-0.132794
-0.132794
-0.132794
-0.132794
-0.132794
-0.132794
-0.132794
-0.132794
-0.132795
-0.132795
-0.132795
-0.132795
-0.132795
-0.132795
-0.132795
-0.132796
-0.132796
-0.132796
-0.132796
-0.132796
-0.132797
-0.132797
-0.132797
-0.132797
-0.132798
-0.132798
-0.132798
-0.132798
-0.132799
-0.132799
-0.132799
-0.1328
-0.1328
-0.1328
-0.132801
-0.132801
-0.132801
-0.132802
-0.132802
-0.132803
-0.132803
-0.132804
-0.132804
-0.132805
-0.132805
-0.132806
-0.132806
-0.132807
-0.132807
-0.132808
-0.132808
-0.132809
-0.13281
-0.132811
-0.132811
-0.132812
-0.132813
-0.132814
-0.132814
-0.132815
-0.132816
-0.132816
-0.132817
-0.132818
-0.132819
-0.132819
-0.13282
-0.132821
-0.132822
-0.132822
-0.132823
-0.132824
-0.132825
-0.132825
-0.132826
-0.132827
-0.132828
-0.132828
-0.132829
-0.13283
-0.132831
-0.132831
-0.132832
-0.132833
-0.132833
-0.132834
-0.132835
-0.132835
-0.132836
-0.132837
-0.132837
-0.132838
-0.132838
-0.132839
-0.132839
-0.13284
-0.13284
-0.132841
-0.132841
-0.132842
-0.132842
-0.132843
-0.132843
-0.132843
-0.132844
-0.132844
-0.132845
-0.132845
-0.132845
-0.132846
-0.132846
-0.132846
-0.132847
-0.132847
-0.132847
-0.132848
-0.132848
-0.132848
-0.132848
-0.132848
-0.132849
-0.132849
-0.132849
-0.132849
-0.132849
-0.13285
-0.13285
-0.13285
-0.13285
-0.13285
-0.132851
-0.132851
-0.132851
-0.132851
-0.132851
-0.132851
-0.132851
-0.132852
-0.132852
-0.132852
-0.132852
-0.132852
-0.132852
-0.132852
-0.132852
-0.132852
-0.132852
-0.132852
-0.132853
-0.132853
-0.132853
-0.132853
-0.132853
-0.132853
-0.132853
-0.132853
-0.132853
-0.132853
-0.132853
-0.132853
-0.132853
-0.132852
-0.132852
-0.132852
-0.132852
-0.132852
-0.132852
-0.132852
-0.132851
-0.132851
-0.132851
-0.132851
-0.13285
-0.13285
-0.13285
-0.13285
-0.132849
-0.132849
-0.132849
-0.132848
-0.132848
-0.132848
-0.132847
-0.132847
-0.132846
-0.132846
-0.132845
-0.132845
-0.132844
-0.132844
-0.132843
-0.132843
-0.132842
-0.132841
-0.132841
-0.13284
-0.13284
-0.132839
-0.132839
-0.132838
-0.132837
-0.132837
-0.132836
-0.132836
-0.132835
-0.132835
-0.132834
-0.132834
-0.132833
-0.132833
-0.132832
-0.132832
-0.132831
-0.132774
-0.132734
-0.132687
-0.13264
-0.132592
-0.132545
-0.132498
-0.13246
-0.132422
-0.132375
-0.132337
-0.132299
-0.132269
-0.132232
-0.132194
-0.132154
-0.132124
-0.132086
-0.132064
-0.132024
-0.131985
-0.131955
-0.131913
-0.131874
-0.131842
-0.131801
-0.131769
-0.13172
-0.131688
-0.131656
-0.131624
-0.131592
-0.13156
-0.131529
-0.131497
-0.131465
-0.131433
-0.131411
-0.131379
-0.131355
-0.131323
-0.131299
-0.131275
-0.131252
-0.131235
-0.131202
-0.131186
-0.131161
-0.131084
-0.13105
-0.131032
-0.131006
-0.130979
-0.130945
-0.130918
-0.130901
-0.130875
-0.130848
-0.130822
-0.130789
-0.130763
-0.130735
-0.130709
-0.130691
-0.130672
-0.130653
-0.130634
-0.130616
-0.130595
-0.130592
-0.13057
-0.130565
-0.130549
-0.130534
-0.130518
-0.130501
-0.130501
-0.130491
-0.130464
-0.130446
-0.130433
-0.13042
-0.130415
-0.130403
-0.130397
-0.130381
-0.130366
-0.13035
-0.130343
-0.130319
-0.130301
-0.130299
-0.130296
-0.130309
-0.130313
-0.130309
-0.130313
-0.130317
-0.130336
-0.130337
-0.130361
-0.13039
-0.130388
-0.130394
-0.130392
-0.130412
-0.130423
-0.130443
-0.13047
-0.130511
-0.130527
-0.130538
-0.13054
-0.130576
-0.130612
-0.130619
-0.130625
-0.130628
-0.130639
-0.130664
-0.130675
-0.130693
-0.130716
-0.130746
-0.130761
-0.130781
-0.130795
-0.130815
-0.13085
-0.130841
-0.130846
-0.130886
-0.130917
-0.13092
-0.130954
-0.131014
-0.131065
-0.131075
-0.13111
-0.13113
-0.131151
-0.131172
-0.131198
-0.131219
-0.131226
-0.131253
-0.131304
-0.13134
-0.131372
-0.131382
-0.131417
-0.131439
-0.131454
-0.131481
-0.131507
-0.131519
-0.131545
-0.131598
-0.131624
-0.131637
-0.131674
-0.131684
-0.131702
-0.131725
-0.131782
-0.131814
-0.13183
-0.131857
-0.131879
-0.13191
-0.131938
-0.131986
-0.132003
-0.132053
-0.132093
-0.132088
-0.132097
-0.132136
-0.13217
-0.132185
-0.132206
-0.132231
-0.132259
-0.132276
-0.132296
-0.13231
-0.132325
-0.132358
-0.132366
-0.13237
-0.132378
-0.132399
-0.132405
-0.132399
-0.132403
-0.132419
-0.132426
-0.132427
-0.132433
-0.132427
-0.13243
-0.132454
-0.132451
-0.132437
-0.13243
-0.132426
-0.132442
-0.132452
-0.132439
-0.132439
-0.132422
-0.13243
-0.132426
-0.132422
-0.132424
-0.132421
-0.132424
-0.132429
-0.132436
-0.13244
-0.132446
-0.132453
-0.132432
-0.13243
-0.132448
-0.132457
-0.132465
-0.132465
-0.132464
-0.132464
-0.132468
-0.132469
-0.132475
-0.132461
-0.132446
-0.132438
-0.132439
-0.132437
-0.13245
-0.132449
-0.132448
-0.132436
-0.13243
-0.132418
-0.132401
-0.132384
-0.132378
-0.132348
-0.132342
-0.13231
-0.132292
-0.132289
-0.132266
-0.132257
-0.132239
-0.132217
-0.132193
-0.132164
-0.132145
-0.13212
-0.132094
-0.132069
-0.132039
-0.132009
-0.131974
-0.131937
-0.131907
-0.13186
-0.131826
-0.131801
-0.131768
-0.131737
-0.131697
-0.131669
-0.131648
-0.131628
-0.131603
-0.131589
-0.131581
-0.131559
-0.131533
-0.131499
-0.131449
-0.131403
-0.131353
-0.131285
-0.131223
-0.131171
-0.131116
-0.131053
-0.130992
-0.130942
-0.130894
-0.130848
-0.130809
-0.130775
-0.130735
-0.1307
-0.130659
-0.130612
-0.130575
-0.130521
-0.130471
-0.130415
-0.130371
-0.13032
-0.130264
-0.130207
-0.130157
-0.130096
-0.130037
-0.129987
-0.129934
-0.129897
-0.129844
-0.129808
-0.129761
-0.129719
-0.129666
-0.129617
-0.12957
-0.129503
-0.129367
-0.129317
-0.129257
-0.129212
-0.129169
-0.12913
-0.129085
-0.129031
-0.128986
-0.128944
-0.128895
-0.128858
-0.128827
-0.128793
-0.128761
-0.128728
-0.128694
-0.128665
-0.12863
-0.128592
-0.128569
-0.128529
-0.12849
-0.128443
-0.128393
-0.128344
-0.12831
-0.128282
-0.12825
-0.128213
-0.128175
-0.128138
-0.128096
-0.128081
-0.128062
-0.128038
-0.128014
-0.127985
-0.127961
-0.127935
-0.127902
-0.127881
-0.127861
-0.12784
-0.127818
-0.127797
-0.127776
-0.127745
-0.127724
-0.127713
-0.127692
-0.127681
-0.127659
-0.127629
-0.127614
-0.127586
-0.127562
-0.127537
-0.127525
-0.127492
-0.127474
-0.127442
-0.12742
-0.127405
-0.127395
-0.127389
-0.127374
-0.127363
-0.127348
-0.127334
-0.127314
-0.127295
-0.12728
-0.12727
-0.127254
-0.127238
-0.127213
-0.127192
-0.127175
-0.127149
-0.127137
-0.127121
-0.127105
-0.12708
-0.127051
-0.127022
-0.126992
-0.126962
-0.126951
-0.126935
-0.126914
-0.126898
-0.126877
-0.126846
-0.126812
-0.126782
-0.126756
-0.126731
-0.12671
-0.126685
-0.126656
-0.126625
-0.126596
-0.12657
-0.12654
-0.126509
-0.126484
-0.12645
-0.126425
-0.126401
-0.126372
-0.126342
-0.126312
-0.126282
-0.126245
-0.126217
-0.126181
-0.126147
-0.126126
-0.126092
-0.126062
-0.12603
-0.125992
-0.125965
-0.12594
-0.125911
-0.125887
-0.125859
-0.125828
-0.125791
-0.125763
-0.125743
-0.125727
-0.125704
-0.125677
-0.125655
-0.125641
-0.125633
-0.125625
-0.125621
-0.125588
-0.125575
-0.125554
-0.125552
-0.125556
-0.125552
-0.125542
-0.125536
-0.125534
-0.125532
-0.125538
-0.125545
-0.125543
-0.125541
-0.125548
-0.125554
-0.125556
-0.125567
-0.12557
-0.125582
-0.125581
-0.125601
-0.125614
-0.125626
-0.125634
-0.125647
-0.125657
-0.125675
-0.125689
-0.12572
-0.125743
-0.125762
-0.125777
-0.125789
-0.125813
-0.125834
-0.125859
-0.125885
-0.125904
-0.125919
-0.125941
-0.125965
-0.125998
-0.126019
-0.126065
-0.1261
-0.12613
-0.126166
-0.126196
-0.126227
-0.126258
-0.126292
-0.126328
-0.126347
-0.126375
-0.126402
-0.126436
-0.126465
-0.126497
-0.126532
-0.126558
-0.126579
-0.126607
-0.126632
-0.126663
-0.126691
-0.126714
-0.126745
-0.126777
-0.12681
-0.126834
-0.126855
-0.126883
-0.126904
-0.126925
-0.126937
-0.126962
-0.126987
-0.127008
-0.127027
-0.127051
-0.127071
-0.127097
-0.127114
-0.127139
-0.12716
-0.127185
-0.127207
-0.127225
-0.127248
-0.127269
-0.127294
-0.127312
-0.127334
-0.127355
-0.12738
-0.127409
-0.127432
-0.12745
-0.127473
-0.127494
-0.127511
-0.127531
-0.12755
-0.127568
-0.127588
-0.127608
-0.127627
-0.127648
-0.127664
-0.127674
-0.127695
-0.127709
-0.127727
-0.127742
-0.12776
-0.127776
-0.127791
-0.127807
-0.127819
-0.127836
-0.127851
-0.127866
-0.127883
-0.127895
-0.127913
-0.127928
-0.127947
-0.127962
-0.127981
-0.127996
-0.128004
-0.128016
-0.128029
-0.128046
-0.128063
-0.128081
-0.128095
-0.128106
-0.12812
-0.128135
-0.12815
-0.12817
-0.128186
-0.128205
-0.12822
-0.128235
-0.12825
-0.128264
-0.128275
-0.128283
-0.128294
-0.128305
-0.128312
-0.128319
-0.128321
-0.128326
-0.12833
-0.128333
-0.12834
-0.128335
-0.128335
-0.128334
-0.128337
-0.128336
-0.128334
-0.128329
-0.128329
-0.128332
-0.128332
-0.128333
-0.128326
-0.128322
-0.128312
-0.12831
-0.128296
-0.128287
-0.128277
-0.128265
-0.128252
-0.128243
-0.128229
-0.128218
-0.128204
-0.128188
-0.12817
-0.128148
-0.128128
-0.128109
-0.128086
-0.128067
-0.128044
-0.128016
-0.127988
-0.127962
-0.127929
-0.127892
-0.127851
-0.127817
-0.12778
-0.127739
-0.127702
-0.12766
-0.127619
-0.12757
-0.127524
-0.127475
-0.127427
-0.127378
-0.127332
-0.127271
-0.12723
-0.127176
-0.127126
-0.127084
-0.127042
-0.126995
-0.126955
-0.126911
-0.126867
-0.126819
-0.126773
-0.126731
-0.126686
-0.126644
-0.126604
-0.126561
-0.126522
-0.126489
-0.126449
-0.12642
-0.126387
-0.126354
-0.126316
-0.126286
-0.126252
-0.126225
-0.126191
-0.126164
-0.126136
-0.126099
-0.126072
-0.126045
-0.126017
-0.125995
-0.125978
-0.125954
-0.125932
-0.12591
-0.125884
-0.125861
-0.125844
-0.12582
-0.125802
-0.125785
-0.125759
-0.125741
-0.125715
-0.125693
-0.125674
-0.125643
-0.12562
-0.125597
-0.125574
-0.125546
-0.125519
-0.125495
-0.125471
-0.125447
-0.125415
-0.12539
-0.125361
-0.125332
-0.125306
-0.125268
-0.125238
-0.1252
-0.125162
-0.125127
-0.125088
-0.125041
-0.125001
-0.124957
-0.124916
-0.124876
-0.124829
-0.124789
-0.124753
-0.124708
-0.124668
-0.124627
-0.124582
-0.124537
-0.124492
-0.124439
-0.124398
-0.124357
-0.124312
-0.12427
-0.124229
-0.124183
-0.124141
-0.124108
-0.124066
-0.124024
-0.123982
-0.123944
-0.123897
-0.123855
-0.123808
-0.123761
-0.123725
-0.123682
-0.123638
-0.123595
-0.123552
-0.123512
-0.123464
-0.123424
-0.123385
-0.123345
-0.123306
-0.123266
-0.123227
-0.123191
-0.123159
-0.123125
-0.123085
-0.123046
-0.123003
-0.122964
-0.122925
-0.12289
-0.122851
-0.122816
-0.122777
-0.122738
-0.122692
-0.122646
-0.122603
-0.122556
-0.122518
-0.122483
-0.122448
-0.122414
-0.122379
-0.122345
-0.122311
-0.122273
-0.122236
-0.122198
-0.122165
-0.122137
-0.122108
-0.12208
-0.122055
-0.122035
-0.122014
-0.121994
-0.12197
-0.12195
-0.12193
-0.121907
-0.121887
-0.121872
-0.121853
-0.121834
-0.12182
-0.121809
-0.121795
-0.121785
-0.121775
-0.121773
-0.121768
-0.121767
-0.12177
-0.121769
-0.121772
-0.121772
-0.121772
-0.121778
-0.121777
-0.121773
-0.121772
-0.121768
-0.121767
-0.121767
-0.121767
-0.121766
-0.121762
-0.121761
-0.121761
-0.121756
-0.121755
-0.121754
-0.121757
-0.121752
-0.121751
-0.121754
-0.121752
-0.121751
-0.121749
-0.121751
-0.121754
-0.121753
-0.121751
-0.12175
-0.121749
-0.121747
-0.121745
-0.121739
-0.121728
-0.121722
-0.121715
-0.121708
-0.121697
-0.121681
-0.121669
-0.121657
-0.121636
-0.121619
-0.121602
-0.121584
-0.121566
-0.12154
-0.121521
-0.121503
-0.12148
-0.121461
-0.121442
-0.121422
-0.121407
-0.121383
-0.121363
-0.121343
-0.121319
-0.121295
-0.121271
-0.121238
-0.121209
-0.121184
-0.121159
-0.121133
-0.121107
-0.121081
-0.121055
-0.121032
-0.121001
-0.120973
-0.12095
-0.120926
-0.120906
-0.120882
-0.120861
-0.120841
-0.120816
-0.120795
-0.120774
-0.120753
-0.120736
-0.12071
-0.120689
-0.120668
-0.120647
-0.12063
-0.120609
-0.120587
-0.12057
-0.120553
-0.120536
-0.120519
-0.120502
-0.120488
-0.120475
-0.120457
-0.120443
-0.120429
-0.12041
-0.120391
-0.120381
-0.120362
-0.120347
-0.120328
-0.120305
-0.120286
-0.120267
-0.120244
-0.120221
-0.120194
-0.120168
-0.120138
-0.120112
-0.120082
-0.120053
-0.120024
-0.119991
-0.119959
-0.119926
-0.119898
-0.119866
-0.119839
-0.119803
-0.119772
-0.11974
-0.119713
-0.119681
-0.119654
-0.119622
-0.119594
-0.119571
-0.119538
-0.11951
-0.119482
-0.119458
-0.119433
-0.119405
-0.119368
-0.11934
-0.119307
-0.119266
-0.119234
-0.119198
-0.119158
-0.119118
-0.119078
-0.119038
-0.118999
-0.118964
-0.118925
-0.118886
-0.118843
-0.118804
-0.11876
-0.118713
-0.118669
-0.118629
-0.118581
-0.118537
-0.118488
-0.118439
-0.11839
-0.11834
-0.118286
-0.118235
-0.118185
-0.118126
-0.118075
-0.118024
-0.117969
-0.117918
-0.117858
-0.117812
-0.117761
-0.11771
-0.117655
-0.117608
-0.117553
-0.117498
-0.117443
-0.117387
-0.117327
-0.117267
-0.117207
-0.117151
-0.117094
-0.117037
-0.116971
-0.116904
-0.116833
-0.116761
-0.116698
-0.116633
-0.116573
-0.116508
-0.116439
-0.116382
-0.116325
-0.116255
-0.11619
-0.116128
-0.116067
-0.116006
-0.11594
-0.115884
-0.115823
-0.115766
-0.115714
-0.115662
-0.115606
-0.115545
-0.115493
-0.115445
-0.115401
-0.115357
-0.115312
-0.115263
-0.115218
-0.115177
-0.115136
-0.115098
-0.115061
-0.115023
-0.11499
-0.114956
-0.114922
-0.114889
-0.114863
-0.11483
-0.1148
-0.114771
-0.114747
-0.114718
-0.114693
-0.114669
-0.114645
-0.11462
-0.114601
-0.114577
-0.114557
-0.114537
-0.114518
-0.114494
-0.114478
-0.114459
-0.114435
-0.114415
-0.11439
-0.11437
-0.11435
-0.114326
-0.114301
-0.114286
-0.114261
-0.114237
-0.114218
-0.114194
-0.114171
-0.114152
-0.114129
-0.114111
-0.114093
-0.114076
-0.114064
-0.114047
-0.114032
-0.114021
-0.114006
-0.113991
-0.113981
-0.113968
-0.113954
-0.113941
-0.113929
-0.113917
-0.113905
-0.113894
-0.113879
-0.113868
-0.113858
-0.113849
-0.11384
-0.113827
-0.113819
-0.113811
-0.113807
-0.1138
-0.113802
-0.113796
-0.113799
-0.113797
-0.113801
-0.113805
-0.113809
-0.113814
-0.113819
-0.113824
-0.11383
-0.113836
-0.113837
-0.11384
-0.113843
-0.113846
-0.113849
-0.113852
-0.113856
-0.113855
-0.113859
-0.113858
-0.113862
-0.113866
-0.113865
-0.113865
-0.113869
-0.113869
-0.113874
-0.113878
-0.113879
-0.113883
-0.113888
-0.113894
-0.113899
-0.1139
-0.113902
-0.113904
-0.11391
-0.113912
-0.113906
-0.113909
-0.113911
-0.11391
-0.113909
-0.113912
-0.113906
-0.113905
-0.113904
-0.113903
-0.113898
-0.113896
-0.113895
-0.113893
-0.113892
-0.113885
-0.113888
-0.113886
-0.113884
-0.113886
-0.113883
-0.113885
-0.113883
-0.113889
-0.113891
-0.113893
-0.11389
-0.113892
-0.113894
-0.113896
-0.113893
-0.113891
-0.113892
-0.11389
-0.113883
-0.113884
-0.113881
-0.113877
-0.113878
-0.113874
-0.113869
-0.113869
-0.113869
-0.113863
-0.113862
-0.113857
-0.113855
-0.113849
-0.113847
-0.113841
-0.113835
-0.113824
-0.113817
-0.113811
-0.1138
-0.113793
-0.113783
-0.113772
-0.113761
-0.113751
-0.113736
-0.113726
-0.113715
-0.113701
-0.113691
-0.113681
-0.113667
-0.113657
-0.113643
-0.113633
-0.113619
-0.113604
-0.11359
-0.113576
-0.113562
-0.113548
-0.11353
-0.11352
-0.113506
-0.113488
-0.113474
-0.113452
-0.113434
-0.113421
-0.113399
-0.113382
-0.113361
-0.113344
-0.113328
-0.113311
-0.113291
-0.113271
-0.113251
-0.113236
-0.113212
-0.113193
-0.11317
-0.113146
-0.113127
-0.113108
-0.113094
-0.113079
-0.113069
-0.113054
-0.113044
-0.113038
-0.113028
-0.113018
-0.113012
-0.113007
-0.113002
-0.113001
-0.112996
-0.112991
-0.112991
-0.112987
-0.112991
-0.112988
-0.112988
-0.112985
-0.112986
-0.112987
-0.112985
-0.112986
-0.112988
-0.11299
-0.112992
-0.112998
-0.113001
-0.112999
-0.113005
-0.113008
-0.113006
-0.113012
-0.113019
-0.113021
-0.11302
-0.11301
-0.113004
-0.113003
-0.112993
-0.11298
-0.11297
-0.11297
-0.112965
-0.112965
-0.112964
-0.112964
-0.112968
-0.112977
-0.112986
-0.112994
-0.113003
-0.113008
-0.113017
-0.113021
-0.113026
-0.113026
-0.113034
-0.113039
-0.113043
-0.113047
-0.11305
-0.113054
-0.113062
-0.113066
-0.113073
-0.113076
-0.113084
-0.113091
-0.113094
-0.113101
-0.113108
-0.113106
-0.113105
-0.113103
-0.113097
-0.113087
-0.113077
-0.113058
-0.113039
-0.113011
-0.112987
-0.112962
-0.112925
-0.112891
-0.112853
-0.112814
-0.112775
-0.112728
-0.112679
-0.112639
-0.112595
-0.112554
-0.112514
-0.112468
-0.112432
-0.112395
-0.112358
-0.112321
-0.112284
-0.112243
-0.11221
-0.112173
-0.112141
-0.112104
-0.112076
-0.112043
-0.112015
-0.111983
-0.111955
-0.111936
-0.111908
-0.111885
-0.111861
-0.111837
-0.111817
-0.111798
-0.111777
-0.111766
-0.111749
-0.111737
-0.111729
-0.111721
-0.111713
-0.111709
-0.111705
-0.111705
-0.111701
-0.111706
-0.111715
-0.111719
-0.111729
-0.111738
-0.111756
-0.111765
-0.111779
-0.111802
-0.111821
-0.111835
-0.111854
-0.111873
-0.111892
-0.111911
-0.111921
-0.111931
-0.111937
-0.111943
-0.111944
-0.11195
-0.111951
-0.111952
-0.111953
-0.111955
-0.11196
-0.111962
-0.111967
-0.111973
-0.111975
-0.111986
-0.111988
-0.111995
-0.111997
-0.112
-0.112008
-0.112011
-0.112014
-0.112018
-0.112026
-0.112034
-0.112038
-0.112046
-0.112054
-0.112058
-0.112062
-0.11207
-0.112077
-0.112076
-0.112079
-0.112082
-0.112084
-0.112091
-0.112098
-0.112105
-0.112111
-0.112118
-0.112129
-0.112144
-0.11215
-0.112165
-0.11218
-0.112199
-0.112218
-0.112237
-0.112252
-0.112275
-0.112299
-0.112318
-0.112337
-0.112361
-0.11238
-0.112399
-0.112419
-0.112438
-0.112461
-0.112484
-0.112507
-0.112525
-0.112552
-0.112574
-0.112596
-0.112622
-0.112643
-0.112668
-0.112702
-0.112722
-0.112747
-0.112771
-0.1128
-0.11282
-0.112839
-0.112859
-0.112879
-0.112903
-0.112927
-0.112952
-0.112976
-0.112996
-0.11302
-0.11304
-0.113059
-0.113079
-0.113103
-0.113119
-0.113134
-0.113153
-0.113173
-0.113192
-0.113211
-0.113225
-0.11324
-0.113249
-0.113255
-0.113264
-0.113265
-0.11327
-0.113274
-0.113274
-0.113274
-0.113274
-0.11327
-0.113269
-0.113265
-0.113264
-0.113255
-0.113254
-0.113245
-0.113244
-0.113243
-0.113238
-0.113237
-0.113227
-0.113226
-0.113225
-0.113219
-0.113214
-0.113212
-0.113206
-0.113196
-0.113194
-0.113184
-0.113178
-0.113171
-0.113164
-0.113152
-0.11314
-0.113133
-0.113121
-0.113108
-0.113096
-0.113083
-0.113066
-0.113054
-0.113036
-0.113024
-0.113006
-0.112989
-0.112972
-0.112954
-0.112937
-0.112915
-0.112898
-0.112885
-0.112868
-0.112855
-0.112838
-0.112825
-0.112812
-0.112794
-0.112785
-0.112772
-0.112759
-0.112746
-0.112738
-0.112729
-0.112716
-0.112708
-0.112704
-0.1127
-0.112692
-0.112689
-0.11269
-0.112692
-0.112698
-0.112704
-0.112707
-0.112718
-0.11273
-0.112737
-0.112749
-0.112761
-0.112778
-0.112791
-0.112803
-0.112821
-0.112839
-0.112857
-0.11287
-0.112893
-0.112912
-0.11293
-0.112944
-0.112968
-0.112982
-0.113001
-0.113016
-0.113031
-0.113051
-0.113061
-0.113081
-0.113101
-0.113121
-0.113146
-0.113166
-0.113186
-0.113211
-0.113236
-0.113261
-0.113286
-0.113311
-0.11334
-0.113365
-0.113395
-0.113424
-0.113459
-0.113493
-0.113527
-0.113561
-0.1136
-0.113638
-0.113677
-0.113711
-0.113746
-0.113784
-0.113823
-0.113862
-0.113901
-0.113935
-0.113969
-0.114004
-0.114048
-0.114082
-0.114126
-0.114161
-0.1142
-0.114244
-0.114279
-0.114323
-0.114358
-0.114411
-0.11446
-0.1145
-0.114548
-0.114592
-0.114636
-0.11468
-0.114719
-0.114763
-0.114807
-0.114851
-0.114895
-0.114939
-0.114983
-0.115031
-0.115075
-0.115119
-0.115163
-0.115212
-0.115261
-0.115305
-0.115358
-0.115412
-0.11547
-0.115533
-0.115586
-0.115649
-0.115698
-0.115743
-0.115802
-0.115865
-0.115923
-0.115982
-0.11604
-0.116094
-0.116139
-0.116189
-0.11623
-0.116275
-0.11632
-0.116361
-0.116402
-0.116443
-0.11648
-0.116521
-0.116562
-0.116594
-0.116635
-0.116676
-0.116709
-0.116745
-0.116773
-0.116809
-0.116837
-0.116874
-0.116906
-0.116938
-0.116966
-0.116994
-0.117026
-0.117054
-0.117082
-0.117109
-0.117137
-0.117169
-0.117197
-0.117224
-0.117252
-0.117279
-0.117302
-0.117329
-0.117361
-0.11738
-0.117407
-0.117435
-0.117454
-0.117477
-0.1175
-0.117519
-0.117543
-0.117562
-0.117577
-0.117601
-0.117616
-0.117635
-0.11766
-0.117679
-0.117699
-0.117719
-0.117734
-0.117754
-0.117769
-0.117788
-0.117808
-0.117823
-0.117839
-0.11785
-0.117861
-0.117867
-0.117878
-0.117885
-0.117886
-0.117893
-0.1179
-0.117906
-0.117913
-0.117919
-0.117917
-0.117919
-0.117926
-0.117928
-0.117934
-0.117941
-0.117943
-0.117945
-0.117947
-0.11795
-0.117952
-0.11795
-0.117953
-0.117964
-0.117962
-0.117969
-0.117972
-0.117979
-0.11799
-0.117983
-0.11799
-0.117988
-0.117986
-0.117985
-0.117983
-0.117972
-0.117971
-0.117956
-0.117954
-0.11794
-0.117943
-0.117943
-0.117942
-0.117954
-0.117953
-0.117956
-0.117947
-0.117951
-0.117946
-0.117949
-0.117961
-0.117982
-0.117989
-0.117997
-0.118009
-0.118017
-0.118033
-0.118045
-0.118053
-0.118056
-0.118064
-0.118076
-0.118084
-0.1181
-0.118121
-0.118127
-0.118129
-0.118136
-0.118139
-0.118142
-0.118149
-0.118165
-0.118172
-0.118188
-0.118205
-0.118217
-0.118229
-0.118241
-0.118261
-0.118268
-0.118298
-0.118318
-0.11834
-0.11836
-0.118381
-0.118401
-0.118429
-0.118448
-0.118454
-0.118474
-0.118489
-0.118508
-0.118532
-0.118564
-0.118583
-0.118611
-0.118634
-0.118657
-0.118676
-0.118709
-0.118732
-0.118759
-0.118791
-0.118815
-0.118842
-0.118861
-0.118894
-0.118921
-0.118954
-0.11899
-0.119026
-0.119067
-0.119119
-0.119151
-0.119193
-0.119211
-0.119222
-0.119257
-0.119304
-0.119352
-0.119399
-0.119456
-0.119489
-0.119504
-0.119517
-0.119534
-0.119526
-0.119504
-0.119454
-0.119394
-0.119334
-0.119268
-0.119203
-0.119124
-0.119062
-0.118996
-0.118949
-0.118911
-0.118864
-0.11884
-0.118825
-0.118806
-0.118791
-0.118772
-0.118747
-0.118717
-0.118691
-0.118664
-0.118618
-0.118585
-0.118542
-0.118504
-0.118461
-0.118422
-0.118383
-0.118339
-0.11831
-0.118286
-0.118266
-0.118247
-0.118233
-0.118223
-0.118213
-0.118204
-0.118198
-0.118197
-0.118196
-0.118195
-0.118189
-0.118187
-0.118185
-0.118178
-0.118176
-0.118179
-0.118176
-0.118179
-0.118181
-0.118188
-0.1182
-0.118207
-0.118229
-0.11825
-0.118277
-0.118308
-0.11834
-0.118377
-0.118404
-0.11844
-0.118472
-0.118503
-0.118534
-0.118566
-0.118592
-0.118628
-0.118663
-0.118694
-0.118734
-0.118765
-0.118805
-0.118836
-0.118876
-0.118912
-0.118947
-0.118988
-0.119024
-0.119069
-0.119109
-0.119154
-0.119209
-0.119264
-0.119323
-0.119383
-0.119427
-0.119471
-0.119524
-0.119567
-0.119616
-0.119659
-0.119707
-0.119751
-0.119798
-0.119846
-0.119894
-0.119956
-0.120013
-0.12007
-0.120071
-0.120071
-0.120071
-0.120073
-0.120074
-0.120075
-0.120077
-0.120078
-0.120079
-0.120081
-0.120082
-0.120083
-0.120085
-0.120086
-0.120087
-0.120089
-0.12009
-0.120091
-0.120092
-0.120094
-0.120095
-0.120096
-0.120097
-0.120099
-0.1201
-0.120101
-0.120103
-0.120104
-0.120105
-0.120106
-0.120108
-0.120109
-0.12011
-0.120111
-0.120112
-0.120113
-0.120115
-0.120116
-0.120117
-0.120119
-0.12012
-0.120121
-0.120123
-0.120124
-0.120126
-0.120127
-0.120128
-0.12013
-0.120131
-0.120133
-0.120134
-0.120135
-0.120137
-0.120138
-0.120139
-0.120141
-0.120142
-0.120143
-0.120145
-0.120146
-0.120147
-0.120149
-0.12015
-0.120151
-0.120153
-0.120154
-0.120155
-0.120157
-0.120158
-0.120159
-0.12016
-0.120162
-0.120163
-0.120164
-0.120165
-0.120167
-0.120168
-0.120169
-0.12017
-0.120171
-0.120172
-0.120174
-0.120175
-0.120176
-0.120176
-0.120177
-0.120178
-0.120179
-0.12018
-0.120181
-0.120181
-0.120182
-0.120183
-0.120183
-0.120184
-0.120185
-0.120185
-0.120186
-0.120186
-0.120187
-0.120188
-0.120188
-0.120189
-0.120189
-0.12019
-0.12019
-0.120191
-0.120191
-0.120192
-0.120192
-0.120193
-0.120193
-0.120194
-0.120195
-0.120195
-0.120196
-0.120196
-0.120197
-0.120198
-0.120198
-0.120199
-0.1202
-0.120201
-0.120202
-0.120203
-0.120204
-0.120205
-0.120206
-0.120207
-0.120208
-0.120209
-0.12021
-0.120211
-0.120212
-0.120213
-0.120214
-0.120215
-0.120216
-0.120217
-0.120217
-0.120218
-0.120219
-0.12022
-0.12022
-0.120221
-0.120221
-0.120221
-0.12022
-0.12022
-0.12022
-0.120219
-0.120219
-0.120218
-0.120218
-0.120218
-0.120217
-0.120217
-0.120216
-0.120216
-0.120215
-0.120215
-0.120214
-0.120214
-0.120213
-0.120213
-0.120212
-0.120212
-0.120211
-0.12021
-0.12021
-0.120209
-0.120209
-0.120208
-0.120208
-0.120208
-0.120207
-0.120207
-0.120206
-0.120206
-0.120207
-0.120208
-0.120208
-0.120209
-0.12021
-0.120211
-0.120212
-0.120213
-0.120213
-0.120214
-0.120215
-0.120215
-0.120216
-0.120216
-0.120217
-0.120181
-0.120118
-0.120074
-0.120014
-0.119953
-0.11991
-0.119855
-0.119779
-0.119707
-0.11966
-0.119604
-0.11955
-0.119472
-0.119419
-0.119351
-0.119284
-0.119191
-0.119136
-0.119081
-0.119018
-0.118951
-0.118891
-0.118824
-0.118769
-0.118703
-0.118651
-0.118602
-0.118559
-0.118518
-0.11846
-0.118395
-0.118335
-0.118259
-0.118163
-0.118073
-0.117986
-0.117893
-0.117785
-0.117664
-0.117532
-0.117414
-0.117265
-0.117165
-0.117071
-0.116969
-0.116781
-0.116705
-0.116613
-0.116514
-0.116425
-0.116328
-0.116222
-0.116121
-0.116024
-0.115907
-0.115779
-0.115649
-0.115516
-0.115379
-0.115257
-0.115147
-0.115042
-0.114929
-0.114822
-0.114713
-0.114607
-0.11449
-0.114387
-0.114253
-0.114128
-0.114004
-0.11387
-0.113717
-0.113601
-0.113462
-0.113302
-0.113184
-0.113075
-0.112963
-0.112862
-0.112766
-0.112645
-0.112525
-0.112428
-0.112317
-0.112221
-0.112116
-0.112036
-0.111932
-0.111834
-0.111721
-0.111638
-0.111534
-0.111439
-0.111352
-0.111264
-0.111158
-0.111065
-0.110974
-0.110887
-0.1108
-0.110705
-0.110629
-0.110559
-0.110477
-0.110392
-0.110313
-0.110231
-0.110139
-0.110066
-0.109987
-0.10992
-0.109858
-0.109784
-0.10971
-0.109634
-0.109581
-0.10952
-0.109454
-0.109399
-0.109333
-0.109273
-0.109219
-0.109155
-0.109106
-0.10905
-0.108987
-0.108932
-0.108874
-0.108802
-0.108741
-0.108675
-0.108629
-0.108578
-0.108523
-0.108469
-0.108414
-0.108356
-0.108305
-0.108246
-0.10819
-0.10813
-0.108069
-0.108012
-0.107961
-0.107905
-0.107849
-0.107789
-0.107729
-0.10766
-0.107605
-0.107541
-0.107481
-0.10743
-0.10737
-0.107315
-0.107269
-0.107218
-0.107152
-0.107115
-0.10707
-0.107039
-0.107017
-0.106982
-0.106955
-0.106905
-0.106857
-0.106818
-0.106778
-0.106743
-0.106713
-0.10667
-0.106644
-0.106607
-0.10657
-0.106537
-0.106507
-0.10649
-0.106464
-0.106447
-0.106413
-0.106388
-0.106351
-0.106326
-0.106306
-0.106281
-0.106279
-0.106255
-0.106231
-0.106211
-0.106196
-0.106175
-0.106159
-0.106145
-0.106135
-0.106131
-0.106125
-0.106114
-0.106109
-0.106098
-0.106086
-0.106087
-0.106092
-0.106092
-0.1061
-0.106112
-0.106111
-0.106136
-0.106147
-0.106159
-0.106161
-0.106176
-0.106184
-0.1062
-0.10622
-0.106241
-0.106267
-0.106284
-0.106302
-0.106324
-0.106351
-0.106382
-0.10642
-0.106448
-0.106481
-0.106508
-0.106548
-0.106579
-0.106607
-0.106635
-0.106663
-0.106697
-0.106725
-0.106765
-0.106803
-0.106832
-0.106869
-0.106901
-0.10693
-0.106962
-0.106991
-0.107027
-0.107058
-0.107086
-0.107122
-0.107154
-0.107199
-0.107229
-0.107263
-0.10729
-0.107328
-0.107362
-0.107392
-0.107425
-0.107456
-0.107486
-0.107515
-0.107551
-0.107575
-0.107605
-0.107632
-0.107658
-0.107685
-0.107711
-0.107729
-0.107756
-0.107772
-0.107791
-0.107817
-0.10784
-0.107856
-0.107872
-0.107879
-0.107893
-0.107895
-0.107899
-0.107907
-0.107922
-0.10793
-0.107944
-0.107954
-0.107957
-0.107957
-0.107961
-0.107961
-0.107965
-0.107961
-0.107957
-0.107958
-0.107947
-0.107945
-0.107937
-0.107931
-0.10792
-0.107909
-0.107899
-0.107881
-0.10787
-0.107855
-0.107842
-0.107819
-0.107797
-0.107772
-0.107746
-0.107725
-0.107706
-0.107681
-0.107653
-0.107629
-0.107601
-0.107569
-0.107539
-0.107502
-0.107471
-0.107437
-0.107404
-0.107364
-0.107328
-0.107295
-0.107263
-0.107226
-0.10719
-0.107155
-0.107123
-0.107096
-0.107071
-0.107043
-0.107009
-0.106971
-0.106936
-0.106893
-0.106848
-0.106802
-0.106764
-0.106723
-0.106682
-0.106637
-0.1066
-0.106559
-0.106515
-0.106478
-0.106438
-0.106398
-0.106354
-0.10631
-0.106267
-0.106227
-0.10618
-0.106133
-0.10609
-0.10605
-0.10601
-0.105966
-0.105926
-0.105893
-0.10586
-0.105823
-0.105789
-0.105755
-0.105725
-0.105694
-0.105671
-0.105643
-0.105629
-0.105609
-0.105588
-0.105563
-0.105553
-0.105542
-0.105524
-0.10551
-0.105496
-0.105485
-0.105467
-0.105452
-0.105442
-0.105427
-0.105415
-0.105404
-0.105396
-0.105388
-0.105372
-0.10536
-0.105347
-0.105335
-0.105321
-0.105304
-0.10529
-0.105275
-0.105261
-0.105246
-0.10523
-0.105214
-0.105201
-0.105188
-0.105175
-0.105168
-0.105161
-0.105154
-0.105146
-0.105139
-0.105127
-0.105123
-0.105118
-0.105113
-0.105108
-0.105105
-0.105104
-0.105101
-0.105099
-0.105096
-0.105096
-0.105093
-0.105094
-0.105086
-0.10509
-0.105089
-0.105089
-0.105091
-0.105089
-0.105091
-0.105096
-0.105101
-0.105102
-0.105106
-0.10511
-0.105117
-0.10512
-0.105119
-0.105126
-0.105128
-0.10513
-0.105132
-0.105134
-0.105135
-0.10514
-0.105141
-0.105146
-0.105147
-0.105148
-0.105152
-0.105156
-0.105156
-0.10516
-0.10516
-0.105163
-0.105167
-0.10517
-0.105169
-0.105171
-0.105169
-0.105168
-0.105165
-0.105159
-0.105156
-0.105149
-0.105139
-0.105135
-0.105124
-0.105113
-0.105101
-0.105089
-0.105078
-0.105062
-0.10505
-0.105034
-0.105022
-0.105006
-0.10499
-0.104978
-0.104961
-0.104946
-0.104937
-0.104921
-0.104901
-0.104889
-0.104869
-0.104852
-0.104832
-0.104812
-0.104792
-0.104771
-0.104751
-0.10473
-0.10471
-0.104689
-0.104668
-0.104644
-0.104623
-0.104603
-0.104579
-0.104551
-0.104528
-0.104497
-0.10447
-0.10445
-0.104424
-0.104397
-0.104371
-0.104345
-0.104318
-0.104292
-0.104266
-0.104236
-0.104202
-0.104164
-0.104135
-0.104097
-0.104063
-0.104026
-0.103988
-0.103955
-0.103914
-0.103881
-0.103809
-0.103773
-0.103737
-0.103675
-0.103644
-0.103609
-0.103575
-0.103501
-0.103471
-0.103442
-0.103408
-0.103374
-0.103337
-0.103299
-0.103258
-0.103213
-0.103168
-0.103135
-0.103098
-0.103062
-0.103029
-0.102981
-0.102946
-0.102902
-0.102871
-0.102828
-0.102794
-0.10272
-0.102687
-0.102657
-0.102623
-0.102586
-0.102549
-0.102512
-0.102467
-0.102426
-0.102386
-0.102345
-0.1023
-0.10226
-0.102219
-0.102166
-0.102117
-0.102073
-0.10202
-0.101967
-0.101919
-0.101862
-0.101809
-0.101765
-0.101717
-0.101668
-0.101632
-0.101584
-0.10154
-0.101488
-0.101439
-0.101387
-0.101334
-0.10129
-0.101237
-0.101188
-0.101139
-0.101085
-0.101032
-0.100978
-0.100923
-0.100869
-0.100814
-0.100758
-0.100699
-0.100634
-0.100574
-0.100518
-0.100457
-0.1004
-0.100347
-0.100289
-0.100232
-0.100169
-0.100107
-0.100049
-0.0999823
-0.0999239
-0.0998696
-0.099807
-0.0997569
-0.0996942
-0.0996314
-0.0995687
-0.09951
-0.0994472
-0.0993887
-0.09933
-0.0992756
-0.0992167
-0.0991578
-0.099103
-0.099048
-0.098993
-0.0989465
-0.0988952
-0.098844
-0.0987883
-0.0987367
-0.0986848
-0.0986287
-0.0985809
-0.0985245
-0.0984681
-0.0984203
-0.0983725
-0.0983247
-0.098277
-0.0982337
-0.0981949
-0.0981562
-0.0981255
-0.0981034
-0.0980645
-0.0980128
-0.0979488
-0.0978928
-0.0978454
-0.0977852
-0.0977077
-0.097626
-0.0975483
-0.0974788
-0.0973921
-0.0973054
-0.0972228
-0.0971356
-0.097044
-0.0969655
-0.0968914
-0.0968173
-0.0967438
-0.0966748
-0.0966192
-0.0965596
-0.096513
-0.0964752
-0.096433
-0.0963954
-0.096358
-0.0963123
-0.0962662
-0.0962289
-0.0961832
-0.0961545
-0.0961264
-0.0961026
-0.0960875
-0.0960724
-0.0960615
-0.0960508
-0.0960443
-0.0960376
-0.0960352
-0.0960328
-0.0960304
-0.0960235
-0.096017
-0.0960021
-0.095996
-0.0959855
-0.0959753
-0.095965
-0.0959548
-0.095949
-0.0959431
-0.0959372
-0.0959311
-0.095929
-0.0959268
-0.0959203
-0.0959175
-0.0959148
-0.0959121
-0.0959087
-0.0959053
-0.0958932
-0.0958765
-0.0958642
-0.0958474
-0.0958344
-0.0958219
-0.0958092
-0.0957968
-0.0957844
-0.0957718
-0.0957505
-0.0957382
-0.0957303
-0.0957227
-0.0957195
-0.0957118
-0.0957088
-0.0957104
-0.0957119
-0.0957176
-0.0957237
-0.0957297
-0.0957358
-0.0957464
-0.0957616
-0.0957759
-0.0957908
-0.0958141
-0.095829
-0.0958521
-0.0958713
-0.0958943
-0.0959176
-0.0959367
-0.0959597
-0.0959823
-0.0960004
-0.0960222
-0.0960395
-0.0960603
-0.0960807
-0.0960964
-0.0961156
-0.0961303
-0.0961485
-0.0961663
-0.0961796
-0.0961966
-0.0962092
-0.0962256
-0.0962373
-0.0962448
-0.0962604
-0.0962716
-0.0962823
-0.0962889
-0.0962994
-0.0963099
-0.0963157
-0.096326
-0.0963361
-0.0963419
-0.0963472
-0.0963569
-0.0963577
-0.0963623
-0.0963621
-0.0963662
-0.0963695
-0.0963729
-0.0963756
-0.0963778
-0.0963843
-0.0963862
-0.0963915
-0.0964014
-0.0964065
-0.0964155
-0.0964242
-0.0964326
-0.0964454
-0.0964535
-0.0964613
-0.0964694
-0.0964768
-0.0964888
-0.0964961
-0.0965079
-0.096515
-0.0965223
-0.0965292
-0.0965363
-0.0965428
-0.0965536
-0.0965639
-0.0965699
-0.0965799
-0.0965854
-0.0965908
-0.096596
-0.096605
-0.0966094
-0.0966179
-0.096626
-0.096634
-0.0966372
-0.096649
-0.0966524
-0.0966597
-0.096662
-0.0966643
-0.096671
-0.096673
-0.0966744
-0.0966716
-0.0966687
-0.0966658
-0.096667
-0.096664
-0.0966561
-0.0966524
-0.0966488
-0.0966451
-0.0966412
-0.0966371
-0.0966286
-0.0966198
-0.0966111
-0.096602
-0.096588
-0.0965784
-0.0965637
-0.0965485
-0.0965375
-0.0965215
-0.0965052
-0.0964886
-0.0964716
-0.0964585
-0.0964408
-0.0964275
-0.0964092
-0.0963906
-0.0963675
-0.0963443
-0.096321
-0.096293
-0.0962696
-0.0962463
-0.0962139
-0.0961906
-0.096163
-0.0961397
-0.0961165
-0.0960844
-0.0960613
-0.0960339
-0.0960109
-0.0959832
-0.0959601
-0.0959322
-0.0959044
-0.0958808
-0.0958529
-0.095825
-0.095797
-0.0957732
-0.0957403
-0.095712
-0.0956836
-0.0956552
-0.0956267
-0.095589
-0.0955603
-0.0955272
-0.0954984
-0.0954695
-0.0954316
-0.0954071
-0.0953691
-0.0953399
-0.0953063
-0.0952727
-0.0952435
-0.0952052
-0.0951712
-0.0951373
-0.0950987
-0.0950556
-0.095017
-0.0949831
-0.0949445
-0.0949059
-0.094867
-0.0948286
-0.0947946
-0.094756
-0.0947224
-0.0946842
-0.0946508
-0.0946175
-0.0945795
-0.0945416
-0.0945039
-0.0944663
-0.094424
-0.0943865
-0.0943396
-0.0943022
-0.0942556
-0.094214
-0.0941771
-0.0941309
-0.0940938
-0.0940432
-0.0940068
-0.0939658
-0.0939206
-0.0938752
-0.0938397
-0.0937948
-0.0937457
-0.0937013
-0.0936435
-0.0935907
-0.093543
-0.0934912
-0.0934441
-0.0933976
-0.0933558
-0.0933145
-0.0932597
-0.0932146
-0.0931605
-0.0931114
-0.0930619
-0.0930123
-0.0929635
-0.0929196
-0.0928616
-0.0928227
-0.0927746
-0.0927364
-0.0926986
-0.0926554
-0.092618
-0.0925946
-0.0925569
-0.0925147
-0.0924778
-0.0924363
-0.0923951
-0.0923494
-0.0922952
-0.0922457
-0.0921802
-0.0921312
-0.0920832
-0.0920399
-0.0919964
-0.0919571
-0.0919089
-0.091857
-0.091814
-0.0917665
-0.0917279
-0.0916939
-0.0916558
-0.0915983
-0.0915645
-0.0915366
-0.0915079
-0.0914793
-0.0914455
-0.0914125
-0.0913796
-0.0913555
-0.0913222
-0.0912892
-0.0912612
-0.0912334
-0.0912099
-0.0911832
-0.0911565
-0.0911298
-0.0911029
-0.0910608
-0.0910377
-0.0910109
-0.0909745
-0.0909474
-0.0909245
-0.0909115
-0.0908923
-0.0908742
-0.0908657
-0.0908479
-0.0908253
-0.0908068
-0.0907927
-0.0907788
-0.0907601
-0.0907465
-0.0907323
-0.0907146
-0.090696
-0.0906775
-0.090659
-0.0906493
-0.0906354
-0.0906255
-0.0906168
-0.0906073
-0.0906026
-0.090598
-0.0905888
-0.0905753
-0.0905706
-0.0905702
-0.0905741
-0.09057
-0.0905831
-0.0905829
-0.0905823
-0.0905824
-0.0905767
-0.0905813
-0.0905799
-0.0905759
-0.0905804
-0.0905937
-0.0906024
-0.0906258
-0.0906298
-0.0906522
-0.0906612
-0.0906647
-0.0906779
-0.0906827
-0.0906958
-0.0907181
-0.090736
-0.0907536
-0.0907714
-0.0907937
-0.0908072
-0.090829
-0.0908513
-0.0908822
-0.0908999
-0.0909212
-0.0909396
-0.0909569
-0.090979
-0.0910054
-0.0910281
-0.0910592
-0.0910908
-0.0911138
-0.0911406
-0.0911673
-0.0911852
-0.0912169
-0.0912438
-0.0912711
-0.0912983
-0.0913342
-0.0913654
-0.0914057
-0.0914369
-0.0914642
-0.0914865
-0.0915221
-0.0915574
-0.0915932
-0.0916333
-0.0916689
-0.0917048
-0.0917538
-0.0917939
-0.0918471
-0.0918925
-0.0919465
-0.0919999
-0.0920537
-0.092112
-0.0921701
-0.0922197
-0.0922778
-0.0923446
-0.0924161
-0.0924837
-0.0925469
-0.0926015
-0.0926693
-0.0927374
-0.0928096
-0.092873
-0.0929404
-0.0930104
-0.0930707
-0.0931293
-0.0931776
-0.0932514
-0.0933282
-0.0933821
-0.0934447
-0.0935038
-0.0935723
-0.0936326
-0.0936803
-0.0937202
-0.0937613
-0.0937803
-0.0937672
-0.0937458
-0.0937154
-0.0936761
-0.0936322
-0.0935789
-0.0935303
-0.0934819
-0.0934565
-0.0934401
-0.0934189
-0.0934116
-0.093404
-0.093406
-0.0934079
-0.093419
-0.0934346
-0.0934452
-0.0934469
-0.093454
-0.0934613
-0.0934598
-0.0934534
-0.0934378
-0.0934227
-0.0934076
-0.0934023
-0.093407
-0.0933972
-0.0933971
-0.0933968
-0.0933967
-0.0934063
-0.0934255
-0.0934496
-0.093479
-0.093508
-0.093542
-0.0935715
-0.0936006
-0.0936444
-0.0936837
-0.0937327
-0.0937773
-0.093837
-0.0939015
-0.0939811
-0.0940607
-0.0941305
-0.0942057
-0.0942759
-0.0943414
-0.094407
-0.094473
-0.094554
-0.09464
-0.0947065
-0.0947729
-0.0948447
-0.0949264
-0.0950332
-0.0951405
-0.0952685
-0.0953817
-0.0954955
-0.0955949
-0.0957049
-0.0958156
-0.0959267
-0.0960638
-0.0962016
-0.0963401
-0.0964949
-0.0966454
-0.0968018
-0.0969537
-0.0970906
-0.0972439
-0.0973713
-0.0974992
-0.0976222
-0.0977405
-0.0978698
-0.0979835
-0.098103
-0.0982442
-0.0983697
-0.0984794
-0.0986002
-0.0987157
-0.0988373
-0.0989482
-0.099109
-0.0992647
-0.0994045
-0.0995444
-0.0997018
-0.0998372
-0.0999565
-0.100082
-0.100196
-0.100316
-0.100432
-0.10057
-0.100702
-0.10084
-0.100962
-0.101101
-0.10124
-0.101368
-0.101491
-0.101614
-0.101738
-0.101861
-0.10198
-0.102098
-0.102222
-0.102346
-0.102465
-0.102578
-0.102685
-0.102765
-0.102873
-0.102981
-0.10309
-0.103195
-0.103296
-0.103404
-0.103519
-0.103617
-0.103728
-0.103821
-0.103913
-0.104005
-0.10408
-0.104142
-0.104192
-0.104241
-0.104278
-0.104303
-0.104327
-0.104344
-0.104355
-0.104365
-0.104374
-0.104388
-0.104395
-0.104403
-0.104411
-0.104412
-0.104408
-0.10441
-0.104406
-0.104395
-0.104378
-0.104355
-0.104352
-0.10435
-0.104348
-0.104345
-0.104343
-0.104341
-0.104338
-0.104336
-0.104334
-0.104332
-0.10433
-0.104328
-0.104325
-0.104323
-0.104321
-0.104319
-0.104317
-0.104315
-0.104313
-0.104311
-0.10431
-0.104308
-0.104306
-0.104304
-0.104303
-0.104301
-0.1043
-0.104298
-0.104297
-0.104296
-0.104294
-0.104293
-0.104292
-0.104291
-0.10429
-0.104289
-0.104288
-0.104287
-0.104286
-0.104285
-0.104284
-0.104283
-0.104282
-0.104281
-0.10428
-0.10428
-0.104279
-0.104278
-0.104277
-0.104276
-0.104276
-0.104275
-0.104274
-0.104274
-0.104273
-0.104273
-0.104272
-0.104272
-0.104271
-0.10427
-0.10427
-0.104269
-0.104269
-0.104268
-0.104267
-0.104267
-0.104266
-0.104265
-0.104265
-0.104264
-0.104263
-0.104263
-0.104262
-0.104261
-0.10426
-0.10426
-0.104259
-0.104258
-0.104257
-0.104256
-0.104255
-0.104254
-0.104253
-0.104252
-0.104251
-0.10425
-0.104249
-0.104248
-0.104247
-0.104245
-0.104244
-0.104243
-0.104242
-0.10424
-0.104239
-0.104238
-0.104236
-0.104235
-0.104233
-0.104232
-0.104231
-0.104229
-0.104228
-0.104226
-0.104225
-0.104223
-0.104222
-0.10422
-0.104219
-0.104217
-0.104216
-0.104214
-0.104213
-0.104211
-0.10421
-0.104208
-0.104206
-0.104205
-0.104203
-0.104202
-0.1042
-0.104198
-0.104197
-0.104195
-0.104194
-0.104192
-0.104191
-0.104189
-0.104188
-0.104187
-0.104185
-0.104184
-0.104182
-0.104181
-0.10418
-0.104178
-0.104177
-0.104175
-0.104174
-0.104172
-0.104171
-0.104169
-0.104168
-0.104166
-0.104165
-0.104164
-0.104162
-0.104161
-0.104159
-0.104158
-0.104157
-0.104155
-0.104154
-0.104153
-0.104152
-0.10415
-0.104149
-0.104148
-0.104147
-0.104145
-0.104144
-0.104143
-0.104142
-0.10414
-0.104139
-0.104138
-0.104137
-0.104136
-0.104134
-0.104133
-0.104132
-0.104131
-0.10413
-0.104129
-0.104128
-0.104127
-0.104126
-0.104125
-0.104124
-0.104123
-0.104122
-0.104121
-0.10412
-0.104119
-0.104118
-0.104117
-0.104116
-0.104116
-0.104115
-0.104114
-0.104113
-0.104112
-0.104112
-0.104111
-0.10411
-0.104109
-0.104108
-0.104108
-0.104107
-0.104106
-0.104106
-0.104105
-0.104104
-0.104104
-0.104103
-0.104102
-0.104102
-0.104101
-0.1041
-0.1041
-0.104099
-0.104098
-0.104098
-0.104097
-0.104097
-0.104096
-0.104095
-0.104095
-0.104094
-0.104094
-0.104093
-0.104093
-0.104093
-0.104092
-0.104092
-0.104091
-0.104091
-0.104091
-0.10409
-0.10409
-0.104089
-0.104089
-0.104089
-0.104088
-0.104088
-0.104087
-0.104087
-0.104086
-0.104086
-0.104085
-0.104085
-0.104084
-0.104083
-0.104083
-0.104082
-0.104081
-0.104081
-0.10408
-0.104079
-0.104079
-0.104078
-0.104078
-0.104077
-0.104077
-0.104076
-0.104075
-0.104075
-0.104074
-0.104073
-0.104072
-0.104072
-0.104071
-0.10407
-0.104069
-0.104068
-0.104067
-0.104067
-0.104066
-0.104065
-0.104064
-0.104063
-0.104062
-0.104062
-0.104061
-0.10406
-0.104059
-0.104058
-0.104057
-0.104056
-0.104056
-0.104055
-0.104054
-0.104053
-0.104053
-0.104052
-0.104051
-0.104051
-0.10405
-0.104049
-0.104048
-0.104048
-0.104047
-0.104046
-0.104046
-0.104045
-0.104044
-0.104044
-0.104043
-0.104043
-0.104042
-0.104042
-0.104041
-0.10404
-0.10404
-0.104039
-0.104039
-0.104038
-0.104038
-0.104037
-0.104036
-0.104036
-0.104035
-0.104035
-0.104034
-0.104034
-0.104033
-0.104032
-0.104032
-0.104031
-0.104031
-0.10403
-0.10403
-0.104029
-0.104029
-0.104028
-0.104027
-0.104027
-0.104026
-0.104026
-0.104025
-0.104025
-0.104024
-0.104024
-0.104023
-0.104022
-0.104022
-0.104021
-0.104021
-0.10402
-0.10402
-0.104019
-0.104019
-0.104018
-0.104018
-0.104017
-0.104017
-0.104017
-0.104016
-0.104016
-0.104016
-0.104015
-0.104015
-0.104015
-0.104014
-0.104014
-0.104014
-0.104014
-0.104013
-0.104013
-0.104013
-0.104013
-0.104012
-0.104012
-0.104012
-0.104012
-0.104012
-0.104012
-0.104012
-0.104011
-0.104011
-0.104011
-0.104011
-0.104011
-0.104011
-0.104011
-0.104011
-0.104011
-0.104011
-0.104011
-0.104011
-0.104011
-0.104011
-0.104011
-0.104011
-0.104011
-0.104011
-0.104011
-0.104011
-0.104011
-0.104011
-0.104011
-0.104011
-0.104011
-0.104011
-0.104011
-0.104011
-0.104011
-0.104011
-0.104011
-0.104011
-0.104011
-0.104011
-0.104011
-0.104011
-0.104011
-0.104011
-0.104011
-0.104012
-0.104012
-0.104012
-0.104012
-0.104012
-0.104012
-0.104012
-0.104012
-0.104012
-0.104012
-0.104012
-0.104012
-0.104012
-0.104012
-0.104012
-0.104012
-0.104012
-0.104012
-0.104012
-0.104012
-0.104012
-0.104012
-0.104012
-0.104012
-0.104012
-0.104012
-0.104012
-0.104012
-0.104012
-0.104012
-0.104012
-0.104012
-0.104012
-0.104012
-0.104012
-0.104012
-0.104012
-0.104012
-0.104012
-0.104012
-0.104012
-0.104012
-0.104012
-0.104012
-0.104012
-0.104012
-0.104012
-0.104012
-0.104012
-0.104012
-0.104012
-0.104012
-0.104011
-0.104011
-0.104011
-0.104011
-0.104011
-0.104011
-0.104011
-0.104011
-0.104011
-0.10401
-0.10401
-0.10401
-0.10401
-0.10401
-0.10401
-0.10401
-0.10401
-0.10401
-0.104009
-0.104009
-0.104009
-0.104009
-0.104009
-0.104009
-0.104009
-0.104009
-0.104009
-0.104009
-0.104009
-0.104009
-0.104009
-0.104009
-0.104009
-0.104009
-0.104009
-0.104009
-0.104009
-0.104009
-0.104009
-0.104009
-0.104009
-0.104009
-0.104009
-0.104009
-0.104009
-0.104009
-0.104009
-0.104009
-0.104009
-0.104009
-0.104009
-0.104009
-0.104009
-0.104009
-0.104009
-0.104009
-0.104009
-0.104009
-0.104009
-0.104009
-0.104009
-0.104009
-0.104009
-0.104009
-0.104009
-0.104009
-0.104009
-0.104009
-0.104009
-0.104009
-0.104009
-0.104009
-0.104009
-0.104009
-0.104009
-0.104009
-0.104009
-0.104009
-0.104009
-0.10401
-0.10401
-0.10401
-0.10401
-0.10401
-0.10401
-0.104011
-0.104011
-0.104011
-0.104011
-0.104011
-0.104011
-0.104011
-0.104011
-0.104011
-0.104011
-0.104011
-0.104011
-0.104011
-0.104011
-0.104011
-0.104011
-0.104011
-0.104012
-0.104012
-0.104012
-0.104012
-0.104012
-0.104012
-0.104012
-0.104012
-0.104012
-0.104012
-0.104012
-0.104012
-0.104011
-0.104011
-0.104011
-0.104011
-0.104011
-0.104011
-0.104011
-0.104011
-0.10401
-0.10401
-0.10401
-0.10401
-0.10401
-0.104009
-0.104009
-0.104009
-0.104009
-0.104009
-0.104008
-0.104008
-0.104008
-0.104008
-0.104008
-0.104007
-0.104007
-0.104007
-0.104007
-0.104007
-0.104006
-0.104006
-0.104006
-0.104006
-0.104005
-0.104005
-0.104005
-0.104005
-0.104004
-0.104004
-0.104004
-0.104004
-0.104004
-0.104003
-0.104003
-0.104003
-0.104003
-0.104002
-0.104002
-0.104002
-0.104002
-0.104002
-0.104001
-0.104001
-0.104001
-0.104
-0.104
-0.104
-0.104
-0.103999
-0.103999
-0.103999
-0.103998
-0.103998
-0.103998
-0.103998
-0.103997
-0.103997
-0.103997
-0.103997
-0.103996
-0.103996
-0.103996
-0.103996
-0.103996
-0.103996
-0.103996
-0.103995
-0.103995
-0.103995
-0.103995
-0.103995
-0.103994
-0.103994
-0.103994
-0.103994
-0.103993
-0.103993
-0.103993
-0.103993
-0.103993
-0.103992
-0.103992
-0.103992
-0.103992
-0.103992
-0.103991
-0.103991
-0.103991
-0.103991
-0.103991
-0.10399
-0.10399
-0.10399
-0.10399
-0.10399
-0.10399
-0.10399
-0.10399
-0.10399
-0.103989
-0.103989
-0.103989
-0.103989
-0.103989
-0.103989
-0.103989
-0.103989
-0.103989
-0.103989
-0.103988
-0.103988
-0.103988
-0.103988
-0.103988
-0.103988
-0.103988
-0.103988
-0.103988
-0.103988
-0.103988
-0.103988
-0.103988
-0.103988
-0.103988
-0.103988
-0.103988
-0.103988
-0.103988
-0.103988
-0.103988
-0.103988
-0.103988
-0.103988
-0.103988
-0.103988
-0.103988
-0.103988
-0.103988
-0.103988
-0.103988
-0.103988
-0.103988
-0.103988
-0.103988
-0.103988
-0.103988
-0.103989
-0.103989
-0.103989
-0.103989
-0.103989
-0.103989
-0.103989
-0.103989
-0.103989
-0.103989
-0.103989
-0.103989
-0.103989
-0.103989
-0.10399
-0.10399
-0.10399
-0.10399
-0.10399
-0.10399
-0.10399
-0.10399
-0.10399
-0.10399
-0.10399
-0.10399
-0.10399
-0.10399
-0.10399
-0.10399
-0.10399
-0.10399
-0.10399
-0.103991
-0.103991
-0.103991
-0.103991
-0.103991
-0.103991
-0.103991
-0.103991
-0.103991
-0.103992
-0.103992
-0.103992
-0.103992
-0.103992
-0.103992
-0.103992
-0.103993
-0.103993
-0.103993
-0.103993
-0.103993
-0.103994
-0.103994
-0.103994
-0.103994
-0.103994
-0.103994
-0.103995
-0.103995
-0.103995
-0.103995
-0.103995
-0.103996
-0.103996
-0.103996
-0.103996
-0.103996
-0.103997
-0.103997
-0.103997
-0.103998
-0.103998
-0.103998
-0.103998
-0.103998
