-0.0852124
-0.0852123
-0.0852123
-0.0852122
-0.0852121
-0.085212
-0.0852119
-0.0852118
-0.0852117
-0.0852115
-0.0852114
-0.0852112
-0.085211
-0.0852108
-0.0852105
-0.0852102
-0.0852098
-0.0852094
-0.085209
-0.0852086
-0.0852082
-0.0852078
-0.0852074
-0.085207
-0.0852065
-0.085206
-0.0852055
-0.085205
-0.0852045
-0.0852039
-0.0852033
-0.0852026
-0.085202
-0.0852013
-0.0852007
-0.0852
-0.0851992
-0.0851985
-0.0851978
-0.085197
-0.0851962
-0.0851954
-0.0851945
-0.0851937
-0.0851929
-0.085192
-0.0851912
-0.0851904
-0.0851895
-0.0851886
-0.0851877
-0.0851869
-0.0851861
-0.0851853
-0.0851844
-0.0851836
-0.0851828
-0.085182
-0.0851812
-0.0851804
-0.0851796
-0.0851788
-0.0851781
-0.0851773
-0.0851766
-0.0851758
-0.0851751
-0.0851743
-0.0851736
-0.0851728
-0.085172
-0.0851712
-0.0851703
-0.0851694
-0.0851684
-0.0851675
-0.0851666
-0.0851657
-0.0851648
-0.0851639
-0.085163
-0.0851622
-0.0851613
-0.0851604
-0.0851595
-0.0851586
-0.0851577
-0.0851569
-0.085156
-0.0851552
-0.0851543
-0.0851535
-0.0851527
-0.0851518
-0.085151
-0.0851502
-0.0851494
-0.0851486
-0.0851478
-0.0851471
-0.0851464
-0.0851456
-0.0851448
-0.085144
-0.0851433
-0.0851425
-0.0851417
-0.085141
-0.0851402
-0.0851395
-0.0851387
-0.085138
-0.0851372
-0.0851365
-0.0851357
-0.0851349
-0.0851341
-0.0851333
-0.0851325
-0.0851318
-0.085131
-0.0851303
-0.0851296
-0.0851288
-0.085128
-0.0851272
-0.0851264
-0.0851256
-0.0851249
-0.0851241
-0.0851234
-0.0851226
-0.0851218
-0.085121
-0.0851202
-0.0851194
-0.0851186
-0.0851178
-0.085117
-0.0851161
-0.0851152
-0.0851143
-0.0851134
-0.0851124
-0.0851114
-0.0851104
-0.0851095
-0.0851085
-0.0851076
-0.0851065
-0.0851055
-0.0851044
-0.0851033
-0.0851022
-0.0851011
-0.0850999
-0.0850988
-0.0850977
-0.0850966
-0.0850956
-0.0850945
-0.0850935
-0.0850925
-0.0850915
-0.0850905
-0.0850895
-0.0850885
-0.0850875
-0.0850866
-0.0850856
-0.0850846
-0.0850836
-0.0850827
-0.0850817
-0.0850807
-0.0850798
-0.0850789
-0.085078
-0.0850771
-0.0850762
-0.0850754
-0.0850745
-0.0850737
-0.0850729
-0.0850721
-0.0850713
-0.0850705
-0.0850697
-0.0850689
-0.0850682
-0.0850674
-0.0850667
-0.0850659
-0.0850652
-0.0850645
-0.0850637
-0.085063
-0.0850623
-0.0850616
-0.0850609
-0.0850603
-0.0850596
-0.0850589
-0.0850582
-0.0850574
-0.0850566
-0.0850559
-0.0850551
-0.0850544
-0.0850537
-0.0850529
-0.0850522
-0.0850516
-0.0850509
-0.0850503
-0.0850496
-0.085049
-0.0850484
-0.0850478
-0.0850473
-0.0850467
-0.0850462
-0.0850458
-0.0850454
-0.0850449
-0.0850444
-0.085044
-0.0850435
-0.0850431
-0.0850426
-0.0850421
-0.0850416
-0.085041
-0.0850405
-0.08504
-0.0850394
-0.0850389
-0.0850383
-0.0850378
-0.0850373
-0.0850367
-0.0850362
-0.0850356
-0.0850351
-0.0850346
-0.085034
-0.0850335
-0.085033
-0.0850325
-0.085032
-0.0850315
-0.085031
-0.0850304
-0.0850299
-0.0850293
-0.0850287
-0.0850282
-0.0850276
-0.085027
-0.0850264
-0.0850258
-0.0850252
-0.0850245
-0.0850238
-0.0850231
-0.0850223
-0.0850215
-0.0850207
-0.0850199
-0.0850191
-0.0850182
-0.0850174
-0.0850166
-0.0850158
-0.085015
-0.0850143
-0.0850135
-0.0850127
-0.0850118
-0.085011
-0.0850101
-0.0850091
-0.0850082
-0.0850072
-0.0850063
-0.0850052
-0.0850042
-0.0850032
-0.0850022
-0.0850012
-0.0850002
-0.0849992
-0.0849982
-0.0849972
-0.0849961
-0.0849951
-0.0849941
-0.0849931
-0.084992
-0.084991
-0.0849899
-0.0849888
-0.0849877
-0.0849866
-0.0849855
-0.0849844
-0.0849833
-0.0849822
-0.0849811
-0.08498
-0.084979
-0.0849779
-0.0849768
-0.0849757
-0.0849746
-0.0849735
-0.0849723
-0.0849712
-0.08497
-0.0849689
-0.0849678
-0.0849666
-0.0849655
-0.0849643
-0.0849631
-0.084962
-0.0849608
-0.0849597
-0.0849586
-0.0849574
-0.0849563
-0.0849551
-0.0849539
-0.0849527
-0.0849515
-0.0849504
-0.0849492
-0.084948
-0.0849469
-0.0849458
-0.0849446
-0.0849435
-0.0849424
-0.0849413
-0.0849403
-0.0849393
-0.0849383
-0.0849373
-0.0849363
-0.0849352
-0.0849342
-0.0849332
-0.0849322
-0.0849311
-0.0849301
-0.0849291
-0.0849282
-0.0849272
-0.0849263
-0.0849253
-0.0849244
-0.0849236
-0.0849227
-0.0849218
-0.084921
-0.0849201
-0.0849193
-0.0849184
-0.0849176
-0.0849169
-0.0849161
-0.0849153
-0.0849146
-0.0849138
-0.084913
-0.0849122
-0.0849114
-0.0849107
-0.0849099
-0.0849092
-0.0849085
-0.0849078
-0.0849071
-0.0849065
-0.0849058
-0.0849052
-0.0849046
-0.084904
-0.0849034
-0.0849028
-0.0849022
-0.0849017
-0.0849011
-0.0849006
-0.0849001
-0.0848996
-0.0848991
-0.0848986
-0.0848982
-0.0848977
-0.0848973
-0.0848969
-0.0848964
-0.084896
-0.0848955
-0.0848951
-0.0848947
-0.0848942
-0.0848938
-0.0848934
-0.0848929
-0.0848925
-0.0848921
-0.0848917
-0.0848913
-0.0848909
-0.0848906
-0.0848902
-0.0848898
-0.0848894
-0.0848889
-0.0848885
-0.084888
-0.0848875
-0.084887
-0.0848866
-0.0848861
-0.0848857
-0.0848853
-0.0848848
-0.0848844
-0.084884
-0.0848837
-0.0848833
-0.0848829
-0.0848825
-0.0848821
-0.0848817
-0.0848813
-0.0848809
-0.0848805
-0.0848801
-0.0848798
-0.0848794
-0.0848791
-0.0848788
-0.0848786
-0.0848783
-0.084878
-0.0848777
-0.0848773
-0.084877
-0.0848766
-0.0848762
-0.0848759
-0.0848755
-0.0848751
-0.0848747
-0.0848742
-0.0848737
-0.0848732
-0.0848727
-0.0848722
-0.0848718
-0.0848713
-0.0848708
-0.0848704
-0.08487
-0.0848696
-0.0848692
-0.0848689
-0.0848686
-0.0848682
-0.0848679
-0.0848675
-0.0848672
-0.0848669
-0.0848666
-0.0848663
-0.084866
-0.0848656
-0.0848653
-0.0848649
-0.0848646
-0.0848643
-0.084864
-0.0848637
-0.0848634
-0.084863
-0.0848627
-0.0848624
-0.0848621
-0.0848618
-0.0848615
-0.0848612
-0.0848609
-0.0848606
-0.0848604
-0.0848601
-0.0848599
-0.0848596
-0.0848593
-0.084859
-0.0848587
-0.0848584
-0.0848581
-0.0848578
-0.0848575
-0.0848572
-0.0848568
-0.0848565
-0.0848562
-0.0848558
-0.0848555
-0.0848552
-0.0848549
-0.0848546
-0.0848542
-0.0848538
-0.0848535
-0.0848532
-0.0848528
-0.0848525
-0.0848522
-0.0848518
-0.0848515
-0.0848511
-0.0848508
-0.0848504
-0.0848501
-0.0848497
-0.0848493
-0.0848489
-0.0848484
-0.0848479
-0.0848474
-0.0848469
-0.0848464
-0.0848459
-0.0848454
-0.0848449
-0.0848444
-0.0848439
-0.0848434
-0.0848429
-0.0848424
-0.0848419
-0.0848414
-0.0848409
-0.0848404
-0.0848399
-0.0848394
-0.0848388
-0.0848383
-0.0848377
-0.0848371
-0.0848366
-0.0848361
-0.0848355
-0.084835
-0.0848345
-0.084834
-0.0848335
-0.084833
-0.0848325
-0.0848319
-0.0848314
-0.0848309
-0.0848303
-0.0848298
-0.0848293
-0.0848289
-0.0848284
-0.0848279
-0.0848275
-0.084827
-0.0848266
-0.0848261
-0.0848256
-0.0848251
-0.0848247
-0.0848242
-0.0848237
-0.0848232
-0.0848228
-0.0848223
-0.0848218
-0.0848213
-0.0848209
-0.0848203
-0.0848198
-0.0848194
-0.0848189
-0.0848184
-0.084818
-0.0848176
-0.0848172
-0.0848168
-0.0848165
-0.0848162
-0.0848159
-0.0848157
-0.0848154
-0.0848151
-0.0848148
-0.0848144
-0.0848141
-0.0848138
-0.0848134
-0.0848132
-0.0848129
-0.0848127
-0.0848124
-0.0848121
-0.0848118
-0.0848116
-0.0848113
-0.084811
-0.0848108
-0.0848105
-0.0848103
-0.08481
-0.0848098
-0.0848095
-0.0848092
-0.0848089
-0.0848086
-0.0848083
-0.0848081
-0.0848078
-0.0848075
-0.0848072
-0.0848069
-0.0848066
-0.0848063
-0.084806
-0.0848056
-0.0848053
-0.0848049
-0.0848045
-0.084804
-0.0848036
-0.0848032
-0.0848028
-0.0848024
-0.0848019
-0.0848015
-0.0848011
-0.0848006
-0.0848002
-0.0847997
-0.0847992
-0.0847987
-0.0847982
-0.0847978
-0.0847973
-0.0847968
-0.0847964
-0.0847961
-0.0847957
-0.0847954
-0.084795
-0.0847947
-0.0847944
-0.0847942
-0.0847939
-0.0847937
-0.0847935
-0.0847933
-0.0847931
-0.0847929
-0.0847928
-0.0847926
-0.0847925
-0.0847923
-0.0847921
-0.0847918
-0.0847916
-0.0847913
-0.0847911
-0.0847909
-0.0847907
-0.0847905
-0.0847904
-0.0847902
-0.08479
-0.0847898
-0.0847897
-0.0847895
-0.0847893
-0.0847891
-0.0847889
-0.0847888
-0.0847886
-0.0847884
-0.0847882
-0.084788
-0.0847879
-0.0847877
-0.0847877
-0.0847876
-0.0847876
-0.0847876
-0.0847877
-0.0847877
-0.0847878
-0.0847879
-0.0847879
-0.084788
-0.084788
-0.084788
-0.084788
-0.084788
-0.0847881
-0.084788
-0.084788
-0.084788
-0.084788
-0.0847881
-0.0847882
-0.0847883
-0.0847884
-0.0847885
-0.0847887
-0.0847888
-0.0847888
-0.084789
-0.0847891
-0.0847892
-0.0847893
-0.0847895
-0.0847896
-0.0847897
-0.0847899
-0.08479
-0.0847901
-0.0847902
-0.0847903
-0.0847904
-0.0847906
-0.0847907
-0.0847909
-0.0847911
-0.0847913
-0.0847915
-0.0847917
-0.084792
-0.0847922
-0.0847925
-0.0847928
-0.0847932
-0.0847935
-0.0847938
-0.0847941
-0.0847944
-0.0847946
-0.0847949
-0.0847952
-0.0847954
-0.0847957
-0.084796
-0.0847963
-0.0847966
-0.0847969
-0.0847971
-0.0847974
-0.0847977
-0.0847981
-0.0847984
-0.0847987
-0.084799
-0.0847993
-0.0847996
-0.0847999
-0.0848002
-0.0848005
-0.0848008
-0.0848011
-0.0848014
-0.0848017
-0.084802
-0.0848023
-0.0848025
-0.0848028
-0.084803
-0.0848033
-0.0848035
-0.0848036
-0.0848037
-0.0848039
-0.084804
-0.0848041
-0.0848041
-0.0848042
-0.0848042
-0.0848043
-0.0848042
-0.0848042
-0.0848041
-0.084804
-0.0848038
-0.0848037
-0.0848035
-0.0848033
-0.0848032
-0.084803
-0.0848029
-0.0848028
-0.0848026
-0.0848024
-0.0848022
-0.0848019
-0.0848016
-0.0848014
-0.0848012
-0.084801
-0.0848008
-0.0848007
-0.0848006
-0.0848004
-0.0848003
-0.0848001
-0.0847999
-0.0847998
-0.0847996
-0.0847994
-0.0847992
-0.084799
-0.0847988
-0.0847986
-0.0847983
-0.084798
-0.0847977
-0.0847974
-0.0847971
-0.0847968
-0.0847966
-0.0847963
-0.084796
-0.0847958
-0.0847955
-0.0847953
-0.084795
-0.0847948
-0.0847946
-0.0847944
-0.0847942
-0.084794
-0.0847938
-0.0847936
-0.0847934
-0.0847932
-0.084793
-0.0847928
-0.0847926
-0.0847923
-0.0847921
-0.0847919
-0.0847918
-0.0847917
-0.0847915
-0.0847914
-0.0847913
-0.0847911
-0.084791
-0.0847908
-0.0847907
-0.0847906
-0.0847904
-0.0847903
-0.0847902
-0.08479
-0.0847898
-0.0847896
-0.0847895
-0.0847893
-0.0847891
-0.084789
-0.0847888
-0.0847887
-0.0847886
-0.0847884
-0.0847882
-0.0847881
-0.0847879
-0.0847876
-0.0847874
-0.0847872
-0.0847869
-0.0847866
-0.0847864
-0.0847861
-0.0847857
-0.0847854
-0.0847851
-0.0847848
-0.0847845
-0.0847842
-0.0847839
-0.0847835
-0.0847832
-0.0847829
-0.0847826
-0.0847822
-0.0847819
-0.0847815
-0.0847811
-0.0847808
-0.0847804
-0.08478
-0.0847796
-0.0847793
-0.0847789
-0.0847785
-0.0847781
-0.0847776
-0.0847772
-0.0847769
-0.0847765
-0.0847761
-0.0847758
-0.0847754
-0.0847751
-0.0847747
-0.0847744
-0.084774
-0.0847737
-0.0847734
-0.084773
-0.0847726
-0.0847722
-0.0847718
-0.0847714
-0.0847709
-0.0847704
-0.08477
-0.0847695
-0.0847691
-0.0847687
-0.0847683
-0.0847679
-0.0847674
-0.0847669
-0.0847665
-0.0847661
-0.0847657
-0.0847653
-0.0847649
-0.0847646
-0.0847642
-0.0847639
-0.0847635
-0.0847632
-0.0847628
-0.0847624
-0.0847621
-0.0847618
-0.0847615
-0.0847612
-0.0847609
-0.0847606
-0.0847603
-0.0847599
-0.0847596
-0.0847594
-0.0847592
-0.084759
-0.0847588
-0.0847586
-0.0847584
-0.0847581
-0.0847579
-0.0847577
-0.0847575
-0.0847573
-0.084757
-0.0847568
-0.0847565
-0.0847563
-0.0847561
-0.0847559
-0.0847557
-0.0847556
-0.0847554
-0.0847553
-0.0847551
-0.084755
-0.0847549
-0.0847549
-0.0847548
-0.0847548
-0.0847549
-0.0847549
-0.0847007
-0.0846467
-0.0845927
-0.0845428
-0.0844938
-0.0844399
-0.0843952
-0.0843414
-0.0842926
-0.084248
-0.0841992
-0.0841595
-0.0841108
-0.0840761
-0.0840322
-0.0839927
-0.083949
-0.0839144
-0.08388
-0.0838406
-0.0838111
-0.0837724
-0.0837381
-0.0837129
-0.0836737
-0.0836393
-0.08361
-0.0835758
-0.0835416
-0.0835123
-0.0834783
-0.0834491
-0.0834151
-0.083386
-0.083352
-0.083323
-0.0832891
-0.0832595
-0.0832305
-0.0831968
-0.0831672
-0.0831383
-0.0831137
-0.083089
-0.0830596
-0.0830258
-0.0829965
-0.0829671
-0.0829377
-0.0829083
-0.0828832
-0.0828539
-0.0828198
-0.0827906
-0.0827615
-0.0827275
-0.0826892
-0.0826552
-0.0826214
-0.0825827
-0.0825445
-0.0825107
-0.0824678
-0.082425
-0.0823774
-0.0823346
-0.0822918
-0.08224
-0.082202
-0.082155
-0.082108
-0.0820657
-0.0820235
-0.0819765
-0.0819344
-0.0818927
-0.0818552
-0.0818178
-0.0817757
-0.0817383
-0.081701
-0.081659
-0.0816171
-0.0815747
-0.0815329
-0.0814907
-0.0814442
-0.081402
-0.0813557
-0.0813089
-0.0812621
-0.0812065
-0.0811548
-0.0811036
-0.0810525
-0.081001
-0.0809501
-0.080894
-0.0808474
-0.0808008
-0.080745
-0.0806985
-0.0806516
-0.080596
-0.0805451
-0.0804939
-0.0804472
-0.080396
-0.0803404
-0.0802847
-0.0802339
-0.0801918
-0.0801364
-0.0800898
-0.080048
-0.0799928
-0.0799418
-0.0798909
-0.0798404
-0.0797897
-0.0797347
-0.0796885
-0.0796469
-0.0796054
-0.0795638
-0.0795223
-0.0794762
-0.0794392
-0.0793978
-0.0793564
-0.0793193
-0.0792822
-0.0792407
-0.0792036
-0.079171
-0.0791341
-0.0791056
-0.0790729
-0.0790399
-0.0790113
-0.0789867
-0.0789624
-0.0789378
-0.0789175
-0.0788975
-0.0788776
-0.0788665
-0.0788598
-0.0788487
-0.0788337
-0.0788187
-0.0787953
-0.0787891
-0.0787744
-0.07876
-0.0787498
-0.0787393
-0.0787336
-0.0787322
-0.078722
-0.0787119
-0.0787061
-0.0787042
-0.0786897
-0.0786793
-0.078669
-0.0786629
-0.078644
-0.0786333
-0.078619
-0.0786085
-0.0785937
-0.0785874
-0.0785814
-0.0785708
-0.0785646
-0.0785584
-0.0785519
-0.0785499
-0.0785439
-0.0785377
-0.0785272
-0.0785251
-0.0785231
-0.0785211
-0.0785189
-0.0785084
-0.0784979
-0.0784877
-0.0784733
-0.0784628
-0.0784361
-0.0784138
-0.0783995
-0.0783815
-0.0783594
-0.0783373
-0.0783195
-0.0782976
-0.07828
-0.0782544
-0.0782329
-0.0782074
-0.0781862
-0.0781692
-0.0781443
-0.0781237
-0.0780991
-0.0780745
-0.0780502
-0.0780301
-0.0780061
-0.077982
-0.077954
-0.0779303
-0.0778986
-0.0778629
-0.0778314
-0.077804
-0.0777686
-0.0777331
-0.0777018
-0.0776625
-0.0776273
-0.0775879
-0.0775488
-0.0775136
-0.0774704
-0.0774314
-0.0773964
-0.0773575
-0.0773267
-0.0772918
-0.077261
-0.0772302
-0.0771997
-0.077173
-0.0771464
-0.0771159
-0.0770935
-0.077067
-0.0770446
-0.0770224
-0.0770041
-0.0769818
-0.0769595
-0.0769331
-0.0769027
-0.0768681
-0.0768295
-0.0767828
-0.076732
-0.0766812
-0.0766264
-0.0765635
-0.0765046
-0.0764457
-0.076391
-0.0763442
-0.0763057
-0.0762672
-0.0762369
-0.0762105
-0.0761964
-0.0761782
-0.0761642
-0.0761542
-0.0761443
-0.0761343
-0.0761284
-0.0761144
-0.0760923
-0.0760703
-0.0760481
-0.076022
-0.0759877
-0.0759534
-0.075915
-0.0758847
-0.0758463
-0.0758079
-0.0757694
-0.0757392
-0.0757048
-0.0756745
-0.0756401
-0.0756179
-0.0755835
-0.0755572
-0.075531
-0.0755006
-0.0754743
-0.075448
-0.0754135
-0.0753835
-0.0753538
-0.0753282
-0.0752944
-0.0752647
-0.0752308
-0.075201
-0.075167
-0.0751371
-0.0751113
-0.0750813
-0.0750514
-0.0750297
-0.0750037
-0.0749819
-0.0749599
-0.0749421
-0.0749201
-0.0749105
-0.0748926
-0.0748787
-0.0748649
-0.074851
-0.0748371
-0.074819
-0.074805
-0.0747868
-0.0747686
-0.0747544
-0.0747403
-0.0747216
-0.0747028
-0.074684
-0.0746693
-0.0746587
-0.0746399
-0.0746293
-0.0746227
-0.0746121
-0.0746096
-0.0746155
-0.0746173
-0.0746231
-0.0746331
-0.0746432
-0.0746574
-0.0746716
-0.0746941
-0.0747124
-0.0747349
-0.0747573
-0.0747798
-0.0748023
-0.0748248
-0.0748472
-0.0748737
-0.0748961
-0.0749184
-0.0749448
-0.0749796
-0.0750102
-0.0750407
-0.0750713
-0.0751102
-0.0751448
-0.0751794
-0.0752141
-0.0752528
-0.0752915
-0.075326
-0.0753647
-0.0754034
-0.0754421
-0.0754892
-0.0755364
-0.0755835
-0.0756349
-0.0756821
-0.0757419
-0.0757891
-0.0758448
-0.0758963
-0.075952
-0.0759993
-0.076055
-0.0761108
-0.0761667
-0.0762269
-0.076287
-0.0763431
-0.0764077
-0.0764639
-0.0765244
-0.0765891
-0.0766538
-0.0767186
-0.0767877
-0.0768569
-0.0769306
-0.0770085
-0.0770823
-0.0771604
-0.0772472
-0.0773257
-0.0774043
-0.0774915
-0.0775791
-0.0776667
-0.0777501
-0.0778337
-0.0779173
-0.078001
-0.0780805
-0.0781645
-0.0782441
-0.0783281
-0.0784078
-0.0784962
-0.0785803
-0.0786645
-0.0787574
-0.0788547
-0.0789524
-0.0790452
-0.0791427
-0.0792402
-0.0793288
-0.0794177
-0.0794975
-0.0795908
-0.0796843
-0.0797779
-0.0798715
-0.0799701
-0.0800639
-0.0801537
-0.0802436
-0.0803334
-0.0804233
-0.0805179
-0.0805856
-0.080667
-0.0807571
-0.0808339
-0.0809066
-0.0809835
-0.0810608
-0.0811424
-0.0812199
-0.0813017
-0.0813795
-0.0814615
-0.0815441
-0.0816308
-0.0817083
-0.0818002
-0.0818964
-0.0819926
-0.0820894
-0.0821863
-0.0822786
-0.0823756
-0.0824681
-0.0825658
-0.0826631
-0.0827605
-0.0828532
-0.0829418
-0.0830253
-0.0831089
-0.0831879
-0.0832764
-0.0833597
-0.083434
-0.0835221
-0.0835962
-0.0836752
-0.0837488
-0.0838183
-0.0838967
-0.0839704
-0.084044
-0.084122
-0.084191
-0.08426
-0.0843339
-0.084412
-0.084482
-0.0845513
-0.0846207
-0.0846908
-0.0847651
-0.0848304
-0.0848958
-0.0849564
-0.0850122
-0.0850682
-0.0851199
-0.0851758
-0.0852269
-0.0852689
-0.0853199
-0.0853661
-0.0854125
-0.0854589
-0.0855052
-0.0855516
-0.0855979
-0.0856403
-0.0856819
-0.0857285
-0.085771
-0.0858086
-0.0858503
-0.0858879
-0.0859208
-0.0859577
-0.0859859
-0.0860229
-0.0860509
-0.0860781
-0.0861013
-0.0861286
-0.086151
-0.0861734
-0.0861959
-0.0862226
-0.0862402
-0.086253
-0.0862709
-0.086288
-0.086301
-0.0863093
-0.0863225
-0.0863309
-0.0863441
-0.0863525
-0.0863609
-0.0863743
-0.0863828
-0.0863864
-0.0863951
-0.0863989
-0.0864077
-0.0864067
-0.0864106
-0.0864137
-0.0864127
-0.0864168
-0.0864109
-0.0864099
-0.0864092
-0.0864042
-0.0863986
-0.086398
-0.0863974
-0.0863877
-0.0863872
-0.0863818
-0.0863804
-0.0863751
-0.0863698
-0.0863646
-0.0863635
-0.0863534
-0.0863482
-0.0863332
-0.0863231
-0.0863081
-0.086293
-0.0862822
-0.0862623
-0.0862424
-0.0862267
-0.0862019
-0.0861822
-0.0861666
-0.0861421
-0.0861266
-0.0861021
-0.0860866
-0.0860663
-0.0860468
-0.0860314
-0.086016
-0.0859966
-0.0859813
-0.0859659
-0.0859515
-0.0859362
-0.0859219
-0.0859027
-0.0858926
-0.0858734
-0.0858634
-0.0858443
-0.0858293
-0.0858145
-0.0857996
-0.0857847
-0.0857658
-0.085751
-0.0857355
-0.0857208
-0.0857061
-0.0856915
-0.0856811
-0.0856618
-0.0856516
-0.0856364
-0.0856171
-0.0855971
-0.0855819
-0.0855627
-0.0855476
-0.0855235
-0.0855042
-0.0854892
-0.08547
-0.0854549
-0.0854358
-0.0854208
-0.0853969
-0.085382
-0.085367
-0.0853431
-0.0853283
-0.0853087
-0.085285
-0.0852605
-0.0852368
-0.0852124
-0.085189
-0.08516
-0.0851359
-0.0851078
-0.085079
-0.0850501
-0.0850165
-0.0849836
-0.0849549
-0.084926
-0.0848876
-0.0848581
-0.0848287
-0.0847945
-0.0847651
-0.084731
-0.0846969
-0.0846622
-0.0846323
-0.0845983
-0.0845684
-0.0845337
-0.0845079
-0.0844733
-0.0844387
-0.0844041
-0.0843695
-0.0843391
-0.0843045
-0.0842741
-0.0842395
-0.0842043
-0.0841744
-0.084135
-0.0840999
-0.0840695
-0.084035
-0.0839998
-0.0839653
-0.0839349
-0.0839044
-0.0838786
-0.0838529
-0.0838224
-0.0837967
-0.083775
-0.0837399
-0.0837102
-0.0836798
-0.0836494
-0.0836197
-0.0835896
-0.0835589
-0.0835242
-0.0834941
-0.0834559
-0.0834265
-0.0833925
-0.0833543
-0.0833161
-0.0832779
-0.0832356
-0.0831887
-0.0831465
-0.0830997
-0.0830534
-0.0830072
-0.0829609
-0.0829106
-0.082869
-0.0828232
-0.0827816
-0.0827358
-0.0826987
-0.0826575
-0.0826203
-0.0825837
-0.0825471
-0.0825145
-0.0824778
-0.0824365
-0.082404
-0.0823673
-0.0823306
-0.082298
-0.0822614
-0.0822288
-0.0821875
-0.0821463
-0.0821091
-0.0820725
-0.0820352
-0.0819939
-0.0819659
-0.0819293
-0.0818967
-0.08186
-0.0818273
-0.0817993
-0.0817626
-0.0817346
-0.081702
-0.0816739
-0.0816459
-0.0816178
-0.0815903
-0.0815622
-0.0815387
-0.0815197
-0.0815007
-0.0814776
-0.0814587
-0.0814397
-0.0814166
-0.0814022
-0.0813791
-0.081356
-0.0813375
-0.0813145
-0.0812959
-0.0812772
-0.0812586
-0.0812358
-0.081217
-0.0811983
-0.0811795
-0.0811606
-0.0811372
-0.0811143
-0.0810995
-0.0810765
-0.0810575
-0.0810386
-0.0810196
-0.0810051
-0.0809863
-0.0809633
-0.0809489
-0.0809259
-0.0809028
-0.0808844
-0.0808615
-0.0808386
-0.0808203
-0.0807976
-0.0807708
-0.0807441
-0.0807218
-0.080695
-0.0806683
-0.0806415
-0.0806153
-0.0805887
-0.0805581
-0.0805319
-0.0805054
-0.0804792
-0.0804532
-0.0804273
-0.0804014
-0.0803756
-0.0803542
-0.0803329
-0.0803071
-0.0802858
-0.0802645
-0.0802432
-0.080226
-0.0802047
-0.0801877
-0.0801706
-0.0801579
-0.0801409
-0.080124
-0.0801072
-0.0800944
-0.0800775
-0.0800691
-0.0800564
-0.0800564
-0.0800564
-0.0800564
-0.0800563
-0.0800562
-0.0800562
-0.0800561
-0.0800559
-0.0800557
-0.0800554
-0.0800552
-0.0800548
-0.0800545
-0.0800541
-0.0800536
-0.0800533
-0.0800529
-0.0800525
-0.0800522
-0.0800518
-0.0800515
-0.0800512
-0.0800508
-0.0800504
-0.08005
-0.0800496
-0.0800491
-0.0800486
-0.0800482
-0.0800477
-0.0800473
-0.0800468
-0.0800463
-0.0800459
-0.0800454
-0.0800449
-0.0800443
-0.0800438
-0.0800432
-0.0800425
-0.0800419
-0.0800411
-0.0800404
-0.0800397
-0.0800389
-0.0800381
-0.0800373
-0.0800366
-0.0800359
-0.0800352
-0.0800346
-0.0800339
-0.0800333
-0.0800326
-0.080032
-0.0800313
-0.0800307
-0.0800301
-0.0800294
-0.0800288
-0.0800282
-0.0800275
-0.0800269
-0.0800263
-0.0800257
-0.0800254
-0.0800251
-0.0800248
-0.0800243
-0.0800238
-0.0800233
-0.0800228
-0.0800222
-0.0800217
-0.0800212
-0.0800207
-0.0800202
-0.0800196
-0.0800191
-0.0800186
-0.0800181
-0.0800175
-0.080017
-0.0800165
-0.080016
-0.0800155
-0.0800149
-0.0800143
-0.0800137
-0.0800131
-0.0800125
-0.0800119
-0.0800112
-0.0800106
-0.08001
-0.0800094
-0.0800088
-0.0800082
-0.0800075
-0.0800069
-0.0800062
-0.0800054
-0.0800047
-0.0800039
-0.0800032
-0.0800024
-0.0800017
-0.080001
-0.0800002
-0.0799994
-0.0799987
-0.0799979
-0.0799971
-0.0799964
-0.0799956
-0.0799949
-0.0799941
-0.0799934
-0.0799927
-0.079992
-0.0799913
-0.0799907
-0.07999
-0.0799893
-0.0799886
-0.0799878
-0.0799871
-0.0799863
-0.0799855
-0.0799846
-0.0799838
-0.079983
-0.0799822
-0.0799813
-0.0799805
-0.0799796
-0.0799787
-0.0799779
-0.079977
-0.0799761
-0.0799753
-0.0799745
-0.0799737
-0.0799728
-0.079972
-0.0799711
-0.0799702
-0.0799693
-0.0799684
-0.0799674
-0.0799665
-0.0799655
-0.0799646
-0.0799636
-0.0799626
-0.0799616
-0.0799607
-0.0799597
-0.0799588
-0.0799578
-0.0799569
-0.079956
-0.079955
-0.079954
-0.079953
-0.079952
-0.0799511
-0.0799502
-0.0799494
-0.0799485
-0.0799477
-0.0799468
-0.0799459
-0.079945
-0.0799441
-0.0799433
-0.0799425
-0.0799418
-0.079941
-0.0799403
-0.0799395
-0.0799387
-0.079938
-0.0799372
-0.0799364
-0.0799357
-0.0799349
-0.0799342
-0.0799334
-0.0799326
-0.0799318
-0.0799311
-0.0799303
-0.0799296
-0.0799289
-0.0799282
-0.0799274
-0.0799267
-0.079926
-0.0799253
-0.0799246
-0.0799239
-0.0799232
-0.0799225
-0.0799219
-0.0799212
-0.0799206
-0.07992
-0.0799194
-0.0799189
-0.0799184
-0.0799178
-0.0799174
-0.0799169
-0.0799165
-0.0799162
-0.0799158
-0.0799155
-0.0799151
-0.0799147
-0.0799144
-0.079914
-0.0799136
-0.0799133
-0.079913
-0.0799127
-0.0799124
-0.0799121
-0.0799118
-0.0799115
-0.0799113
-0.079911
-0.0799108
-0.0799105
-0.0799102
-0.0799099
-0.0799096
-0.0799093
-0.0799089
-0.0799086
-0.0799084
-0.0799081
-0.0799079
-0.0799076
-0.0799074
-0.0799071
-0.0799069
-0.0799066
-0.0799063
-0.0799059
-0.0799056
-0.0799053
-0.0799049
-0.0799045
-0.079904
-0.0799036
-0.0799031
-0.0799027
-0.0799022
-0.0799018
-0.0799013
-0.0799009
-0.0799004
-0.0799
-0.0798996
-0.0798991
-0.0798987
-0.0798984
-0.079898
-0.0798976
-0.0798972
-0.0798968
-0.0798965
-0.0798961
-0.0798957
-0.0798953
-0.079895
-0.0798947
-0.0798944
-0.0798941
-0.0798938
-0.0798935
-0.0798932
-0.0798929
-0.0798925
-0.0798923
-0.079892
-0.0798917
-0.0798914
-0.0798911
-0.0798908
-0.0798906
-0.0798903
-0.07989
-0.0798898
-0.0798895
-0.0798892
-0.079889
-0.0798887
-0.0798885
-0.0798883
-0.0798881
-0.0798879
-0.0798877
-0.0798875
-0.0798874
-0.0798873
-0.0798872
-0.0798871
-0.079887
-0.0798868
-0.0798867
-0.0798865
-0.0798864
-0.0798863
-0.0798862
-0.0798861
-0.0798861
-0.079886
-0.0798858
-0.0798857
-0.0798856
-0.0798855
-0.0798854
-0.0798853
-0.0798852
-0.079885
-0.0797023
-0.0795321
-0.0793466
-0.0791554
-0.078962
-0.0787594
-0.078561
-0.0783689
-0.078156
-0.0779466
-0.077732
-0.0775238
-0.0773134
-0.0770823
-0.0768608
-0.0766367
-0.0764165
-0.0761849
-0.0759481
-0.0757117
-0.0754792
-0.075238
-0.0749889
-0.0747498
-0.0745023
-0.0742523
-0.0739854
-0.073725
-0.0734688
-0.0732131
-0.0729348
-0.0726633
-0.0723787
-0.0721007
-0.0718408
-0.071562
-0.0712818
-0.0710164
-0.0707383
-0.0704642
-0.0701998
-0.0699304
-0.0696598
-0.0694016
-0.0691388
-0.0688799
-0.068625
-0.0683599
-0.0681182
-0.0679
-0.0676715
-0.0674358
-0.0671864
-0.0669601
-0.066735
-0.0665139
-0.0663042
-0.0660956
-0.0658878
-0.0656755
-0.0654748
-0.065269
-0.0650662
-0.0648659
-0.0646758
-0.064499
-0.0643145
-0.0641324
-0.0639402
-0.0637606
-0.0635971
-0.0634584
-0.0632921
-0.0631243
-0.062957
-0.0628088
-0.0626629
-0.0625327
-0.0623958
-0.0622642
-0.0621379
-0.0620016
-0.0618567
-0.0617208
-0.0616005
-0.0614822
-0.0613756
-0.0612627
-0.0611499
-0.0610404
-0.0609397
-0.0608426
-0.0607425
-0.060651
-0.0605529
-0.0604629
-0.0603801
-0.0602992
-0.0602165
-0.0601406
-0.0600647
-0.0599938
-0.0599244
-0.0598685
-0.0598144
-0.0597684
-0.0597223
-0.059678
-0.0596368
-0.0596022
-0.0595726
-0.0595428
-0.059521
-0.0595041
-0.0594887
-0.0594731
-0.0594622
-0.0594561
-0.0594496
-0.0594479
-0.0594476
-0.0594503
-0.0594527
-0.0594565
-0.0594649
-0.0594732
-0.0594861
-0.0594987
-0.0595161
-0.059533
-0.0595464
-0.0595649
-0.0595828
-0.0596022
-0.0596197
-0.0596336
-0.0596521
-0.0596677
-0.0596829
-0.0596973
-0.0597138
-0.0597252
-0.059738
-0.0597506
-0.0597598
-0.0597689
-0.0597783
-0.0597872
-0.0597974
-0.0598072
-0.0598167
-0.0598268
-0.0598372
-0.0598469
-0.0598612
-0.0598706
-0.0598822
-0.0598886
-0.0598994
-0.0599088
-0.0599204
-0.0599267
-0.059938
-0.0599445
-0.0599509
-0.0599595
-0.0599664
-0.0599737
-0.0599758
-0.0599802
-0.0599796
-0.0599796
-0.0599799
-0.0599806
-0.0599762
-0.0599721
-0.0599685
-0.0599571
-0.0599491
-0.0599467
-0.0599393
-0.0599241
-0.0599174
-0.0599077
-0.0598966
-0.0598905
-0.0598767
-0.0598712
-0.0598575
-0.0598441
-0.0598342
-0.0598243
-0.05981
-0.0598004
-0.0597914
-0.0597775
-0.0597717
-0.0597628
-0.0597526
-0.059744
-0.0597343
-0.0597292
-0.0597196
-0.059715
-0.0597088
-0.0597043
-0.0596986
-0.0597007
-0.0596949
-0.059694
-0.0596914
-0.0596885
-0.0596911
-0.0596884
-0.0596858
-0.0596914
-0.0596886
-0.0596861
-0.0596918
-0.0596894
-0.0596951
-0.0596926
-0.0596983
-0.0596959
-0.0597017
-0.0596995
-0.0597054
-0.0597031
-0.0597059
-0.0597037
-0.0597019
-0.0597001
-0.0596985
-0.0596921
-0.0596903
-0.0596842
-0.0596781
-0.0596723
-0.0596666
-0.0596581
-0.0596479
-0.059643
-0.0596331
-0.0596204
-0.0596107
-0.059598
-0.059594
-0.0595817
-0.0595743
-0.0595655
-0.0595677
-0.0595699
-0.0595721
-0.0595743
-0.0595766
-0.0595788
-0.059581
-0.0595832
-0.0595854
-0.0595876
-0.0595897
-0.0595918
-0.0595939
-0.0595959
-0.0595979
-0.0595998
-0.0596016
-0.0596035
-0.0596053
-0.0596071
-0.0596089
-0.0596107
-0.0596125
-0.0596142
-0.059616
-0.0596177
-0.0596195
-0.0596212
-0.0596229
-0.0596246
-0.0596263
-0.0596279
-0.0596296
-0.0596313
-0.0596329
-0.0596345
-0.0596362
-0.0596377
-0.0596392
-0.0596407
-0.0596421
-0.0596435
-0.0596449
-0.0596463
-0.0596477
-0.059649
-0.0596503
-0.0596515
-0.0596528
-0.059654
-0.0596552
-0.0596564
-0.0596576
-0.0596587
-0.0596598
-0.0596608
-0.0596619
-0.0596629
-0.0596639
-0.0596649
-0.0596658
-0.0596668
-0.0596677
-0.0596686
-0.0596696
-0.0596706
-0.0596715
-0.0596725
-0.0596735
-0.0596744
-0.0596754
-0.0596763
-0.0596773
-0.0596782
-0.0596792
-0.0596801
-0.059681
-0.0596819
-0.0596828
-0.0596837
-0.0596846
-0.0596855
-0.0596864
-0.0596873
-0.0596882
-0.0596892
-0.0596901
-0.059691
-0.059692
-0.0596929
-0.0596939
-0.0596948
-0.0596957
-0.0596966
-0.0596975
-0.0596984
-0.0596993
-0.0597002
-0.0597011
-0.059702
-0.0597029
-0.0597038
-0.0597047
-0.0597057
-0.0597066
-0.0597076
-0.0597086
-0.0597096
-0.0597106
-0.0597116
-0.0597127
-0.0597138
-0.0597149
-0.059716
-0.0597171
-0.0597182
-0.0597193
-0.0597204
-0.0597215
-0.0597226
-0.0597238
-0.0597249
-0.0597261
-0.0597272
-0.0597284
-0.0597296
-0.0597308
-0.059732
-0.0597333
-0.0597345
-0.0597358
-0.0597371
-0.0597384
-0.0597397
-0.059741
-0.0597423
-0.0597437
-0.0597451
-0.0597465
-0.0597479
-0.0597493
-0.0597508
-0.0597522
-0.0597537
-0.0597551
-0.0597566
-0.0597581
-0.0597597
-0.0597612
-0.0597627
-0.0597642
-0.0597657
-0.0597672
-0.0597687
-0.0597978
-0.0598245
-0.0598534
-0.0598806
-0.0599155
-0.0599424
-0.05997
-0.0600009
-0.0600278
-0.060058
-0.0600884
-0.0601192
-0.0601479
-0.0601813
-0.0602072
-0.0602397
-0.060274
-0.0603091
-0.0603441
-0.060375
-0.0604135
-0.0604471
-0.0604752
-0.0605113
-0.0605438
-0.0605712
-0.0606038
-0.0606305
-0.0606604
-0.0606824
-0.0607072
-0.0607361
-0.0607647
-0.0607917
-0.0608156
-0.060847
-0.0608739
-0.0608984
-0.0609231
-0.06095
-0.0609792
-0.0610035
-0.0610337
-0.061061
-0.061094
-0.0611247
-0.0611533
-0.0611844
-0.0612127
-0.0612462
-0.0612672
-0.0612906
-0.0613194
-0.0613411
-0.0613658
-0.0613904
-0.0614172
-0.0614421
-0.0614648
-0.061489
-0.0615037
-0.0615216
-0.0615386
-0.0615539
-0.0615712
-0.0615889
-0.0616044
-0.0616226
-0.0616401
-0.061658
-0.0616754
-0.0616932
-0.0617135
-0.0617337
-0.0617543
-0.0617742
-0.0617971
-0.0618106
-0.0618293
-0.0618468
-0.0618643
-0.0618899
-0.0619175
-0.0619347
-0.0619569
-0.0619762
-0.0619996
-0.0620136
-0.0620368
-0.0620546
-0.0620746
-0.0620991
-0.0621216
-0.0621518
-0.0621814
-0.0622083
-0.0622429
-0.0622726
-0.0623092
-0.0623428
-0.0623822
-0.0624207
-0.0624627
-0.0625087
-0.0625485
-0.0625929
-0.0626401
-0.0626896
-0.0627401
-0.0627887
-0.0628377
-0.0628872
-0.0629425
-0.0629882
-0.063042
-0.0630963
-0.0631482
-0.0632083
-0.0632666
-0.0633306
-0.0633899
-0.0634479
-0.0635042
-0.0635569
-0.0636125
-0.063664
-0.0637189
-0.0637691
-0.063828
-0.0638811
-0.0639317
-0.0639812
-0.0640301
-0.0640847
-0.064134
-0.0641874
-0.0642414
-0.0642918
-0.0643393
-0.0643822
-0.0644302
-0.0644717
-0.0645126
-0.064554
-0.0645976
-0.0646348
-0.0646748
-0.0647077
-0.0647377
-0.0647606
-0.0647892
-0.0648085
-0.0648261
-0.0648459
-0.0648609
-0.0648702
-0.0648741
-0.0648807
-0.0648776
-0.064881
-0.0648762
-0.0648663
-0.0648569
-0.0648493
-0.0648427
-0.0648346
-0.0648303
-0.064819
-0.0648118
-0.0648008
-0.0647881
-0.0647706
-0.0647524
-0.0647354
-0.0647107
-0.0646848
-0.0646536
-0.0646211
-0.0645889
-0.0645497
-0.0645098
-0.0644665
-0.0644148
-0.064363
-0.0643054
-0.0642449
-0.0641859
-0.0641217
-0.0640591
-0.0639937
-0.0639315
-0.0638598
-0.0637913
-0.0637283
-0.063654
-0.0635852
-0.0635215
-0.0634558
-0.0633946
-0.0633249
-0.0632631
-0.0631922
-0.0631319
-0.0630686
-0.063002
-0.0629445
-0.0628905
-0.0628434
-0.0627924
-0.0627476
-0.0627023
-0.0626577
-0.062617
-0.0625784
-0.0625393
-0.0625033
-0.0624713
-0.0624376
-0.0624024
-0.0623778
-0.0623501
-0.0623265
-0.0623071
-0.0622872
-0.0622716
-0.0622635
-0.0622526
-0.0622453
-0.0622415
-0.0622421
-0.0622425
-0.0622467
-0.0622488
-0.0622522
-0.0622533
-0.0622567
-0.062267
-0.062269
-0.0622783
-0.0622831
-0.0622857
-0.0622937
-0.062297
-0.0623003
-0.0623054
-0.0623088
-0.0623116
-0.0623192
-0.0623214
-0.0623221
-0.0623226
-0.0623236
-0.0623247
-0.062327
-0.0623267
-0.0623241
-0.0623211
-0.0623148
-0.0623084
-0.0623015
-0.0622879
-0.0622785
-0.0622685
-0.0622557
-0.0622382
-0.0622249
-0.0622043
-0.0621874
-0.062166
-0.0621488
-0.0621271
-0.0621095
-0.0620871
-0.062069
-0.0620462
-0.0620277
-0.0620041
-0.0619847
-0.0619607
-0.061938
-0.0619133
-0.061893
-0.0618727
-0.0618422
-0.0618186
-0.0617919
-0.0617606
-0.0617335
-0.0617039
-0.0616784
-0.0616432
-0.0616153
-0.0615868
-0.0615507
-0.0615142
-0.0614848
-0.061448
-0.0614181
-0.0613806
-0.0613457
-0.0613179
-0.061277
-0.0612414
-0.0612029
-0.061167
-0.0611301
-0.0610937
-0.0610618
-0.0610224
-0.060993
-0.0609635
-0.0609366
-0.0609095
-0.0608823
-0.0608599
-0.060838
-0.0608162
-0.0607913
-0.0607664
-0.0606834
-0.0606499
-0.0606212
-0.0605935
-0.0605657
-0.0605358
-0.0605134
-0.0604835
-0.0604637
-0.0604366
-0.060412
-0.0603922
-0.0603701
-0.0603451
-0.0603257
-0.0603033
-0.0602835
-0.0602651
-0.0602453
-0.060225
-0.0602049
-0.0601891
-0.0601687
-0.0601509
-0.0601346
-0.0601163
-0.0600995
-0.0600809
-0.0600661
-0.0600444
-0.0600292
-0.0600092
-0.059998
-0.0599833
-0.0599662
-0.0599504
-0.0599299
-0.0599165
-0.0599028
-0.0598855
-0.0598721
-0.0598582
-0.0598447
-0.0598311
-0.0598217
-0.0598074
-0.0597929
-0.0597859
-0.0597763
-0.0597609
-0.0597528
-0.0597408
-0.059733
-0.059717
-0.0597078
-0.0596988
-0.0596853
-0.0596766
-0.0596647
-0.0596552
-0.0596412
-0.0596312
-0.059621
-0.0596137
-0.0596036
-0.0595978
-0.0595868
-0.0595761
-0.0595656
-0.0595593
-0.0595485
-0.0595421
-0.0595308
-0.0595211
-0.0595143
-0.0595081
-0.0595022
-0.0594998
-0.0594931
-0.0594915
-0.0594856
-0.0594869
-0.0594808
-0.0594823
-0.0594809
-0.0594779
-0.0594784
-0.0594799
-0.0594806
-0.059488
-0.0594904
-0.0594902
-0.0594923
-0.0595001
-0.0595004
-0.0595039
-0.0595072
-0.0595109
-0.0595146
-0.059522
-0.0595267
-0.0595317
-0.0595391
-0.0595398
-0.0595451
-0.0595466
-0.0595483
-0.0595458
-0.0595482
-0.0595487
-0.0595465
-0.0595455
-0.0595468
-0.0595492
-0.059547
-0.0595456
-0.0595445
-0.0595393
-0.0595391
-0.0595344
-0.0595306
-0.0595267
-0.0595232
-0.0595204
-0.0595203
-0.0595136
-0.0595073
-0.0595015
-0.0594988
-0.0594937
-0.0594872
-0.0594769
-0.0594711
-0.0594616
-0.0594525
-0.0594465
-0.0594335
-0.0594239
-0.0594101
-0.0593963
-0.0593806
-0.0593679
-0.0593483
-0.0593333
-0.0593187
-0.0593006
-0.0592874
-0.0592723
-0.0592602
-0.0592482
-0.0592364
-0.0592286
-0.0592182
-0.0592121
-0.059201
-0.0591905
-0.0591804
-0.0591712
-0.0591647
-0.0591551
-0.0591451
-0.0591305
-0.0591202
-0.0591127
-0.059095
-0.0590844
-0.0590717
-0.0590567
-0.0590417
-0.0590284
-0.0590142
-0.0589972
-0.0589837
-0.0589631
-0.0589479
-0.0589281
-0.0589124
-0.0588898
-0.0588712
-0.0588529
-0.0588349
-0.0588142
-0.0588007
-0.0587838
-0.0587704
-0.0587538
-0.0587399
-0.058723
-0.0587088
-0.0586942
-0.0586821
-0.0586683
-0.0586588
-0.0586481
-0.0586408
-0.0586308
-0.0586248
-0.0586169
-0.0586111
-0.0585998
-0.058593
-0.0585913
-0.0585846
-0.0585818
-0.0585746
-0.058569
-0.0585608
-0.0585545
-0.0585463
-0.0585397
-0.058528
-0.058521
-0.058509
-0.058501
-0.058493
-0.0584849
-0.0584735
-0.0584665
-0.0584547
-0.058443
-0.0584355
-0.0584229
-0.0584147
-0.0584036
-0.0583955
-0.0583841
-0.0583767
-0.0583647
-0.0583573
-0.0583497
-0.0583446
-0.0583363
-0.0583324
-0.0583285
-0.0583243
-0.0583199
-0.0583153
-0.0583151
-0.0583146
-0.0583139
-0.0583129
-0.0583118
-0.0583105
-0.0583118
-0.0583147
-0.0583156
-0.0583164
-0.0583216
-0.058322
-0.0583268
-0.0583345
-0.0583391
-0.0583464
-0.0583507
-0.0583577
-0.0583691
-0.0583804
-0.0583916
-0.0584025
-0.0584164
-0.058427
-0.0584422
-0.05846
-0.0584748
-0.0584847
-0.0585019
-0.0585162
-0.0585331
-0.058547
-0.0585608
-0.0585726
-0.0585933
-0.0586092
-0.0586268
-0.0586424
-0.0586655
-0.0586806
-0.0586954
-0.0587149
-0.0587343
-0.0587534
-0.0587675
-0.0587857
-0.0588033
-0.0588215
-0.0588423
-0.0588559
-0.0588732
-0.0588906
-0.0589106
-0.0589229
-0.0589392
-0.0589574
-0.0589829
-0.0590035
-0.0590209
-0.0590414
-0.0590662
-0.059086
-0.0591082
-0.0591326
-0.0591566
-0.0591803
-0.0592079
-0.0592367
-0.0592698
-0.0592979
-0.0593333
-0.0593628
-0.0593956
-0.0594307
-0.0594631
-0.0594991
-0.059532
-0.0595623
-0.0595991
-0.0596351
-0.0596755
-0.0597111
-0.0597468
-0.0597872
-0.0598233
-0.0598672
-0.0599079
-0.0599469
-0.0599837
-0.0600189
-0.0600589
-0.0600945
-0.0601276
-0.0601587
-0.0601951
-0.0602274
-0.0602599
-0.0602958
-0.0603319
-0.0603642
-0.0603922
-0.0604251
-0.0604561
-0.0604876
-0.0605194
-0.0605471
-0.0605731
-0.0605997
-0.0606269
-0.060645
-0.0606635
-0.0606805
-0.0606983
-0.0607116
-0.0607205
-0.0607297
-0.0607376
-0.0607431
-0.0607472
-0.060749
-0.0607463
-0.0607473
-0.0607437
-0.0607382
-0.0607283
-0.0607143
-0.0607007
-0.0606829
-0.0606626
-0.0606375
-0.0606138
-0.0605825
-0.0605425
-0.0605081
-0.0604728
-0.060423
-0.0603812
-0.0603294
-0.0602822
-0.0602218
-0.0601687
-0.0601158
-0.0600612
-0.0600061
-0.0599365
-0.0598745
-0.0598047
-0.0597475
-0.0596782
-0.0596083
-0.0595309
-0.0594647
-0.0593921
-0.0593174
-0.0592444
-0.0591718
-0.059103
-0.0590342
-0.0589656
-0.0588921
-0.0588231
-0.058754
-0.0586891
-0.0586239
-0.0585634
-0.0585071
-0.058455
-0.0584029
-0.05836
-0.0583168
-0.0582776
-0.0582382
-0.0582034
-0.0581699
-0.0581433
-0.0581165
-0.0580971
-0.058079
-0.0580649
-0.0580507
-0.058041
-0.0580355
-0.0580295
-0.0580261
-0.0580241
-0.058022
-0.0580195
-0.0580167
-0.0580211
-0.0580177
-0.0580169
-0.0580159
-0.0580147
-0.0580089
-0.0580026
-0.0580035
-0.0579968
-0.0579929
-0.0579839
-0.0579794
-0.0579701
-0.0579606
-0.0579509
-0.0579364
-0.0579262
-0.0579112
-0.0578961
-0.0578836
-0.057868
-0.057852
-0.0578339
-0.0578174
-0.0577958
-0.0577813
-0.0577592
-0.0577394
-0.0577207
-0.0577
-0.0576763
-0.0576547
-0.0576343
-0.057612
-0.0575862
-0.0575597
-0.0575373
-0.0575144
-0.0574904
-0.0574635
-0.0574388
-0.0574179
-0.0573983
-0.0573774
-0.0573622
-0.057346
-0.0573328
-0.0573184
-0.0573109
-0.0572982
-0.0572961
-0.0572894
-0.0572874
-0.0572884
-0.0572946
-0.0573032
-0.057312
-0.0573266
-0.0573479
-0.0573731
-0.0573996
-0.0574323
-0.0574657
-0.0575043
-0.0575494
-0.0575953
-0.0576395
-0.057689
-0.0577468
-0.0578087
-0.0578724
-0.0579434
-0.0580122
-0.058082
-0.0581508
-0.0582234
-0.0583039
-0.0583932
-0.058475
-0.0585642
-0.0586498
-0.0587307
-0.0588178
-0.0589112
-0.058997
-0.0590818
-0.0591734
-0.0592595
-0.0593539
-0.059446
-0.0595494
-0.0596372
-0.0597335
-0.059825
-0.0599136
-0.0600069
-0.0600919
-0.0601853
-0.060272
-0.0603611
-0.0604468
-0.0605288
-0.0606079
-0.0606817
-0.0607543
-0.0608237
-0.0608898
-0.0609481
-0.0610026
-0.0610564
-0.0611069
-0.0611482
-0.0611841
-0.0612163
-0.0612524
-0.0612754
-0.0613019
-0.0613272
-0.0613437
-0.0613692
-0.0613832
-0.061394
-0.061407
-0.0614107
-0.0614169
-0.061408
-0.0614033
-0.0613847
-0.0613662
-0.0613476
-0.0613201
-0.0612884
-0.0612625
-0.0612256
-0.0611814
-0.0611406
-0.0610913
-0.0610328
-0.0609741
-0.0609095
-0.0608456
-0.0607753
-0.060709
-0.0606324
-0.0605533
-0.0604776
-0.0603982
-0.060314
-0.0602322
-0.060149
-0.0600744
-0.059998
-0.0599255
-0.0598473
-0.0597724
-0.0596918
-0.059617
-0.0595491
-0.0594833
-0.0594071
-0.05934
-0.0592723
-0.0592084
-0.0591435
-0.0590861
-0.0590317
-0.0589712
-0.0589208
-0.0588729
-0.0588225
-0.0587711
-0.0587234
-0.0586801
-0.0586375
-0.0585988
-0.0585613
-0.0585258
-0.0584912
-0.0584538
-0.058427
-0.0583969
-0.0583709
-0.0583481
-0.0583222
-0.0582987
-0.0582718
-0.0582515
-0.058232
-0.058219
-0.0581985
-0.0581843
-0.0581716
-0.0581566
-0.0581455
-0.0581315
-0.0581237
-0.0581154
-0.0581039
-0.0580991
-0.0580936
-0.0580876
-0.0580828
-0.058076
-0.0580771
-0.0580735
-0.058074
-0.0580738
-0.058073
-0.0580715
-0.0580693
-0.0580709
-0.0580678
-0.058068
-0.0580676
-0.0580684
-0.0580711
-0.0580701
-0.0580734
-0.0580784
-0.0580767
-0.058082
-0.0580875
-0.0580998
-0.0581062
-0.0581183
-0.0581322
-0.0581395
-0.058161
-0.0581778
-0.0582005
-0.0582229
-0.0582467
-0.0582757
-0.058304
-0.0583331
-0.0583732
-0.058417
-0.0584578
-0.0585014
-0.0585477
-0.058596
-0.0586497
-0.058702
-0.0587632
-0.0588221
-0.0588888
-0.0589548
-0.0590197
-0.0590869
-0.0591659
-0.0592398
-0.0593194
-0.0593947
-0.0594718
-0.0595608
-0.0596495
-0.059743
-0.0598355
-0.0599295
-0.0600271
-0.0601125
-0.0602087
-0.0603011
-0.0604035
-0.0605142
-0.0606112
-0.0607146
-0.0608165
-0.0609258
-0.0610335
-0.0611493
-0.0612647
-0.0613633
-0.0614795
-0.061596
-0.061712
-0.0618269
-0.0619364
-0.0620464
-0.0621605
-0.0622623
-0.0623681
-0.0624706
-0.0625666
-0.062659
-0.0627448
-0.0628301
-0.0629153
-0.0629952
-0.063072
-0.0631458
-0.0632071
-0.0632658
-0.0633186
-0.0633724
-0.0634179
-0.0634602
-0.0635022
-0.0635345
-0.0635607
-0.063592
-0.0636207
-0.063642
-0.0636631
-0.0636681
-0.0636705
-0.0636827
-0.0636762
-0.0636711
-0.0636571
-0.0636433
-0.0636199
-0.0635865
-0.0635431
-0.063508
-0.0634654
-0.0634135
-0.0633498
-0.0632928
-0.0632286
-0.0631476
-0.0630642
-0.0629989
-0.0629352
-0.062853
-0.0627691
-0.0626787
-0.06259
-0.0625216
-0.0624352
-0.0623489
-0.0622725
-0.0621954
-0.0621108
-0.0620232
-0.0619462
-0.0618709
-0.0618007
-0.061723
-0.0616486
-0.0615751
-0.0615011
-0.0614258
-0.0613548
-0.0612941
-0.0612315
-0.0611654
-0.0611171
-0.0610699
-0.0610233
-0.060996
-0.0609632
-0.0609306
-0.0609056
-0.060887
-0.0608666
-0.0608533
-0.0608433
-0.0608387
-0.0608405
-0.0608435
-0.0608514
-0.0608599
-0.0608738
-0.0608844
-0.0609002
-0.0609167
-0.0609239
-0.0609411
-0.0609657
-0.0609902
-0.06102
-0.0610469
-0.0610798
-0.0611192
-0.0611583
-0.0611968
-0.0612303
-0.0612635
-0.0613099
-0.0613516
-0.0613974
-0.0614366
-0.061478
-0.0615217
-0.0615651
-0.0616064
-0.0616431
-0.0616821
-0.0617164
-0.0617528
-0.0617913
-0.0618249
-0.0618583
-0.0618896
-0.0619183
-0.0619419
-0.061967
-0.0619875
-0.0620092
-0.0620303
-0.0620487
-0.0620637
-0.0620808
-0.0620983
-0.0621108
-0.0621287
-0.0621368
-0.0621502
-0.0621625
-0.0621732
-0.0621875
-0.0621981
-0.0622096
-0.0622174
-0.0622243
-0.0622394
-0.0622455
-0.0622531
-0.0622576
-0.062265
-0.0622687
-0.0622721
-0.0622808
-0.0622881
-0.0623051
-0.0623146
-0.0623299
-0.062349
-0.062369
-0.0623955
-0.0624288
-0.0624685
-0.0625164
-0.0625721
-0.0626205
-0.0626749
-0.0627329
-0.0627932
-0.0628604
-0.0629223
-0.0629915
-0.0630562
-0.0631315
-0.0632137
-0.0632924
-0.0633732
-0.0634519
-0.0635387
-0.0636245
-0.0637143
-0.0638027
-0.0638843
-0.0639709
-0.0640655
-0.0641588
-0.0642508
-0.0643412
-0.0644364
-0.0645333
-0.0646339
-0.0647337
-0.0648356
-0.0649327
-0.0650318
-0.0651308
-0.0652376
-0.0653321
-0.0654367
-0.0655336
-0.0656241
-0.0657156
-0.0658046
-0.0658881
-0.0659683
-0.0660406
-0.0661092
-0.0661695
-0.0662219
-0.066267
-0.0663101
-0.0663441
-0.0663745
-0.0663969
-0.0664161
-0.066431
-0.0664337
-0.0664348
-0.0664239
-0.0664075
-0.0663847
-0.0663565
-0.0663236
-0.0662833
-0.06624
-0.0661895
-0.0661322
-0.0660665
-0.0659953
-0.0659083
-0.0658201
-0.0657335
-0.065631
-0.0655316
-0.0654169
-0.0653056
-0.0651986
-0.0650821
-0.0649637
-0.0648463
-0.0647267
-0.0646157
-0.0645098
-0.0643943
-0.0642879
-0.0641802
-0.0640731
-0.0639651
-0.0638638
-0.0637674
-0.0636715
-0.0635833
-0.0635005
-0.0634259
-0.0633566
-0.0632836
-0.0632182
-0.0631532
-0.0630937
-0.0630351
-0.0629791
-0.0629195
-0.062868
-0.0628168
-0.0627767
-0.0627392
-0.0626935
-0.0626487
-0.0626099
-0.0625753
-0.0625507
-0.0625191
-0.0624884
-0.0624705
-0.0624545
-0.0624447
-0.0624307
-0.0624199
-0.0624132
-0.0624135
-0.0624162
-0.0624271
-0.0624434
-0.0624555
-0.0624724
-0.0624931
-0.0625298
-0.0625548
-0.0625802
-0.0626024
-0.0626385
-0.0626876
-0.0627244
-0.0627585
-0.0627867
-0.0628334
-0.0628741
-0.0629195
-0.0629612
-0.0630024
-0.0630536
-0.0631008
-0.0631546
-0.0632106
-0.0632652
-0.0633228
-0.0633796
-0.0634436
-0.0635064
-0.0635817
-0.0636513
-0.0637278
-0.0638026
-0.0638789
-0.0639698
-0.0640623
-0.0641542
-0.0642409
-0.0643371
-0.064453
-0.0645538
-0.0646622
-0.0647548
-0.0648449
-0.0649343
-0.0650318
-0.065124
-0.0652178
-0.0653095
-0.0654082
-0.0654991
-0.0655841
-0.0656641
-0.0657402
-0.0658214
-0.0658867
-0.0659583
-0.0660292
-0.0660911
-0.0661477
-0.066202
-0.0662504
-0.0663007
-0.0663388
-0.0663635
-0.0663909
-0.0664179
-0.0664298
-0.0664234
-0.0663964
-0.0663758
-0.0663422
-0.0663116
-0.0662571
-0.0662041
-0.0661331
-0.0660727
-0.0659901
-0.0658856
-0.0657906
-0.0656896
-0.0655883
-0.0654782
-0.065365
-0.0652487
-0.065125
-0.0650096
-0.0648935
-0.06477
-0.0646607
-0.0645522
-0.0644353
-0.0643255
-0.0642224
-0.0641203
-0.0640252
-0.0639303
-0.0638488
-0.0637678
-0.0636898
-0.0636189
-0.0635551
-0.0634859
-0.0634323
-0.0633761
-0.0633305
-0.0632863
-0.06325
-0.0632211
-0.0631932
-0.0631789
-0.0631676
-0.0631648
-0.0631631
-0.0631672
-0.0631795
-0.0631961
-0.063221
-0.0632469
-0.0632766
-0.0633058
-0.0633457
-0.0633875
-0.0634281
-0.0634703
-0.0635258
-0.0635807
-0.0636378
-0.0636989
-0.0637642
-0.0638261
-0.0638897
-0.0639657
-0.0640459
-0.0641253
-0.0642059
-0.0642794
-0.0643632
-0.064451
-0.0645331
-0.064624
-0.0647088
-0.0647982
-0.0648867
-0.0649653
-0.0650614
-0.0651521
-0.0652428
-0.0653437
-0.0654419
-0.0655468
-0.0656426
-0.0657358
-0.0658389
-0.0659394
-0.0660453
-0.0661456
-0.0662569
-0.066361
-0.0664685
-0.0665807
-0.0666863
-0.0667971
-0.0669093
-0.0670159
-0.0671294
-0.0672588
-0.0673845
-0.0675088
-0.0676148
-0.0677254
-0.067846
-0.0679678
-0.0680912
-0.0682107
-0.0683386
-0.0684653
-0.0685913
-0.0687005
-0.0688113
-0.0689186
-0.0690296
-0.0691344
-0.0692454
-0.069347
-0.0694397
-0.0695229
-0.0696019
-0.0696708
-0.0697305
-0.0697846
-0.0698388
-0.0698838
-0.0699251
-0.0699589
-0.0699803
-0.0699981
-0.0700105
-0.0700167
-0.0700117
-0.0699895
-0.0699762
-0.0699556
-0.0699267
-0.0698866
-0.0698294
-0.0697565
-0.0696817
-0.0696072
-0.0695209
-0.0694174
-0.0693164
-0.0692212
-0.0691059
-0.0689704
-0.0688325
-0.0687181
-0.0685795
-0.0684413
-0.0683178
-0.068183
-0.0680765
-0.0679568
-0.0678412
-0.0677336
-0.0676227
-0.0675242
-0.0674215
-0.0673333
-0.0672544
-0.0671794
-0.0671087
-0.0670443
-0.0669881
-0.0669436
-0.066903
-0.0668734
-0.0668453
-0.0668307
-0.0668205
-0.0668189
-0.0668291
-0.0668408
-0.0668489
-0.0668659
-0.0668921
-0.06692
-0.0669496
-0.0669909
-0.0670265
-0.0670689
-0.0671158
-0.0671672
-0.0672305
-0.0672957
-0.0673602
-0.0674238
-0.0674901
-0.0675584
-0.067634
-0.0677114
-0.0677886
-0.0678709
-0.0679479
-0.0680245
-0.0681116
-0.0682009
-0.0682868
-0.0683757
-0.068457
-0.068548
-0.0686314
-0.0687359
-0.0688177
-0.068897
-0.0689813
-0.0690771
-0.0691575
-0.0692449
-0.0693278
-0.0694119
-0.0695035
-0.0695951
-0.0696871
-0.0697607
-0.0698355
-0.0699222
-0.0700091
-0.0700918
-0.0701726
-0.070246
-0.07031
-0.0703748
-0.0704237
-0.0704738
-0.0705134
-0.0705431
-0.0705627
-0.070583
-0.0705859
-0.0705846
-0.0705757
-0.070555
-0.0705294
-0.0704916
-0.0704414
-0.0703864
-0.0703219
-0.0702472
-0.0701601
-0.0700608
-0.0699568
-0.0698541
-0.0697421
-0.06961
-0.0694685
-0.0693099
-0.0691581
-0.0689922
-0.0688112
-0.0686411
-0.0684356
-0.0682311
-0.0680434
-0.0678342
-0.0676249
-0.0674262
-0.0672164
-0.0669998
-0.0668032
-0.0665974
-0.0663949
-0.0662072
-0.0660195
-0.0658292
-0.0656611
-0.0654976
-0.065346
-0.0651938
-0.0650626
-0.0649385
-0.0648232
-0.0647213
-0.0646283
-0.0645386
-0.0644698
-0.0644117
-0.0643648
-0.0643283
-0.0643056
-0.0642909
-0.0642923
-0.064297
-0.0643103
-0.0643376
-0.064378
-0.0644219
-0.064472
-0.0645288
-0.0645941
-0.0646656
-0.0647412
-0.0648264
-0.0649218
-0.06502
-0.0651312
-0.0652422
-0.0653562
-0.0654877
-0.0656243
-0.0657616
-0.0659038
-0.0660632
-0.0662172
-0.0663795
-0.066542
-0.0667139
-0.0668875
-0.0670571
-0.0672418
-0.0674273
-0.0676083
-0.0678017
-0.0680086
-0.0682031
-0.0683719
-0.06856
-0.0687464
-0.0689317
-0.0691057
-0.0692916
-0.0694682
-0.0696307
-0.0697796
-0.0699324
-0.0700836
-0.0702328
-0.0703621
-0.0704827
-0.070594
-0.0706909
-0.0707781
-0.0708584
-0.0709239
-0.0709825
-0.0710251
-0.0710529
-0.071062
-0.0710691
-0.0710565
-0.0710156
-0.0709776
-0.0709163
-0.0708688
-0.0707859
-0.0706745
-0.0705587
-0.0704191
-0.0702826
-0.0701361
-0.069937
-0.0697401
-0.0695285
-0.0693188
-0.069089
-0.0688506
-0.0686023
-0.0683582
-0.0681144
-0.0678638
-0.067607
-0.0673639
-0.0671126
-0.0668765
-0.0666351
-0.0664169
-0.0662012
-0.0659944
-0.0657979
-0.065623
-0.0654542
-0.0652912
-0.0651451
-0.0650136
-0.0648948
-0.064806
-0.064727
-0.0646669
-0.0646212
-0.064587
-0.0645735
-0.0645786
-0.0646021
-0.0646393
-0.0646945
-0.0647659
-0.0648484
-0.0649411
-0.06505
-0.0651579
-0.0652799
-0.0654284
-0.0655766
-0.06574
-0.06591
-0.0660903
-0.0662686
-0.0664615
-0.0666677
-0.0668777
-0.0670935
-0.0673231
-0.067551
-0.0677973
-0.0680447
-0.0682974
-0.0685533
-0.0688094
-0.0690798
-0.0693472
-0.0696281
-0.0698995
-0.0701885
-0.0704666
-0.0707515
-0.0710356
-0.0713197
-0.0716055
-0.0718954
-0.072186
-0.0724429
-0.0726789
-0.0729037
-0.0731577
-0.0734013
-0.0736198
-0.0738402
-0.0740568
-0.0742467
-0.0744263
-0.0745784
-0.0747301
-0.074856
-0.0749775
-0.0750781
-0.075166
-0.0752315
-0.0752766
-0.0753063
-0.0753224
-0.0753142
-0.0752906
-0.075253
-0.0751986
-0.0751346
-0.0750529
-0.074959
-0.0748411
-0.0747083
-0.0745343
-0.0743642
-0.0741816
-0.0739616
-0.0737387
-0.0734954
-0.0732636
-0.0729956
-0.0727317
-0.0724706
-0.0722091
-0.0719657
-0.0717018
-0.0714261
-0.0711406
-0.0708357
-0.0705209
-0.0701811
-0.0698224
-0.0694457
-0.0690423
-0.0686305
-0.0682018
-0.0677716
-0.0673318
-0.0668818
-0.0664426
-0.065997
-0.0655797
-0.0651592
-0.0647582
-0.0643828
-0.0640447
-0.0637182
-0.0634326
-0.0631842
-0.0629352
-0.0627589
-0.0625856
-0.0624529
-0.0623436
-0.0622636
-0.0622146
-0.0621901
-0.0621843
-0.0622026
-0.062238
-0.0622998
-0.0623811
-0.0624724
-0.062584
-0.0627197
-0.0628631
-0.0630111
-0.0631796
-0.0633714
-0.0635614
-0.0637574
-0.0639567
-0.0641701
-0.0643958
-0.0646067
-0.0648309
-0.0650561
-0.0652821
-0.0654947
-0.0657357
-0.0659497
-0.0661709
-0.0663867
-0.066597
-0.0668042
-0.066989
-0.0671821
-0.0673688
-0.0675356
-0.0677157
-0.0678827
-0.0680288
-0.0681515
-0.0682732
-0.0683784
-0.0684831
-0.068568
-0.0686416
-0.0687063
-0.0687695
-0.0688217
-0.0688619
-0.0688857
-0.0689
-0.068906
-0.0689018
-0.0688863
-0.0688612
-0.0688359
-0.0687958
-0.0687362
-0.0686742
-0.0685969
-0.0685198
-0.0684307
-0.0683018
-0.06817
-0.0680358
-0.0679003
-0.0677393
-0.0675682
-0.0673955
-0.0672119
-0.0670168
-0.0668077
-0.0666025
-0.0663978
-0.0661793
-0.0659678
-0.0657386
-0.0655227
-0.0653045
-0.0650801
-0.0648641
-0.0646426
-0.0644395
-0.0642433
-0.0640482
-0.0638804
-0.0637034
-0.0635368
-0.063381
-0.0632434
-0.0631229
-0.0630125
-0.0629075
-0.0628193
-0.0627521
-0.062697
-0.0626561
-0.062634
-0.0626263
-0.0626306
-0.0626543
-0.0626926
-0.0627365
-0.062802
-0.0628783
-0.0629624
-0.0630524
-0.0631575
-0.0632689
-0.0633966
-0.0635376
-0.063683
-0.0638327
-0.0639963
-0.0641717
-0.0643539
-0.0645387
-0.0647466
-0.06495
-0.0651603
-0.0653761
-0.0655961
-0.0658222
-0.0660586
-0.0662837
-0.0665278
-0.0667727
-0.0670086
-0.0672567
-0.0675016
-0.0677451
-0.0679814
-0.0682154
-0.0684399
-0.0686703
-0.0688901
-0.0690987
-0.0693134
-0.0695223
-0.0697048
-0.0698684
-0.0700305
-0.0701741
-0.0703133
-0.0704431
-0.0705514
-0.0706477
-0.0707326
-0.0708009
-0.0708515
-0.0708906
-0.0709149
-0.0709271
-0.070931
-0.0709223
-0.0709053
-0.0708717
-0.0708251
-0.0707624
-0.0706928
-0.0706256
-0.0705336
-0.0704271
-0.0703139
-0.0701814
-0.0700413
-0.0698907
-0.0697207
-0.0695375
-0.0693496
-0.0691683
-0.0689659
-0.0687533
-0.0685366
-0.0683137
-0.0680967
-0.0678629
-0.0676426
-0.0674163
-0.0672146
-0.0669954
-0.0667926
-0.066589
-0.0663891
-0.0662103
-0.0660363
-0.0658786
-0.0657061
-0.0655567
-0.0654281
-0.065303
-0.0651917
-0.0650871
-0.0649956
-0.0649194
-0.0648524
-0.0647964
-0.0647651
-0.0647426
-0.0647391
-0.0647457
-0.0647712
-0.0648047
-0.0648509
-0.0649074
-0.0649743
-0.0650491
-0.0651393
-0.0652287
-0.0653338
-0.0654448
-0.0655715
-0.0657111
-0.0658599
-0.0660016
-0.0661591
-0.0663233
-0.0664899
-0.0666733
-0.066866
-0.0670528
-0.0672522
-0.067449
-0.0676492
-0.0678598
-0.0680683
-0.068276
-0.0684802
-0.0686864
-0.0689138
-0.0691255
-0.0693294
-0.069539
-0.069744
-0.0699467
-0.0701404
-0.0703233
-0.0705131
-0.0707012
-0.0708542
-0.0710212
-0.0711844
-0.0713319
-0.0714881
-0.0716228
-0.0717384
-0.0718311
-0.071922
-0.0720186
-0.0721122
-0.0722039
-0.0722805
-0.0723376
-0.0723798
-0.0724172
-0.0724398
-0.0724447
-0.072435
-0.0724121
-0.0723799
-0.0723273
-0.0722646
-0.0721872
-0.0721006
-0.0719985
-0.0718715
-0.0717322
-0.0715806
-0.071438
-0.0712656
-0.0710691
-0.0708532
-0.0706382
-0.0704092
-0.0701846
-0.0699176
-0.0696401
-0.0693683
-0.0690725
-0.0687799
-0.0684694
-0.0681618
-0.0678375
-0.0675281
-0.0672007
-0.0668766
-0.0665453
-0.0662245
-0.0659027
-0.0655845
-0.0652788
-0.0649788
-0.0646911
-0.0644036
-0.0641353
-0.0638759
-0.0636185
-0.0633796
-0.0631585
-0.0629505
-0.0627445
-0.0625674
-0.0623913
-0.0622399
-0.0620955
-0.0619634
-0.0618554
-0.061764
-0.0616899
-0.0616313
-0.0615847
-0.0615555
-0.061536
-0.0615312
-0.0615412
-0.0615623
-0.0616033
-0.0616579
-0.0617132
-0.0617818
-0.0618606
-0.0619392
-0.0620362
-0.0621412
-0.0622594
-0.0623823
-0.0625049
-0.0626563
-0.0628019
-0.0629526
-0.0631276
-0.0632999
-0.0634758
-0.0636533
-0.0638365
-0.0640357
-0.0642401
-0.0644343
-0.0646349
-0.0648269
-0.0650356
-0.0652407
-0.0654445
-0.0656521
-0.0658405
-0.0660432
-0.0662351
-0.0664394
-0.066653
-0.0668233
-0.0669936
-0.0671706
-0.0673289
-0.0674991
-0.0676492
-0.0677911
-0.0679078
-0.0680368
-0.068159
-0.0682639
-0.0683549
-0.0684365
-0.068512
-0.0685702
-0.0686165
-0.0686568
-0.0686824
-0.0686987
-0.0687059
-0.0687036
-0.0686906
-0.0686731
-0.0686408
-0.0686038
-0.0685555
-0.0684907
-0.0684269
-0.0683435
-0.0682405
-0.0681368
-0.068027
-0.0679288
-0.0677973
-0.0676422
-0.0674902
-0.0673374
-0.0671759
-0.0670042
-0.0668221
-0.0666162
-0.0664509
-0.0662495
-0.0660361
-0.0658315
-0.0656148
-0.0654045
-0.0651872
-0.0649934
-0.0647792
-0.0645598
-0.0643587
-0.0641633
-0.0639772
-0.0637962
-0.0636191
-0.0634533
-0.0632848
-0.0631272
-0.0629835
-0.0628578
-0.0627309
-0.0626102
-0.0625069
-0.0624168
-0.062337
-0.0622606
-0.0622015
-0.0621552
-0.06212
-0.0620975
-0.0620906
-0.0620897
-0.0621017
-0.0621274
-0.0621565
-0.0622043
-0.0622537
-0.0623141
-0.0623863
-0.0624698
-0.0625618
-0.062666
-0.0627823
-0.0628952
-0.0630295
-0.063168
-0.0633185
-0.0634635
-0.0636305
-0.0638022
-0.0639791
-0.0641638
-0.0643655
-0.0645661
-0.0647685
-0.0649811
-0.0651921
-0.0654035
-0.0656202
-0.0658307
-0.0660603
-0.0662801
-0.0664931
-0.0667206
-0.0669437
-0.0671628
-0.0674015
-0.0676079
-0.067797
-0.0679896
-0.0681837
-0.0683661
-0.0685495
-0.0687342
-0.0688912
-0.0690331
-0.069179
-0.0693153
-0.0694424
-0.0695459
-0.0696297
-0.069709
-0.0697755
-0.0698272
-0.0698636
-0.069885
-0.0698887
-0.0698876
-0.0698632
-0.069829
-0.069777
-0.0697207
-0.0696489
-0.0695571
-0.0694454
-0.0693294
-0.0692067
-0.0690848
-0.0689347
-0.068765
-0.0685833
-0.0684001
-0.0682022
-0.0680026
-0.0677913
-0.0675482
-0.0673058
-0.0670619
-0.0668121
-0.0665914
-0.0663428
-0.0661009
-0.0658459
-0.0655836
-0.0653481
-0.0650891
-0.0648545
-0.0645984
-0.0643528
-0.0641047
-0.0638737
-0.0636422
-0.0634201
-0.0631978
-0.0629941
-0.0627951
-0.0626124
-0.0624317
-0.0622741
-0.0621229
-0.06198
-0.0618509
-0.0617396
-0.0616363
-0.0615422
-0.0614685
-0.0614113
-0.0613671
-0.0613415
-0.0613267
-0.0613229
-0.0613357
-0.0613624
-0.0614002
-0.0614425
-0.0615006
-0.0615727
-0.0616562
-0.061752
-0.0618591
-0.0619662
-0.0621083
-0.0622416
-0.0623873
-0.0625348
-0.0626953
-0.0628674
-0.0630435
-0.0632348
-0.0634282
-0.0636196
-0.0638299
-0.0640298
-0.0642418
-0.0644564
-0.0646649
-0.0648847
-0.0650999
-0.0653146
-0.0655406
-0.0657655
-0.0659519
-0.0661475
-0.066337
-0.0665149
-0.0667072
-0.0668852
-0.0670466
-0.0671934
-0.0673367
-0.0674839
-0.0676008
-0.0677132
-0.0678031
-0.0678907
-0.0679669
-0.0680233
-0.0680721
-0.0681039
-0.0681285
-0.0681434
-0.068149
-0.0681429
-0.0681239
-0.0680871
-0.068038
-0.0679716
-0.0678869
-0.0678049
-0.0676919
-0.0675679
-0.0674371
-0.0673152
-0.0671629
-0.066981
-0.0668004
-0.0666105
-0.0664174
-0.0662261
-0.0659918
-0.0657569
-0.0655367
-0.0652884
-0.0650489
-0.0648014
-0.0645597
-0.0643091
-0.0640531
-0.0638027
-0.0635485
-0.0633168
-0.0630769
-0.0628435
-0.0626148
-0.0623911
-0.0621756
-0.0619626
-0.0617541
-0.061564
-0.0613828
-0.0611979
-0.0610292
-0.0608764
-0.0607293
-0.0605933
-0.0604682
-0.0603513
-0.0602455
-0.06016
-0.0600823
-0.0600186
-0.0599674
-0.0599251
-0.0599013
-0.0598884
-0.0598816
-0.0598858
-0.0599007
-0.0599278
-0.0599708
-0.0600274
-0.0600884
-0.0601509
-0.0602295
-0.0603109
-0.0604061
-0.0605163
-0.0606296
-0.0607542
-0.0608747
-0.0610177
-0.0611644
-0.0613241
-0.0614812
-0.061658
-0.0618399
-0.062009
-0.0622013
-0.0623932
-0.0625819
-0.0627786
-0.0629838
-0.0631768
-0.0633839
-0.0635866
-0.0637886
-0.0639712
-0.0641494
-0.0643342
-0.0645174
-0.0647023
-0.0648545
-0.0650377
-0.0651951
-0.0653552
-0.0654856
-0.0656106
-0.0657207
-0.0658364
-0.0659429
-0.0660354
-0.0661115
-0.0661829
-0.0662427
-0.0662956
-0.0663394
-0.0663634
-0.0663783
-0.0663784
-0.0663691
-0.0663446
-0.0663088
-0.0662693
-0.0662152
-0.0661464
-0.0660604
-0.0659734
-0.06587
-0.0657726
-0.0656341
-0.0654763
-0.0653115
-0.0651515
-0.0649798
-0.0647939
-0.0646089
-0.0644172
-0.0642164
-0.0640117
-0.0637967
-0.0635917
-0.0633791
-0.0631661
-0.0629604
-0.0627425
-0.0625369
-0.0623327
-0.0621268
-0.0619348
-0.0617499
-0.0615646
-0.0613884
-0.0612302
-0.0610665
-0.0609182
-0.0607717
-0.060643
-0.0605197
-0.0604028
-0.0602942
-0.0602014
-0.0601149
-0.0600381
-0.0599724
-0.0599176
-0.0598813
-0.0598483
-0.0598292
-0.059821
-0.0598313
-0.0598508
-0.0598737
-0.0599084
-0.0599511
-0.0600003
-0.0600605
-0.0601222
-0.0602026
-0.0602975
-0.0604018
-0.0605078
-0.0606223
-0.0607484
-0.060889
-0.0610221
-0.0611748
-0.0613372
-0.0614974
-0.0616678
-0.0618532
-0.062021
-0.0621851
-0.0623853
-0.0625754
-0.0627695
-0.0629681
-0.0631671
-0.0633719
-0.0635783
-0.0637729
-0.0639739
-0.0641685
-0.0643598
-0.0645556
-0.0647638
-0.0649431
-0.0651135
-0.0652654
-0.0654108
-0.0655679
-0.0657156
-0.0658629
-0.065998
-0.0661329
-0.066248
-0.0663486
-0.0664455
-0.0665172
-0.066585
-0.0666379
-0.0666872
-0.0667245
-0.0667439
-0.0667625
-0.066772
-0.066764
-0.0667498
-0.0667103
-0.0666607
-0.0665881
-0.0665119
-0.0664375
-0.0663405
-0.0662356
-0.0661242
-0.0659902
-0.0658347
-0.0656769
-0.0655208
-0.0653554
-0.0651825
-0.065
-0.0648216
-0.0646433
-0.0644476
-0.0642542
-0.0640638
-0.0638748
-0.063698
-0.0635158
-0.0633329
-0.0631574
-0.0629881
-0.0628213
-0.062661
-0.0625145
-0.0623616
-0.0622233
-0.0620929
-0.0619738
-0.0618557
-0.0617509
-0.0616545
-0.0615617
-0.0614819
-0.0614179
-0.0613576
-0.0613008
-0.0612579
-0.061226
-0.0611975
-0.0611829
-0.0611794
-0.061185
-0.0611894
-0.0612077
-0.06124
-0.0612785
-0.0613262
-0.0613804
-0.0614411
-0.0615062
-0.0615748
-0.0616626
-0.0617619
-0.06186
-0.0619709
-0.062084
-0.0622211
-0.0623639
-0.0625066
-0.0626576
-0.0628194
-0.0629823
-0.0631404
-0.0633139
-0.063491
-0.0636639
-0.0638454
-0.0640327
-0.06421
-0.0643917
-0.0645712
-0.0647496
-0.0649226
-0.0651018
-0.0652722
-0.0654361
-0.0655888
-0.0657585
-0.0659224
-0.0660646
-0.0661926
-0.0663063
-0.0664183
-0.0665242
-0.0666158
-0.0667006
-0.0667709
-0.0668318
-0.0668834
-0.0669122
-0.0669397
-0.0669523
-0.0669532
-0.0669442
-0.0669262
-0.066899
-0.0668574
-0.066822
-0.0667612
-0.0666755
-0.0665837
-0.0664719
-0.0663769
-0.0662508
-0.066123
-0.0659886
-0.0658555
-0.0657153
-0.0655679
-0.0654232
-0.0652743
-0.0651129
-0.0649556
-0.0648098
-0.064646
-0.064505
-0.0643478
-0.0641859
-0.0640386
-0.0638894
-0.0637536
-0.0636056
-0.0634623
-0.063346
-0.0632175
-0.0631042
-0.0629859
-0.0628713
-0.0627653
-0.0626723
-0.0625877
-0.0625096
-0.0624399
-0.0623859
-0.0623356
-0.0622944
-0.062269
-0.0622444
-0.0622261
-0.0622162
-0.0622144
-0.0622218
-0.0622432
-0.0622756
-0.0623176
-0.062368
-0.0624278
-0.0624968
-0.0625775
-0.06267
-0.0627663
-0.0628694
-0.0629854
-0.0631139
-0.0632611
-0.0634055
-0.0635674
-0.0637273
-0.0638878
-0.0640696
-0.064263
-0.0644474
-0.064648
-0.0648473
-0.0650404
-0.0652481
-0.0654577
-0.0656557
-0.065873
-0.0660849
-0.0662802
-0.0664594
-0.0666425
-0.066825
-0.0669961
-0.0671665
-0.0673301
-0.0674845
-0.0676244
-0.0677388
-0.0678522
-0.0679483
-0.0680265
-0.0681033
-0.0681705
-0.0682199
-0.0682597
-0.0682949
-0.0683261
-0.068334
-0.0683402
-0.0683257
-0.0682907
-0.0682593
-0.0682119
-0.0681609
-0.0680954
-0.0680167
-0.0679365
-0.0678597
-0.0677619
-0.0676284
-0.0675004
-0.0673807
-0.0672485
-0.0671189
-0.0669817
-0.0668418
-0.0667017
-0.0665513
-0.0664263
-0.066289
-0.0661582
-0.0660265
-0.0659015
-0.0657826
-0.0656594
-0.0655494
-0.0654342
-0.065328
-0.0652185
-0.065118
-0.0650141
-0.064924
-0.0648309
-0.064744
-0.0646658
-0.0645945
-0.0645345
-0.0644786
-0.0644344
-0.0643939
-0.0643548
-0.0643323
-0.0643135
-0.0643068
-0.0643143
-0.0643286
-0.0643539
-0.0643827
-0.0644219
-0.0644601
-0.0645082
-0.0645758
-0.064658
-0.0647448
-0.0648363
-0.0649389
-0.0650586
-0.0651859
-0.0653136
-0.0654495
-0.0655957
-0.0657451
-0.0658959
-0.0660603
-0.0662281
-0.0663915
-0.0665481
-0.0667102
-0.0668843
-0.0670224
-0.0671634
-0.0673083
-0.0674368
-0.0675738
-0.0676866
-0.0678103
-0.0679298
-0.0680297
-0.0681362
-0.0682198
-0.0682887
-0.0683425
-0.0683867
-0.0684241
-0.0684517
-0.0684673
-0.0684701
-0.068458
-0.0684365
-0.0684026
-0.0683618
-0.0683002
-0.0682372
-0.0681665
-0.0680793
-0.0679952
-0.0678961
-0.0677996
-0.0676678
-0.0675208
-0.0673827
-0.0672473
-0.0670971
-0.0669499
-0.0668076
-0.0666582
-0.0664926
-0.0663403
-0.0661875
-0.0660454
-0.065895
-0.0657642
-0.0656307
-0.065494
-0.0653671
-0.0652417
-0.0651253
-0.0650107
-0.0649078
-0.0647995
-0.0647052
-0.0646058
-0.0645154
-0.0644292
-0.0643498
-0.0642798
-0.0642187
-0.0641568
-0.0641045
-0.0640616
-0.0640252
-0.0639957
-0.0639679
-0.0639524
-0.0639461
-0.0639416
-0.0639494
-0.0639563
-0.0639701
-0.0639936
-0.0640241
-0.064044
-0.0640811
-0.0641143
-0.064161
-0.0642056
-0.0642526
-0.0643094
-0.0643712
-0.0644332
-0.064503
-0.0645728
-0.0646379
-0.0646944
-0.0647625
-0.0648366
-0.0648913
-0.0649586
-0.0650194
-0.0650752
-0.0651342
-0.0651965
-0.0652568
-0.0653074
-0.065351
-0.0653928
-0.0654326
-0.0654625
-0.0654853
-0.0655035
-0.0655121
-0.0655212
-0.0655179
-0.0655126
-0.0655002
-0.0654806
-0.065456
-0.0654293
-0.0654006
-0.0653651
-0.0653649
-0.0653648
-0.0653646
-0.0653645
-0.0653644
-0.0653643
-0.0653643
-0.0653643
-0.0653643
-0.0653644
-0.0653644
-0.0653644
-0.0653645
-0.0653646
-0.0653647
-0.0653648
-0.065365
-0.0653652
-0.0653654
-0.0653656
-0.0653658
-0.065366
-0.0653663
-0.0653665
-0.0653668
-0.0653671
-0.0653673
-0.0653676
-0.0653678
-0.065368
-0.0653682
-0.0653683
-0.0653685
-0.0653687
-0.0653688
-0.0653689
-0.065369
-0.0653691
-0.0653692
-0.0653693
-0.0653694
-0.0653695
-0.0653696
-0.0653698
-0.06537
-0.0653701
-0.0653702
-0.0653703
-0.0653703
-0.0653704
-0.0653704
-0.0653705
-0.0653705
-0.0653706
-0.0653706
-0.0653707
-0.0653708
-0.065371
-0.0653711
-0.0653712
-0.0653714
-0.0653717
-0.0653719
-0.0653722
-0.0653726
-0.065373
-0.0653734
-0.0653739
-0.0653743
-0.0653748
-0.0653754
-0.065376
-0.0653767
-0.0653775
-0.0653782
-0.065379
-0.0653797
-0.0653805
-0.0653812
-0.0653819
-0.0653825
-0.0653832
-0.0653839
-0.0653845
-0.0653852
-0.0653858
-0.0653864
-0.065387
-0.0653876
-0.0653883
-0.065389
-0.0653897
-0.0653905
-0.0653912
-0.065392
-0.0653928
-0.0653935
-0.0653943
-0.065395
-0.0653958
-0.0653965
-0.0653972
-0.065398
-0.0653987
-0.0653994
-0.0654001
-0.0654008
-0.0654015
-0.0654022
-0.065403
-0.0654037
-0.0654045
-0.0654052
-0.065406
-0.0654067
-0.0654075
-0.0654083
-0.0654091
-0.0654099
-0.0654108
-0.0654117
-0.0654126
-0.0654135
-0.0654144
-0.0654153
-0.0654162
-0.065417
-0.0654179
-0.0654187
-0.0654194
-0.0654201
-0.0654208
-0.0654215
-0.0654222
-0.0654229
-0.0654236
-0.0654243
-0.0654251
-0.0654258
-0.0654266
-0.0654273
-0.0654281
-0.0654288
-0.0654294
-0.0654301
-0.0654307
-0.0654313
-0.0654319
-0.0654327
-0.0654334
-0.0654342
-0.0654349
-0.0654356
-0.0654363
-0.0654371
-0.0654378
-0.0654384
-0.0654391
-0.0654397
-0.0654403
-0.0654409
-0.0654415
-0.0654421
-0.0654426
-0.0654431
-0.0654437
-0.0654442
-0.0654446
-0.0654449
-0.0654453
-0.0654456
-0.0654459
-0.0654462
-0.0654464
-0.0654467
-0.0654469
-0.0654472
-0.0654474
-0.0654476
-0.0654479
-0.0654481
-0.0654484
-0.0654486
-0.0654489
-0.0654491
-0.0654494
-0.0654496
-0.0654498
-0.0654501
-0.0654504
-0.0654506
-0.0654509
-0.0654512
-0.0654515
-0.0654517
-0.065452
-0.0654523
-0.0654526
-0.065453
-0.0654532
-0.0654535
-0.0654538
-0.065454
-0.0654543
-0.0654545
-0.0654548
-0.0654551
-0.0654553
-0.0654556
-0.065456
-0.0654563
-0.0654567
-0.065457
-0.0654573
-0.0654576
-0.065458
-0.0654584
-0.0654587
-0.0654591
-0.0654594
-0.0654598
-0.0654602
-0.0654605
-0.0654609
-0.0654614
-0.0654619
-0.0654623
-0.0654628
-0.0654633
-0.0654639
-0.0654644
-0.0654649
-0.0654654
-0.0654659
-0.0654664
-0.0654669
-0.0654674
-0.0654678
-0.0654683
-0.0654688
-0.0654693
-0.0654698
-0.0654703
-0.0654708
-0.0654712
-0.0654717
-0.0654721
-0.0654726
-0.065473
-0.0654735
-0.0654739
-0.0654744
-0.0654748
-0.0654753
-0.0654758
-0.0654763
-0.0654768
-0.0654772
-0.0654776
-0.065478
-0.0654784
-0.0654788
-0.0654792
-0.0654796
-0.0654799
-0.0654802
-0.0654806
-0.0654809
-0.0654812
-0.0654815
-0.0654818
-0.065482
-0.0654823
-0.0654826
-0.0654829
-0.0654832
-0.0654836
-0.0654839
-0.0654841
-0.0654843
-0.0654845
-0.0654848
-0.065485
-0.0654852
-0.0654853
-0.0654855
-0.0654856
-0.0654858
-0.0654859
-0.065486
-0.065486
-0.065486
-0.065486
-0.065486
-0.065486
-0.065486
-0.0654859
-0.0654858
-0.0654858
-0.0654857
-0.0654857
-0.0654858
-0.0654858
-0.0654859
-0.065486
-0.0654861
-0.0654861
-0.0654862
-0.0654863
-0.0654864
-0.0654865
-0.0654866
-0.0654867
-0.0654868
-0.0654868
-0.0654869
-0.0654869
-0.0654869
-0.0654869
-0.0654869
-0.0654869
-0.0654869
-0.0654869
-0.0654869
-0.0654869
-0.0654869
-0.0654869
-0.0654869
-0.0654869
-0.0654869
-0.0654869
-0.0654869
-0.0654868
-0.0654867
-0.0654866
-0.0654865
-0.0654863
-0.0654861
-0.065486
-0.0654858
-0.0654857
-0.0654856
-0.0654855
-0.0654854
-0.0654853
-0.0654853
-0.0654853
-0.0654853
-0.0654853
-0.0654854
-0.0654855
-0.0654856
-0.0654858
-0.0654859
-0.0654861
-0.0654863
-0.0654865
-0.0654866
-0.0654868
-0.065487
-0.0654873
-0.0654875
-0.0654876
-0.0654878
-0.0654879
-0.0654881
-0.0654882
-0.0654883
-0.0654884
-0.0654885
-0.0654886
-0.0654887
-0.0654888
-0.0654889
-0.0654891
-0.0654892
-0.0654893
-0.0654894
-0.0654895
-0.0654896
-0.0654897
-0.0654899
-0.06549
-0.0654901
-0.0654903
-0.0654904
-0.0654904
-0.0654905
-0.0654905
-0.0654905
-0.0654904
-0.0654904
-0.0654904
-0.0654904
-0.0654903
-0.0654903
-0.0654904
-0.0654904
-0.0654905
-0.0654905
-0.0654905
-0.0654905
-0.0654905
-0.0654905
-0.0654904
-0.0654904
-0.0654903
-0.0654903
-0.0654902
-0.0654901
-0.06549
-0.0654899
-0.0654897
-0.0654896
-0.0654894
-0.0654893
-0.0654892
-0.065489
-0.0654889
-0.0654889
-0.0654888
-0.0654886
-0.0654885
-0.0654883
-0.0654881
-0.0654879
-0.0654877
-0.0654875
-0.0654873
-0.0654871
-0.0654869
-0.0654866
-0.0654864
-0.0654861
-0.0654859
-0.0654857
-0.0654854
-0.0654851
-0.0654849
-0.0654846
-0.0654844
-0.0654842
-0.065484
-0.0654838
-0.0654835
-0.0654832
-0.0654829
-0.0654826
-0.0654824
-0.0654821
-0.0654818
-0.0654816
-0.0654814
-0.0654812
-0.065481
-0.0654808
-0.0654806
-0.0654805
-0.0654804
-0.0654802
-0.0654801
-0.0654799
-0.0654797
-0.0654795
-0.0654793
-0.0654791
-0.0654789
-0.0654786
-0.0654784
-0.065478
-0.0654777
-0.0654775
-0.0654772
-0.065477
-0.0654767
-0.0654765
-0.0654762
-0.065476
-0.0654757
-0.0654754
-0.0654752
-0.0654749
-0.0654746
-0.0654743
-0.0654741
-0.0654739
-0.0654736
-0.0654733
-0.0654731
-0.0654728
-0.0654725
-0.0654722
-0.0654719
-0.0654716
-0.0654712
-0.0654709
-0.0654705
-0.0654702
-0.0654699
-0.0654695
-0.0654692
-0.0654688
-0.0654685
-0.0654681
-0.0654677
-0.0654673
-0.0654669
-0.0654665
-0.0654661
-0.0654657
-0.0654653
-0.0654649
-0.0654644
-0.065464
-0.0654636
-0.0654632
-0.0654627
-0.0654623
-0.0654618
-0.0654614
-0.065461
-0.0654606
-0.0654602
-0.0654599
-0.0654596
-0.0654593
-0.065459
-0.0654587
-0.0654584
-0.0654581
-0.0654578
-0.0654575
-0.0654572
-0.065457
-0.0654567
-0.0654565
-0.0654562
-0.0654559
-0.0654557
-0.0654554
-0.0654551
-0.0654549
-0.0654546
-0.0654543
-0.0654541
-0.0654538
-0.0654535
-0.0654533
-0.065453
-0.0654528
-0.0654525
-0.0654523
-0.0654521
-0.0654519
-0.0654517
-0.0654516
-0.0654514
-0.0654512
-0.0654511
-0.065451
-0.0654508
-0.0654507
-0.0654505
-0.0654503
-0.0654501
-0.0654499
-0.0654497
-0.0654495
-0.0654494
-0.0654492
-0.0654491
-0.0654489
-0.0654488
-0.0654488
-0.0654487
-0.0654487
-0.0654487
-0.0654487
-0.0654487
-0.0654487
-0.0654488
-0.0654489
-0.065449
-0.0654491
-0.0654492
-0.0654494
-0.0654495
-0.0654497
-0.0654499
-0.0654501
-0.0654503
-0.0654505
-0.0654506
-0.0654508
-0.0654509
-0.0654511
-0.0654513
-0.0654514
-0.0654516
-0.0654519
-0.0654521
-0.0654524
-0.0654526
-0.0654529
-0.0654533
-0.0654537
-0.0654541
-0.0654545
-0.0654549
-0.0654554
-0.0654558
-0.0654562
-0.0654566
-0.0654571
-0.0654575
-0.0654579
-0.0654582
-0.0654586
-0.0654591
-0.0654595
-0.0654599
-0.0654603
-0.0654607
-0.065461
-0.0654613
-0.0654616
-0.0654619
-0.0654622
-0.0654624
-0.0654627
-0.0654629
-0.0654631
-0.0654633
-0.0654635
-0.0654636
-0.0654637
-0.0654638
-0.0654639
-0.0654639
-0.065464
-0.065464
-0.065464
-0.065464
-0.0654639
-0.0654639
-0.0654638
-0.0654636
-0.0654635
-0.0654633
-0.0654632
-0.0654631
-0.0654629
-0.0654628
-0.0654627
-0.0654626
-0.0654625
-0.0654624
-0.0654623
-0.0654622
-0.0654622
-0.0654621
-0.0654622
-0.0654622
-0.0654623
-0.0654624
-0.0654626
-0.0654627
-0.0654629
-0.065463
-0.0654631
-0.0654633
-0.0654634
-0.0654635
-0.0654636
-0.0654637
-0.0654638
-0.0654639
-0.065464
-0.0654641
-0.0654643
-0.0654644
-0.0654645
-0.0654646
-0.0654647
-0.0654648
-0.065465
-0.0654651
-0.0654652
-0.0654653
-0.0654654
-0.0654656
-0.0654657
