-0.0580937
-0.0580937
-0.0580937
-0.0580938
-0.0580938
-0.0580939
-0.058094
-0.0580941
-0.0580942
-0.0580942
-0.0580943
-0.0580943
-0.0580943
-0.0580942
-0.0580942
-0.0580941
-0.058094
-0.0580939
-0.0580938
-0.0580937
-0.0580936
-0.0580935
-0.0580933
-0.0580932
-0.058093
-0.0580929
-0.0580928
-0.0580926
-0.0580924
-0.0580922
-0.0580921
-0.0580919
-0.0580918
-0.0580917
-0.0580916
-0.0580915
-0.0580915
-0.0580915
-0.0580915
-0.0580915
-0.0580916
-0.0580917
-0.0580918
-0.058092
-0.0580923
-0.0580927
-0.0580931
-0.0580936
-0.0580941
-0.0580947
-0.0580955
-0.0580962
-0.0580971
-0.0580982
-0.0580993
-0.0581006
-0.0581021
-0.0581036
-0.0581054
-0.0581073
-0.0581093
-0.0581114
-0.0581136
-0.0581158
-0.0581183
-0.0581208
-0.0581234
-0.058126
-0.0581288
-0.0581316
-0.0581345
-0.0581376
-0.0581407
-0.0581439
-0.0581471
-0.0581505
-0.0581539
-0.0581574
-0.0581609
-0.0581645
-0.0581682
-0.0581719
-0.0581757
-0.0581795
-0.0581835
-0.0581875
-0.0581916
-0.0581957
-0.0581998
-0.058204
-0.0582083
-0.0582126
-0.058217
-0.0582214
-0.0582258
-0.0582303
-0.0582349
-0.0582396
-0.0582443
-0.0582492
-0.0582541
-0.058259
-0.058264
-0.058269
-0.0582741
-0.0582792
-0.0582844
-0.0582896
-0.0582949
-0.0583002
-0.0583056
-0.058311
-0.0583165
-0.058322
-0.0583275
-0.0583331
-0.0583387
-0.0583443
-0.05835
-0.0583558
-0.0583616
-0.0583675
-0.0583735
-0.0583794
-0.0583854
-0.0583915
-0.0583975
-0.0584036
-0.0584097
-0.0584158
-0.0584219
-0.058428
-0.0584341
-0.0584403
-0.0584465
-0.0584527
-0.0584589
-0.0584652
-0.0584715
-0.0584778
-0.0584842
-0.0584905
-0.0584969
-0.0585033
-0.0585096
-0.058516
-0.0585223
-0.0585286
-0.0585349
-0.0585412
-0.0585475
-0.0585537
-0.0585599
-0.0585661
-0.0585724
-0.0585786
-0.0585848
-0.0585909
-0.058597
-0.0586031
-0.0586092
-0.0586152
-0.0586212
-0.0586271
-0.0586331
-0.058639
-0.0586448
-0.0586506
-0.0586563
-0.058662
-0.0586677
-0.0586733
-0.0586789
-0.0586846
-0.0586902
-0.0586958
-0.0587013
-0.0587069
-0.0587125
-0.058718
-0.0587235
-0.0587291
-0.0587346
-0.0587401
-0.0587456
-0.058751
-0.0587564
-0.0587618
-0.0587672
-0.0587726
-0.058778
-0.0587834
-0.0587887
-0.058794
-0.0587993
-0.0588046
-0.0588099
-0.0588151
-0.0588203
-0.0588255
-0.0588307
-0.0588358
-0.058841
-0.0588462
-0.0588513
-0.0588564
-0.0588614
-0.0588665
-0.0588714
-0.0588764
-0.0588814
-0.0588863
-0.0588912
-0.0588959
-0.0589007
-0.0589054
-0.05891
-0.0589147
-0.0589194
-0.058924
-0.0589287
-0.0589333
-0.058938
-0.0589426
-0.0589471
-0.0589517
-0.0589563
-0.0589609
-0.0589655
-0.05897
-0.0589745
-0.058979
-0.0589834
-0.0589879
-0.0589923
-0.0589967
-0.0590012
-0.0590056
-0.05901
-0.0590144
-0.0590188
-0.0590232
-0.0590275
-0.0590319
-0.0590362
-0.0590406
-0.0590449
-0.0590493
-0.0590537
-0.059058
-0.0590623
-0.0590667
-0.059071
-0.0590753
-0.0590795
-0.0590838
-0.059088
-0.0590922
-0.0590965
-0.0591007
-0.059105
-0.0591092
-0.0591134
-0.0591176
-0.0591218
-0.059126
-0.0591302
-0.0591344
-0.0591386
-0.0591429
-0.0591471
-0.0591513
-0.0591556
-0.0591599
-0.0591641
-0.0591683
-0.0591725
-0.0591767
-0.0591808
-0.059185
-0.0591891
-0.0591932
-0.0591974
-0.0592014
-0.0592055
-0.0592096
-0.0592136
-0.0592176
-0.0592216
-0.0592256
-0.0592295
-0.0592334
-0.0592373
-0.0592413
-0.0592452
-0.0592491
-0.059253
-0.0592569
-0.0592608
-0.0592647
-0.0592686
-0.0592725
-0.0592765
-0.0592803
-0.0592842
-0.0592881
-0.059292
-0.0592958
-0.0592996
-0.0593034
-0.0593072
-0.0593109
-0.0593147
-0.0593185
-0.0593223
-0.0593261
-0.0593299
-0.0593336
-0.0593374
-0.0593411
-0.0593448
-0.0593485
-0.0593522
-0.0593559
-0.0593596
-0.0593633
-0.0593669
-0.0593706
-0.0593742
-0.0593777
-0.0593813
-0.0593849
-0.0593884
-0.059392
-0.0593955
-0.0593991
-0.0594027
-0.0594062
-0.0594098
-0.0594133
-0.0594168
-0.0594202
-0.0594236
-0.0594269
-0.0594302
-0.0594334
-0.0594367
-0.0594399
-0.059443
-0.0594461
-0.0594491
-0.0594521
-0.0594551
-0.0594579
-0.0594608
-0.0594636
-0.0594663
-0.0594691
-0.0594719
-0.0594747
-0.0594775
-0.0594802
-0.059483
-0.0594858
-0.0594885
-0.0594913
-0.0594941
-0.0594969
-0.0594997
-0.0595024
-0.0595051
-0.0595077
-0.0595104
-0.0595131
-0.0595158
-0.0595185
-0.0595212
-0.0595239
-0.0595265
-0.0595291
-0.0595317
-0.0595344
-0.059537
-0.0595396
-0.0595422
-0.0595448
-0.0595474
-0.05955
-0.0595526
-0.0595551
-0.0595577
-0.0595602
-0.0595628
-0.0595653
-0.0595678
-0.0595703
-0.0595727
-0.0595752
-0.0595776
-0.05958
-0.0595824
-0.0595847
-0.0595869
-0.0595892
-0.0595913
-0.0595935
-0.0595955
-0.0595976
-0.0595996
-0.0596015
-0.0596034
-0.0596052
-0.0596069
-0.0596086
-0.0596103
-0.059612
-0.0596136
-0.0596152
-0.0596168
-0.0596183
-0.0596198
-0.0596213
-0.0596228
-0.0596242
-0.0596256
-0.059627
-0.0596283
-0.0596297
-0.059631
-0.0596324
-0.0596338
-0.0596353
-0.0596367
-0.0596381
-0.0596394
-0.0596408
-0.059642
-0.0596433
-0.0596446
-0.0596459
-0.0596472
-0.0596485
-0.0596498
-0.0596511
-0.0596523
-0.0596536
-0.0596549
-0.0596562
-0.0596575
-0.0596588
-0.0596601
-0.0596614
-0.0596627
-0.0596639
-0.0596652
-0.0596664
-0.0596677
-0.059669
-0.0596702
-0.0596715
-0.0596727
-0.0596739
-0.0596752
-0.0596764
-0.0596776
-0.0596789
-0.0596801
-0.0596814
-0.0596827
-0.059684
-0.0596853
-0.0596866
-0.0596879
-0.0596892
-0.0596905
-0.0596918
-0.0596931
-0.0596944
-0.0596957
-0.0596969
-0.0596982
-0.0596995
-0.0597008
-0.059702
-0.0597033
-0.0597045
-0.0597056
-0.0597068
-0.059708
-0.0597092
-0.0597104
-0.0597115
-0.0597127
-0.0597139
-0.059715
-0.0597162
-0.0597173
-0.0597185
-0.0597197
-0.059721
-0.0597222
-0.0597233
-0.0597245
-0.0597256
-0.0597268
-0.0597279
-0.059729
-0.0597301
-0.0597311
-0.0597321
-0.059733
-0.059734
-0.0597349
-0.0597358
-0.0597368
-0.0597377
-0.0597386
-0.0597396
-0.0597405
-0.0597413
-0.0597422
-0.0597431
-0.059744
-0.0597449
-0.0597458
-0.0597467
-0.0597476
-0.0597485
-0.0597494
-0.0597503
-0.0597511
-0.059752
-0.0597528
-0.0597536
-0.0597545
-0.0597553
-0.0597562
-0.059757
-0.0597579
-0.0597588
-0.0597597
-0.0597606
-0.0597615
-0.0597625
-0.0597634
-0.0597643
-0.0597652
-0.0597662
-0.0597671
-0.059768
-0.0597689
-0.0597698
-0.0597707
-0.0597715
-0.0597723
-0.0597732
-0.059774
-0.0597749
-0.0597757
-0.0597765
-0.0597773
-0.0597781
-0.0597789
-0.0597797
-0.0597805
-0.0597812
-0.0597819
-0.0597826
-0.0597834
-0.0597841
-0.0597849
-0.0597856
-0.0597863
-0.059787
-0.0597878
-0.0597885
-0.0597893
-0.05979
-0.0597908
-0.0597916
-0.0597924
-0.0597931
-0.0597939
-0.0597946
-0.0597953
-0.059796
-0.0597967
-0.0597973
-0.0597979
-0.0597984
-0.0597989
-0.0597994
-0.0597999
-0.0598004
-0.0598009
-0.0598014
-0.0598018
-0.0598021
-0.0598024
-0.0598027
-0.059803
-0.0598032
-0.0598034
-0.0598035
-0.0598037
-0.0598038
-0.059804
-0.0598042
-0.0598043
-0.0598045
-0.0598046
-0.0598047
-0.0598049
-0.0598051
-0.0598053
-0.0598055
-0.0598057
-0.0598059
-0.059806
-0.0598062
-0.0598064
-0.0598066
-0.0598067
-0.0598069
-0.0598071
-0.0598073
-0.0598075
-0.0598078
-0.0598081
-0.0598084
-0.0598087
-0.059809
-0.0598093
-0.0598096
-0.0598099
-0.0598102
-0.0598105
-0.0598108
-0.0598112
-0.0598115
-0.0598119
-0.0598123
-0.0598127
-0.0598131
-0.0598134
-0.0598138
-0.0598141
-0.0598144
-0.0598148
-0.0598151
-0.0598155
-0.0598158
-0.0598161
-0.0598164
-0.0598168
-0.0598171
-0.0598174
-0.0598177
-0.059818
-0.0598183
-0.0598186
-0.0598189
-0.0598193
-0.0598196
-0.0598201
-0.0598205
-0.0598209
-0.0598213
-0.0598217
-0.059822
-0.0598224
-0.0598229
-0.0598233
-0.0598238
-0.0598242
-0.0598246
-0.059825
-0.0598255
-0.059826
-0.0598265
-0.059827
-0.0598276
-0.0598281
-0.0598286
-0.0598291
-0.0598296
-0.0598301
-0.0598306
-0.0598311
-0.0598315
-0.059832
-0.0598325
-0.059833
-0.0598335
-0.059834
-0.0598345
-0.059835
-0.0598356
-0.0598361
-0.0598366
-0.0598371
-0.0598375
-0.059838
-0.0598384
-0.0598389
-0.0598393
-0.0598398
-0.0598403
-0.0598407
-0.0598413
-0.0598418
-0.0598424
-0.059843
-0.0598436
-0.0598442
-0.0598448
-0.0598454
-0.059846
-0.0598466
-0.0598472
-0.0598478
-0.0598485
-0.0598491
-0.0598498
-0.0598504
-0.0598511
-0.0598517
-0.0598524
-0.0598531
-0.0598538
-0.0598544
-0.059855
-0.0598556
-0.0598562
-0.0598568
-0.0598575
-0.0598581
-0.0598587
-0.0598593
-0.0598599
-0.0598605
-0.059861
-0.0598615
-0.059862
-0.0598626
-0.059863
-0.0598635
-0.0598639
-0.0598643
-0.0598647
-0.059865
-0.0598653
-0.0598656
-0.0598658
-0.0598661
-0.0598663
-0.0598665
-0.0598667
-0.0598668
-0.0598669
-0.059867
-0.0598671
-0.0598671
-0.0598671
-0.0598671
-0.059867
-0.0598669
-0.0598668
-0.0598666
-0.0598665
-0.0598663
-0.059866
-0.0598658
-0.0598655
-0.0598652
-0.059865
-0.0598647
-0.0598645
-0.0598642
-0.0598639
-0.0598636
-0.0598632
-0.0598629
-0.0598626
-0.0598623
-0.0598621
-0.0598618
-0.0598616
-0.0598614
-0.0598612
-0.0598609
-0.0598606
-0.0598604
-0.0598601
-0.0598598
-0.0598595
-0.0598592
-0.0598589
-0.0598586
-0.0598583
-0.0598581
-0.0598579
-0.0598577
-0.0598575
-0.0598573
-0.0598571
-0.059857
-0.0598568
-0.0598566
-0.0598565
-0.0598563
-0.0598563
-0.0598562
-0.0598561
-0.0598561
-0.059856
-0.059856
-0.059856
-0.059856
-0.0598561
-0.0598561
-0.0598562
-0.0598563
-0.0598564
-0.0598565
-0.0598565
-0.0598567
-0.0598568
-0.0598569
-0.059857
-0.0598571
-0.0598574
-0.0598576
-0.0598579
-0.0598582
-0.0598584
-0.0598587
-0.059859
-0.0598592
-0.0598595
-0.0598598
-0.0598601
-0.0598604
-0.0598608
-0.0598611
-0.0598615
-0.0598618
-0.0598622
-0.0598625
-0.0598629
-0.0598633
-0.0598636
-0.0598639
-0.0598642
-0.0598644
-0.0598647
-0.059865
-0.0598653
-0.0598657
-0.0598661
-0.0598665
-0.0598669
-0.0598674
-0.0598679
-0.0598684
-0.059869
-0.0598696
-0.0598702
-0.0598708
-0.0598716
-0.0598723
-0.059873
-0.0598737
-0.0598744
-0.0598751
-0.0598758
-0.0598765
-0.0598772
-0.0598779
-0.0598787
-0.0598794
-0.0598802
-0.0598809
-0.0598817
-0.0598826
-0.0598834
-0.0598843
-0.0598852
-0.0598861
-0.059887
-0.0598879
-0.0598888
-0.0598897
-0.0598906
-0.0598916
-0.0598926
-0.0598936
-0.0598946
-0.0598956
-0.0598965
-0.0598975
-0.0598984
-0.0598994
-0.0599005
-0.0599015
-0.0599026
-0.0599037
-0.0599048
-0.0599059
-0.0599069
-0.0599081
-0.0599092
-0.0599102
-0.0599113
-0.0599124
-0.0599135
-0.0599145
-0.0599155
-0.0599164
-0.0599173
-0.0599183
-0.0599192
-0.0599201
-0.059921
-0.059922
-0.0599229
-0.0599238
-0.0599247
-0.0599255
-0.0599264
-0.0599272
-0.0599281
-0.0599289
-0.0599298
-0.0599306
-0.0599314
-0.0599322
-0.059933
-0.0599337
-0.0599344
-0.059935
-0.0599356
-0.0599363
-0.0599369
-0.0599376
-0.0599382
-0.0599388
-0.0599393
-0.0599399
-0.0599404
-0.0599409
-0.0599415
-0.0599419
-0.0599424
-0.0599428
-0.0599432
-0.0599436
-0.059944
-0.0599444
-0.0599447
-0.059945
-0.0599453
-0.0599456
-0.059946
-0.0599463
-0.0599467
-0.059947
-0.0599473
-0.0599476
-0.0599479
-0.0599481
-0.0599484
-0.0599487
-0.0599491
-0.0599494
-0.0599498
-0.0599502
-0.0599506
-0.0599509
-0.0599513
-0.0599517
-0.059952
-0.0599524
-0.0599528
-0.0599532
-0.0599536
-0.0599541
-0.0599546
-0.0599552
-0.0599557
-0.0599563
-0.0599569
-0.0599574
-0.059958
-0.0599586
-0.0599592
-0.0599597
-0.0599603
-0.0599609
-0.0599614
-0.0599619
-0.0599624
-0.0599629
-0.0599634
-0.059964
-0.0599646
-0.0599652
-0.0599658
-0.0599664
-0.059967
-0.0599677
-0.0599684
-0.059969
-0.0599697
-0.0599704
-0.059971
-0.0599717
-0.0599723
-0.0599729
-0.0599735
-0.059974
-0.0599746
-0.0599752
-0.0599757
-0.0599763
-0.0599768
-0.0599773
-0.0599777
-0.0599782
-0.0599786
-0.059979
-0.0599793
-0.0599797
-0.0599801
-0.0599804
-0.0599807
-0.059981
-0.0599813
-0.0599816
-0.0599819
-0.0599821
-0.0599824
-0.0599827
-0.059983
-0.0599834
-0.0599837
-0.0599841
-0.0599845
-0.0599849
-0.0599853
-0.0599856
-0.059986
-0.0599863
-0.0599867
-0.059987
-0.0599873
-0.0599875
-0.0599878
-0.059988
-0.0599883
-0.0599885
-0.0599888
-0.0599891
-0.0599893
-0.0599895
-0.0599898
-0.05999
-0.0599902
-0.0599904
-0.0599905
-0.0599907
-0.0599909
-0.0599911
-0.0599913
-0.0599914
-0.0599915
-0.0599916
-0.0599917
-0.0599918
-0.0599919
-0.059992
-0.0599921
-0.0599922
-0.0599923
-0.0599924
-0.0599925
-0.0599926
-0.0599927
-0.0599928
-0.0599929
-0.0599931
-0.0599932
-0.0599934
-0.0599936
-0.0599938
-0.059994
-0.0599942
-0.0599944
-0.0599946
-0.0599948
-0.059995
-0.0599952
-0.0599955
-0.0599957
-0.0599959
-0.0599961
-0.0599962
-0.0599964
-0.0599966
-0.0599968
-0.059997
-0.0599972
-0.0599974
-0.0599977
-0.0599979
-0.0599982
-0.0599985
-0.0599988
-0.0599991
-0.0599995
-0.0599998
-0.0600001
-0.0600005
-0.0600008
-0.0600012
-0.0600015
-0.0600019
-0.0600022
-0.0600026
-0.060003
-0.0600034
-0.0600038
-0.0600042
-0.0600046
-0.0600049
-0.0600053
-0.0600056
-0.060006
-0.0600064
-0.0600068
-0.0600072
-0.0600077
-0.0600082
-0.0600086
-0.0600091
-0.0600095
-0.0600099
-0.0600104
-0.0600109
-0.0600113
-0.0600118
-0.0600123
-0.0600128
-0.0600133
-0.0600138
-0.0600143
-0.0600148
-0.0600153
-0.0600157
-0.0600162
-0.0600167
-0.0600172
-0.0600176
-0.0600181
-0.0600186
-0.0600191
-0.0600196
-0.0600202
-0.0600207
-0.0600212
-0.0600217
-0.0600222
-0.0600228
-0.0600234
-0.0600239
-0.0600245
-0.060025
-0.0600255
-0.060026
-0.0600266
-0.0600271
-0.0600277
-0.0600283
-0.0600289
-0.0600294
-0.06003
-0.0600305
-0.0600311
-0.0600316
-0.0600322
-0.0600329
-0.0600335
-0.0600341
-0.0600347
-0.0600353
-0.0600359
-0.0600365
-0.0600371
-0.0600377
-0.0600383
-0.0600389
-0.0600396
-0.0600403
-0.060041
-0.0600418
-0.0600425
-0.0600431
-0.0600438
-0.0600444
-0.060045
-0.0600456
-0.0600462
-0.0600468
-0.0600473
-0.0600479
-0.0600484
-0.060049
-0.0600496
-0.0600502
-0.0600508
-0.0600514
-0.0600519
-0.0600525
-0.060053
-0.0600535
-0.0600541
-0.0600546
-0.0600552
-0.0600558
-0.0600564
-0.0600569
-0.0600575
-0.0600581
-0.0600586
-0.0600592
-0.0600597
-0.0600603
-0.0600608
-0.0600614
-0.0600619
-0.0600624
-0.060063
-0.0600636
-0.0600642
-0.060065
-0.0600658
-0.0600666
-0.0600676
-0.0600685
-0.0600696
-0.0600707
-0.0600719
-0.0600731
-0.0600744
-0.0600758
-0.0600773
-0.0600789
-0.0600805
-0.0600821
-0.0600839
-0.0600856
-0.0600875
-0.0600894
-0.0600914
-0.0600934
-0.0600955
-0.0600977
-0.0600998
-0.0601021
-0.0601044
-0.0601067
-0.0601092
-0.0601116
-0.0601141
-0.0601166
-0.0601192
-0.0601218
-0.0601244
-0.060127
-0.0601297
-0.0601323
-0.0601349
-0.0601375
-0.0601401
-0.0601427
-0.0601453
-0.0601479
-0.0601505
-0.060153
-0.0601554
-0.0601578
-0.0601602
-0.0601626
-0.0601648
-0.0601671
-0.0601692
-0.0601714
-0.0601735
-0.0601756
-0.0601777
-0.0601797
-0.0601816
-0.0601835
-0.0601855
-0.0601874
-0.0601892
-0.060191
-0.0601928
-0.0601946
-0.0601963
-0.060198
-0.0601997
-0.0602013
-0.0602029
-0.0602045
-0.060206
-0.0602076
-0.0602091
-0.0602106
-0.060212
-0.0602134
-0.0602147
-0.060216
-0.0602173
-0.0602186
-0.0602199
-0.0602211
-0.0602222
-0.0602234
-0.0602245
-0.0602255
-0.0602265
-0.0602275
-0.0602285
-0.0602295
-0.0602304
-0.0602313
-0.0602322
-0.060233
-0.0602339
-0.0602347
-0.0602356
-0.0602365
-0.0602373
-0.0602383
-0.0602392
-0.06024
-0.0602409
-0.0602417
-0.0602425
-0.0602434
-0.0602442
-0.0602451
-0.0602459
-0.0602468
-0.0602477
-0.0602485
-0.0602493
-0.0602501
-0.0602508
-0.0602515
-0.0602522
-0.060253
-0.0602537
-0.0602543
-0.060255
-0.0602556
-0.0602562
-0.0602569
-0.0602574
-0.060258
-0.0602586
-0.0602592
-0.0602597
-0.0602603
-0.0602608
-0.0602613
-0.0602618
-0.0602623
-0.0602628
-0.0602633
-0.0602637
-0.0602642
-0.0602646
-0.0602651
-0.0602655
-0.060266
-0.0602665
-0.060267
-0.0602675
-0.060268
-0.0602685
-0.0602691
-0.0602696
-0.0602701
-0.0602706
-0.0602711
-0.0602717
-0.0602722
-0.0602728
-0.0602734
-0.0602739
-0.0602745
-0.0602751
-0.0602757
-0.0602763
-0.0602769
-0.0602775
-0.0602782
-0.0602788
-0.0602793
-0.0602798
-0.0602803
-0.0602807
-0.0602812
-0.0602816
-0.0602821
-0.0602827
-0.0602834
-0.0602841
-0.0602849
-0.0602857
-0.0602866
-0.0602875
-0.0602885
-0.0602895
-0.0602906
-0.0602917
-0.0602929
-0.0602941
-0.0602954
-0.0602968
-0.0602983
-0.0602998
-0.0603014
-0.0603031
-0.0603048
-0.0603066
-0.0603085
-0.0603104
-0.0603124
-0.0603144
-0.0603163
-0.0603183
-0.0603204
-0.0603225
-0.0603246
-0.0603268
-0.0603291
-0.0603314
-0.0603338
-0.0603362
-0.0603387
-0.0603412
-0.0603437
-0.0603463
-0.0603488
-0.0603513
-0.0603538
-0.0603562
-0.0603586
-0.060361
-0.0603633
-0.0603656
-0.0603679
-0.0603701
-0.0603723
-0.0603745
-0.0603767
-0.0603788
-0.0603808
-0.0603829
-0.0603848
-0.0603867
-0.0603886
-0.0603904
-0.0603922
-0.0603939
-0.0603955
-0.0603971
-0.0603986
-0.0604001
-0.0604016
-0.060403
-0.0604043
-0.0604056
-0.0604068
-0.060408
-0.0604091
-0.0604101
-0.0604111
-0.060412
-0.0604128
-0.0604136
-0.0604143
-0.060415
-0.0604156
-0.0604162
-0.0604168
-0.0604173
-0.0604178
-0.0604182
-0.0604187
-0.0604191
-0.0604194
-0.0604198
-0.06042
-0.0604203
-0.0604204
-0.0604205
-0.0604206
-0.0604207
-0.0604207
-0.0604207
-0.0604207
-0.0604206
-0.0604206
-0.0604205
-0.0604205
-0.0604205
-0.0604205
-0.0604206
-0.0604206
-0.0604206
-0.0604205
-0.0604205
-0.0604204
-0.0604203
-0.0604202
-0.06042
-0.0604198
-0.0604195
-0.0604192
-0.0604189
-0.0604185
-0.0604181
-0.0604177
-0.0604173
-0.0604169
-0.0604165
-0.0604161
-0.0604157
-0.0604153
-0.0604149
-0.0604145
-0.0604141
-0.0604137
-0.0604133
-0.060413
-0.0604126
-0.0604122
-0.0604118
-0.0604114
-0.060411
-0.0604106
-0.0604102
-0.0604098
-0.0604093
-0.0604088
-0.0604082
-0.0604077
-0.0604071
-0.0604065
-0.0604059
-0.0604053
-0.0604047
-0.0604041
-0.0604035
-0.0604029
-0.0604024
-0.0604018
-0.0604013
-0.0604008
-0.0604003
-0.0603998
-0.0603993
-0.0603988
-0.0603983
-0.0603979
-0.0603974
-0.060397
-0.0603965
-0.060396
-0.0603956
-0.0603951
-0.0603947
-0.0603943
-0.0603939
-0.0603935
-0.0603932
-0.0603928
-0.0603925
-0.0603921
-0.0603917
-0.0603914
-0.060391
-0.0603906
-0.0603902
-0.0603897
-0.0603893
-0.0603888
-0.0603884
-0.060388
-0.0603876
-0.0603872
-0.0603868
-0.0603864
-0.0603861
-0.0603858
-0.0603855
-0.0603852
-0.0603849
-0.0603846
-0.0603844
-0.0603841
-0.0603839
-0.0603836
-0.0603834
-0.0603832
-0.060383
-0.0603829
-0.0603827
-0.0603826
-0.0603825
-0.0603824
-0.0603822
-0.0603822
-0.0603821
-0.0603821
-0.0603821
-0.0603821
-0.060382
-0.0603819
-0.0603819
-0.0603818
-0.0603817
-0.0603817
-0.0603816
-0.0603815
-0.0603814
-0.0603813
-0.0603813
-0.0603812
-0.0603812
-0.0603812
-0.0603812
-0.0603812
-0.0603812
-0.0603812
-0.0603813
-0.0603813
-0.0603813
-0.0603813
-0.0603813
-0.0603813
-0.0603813
-0.0603813
-0.0603813
-0.0603812
-0.0603812
-0.0603811
-0.0603811
-0.0603811
-0.0603812
-0.0603813
-0.0603813
-0.0603814
-0.0603815
-0.0603816
-0.0603816
-0.0603816
-0.0603817
-0.0603816
-0.0603816
-0.0603816
-0.0603816
-0.0603815
-0.0603814
-0.0603814
-0.0603814
-0.0603814
-0.0603815
-0.0603816
-0.0603816
-0.0603816
-0.0603816
-0.0603816
-0.0603816
-0.0603816
-0.0603817
-0.0603817
-0.0603818
-0.0603819
-0.0603819
-0.0603819
-0.0603819
-0.0603819
-0.0603819
-0.0603819
-0.0603819
-0.060382
-0.060382
-0.0603819
-0.0603819
-0.0603818
-0.0603818
-0.0603817
-0.0603816
-0.0603816
-0.0603815
-0.0603815
-0.0603815
-0.0603815
-0.0603815
-0.0603814
-0.0603813
-0.0603812
-0.0603811
-0.0603809
-0.0603807
-0.0603805
-0.0603803
-0.06038
-0.0603798
-0.0603795
-0.0603793
-0.060379
-0.0603788
-0.0603785
-0.0603783
-0.0603781
-0.0603778
-0.0603775
-0.0603772
-0.0603769
-0.0603765
-0.0603762
-0.0603758
-0.0603754
-0.060375
-0.0603746
-0.0603741
-0.0603737
-0.0603733
-0.0603729
-0.0603724
-0.060372
-0.0603715
-0.060371
-0.0603705
-0.06037
-0.0603695
-0.0603691
-0.0603687
-0.0603683
-0.0603679
-0.0603675
-0.0603671
-0.0603667
-0.0603663
-0.060366
-0.0603657
-0.0603653
-0.0603651
-0.0603648
-0.0603645
-0.0603642
-0.0603639
-0.0603636
-0.0603633
-0.060363
-0.0603627
-0.0603624
-0.0603621
-0.0603618
-0.0603616
-0.0603613
-0.0603611
-0.0603609
-0.0603607
-0.0603605
-0.0603603
-0.06036
-0.0603598
-0.0603596
-0.0603594
-0.0603592
-0.0603591
-0.060359
-0.0603589
-0.0603588
-0.0603587
-0.0603586
-0.0603585
-0.0603584
-0.0603583
-0.0603581
-0.060358
-0.0603579
-0.0603578
-0.0603577
-0.0603576
-0.0603574
-0.0603572
-0.060357
-0.0603568
-0.0603566
-0.0603564
-0.0603562
-0.060356
-0.0603558
-0.0603556
-0.0603554
-0.0603552
-0.060355
-0.0603549
-0.0603547
-0.0603545
-0.0603544
-0.0603544
-0.0603544
-0.0603544
-0.0603544
-0.0603544
-0.0603544
-0.0603544
-0.0603544
-0.0603544
-0.0603544
-0.0603544
-0.0603544
-0.0603543
-0.0603542
-0.0603541
-0.0603539
-0.0603538
-0.0603536
-0.0603534
-0.0603532
-0.060353
-0.0603527
-0.0603524
-0.0603522
-0.0603519
-0.0603516
-0.0603514
-0.0603512
-0.060351
-0.0603508
-0.0603506
-0.0603504
-0.0603502
-0.06035
-0.0603499
-0.0603498
-0.0603496
-0.0603495
-0.0603495
-0.0603494
-0.0603493
-0.0603492
-0.0603491
-0.060349
-0.0603489
-0.0603488
-0.0603487
-0.0603487
-0.0603486
-0.0603486
-0.0603485
-0.0603485
-0.0603484
-0.0603484
-0.0603484
-0.0603484
-0.0603485
-0.0603485
-0.0603486
-0.0603487
-0.0603487
-0.0603488
-0.0603489
-0.060349
-0.0603492
-0.0603493
-0.0603495
-0.0603497
-0.06035
-0.0603502
-0.0603504
-0.0603507
-0.060351
-0.0603512
-0.0603515
-0.0603519
-0.0603522
-0.0603526
-0.060353
-0.0603534
-0.0603538
-0.0603541
-0.0603544
-0.0603547
-0.0603551
-0.0603554
-0.0603557
-0.0603561
-0.0603564
-0.0603568
-0.0603571
-0.0603575
-0.0603578
-0.0603582
-0.0603586
-0.060359
-0.0603594
-0.0603598
-0.0603602
-0.0603606
-0.060361
-0.0603613
-0.0603617
-0.060362
-0.0603623
-0.0603626
-0.060363
-0.0603633
-0.0603636
-0.0603639
-0.0603642
-0.0603645
-0.0603648
-0.0603651
-0.0603654
-0.0603657
-0.060366
-0.0603663
-0.0603667
-0.060367
-0.0603673
-0.0603676
-0.0603679
-0.0603682
-0.0603685
-0.0603688
-0.060369
-0.0603692
-0.0603694
-0.0603696
-0.0603698
-0.06037
-0.0603702
-0.0603704
-0.0603705
-0.0603707
-0.0603708
-0.060371
-0.0603712
-0.0603713
-0.0603714
-0.0603716
-0.0603717
-0.0603719
-0.0603721
-0.0603724
-0.0603726
-0.0603728
-0.060373
-0.0603732
-0.0603734
-0.0603735
-0.0603737
-0.0603738
-0.0603739
-0.0603741
-0.0603742
-0.0603744
-0.0603745
-0.0603746
-0.0603747
-0.0603748
-0.0603749
-0.060375
-0.0603751
-0.0603751
-0.0603751
-0.0603751
-0.0603751
-0.060375
-0.0603749
-0.0603749
-0.0603748
-0.0603747
-0.0603746
-0.0603746
-0.0603745
-0.0603745
-0.0603744
-0.0603744
-0.0603743
-0.0603743
-0.0603742
-0.0603742
-0.0603742
-0.0603741
-0.060374
-0.0603739
-0.0603737
-0.0603736
-0.0603734
-0.0603732
-0.0603729
-0.0603727
-0.0603724
-0.0603721
-0.0603717
-0.0603714
-0.060371
-0.0603707
-0.0603704
-0.0603701
-0.0603698
-0.0603696
-0.0603693
-0.0603691
-0.0603688
-0.0603685
-0.0603683
-0.0603679
-0.0603676
-0.0603673
-0.060367
-0.0603667
-0.0603665
-0.0603662
-0.060366
-0.0603657
-0.0603655
-0.0603653
-0.0603652
-0.0603651
-0.060365
-0.0603649
-0.0603648
-0.0603648
-0.0603648
-0.0603648
-0.0603648
-0.0603648
-0.0603648
-0.0603648
-0.0603648
-0.0603649
-0.060365
-0.0603651
-0.0603652
-0.0603652
-0.0603653
-0.0603654
-0.0603656
-0.0603657
-0.0603658
-0.060366
-0.0603661
-0.0603663
-0.0603665
-0.0603667
-0.0603668
-0.0603669
-0.0603671
-0.0603672
-0.0603674
-0.0603675
-0.0603677
-0.0603679
-0.0603682
-0.0603684
-0.0603687
-0.0603689
-0.0603691
-0.0603694
-0.0603696
-0.0603697
-0.0603699
-0.06037
-0.0603702
-0.0603703
-0.0603703
-0.0603703
-0.0603703
-0.0603703
-0.0603703
-0.0603703
-0.0603704
-0.0603704
-0.0603705
-0.0603705
-0.0603706
-0.0603707
-0.0603708
-0.060371
-0.0603711
-0.0603712
-0.0603713
-0.0603714
-0.0603715
-0.0603716
-0.0603717
-0.0603719
-0.060372
-0.0603722
-0.0603724
-0.0603725
-0.0603726
-0.0603726
-0.0603727
-0.0603727
-0.0603728
-0.0603728
-0.0603728
-0.0603729
-0.060373
-0.060373
-0.0603731
-0.0603732
-0.0603732
-0.0603733
-0.0603734
-0.0603735
-0.0603736
-0.0603737
-0.0603738
-0.0603739
-0.060374
-0.0603741
-0.0603742
-0.0603744
-0.0603745
-0.0603746
-0.0603748
-0.0603749
-0.060375
-0.0603752
-0.0603753
-0.0603754
-0.0603754
-0.0603755
-0.0603755
-0.0603756
-0.0603757
-0.0603758
-0.0603759
-0.060376
-0.0603762
-0.0603763
-0.0603764
-0.0603765
-0.0603767
-0.0603768
-0.0603769
-0.060377
-0.060377
-0.0603771
-0.0603772
-0.0603773
-0.0603774
-0.0603774
-0.0603774
-0.0603774
-0.0603774
-0.0603775
-0.0603776
-0.0603777
-0.0603778
-0.0603779
-0.060378
-0.0603781
-0.0603783
-0.0603785
-0.0603786
-0.0603787
-0.0603789
-0.060379
-0.0603792
-0.0603793
-0.0603795
-0.0603797
-0.0603799
-0.06038
-0.0603802
-0.0603803
-0.0603804
-0.0603806
-0.0603807
-0.0603808
-0.0603809
-0.0603809
-0.060381
-0.0603811
-0.0603811
-0.0603812
-0.0603812
-0.0603813
-0.0603812
-0.0603812
-0.060381
-0.0603808
-0.0603806
-0.0603803
-0.06038
-0.0603797
-0.0603794
-0.0603791
-0.0603787
-0.0603784
-0.060378
-0.0603776
-0.0603772
-0.0603768
-0.0603764
-0.0603759
-0.0603755
-0.060375
-0.0603745
-0.060374
-0.0603736
-0.0603731
-0.0603726
-0.0603722
-0.0603718
-0.0603714
-0.060371
-0.0603706
-0.0603703
-0.0603699
-0.0603695
-0.0603692
-0.0603688
-0.0603685
-0.060368
-0.0603676
-0.0603672
-0.0603667
-0.0603662
-0.0603656
-0.060365
-0.0603644
-0.0603638
-0.0603631
-0.0603623
-0.0603616
-0.0603608
-0.0603599
-0.0603591
-0.0603583
-0.0603575
-0.0603566
-0.0603558
-0.0603549
-0.0603541
-0.0603532
-0.0603523
-0.0603514
-0.0603505
-0.0603496
-0.0603487
-0.0603478
-0.0603469
-0.0603459
-0.060345
-0.060344
-0.0603431
-0.0603421
-0.0603412
-0.0603403
-0.0603394
-0.0603385
-0.0603376
-0.0603368
-0.0603359
-0.060335
-0.0603342
-0.0603333
-0.0603325
-0.0603316
-0.0603308
-0.06033
-0.0603292
-0.0603284
-0.0603276
-0.0603268
-0.0603261
-0.0603253
-0.0603246
-0.0603239
-0.0603232
-0.0603225
-0.0603219
-0.0603212
-0.0603206
-0.06032
-0.0603194
-0.0603188
-0.0603182
-0.0603177
-0.0603172
-0.0603167
-0.0603162
-0.0603157
-0.0603152
-0.0603147
-0.0603142
-0.0603138
-0.0603133
-0.0603128
-0.0603124
-0.0603119
-0.0603114
-0.060311
-0.0603105
-0.06031
-0.0603095
-0.060309
-0.0603086
-0.0603081
-0.0603077
-0.0603073
-0.0603069
-0.0603065
-0.0603061
-0.0603057
-0.0603054
-0.060305
-0.0603046
-0.0603043
-0.0603039
-0.0603035
-0.0603032
-0.0603028
-0.0603025
-0.0603022
-0.0603019
-0.0603016
-0.0603013
-0.0603011
-0.0603009
-0.0603008
-0.0603006
-0.0603004
-0.0603003
-0.0603001
-0.0602999
-0.0602997
-0.0602996
-0.0602994
-0.0602992
-0.060299
-0.0602988
-0.0602986
-0.0602985
-0.0602983
-0.0602981
-0.060298
-0.0602978
-0.0602976
-0.0602974
-0.0602971
-0.0602969
-0.0602967
-0.0602964
-0.0602963
-0.0602961
-0.0602959
-0.0602957
-0.0602955
-0.0602953
-0.060295
-0.0602948
-0.0602945
-0.0602942
-0.0602939
-0.0602936
-0.0602933
-0.0602931
-0.0602929
-0.0602927
-0.0602925
-0.0602923
-0.0602922
-0.060292
-0.0602918
-0.0602916
-0.0602915
-0.0602913
-0.0602911
-0.0602909
-0.0602907
-0.0602905
-0.0602902
-0.06029
-0.0602898
-0.0602895
-0.0602892
-0.0602889
-0.0602886
-0.0602883
-0.060288
-0.0602876
-0.0602873
-0.060287
-0.0602868
-0.0602865
-0.0602863
-0.060286
-0.0602858
-0.0602855
-0.0602853
-0.060285
-0.0602847
-0.0602845
-0.0602842
-0.060284
-0.0602838
-0.0602836
-0.0602833
-0.060283
-0.0602827
-0.0602825
-0.0602822
-0.060282
-0.0602817
-0.0602815
-0.0602814
-0.0602812
-0.0602811
-0.0602809
-0.0602808
-0.0602807
-0.0602805
-0.0602805
-0.0602804
-0.0602803
-0.0602802
-0.0602801
-0.0602801
-0.06028
-0.0602799
-0.0602799
-0.0602798
-0.0602798
-0.0602797
-0.0602796
-0.0602796
-0.0602795
-0.0602795
-0.0602795
-0.0602795
-0.0602795
-0.0602795
-0.0602795
-0.0602794
-0.0602794
-0.0602794
-0.0602794
-0.0602794
-0.0602794
-0.0602793
-0.0602793
-0.0602792
-0.0602791
-0.0602789
-0.0602787
-0.0602786
-0.0602785
-0.0602783
-0.0602782
-0.060278
-0.0602779
-0.0602777
-0.0602776
-0.0602774
-0.0602773
-0.0602771
-0.060277
-0.0602768
-0.0602767
-0.0602766
-0.0602766
-0.0602765
-0.0602765
-0.0602765
-0.0602765
-0.0602766
-0.0602767
-0.0602768
-0.060277
-0.0602772
-0.0602773
-0.0602775
-0.0602777
-0.060278
-0.0602782
-0.0602785
-0.0602788
-0.0602791
-0.0602794
-0.0602797
-0.0602799
-0.0602802
-0.0602805
-0.0602808
-0.0602811
-0.0602814
-0.0602817
-0.060282
-0.0602823
-0.0602826
-0.060283
-0.0602833
-0.0602837
-0.0602841
-0.0602846
-0.060285
-0.0602854
-0.0602859
-0.0602863
-0.0602868
-0.0602872
-0.0602876
-0.060288
-0.0602883
-0.0602887
-0.060289
-0.0602893
-0.0602897
-0.06029
-0.0602904
-0.0602907
-0.060291
-0.0602914
-0.0602918
-0.0602921
-0.0602925
-0.0602929
-0.0602933
-0.0602937
-0.060294
-0.0602944
-0.0602947
-0.060295
-0.0602953
-0.0602956
-0.0602958
-0.0602961
-0.0602965
-0.0602968
-0.0602971
-0.0602975
-0.0602978
-0.0602981
-0.0602985
-0.0602988
-0.0602991
-0.0602994
-0.0602998
-0.0603001
-0.0603004
-0.0603008
-0.0603011
-0.0603014
-0.0603017
-0.060302
-0.0603023
-0.0603026
-0.0603029
-0.0603031
-0.0603033
-0.0603036
-0.0603037
-0.0603039
-0.060304
-0.0603041
-0.0603042
-0.0603043
-0.0603044
-0.0603045
-0.0603046
-0.0603047
-0.0603049
-0.0603051
-0.0603052
-0.0603053
-0.0603054
-0.0603055
-0.0603056
-0.0603056
-0.0603057
-0.0603058
-0.0603059
-0.060306
-0.0603061
-0.0603063
-0.0603064
-0.0603065
-0.0603065
-0.0603066
-0.0603066
-0.0603066
-0.0603065
-0.0603065
-0.0603064
-0.0603064
-0.0603064
-0.0603063
-0.0603063
-0.0603062
-0.0603062
-0.0603061
-0.060306
-0.0603059
-0.0603058
-0.0603057
-0.0603056
-0.0603055
-0.0603054
-0.0603054
-0.0603053
-0.0603052
-0.0603051
-0.060305
-0.0603048
-0.0603047
-0.0603045
-0.0603043
-0.0603041
-0.0603039
-0.0603036
-0.0603033
-0.060303
-0.0603027
-0.0603024
-0.0603019
-0.0603015
-0.060301
-0.0603005
-0.0603
-0.0602995
-0.0602989
-0.0602984
-0.0602979
-0.0602974
-0.0602968
-0.0602962
-0.0602956
-0.060295
-0.0602944
-0.0602938
-0.0602931
-0.0602925
-0.0602919
-0.0602912
-0.0602906
-0.06029
-0.0602894
-0.0602887
-0.060288
-0.0602873
-0.0602866
-0.0602859
-0.0602852
-0.0602844
-0.0602837
-0.060283
-0.0602824
-0.0602818
-0.0602812
-0.0602806
-0.06028
-0.0602794
-0.0602788
-0.0602783
-0.0602778
-0.0602772
-0.0602768
-0.0602763
-0.0602759
-0.0602756
-0.0602752
-0.0602749
-0.0602745
-0.0602742
-0.0602739
-0.0602737
-0.0602734
-0.0602732
-0.060273
-0.0602729
-0.0602727
-0.0602725
-0.0602724
-0.0602722
-0.060272
-0.0602718
-0.0602716
-0.0602714
-0.0602712
-0.060271
-0.0602709
-0.0602707
-0.0602705
-0.0602704
-0.0602703
-0.0602702
-0.0602701
-0.06027
-0.0602699
-0.0602698
-0.0602697
-0.0602696
-0.0602696
-0.0602695
-0.0602695
-0.0602694
-0.0602694
-0.0602693
-0.0602692
-0.0602692
-0.0602691
-0.060269
-0.060269
-0.0602689
-0.0602688
-0.0602688
-0.0602687
-0.0602686
-0.0602686
-0.0602685
-0.0602685
-0.0602685
-0.0602685
-0.0602686
-0.0602687
-0.0602687
-0.0602688
-0.0602689
-0.0602689
-0.060269
-0.0602691
-0.0602692
-0.0602693
-0.0602693
-0.0602694
-0.0602694
-0.0602695
-0.0602695
-0.0602696
-0.0602696
-0.0602696
-0.0602696
-0.0602697
-0.0602698
-0.0602699
-0.0602699
-0.06027
-0.0602701
-0.0602702
-0.0602703
-0.0602704
-0.0602705
-0.0602705
-0.0602706
-0.0602707
-0.0602707
-0.0602708
-0.0602709
-0.060271
-0.0602711
-0.0602712
-0.0602712
-0.0602713
-0.0602714
-0.0602714
-0.0602715
-0.0602716
-0.0602717
-0.0602718
-0.060272
-0.0602721
-0.0602721
-0.0602722
-0.0602722
-0.0602722
-0.0602723
-0.0602722
-0.0602722
-0.0602721
-0.060272
-0.060272
-0.0602719
-0.0602718
-0.0602717
-0.0602716
-0.0602715
-0.0602714
-0.0602713
-0.0602712
-0.060271
-0.0602708
-0.0602706
-0.0602703
-0.0602701
-0.0602699
-0.0602697
-0.0602695
-0.0602693
-0.060269
-0.0602688
-0.0602685
-0.0602683
-0.060268
-0.0602678
-0.0602676
-0.0602674
-0.0602672
-0.0602669
-0.0602667
-0.0602665
-0.0602663
-0.0602661
-0.060266
-0.0602658
-0.0602656
-0.0602655
-0.0602654
-0.0602653
-0.0602652
-0.0602652
-0.0602651
-0.0602651
-0.0602651
-0.0602651
-0.0602652
-0.0602653
-0.0602654
-0.0602656
-0.0602657
-0.0602659
-0.060266
-0.0602662
-0.0602664
-0.0602667
-0.0602669
-0.0602672
-0.0602674
-0.0602677
-0.0602679
-0.0602682
-0.0602684
-0.0602686
-0.0602689
-0.0602691
-0.0602693
-0.0602696
-0.0602698
-0.06027
-0.0602702
-0.0602705
-0.0602706
-0.0602707
-0.0602708
-0.0602709
-0.060271
-0.060271
-0.0602711
-0.0602711
-0.0602712
-0.0602712
-0.0602712
-0.0602713
-0.0602714
-0.0602714
-0.0602715
-0.0602716
-0.0602717
-0.0602718
-0.0602719
-0.060272
-0.0602721
-0.0602722
-0.0602723
-0.0602725
-0.0602726
-0.0602727
-0.0602727
-0.0602727
-0.0602728
-0.0602728
-0.0602728
-0.0602728
-0.0602728
-0.0602728
-0.0602727
-0.0602726
-0.0602726
-0.0602725
-0.0602724
-0.0602723
-0.0602722
-0.0602721
-0.060272
-0.0602719
-0.0602718
-0.0602718
-0.0602717
-0.0602716
-0.0602715
-0.0602714
-0.0602713
-0.0602713
-0.0602712
-0.0602712
-0.0602712
-0.0602711
-0.0602711
-0.0602711
-0.060271
-0.0602709
-0.0602708
-0.0602706
-0.0602705
-0.0602703
-0.0602701
-0.06027
-0.0602699
-0.0602698
-0.0602697
-0.0602696
-0.0602695
-0.0602695
-0.0602696
-0.0602696
-0.0602697
-0.0602698
-0.0602699
-0.0602701
-0.0602702
-0.0602703
-0.0602704
-0.0602705
-0.0602706
-0.0602707
-0.0602709
-0.060271
-0.0602711
-0.0602713
-0.0602714
-0.0602715
-0.0602716
-0.0602717
-0.0602718
-0.0602719
-0.060272
-0.060272
-0.060272
-0.060272
-0.060272
-0.060272
-0.0602719
-0.0602719
-0.0602718
-0.0602717
-0.0602717
-0.0602716
-0.0602716
-0.0602715
-0.0602714
-0.0602713
-0.0602713
-0.0602711
-0.060271
-0.0602708
-0.0602707
-0.0602705
-0.0602703
-0.0602701
-0.0602699
-0.0602697
-0.0602694
-0.0602692
-0.0602689
-0.0602686
-0.0602683
-0.0602679
-0.0602676
-0.0602673
-0.060267
-0.0602667
-0.0602665
-0.0602662
-0.0602659
-0.0602655
-0.0602652
-0.0602648
-0.0602645
-0.0602641
-0.0602637
-0.0602634
-0.0602629
-0.0602625
-0.0602621
-0.0602616
-0.0602611
-0.0602607
-0.0602602
-0.0602597
-0.0602591
-0.0602586
-0.060258
-0.0602574
-0.0602568
-0.0602562
-0.0602555
-0.0602548
-0.0602542
-0.0602536
-0.060253
-0.0602524
-0.0602518
-0.0602512
-0.0602506
-0.06025
-0.0602494
-0.0602489
-0.0602484
-0.0602478
-0.0602472
-0.0602467
-0.0602461
-0.0602455
-0.0602448
-0.0602442
-0.0602436
-0.060243
-0.0602425
-0.060242
-0.0602415
-0.060241
-0.0602405
-0.06024
-0.0602396
-0.0602391
-0.0602387
-0.0602383
-0.0602379
-0.0602375
-0.0602371
-0.0602367
-0.0602363
-0.0602359
-0.0602356
-0.0602352
-0.0602349
-0.0602346
-0.0602342
-0.0602339
-0.0602336
-0.0602332
-0.0602328
-0.0602324
-0.060232
-0.0602316
-0.0602312
-0.0602308
-0.0602304
-0.0602299
-0.0602295
-0.0602291
-0.0602287
-0.0602283
-0.0602279
-0.0602275
-0.0602272
-0.0602269
-0.0602266
-0.0602263
-0.060226
-0.0602258
-0.0602256
-0.0602255
-0.0602254
-0.0602253
-0.0602253
-0.0602254
-0.0602255
-0.0602256
-0.0602257
-0.0602259
-0.060226
-0.0602263
-0.0602265
-0.0602267
-0.060227
-0.0602272
-0.0602274
-0.0602276
-0.0602278
-0.0602279
-0.0602281
-0.0602283
-0.0602284
-0.0602286
-0.0602287
-0.0602288
-0.0602289
-0.0602291
-0.0602292
-0.0602293
-0.0602293
-0.0602294
-0.0602294
-0.0602295
-0.0602296
-0.0602297
-0.0602298
-0.0602299
-0.06023
-0.0602301
-0.0602302
-0.0602303
-0.0602304
-0.0602306
-0.0602307
-0.0602308
-0.060231
-0.0602312
-0.0602314
-0.0602316
-0.0602318
-0.0602319
-0.0602321
-0.0602322
-0.0602324
-0.0602326
-0.0602327
-0.0602328
-0.0602329
-0.060233
-0.0602331
-0.0602333
-0.0602334
-0.0602334
-0.0602335
-0.0602335
-0.0602336
-0.0602337
-0.0602338
-0.0602338
-0.0602339
-0.0602339
-0.0602339
-0.060234
-0.060234
-0.0602341
-0.0602342
-0.0602342
-0.0602343
-0.0602344
-0.0602344
-0.0602344
-0.0602345
-0.0602345
-0.0602345
-0.0602344
-0.0602344
-0.0602344
-0.0602344
-0.0602345
-0.0602345
-0.0602346
-0.0602347
-0.0602349
-0.060235
-0.0602352
-0.0602354
-0.0602356
-0.0602358
-0.0602361
-0.0602363
-0.0602365
-0.0602368
-0.060237
-0.0602372
-0.0602374
-0.0602376
-0.0602378
-0.0602381
-0.0602383
-0.0602385
-0.0602386
-0.0602388
-0.060239
-0.0602392
-0.0602394
-0.0602397
-0.0602399
-0.0602402
-0.0602404
-0.0602406
-0.0602408
-0.060241
-0.0602412
-0.0602414
-0.0602415
-0.0602417
-0.0602419
-0.0602421
-0.0602424
-0.0602426
-0.0602428
-0.060243
-0.0602432
-0.0602434
-0.0602436
-0.0602438
-0.0602439
-0.060244
-0.0602441
-0.0602441
-0.0602441
-0.0602392
-0.0602296
-0.06022
-0.0602104
-0.0601961
-0.0601864
-0.0601719
-0.0601575
-0.0601479
-0.0601334
-0.0601238
-0.0601046
-0.0600901
-0.0600805
-0.0600612
-0.0600516
-0.0600371
-0.0600226
-0.0600035
-0.059989
-0.0599745
-0.0599601
-0.0599409
-0.0599314
-0.059917
-0.0598979
-0.0598883
-0.0598738
-0.0598641
-0.0598495
-0.0598396
-0.0598297
-0.0598197
-0.0598097
-0.0598043
-0.0597943
-0.0597891
-0.0597887
-0.0597788
-0.0597783
-0.0597733
-0.0597777
-0.0597774
-0.0597722
-0.0597719
-0.0597715
-0.059771
-0.0597706
-0.05977
-0.0597647
-0.0597688
-0.0597681
-0.0597675
-0.0597668
-0.0597613
-0.0597606
-0.0597646
-0.0597591
-0.0597583
-0.0597528
-0.0597568
-0.0597513
-0.0597457
-0.0597449
-0.0597444
-0.0597389
-0.0597336
-0.0597274
-0.0597261
-0.0597202
-0.0597143
-0.0597084
-0.0596975
-0.0596915
-0.0596854
-0.0596697
-0.0596636
-0.0596527
-0.0596416
-0.0596306
-0.0596196
-0.0596086
-0.0595927
-0.0595862
-0.0595752
-0.0595688
-0.0595576
-0.0595512
-0.0595449
-0.0595386
-0.0595371
-0.0595308
-0.0595245
-0.0595182
-0.0595121
-0.0595059
-0.0595045
-0.0594984
-0.0594874
-0.0594813
-0.0594703
-0.0594643
-0.0594487
-0.0594427
-0.0594368
-0.0594259
-0.0594104
-0.0593996
-0.0593937
-0.0593878
-0.0593769
-0.0593709
-0.0593648
-0.0593588
-0.0593528
-0.0593468
-0.0593408
-0.0593348
-0.0593337
-0.059323
-0.0593171
-0.0593063
-0.0593005
-0.0592897
-0.0592791
-0.0592683
-0.0592527
-0.0592466
-0.0592356
-0.0592198
-0.0592086
-0.0591975
-0.0591813
-0.05917
-0.0591634
-0.0591473
-0.0591406
-0.059134
-0.0591272
-0.0591206
-0.0591187
-0.059112
-0.0591054
-0.0590989
-0.0590922
-0.0590857
-0.0590791
-0.0590677
-0.0590613
-0.0590547
-0.0590435
-0.0590323
-0.0590172
-0.0590116
-0.0589965
-0.0589863
-0.0589712
-0.0589609
-0.0589506
-0.0589307
-0.0589157
-0.0589007
-0.0588858
-0.0588708
-0.0588512
-0.0588363
-0.0588167
-0.0587972
-0.0587824
-0.0587629
-0.0587386
-0.0587143
-0.05869
-0.0586706
-0.0586464
-0.0586175
-0.0585886
-0.0585645
-0.0585404
-0.0585115
-0.0584876
-0.0584635
-0.0584348
-0.0584107
-0.0583916
-0.0583628
-0.0583437
-0.0583197
-0.058291
-0.0582671
-0.0582482
-0.0582244
-0.0582007
-0.0581722
-0.0581485
-0.0581105
-0.0580821
-0.058049
-0.0580111
-0.0579733
-0.0579355
-0.0578978
-0.0578553
-0.057808
-0.0577655
-0.0577183
-0.0576711
-0.0576288
-0.0575818
-0.0575348
-0.0574926
-0.0574503
-0.0574034
-0.0573517
-0.0573002
-0.0572486
-0.0572019
-0.0571551
-0.0570988
-0.0570425
-0.0569863
-0.0569301
-0.0568787
-0.0568179
-0.0567618
-0.0567057
-0.0566449
-0.056584
-0.056528
-0.0564625
-0.0564017
-0.056341
-0.0562756
-0.0562102
-0.0561496
-0.0560891
-0.0560334
-0.055973
-0.0559174
-0.0558523
-0.0557968
-0.0557412
-0.0556856
-0.0556347
-0.0555744
-0.0555188
-0.0554585
-0.0554028
-0.055352
-0.055301
-0.0552454
-0.0551993
-0.0551436
-0.0550973
-0.0550464
-0.0549907
-0.0549397
-0.0548933
-0.0548423
-0.0547865
-0.0547403
-0.0546846
-0.0546382
-0.0545967
-0.0545456
-0.0544994
-0.0544531
-0.0544068
-0.0543607
-0.0543192
-0.0542732
-0.0542319
-0.0541905
-0.0541447
-0.0541083
-0.0540624
-0.054026
-0.0539896
-0.0539487
-0.0539489
-0.0539491
-0.0539492
-0.0539494
-0.0539494
-0.0539494
-0.0539494
-0.0539493
-0.0539492
-0.0539489
-0.0539487
-0.0539484
-0.0539481
-0.0539478
-0.0539475
-0.0539471
-0.0539467
-0.0539463
-0.0539458
-0.0539453
-0.0539447
-0.053944
-0.0539434
-0.0539428
-0.0539422
-0.0539416
-0.053941
-0.0539404
-0.0539398
-0.0539392
-0.0539386
-0.053938
-0.0539374
-0.0539368
-0.0539362
-0.0539356
-0.0539349
-0.0539342
-0.0539336
-0.053933
-0.0539324
-0.0539318
-0.0539312
-0.0539307
-0.0539301
-0.0539296
-0.053929
-0.0539285
-0.053928
-0.0539275
-0.053927
-0.0539265
-0.053926
-0.0539256
-0.053925
-0.0539245
-0.0539239
-0.0539233
-0.0539227
-0.0539221
-0.0539215
-0.0539209
-0.0539203
-0.0539197
-0.0539191
-0.0539185
-0.0539179
-0.0539173
-0.0539168
-0.0539162
-0.0539156
-0.053915
-0.0539144
-0.0539137
-0.0539131
-0.0539125
-0.0539119
-0.0539113
-0.0539107
-0.0539101
-0.0539095
-0.0539089
-0.0539083
-0.0539077
-0.0539071
-0.0539065
-0.0539059
-0.0539054
-0.0539049
-0.0539043
-0.0539038
-0.0539034
-0.0539029
-0.0539024
-0.0539019
-0.0539014
-0.0539009
-0.0539004
-0.0538999
-0.0538994
-0.0538989
-0.0538985
-0.053898
-0.0538976
-0.0538972
-0.0538968
-0.0538964
-0.053896
-0.0538956
-0.0538952
-0.0538948
-0.0538945
-0.0538941
-0.0538938
-0.0538935
-0.0538932
-0.0538928
-0.0538925
-0.0538922
-0.0538919
-0.0538915
-0.0538912
-0.0538908
-0.0538906
-0.0538903
-0.0538901
-0.0538899
-0.0538897
-0.0538894
-0.0538892
-0.053889
-0.0538888
-0.0538886
-0.0538883
-0.0538881
-0.0538878
-0.0538876
-0.0538875
-0.0538873
-0.0538871
-0.0538869
-0.0538867
-0.0538865
-0.0538864
-0.0538862
-0.0538861
-0.053886
-0.0538859
-0.0538858
-0.0538857
-0.0538856
-0.0538855
-0.0538854
-0.0538853
-0.0538852
-0.0538852
-0.0538852
-0.0538851
-0.053885
-0.0538849
-0.0538848
-0.0538848
-0.0538848
-0.0538847
-0.0538847
-0.0538847
-0.0538846
-0.0538846
-0.0538845
-0.0538844
-0.0538843
-0.0538843
-0.0538842
-0.0538841
-0.053884
-0.0538839
-0.0538838
-0.0538837
-0.0538835
-0.0538833
-0.053883
-0.0538827
-0.0538824
-0.053882
-0.0538817
-0.0538814
-0.053881
-0.0538807
-0.0538804
-0.05388
-0.0538797
-0.0538794
-0.053879
-0.0538785
-0.053878
-0.0538775
-0.053877
-0.0538764
-0.0538758
-0.0538751
-0.0538745
-0.0538738
-0.0538731
-0.0538724
-0.0538717
-0.053871
-0.0538703
-0.0538696
-0.0538688
-0.0538681
-0.0538674
-0.0538667
-0.0538659
-0.0538652
-0.0538644
-0.0538636
-0.0538627
-0.0538619
-0.053861
-0.0538602
-0.0538594
-0.0538586
-0.0538577
-0.0538569
-0.053856
-0.0538551
-0.0538542
-0.0538534
-0.0538525
-0.0538516
-0.0538507
-0.0538498
-0.0538488
-0.0538479
-0.0538469
-0.0538459
-0.0538449
-0.0538439
-0.0538429
-0.0538418
-0.0538408
-0.0538397
-0.0538386
-0.0538375
-0.0538363
-0.0538352
-0.053834
-0.0538328
-0.0538317
-0.0538305
-0.0538293
-0.0538282
-0.053827
-0.0538259
-0.0538249
-0.0538238
-0.0538228
-0.0538218
-0.0538208
-0.0538198
-0.0538188
-0.0538178
-0.0538169
-0.053816
-0.0538151
-0.0538143
-0.0538134
-0.0538126
-0.0538118
-0.053811
-0.0538102
-0.0538094
-0.0538086
-0.0538078
-0.0538069
-0.053806
-0.0538051
-0.0538042
-0.0538033
-0.0538025
-0.0538016
-0.0538007
-0.0537999
-0.053799
-0.0537982
-0.0537973
-0.0537965
-0.0537957
-0.0537948
-0.053794
-0.0537932
-0.0537924
-0.0537916
-0.0537908
-0.0537899
-0.0537891
-0.0537883
-0.0537875
-0.0537867
-0.053786
-0.0537854
-0.0537847
-0.053784
-0.0537834
-0.0537827
-0.053782
-0.0537814
-0.0537808
-0.0537802
-0.0537796
-0.0537791
-0.0537785
-0.053778
-0.0537775
-0.053777
-0.0537765
-0.0537761
-0.0537758
-0.0537755
-0.0537752
-0.0537749
-0.0537747
-0.0537745
-0.0537744
-0.0537742
-0.0537741
-0.053774
-0.053774
-0.0537739
-0.0537739
-0.053774
-0.0537741
-0.0537741
-0.0537742
-0.0537743
-0.0537744
-0.0537744
-0.0537745
-0.0537746
-0.0537747
-0.0537747
-0.0537748
-0.0537749
-0.053775
-0.053775
-0.0537751
-0.0537752
-0.0537753
-0.0537754
-0.0537755
-0.0537755
-0.0537756
-0.0537757
-0.0537759
-0.0537761
-0.0537763
-0.0537765
-0.0537767
-0.0537769
-0.0537771
-0.0537773
-0.0537776
-0.0537778
-0.0537781
-0.0537784
-0.0537787
-0.0537791
-0.0537794
-0.0537798
-0.0537801
-0.0537804
-0.0537807
-0.053781
-0.0537813
-0.0537817
-0.053782
-0.0537823
-0.0537827
-0.053783
-0.0537834
-0.0537837
-0.053784
-0.0537843
-0.0537846
-0.053785
-0.0537854
-0.0537857
-0.0537862
-0.0537866
-0.053787
-0.0537875
-0.053788
-0.0537885
-0.053789
-0.0537895
-0.05379
-0.0537906
-0.0537911
-0.0537917
-0.0537922
-0.0537928
-0.0537931
-0.0537933
-0.0537936
-0.0537939
-0.0537942
-0.0537945
-0.0537948
-0.0537951
-0.0537954
-0.0537957
-0.053796
-0.0537963
-0.0537965
-0.0537968
-0.0537971
-0.0537974
-0.0537977
-0.053798
-0.0537983
-0.0537986
-0.0537989
-0.0537992
-0.0537996
-0.0538
-0.0538003
-0.0538007
-0.053801
-0.0538013
-0.0538016
-0.0538019
-0.0538022
-0.0538025
-0.0538028
-0.0538031
-0.0538035
-0.0538039
-0.0538043
-0.0538047
-0.0538052
-0.0538056
-0.053806
-0.0538065
-0.0538069
-0.0538073
-0.0538077
-0.0538081
-0.0538085
-0.0538089
-0.0538092
-0.0538095
-0.0538098
-0.0538101
-0.0538104
-0.0538107
-0.0538109
-0.0538111
-0.0538113
-0.0538116
-0.0538118
-0.0538121
-0.0538123
-0.0538125
-0.0538128
-0.053813
-0.0538133
-0.0538136
-0.053814
-0.0538143
-0.0538147
-0.053815
-0.0538153
-0.0538156
-0.0538159
-0.0538162
-0.0538166
-0.0538169
-0.0538173
-0.0538176
-0.0538179
-0.0538183
-0.0538186
-0.0538189
-0.0538193
-0.0538196
-0.05382
-0.0538203
-0.0538207
-0.053821
-0.0538213
-0.0538217
-0.053822
-0.0538224
-0.0538227
-0.0538231
-0.0538234
-0.0538238
-0.0538241
-0.0538245
-0.0538248
-0.0538251
-0.0538253
-0.0538255
-0.0538257
-0.0538259
-0.0538261
-0.0538264
-0.0538267
-0.0538269
-0.0538272
-0.0538274
-0.0538277
-0.0538279
-0.0538281
-0.0538283
-0.0538286
-0.0538289
-0.0538292
-0.0538294
-0.0538297
-0.05383
-0.0538303
-0.0538306
-0.053831
-0.0538313
-0.0538317
-0.053832
-0.0538324
-0.0538328
-0.0538324
-0.0538321
-0.053828
-0.0538304
-0.0538263
-0.0538223
-0.053821
-0.0538173
-0.053816
-0.0538084
-0.0538036
-0.0537987
-0.0537938
-0.0537849
-0.0537763
-0.0537714
-0.053759
-0.053753
-0.0537406
-0.0537345
-0.0537286
-0.0537162
-0.0537103
-0.0537044
-0.0536987
-0.053693
-0.0536846
-0.0536803
-0.0536745
-0.0536637
-0.0536553
-0.0536471
-0.0536387
-0.0536305
-0.0536156
-0.0536071
-0.053596
-0.0535887
-0.0535813
-0.0535698
-0.0535559
-0.0535415
-0.0535236
-0.0535056
-0.0534903
-0.0534757
-0.0534614
-0.0534496
-0.0534351
-0.0534243
-0.0534098
-0.0534019
-0.0533915
-0.0533848
-0.0533741
-0.0533637
-0.053357
-0.0533529
-0.0533462
-0.0533422
-0.0533381
-0.053334
-0.0533296
-0.0533254
-0.0533246
-0.0533203
-0.0533195
-0.0533213
-0.0533207
-0.0533198
-0.0533224
-0.0533214
-0.0533242
-0.0533241
-0.0533231
-0.0533259
-0.0533286
-0.0533311
-0.0533338
-0.0533338
-0.0533365
-0.0533394
-0.0533393
-0.0533419
-0.0533418
-0.0533417
-0.0533453
-0.0533449
-0.0533486
-0.0533522
-0.0533558
-0.0533594
-0.05336
-0.0533674
-0.053368
-0.0533753
-0.0533797
-0.0533843
-0.0533916
-0.0533997
-0.0534043
-0.0534154
-0.05342
-0.0534249
-0.0534285
-0.0534332
-0.0534406
-0.0534457
-0.0534532
-0.0534644
-0.0534719
-0.0534794
-0.0534834
-0.0534873
-0.0534938
-0.0534966
-0.0535032
-0.0535061
-0.0535091
-0.0535083
-0.0535113
-0.0535103
-0.0535095
-0.0535096
-0.0535096
-0.0535097
-0.0535098
-0.05351
-0.0535099
-0.0535101
-0.0535104
-0.0535107
-0.0535111
-0.0535112
-0.0535116
-0.053512
-0.0535124
-0.0535129
-0.0535131
-0.0535136
-0.0535141
-0.0535144
-0.0535175
-0.0535219
-0.0535223
-0.0535226
-0.053523
-0.0535274
-0.0535279
-0.0535256
-0.0535301
-0.0535306
-0.0535313
-0.0535317
-0.0535389
-0.0535394
-0.0535402
-0.053541
-0.0535418
-0.0535453
-0.0535426
-0.0535434
-0.0535441
-0.0535441
-0.0535448
-0.0535445
-0.0535417
-0.0535414
-0.0535374
-0.0535344
-0.0535266
-0.0535225
-0.053515
-0.0535034
-0.0534946
-0.0534831
-0.0534746
-0.0534668
-0.053458
-0.0534532
-0.0534444
-0.0534345
-0.0534218
-0.0534089
-0.0533989
-0.0533837
-0.053371
-0.0533595
-0.0533441
-0.0533263
-0.0533122
-0.0532943
-0.0532762
-0.0532621
-0.0532416
-0.0532272
-0.0532094
-0.0531952
-0.0531773
-0.0531631
-0.0531489
-0.0531346
-0.0531204
-0.0531061
-0.0530958
-0.0530816
-0.053071
-0.0530607
-0.0530501
-0.0530405
-0.0530376
-0.0530308
-0.0530252
-0.053026
-0.0530265
-0.0530243
-0.0530251
-0.0530292
-0.0530331
-0.0530408
-0.0530446
-0.0530558
-0.0530632
-0.053074
-0.0530887
-0.0531032
-0.0531153
-0.0531298
-0.0531417
-0.0531602
-0.0531721
-0.0531877
-0.0532033
-0.0532225
-0.053238
-0.0532573
-0.0532731
-0.0532923
-0.0533118
-0.0533276
-0.0533471
-0.0533656
-0.0533818
-0.0534041
-0.053423
-0.0534453
-0.0534642
-0.0534792
-0.0534946
-0.0535136
-0.0535288
-0.0535479
-0.0535668
-0.0535859
-0.0536011
-0.0536166
-0.0536318
-0.0536434
-0.0536584
-0.0536736
-0.053689
-0.0537043
-0.0537197
-0.0537352
-0.0537544
-0.0537699
-0.0537892
-0.0538122
-0.0538314
-0.0538442
-0.0538634
-0.0538827
-0.0538982
-0.0539178
-0.0539333
-0.0539489
-0.0539645
-0.0539804
-0.0539922
-0.0540041
-0.05402
-0.0540319
-0.05404
-0.0540519
-0.0540603
-0.0540721
-0.0540802
-0.0540883
-0.0540967
-0.0541048
-0.0541129
-0.0541171
-0.0541252
-0.0541294
-0.0541377
-0.0541419
-0.0541424
-0.0541466
-0.0541508
-0.0541513
-0.0541556
-0.054156
-0.0541565
-0.0541607
-0.0541611
-0.0541653
-0.0541657
-0.05417
-0.0541742
-0.0541785
-0.0541865
-0.0541908
-0.0541961
-0.0542003
-0.0542121
-0.0542201
-0.0542322
-0.0542413
-0.0542574
-0.0542695
-0.054283
-0.0542989
-0.0543151
-0.0543311
-0.0543475
-0.0543611
-0.0543772
-0.0543936
-0.0544136
-0.0544336
-0.0544495
-0.0544695
-0.0544859
-0.0545086
-0.0545285
-0.0545484
-0.0545725
-0.0545963
-0.0546166
-0.0546407
-0.0546645
-0.0546847
-0.0547088
-0.0547329
-0.0547566
-0.0547847
-0.0548087
-0.0548365
-0.0548646
-0.0548885
-0.0549164
-0.0549445
-0.0549684
-0.0549938
-0.055022
-0.0550463
-0.0550706
-0.0550988
-0.0551271
-0.0551529
-0.0551815
-0.05521
-0.0552398
-0.0552698
-0.0552999
-0.05533
-0.05536
-0.0553874
-0.0554214
-0.0554524
-0.0554879
-0.0555273
-0.055567
-0.0556026
-0.0556393
-0.0556828
-0.0557223
-0.0557659
-0.0558055
-0.0558453
-0.0558851
-0.0559253
-0.0559683
-0.0560125
-0.0560565
-0.0561033
-0.0561517
-0.0561926
-0.0562439
-0.056289
-0.0563381
-0.0563876
-0.0564328
-0.0564824
-0.0565298
-0.0565759
-0.0566275
-0.0566819
-0.0567377
-0.0567856
-0.0568379
-0.0568944
-0.0569466
-0.0570034
-0.0570562
-0.057105
-0.0571624
-0.0572154
-0.0572727
-0.0573259
-0.0573821
-0.0574359
-0.0574885
-0.0575448
-0.0576012
-0.057654
-0.0577133
-0.0577661
-0.0578229
-0.0578787
-0.0579388
-0.0579959
-0.0580475
-0.0581038
-0.0581529
-0.0582095
-0.0582657
-0.0583193
-0.058372
-0.0584262
-0.0584801
-0.0585345
-0.0585894
-0.0586454
-0.0587002
-0.058748
-0.0588044
-0.0588552
-0.0589114
-0.0589625
-0.0590128
-0.059065
-0.0591162
-0.0591686
-0.0592208
-0.0592762
-0.059329
-0.0593818
-0.05943
-0.0594829
-0.0595356
-0.0595812
-0.0596292
-0.0596778
-0.0597236
-0.0597675
-0.0598158
-0.0598613
-0.0599058
-0.0599542
-0.060002
-0.0600422
-0.0600864
-0.060131
-0.0601712
-0.060216
-0.0602521
-0.0602921
-0.0603281
-0.0603657
-0.0604018
-0.0604391
-0.0604792
-0.0605164
-0.0605542
-0.0605964
-0.060629
-0.0606693
-0.0607067
-0.0607447
-0.0607783
-0.0608164
-0.0608546
-0.0608879
-0.0609216
-0.0609529
-0.0609867
-0.0610205
-0.0610511
-0.0610845
-0.0611196
-0.0611506
-0.0611862
-0.0612168
-0.0612435
-0.0612718
-0.0613046
-0.0613334
-0.0613667
-0.0613999
-0.0614287
-0.0614575
-0.0614863
-0.0615167
-0.0615455
-0.0615739
-0.0616044
-0.0616304
-0.0616639
-0.061697
-0.061731
-0.0617571
-0.0617838
-0.06181
-0.0618408
-0.0618701
-0.0618985
-0.0619253
-0.0619516
-0.0619729
-0.0620035
-0.0620274
-0.0620484
-0.0620769
-0.0621084
-0.0621319
-0.0621575
-0.0621814
-0.0622049
-0.0622254
-0.0622489
-0.062277
-0.0623005
-0.0623282
-0.0623483
-0.0623688
-0.0623889
-0.0624136
-0.062429
-0.0624465
-0.0624606
-0.062478
-0.0624981
-0.062512
-0.0625259
-0.0625408
-0.062553
-0.0625699
-0.0625898
-0.062605
-0.0626214
-0.0626418
-0.0626643
-0.06268
-0.0626891
-0.0627065
-0.0627235
-0.0627331
-0.06275
-0.0627639
-0.0627778
-0.0627917
-0.0628103
-0.0628229
-0.0628316
-0.0628442
-0.062858
-0.0628754
-0.0628832
-0.062891
-0.0628988
-0.0628987
-0.0629016
-0.0629045
-0.0629053
-0.0629029
-0.0629005
-0.0628977
-0.0628983
-0.0628893
-0.0628905
-0.0628836
-0.062874
-0.0628692
-0.0628658
-0.0628641
-0.0628564
-0.0628487
-0.062836
-0.062825
-0.0628122
-0.0627957
-0.0627743
-0.0627575
-0.0627386
-0.0627217
-0.0627006
-0.0626848
-0.0626603
-0.0626391
-0.0626205
-0.0626024
-0.062581
-0.0625515
-0.0625299
-0.0625031
-0.0624794
-0.0624577
-0.0624312
-0.0624094
-0.0623795
-0.0623576
-0.062339
-0.0623121
-0.0622933
-0.062274
-0.0622518
-0.062234
-0.0622146
-0.0621988
-0.0621809
-0.0621577
-0.0621343
-0.0621152
-0.0620965
-0.0620724
-0.062056
-0.0620314
-0.062012
-0.0619921
-0.0619702
-0.0619531
-0.0619356
-0.0619135
-0.0618959
-0.0618782
-0.0618619
-0.0618437
-0.0618273
-0.061809
-0.0617925
-0.0617756
-0.0617586
-0.0617415
-0.0617281
-0.0617108
-0.0616969
-0.0616795
-0.0616621
-0.0616476
-0.0616383
-0.0616242
-0.0616145
-0.0616052
-0.0615908
-0.061581
-0.0615715
-0.0615621
-0.0615522
-0.0615427
-0.0615381
-0.0615285
-0.0615273
-0.0615182
-0.0615169
-0.0615121
-0.0615063
-0.0615049
-0.061502
-0.0614995
-0.0614981
-0.0614956
-0.0614926
-0.0614935
-0.0614989
-0.0615047
-0.0615052
-0.061506
-0.0615114
-0.0615084
-0.0615176
-0.0615183
-0.0615239
-0.0615294
-0.0615301
-0.0615357
-0.0615364
-0.0615421
-0.0615478
-0.0615535
-0.0615558
-0.0615615
-0.0615622
-0.0615664
-0.0615721
-0.0615828
-0.0615974
-0.061603
-0.0616137
-0.0616229
-0.0616336
-0.0616459
-0.06166
-0.0616691
-0.0616782
-0.0616908
-0.0617084
-0.061726
-0.0617436
-0.0617563
-0.0617724
-0.061785
-0.0618012
-0.0618139
-0.0618302
-0.0618465
-0.0618629
-0.0618762
-0.0618876
-0.0619004
-0.0619117
-0.0619234
-0.0619347
-0.061946
-0.0619577
-0.0619776
-0.0619894
-0.0620043
-0.0620196
-0.0620345
-0.0620545
-0.0620663
-0.0620812
-0.0620961
-0.0621114
-0.0621411
-0.0621579
-0.0621743
-0.0621856
-0.062197
-0.0622052
-0.0622164
-0.0622246
-0.0622358
-0.0622435
-0.0622551
-0.0622679
-0.0622811
-0.0622944
-0.0623021
-0.0623119
-0.06232
-0.0623328
-0.0623374
-0.062347
-0.0623598
-0.0623644
-0.0623777
-0.0623874
-0.0623916
-0.0623977
-0.0624105
-0.062415
-0.0624196
-0.0624276
-0.0624368
-0.0624413
-0.0624457
-0.0624466
-0.062451
-0.0624513
-0.0624505
-0.0624548
-0.0624504
-0.0624515
-0.0624471
-0.0624517
-0.0624476
-0.0624525
-0.0624535
-0.0624498
-0.0624508
-0.062447
-0.0624396
-0.062441
-0.0624375
-0.0624301
-0.0624261
-0.062419
-0.0624155
-0.0624083
-0.0624048
-0.0623961
-0.0623925
-0.0623841
-0.0623758
-0.062367
-0.062357
-0.0623481
-0.0623341
-0.062324
-0.0623155
-0.062305
-0.0622948
-0.0622846
-0.0622708
-0.0622554
-0.062241
-0.0622307
-0.0622255
-0.0622115
-0.0621974
-0.0621834
-0.0621744
-0.0621639
-0.0621553
-0.0621467
-0.0621377
-0.062125
-0.0621163
-0.0621035
-0.0620959
-0.0620872
-0.0620799
-0.0620727
-0.0620651
-0.0620578
-0.0620506
-0.0620465
-0.0620352
-0.0620278
-0.06202
-0.0620209
-0.062013
-0.062014
-0.062006
-0.0619979
-0.0619947
-0.0619855
-0.0619856
-0.0619763
-0.0619722
-0.0619633
-0.0619592
-0.061955
-0.0619474
-0.0619394
-0.0619314
-0.061929
-0.0619262
-0.0619181
-0.0619152
-0.0619085
-0.061897
-0.0618903
-0.0618873
-0.0618754
-0.061869
-0.0618663
-0.0618633
-0.0618516
-0.0618484
-0.0618409
-0.0618314
-0.061823
-0.0618187
-0.0618145
-0.0618049
-0.0617957
-0.0617861
-0.0617768
-0.0617709
-0.0617596
-0.0617483
-0.0617423
-0.0617314
-0.06172
-0.0617105
-0.0616996
-0.0616882
-0.0616788
-0.061664
-0.0616541
-0.0616446
-0.0616298
-0.0616165
-0.0616029
-0.0615953
-0.0615859
-0.0615727
-0.061561
-0.0615517
-0.0615386
-0.0615304
-0.0615173
-0.0615102
-0.0615012
-0.061498
-0.0614894
-0.061477
-0.0614681
-0.061463
-0.0614632
-0.0614548
-0.0614498
-0.061441
-0.0614321
-0.0614237
-0.061424
-0.0614154
-0.0614069
-0.0614033
-0.0613924
-0.0613853
-0.0613782
-0.0613673
-0.0613601
-0.0613543
-0.0613471
-0.0613324
-0.0613266
-0.0613208
-0.0613188
-0.0613125
-0.0613066
-0.0612992
-0.0612952
-0.0612891
-0.0612773
-0.0612697
-0.0612674
-0.0612648
-0.0612571
-0.0612494
-0.0612431
-0.0612353
-0.0612275
-0.061225
-0.0612131
-0.0612052
-0.0611932
-0.0611809
-0.0611648
-0.0611567
-0.0611445
-0.0611372
-0.0611343
-0.0611219
-0.0611135
-0.0611007
-0.0610827
-0.0610742
-0.0610653
-0.0610567
-0.0610539
-0.0610463
-0.0610377
-0.061029
-0.0610202
-0.0610169
-0.0610084
-0.0609999
-0.060987
-0.0609784
-0.0609706
-0.0609613
-0.0609519
-0.0609383
-0.0609342
-0.060926
-0.0609217
-0.0609118
-0.0609019
-0.0608975
-0.0608872
-0.0608826
-0.0608763
-0.0608663
-0.0608565
-0.0608501
-0.0608395
-0.0608275
-0.0608173
-0.0608076
-0.0607958
-0.0607857
-0.0607755
-0.0607657
-0.0607554
-0.0607493
-0.0607393
-0.0607296
-0.0607196
-0.0607095
-0.060699
-0.0606902
-0.0606855
-0.060679
-0.0606742
-0.060669
-0.0606597
-0.0606487
-0.0606438
-0.0606345
-0.0606295
-0.0606201
-0.060611
-0.060607
-0.0605934
-0.0605852
-0.0605812
-0.0605755
-0.0605718
-0.0605635
-0.060559
-0.0605546
-0.0605504
-0.0605459
-0.0605459
-0.0605512
-0.0605508
-0.0605463
-0.0605516
-0.0605516
-0.0605572
-0.0605627
-0.0605623
-0.0605622
-0.0605618
-0.0605669
-0.0605626
-0.0605625
-0.0605624
-0.060562
-0.0605675
-0.0605671
-0.0605723
-0.0605718
-0.0605727
-0.0605669
-0.060572
-0.0605714
-0.0605765
-0.0605759
-0.0605717
-0.0605767
-0.0605765
-0.0605775
-0.0605828
-0.0605824
-0.0605877
-0.0605869
-0.0605908
-0.0605907
-0.0605998
-0.0605993
-0.060603
-0.0606078
-0.0606125
-0.0606159
-0.0606206
-0.0606295
-0.0606284
-0.0606372
-0.06064
-0.060643
-0.060646
-0.0606503
-0.0606529
-0.0606514
-0.0606599
-0.0606583
-0.0606623
-0.0606662
-0.0606702
-0.060674
-0.0606735
-0.0606775
-0.0606815
-0.0606794
-0.0606873
-0.0606907
-0.0606984
-0.0607019
-0.0607095
-0.060717
-0.0607187
-0.0607206
-0.0607221
-0.0607221
-0.0607234
-0.0607235
-0.0607245
-0.0607197
-0.0607192
-0.0607186
-0.060718
-0.0607233
-0.0607283
-0.0607232
-0.0607283
-0.0607286
-0.0607289
-0.0607338
-0.0607339
-0.0607342
-0.0607342
-0.0607324
-0.0607381
-0.0607424
-0.060748
-0.0607436
-0.0607481
-0.0607495
-0.0607494
-0.0607492
-0.0607489
-0.0607486
-0.0607423
-0.0607461
-0.06074
-0.0607394
-0.0607328
-0.0607366
-0.0607344
-0.0607321
-0.0607359
-0.0607335
-0.0607372
-0.0607405
-0.0607386
-0.0607373
-0.0607353
-0.0607342
-0.0607318
-0.0607351
-0.0607384
-0.0607308
-0.060734
-0.0607329
-0.0607373
-0.06074
-0.0607429
-0.0607411
-0.0607442
-0.0607468
-0.06075
-0.0607526
-0.0607554
-0.0607641
-0.0607672
-0.0607696
-0.0607782
-0.0607853
-0.0607928
-0.0608009
-0.0608082
-0.0608163
-0.0608233
-0.06083
-0.060837
-0.0608391
-0.0608395
-0.0608464
-0.0608548
-0.0608572
-0.0608642
-0.0608726
-0.0608797
-0.0608881
-0.0608958
-0.060904
-0.0609127
-0.0609163
-0.0609202
-0.0609284
-0.060943
-0.0609557
-0.0609701
-0.0609845
-0.0609992
-0.0610139
-0.0610334
-0.0610529
-0.0610614
-0.0610821
-0.061097
-0.0611117
-0.0611371
-0.0611504
-0.0611699
-0.0611845
-0.0611994
-0.0612097
-0.06122
-0.0612348
-0.0612498
-0.0612605
-0.0612817
-0.0612924
-0.0613139
-0.0613247
-0.0613291
-0.0613399
-0.0613555
-0.0613724
-0.0613833
-0.0613939
-0.0614109
-0.0614215
-0.0614324
-0.061443
-0.0614601
-0.061466
-0.0614722
-0.0614784
-0.0614958
-0.0615085
-0.0615148
-0.0615272
-0.0615338
-0.0615401
-0.0615422
-0.0615437
-0.0615544
-0.0615562
-0.0615674
-0.0615801
-0.0615754
-0.0615772
-0.0615823
-0.0615888
-0.0615953
-0.0616021
-0.0616086
-0.0616261
-0.0616388
-0.0616407
-0.061649
-0.0616665
-0.0616844
-0.0616927
-0.0617013
-0.0617144
-0.0617227
-0.061731
-0.0617376
-0.0617443
-0.0617523
-0.0617542
-0.0617625
-0.0617706
-0.0617724
-0.0617807
-0.0617825
-0.0617908
-0.061804
-0.0618171
-0.0618205
-0.0618337
-0.0618357
-0.0618488
-0.0618567
-0.0618583
-0.0618667
-0.0618745
-0.0618711
-0.0618729
-0.0618795
-0.0618812
-0.0618843
-0.0618811
-0.061883
-0.061891
-0.0618941
-0.0619071
-0.0619215
-0.0619342
-0.0619374
-0.0619452
-0.061958
-0.0619709
-0.061985
-0.0619928
-0.0620005
-0.0620038
-0.0620118
-0.0620197
-0.062026
-0.0620337
-0.0620414
-0.0620487
-0.0620613
-0.0620751
-0.0620825
-0.0621013
-0.0621089
-0.0621164
-0.0621302
-0.062144
-0.0621578
-0.0621718
-0.0621792
-0.0621882
-0.0622017
-0.062209
-0.0622124
-0.0622325
-0.0622475
-0.0622622
-0.0622769
-0.0622914
-0.0623113
-0.062324
-0.0623369
-0.0623562
-0.0623758
-0.06239
-0.062398
-0.0624176
-0.0624372
-0.062445
-0.062466
-0.0624803
-0.0625079
-0.0625288
-0.0625368
-0.0625577
-0.0625916
-0.062606
-0.0626254
-0.06264
-0.0626478
-0.0626673
-0.0626802
-0.0626865
-0.0626944
-0.0627137
-0.0627267
-0.0627344
-0.0627471
-0.0627532
-0.0627593
-0.0627654
-0.0627661
-0.0627785
-0.0627896
-0.0627952
-0.0627942
-0.0627933
-0.062799
-0.0628032
-0.0628085
-0.0628126
-0.0628168
-0.0628275
-0.062838
-0.0628435
-0.0628592
-0.0628684
-0.0628774
-0.0628877
-0.0628928
-0.0628981
-0.0629081
-0.0629119
-0.0629101
-0.0629136
-0.0629117
-0.0629164
-0.0629094
-0.0629009
-0.0628988
-0.0629021
-0.0629069
-0.0629116
-0.0629151
-0.0629184
-0.0629233
-0.0629201
-0.0629286
-0.0629387
-0.0629419
-0.0629436
-0.062947
-0.0629554
-0.0629587
-0.0629551
-0.0629582
-0.0629599
-0.0629564
-0.0629594
-0.0629559
-0.0629589
-0.0629618
-0.0629646
-0.0629676
-0.0629639
-0.0629667
-0.0629629
-0.0629657
-0.0629564
-0.0629522
-0.0629482
-0.0629386
-0.0629358
-0.0629382
-0.0629337
-0.0629239
-0.0629139
-0.0629104
-0.0629056
-0.0628953
-0.0629038
-0.0628934
-0.0628948
-0.062891
-0.062887
-0.0628884
-0.0628897
-0.062891
-0.0628855
-0.0628815
-0.0628704
-0.0628715
-0.0628725
-0.0628735
-0.0628677
-0.0628633
-0.0628575
-0.062846
-0.0628471
-0.062841
-0.0628282
-0.0628222
-0.0628162
-0.0628171
-0.0628112
-0.0628053
-0.0627991
-0.0627998
-0.0627937
-0.0627876
-0.0627869
-0.0627739
-0.0627677
-0.0627615
-0.0627552
-0.0627556
-0.0627492
-0.0627427
-0.0627296
-0.0627177
-0.0627111
-0.0626921
-0.0626854
-0.0626719
-0.0626583
-0.0626391
-0.0626323
-0.06262
-0.0626064
-0.0625996
-0.0625929
-0.0625794
-0.0625673
-0.0625537
-0.062547
-0.0625349
-0.0625282
-0.0625092
-0.0624971
-0.0624904
-0.0624782
-0.0624716
-0.0624595
-0.062446
-0.0624393
-0.0624257
-0.062419
-0.0624109
-0.0624029
-0.0624018
-0.0623881
-0.0623745
-0.0623664
-0.0623527
-0.0623446
-0.0623366
-0.0623299
-0.0623093
-0.0622901
-0.0622764
-0.0622573
-0.0622451
-0.0622329
-0.0622139
-0.062196
-0.0621782
-0.0621603
-0.0621482
-0.0621235
-0.0621045
-0.0620992
-0.0620815
-0.0620568
-0.0620378
-0.0620189
-0.0620012
-0.0619892
-0.0619786
-0.0619667
-0.0619492
-0.0619374
-0.0619255
-0.0619082
-0.0618909
-0.0618806
-0.061883
-0.0618716
-0.0618672
-0.0618627
-0.0618514
-0.061847
-0.0618371
-0.0618316
-0.0618204
-0.0618162
-0.0618121
-0.061808
-0.061804
-0.0617931
-0.0617835
-0.0617867
-0.061776
-0.0617666
-0.0617432
-0.0617327
-0.0617292
-0.0617188
-0.0617085
-0.0616926
-0.0616824
-0.0616725
-0.0616626
-0.0616585
-0.0616488
-0.061639
-0.0616294
-0.0616197
-0.0616102
-0.0616008
-0.0615985
-0.0615904
-0.0615883
-0.0615804
-0.0615656
-0.0615579
-0.0615492
-0.0615418
-0.0615333
-0.0615262
-0.061525
-0.0615112
-0.0615162
-0.0615154
-0.0615078
-0.061506
-0.0614928
-0.0614984
-0.0614911
-0.061484
-0.061477
-0.0614771
-0.0614774
-0.0614648
-0.0614664
-0.0614669
-0.0614616
-0.0614492
-0.061444
-0.0614459
-0.0614419
-0.0614368
-0.0614458
-0.0614408
-0.061437
-0.0614392
-0.0614355
-0.0614379
-0.0614345
-0.0614382
-0.0614421
-0.0614402
-0.0614502
-0.0614555
-0.0614598
-0.061457
-0.0614674
-0.0614648
-0.0614754
-0.0614849
-0.0614885
-0.0614851
-0.061496
-0.0614987
-0.0615025
-0.0615053
-0.0615022
-0.061499
-0.061509
-0.0615131
-0.0615232
-0.0615333
-0.0615434
-0.0615393
-0.0615483
-0.0615597
-0.06157
-0.0615935
-0.0616039
-0.0616276
-0.0616382
-0.0616488
-0.0616585
-0.0616825
-0.0616934
-0.0617105
-0.0617216
-0.0617387
-0.0617558
-0.0617599
-0.0617832
-0.0617934
-0.0618025
-0.0618176
-0.0618339
-0.0618503
-0.0618667
-0.061882
-0.0618984
-0.0619075
-0.0619299
-0.0619452
-0.0619676
-0.06199
-0.0620125
-0.0620277
-0.062044
-0.0620663
-0.0620886
-0.062117
-0.062132
-0.0621471
-0.0621623
-0.0621846
-0.0622058
-0.062221
-0.0622434
-0.0622585
-0.0622737
-0.0622889
-0.062298
-0.0623131
-0.0623356
-0.0623521
-0.0623673
-0.0623838
-0.0623943
-0.062418
-0.0624419
-0.0624597
-0.0624776
-0.0624955
-0.0625134
-0.0625314
-0.0625505
-0.0625626
-0.0625818
-0.0626014
-0.0626077
-0.0626213
-0.0626349
-0.0626423
-0.062656
-0.0626635
-0.0626771
-0.0626982
-0.0627058
-0.0627257
-0.0627334
-0.0627461
-0.062766
-0.0627787
-0.0627913
-0.0627979
-0.0628095
-0.0628149
-0.0628202
-0.0628255
-0.0628369
-0.0628277
-0.0628258
-0.0628246
-0.0628357
-0.0628407
-0.0628454
-0.0628438
-0.0628423
-0.0628396
-0.0628369
-0.0628416
-0.0628524
-0.0628497
-0.0628606
-0.0628588
-0.0628632
-0.0628727
-0.062876
-0.0628741
-0.0628723
-0.0628693
-0.0628663
-0.0628645
-0.0628491
-0.0628472
-0.0628454
-0.0628435
-0.0628413
-0.0628395
-0.0628301
-0.0628272
-0.062824
-0.0628147
-0.0628117
-0.0628013
-0.0627982
-0.062788
-0.0627848
-0.0627673
-0.0627569
-0.0627402
-0.0627227
-0.0627124
-0.0627082
-0.0626905
-0.0626665
-0.0626549
-0.0626445
-0.0626267
-0.0626152
-0.0626038
-0.0626057
-0.0625941
-0.0625826
-0.0625645
-0.0625591
-0.0625465
-0.0625349
-0.062516
-0.0625043
-0.062479
-0.0624674
-0.0624493
-0.0624305
-0.0624125
-0.0623938
-0.062376
-0.0623507
-0.0623255
-0.0623077
-0.0622825
-0.0622574
-0.0622385
-0.0622135
-0.0621883
-0.0621629
-0.0621377
-0.062119
-0.0620937
-0.0620611
-0.0620223
-0.0619968
-0.0619579
-0.0619251
-0.0618924
-0.0618598
-0.0618207
-0.0617815
-0.0617485
-0.0617156
-0.0616828
-0.0616498
-0.0616233
-0.0615894
-0.0615564
-0.0615233
-0.0614967
-0.0614627
-0.0614359
-0.0614092
-0.0613686
-0.0613356
-0.0613021
-0.0612681
-0.0612275
-0.0612006
-0.0611663
-0.0611256
-0.0610986
-0.061064
-0.0610369
-0.0609961
-0.060969
-0.0609408
-0.0609136
-0.0608856
-0.0608581
-0.0608236
-0.0607961
-0.0607753
-0.0607551
-0.0607278
-0.0607002
-0.0606735
-0.0606461
-0.0606193
-0.0605927
-0.0605724
-0.0605447
-0.0605244
-0.0604975
-0.0604781
-0.0604577
-0.0604373
-0.0604101
-0.0603961
-0.0603756
-0.0603552
-0.0603412
-0.0603277
-0.0603072
-0.0602929
-0.0602862
-0.0602719
-0.0602578
-0.0602435
-0.060223
-0.0602086
-0.0601946
-0.0601802
-0.0601661
-0.0601518
-0.0601374
-0.060123
-0.0601089
-0.0600956
-0.0600885
-0.0600744
-0.060068
-0.0600544
-0.060041
-0.0600412
-0.0600275
-0.0600209
-0.0600072
-0.0600009
-0.0599945
-0.0599813
-0.0599749
-0.0599543
-0.0599479
-0.0599349
-0.059929
-0.0599155
-0.0599097
-0.059903
-0.0598973
-0.059884
-0.0598706
-0.0598576
-0.0598508
-0.0598374
-0.0598306
-0.0598304
-0.0598239
-0.0598237
-0.0598169
-0.059803
-0.0598023
-0.0598087
-0.0598011
-0.0597936
-0.0597794
-0.0597655
-0.0597579
-0.0597504
-0.0597362
-0.0597217
-0.0597068
-0.0596992
-0.0596847
-0.0596702
-0.0596494
-0.0596349
-0.059627
-0.0596127
-0.0595985
-0.0595839
-0.0595694
-0.0595618
-0.0595402
-0.0595183
-0.0595106
-0.0595103
-0.059496
-0.0594957
-0.059474
-0.05946
-0.0594384
-0.0594241
-0.0594098
-0.0593881
-0.0593671
-0.0593528
-0.0593314
-0.0593104
-0.0592961
-0.0592823
-0.0592613
-0.0592403
-0.0592186
-0.0591978
-0.0591771
-0.0591639
-0.0591574
-0.0591373
-0.0591174
-0.0591036
-0.059084
-0.0590568
-0.0590436
-0.0590163
-0.059003
-0.0589898
-0.0589628
-0.0589491
-0.0589294
-0.0589228
-0.0589022
-0.0588818
-0.0588684
-0.0588477
-0.0588273
-0.0588139
-0.0587929
-0.0587725
-0.058745
-0.0587251
-0.0587043
-0.0586908
-0.0586706
-0.0586503
-0.0586368
-0.0586165
-0.0585956
-0.058582
-0.0585611
-0.0585548
-0.0585408
-0.0585199
-0.0585062
-0.0584925
-0.0584716
-0.0584502
-0.0584225
-0.0584014
-0.0583945
-0.0583807
-0.0583529
-0.0583313
-0.0583102
-0.0582964
-0.0582826
-0.0582687
-0.0582617
-0.0582551
-0.0582409
-0.058227
-0.0582131
-0.0581988
-0.0581845
-0.0581779
-0.0581773
-0.0581628
-0.0581485
-0.0581406
-0.0581325
-0.0581386
-0.0581302
-0.0581145
-0.0581064
-0.0580907
-0.0580891
-0.0580802
-0.0580716
-0.058063
-0.0580468
-0.0580383
-0.0580297
-0.0580211
-0.0580122
-0.0579963
-0.0579877
-0.0579783
-0.0579693
-0.0579534
-0.0579448
-0.0579286
-0.05792
-0.0579109
-0.0579019
-0.0578856
-0.0578697
-0.0578607
-0.0578517
-0.0578431
-0.0578272
-0.0578113
-0.0578023
-0.0577936
-0.0577777
-0.0577686
-0.0577459
-0.0577372
-0.0577285
-0.0577056
-0.0576973
-0.057689
-0.0576802
-0.0576719
-0.0576562
-0.0576475
-0.0576387
-0.0576231
-0.0576216
-0.0576197
-0.0576178
-0.057609
-0.0575999
-0.057598
-0.0575889
-0.0575939
-0.0575844
-0.0575963
-0.0575948
-0.057593
-0.0575984
-0.0576038
-0.0576088
-0.0576215
-0.0576266
-0.057632
-0.0576447
-0.0576502
-0.0576698
-0.0576757
-0.0576884
-0.0577084
-0.0577216
-0.0577344
-0.0577479
-0.057768
-0.0577743
-0.0577944
-0.0578149
-0.0578213
-0.0578417
-0.057855
-0.0578683
-0.0578884
-0.057909
-0.0579223
-0.0579428
-0.0579561
-0.0579695
-0.0579897
-0.0580103
-0.0580236
-0.0580438
-0.0580573
-0.0580775
-0.0580981
-0.0581112
-0.058125
-0.0581384
-0.0581514
-0.0581719
-0.0581778
-0.0581842
-0.0582042
-0.0582106
-0.0582166
-0.0582225
-0.0582289
-0.0582349
-0.0582409
-0.0582396
-0.0582456
-0.0582447
-0.0582507
-0.0582563
-0.0582555
-0.0582543
-0.0582535
-0.0582591
-0.0582583
-0.0582575
-0.0582635
-0.0582627
-0.0582546
-0.0582611
-0.0582534
-0.0582595
-0.0582591
-0.0582656
-0.0582575
-0.058264
-0.0582637
-0.0582702
-0.0582698
-0.0582691
-0.0582687
-0.0582753
-0.0582746
-0.0582811
-0.0582812
-0.0582805
-0.0582871
-0.0582936
-0.0582861
-0.0582931
-0.0582924
-0.0582921
-0.0582915
-0.0582981
-0.0582975
-0.0582968
-0.0582962
-0.0582884
-0.0582946
-0.0582937
-0.0582927
-0.0582917
-0.0582908
-0.0582967
-0.0582886
-0.0582949
-0.0583009
-0.0583069
-0.0582987
-0.0583047
-0.0583111
-0.0583171
-0.0583231
-0.0583222
-0.0583282
-0.0583416
-0.0583403
-0.0583536
-0.0583528
-0.0583657
-0.0583718
-0.0583779
-0.0583909
-0.058397
-0.05841
-0.0584162
-0.0584292
-0.0584422
-0.0584552
-0.0584678
-0.0584877
-0.0585008
-0.0585065
-0.0585196
-0.0585395
-0.0585521
-0.058572
-0.0585847
-0.0586046
-0.0586246
-0.0586368
-0.0586567
-0.0586762
-0.0586962
-0.0587157
-0.0587283
-0.0587551
-0.0587677
-0.0587872
-0.058814
-0.0588266
-0.0588461
-0.0588656
-0.0588924
-0.0589118
-0.0589245
-0.0589375
-0.0589574
-0.0589772
-0.0589967
-0.0590165
-0.0590364
-0.0590494
-0.0590692
-0.0590818
-0.059102
-0.0591218
-0.0591348
-0.0591482
-0.0591688
-0.0591818
-0.059202
-0.0592222
-0.0592287
-0.0592424
-0.059263
-0.0592759
-0.0592896
-0.0593029
-0.0593167
-0.0593299
-0.0593436
-0.0593573
-0.0593637
-0.0593774
-0.0593837
-0.0593969
-0.0594101
-0.0594232
-0.0594218
-0.0594281
-0.0594271
-0.0594397
-0.0594454
-0.059458
-0.0594641
-0.0594766
-0.0594891
-0.0595019
-0.0595147
-0.059534
-0.0595471
-0.0595526
-0.0595721
-0.0595775
-0.0595897
-0.0596022
-0.059622
-0.0596409
-0.0596601
-0.0596789
-0.0596908
-0.0597095
-0.0597348
-0.0597464
-0.0597575
-0.0597759
-0.0597874
-0.0598057
-0.0598242
-0.0598355
-0.0598538
-0.0598648
-0.0598827
-0.0599004
-0.0599112
-0.0599214
-0.0599465
-0.0599712
-0.0599818
-0.0599923
-0.0600101
-0.0600206
-0.060031
-0.0600496
-0.0600742
-0.0600918
-0.0601093
-0.0601267
-0.0601438
-0.0601675
-0.0601774
-0.060187
-0.0602032
-0.0602126
-0.0602216
-0.0602099
-0.0602258
-0.0602273
-0.0602294
-0.0602384
-0.0602543
-0.0602562
-0.0602646
-0.060273
-0.060275
-0.0602766
-0.0602781
-0.0602795
-0.0602875
-0.0602892
-0.0602971
-0.0602987
-0.0603083
-0.0603241
-0.0603121
-0.0603204
-0.0603084
-0.0602894
-0.0602699
-0.0602493
-0.0602306
-0.0602243
-0.0602111
-0.0601974
-0.0601975
-0.0601836
-0.0601778
-0.0601851
-0.0601844
-0.0601772
-0.0601691
-0.0601483
-0.06014
-0.0601186
-0.0601034
-0.0600874
-0.060065
-0.0600497
-0.0600343
-0.0600253
-0.0600163
-0.0599934
-0.0599706
-0.0599482
-0.0599389
-0.0599095
-0.0598863
-0.059863
-0.0598476
-0.0598316
-0.059808
-0.0597918
-0.0597825
-0.0597529
-0.0597293
-0.0596991
-0.0596752
-0.0596439
-0.0596126
-0.0595885
-0.0595646
-0.0595471
-0.0595229
-0.059498
-0.059473
-0.0594558
-0.0594307
-0.0593916
-0.05936
-0.0593346
-0.0593093
-0.0592902
-0.0592712
-0.0592574
-0.059231
-0.0592109
-0.0591835
-0.059156
-0.059123
-0.0591028
-0.0590688
-0.0590494
-0.059028
-0.0590067
-0.0589789
-0.0589583
-0.0589232
-0.0588954
-0.0588558
-0.0588352
-0.058802
-0.0587749
-0.058754
-0.0587259
-0.0587123
-0.058684
-0.0586629
-0.058642
-0.0586218
-0.0585953
-0.0585752
-0.0585477
-0.0585273
-0.0584997
-0.0584854
-0.0584568
-0.0584289
-0.0584144
-0.0583927
-0.0583534
-0.0583379
-0.0583027
-0.0582808
-0.0582651
-0.0582606
-0.0582241
-0.0582133
-0.0581972
-0.058181
-0.0581586
-0.0581362
-0.0581209
-0.0580983
-0.0580818
-0.0580591
-0.0580362
-0.0580123
-0.0579965
-0.0579735
-0.0579444
-0.0579214
-0.0578788
-0.0578628
-0.0578323
-0.0578089
-0.0577865
-0.0577833
-0.0577608
-0.0577443
-0.0577147
-0.0576849
-0.0576551
-0.0576253
-0.0575954
-0.0575775
-0.0575546
-0.0575305
-0.0575206
-0.0574904
-0.0574602
-0.057438
-0.0574017
-0.0573713
-0.0573469
-0.0573245
-0.0573
-0.0572824
-0.0572638
-0.057239
-0.0572072
-0.0571835
-0.0571586
-0.0571207
-0.0570875
-0.0570625
-0.0570363
-0.057017
-0.0569907
-0.0569573
-0.0569249
-0.0568914
-0.0568519
-0.0568183
-0.0567846
-0.0567508
-0.056717
-0.0566832
-0.0566424
-0.0566154
-0.0565826
-0.0565427
-0.0565237
-0.0565046
-0.0564774
-0.0564501
-0.0564158
-0.0563872
-0.0563528
-0.0562987
-0.0562572
-0.0562088
-0.0561617
-0.056126
-0.0560833
-0.0560418
-0.0560116
-0.0559687
-0.0559201
-0.0558783
-0.0558447
-0.0557904
-0.0557532
-0.0557045
-0.0556615
-0.0556117
-0.0555743
-0.0555312
-0.055488
-0.0554448
-0.0553893
-0.055346
-0.0553028
-0.0552527
-0.0552024
-0.0551713
-0.0551403
-0.0550969
-0.0550614
-0.0550195
-0.0549828
-0.0549284
-0.0548915
-0.0548491
-0.0548136
-0.0547699
-0.054714
-0.0546772
-0.0546336
-0.05459
-0.0545746
-0.0545375
-0.0545126
-0.0544702
-0.0544198
-0.054377
-0.05432
-0.0542709
-0.0542459
-0.0542141
-0.0541646
-0.0541328
-0.0540952
-0.0540523
-0.0540095
-0.0539667
-0.0539263
-0.0538901
-0.0538469
-0.0537976
-0.0537413
-0.0536985
-0.0536425
-0.0536051
-0.0535635
-0.053522
-0.0534792
-0.0534297
-0.0533817
-0.0533322
-0.0532817
-0.0532443
-0.0532015
-0.0531588
-0.0531148
-0.053076
-0.0530384
-0.0529967
-0.0529526
-0.0529162
-0.0528785
-0.0528316
-0.0527797
-0.0527317
-0.0526912
-0.0526496
-0.0526079
-0.052569
-0.0525353
-0.0525066
-0.0524717
-0.0524316
-0.052385
-0.0523511
-0.0523057
-0.0522592
-0.0522178
-0.0521778
-0.0521427
-0.0521015
-0.0520604
-0.0520229
-0.0519818
-0.0519342
-0.0518917
-0.0518619
-0.0518256
-0.0518011
-0.0517652
-0.051733
-0.0517031
-0.0516685
-0.0516276
-0.0515989
-0.0515652
-0.0515365
-0.051508
-0.0514793
-0.051441
-0.0514189
-0.0513866
-0.0513533
-0.0513111
-0.0512838
-0.0512527
-0.0512265
-0.051199
-0.0511716
-0.0511491
-0.0511281
-0.0511056
-0.0510831
-0.0510498
-0.0510236
-0.0510022
-0.050976
-0.0509608
-0.0509443
-0.0509279
-0.0509064
-0.050891
-0.0508755
-0.0508491
-0.050824
-0.050789
-0.0507746
-0.0507506
-0.0507278
-0.05071
-0.050686
-0.0506787
-0.0506666
-0.0506509
-0.0506387
-0.0506265
-0.0506096
-0.0505928
-0.0505714
-0.0505499
-0.0505391
-0.0505221
-0.0505006
-0.0504788
-0.0504667
-0.0504436
-0.0504256
-0.0504029
-0.0503804
-0.0503624
-0.0503399
-0.0503207
-0.050298
-0.0502713
-0.0502547
-0.0502472
-0.0502256
-0.0502136
-0.0502007
-0.0501935
-0.0501953
-0.0501789
-0.0501818
-0.0501743
-0.0501664
-0.05016
-0.0501432
-0.0501365
-0.0501312
-0.0501248
-0.0501137
-0.0501177
-0.0501114
-0.0501096
-0.0500975
-0.0500956
-0.0500868
-0.0500851
-0.0500877
-0.0500799
-0.0500667
-0.0500637
-0.0500562
-0.0500579
-0.0500605
-0.0500666
-0.0500738
-0.0500798
-0.0500857
-0.0500871
-0.0500983
-0.0501097
-0.0501223
-0.0501332
-0.0501444
-0.05016
-0.050171
-0.0501921
-0.0502115
-0.0502235
-0.0502355
-0.0502531
-0.0502703
-0.0502877
-0.0503047
-0.0503264
-0.0503376
-0.0503588
-0.0503799
-0.0504012
-0.0504277
-0.0504488
-0.0504655
-0.0504864
-0.050506
-0.0505357
-0.0505603
-0.0505882
-0.0506172
-0.0506422
-0.0506628
-0.0506888
-0.0507132
-0.050742
-0.0507649
-0.0507935
-0.0508206
-0.050849
-0.0508662
-0.0509373
-0.0509651
-0.0509873
-0.0510098
-0.0510266
-0.051054
-0.051083
-0.051105
-0.0511174
-0.0511352
-0.0511528
-0.0511694
-0.0511858
-0.051206
-0.0512175
-0.0512296
-0.0512458
-0.0512533
-0.0512592
-0.0512652
-0.0512807
-0.0512863
-0.0512962
-0.051306
-0.0513154
-0.0513262
-0.0513264
-0.0513279
-0.0513317
-0.0513331
-0.0513384
-0.051338
-0.0513429
-0.0513427
-0.0513421
-0.0513411
-0.0513379
-0.0513386
-0.0513339
-0.0513262
-0.0513264
-0.051317
-0.0513171
-0.0513075
-0.0513075
-0.0513036
-0.0512954
-0.0512857
-0.0512813
-0.0512677
-0.0512629
-0.0512538
-0.0512531
-0.0512391
-0.0512337
-0.0512106
-0.0511961
-0.0511831
-0.0511682
-0.0511541
-0.0511347
-0.0511184
-0.0510982
-0.0510725
-0.0510614
-0.0510389
-0.0510235
-0.0510007
-0.0509823
-0.0509542
-0.0509403
-0.0509211
-0.0508965
-0.0508807
-0.0508556
-0.0508292
-0.0508079
-0.0507905
-0.0507695
-0.0507448
-0.0507205
-0.0506904
-0.0506567
-0.050627
-0.050602
-0.0505683
-0.0505433
-0.0505104
-0.0504868
-0.0504673
-0.050434
-0.0504101
-0.050378
-0.0503466
-0.0503041
-0.0502706
-0.0502376
-0.0501956
-0.0501522
-0.0501189
-0.050082
-0.0500452
-0.0500045
-0.0499624
-0.0499229
-0.0498848
-0.0498326
-0.0497876
-0.0497462
-0.0497048
-0.0496554
-0.0496187
-0.0495761
-0.0495349
-0.0494914
-0.0494442
-0.0493824
-0.0493433
-0.0492896
-0.0492444
-0.0491923
-0.0491448
-0.0490976
-0.0490544
-0.0490012
-0.0489496
-0.048898
-0.0488396
-0.0487834
-0.0487236
-0.048669
-0.0486148
-0.0485608
-0.0484973
-0.0484388
-0.0483813
-0.0483249
-0.0482617
-0.0481998
-0.0481415
-0.0480836
-0.0480212
-0.0479626
-0.0479001
-0.0478368
-0.0477737
-0.0477195
-0.0476572
-0.047599
-0.0475327
-0.0474669
-0.0474092
-0.0473433
-0.0472782
-0.0472205
-0.0471554
-0.0471013
-0.0470365
-0.0469751
-0.0469187
-0.0468579
-0.0467973
-0.046738
-0.0466727
-0.0466169
-0.0465494
-0.046491
-0.0464286
-0.0463652
-0.0463066
-0.0462514
-0.0461975
-0.0461393
-0.0460798
-0.0460219
-0.0459595
-0.0459015
-0.0458405
-0.0457872
-0.0457265
-0.0456688
-0.0456115
-0.0455538
-0.0454915
-0.0454338
-0.0453816
-0.0453283
-0.0452718
-0.0452114
-0.0451526
-0.0450976
-0.0450282
-0.0449689
-0.0449101
-0.0448536
-0.0447972
-0.0447402
-0.0446872
-0.0446387
-0.044586
-0.0445366
-0.0444809
-0.0444332
-0.0443888
-0.0443414
-0.0442941
-0.0442473
-0.044197
-0.0441464
-0.044096
-0.0440452
-0.0440001
-0.0439576
-0.0439086
-0.0438633
-0.0438186
-0.0437666
-0.0437175
-0.0436695
-0.0436247
-0.0435769
-0.0435252
-0.0434746
-0.0434306
-0.0433869
-0.0433436
-0.0433042
-0.0432568
-0.0432093
-0.0431658
-0.0431252
-0.0430847
-0.0430366
-0.0429965
-0.0429525
-0.0429156
-0.0428785
-0.0428385
-0.0427917
-0.042747
-0.0427088
-0.0426709
-0.0426331
-0.042592
-0.0425535
-0.0425114
-0.0424794
-0.0424496
-0.042417
-0.0423818
-0.0423525
-0.0423223
-0.0422897
-0.0422639
-0.0422268
-0.0421973
-0.0421638
-0.0421389
-0.0421118
-0.0420845
-0.0420572
-0.0420356
-0.0420094
-0.0419864
-0.0419648
-0.0419475
-0.0419306
-0.0419151
-0.0419024
-0.0418944
-0.0418848
-0.0418807
-0.0418754
-0.0418695
-0.0418618
-0.0418586
-0.0418509
-0.0418449
-0.0418306
-0.0418213
-0.0418179
-0.0418057
-0.0417951
-0.0417846
-0.0417727
-0.0417612
-0.0417522
-0.0417444
-0.0417413
-0.0417299
-0.0417308
-0.0417339
-0.0417392
-0.0417463
-0.0417577
-0.0417638
-0.0417767
-0.0417864
-0.0417987
-0.0418114
-0.041821
-0.041833
-0.0418456
-0.0418541
-0.0418691
-0.0418806
-0.0418921
-0.0418994
-0.0419067
-0.0419136
-0.0419176
-0.0419242
-0.0419306
-0.0419367
-0.0419426
-0.0419483
-0.0419579
-0.0419675
-0.0419745
-0.0419825
-0.0419906
-0.0420032
-0.0420133
-0.0420235
-0.042031
-0.0420379
-0.0420419
-0.0420487
-0.0420586
-0.0420688
-0.0420814
-0.0420898
-0.0420981
-0.0421055
-0.0421083
-0.0421148
-0.0421167
-0.0421186
-0.0421205
-0.0421224
-0.0421236
-0.0421218
-0.0421211
-0.0421196
-0.0421187
-0.0421187
-0.0421187
-0.0421187
-0.0421187
-0.0421186
-0.0421186
-0.0421186
-0.0421186
-0.0421186
-0.0421186
-0.0421186
-0.0421186
-0.0421186
-0.0421186
-0.0421186
-0.0421186
-0.0421186
-0.0421186
-0.0421186
-0.0421186
-0.0421186
-0.0421186
-0.0421186
-0.0421186
-0.0421186
-0.0421186
-0.0421186
-0.0421186
-0.0421186
-0.0421186
-0.0421186
-0.0421186
-0.0421186
-0.0421186
-0.0421186
-0.0421186
-0.0421186
-0.0421186
-0.0421186
-0.0421186
-0.0421186
-0.0421186
-0.0421186
-0.0421186
-0.0421186
-0.0421186
-0.0421186
-0.0421186
-0.0421186
-0.0421186
-0.0421186
-0.0421186
-0.0421186
-0.0421186
-0.0421186
-0.0421186
-0.0421186
-0.0421186
-0.0421186
-0.0421186
-0.0421186
-0.0421186
-0.0421186
-0.0421186
-0.0421186
-0.0421186
-0.0421186
-0.0421186
-0.0421186
-0.0421186
-0.0421186
-0.0421186
-0.0421186
-0.0421186
-0.0421186
-0.0421186
-0.0421186
-0.0421186
-0.0421186
-0.0421186
-0.0421186
-0.0421186
-0.0421186
-0.0421186
-0.0421186
-0.0421186
-0.0421186
-0.0421186
-0.0421186
-0.0421186
-0.0421186
-0.0421186
-0.0421186
-0.0421186
-0.0421186
-0.0421185
-0.0421185
-0.0421185
-0.0421185
-0.0421185
-0.0421185
-0.0421185
-0.0421185
-0.0421185
-0.0421185
-0.0421185
-0.0421185
-0.0421185
-0.0421185
-0.0421185
-0.0421185
-0.0421185
-0.0421185
-0.0421185
-0.0421185
-0.0421185
-0.0421185
-0.0421185
-0.0421185
-0.0421185
-0.0421185
-0.0421185
-0.0421185
-0.0421185
-0.0421185
-0.0421185
-0.0421185
-0.0421185
-0.0421185
-0.0421185
-0.0421185
-0.0421185
-0.0421185
-0.0421185
-0.0421185
-0.0421185
-0.0421185
-0.0421185
-0.0421185
-0.0421185
-0.0421185
-0.0421185
-0.0421185
-0.0421185
-0.0421185
-0.0421185
-0.0421185
-0.0421185
-0.0421185
-0.0421185
-0.0421185
-0.0421185
-0.0421185
-0.0421185
-0.0421185
-0.0421185
-0.0421185
-0.0421185
-0.0421185
-0.0421185
-0.0421185
-0.0421185
-0.0421185
-0.0421185
-0.0421185
-0.0421185
-0.0421185
-0.0421185
-0.0421185
-0.0421185
-0.0421185
-0.0421185
-0.0421185
-0.0421185
-0.0421185
-0.0421185
-0.0421185
-0.0421185
-0.0421185
-0.0421185
-0.0421185
-0.0421185
-0.0421185
-0.0421185
-0.0421185
-0.0421185
-0.0421185
-0.0421185
-0.0421185
-0.0421185
-0.0421185
-0.0421185
-0.0421185
-0.0421185
-0.0421185
-0.0421185
-0.0421185
-0.0421185
-0.0421185
-0.0421185
-0.0421185
-0.0421185
-0.0421185
-0.0421185
-0.0421185
-0.0421185
-0.0421185
-0.0421185
-0.0421185
-0.0421185
-0.0421185
-0.0421185
-0.0421185
-0.0421185
-0.0421185
-0.0421185
-0.0421185
-0.0421185
-0.0421185
-0.0421185
-0.0421185
-0.0421185
-0.0421185
-0.0421185
-0.0421185
-0.0421185
-0.0421185
-0.0421185
-0.0421185
-0.0421185
-0.0421185
-0.0421185
-0.0421185
-0.0421185
-0.0421185
-0.0421185
-0.0421185
-0.0421185
-0.0421185
-0.0421185
-0.0421185
-0.0421185
-0.0421185
-0.0421185
-0.0421185
-0.0421185
-0.0421185
-0.0421185
-0.0421185
-0.0421185
-0.0421185
-0.0421185
-0.0421185
-0.0421185
-0.0421185
-0.0421185
-0.0421185
-0.0421185
-0.0421185
-0.0421185
-0.0421185
-0.0421185
-0.0421185
-0.0421185
-0.0421185
-0.0421185
-0.0421185
-0.0421185
-0.0421185
-0.0421185
-0.0421185
-0.0421185
-0.0421185
-0.0421185
-0.0421185
-0.0421185
-0.0421185
-0.0421185
-0.0421185
-0.0421185
-0.0421185
-0.0421185
-0.0421185
-0.0421185
-0.0421185
-0.0421185
-0.0421185
-0.0421185
-0.0421185
-0.0421185
-0.0421185
-0.0421185
-0.0421185
-0.0421185
-0.0421185
-0.0421185
-0.0421185
-0.0421185
-0.0421185
-0.0421185
-0.0421185
-0.0421185
-0.0421185
-0.0421185
-0.0421185
-0.0421185
-0.0421185
-0.0421185
-0.0421185
-0.0421185
-0.0421185
-0.0421185
-0.0421185
-0.0421185
-0.0421185
-0.0421185
-0.0421185
-0.0421185
-0.0421185
-0.0421185
-0.0421185
-0.0421185
-0.0421185
-0.0421185
-0.0421185
-0.0421185
-0.0421185
-0.0421185
-0.0421185
-0.0421185
-0.0421185
-0.0421185
-0.0421185
-0.0421185
-0.0421185
-0.0421185
-0.0421185
-0.0421185
-0.0421185
-0.0421185
-0.0421185
-0.0421185
-0.0421185
-0.0421185
-0.0421185
-0.0421185
-0.0421185
-0.0421185
-0.0421185
-0.0421185
-0.0421185
-0.0421185
-0.0421185
-0.0421185
-0.0421185
-0.0421185
-0.0421185
-0.0421185
-0.0421185
-0.0421185
-0.0421185
-0.0421185
-0.0421185
-0.0421185
-0.0421185
-0.0421185
-0.0421185
-0.0421185
-0.0421185
-0.0421185
-0.0421185
-0.0421185
-0.0421185
-0.0421185
-0.0421185
-0.0421185
-0.0421185
-0.0421185
-0.0421185
-0.0421185
-0.0421185
-0.0421185
-0.0421185
-0.0421185
-0.0421185
-0.0421185
-0.0421185
-0.0421185
-0.0421185
-0.0421185
-0.0421185
-0.0421185
-0.0421185
-0.0421185
-0.0421185
-0.0421185
-0.0421185
-0.0421185
-0.0421185
-0.0421185
-0.0421185
-0.0421185
-0.0421185
-0.0421185
-0.0421185
-0.0421185
-0.0421185
-0.0421185
-0.0421185
-0.0421185
-0.0421185
-0.0421185
-0.0421185
-0.0421185
-0.0421185
-0.0421185
-0.0421185
-0.0421185
-0.0421185
-0.0421185
-0.0421185
-0.0421185
-0.0421185
-0.0421185
-0.0421185
-0.0421185
-0.0421185
-0.0421185
-0.0421185
-0.0421185
-0.0421185
-0.0421185
-0.0421185
-0.0421185
-0.0421185
-0.0421185
-0.0421185
-0.0421185
-0.0421185
-0.0421185
-0.0421185
-0.0421185
-0.0421185
-0.0421185
-0.0421185
-0.0421185
-0.0421185
-0.0421185
-0.0421185
-0.0421185
-0.0421185
-0.0421185
-0.0421185
-0.0421185
-0.0421185
-0.0421185
-0.0421185
-0.0421185
-0.0421185
-0.0421185
-0.0421185
-0.0421185
-0.0421185
-0.0421185
-0.0421185
-0.0421185
-0.0421185
-0.0421185
-0.0421185
-0.0421185
-0.0421185
-0.0421185
-0.0421185
-0.0421185
-0.0421185
-0.0421185
-0.0421185
-0.0421185
-0.0421185
-0.0421185
-0.0421185
-0.0421185
-0.0421185
-0.0421185
-0.0421185
-0.0421185
-0.0421185
-0.0421185
-0.0421185
-0.0421185
-0.0421185
-0.0421185
-0.0421185
-0.0421185
-0.0421185
-0.0421185
-0.0421185
-0.0421185
-0.0421185
-0.0421185
-0.0421185
-0.0421185
-0.0421185
-0.0421185
-0.0421185
-0.0421185
-0.0421185
-0.0421185
-0.0421185
-0.0421184
-0.0421184
-0.0421184
-0.0421184
-0.0421184
-0.0421184
-0.0421184
-0.0421184
-0.0421184
-0.0421184
-0.0421184
-0.0421184
-0.0421184
-0.0421184
-0.0421184
-0.0421184
-0.0421184
-0.0421184
-0.0421184
-0.0421184
-0.0421184
-0.0421184
-0.0421184
-0.0421184
-0.0421184
-0.0421184
-0.0421184
-0.0421184
-0.0421184
-0.0421184
-0.0421184
-0.0421184
-0.0421184
-0.0421184
-0.0421184
-0.0421184
-0.0421184
-0.0421184
-0.0421184
-0.0421184
-0.0421184
-0.0421184
-0.0421184
-0.0421184
-0.0421184
-0.0421184
-0.0421184
-0.0421184
-0.0421184
-0.0421184
-0.0421184
-0.0421184
-0.0421184
-0.0421184
-0.0421184
-0.0421184
-0.0421184
-0.0421184
-0.0421184
-0.0421184
-0.0421184
-0.0421184
-0.0421184
-0.0421184
-0.0421184
-0.0421184
-0.0421184
-0.0421184
-0.0421184
-0.0421184
-0.0421184
-0.0421184
-0.0421184
-0.0421184
-0.0421184
-0.0421184
-0.0421184
-0.0421184
-0.0421184
-0.0421184
-0.0421184
-0.0421184
-0.0421184
-0.0421184
-0.0421184
-0.0421184
-0.0421184
-0.0421184
-0.0421184
-0.0421184
-0.0421184
-0.0421184
-0.0421184
-0.0421184
-0.0421184
-0.0421184
-0.0421184
-0.0421184
-0.0421184
-0.0421184
-0.0421184
-0.0421184
-0.0421184
-0.0421184
-0.0421184
-0.0421184
-0.0421184
-0.0421184
-0.0421184
-0.0421184
-0.0421184
-0.0421184
-0.0421184
-0.0421184
-0.0421184
-0.0421184
-0.0421184
-0.0421184
-0.0421184
-0.0421184
-0.0421184
-0.0421184
-0.0421184
-0.0421184
-0.0421184
-0.0421184
-0.0421184
-0.0421184
-0.0421184
-0.0421184
-0.0421184
-0.0421184
-0.0421184
-0.0421184
-0.0421184
-0.0421184
-0.0421184
-0.0421184
-0.0421184
-0.0421184
-0.0421184
-0.0421184
-0.0421184
-0.0421184
-0.0421184
-0.0421184
-0.0421184
-0.0421184
-0.0421184
-0.0421184
-0.0421184
-0.0421184
-0.0421184
-0.0421184
-0.0421184
-0.0421184
-0.0421184
-0.0421184
-0.0421184
-0.0421184
-0.0421184
-0.0421184
-0.0421184
-0.0421184
-0.0421184
-0.0421184
-0.0421184
-0.0421184
-0.0421184
-0.0421184
-0.0421184
-0.0421184
-0.0421184
-0.0421184
-0.0421184
-0.0421184
-0.0421184
-0.0421184
-0.0421184
-0.0421184
-0.0421184
-0.0421184
-0.0421184
-0.0421184
-0.0421184
-0.0421184
-0.0421184
-0.0421184
-0.0421184
-0.0421184
-0.0421184
-0.0421184
