-0.0345606
-0.0345605
-0.0345603
-0.0345601
-0.0345599
-0.0345596
-0.0345593
-0.0345589
-0.0345585
-0.0345581
-0.0345576
-0.0345571
-0.0345566
-0.034556
-0.0345553
-0.0345546
-0.0345538
-0.0345529
-0.034552
-0.034551
-0.03455
-0.0345488
-0.0345476
-0.0345464
-0.0345451
-0.0345437
-0.0345423
-0.0345409
-0.0345395
-0.034538
-0.0345365
-0.0345349
-0.0345332
-0.0345316
-0.0345299
-0.0345282
-0.0345265
-0.0345248
-0.034523
-0.0345212
-0.0345194
-0.0345176
-0.0345158
-0.0345139
-0.034512
-0.03451
-0.0345081
-0.0345061
-0.0345042
-0.0345023
-0.0345004
-0.0344984
-0.0344964
-0.0344944
-0.0344924
-0.0344904
-0.0344883
-0.0344863
-0.0344842
-0.0344821
-0.03448
-0.0344779
-0.0344758
-0.0344737
-0.0344715
-0.0344693
-0.0344671
-0.0344649
-0.0344627
-0.0344604
-0.0344582
-0.0344559
-0.0344536
-0.0344513
-0.0344491
-0.0344469
-0.0344446
-0.0344424
-0.0344401
-0.0344378
-0.0344356
-0.0344333
-0.034431
-0.0344286
-0.0344263
-0.0344239
-0.0344215
-0.0344192
-0.0344168
-0.0344144
-0.0344119
-0.0344095
-0.034407
-0.0344045
-0.034402
-0.0343995
-0.0343969
-0.0343944
-0.0343918
-0.0343892
-0.0343866
-0.034384
-0.0343814
-0.0343788
-0.0343762
-0.0343735
-0.0343709
-0.0343683
-0.0343656
-0.034363
-0.0343605
-0.0343579
-0.0343552
-0.0343526
-0.03435
-0.0343474
-0.0343447
-0.0343421
-0.0343394
-0.0343367
-0.034334
-0.0343313
-0.0343286
-0.0343259
-0.0343231
-0.0343203
-0.0343175
-0.0343146
-0.0343118
-0.034309
-0.0343063
-0.0343035
-0.0343008
-0.034298
-0.0342953
-0.0342925
-0.0342897
-0.034287
-0.0342842
-0.0342815
-0.0342788
-0.0342761
-0.0342733
-0.0342705
-0.0342677
-0.0342649
-0.0342621
-0.0342592
-0.0342564
-0.0342536
-0.0342508
-0.034248
-0.0342452
-0.0342424
-0.0342396
-0.0342368
-0.0342341
-0.0342313
-0.0342285
-0.0342257
-0.0342229
-0.0342202
-0.0342175
-0.0342147
-0.034212
-0.0342093
-0.0342067
-0.0342041
-0.0342016
-0.034199
-0.0341965
-0.034194
-0.0341915
-0.034189
-0.0341865
-0.034184
-0.0341816
-0.0341791
-0.0341766
-0.0341741
-0.0341716
-0.0341691
-0.0341667
-0.0341643
-0.0341619
-0.0341594
-0.034157
-0.0341545
-0.0341521
-0.0341495
-0.034147
-0.0341445
-0.0341421
-0.0341396
-0.0341372
-0.0341347
-0.0341323
-0.0341299
-0.0341276
-0.0341252
-0.0341228
-0.0341205
-0.0341181
-0.0341158
-0.0341135
-0.0341111
-0.0341087
-0.0341064
-0.034104
-0.0341016
-0.0340992
-0.0340968
-0.0340945
-0.0340921
-0.0340897
-0.0340874
-0.034085
-0.0340827
-0.0340805
-0.0340782
-0.0340759
-0.0340736
-0.0340713
-0.034069
-0.0340668
-0.0340645
-0.0340622
-0.03406
-0.0340578
-0.0340556
-0.0340534
-0.0340512
-0.034049
-0.0340469
-0.0340447
-0.0340425
-0.0340404
-0.0340382
-0.0340361
-0.0340339
-0.0340318
-0.0340297
-0.0340276
-0.0340255
-0.0340233
-0.0340212
-0.0340192
-0.0340171
-0.034015
-0.034013
-0.0340109
-0.0340088
-0.0340068
-0.0340047
-0.0340027
-0.0340006
-0.0339986
-0.0339965
-0.0339945
-0.0339925
-0.0339905
-0.0339884
-0.0339864
-0.0339844
-0.0339823
-0.0339803
-0.0339783
-0.0339762
-0.0339742
-0.0339722
-0.0339702
-0.0339683
-0.0339664
-0.0339645
-0.0339626
-0.0339606
-0.0339587
-0.0339568
-0.033955
-0.0339531
-0.0339512
-0.0339494
-0.0339475
-0.0339456
-0.0339438
-0.033942
-0.0339402
-0.0339384
-0.0339367
-0.0339349
-0.0339331
-0.0339313
-0.0339295
-0.0339276
-0.0339258
-0.0339239
-0.0339221
-0.0339202
-0.0339183
-0.0339165
-0.0339146
-0.0339128
-0.033911
-0.0339093
-0.0339075
-0.0339057
-0.0339039
-0.033902
-0.0339002
-0.0338984
-0.0338965
-0.0338947
-0.0338928
-0.0338909
-0.0338891
-0.0338873
-0.0338854
-0.0338836
-0.0338817
-0.0338799
-0.0338781
-0.0338762
-0.0338744
-0.0338725
-0.0338706
-0.0338688
-0.0338669
-0.033865
-0.0338632
-0.0338614
-0.0338597
-0.033858
-0.0338562
-0.0338545
-0.0338528
-0.0338511
-0.0338494
-0.0338477
-0.033846
-0.0338443
-0.0338426
-0.033841
-0.0338394
-0.0338378
-0.0338363
-0.0338347
-0.0338332
-0.0338317
-0.0338302
-0.0338287
-0.0338273
-0.0338258
-0.0338244
-0.033823
-0.0338216
-0.0338201
-0.0338187
-0.0338173
-0.0338159
-0.0338145
-0.0338132
-0.0338118
-0.0338105
-0.0338093
-0.033808
-0.0338068
-0.0338057
-0.0338044
-0.0338032
-0.033802
-0.0338009
-0.0337998
-0.0337987
-0.0337976
-0.0337965
-0.0337955
-0.0337945
-0.0337934
-0.0337924
-0.0337915
-0.0337905
-0.0337895
-0.0337886
-0.0337876
-0.0337866
-0.0337856
-0.0337846
-0.0337837
-0.0337827
-0.0337818
-0.0337809
-0.03378
-0.0337792
-0.0337784
-0.0337775
-0.0337767
-0.0337759
-0.0337751
-0.0337743
-0.0337735
-0.0337728
-0.033772
-0.0337712
-0.0337704
-0.0337696
-0.0337688
-0.033768
-0.0337672
-0.0337664
-0.0337656
-0.0337648
-0.033764
-0.0337632
-0.0337625
-0.0337618
-0.0337611
-0.0337605
-0.0337599
-0.0337594
-0.0337588
-0.0337583
-0.0337577
-0.0337571
-0.0337564
-0.0337558
-0.0337551
-0.0337544
-0.0337537
-0.033753
-0.0337523
-0.0337515
-0.0337508
-0.0337501
-0.0337493
-0.0337486
-0.0337478
-0.0337471
-0.0337464
-0.0337457
-0.0337449
-0.0337442
-0.0337434
-0.0337426
-0.0337418
-0.033741
-0.0337402
-0.0337394
-0.0337387
-0.0337379
-0.0337372
-0.0337365
-0.0337358
-0.0337351
-0.0337345
-0.0337338
-0.0337331
-0.0337325
-0.0337319
-0.0337312
-0.0337306
-0.03373
-0.0337294
-0.0337288
-0.0337282
-0.0337276
-0.0337271
-0.0337265
-0.0337259
-0.0337252
-0.0337246
-0.033724
-0.0337234
-0.0337228
-0.0337222
-0.0337216
-0.033721
-0.0337204
-0.0337198
-0.0337191
-0.0337184
-0.0337178
-0.0337172
-0.0337165
-0.0337159
-0.0337153
-0.0337147
-0.0337141
-0.0337135
-0.0337129
-0.0337123
-0.0337118
-0.0337112
-0.0337107
-0.0337102
-0.0337096
-0.033709
-0.0337085
-0.0337079
-0.0337074
-0.033707
-0.0337065
-0.0337061
-0.0337056
-0.0337052
-0.0337048
-0.0337045
-0.0337041
-0.0337038
-0.0337034
-0.0337031
-0.0337027
-0.0337023
-0.033702
-0.0337017
-0.0337014
-0.0337011
-0.0337008
-0.0337005
-0.0337001
-0.0336998
-0.0336994
-0.0336989
-0.0336985
-0.033698
-0.0336976
-0.0336971
-0.0336966
-0.0336961
-0.0336956
-0.0336951
-0.0336946
-0.0336941
-0.0336935
-0.033693
-0.0336924
-0.0336919
-0.0336914
-0.0336909
-0.0336905
-0.03369
-0.0336896
-0.0336892
-0.0336888
-0.0336885
-0.0336881
-0.0336877
-0.0336873
-0.0336869
-0.0336866
-0.0336862
-0.0336859
-0.0336856
-0.0336852
-0.0336849
-0.0336846
-0.0336843
-0.033684
-0.0336836
-0.0336832
-0.0336829
-0.0336825
-0.0336822
-0.0336818
-0.0336814
-0.033681
-0.0336806
-0.0336803
-0.0336799
-0.0336796
-0.0336792
-0.0336789
-0.0336785
-0.0336781
-0.0336778
-0.0336774
-0.0336771
-0.0336767
-0.0336764
-0.033676
-0.0336756
-0.0336751
-0.0336746
-0.0336741
-0.0336736
-0.033673
-0.0336725
-0.0336719
-0.0336714
-0.0336708
-0.0336702
-0.0336696
-0.033669
-0.0336684
-0.0336678
-0.0336673
-0.0336667
-0.0336662
-0.0336656
-0.0336651
-0.0336646
-0.0336641
-0.0336636
-0.0336631
-0.0336627
-0.0336622
-0.0336618
-0.0336613
-0.0336608
-0.0336603
-0.0336598
-0.0336593
-0.0336588
-0.0336582
-0.0336577
-0.0336571
-0.0336566
-0.0336561
-0.0336556
-0.0336552
-0.0336549
-0.0336545
-0.0336541
-0.0336537
-0.0336533
-0.0336529
-0.0336525
-0.033652
-0.0336516
-0.0336512
-0.0336508
-0.0336504
-0.0336501
-0.0336497
-0.0336494
-0.0336491
-0.0336488
-0.0336486
-0.0336482
-0.0336479
-0.0336476
-0.0336472
-0.0336468
-0.0336464
-0.033646
-0.0336456
-0.0336451
-0.0336447
-0.0336443
-0.033644
-0.0336436
-0.0336432
-0.0336429
-0.0336426
-0.0336424
-0.0336421
-0.0336419
-0.0336416
-0.0336414
-0.0336411
-0.0336408
-0.0336405
-0.0336402
-0.0336399
-0.0336396
-0.0336393
-0.0336391
-0.0336388
-0.0336386
-0.0336384
-0.0336382
-0.0336381
-0.0336379
-0.0336377
-0.0336375
-0.0336373
-0.0336371
-0.0336369
-0.0336367
-0.0336365
-0.0336363
-0.0336361
-0.0336358
-0.0336356
-0.0336354
-0.0336351
-0.0336348
-0.0336346
-0.0336343
-0.033634
-0.0336338
-0.0336334
-0.0336331
-0.0336328
-0.0336324
-0.0336321
-0.0336317
-0.0336314
-0.033631
-0.0336306
-0.0336303
-0.0336299
-0.0336296
-0.0336292
-0.0336288
-0.0336285
-0.0336281
-0.0336278
-0.0336274
-0.033627
-0.0336266
-0.0336263
-0.0336259
-0.0336255
-0.0336252
-0.0336248
-0.0336244
-0.033624
-0.0336237
-0.0336233
-0.033623
-0.0336226
-0.0336223
-0.0336219
-0.0336216
-0.0336212
-0.0336207
-0.0336203
-0.0336199
-0.0336195
-0.0336191
-0.0336187
-0.0336183
-0.0336179
-0.0336175
-0.0336171
-0.0336168
-0.0336164
-0.033616
-0.0336156
-0.0336153
-0.0336149
-0.0336145
-0.0336142
-0.0336138
-0.0336135
-0.0336132
-0.0336129
-0.0336125
-0.0336122
-0.0336119
-0.0336116
-0.0336113
-0.033611
-0.0336107
-0.0336104
-0.0336101
-0.0336098
-0.0336095
-0.0336091
-0.0336088
-0.0336084
-0.0336081
-0.0336078
-0.0336075
-0.0336072
-0.0336069
-0.0336067
-0.0336064
-0.0336061
-0.0336059
-0.0336056
-0.0336054
-0.0336051
-0.0336049
-0.0336046
-0.0336044
-0.0336042
-0.0336041
-0.0336039
-0.0336037
-0.0336035
-0.0336034
-0.0336032
-0.0336031
-0.0336029
-0.0336028
-0.0336026
-0.0336026
-0.0336025
-0.0336025
-0.0336025
-0.0336025
-0.0336025
-0.0336025
-0.0336025
-0.0336025
-0.0336025
-0.0336025
-0.0336025
-0.0336026
-0.0336027
-0.0336028
-0.033603
-0.0336032
-0.0336034
-0.0336037
-0.0336039
-0.0336041
-0.0336044
-0.0336046
-0.0336048
-0.0336051
-0.0336053
-0.0336056
-0.0336059
-0.0336061
-0.0336064
-0.0336067
-0.033607
-0.0336072
-0.0336075
-0.0336079
-0.0336082
-0.0336085
-0.0336088
-0.0336091
-0.0336094
-0.0336098
-0.0336101
-0.0336105
-0.0336108
-0.0336112
-0.0336115
-0.0336119
-0.0336122
-0.0336125
-0.0336129
-0.0336132
-0.0336136
-0.033614
-0.0336144
-0.0336148
-0.0336152
-0.0336155
-0.0336159
-0.0336163
-0.0336167
-0.0336172
-0.0336176
-0.033618
-0.0336184
-0.0336188
-0.0336192
-0.0336197
-0.0336201
-0.0336206
-0.0336211
-0.0336216
-0.0336222
-0.0336228
-0.0336234
-0.033624
-0.0336246
-0.0336252
-0.0336258
-0.0336265
-0.0336271
-0.0336278
-0.0336285
-0.0336292
-0.0336299
-0.0336306
-0.0336313
-0.033632
-0.0336328
-0.0336335
-0.0336342
-0.0336349
-0.0336355
-0.0336361
-0.0336367
-0.0336374
-0.033638
-0.0336386
-0.0336392
-0.0336399
-0.0336405
-0.0336411
-0.0336417
-0.0336423
-0.0336429
-0.0336435
-0.0336441
-0.0336448
-0.0336454
-0.033646
-0.0336467
-0.0336473
-0.0336479
-0.0336486
-0.0336492
-0.0336498
-0.0336504
-0.0336511
-0.0336517
-0.0336523
-0.0336529
-0.0336534
-0.0336539
-0.0336544
-0.0336549
-0.0336554
-0.0336558
-0.0336563
-0.0336568
-0.0336573
-0.0336578
-0.0336583
-0.0336588
-0.0336594
-0.0336599
-0.0336603
-0.0336608
-0.0336612
-0.0336617
-0.0336621
-0.0336625
-0.0336629
-0.0336632
-0.0336635
-0.0336638
-0.033664
-0.0336642
-0.0336644
-0.0336645
-0.0336646
-0.0336646
-0.0336646
-0.0336646
-0.0336646
-0.0336646
-0.0336646
-0.0336646
-0.0336645
-0.0336645
-0.0336644
-0.0336643
-0.0336642
-0.0336641
-0.0336641
-0.033664
-0.0336639
-0.0336638
-0.0336637
-0.0336637
-0.0336636
-0.0336636
-0.0336635
-0.0336635
-0.0336635
-0.0336635
-0.0336635
-0.0336634
-0.0336634
-0.0336634
-0.0336633
-0.0336633
-0.0336632
-0.0336632
-0.0336631
-0.0336631
-0.033663
-0.0336629
-0.0336628
-0.0336627
-0.0336626
-0.0336626
-0.0336626
-0.0336626
-0.0336626
-0.0336626
-0.0336626
-0.0336626
-0.0336625
-0.0336625
-0.0336625
-0.0336625
-0.0336626
-0.0336627
-0.0336628
-0.033663
-0.0336631
-0.0336633
-0.0336634
-0.0336636
-0.0336638
-0.0336639
-0.0336641
-0.0336643
-0.0336645
-0.0336647
-0.0336648
-0.033665
-0.0336652
-0.0336655
-0.0336657
-0.033666
-0.0336662
-0.0336665
-0.0336668
-0.033667
-0.0336672
-0.0336674
-0.0336677
-0.0336679
-0.033668
-0.0336681
-0.0336682
-0.0336683
-0.0336684
-0.0336685
-0.0336685
-0.0336686
-0.0336687
-0.0336688
-0.0336689
-0.033669
-0.0336691
-0.0336692
-0.0336693
-0.0336695
-0.0336696
-0.0336697
-0.0336699
-0.03367
-0.0336701
-0.0336702
-0.0336704
-0.0336705
-0.0336707
-0.0336708
-0.0336709
-0.0336711
-0.0336712
-0.0336713
-0.0336714
-0.0336716
-0.0336717
-0.0336719
-0.0336721
-0.0336722
-0.0336724
-0.0336725
-0.0336726
-0.0336728
-0.033673
-0.0336731
-0.0336733
-0.0336735
-0.0336737
-0.0336739
-0.0336741
-0.0336742
-0.0336744
-0.0336746
-0.0336747
-0.0336749
-0.0336751
-0.0336752
-0.0336754
-0.0336755
-0.0336757
-0.0336758
-0.033676
-0.0336762
-0.0336764
-0.0336766
-0.0336768
-0.0336769
-0.0336771
-0.0336773
-0.0336775
-0.0336778
-0.033678
-0.0336782
-0.0336784
-0.0336786
-0.0336788
-0.033679
-0.0336793
-0.0336796
-0.0336798
-0.0336801
-0.0336805
-0.0336808
-0.0336811
-0.0336814
-0.0336817
-0.0336821
-0.0336825
-0.0336828
-0.0336832
-0.0336836
-0.033684
-0.0336843
-0.0336846
-0.0336849
-0.0336852
-0.0336855
-0.0336857
-0.033686
-0.0336863
-0.0336866
-0.0336868
-0.0336871
-0.0336874
-0.0336877
-0.033688
-0.0336882
-0.0336884
-0.0336887
-0.0336889
-0.0336892
-0.0336895
-0.0336897
-0.03369
-0.0336903
-0.0336905
-0.0336908
-0.0336911
-0.0336914
-0.0336917
-0.033692
-0.0336924
-0.0336927
-0.0336931
-0.0336934
-0.0336938
-0.0336941
-0.0336945
-0.0336949
-0.0336953
-0.0336957
-0.0336961
-0.0336966
-0.0336971
-0.0336976
-0.0336981
-0.0336986
-0.0336991
-0.0336996
-0.0337001
-0.0337006
-0.033701
-0.0337015
-0.0337019
-0.0337024
-0.0337029
-0.0337033
-0.0337037
-0.0337041
-0.0337044
-0.0337048
-0.0337052
-0.0337055
-0.0337059
-0.0337063
-0.0337067
-0.033707
-0.0337074
-0.0337078
-0.0337081
-0.0337085
-0.0337089
-0.0337092
-0.0337096
-0.03371
-0.0337104
-0.0337107
-0.0337111
-0.0337116
-0.033712
-0.0337125
-0.0337128
-0.0337132
-0.0337135
-0.0337138
-0.0337141
-0.0337144
-0.0337147
-0.0337149
-0.0337152
-0.0337155
-0.0337157
-0.0337159
-0.0337161
-0.0337163
-0.0337164
-0.0337166
-0.0337168
-0.033717
-0.0337172
-0.0337174
-0.0337175
-0.0337177
-0.0337179
-0.0337181
-0.0337184
-0.0337186
-0.0337188
-0.033719
-0.0337193
-0.0337195
-0.0337198
-0.03372
-0.0337202
-0.0337204
-0.0337206
-0.0337209
-0.0337211
-0.0337213
-0.0337216
-0.0337218
-0.0337221
-0.0337223
-0.0337226
-0.0337228
-0.033723
-0.0337231
-0.0337233
-0.0337234
-0.0337236
-0.0337237
-0.0337238
-0.033724
-0.0337241
-0.0337243
-0.0337245
-0.0337247
-0.0337248
-0.0337249
-0.0337251
-0.0337252
-0.0337254
-0.0337255
-0.0337257
-0.0337258
-0.0337259
-0.0337261
-0.0337262
-0.0337262
-0.0337262
-0.0337263
-0.0337264
-0.0337264
-0.0337265
-0.0337266
-0.0337267
-0.0337268
-0.0337269
-0.0337269
-0.033727
-0.0337271
-0.0337271
-0.0337271
-0.0337272
-0.0337272
-0.0337273
-0.0337273
-0.0337274
-0.0337274
-0.0337274
-0.0337274
-0.0337274
-0.0337274
-0.0337274
-0.0337275
-0.0337275
-0.0337276
-0.0337277
-0.0337277
-0.0337277
-0.0337278
-0.0337278
-0.0337279
-0.033728
-0.0337281
-0.0337283
-0.0337284
-0.0337286
-0.0337287
-0.0337289
-0.033729
-0.0337291
-0.0337293
-0.0337294
-0.0337295
-0.0337296
-0.0337297
-0.0337298
-0.0337299
-0.03373
-0.0337301
-0.0337302
-0.0337303
-0.0337304
-0.0337304
-0.0337305
-0.0337306
-0.0337306
-0.0337306
-0.0337306
-0.0337306
-0.0337306
-0.0337306
-0.0337305
-0.0337305
-0.0337304
-0.0337303
-0.0337302
-0.0337301
-0.03373
-0.0337299
-0.0337298
-0.0337297
-0.0337297
-0.0337296
-0.0337295
-0.0337294
-0.0337293
-0.0337292
-0.033729
-0.0337289
-0.0337288
-0.0337287
-0.0337285
-0.0337283
-0.0337281
-0.033728
-0.0337278
-0.0337276
-0.0337273
-0.0337271
-0.0337268
-0.0337265
-0.0337261
-0.0337257
-0.0337253
-0.0337249
-0.0337245
-0.0337241
-0.0337238
-0.0337235
-0.0337232
-0.0337229
-0.0337225
-0.0337222
-0.0337218
-0.0337214
-0.0337211
-0.0337208
-0.0337205
-0.0337203
-0.03372
-0.0337198
-0.0337195
-0.0337193
-0.033719
-0.0337188
-0.0337185
-0.0337183
-0.033718
-0.0337178
-0.0337175
-0.0337172
-0.033717
-0.0337167
-0.0337164
-0.0337161
-0.0337158
-0.0337155
-0.0337152
-0.0337149
-0.0337146
-0.0337144
-0.0337142
-0.033714
-0.0337138
-0.0337135
-0.0337132
-0.0337129
-0.0337125
-0.0337122
-0.0337118
-0.0337115
-0.0337111
-0.0337107
-0.0337103
-0.0337099
-0.0337096
-0.0337092
-0.0337089
-0.0337086
-0.0337082
-0.0337079
-0.0337075
-0.0337072
-0.0337069
-0.0337066
-0.0337063
-0.033706
-0.0337057
-0.0337054
-0.033705
-0.0337047
-0.0337043
-0.0337039
-0.0337035
-0.0337032
-0.0337028
-0.0337023
-0.0337019
-0.0337015
-0.0337011
-0.0337007
-0.0337003
-0.0336999
-0.0336995
-0.0336992
-0.0336988
-0.0336985
-0.0336981
-0.0336977
-0.0336973
-0.0336968
-0.0336964
-0.033696
-0.0336955
-0.0336952
-0.0336948
-0.0336944
-0.033694
-0.0336936
-0.0336931
-0.0336927
-0.0336922
-0.0336917
-0.0336912
-0.0336907
-0.0336902
-0.0336898
-0.0336893
-0.0336887
-0.0336882
-0.0336876
-0.0336871
-0.0336866
-0.0336861
-0.0336855
-0.033685
-0.0336845
-0.033684
-0.0336835
-0.033683
-0.0336825
-0.033682
-0.0336815
-0.033681
-0.0336804
-0.0336799
-0.0336793
-0.0336787
-0.0336782
-0.0336776
-0.033677
-0.0336667
-0.0336618
-0.0336471
-0.0336423
-0.0336376
-0.0336329
-0.033624
-0.0336195
-0.0336202
-0.0336115
-0.0336069
-0.0336079
-0.0336033
-0.0336046
-0.0336002
-0.0336013
-0.0336013
-0.0335971
-0.0335983
-0.0335984
-0.0335987
-0.0335948
-0.0335951
-0.0336011
-0.0336019
-0.0336026
-0.0336088
-0.0336094
-0.0336156
-0.0336164
-0.0336229
-0.0336237
-0.0336301
-0.0336366
-0.0336432
-0.0336499
-0.0336565
-0.0336591
-0.033666
-0.0336743
-0.033687
-0.0336952
-0.0337077
-0.0337159
-0.0337299
-0.0337383
-0.0337521
-0.0337658
-0.0337754
-0.0337892
-0.0337987
-0.0338125
-0.0338264
-0.0338405
-0.0338601
-0.0338786
-0.0339027
-0.0339216
-0.033946
-0.0339706
-0.0339939
-0.0340228
-0.0340517
-0.0340755
-0.0341048
-0.0341382
-0.034162
-0.0341957
-0.0342194
-0.0342473
-0.0342808
-0.034309
-0.034337
-0.034365
-0.0343931
-0.0344212
-0.0344449
-0.034473
-0.034501
-0.0345234
-0.0345512
-0.0345791
-0.0346071
-0.0346292
-0.0346573
-0.0346807
-0.0347087
-0.0347363
-0.0347597
-0.0347874
-0.0348053
-0.0348286
-0.0348474
-0.034865
-0.0348782
-0.0348967
-0.0349098
-0.0349227
-0.0349355
-0.0349429
-0.0349558
-0.0349631
-0.0349805
-0.0349879
-0.0349941
-0.0350062
-0.0350125
-0.0350146
-0.0350214
-0.0350222
-0.0350244
-0.0350268
-0.035028
-0.0350248
-0.0350313
-0.035028
-0.0350347
-0.0350358
-0.0350325
-0.0350334
-0.0350386
-0.035034
-0.0350393
-0.0350344
-0.0350339
-0.035039
-0.0350424
-0.0350417
-0.0350453
-0.0350444
-0.0350534
-0.0350567
-0.0350598
-0.0350675
-0.0350709
-0.035074
-0.0350774
-0.0350763
-0.0350794
-0.035084
-0.0350829
-0.0350816
-0.0350817
-0.0350804
-0.0350804
-0.0350848
-0.0350847
-0.0350847
-0.0350848
-0.0350849
-0.0350795
-0.0350838
-0.0350841
-0.0350791
-0.0350797
-0.0350802
-0.0350808
-0.0350759
-0.0350808
-0.0350757
-0.0350806
-0.0350813
-0.0350762
-0.0350822
-0.0350826
-0.035083
-0.0350847
-0.0350907
-0.0350923
-0.0350941
-0.0351013
-0.0350987
-0.0351059
-0.0351033
-0.0351063
-0.0351134
-0.0351108
-0.0351135
-0.0351106
-0.035109
-0.0351061
-0.0351031
-0.0351001
-0.035097
-0.0350983
-0.0350953
-0.0350966
-0.035098
-0.0351037
-0.0351053
-0.0351068
-0.0351127
-0.0351143
-0.0351217
-0.0351235
-0.0351294
-0.0351365
-0.035138
-0.0351397
-0.0351414
-0.0351472
-0.0351489
-0.0351449
-0.0351465
-0.0351426
-0.0351387
-0.0351348
-0.0351307
-0.0351267
-0.0351226
-0.0351185
-0.0351144
-0.0351144
-0.0351045
-0.0351044
-0.0350999
-0.0350996
-0.0350935
-0.0350931
-0.0350925
-0.0350863
-0.0350856
-0.0350851
-0.0350831
-0.0350824
-0.0350817
-0.0350755
-0.0350756
-0.0350758
-0.035076
-0.0350762
-0.0350765
-0.0350767
-0.0350769
-0.0350772
-0.0350774
-0.0350776
-0.0350778
-0.035078
-0.0350782
-0.0350785
-0.0350788
-0.0350791
-0.0350795
-0.03508
-0.0350805
-0.035081
-0.0350815
-0.0350819
-0.0350824
-0.0350829
-0.0350833
-0.0350836
-0.0350841
-0.0350846
-0.0350852
-0.0350857
-0.0350862
-0.0350867
-0.0350872
-0.0350877
-0.0350883
-0.035089
-0.0350896
-0.0350903
-0.035091
-0.0350917
-0.0350926
-0.0350934
-0.0350943
-0.0350951
-0.0350959
-0.0350967
-0.0350976
-0.0350985
-0.0350994
-0.0351003
-0.0351013
-0.0351023
-0.0351032
-0.0351042
-0.0351052
-0.0351062
-0.0351072
-0.0351082
-0.0351093
-0.0351104
-0.0351114
-0.0351125
-0.0351136
-0.0351146
-0.0351156
-0.0351167
-0.0351177
-0.0351188
-0.0351198
-0.0351207
-0.0351217
-0.0351227
-0.0351236
-0.0351245
-0.0351253
-0.0351262
-0.035127
-0.0351279
-0.0351287
-0.0351295
-0.0351303
-0.0351311
-0.0351319
-0.0351326
-0.0351333
-0.0351339
-0.0351346
-0.0351352
-0.0351357
-0.0351361
-0.0351365
-0.0351368
-0.0351371
-0.0351373
-0.0351375
-0.0351376
-0.0351377
-0.0351377
-0.0351376
-0.0351376
-0.0351376
-0.0351375
-0.0351374
-0.0351373
-0.0351372
-0.0351371
-0.035137
-0.0351368
-0.0351366
-0.0351363
-0.035136
-0.0351357
-0.0351354
-0.035135
-0.0351347
-0.0351343
-0.0351339
-0.0351335
-0.035133
-0.0351326
-0.0351321
-0.0351316
-0.0351311
-0.0351306
-0.0351301
-0.0351295
-0.0351289
-0.0351283
-0.0351276
-0.0351269
-0.0351262
-0.0351254
-0.0351247
-0.0351239
-0.0351231
-0.0351222
-0.0351214
-0.0351205
-0.0351196
-0.0351187
-0.0351178
-0.0351168
-0.0351159
-0.0351149
-0.0351138
-0.0351128
-0.0351117
-0.0351106
-0.0351096
-0.0351085
-0.0351074
-0.0351064
-0.0351053
-0.0351041
-0.035103
-0.0351019
-0.0351008
-0.0350997
-0.0350986
-0.0350974
-0.0350964
-0.0350953
-0.0350942
-0.0350932
-0.0350921
-0.035091
-0.03509
-0.035089
-0.035088
-0.035087
-0.0350859
-0.0350849
-0.0350839
-0.0350829
-0.0350819
-0.0350809
-0.03508
-0.035079
-0.035078
-0.035077
-0.0350761
-0.0350751
-0.0350741
-0.0350732
-0.0350723
-0.0350714
-0.0350706
-0.0350698
-0.035069
-0.0350682
-0.0350675
-0.0350667
-0.0350658
-0.035065
-0.0350643
-0.0350635
-0.0350629
-0.0350623
-0.0350616
-0.035061
-0.0350603
-0.0350596
-0.035059
-0.0350583
-0.0350576
-0.035057
-0.0350563
-0.0350556
-0.035055
-0.0350543
-0.0350536
-0.035053
-0.0350524
-0.0350519
-0.0350513
-0.0350508
-0.0350503
-0.0350499
-0.0350494
-0.035049
-0.0350486
-0.0350481
-0.0350476
-0.0350472
-0.0350468
-0.0350464
-0.0350461
-0.0350458
-0.0350455
-0.0350452
-0.035045
-0.0350447
-0.0350444
-0.0350442
-0.035044
-0.0350438
-0.0350436
-0.0350434
-0.0350432
-0.0350429
-0.0350427
-0.0350425
-0.0350423
-0.0350422
-0.035042
-0.0350418
-0.0350416
-0.0350414
-0.0350411
-0.0350409
-0.0350407
-0.0350405
-0.0350401
-0.0350397
-0.0350394
-0.035039
-0.0350387
-0.0350384
-0.0350381
-0.0350379
-0.0350376
-0.0350374
-0.0350372
-0.0350369
-0.0350367
-0.0350364
-0.0350362
-0.035036
-0.0350358
-0.0350356
-0.0350354
-0.0350352
-0.0350349
-0.0350347
-0.0350344
-0.0350341
-0.0350338
-0.0350334
-0.0350331
-0.0350328
-0.0350325
-0.0350322
-0.0350319
-0.0350316
-0.0350313
-0.0350311
-0.0350308
-0.0350305
-0.0350302
-0.0350299
-0.0350296
-0.0350294
-0.0350291
-0.0350288
-0.0350284
-0.0350281
-0.0350278
-0.0350275
-0.0350272
-0.0350269
-0.0350266
-0.0350263
-0.0350259
-0.0350255
-0.0350251
-0.0350247
-0.0350243
-0.0350239
-0.0350235
-0.0350231
-0.0350227
-0.0350223
-0.0350219
-0.0350216
-0.0350212
-0.0350208
-0.0350204
-0.03502
-0.0350195
-0.0350189
-0.0350184
-0.0350178
-0.0350172
-0.0350166
-0.035016
-0.0350154
-0.0350147
-0.0350141
-0.0350134
-0.0350128
-0.0350122
-0.0350116
-0.035011
-0.0350104
-0.0350098
-0.0350091
-0.0350085
-0.0350078
-0.0350071
-0.0350064
-0.0350057
-0.035005
-0.0350043
-0.0350036
-0.0350028
-0.035002
-0.0350012
-0.0350004
-0.0349995
-0.0349986
-0.0349977
-0.0349967
-0.0349958
-0.0349949
-0.0349939
-0.034993
-0.0349921
-0.0349913
-0.0349904
-0.0349895
-0.0349887
-0.034988
-0.0349873
-0.0349867
-0.034986
-0.0349854
-0.0349847
-0.0349841
-0.0349835
-0.0349828
-0.0349822
-0.0349815
-0.0349808
-0.0349802
-0.0349796
-0.034979
-0.0349784
-0.0349778
-0.0349773
-0.0349767
-0.0349761
-0.0349755
-0.0349748
-0.0349742
-0.0349736
-0.034973
-0.0349724
-0.0349718
-0.0349713
-0.0349708
-0.0349703
-0.0349698
-0.0349694
-0.0349689
-0.0349684
-0.034968
-0.0349675
-0.034967
-0.0349665
-0.0349661
-0.0349656
-0.0349652
-0.0349648
-0.0349644
-0.034964
-0.0349637
-0.0349633
-0.0349629
-0.0349626
-0.0349623
-0.034962
-0.0349617
-0.0349614
-0.0349611
-0.0349609
-0.0349608
-0.0349606
-0.0349605
-0.0349604
-0.0349603
-0.0349602
-0.0349601
-0.03496
-0.0349599
-0.0349599
-0.0349598
-0.0349597
-0.0349596
-0.0349596
-0.0349596
-0.0349595
-0.0349595
-0.0349594
-0.0349594
-0.0349594
-0.0349593
-0.0349593
-0.0349592
-0.0349592
-0.0349591
-0.0349591
-0.0349591
-0.0349591
-0.0349591
-0.0349591
-0.0349591
-0.0349592
-0.0349593
-0.0349594
-0.0349595
-0.0349595
-0.0349597
-0.0349598
-0.03496
-0.0349601
-0.0349603
-0.0349604
-0.0349605
-0.0349607
-0.0349608
-0.0349609
-0.034961
-0.0349612
-0.0349613
-0.0349615
-0.0349617
-0.0349619
-0.0349621
-0.0349623
-0.0349625
-0.0349627
-0.0349629
-0.034963
-0.0349632
-0.0349633
-0.0349636
-0.0349638
-0.034964
-0.0349642
-0.0349644
-0.0349646
-0.0349648
-0.034965
-0.0349651
-0.0349653
-0.0349655
-0.0349657
-0.0349659
-0.0349662
-0.0349664
-0.0349666
-0.0349668
-0.0349671
-0.0349673
-0.0349676
-0.0349678
-0.0349681
-0.0349683
-0.0349685
-0.0349686
-0.0349688
-0.0349689
-0.0349691
-0.0349692
-0.0349693
-0.0349694
-0.0349695
-0.0349695
-0.0349695
-0.0349695
-0.0349694
-0.0349694
-0.0349694
-0.0349693
-0.0349693
-0.0349693
-0.0349693
-0.0349693
-0.0349693
-0.0349693
-0.0349693
-0.0349693
-0.0349693
-0.0349693
-0.0349693
-0.0349693
-0.0349693
-0.0349692
-0.0349691
-0.034969
-0.0349689
-0.0349689
-0.0349688
-0.0349687
-0.0349685
-0.0349684
-0.0349683
-0.0349681
-0.0349679
-0.0349676
-0.0349674
-0.0349672
-0.0349669
-0.0349666
-0.0349663
-0.034966
-0.0349657
-0.0349654
-0.0349651
-0.0349648
-0.0349645
-0.0349642
-0.0349639
-0.0349635
-0.0349631
-0.0349627
-0.0349624
-0.034962
-0.0349617
-0.0349613
-0.034961
-0.0349606
-0.0349603
-0.0349599
-0.0349596
-0.0349593
-0.034959
-0.0349587
-0.0349584
-0.0349581
-0.0349577
-0.0349574
-0.034957
-0.0349565
-0.0349561
-0.0349557
-0.0349553
-0.034955
-0.0349546
-0.0349543
-0.034954
-0.0349537
-0.0349534
-0.0349531
-0.0349528
-0.0349525
-0.0349522
-0.034952
-0.0349517
-0.0349514
-0.0349512
-0.0349509
-0.0349505
-0.0349502
-0.0349499
-0.0349495
-0.0349492
-0.0349489
-0.0349486
-0.0349482
-0.0349478
-0.0349475
-0.0349471
-0.0349467
-0.0349464
-0.0349461
-0.0349457
-0.0349454
-0.0349451
-0.0349448
-0.0349445
-0.0349442
-0.0349439
-0.0349436
-0.0349434
-0.0349431
-0.0349428
-0.0349426
-0.0349424
-0.0349421
-0.0349418
-0.0349416
-0.0349413
-0.034941
-0.0349407
-0.0349405
-0.0349402
-0.0349399
-0.0349395
-0.0349392
-0.0349388
-0.0349385
-0.0349382
-0.0349378
-0.0349375
-0.0349371
-0.0349367
-0.0349364
-0.034936
-0.0349355
-0.0349351
-0.0349346
-0.0349341
-0.0349336
-0.0349332
-0.0349326
-0.0349321
-0.0349315
-0.0349309
-0.0349304
-0.0349298
-0.0349292
-0.0349287
-0.0349282
-0.0349277
-0.0349271
-0.0349267
-0.0349262
-0.0349257
-0.0349253
-0.0349248
-0.0349242
-0.0349237
-0.0349232
-0.0349226
-0.0349221
-0.0349217
-0.0349212
-0.0349207
-0.0349201
-0.0349196
-0.0349191
-0.0349186
-0.0349181
-0.0349176
-0.0349172
-0.0349167
-0.0349163
-0.0349158
-0.0349154
-0.0349149
-0.0349143
-0.0349137
-0.0349131
-0.0349126
-0.034912
-0.0349114
-0.0349108
-0.0349102
-0.0349097
-0.0349092
-0.0349087
-0.0349082
-0.0349077
-0.0349071
-0.0349065
-0.034906
-0.0349054
-0.0349048
-0.0349042
-0.0349036
-0.034903
-0.0349024
-0.0349018
-0.0349012
-0.0349006
-0.0349001
-0.0348995
-0.0348989
-0.0348983
-0.0348977
-0.0349138
-0.0349278
-0.0349432
-0.0349563
-0.0349725
-0.0349791
-0.0349879
-0.0349901
-0.0349989
-0.0350055
-0.0350091
-0.0350127
-0.0350163
-0.0350207
-0.0350178
-0.0350243
-0.0350243
-0.0350243
-0.0350316
-0.0350318
-0.035035
-0.0350369
-0.0350409
-0.0350493
-0.0350534
-0.035064
-0.0350668
-0.0350717
-0.0350758
-0.0350762
-0.0350824
-0.0350895
-0.0350958
-0.0350933
-0.0351018
-0.0351016
-0.0351071
-0.035106
-0.0351057
-0.0351046
-0.0351014
-0.0350938
-0.0350885
-0.0350831
-0.0350765
-0.0350668
-0.0350537
-0.0350453
-0.0350311
-0.035014
-0.0349977
-0.0349814
-0.0349577
-0.0349348
-0.0349054
-0.0348761
-0.0348438
-0.0348145
-0.0347822
-0.0347434
-0.0347024
-0.0346679
-0.0346334
-0.0345989
-0.0345557
-0.0345199
-0.0344767
-0.0344335
-0.0343911
-0.0343479
-0.0343121
-0.0342676
-0.0342179
-0.0341734
-0.0341347
-0.0340881
-0.034043
-0.0339966
-0.0339495
-0.0338966
-0.0338474
-0.0337982
-0.0337424
-0.0336933
-0.0336485
-0.0335972
-0.0335458
-0.0334965
-0.0334376
-0.0333926
-0.0333323
-0.0332799
-0.0332217
-0.0331604
-0.0330948
-0.033027
-0.032973
-0.0329051
-0.0328394
-0.0327714
-0.0327034
-0.0326354
-0.0325665
-0.0324918
-0.0324229
-0.0323525
-0.0322843
-0.0322152
-0.0321535
-0.0320756
-0.0320073
-0.0319359
-0.0318653
-0.0317961
-0.0317212
-0.031652
-0.031574
-0.0315005
-0.0314313
-0.0313555
-0.0312811
-0.0312076
-0.0311318
-0.0310517
-0.0309773
-0.0308963
-0.0307968
-0.0307157
-0.0306403
-0.0305591
-0.0304813
-0.0304001
-0.030318
-0.0302425
-0.0301605
-0.0300858
-0.0300045
-0.029921
-0.0298375
-0.0297554
-0.0296734
-0.0295979
-0.0295201
-0.0294447
-0.0293637
-0.0292859
-0.0292138
-0.0291285
-0.0290497
-0.0289613
-0.0288817
-0.028794
-0.0287055
-0.0286193
-0.0285285
-0.0284357
-0.0283341
-0.0282381
-0.0281487
-0.0280536
-0.0279511
-0.0278551
-0.0277622
-0.0276524
-0.0275499
-0.02744
-0.0273366
-0.02723
-0.0271104
-0.0269949
-0.0268851
-0.0267687
-0.0266524
-0.0265433
-0.0264424
-0.0263236
-0.0262073
-0.0260878
-0.0259691
-0.0258455
-0.025713
-0.025578
-0.0254455
-0.0253129
-0.0251812
-0.0250357
-0.0248942
-0.0247495
-0.0246113
-0.0244593
-0.0243041
-0.0241813
-0.0240359
-0.0238961
-0.0237499
-0.0235883
-0.0234357
-0.0232806
-0.0231125
-0.0229509
-0.0227634
-0.0225759
-0.0223773
-0.022176
-0.0219837
-0.021776
-0.0215709
-0.0213659
-0.0211626
-0.0209576
-0.0207489
-0.0205314
-0.0203165
-0.0201395
-0.0199664
-0.0197781
-0.0195932
-0.0194042
-0.0192161
-0.0190306
-0.0188498
-0.0186601
-0.0184716
-0.0182886
-0.0181111
-0.0179275
-0.0177668
-0.0175941
-0.0174199
-0.017233
-0.0170525
-0.0168648
-0.016677
-0.016478
-0.0162957
-0.0161101
-0.0159237
-0.0157391
-0.0155527
-0.0153648
-0.0151803
-0.0149968
-0.0148159
-0.0146295
-0.0144467
-0.0142612
-0.014073
-0.0138901
-0.0137046
-0.0135216
-0.0133441
-0.0131556
-0.0129797
-0.0128029
-0.0126366
-0.0124536
-0.012274
-0.0121007
-0.0119301
-0.0117497
-0.0115853
-0.0114181
-0.011251
-0.011077
-0.0109133
-0.0107532
-0.0105887
-0.0104181
-0.0102553
-0.0100848
-0.00992403
-0.00976949
-0.00960882
-0.00946666
-0.00931868
-0.0091802
-0.00902946
-0.00888447
-0.00873127
-0.00858958
-0.00843563
-0.00828995
-0.00814832
-0.00801861
-0.00788974
-0.00776019
-0.0076307
-0.00750565
-0.00738158
-0.00725507
-0.00712859
-0.00700824
-0.00688181
-0.00676149
-0.00666236
-0.00654655
-0.00643613
-0.00632503
-0.00620649
-0.00609015
-0.00596704
-0.0058629
-0.00574888
-0.00563567
-0.00552857
-0.00542079
-0.0053228
-0.00522195
-0.00512486
-0.00502708
-0.00492703
-0.00482628
-0.0047256
-0.00463178
-0.00454025
-0.00444061
-0.00433803
-0.00424156
-0.00415416
-0.00405792
-0.00397074
-0.00387548
-0.00378927
-0.00369939
-0.00360664
-0.0035207
-0.00344451
-0.00335724
-0.00327372
-0.00318284
-0.00310027
-0.00302375
-0.00294214
-0.00286587
-0.00279047
-0.00271961
-0.00264218
-0.00256341
-0.00249215
-0.0024203
-0.00235528
-0.00228603
-0.00221473
-0.00214293
-0.00207431
-0.00200955
-0.00195014
-0.0018909
-0.00182671
-0.0017679
-0.00171002
-0.00165235
-0.00159787
-0.00153479
-0.0014778
-0.00141518
-0.00135863
-0.00130231
-0.00124618
-0.00118367
-0.00112211
-0.00106662
-0.0010048
-0.000952733
-0.000897194
-0.000842605
-0.000785304
-0.000731955
-0.000677432
-0.000623906
-0.000564837
-0.000512563
-0.000459074
-0.000403573
-0.000350567
-0.000298535
-0.000252534
-0.000200965
-0.000148934
-0.000103687
-5.86835e-05
-1.39052e-05
2.48622e-05
6.84621e-05
0.000106761
0.000144097
0.000181925
0.000224594
0.00026199
0.00029916
0.000342585
0.000379296
0.000421511
0.000460683
0.00049372
0.000530219
0.000565784
0.000601132
0.000635558
0.000669776
0.000704497
0.000732567
0.000766166
0.000793827
0.000814829
0.000842766
0.000869083
0.000896637
0.000922551
0.000939559
0.000965001
0.000990926
0.0010159
0.00103768
0.00106217
0.00108572
0.00110907
0.00113221
0.0011579
0.00117995
0.00120254
0.00122493
0.00125139
0.00127273
0.00129958
0.00132259
0.00134337
0.00136963
0.00139
0.00142149
0.00144784
0.0014733
0.00149292
0.00151093
0.0015231
0.0015358
0.00154762
0.00156492
0.00157639
0.00159403
0.00161712
0.0016337
0.0016501
0.00166362
0.00167333
0.0016829
0.00169303
0.00170231
0.00170582
0.00172046
0.00173568
0.00175303
0.00176167
0.0017758
0.00178711
0.00179462
0.00181123
0.0018135
0.0018235
0.00182969
0.00183378
0.00183408
0.00183423
0.00185471
0.00184826
0.00184797
0.00185246
0.00184559
0.00183857
0.00183141
0.00182395
0.00181634
0.00180857
0.00180068
0.00179201
0.00180632
0.00179814
0.00182008
0.00182581
0.00181726
0.00181644
0.00181323
0.00180727
0.00180676
0.00179984
0.00179907
0.00179257
0.00178596
0.00178481
0.00177798
0.00177663
0.00177259
0.00177114
0.00176701
0.00176542
0.00176113
0.00176233
0.00175788
0.00175337
0.00175417
0.0017519
0.0017532
0.00174818
0.00174867
0.00174907
0.00174381
0.00174403
0.00174416
0.00174159
0.00174153
0.0017388
0.00174155
0.00174123
0.00174119
0.00174359
0.0017403
0.00174246
0.00173898
0.001738
0.0017399
0.00174171
0.00173789
0.00173955
0.00173561
0.00174013
0.00174457
0.00174639
0.00175069
0.00175194
0.00175611
0.00176576
0.0017698
0.00177679
0.00178072
0.00179314
0.00179695
0.00180623
0.00181293
0.00182211
0.00182873
0.00184452
0.00185102
0.00185996
0.00186333
0.0018722
0.0018755
0.00188182
0.00189604
0.00190789
0.00191973
0.00193154
0.00194637
0.00195817
0.00214983
0.00217264
0.00219297
0.0022133
0.00223361
0.0022594
0.00227966
0.0023054
0.00233661
0.00236227
0.00238789
0.002419
0.0024446
0.00246779
0.0024934
0.0025245
0.00255008
0.00257565
0.00260979
0.00263867
0.002673
0.00270728
0.00275011
0.00278808
0.00282544
0.0028628
0.00290327
0.00294372
0.00298653
0.00302702
0.00307301
0.00311587
0.00315641
0.00320555
0.00324611
0.00329214
0.00333822
0.0033875
0.00343998
0.00349855
0.00356199
0.00362004
0.00368297
0.00374744
0.0038056
0.00387243
0.00393934
0.00400315
0.00407026
0.00413745
0.0041993
0.00426982
0.00434043
0.00441435
0.00448512
0.0045646
0.00463661
0.00471089
0.00479066
0.00486186
0.00494176
0.00501305
0.00509302
0.0051763
0.00525426
0.00533229
0.0054104
0.00549725
0.00557883
0.00566256
0.00574634
0.00582816
0.00590672
0.00599067
0.00608134
0.00616876
0.00624758
0.00633513
0.00641205
0.00649098
0.00656124
0.00663491
0.00671057
0.00678093
0.0068547
0.00693386
0.00699906
0.00706482
0.00713009
0.00719541
0.00725548
0.0073122
0.00737426
0.007435
0.00748474
0.00753982
0.00759494
0.00765885
0.00771061
0.00775759
0.00781287
0.00786472
0.0079166
0.00796149
0.00800984
0.00805817
0.00809949
0.00814425
0.00819553
0.0082385
0.00828672
0.00833138
0.00838479
0.00843643
0.00848453
0.00853216
0.0085767
0.00862647
0.00867096
0.00871499
0.00875592
0.00880039
0.00884442
0.00889058
0.00894026
0.00898588
0.00903548
0.00907623
0.00912218
0.00916769
0.00921362
0.00926476
0.00930707
0.00935818
0.0094097
0.00945715
0.0095082
0.0095592
0.00960131
0.00965741
0.0097119
0.00976428
0.00980622
0.00984966
0.00990549
0.0099576
0.0100133
0.0100653
0.010112
0.0101601
0.010217
0.0102719
0.0103286
0.0103764
0.0104278
0.0104883
0.0105396
0.0105996
0.0106559
0.010712
0.0107682
0.0108242
0.0108802
0.0109309
0.010983
0.0110392
0.0110963
0.0111483
0.0112001
0.0112505
0.0113026
0.0113492
0.0113961
0.0114426
0.0114944
0.0115458
0.0115907
0.0116357
0.0116779
0.0117241
0.0117647
0.0118143
0.0118597
0.0119053
0.0119454
0.0119857
0.0120255
0.0120702
0.0121098
0.0121495
0.0121888
0.012233
0.012272
0.012316
0.0123635
0.0123933
0.0124318
0.0124703
0.0125098
0.012548
0.0125823
0.0126115
0.0126367
0.0126607
0.0126984
0.0127319
0.0127556
0.0127892
0.0128178
0.0128512
0.0128845
0.0129217
0.0129599
0.012992
0.0130251
0.013062
0.0130949
0.013137
0.0131649
0.0131928
0.0132207
0.0132485
0.0132852
0.013318
0.0133497
0.0133824
0.0134189
0.0134603
0.0134928
0.0135302
0.0135667
0.0136028
0.0136437
0.0136711
0.0137119
0.0137529
0.0137938
0.0138344
0.0138693
0.0139091
0.0139498
0.0139894
0.01403
0.0140744
0.0141198
0.0141642
0.0142184
0.0142638
0.0142995
0.0143487
0.014394
0.0144473
0.0144876
0.0145231
0.0145584
0.0145979
0.0146421
0.0146852
0.0147292
0.0147732
0.0148172
0.014861
0.0149138
0.0149574
0.0150011
0.0150446
0.0150889
0.015137
0.0151811
0.0152292
0.0152633
0.0153072
0.015355
0.0153941
0.0154417
0.015494
0.0155456
0.0155928
0.0156401
0.015687
0.0157388
0.0157854
0.0158588
0.015923
0.015983
0.0160518
0.0161017
0.0161387
0.016189
0.0162432
0.0162972
0.0163596
0.0164172
0.0164793
0.0165371
0.0165985
0.0166597
0.0167159
0.0167768
0.0168326
0.0168928
0.0169529
0.0170216
0.0170861
0.0171544
0.0172268
0.0172991
0.0173759
0.0174437
0.0175197
0.0175914
0.0176631
0.0177392
0.0178152
0.0178999
0.017971
0.0180507
0.018135
0.0182187
0.0183023
0.0183812
0.0184645
0.0185474
0.0186304
0.018709
0.0187914
0.0188739
0.0189601
0.0190507
0.0191411
0.019231
0.0193121
0.0194017
0.0194827
0.0195636
0.0196531
0.019738
0.019827
0.0199159
0.020009
0.0200976
0.0201905
0.0202745
0.0203628
0.0204465
0.0205433
0.0206357
0.020728
0.0208204
0.0209127
0.0210048
0.0210924
0.0211888
0.0212939
0.0213945
0.021495
0.0215822
0.0216694
0.0217386
0.02183
0.0219124
0.0219993
0.022086
0.0221861
0.0222949
0.0224083
0.0225261
0.0226395
0.0227528
0.0228658
0.0229787
0.0230734
0.023195
0.023308
0.0234253
0.0235379
0.0236503
0.0237582
0.0238618
0.0239835
0.0240643
0.0241589
0.0242396
0.0243155
0.0243958
0.0244711
0.0245517
0.0246317
0.0247118
0.0247959
0.02488
0.0249414
0.0250249
0.0250992
0.0251781
0.025248
0.0253309
0.0254137
0.0254876
0.0255612
0.0256301
0.0256988
0.0257674
0.0258359
0.0259132
0.0259814
0.0260448
0.0261078
0.0261755
0.0262382
0.0263007
0.0263638
0.0264267
0.0264853
0.0265486
0.0266069
0.026656
0.0267141
0.0267671
0.0268152
0.0268679
0.0269066
0.02695
0.0269982
0.0270463
0.0270935
0.0271423
0.0271901
0.0272339
0.0272726
0.0273113
0.02735
0.0273838
0.0274183
0.0274569
0.0274905
0.027525
0.0275536
0.0275872
0.0276206
0.027649
0.0276684
0.0277016
0.0277348
0.0277629
0.0277999
0.0278368
0.0278687
0.0279007
0.0279282
0.0279547
0.0279861
0.0280084
0.0280298
0.0280609
0.0280818
0.0281078
0.0281336
0.0281688
0.0281906
0.0282123
0.028238
0.0282728
0.0283025
0.0283282
0.028354
0.0283788
0.0284099
0.0284308
0.0284558
0.0284819
0.0285081
0.0285383
0.0285646
0.0285945
0.0286248
0.02865
0.0286764
0.0286977
0.0287189
0.0287401
0.0287625
0.0287874
0.0288096
0.0288226
0.028841
0.0288578
0.0288783
0.028896
0.0289124
0.0289195
0.0289447
0.0289659
0.0289819
0.0290069
0.0290279
0.0290489
0.029075
0.0290908
0.0291207
0.0291559
0.0291807
0.0292108
0.0292357
0.0292606
0.0292908
0.0293159
0.0293323
0.0293626
0.029393
0.0294224
0.0294532
0.0294837
0.0295145
0.0295363
0.0295618
0.0295873
0.0296128
0.0296382
0.0296631
0.0296868
0.0297134
0.0297345
0.0297556
0.0297803
0.0298065
0.0298269
0.029853
0.0298738
0.0298995
0.0299251
0.0299475
0.0299678
0.0299845
0.0300065
0.0300233
0.0300454
0.0300676
0.0300952
0.0301176
0.0301401
0.0301589
0.0301762
0.030199
0.030216
0.03023
0.0302568
0.0302746
0.0302963
0.030318
0.0303457
0.0303768
0.030408
0.030434
0.030466
0.0304923
0.0305284
0.0305502
0.0305904
0.0306452
0.0306917
0.0307416
0.0307844
0.030822
0.0308568
0.0308913
0.030926
0.0309555
0.0309943
0.0310593
0.0311045
0.0311638
0.0312185
0.0312642
0.0313005
0.0313465
0.0313872
0.0314294
0.0314662
0.0315127
0.0315497
0.0315849
0.0316257
0.0316665
0.0317075
0.0317576
0.0318038
0.0318561
0.0319026
0.0319498
0.0320021
0.0320551
0.0320987
0.0321426
0.0321891
0.0322354
0.0322854
0.0323418
0.0323999
0.0324563
0.0325129
0.0325755
0.0326273
0.0326885
0.0327464
0.0328012
0.0328507
0.0329186
0.0329832
0.0330481
0.0331132
0.0331785
0.0332349
0.0332915
0.0333573
0.0334142
0.033482
0.0335595
0.0336316
0.0337151
0.0337874
0.0338542
0.0339177
0.0339848
0.0340407
0.0341139
0.034185
0.0342585
0.0343357
0.0344097
0.0344806
0.0345585
0.0346366
0.0347116
0.0347959
0.0348896
0.0349751
0.0350694
0.0351616
0.0352358
0.0353168
0.0353915
0.0354705
0.0355573
0.0356507
0.0357386
0.0358291
0.035914
0.0360024
0.0360876
0.0361679
0.0362534
0.0363547
0.036447
0.0365544
0.0366354
0.036723
0.0368166
0.0368961
0.036999
0.0370963
0.0371996
0.0373037
0.0374049
0.0375186
0.0376201
0.037719
0.0378215
0.0379325
0.0380345
0.0381433
0.0382456
0.0383428
0.0384429
0.0385464
0.0386461
0.0387558
0.0388505
0.0389605
0.0390555
0.0391573
0.0392612
0.0393685
0.0394819
0.0395903
0.039704
0.0398059
0.0399087
0.040002
0.0401051
0.0402076
0.0403142
0.0404258
0.0405355
0.0406446
0.0407478
0.0408458
0.0409491
0.0410533
0.0411545
0.0412528
0.0413449
0.0414432
0.0415445
0.0416497
0.0417517
0.0418537
0.0419527
0.0420463
0.0421482
0.0422286
0.042315
0.0424052
0.0425045
0.0426061
0.0426838
0.0427861
0.0428883
0.0429783
0.0430705
0.0431604
0.0432504
0.0433435
0.0434365
0.0435305
0.0436206
0.0437085
0.0437963
0.0438849
0.0439767
0.0440645
0.044153
0.0442385
0.0443116
0.0443938
0.044476
0.0445551
0.0446434
0.0447325
0.0448177
0.0449058
0.0449854
0.0450649
0.0451382
0.0452185
0.0452916
0.0453647
0.045445
0.0455181
0.0455983
0.0456768
0.0457436
0.0458174
0.0458778
0.0459445
0.0460057
0.046066
0.046127
0.0461878
0.0462506
0.0463133
0.0463768
0.0464364
0.0464933
0.0465525
0.0466073
0.0466629
0.0467182
0.0467633
0.0468175
0.0468661
0.0469209
0.0469785
0.0470294
0.0470859
0.0471303
0.0471849
0.047233
0.0472837
0.0473309
0.0473718
0.047419
0.0474643
0.0475014
0.047555
0.0475967
0.0476475
0.047703
0.0477628
0.0479253
0.0479677
0.0480393
0.0480944
0.0481538
0.0482076
0.0482695
0.0483266
0.0483882
0.0485166
0.0485585
0.0485958
0.0486367
0.0486719
0.0487025
0.0487338
0.0487716
0.048802
0.0488323
0.0488698
0.0488999
0.0489399
0.0489761
0.0490058
0.0490454
0.0490877
0.04915
0.0492001
0.0492584
0.0493175
0.0493821
0.0494474
0.0495291
0.0496015
0.0496756
0.0497569
0.0498307
0.0499052
0.0499815
0.0500623
0.0501385
0.0502018
0.0502604
0.0503337
0.0504173
0.0504952
0.0505648
0.0506408
0.0507141
0.0507938
0.0508771
0.0509576
0.0510437
0.0511297
0.0512101
0.0512793
0.0513446
0.0514062
0.0515263
0.0516204
0.0517321
0.0518307
0.0518866
0.051948
0.0519974
0.0520663
0.0521344
0.0522091
0.0522757
0.0523451
0.0524136
0.0524666
0.0525338
0.0526028
0.052686
0.0527695
0.0528803
0.0529847
0.0530722
0.0531497
0.0532092
0.0533169
0.0534246
0.0535415
0.053625
0.0536991
0.0537705
0.0538447
0.053923
0.0539937
0.0540746
0.0541652
0.0542503
0.0543212
0.0543948
0.0544603
0.0545289
0.0546068
0.0546914
0.0547696
0.0548453
0.0549249
0.0549945
0.0550679
0.0551445
0.0552316
0.0553198
0.0554073
0.0554949
0.0555746
0.0556625
0.0557358
0.0558249
0.0559192
0.0560085
0.0560922
0.0561866
0.0562561
0.0563429
0.0564398
0.0565409
0.0566522
0.0567523
0.0568535
0.0569456
0.0570402
0.057099
0.0571769
0.0572677
0.0573678
0.0574789
0.0575615
0.0576596
0.0577589
0.0578563
0.0579549
0.0580526
0.0581439
0.0582486
0.0583401
0.058445
0.0585501
0.0586552
0.0587604
0.058859
0.058951
0.0590429
0.0591348
0.0592267
0.0593329
0.0594313
0.0595375
0.0596358
0.0597285
0.059821
0.0599135
0.0600219
0.0601145
0.0602138
0.0603065
0.0603993
0.0604931
0.060587
0.0606877
0.0607751
0.0608625
0.0609567
0.0610443
0.0611387
0.0612409
0.0613422
0.0614435
0.0615382
0.0616328
0.0617207
0.0618153
0.0619165
0.0620177
0.0621188
0.0621997
0.0622939
0.062389
0.0624772
0.0625643
0.062659
0.0627602
0.0628545
0.0629478
0.0630352
0.0631224
0.0632096
0.0632967
0.0633973
0.0634921
0.0635803
0.0636776
0.0637591
0.0638474
0.0639358
0.0640232
0.0641196
0.0642083
0.0642971
0.0643861
0.0644694
0.0645538
0.0646382
0.0647283
0.0648128
0.0648971
0.0649881
0.0650722
0.0651496
0.0652336
0.0653166
0.0654004
0.0654899
0.0655658
0.0656561
0.0657406
0.0658125
0.0658969
0.0659707
0.066055
0.066147
0.0662303
0.0663156
0.0664
0.066471
0.0665574
0.0666372
0.0667161
0.0668095
0.0668885
0.0669745
0.0670595
0.0671332
0.06725
0.0673535
0.0674626
0.0675397
0.0676132
0.0676913
0.0677635
0.0678213
0.0678865
0.0679505
0.0680144
0.0680781
0.0681415
0.0681971
0.0682735
0.0683296
0.0683779
0.0684194
0.0684665
0.0685011
0.0685279
0.0685681
0.0686083
0.0686427
0.0686828
0.0687164
0.068749
0.0687818
0.0688146
0.0688408
0.0688605
0.068887
0.0689069
0.068927
0.0689538
0.0689741
0.0690001
0.0690129
0.0690257
0.0690453
0.0690563
0.069064
0.069076
0.0690824
0.0690811
0.0690732
0.0690787
0.0690842
0.0690765
0.0690697
0.0690644
0.0690712
0.0690705
0.0690709
0.0690793
0.069079
0.069078
0.0690803
0.0690805
0.0690877
0.0690951
0.0690894
0.0690929
0.0690921
0.0690925
0.0690952
0.0690914
0.06909
0.0690897
0.0690895
0.0690862
0.0690784
0.0690641
0.0690586
0.0690464
0.0690311
0.069009
0.0689959
0.0689805
0.0689585
0.0689463
0.0689333
0.0689169
0.0689073
0.0688913
0.0688755
0.0688658
0.0688506
0.0688445
0.0688321
0.0688191
0.0688065
0.0687965
0.0687772
0.0687674
0.0687525
0.0687363
0.0687231
0.0687099
0.0686963
0.0686889
0.0686749
0.0686654
0.0686535
0.0686335
0.0686147
0.0685903
0.0685749
0.0685624
0.068545
0.068534
0.068517
0.0684983
0.068483
0.0684637
0.0684419
0.0684236
0.068408
0.0683908
0.0683754
0.0683527
0.068346
0.0683269
0.0683249
0.0683026
0.0682909
0.0682708
0.0682498
0.0682346
0.0682219
0.0682039
0.0681918
0.0681841
0.0681749
0.0681702
0.0681639
0.0681612
0.0681579
0.068156
0.0681547
0.0681621
0.0681617
0.0681636
0.068164
0.0681688
0.0681722
0.0681792
0.0681869
0.0682004
0.0682092
0.0682216
0.0682336
0.0682462
0.0682614
0.0682781
0.0682889
0.0683108
0.0683313
0.0683542
0.0683711
0.0683971
0.0684195
0.0684492
0.068472
0.0685009
0.0685345
0.0685632
0.0686002
0.068637
0.0686786
0.0687125
0.0687578
0.0688024
0.0688474
0.0688913
0.0689436
0.0689921
0.0690417
0.0690931
0.0691474
0.0691992
0.0692567
0.0693077
0.0693678
0.0694319
0.069496
0.0695539
0.0696154
0.0696855
0.0697555
0.0698293
0.0698985
0.069974
0.0700403
0.0701214
0.0701957
0.0702783
0.070357
0.0704428
0.0705237
0.0706138
0.0706979
0.0707856
0.0708785
0.0709672
0.0710566
0.0711495
0.0712428
0.0713368
0.0714322
0.071531
0.0716294
0.0717291
0.0718304
0.0719387
0.0720363
0.0721408
0.0722477
0.072355
0.0724635
0.0725659
0.0726771
0.072782
0.0728883
0.0729893
0.0730682
0.0731783
0.0732888
0.0733939
0.0734935
0.0736009
0.0737029
0.0738052
0.0739151
0.0740195
0.0741175
0.07421
0.0743101
0.0744122
0.0745143
0.0746174
0.0747157
0.0748207
0.0749332
0.0750392
0.0751461
0.0752472
0.0753522
0.0754616
0.0755653
0.0756764
0.0757742
0.0758803
0.0759805
0.0760872
0.0761889
0.0762847
0.0763935
0.076503
0.0766066
0.0767062
0.076811
0.0769078
0.0770139
0.0771205
0.0772211
0.0773279
0.0774295
0.0775242
0.0776268
0.077729
0.0778221
0.0779177
0.0780071
0.0781035
0.0781937
0.0782823
0.0783723
0.0784606
0.0785503
0.0786348
0.0787374
0.0788196
0.0788964
0.0789792
0.0790641
0.0791287
0.0791621
0.0792327
0.0792819
0.0793247
0.0793779
0.0794344
0.0794805
0.0795277
0.0795773
0.0796118
0.0796446
0.0796719
0.0796918
0.079711
0.0797273
0.0797459
0.0797549
0.0797517
0.0797498
0.0797394
0.079728
0.0797159
0.0797105
0.0796635
0.0796339
0.0795956
0.0795698
0.0795375
0.0794997
0.0794523
0.0793947
0.0793449
0.0792853
0.0792357
0.0791697
0.0790905
0.079021
0.0789494
0.0788711
0.0787873
0.078688
0.078602
0.0785149
0.0784087
0.0783025
0.0781963
0.0780858
0.0779311
0.0777958
0.0776737
0.0775515
0.0774173
0.0772576
0.0771089
0.0769667
0.076813
0.0766383
0.0764811
0.0763239
0.0761454
0.0759667
0.0757802
0.0755836
0.0753934
0.0752041
0.0749947
0.074803
0.0746089
0.0744014
0.0741725
0.07397
0.073763
0.0735459
0.0733274
0.0730945
0.0728778
0.0726808
0.0724437
0.0722031
0.0719865
0.0717635
0.071528
0.0713033
0.0710598
0.0708151
0.0705865
0.0703316
0.0700865
0.0698651
0.0695961
0.0692605
0.068534
0.068293
0.0680444
0.0677632
0.0675001
0.0672405
0.0669764
0.0667358
0.0664419
0.0661425
0.065878
0.0655922
0.0653103
0.0649905
0.0647079
0.0644446
0.0641677
0.0638845
0.0636225
0.0633389
0.0630672
0.0627992
0.0625166
0.0622488
0.0619795
0.0616994
0.0614446
0.0611729
0.0608908
0.0606313
0.0603569
0.0600925
0.0598282
0.0595481
0.0592727
0.0590142
0.0587303
0.0584588
0.0582049
0.0579344
0.0576588
0.0573798
0.0571036
0.0568408
0.0565595
0.0562933
0.0560313
0.0557579
0.0554717
0.0552064
0.0549384
0.0546745
0.0544043
0.0541307
0.0538028
0.053297
0.0529405
0.0526079
0.0522727
0.0520221
0.0517628
0.0514174
0.0510919
0.0507544
0.0504273
0.0501097
0.0498475
0.0495896
0.0492797
0.0485714
0.0483406
0.0480169
0.0476941
0.047391
0.0470799
0.0467786
0.0465746
0.0463299
0.046462
0.0465935
0.0467245
0.0468549
0.0469848
0.0471141
0.0472429
0.0473712
0.0474989
0.0476261
0.0477526
0.0478786
0.048004
0.0481288
0.0482531
0.0483768
0.0484999
0.0486226
0.0487447
0.0488662
0.0489873
0.0491078
0.0492279
0.0493473
0.0494662
0.0495845
0.0497023
0.0498196
0.0499363
0.0500525
0.0501682
0.0502834
0.0503981
0.0505121
0.0506257
0.0507387
0.0508512
0.0509631
0.0510745
0.0511853
0.0512956
0.0514054
0.0515147
0.0516234
0.0517317
0.0518394
0.0519467
0.0520534
0.0521597
0.0522654
0.0523705
0.0524752
0.0525794
0.052683
0.052786
0.0528885
0.0529905
0.053092
0.053193
0.0532935
0.0533935
0.053493
0.053592
0.0536905
0.0537885
0.0538861
0.0539832
0.0540798
0.0541759
0.0542715
0.0543666
0.0544612
0.0545553
0.0546489
0.054742
0.0548346
0.0549267
0.0550183
0.0551094
0.0552001
0.0552903
0.05538
0.0554693
0.0555581
0.0556464
0.0557344
0.0558219
0.0559089
0.0559956
0.0560817
0.0561674
0.0562527
0.0563375
0.0564218
0.0565057
0.0565892
0.0566722
0.0567548
0.056837
0.0569188
0.0570002
0.0570811
0.0571616
0.0572417
0.0573214
0.0574007
0.0574795
0.057558
0.057636
0.0577137
0.0577909
0.0578676
0.057944
0.05802
0.0580955
0.0581706
0.0582453
0.0583196
0.0583936
0.0584671
0.0585403
0.0586131
0.0586856
0.0587576
0.0588292
0.0589004
0.0589712
0.0590416
0.0591116
0.0591813
0.0592505
0.0593194
0.0593879
0.0594559
0.0595236
0.059591
0.059658
0.0597246
0.0597908
0.0598566
0.0599221
0.0599871
0.0600518
0.0601162
0.0601801
0.0602437
0.0603069
0.0603698
0.0604323
0.0604945
0.0605563
0.0606178
0.0606789
0.0607396
0.0608
0.06086
0.0609196
0.060979
0.061038
0.0610967
0.0611551
0.061213
0.0612707
0.0613281
0.061385
0.0614417
0.061498
0.061554
0.0616094
0.0616645
0.0617192
0.0617736
0.0618278
0.0618816
0.0619351
0.0619884
0.0620413
0.062094
0.0621463
0.0621984
0.0622502
0.0623017
0.0623529
0.0624039
0.0624546
0.062505
0.062555
0.0626048
0.0626542
0.0627033
0.0627521
0.0628007
0.0628489
0.0628969
0.0629446
0.0629921
0.0630393
0.0630863
0.063133
0.0631795
0.0632256
0.0632715
0.0633171
0.0633624
0.0634074
0.0634522
0.0634967
0.063541
0.063585
0.0636287
0.0636721
0.0637153
0.0637582
0.0638009
0.0638433
0.0638855
0.0639274
0.0639691
0.0640104
0.0640515
0.0640924
0.064133
0.0641733
0.0642133
0.0642532
0.0642928
0.0643322
0.0643714
0.0644104
0.0644492
0.0644877
0.064526
0.0645641
0.064602
0.0646396
0.064677
0.0647142
0.0647511
0.0647879
0.0648244
0.0648607
0.0648968
0.0649326
0.0649683
0.0650037
0.0650389
0.0650739
0.0651087
0.0651433
0.0651777
0.0652119
0.0652459
0.0652797
0.0653133
0.0653468
0.06538
0.0654131
0.0654459
0.0654785
0.0655109
0.065543
0.065575
0.0656067
0.0656382
0.0656696
0.0657009
0.0657319
0.0657628
0.0657935
0.065824
0.0658543
0.0658845
0.0659144
0.0659442
0.0659737
0.0660031
0.0660324
0.0660615
0.0660904
0.0661191
0.0661477
0.066176
0.0662043
0.0662323
0.0662601
0.0662877
0.0663152
0.0663425
0.0663697
0.0663967
0.0664235
0.0664502
0.0664767
0.066503
0.0665291
0.0665551
0.066581
0.0666067
0.0666322
0.0666576
0.0666828
0.0667079
0.0667329
0.0667577
0.0667823
0.0668068
0.0668312
0.0668555
0.0668796
0.0669036
0.0669274
0.0669511
0.0669746
0.066998
0.0670213
0.0670443
0.0670672
0.06709
0.0671126
0.067135
0.0671574
0.0671795
0.0672015
0.0672234
0.0672451
0.0672667
0.0672881
0.0673094
0.0673306
0.0673516
0.0673725
0.0673933
0.0674141
0.0674347
0.0674552
0.0674755
0.0674957
0.0675159
0.0675359
0.0675558
0.0675756
0.0675953
0.067615
0.0676345
0.067654
0.0676733
0.0676925
0.0677116
0.0677306
0.0677495
0.0677683
0.067787
0.0678056
0.0678241
0.0678425
0.0678607
0.0678788
0.0678968
0.0679148
0.0679326
0.0679502
0.0679678
0.0679852
0.0680025
0.0680196
0.0680367
0.0680536
0.0680705
0.0680872
0.0681039
0.0681206
0.0681371
0.0681535
0.0681698
0.0681861
0.0682023
0.0682184
0.0682344
0.0682503
0.068266
0.0682817
0.0682972
0.0683128
0.0683283
0.0683437
0.068359
0.0683742
0.0683893
0.0684043
0.0684192
0.068434
0.0684488
0.0684634
0.068478
0.0684925
0.0685068
0.0685211
0.0685353
0.0685494
0.0685634
0.0685773
0.0685912
0.0686049
0.0686186
0.0686322
0.0686458
0.0686593
0.0686726
0.0686859
0.0686991
0.0687121
0.0687251
0.068738
0.0687509
0.0687636
0.0687762
0.0687887
0.0688011
0.0688134
0.0688257
0.0688379
0.06885
0.0688621
0.0688742
0.0688861
0.068898
0.0689097
0.0689213
0.0689329
0.0689443
0.0689557
0.0689669
0.0689781
0.0689892
0.0690003
0.0690113
0.0690223
0.0690332
0.069044
0.0690547
0.0690654
0.0690759
0.0690864
0.0690969
0.0691072
0.0691175
0.0691277
0.0691378
0.0691479
0.0691579
0.0691678
0.0691777
0.0691876
0.0691974
0.0692071
0.0692168
0.0692264
0.069236
0.0692455
0.069255
0.0692645
0.0692739
0.0692832
0.0692924
0.0693016
0.0693108
0.0693198
0.0693288
0.0693378
0.0693467
0.0693556
0.0693644
0.0693731
0.0693817
0.0693903
0.0693989
0.0694073
0.0694157
0.0694241
0.0694325
0.0694407
0.0694489
0.0694571
0.0694652
0.0694733
0.0694813
0.0694893
0.0694972
0.0695051
0.0695129
0.0695206
0.0695283
0.069536
0.0695436
0.0695512
0.0695588
0.0695663
0.0695738
0.0695813
0.0695887
0.069596
0.0696033
0.0696105
0.0696177
0.0696248
0.0696319
0.069639
0.069646
0.069653
0.0696599
0.0696668
0.0696736
0.0696804
0.0696872
0.069694
0.0697007
0.0697073
0.0697139
0.0697204
0.0697269
0.0697334
0.0697398
0.0697462
0.0697525
0.0697588
0.069765
0.0697712
0.0697773
0.0697834
0.0697894
0.0697954
0.0698015
0.0698075
0.0698134
0.0698194
0.0698253
0.0698311
0.069837
0.0698427
0.0698485
0.0698542
0.0698599
0.0698655
0.0698711
0.0698767
0.0698823
0.0698878
0.0698932
0.0698986
0.069904
0.0699093
0.0699146
0.0699199
0.0699251
0.0699303
0.0699353
0.0699404
0.0699454
0.0699504
0.0699554
0.0699603
0.0699653
0.0699702
0.069975
0.0699798
0.0699846
0.0699894
0.0699941
0.0699988
0.0700035
0.0700082
0.0700128
0.0700175
0.0700222
0.0700268
0.0700314
0.070036
0.0700406
0.0700451
0.0700497
0.0700542
0.0700587
0.0700632
0.0700678
0.0700723
0.0700767
0.0700812
0.0700856
0.07009
0.0700943
0.0700985
0.0701027
0.0701068
0.070111
0.0701151
0.0701192
0.0701233
0.0701274
0.0701315
0.0701356
0.0701396
0.0701436
0.0701476
0.0701515
0.0701555
0.0701594
0.0701633
0.0701671
0.070171
0.0701748
0.0701787
0.0701825
0.0701863
0.0701901
0.0701939
0.0701977
0.0702014
0.0702052
0.0702089
0.0702126
0.0702163
0.07022
0.0702238
0.0702274
0.0702311
0.0702348
0.0702384
0.070242
0.0702456
0.0702492
0.0702527
0.0702563
0.0702597
0.0702632
0.0702665
0.0702699
0.0702732
0.0702766
0.0702799
0.0702831
0.0702864
0.0702896
0.0702928
0.070296
0.0702992
0.0703023
0.0703055
0.0703086
0.0703117
0.0703148
0.0703178
0.0703208
0.0703239
0.0703269
0.07033
0.070333
0.0703361
0.0703391
0.070342
0.0703449
0.0703478
0.0703507
0.0703535
0.0703563
0.070359
0.0703617
0.0703644
0.070367
0.0703696
0.0703722
0.0703747
0.0703772
0.0703797
0.0703821
0.0703845
0.0703869
0.0703892
0.0703915
0.0703938
0.0703961
0.0703984
0.0704006
0.0704027
0.0704048
