-0.133301
-0.133301
-0.133301
-0.133301
-0.133302
-0.133302
-0.133302
-0.133302
-0.133302
-0.133302
-0.133302
-0.133302
-0.133302
-0.133303
-0.133303
-0.133303
-0.133303
-0.133303
-0.133303
-0.133303
-0.133303
-0.133303
-0.133304
-0.133304
-0.133304
-0.133304
-0.133304
-0.133304
-0.133304
-0.133304
-0.133304
-0.133304
-0.133304
-0.133304
-0.133304
-0.133304
-0.133304
-0.133304
-0.133305
-0.133305
-0.133305
-0.133305
-0.133305
-0.133305
-0.133306
-0.133306
-0.133306
-0.133306
-0.133307
-0.133307
-0.133307
-0.133308
-0.133308
-0.133308
-0.133309
-0.133309
-0.13331
-0.13331
-0.133311
-0.133311
-0.133312
-0.133312
-0.133312
-0.133313
-0.133314
-0.133314
-0.133315
-0.133315
-0.133316
-0.133316
-0.133317
-0.133318
-0.133318
-0.133319
-0.133319
-0.13332
-0.133321
-0.133321
-0.133322
-0.133323
-0.133323
-0.133324
-0.133325
-0.133326
-0.133326
-0.133327
-0.133328
-0.133329
-0.133329
-0.13333
-0.133331
-0.133331
-0.133332
-0.133333
-0.133334
-0.133334
-0.133335
-0.133336
-0.133337
-0.133338
-0.133338
-0.133339
-0.13334
-0.133341
-0.133342
-0.133343
-0.133344
-0.133345
-0.133346
-0.133347
-0.133347
-0.133348
-0.133349
-0.13335
-0.133351
-0.133352
-0.133353
-0.133353
-0.133354
-0.133355
-0.133356
-0.133357
-0.133358
-0.133359
-0.13336
-0.133361
-0.133362
-0.133363
-0.133364
-0.133365
-0.133366
-0.133367
-0.133368
-0.133369
-0.13337
-0.133371
-0.133372
-0.133373
-0.133374
-0.133375
-0.133376
-0.133377
-0.133378
-0.133379
-0.13338
-0.133381
-0.133382
-0.133383
-0.133384
-0.133385
-0.133387
-0.133388
-0.133389
-0.13339
-0.133391
-0.133392
-0.133393
-0.133394
-0.133395
-0.133396
-0.133398
-0.133399
-0.1334
-0.133401
-0.133402
-0.133403
-0.133405
-0.133406
-0.133407
-0.133408
-0.133409
-0.133411
-0.133412
-0.133413
-0.133414
-0.133416
-0.133417
-0.133418
-0.133419
-0.133421
-0.133422
-0.133423
-0.133424
-0.133426
-0.133427
-0.133428
-0.133429
-0.13343
-0.133432
-0.133433
-0.133434
-0.133435
-0.133437
-0.133438
-0.133439
-0.133441
-0.133442
-0.133443
-0.133444
-0.133446
-0.133447
-0.133448
-0.133449
-0.133451
-0.133452
-0.133453
-0.133454
-0.133456
-0.133457
-0.133458
-0.13346
-0.133461
-0.133462
-0.133463
-0.133465
-0.133466
-0.133467
-0.133469
-0.13347
-0.133471
-0.133473
-0.133474
-0.133475
-0.133477
-0.133478
-0.133479
-0.13348
-0.133482
-0.133483
-0.133484
-0.133485
-0.133487
-0.133488
-0.133489
-0.13349
-0.133491
-0.133492
-0.133493
-0.133494
-0.133495
-0.133496
-0.133497
-0.133498
-0.133499
-0.1335
-0.133501
-0.133502
-0.133503
-0.133504
-0.133505
-0.133506
-0.133507
-0.133508
-0.133509
-0.13351
-0.133511
-0.133512
-0.133513
-0.133514
-0.133515
-0.133517
-0.133518
-0.133519
-0.13352
-0.133521
-0.133522
-0.133523
-0.133524
-0.133526
-0.133527
-0.133528
-0.133529
-0.13353
-0.133531
-0.133532
-0.133533
-0.133535
-0.133536
-0.133537
-0.133538
-0.133539
-0.13354
-0.133541
-0.133542
-0.133543
-0.133544
-0.133545
-0.133546
-0.133548
-0.133549
-0.13355
-0.133551
-0.133552
-0.133553
-0.133554
-0.133555
-0.133556
-0.133557
-0.133558
-0.133559
-0.13356
-0.133561
-0.133562
-0.133563
-0.133564
-0.133565
-0.133566
-0.133566
-0.133567
-0.133568
-0.133569
-0.13357
-0.133571
-0.133571
-0.133572
-0.133573
-0.133574
-0.133575
-0.133576
-0.133576
-0.133577
-0.133578
-0.133579
-0.133579
-0.13358
-0.133581
-0.133582
-0.133582
-0.133583
-0.133584
-0.133584
-0.133585
-0.133586
-0.133587
-0.133587
-0.133588
-0.133589
-0.133589
-0.13359
-0.133591
-0.133592
-0.133592
-0.133593
-0.133594
-0.133594
-0.133595
-0.133596
-0.133596
-0.133597
-0.133598
-0.133598
-0.133599
-0.1336
-0.133601
-0.133601
-0.133602
-0.133603
-0.133603
-0.133604
-0.133605
-0.133605
-0.133606
-0.133606
-0.133607
-0.133608
-0.133608
-0.133609
-0.13361
-0.13361
-0.133611
-0.133611
-0.133612
-0.133612
-0.133613
-0.133614
-0.133614
-0.133615
-0.133615
-0.133616
-0.133616
-0.133617
-0.133617
-0.133618
-0.133619
-0.133619
-0.13362
-0.13362
-0.133621
-0.133622
-0.133622
-0.133623
-0.133623
-0.133624
-0.133625
-0.133625
-0.133626
-0.133626
-0.133627
-0.133627
-0.133628
-0.133628
-0.133629
-0.133629
-0.13363
-0.13363
-0.133631
-0.133631
-0.133632
-0.133632
-0.133633
-0.133633
-0.133634
-0.133634
-0.133635
-0.133635
-0.133636
-0.133636
-0.133637
-0.133637
-0.133637
-0.133637
-0.133638
-0.133638
-0.133638
-0.133639
-0.133639
-0.133639
-0.133639
-0.13364
-0.13364
-0.13364
-0.133641
-0.133641
-0.133641
-0.133641
-0.133642
-0.133642
-0.133642
-0.133643
-0.133643
-0.133643
-0.133643
-0.133644
-0.133644
-0.133644
-0.133645
-0.133645
-0.133645
-0.133645
-0.133646
-0.133646
-0.133646
-0.133647
-0.133647
-0.133648
-0.133648
-0.133648
-0.133648
-0.133649
-0.133649
-0.133649
-0.13365
-0.13365
-0.13365
-0.133651
-0.133651
-0.133651
-0.133651
-0.133652
-0.133652
-0.133652
-0.133653
-0.133653
-0.133653
-0.133653
-0.133654
-0.133654
-0.133654
-0.133655
-0.133655
-0.133655
-0.133656
-0.133656
-0.133656
-0.133657
-0.133657
-0.133657
-0.133657
-0.133658
-0.133658
-0.133658
-0.133659
-0.133659
-0.133659
-0.13366
-0.13366
-0.13366
-0.133661
-0.133661
-0.133661
-0.133661
-0.133661
-0.133661
-0.133662
-0.133662
-0.133662
-0.133662
-0.133662
-0.133662
-0.133662
-0.133662
-0.133662
-0.133662
-0.133663
-0.133663
-0.133663
-0.133663
-0.133663
-0.133663
-0.133664
-0.133664
-0.133664
-0.133665
-0.133665
-0.133665
-0.133665
-0.133666
-0.133666
-0.133666
-0.133666
-0.133667
-0.133667
-0.133667
-0.133667
-0.133667
-0.133667
-0.133668
-0.133668
-0.133668
-0.133668
-0.133668
-0.133668
-0.133668
-0.133668
-0.133668
-0.133669
-0.133669
-0.133669
-0.133669
-0.133669
-0.133669
-0.13367
-0.13367
-0.13367
-0.13367
-0.13367
-0.13367
-0.13367
-0.13367
-0.13367
-0.13367
-0.13367
-0.13367
-0.13367
-0.13367
-0.13367
-0.13367
-0.13367
-0.133671
-0.133671
-0.133671
-0.133671
-0.133671
-0.133672
-0.133672
-0.133672
-0.133672
-0.133672
-0.133673
-0.133673
-0.133673
-0.133673
-0.133673
-0.133673
-0.133673
-0.133673
-0.133674
-0.133674
-0.133674
-0.133674
-0.133674
-0.133674
-0.133675
-0.133675
-0.133675
-0.133675
-0.133675
-0.133676
-0.133676
-0.133676
-0.133676
-0.133676
-0.133677
-0.133677
-0.133677
-0.133677
-0.133678
-0.133678
-0.133678
-0.133678
-0.133679
-0.133679
-0.133679
-0.133679
-0.13368
-0.13368
-0.13368
-0.133681
-0.133681
-0.133681
-0.133682
-0.133682
-0.133682
-0.133683
-0.133683
-0.133683
-0.133684
-0.133684
-0.133684
-0.133684
-0.133685
-0.133685
-0.133685
-0.133685
-0.133686
-0.133686
-0.133686
-0.133687
-0.133687
-0.133687
-0.133687
-0.133687
-0.133687
-0.133687
-0.133687
-0.133687
-0.133687
-0.133687
-0.133687
-0.133687
-0.133687
-0.133687
-0.133687
-0.133687
-0.133687
-0.133687
-0.133687
-0.133687
-0.133687
-0.133687
-0.133687
-0.133686
-0.133686
-0.133686
-0.133686
-0.133685
-0.133685
-0.133685
-0.133684
-0.133684
-0.133684
-0.133683
-0.133683
-0.133683
-0.133683
-0.133682
-0.133682
-0.133682
-0.133682
-0.133681
-0.133681
-0.133681
-0.133681
-0.133681
-0.133681
-0.13368
-0.13368
-0.13368
-0.13368
-0.13368
-0.13368
-0.13368
-0.13368
-0.13368
-0.133679
-0.133679
-0.133679
-0.133679
-0.133679
-0.133679
-0.133679
-0.133679
-0.133679
-0.133679
-0.133679
-0.133679
-0.133679
-0.133679
-0.133678
-0.133678
-0.133678
-0.133678
-0.133678
-0.133678
-0.133678
-0.133678
-0.133678
-0.133678
-0.133677
-0.133677
-0.133677
-0.133677
-0.133677
-0.133677
-0.133676
-0.133676
-0.133676
-0.133676
-0.133675
-0.133675
-0.133675
-0.133675
-0.133674
-0.133674
-0.133674
-0.133674
-0.133674
-0.133674
-0.133673
-0.133673
-0.133673
-0.133673
-0.133673
-0.133673
-0.133673
-0.133673
-0.133673
-0.133673
-0.133673
-0.133673
-0.133673
-0.133673
-0.133673
-0.133673
-0.133673
-0.133673
-0.133673
-0.133673
-0.133674
-0.133674
-0.133674
-0.133674
-0.133674
-0.133675
-0.133675
-0.133675
-0.133675
-0.133675
-0.133675
-0.133676
-0.133676
-0.133676
-0.133676
-0.133676
-0.133676
-0.133676
-0.133676
-0.133676
-0.133677
-0.133677
-0.133677
-0.133677
-0.133677
-0.133677
-0.133677
-0.133677
-0.133677
-0.133677
-0.133677
-0.133677
-0.133677
-0.133677
-0.133677
-0.133677
-0.133677
-0.133677
-0.133677
-0.133677
-0.133677
-0.133677
-0.133677
-0.133677
-0.133677
-0.133677
-0.133677
-0.133677
-0.133677
-0.133677
-0.133677
-0.133677
-0.133676
-0.133676
-0.133676
-0.133676
-0.133676
-0.133676
-0.133676
-0.133676
-0.133676
-0.133676
-0.133676
-0.133676
-0.133676
-0.133676
-0.133676
-0.133676
-0.133676
-0.133676
-0.133675
-0.133675
-0.133675
-0.133675
-0.133675
-0.133675
-0.133674
-0.133674
-0.133674
-0.133674
-0.133674
-0.133674
-0.133674
-0.133674
-0.133673
-0.133673
-0.133673
-0.133673
-0.133673
-0.133673
-0.133673
-0.133673
-0.133673
-0.133673
-0.133673
-0.133673
-0.133672
-0.133672
-0.133672
-0.133672
-0.133672
-0.133672
-0.133672
-0.133672
-0.133672
-0.133672
-0.133672
-0.133672
-0.133672
-0.133672
-0.133672
-0.133672
-0.133672
-0.133672
-0.133672
-0.133672
-0.133672
-0.133672
-0.133673
-0.133673
-0.133673
-0.133673
-0.133673
-0.133673
-0.133673
-0.133673
-0.133673
-0.133673
-0.133673
-0.133674
-0.133674
-0.133674
-0.133674
-0.133674
-0.133674
-0.133674
-0.133674
-0.133674
-0.133674
-0.133674
-0.133674
-0.133675
-0.133675
-0.133675
-0.133675
-0.133675
-0.133675
-0.133676
-0.133676
-0.133676
-0.133676
-0.133677
-0.133677
-0.133677
-0.133678
-0.133678
-0.133678
-0.133679
-0.133679
-0.133679
-0.13368
-0.13368
-0.133681
-0.133681
-0.133681
-0.133682
-0.133682
-0.133683
-0.133683
-0.133683
-0.133684
-0.133685
-0.133685
-0.133685
-0.133686
-0.133686
-0.133687
-0.133687
-0.133688
-0.133688
-0.133689
-0.133689
-0.13369
-0.13369
-0.133691
-0.133691
-0.133692
-0.133693
-0.133693
-0.133694
-0.133695
-0.133695
-0.133696
-0.133696
-0.133697
-0.133697
-0.133698
-0.133699
-0.133699
-0.1337
-0.1337
-0.133701
-0.133702
-0.133702
-0.133703
-0.133703
-0.133704
-0.133704
-0.133705
-0.133705
-0.133706
-0.133707
-0.133707
-0.133708
-0.133708
-0.133709
-0.133709
-0.13371
-0.13371
-0.133711
-0.133711
-0.133711
-0.133712
-0.133712
-0.133713
-0.133713
-0.133714
-0.133714
-0.133715
-0.133715
-0.133716
-0.133716
-0.133717
-0.133717
-0.133718
-0.133718
-0.133719
-0.133719
-0.13372
-0.13372
-0.133721
-0.133721
-0.133722
-0.133722
-0.133723
-0.133723
-0.133724
-0.133724
-0.133725
-0.133725
-0.133726
-0.133726
-0.133727
-0.133727
-0.133728
-0.133728
-0.133729
-0.133729
-0.13373
-0.13373
-0.13373
-0.133731
-0.133731
-0.133732
-0.133732
-0.133732
-0.133733
-0.133733
-0.133733
-0.133734
-0.133734
-0.133734
-0.133735
-0.133735
-0.133736
-0.133736
-0.133736
-0.133737
-0.133737
-0.133738
-0.133738
-0.133739
-0.133739
-0.13374
-0.13374
-0.133741
-0.133741
-0.133742
-0.133742
-0.133743
-0.133744
-0.133744
-0.133745
-0.133746
-0.133746
-0.133747
-0.133747
-0.133748
-0.133749
-0.133749
-0.13375
-0.133751
-0.133752
-0.133752
-0.133753
-0.133754
-0.133754
-0.133755
-0.133756
-0.133756
-0.133757
-0.133758
-0.133759
-0.133759
-0.13376
-0.133761
-0.133762
-0.133763
-0.133763
-0.133764
-0.133765
-0.133766
-0.133766
-0.133767
-0.133768
-0.133769
-0.133769
-0.13377
-0.133771
-0.133771
-0.133772
-0.133773
-0.133774
-0.133774
-0.133775
-0.133776
-0.133776
-0.133777
-0.133778
-0.133778
-0.133779
-0.133779
-0.13378
-0.133781
-0.133781
-0.133782
-0.133782
-0.133783
-0.133784
-0.133784
-0.133785
-0.133785
-0.133786
-0.133786
-0.133787
-0.133787
-0.133788
-0.133788
-0.133789
-0.133789
-0.13379
-0.13379
-0.133791
-0.133791
-0.133792
-0.133792
-0.133793
-0.133793
-0.133794
-0.133794
-0.133795
-0.133795
-0.133796
-0.133796
-0.133796
-0.133797
-0.133797
-0.133797
-0.133797
-0.133798
-0.133798
-0.133798
-0.133799
-0.133799
-0.133799
-0.133799
-0.1338
-0.1338
-0.1338
-0.1338
-0.1338
-0.1338
-0.1338
-0.1338
-0.1338
-0.133801
-0.133801
-0.133801
-0.133801
-0.133801
-0.133801
-0.133801
-0.133801
-0.133801
-0.133801
-0.133801
-0.133801
-0.133801
-0.1338
-0.1338
-0.1338
-0.1338
-0.1338
-0.1338
-0.1338
-0.1338
-0.133799
-0.133799
-0.133799
-0.133799
-0.133799
-0.133799
-0.133799
-0.133799
-0.133798
-0.133798
-0.133798
-0.133798
-0.133798
-0.133798
-0.133797
-0.133797
-0.133797
-0.133797
-0.133797
-0.133796
-0.133796
-0.133796
-0.133796
-0.133796
-0.133796
-0.133796
-0.133796
-0.133795
-0.133795
-0.133795
-0.133795
-0.133795
-0.133795
-0.133795
-0.133795
-0.133795
-0.133795
-0.133795
-0.133795
-0.133795
-0.133795
-0.133794
-0.133794
-0.133794
-0.133794
-0.133794
-0.133794
-0.133794
-0.133794
-0.133794
-0.133794
-0.133794
-0.133794
-0.133795
-0.133795
-0.133795
-0.133795
-0.133795
-0.133795
-0.133795
-0.133795
-0.133795
-0.133795
-0.133795
-0.133795
-0.133796
-0.133796
-0.133796
-0.133796
-0.133796
-0.133797
-0.133797
-0.133797
-0.133797
-0.133797
-0.133798
-0.133798
-0.133798
-0.133798
-0.133798
-0.133798
-0.133798
-0.133798
-0.133798
-0.133798
-0.133799
-0.133799
-0.133799
-0.133799
-0.133799
-0.133799
-0.133799
-0.1338
-0.1338
-0.1338
-0.1338
-0.1338
-0.1338
-0.1338
-0.1338
-0.1338
-0.1338
-0.1338
-0.1338
-0.1338
-0.1338
-0.1338
-0.1338
-0.1338
-0.1338
-0.1338
-0.1338
-0.1338
-0.1338
-0.1338
-0.1338
-0.1338
-0.1338
-0.1338
-0.1338
-0.1338
-0.1338
-0.1338
-0.1338
-0.133799
-0.133799
-0.133799
-0.133799
-0.133799
-0.133799
-0.133799
-0.133799
-0.133799
-0.133799
-0.133798
-0.133798
-0.133798
-0.133798
-0.133798
-0.133798
-0.133797
-0.133797
-0.133797
-0.133797
-0.133796
-0.133796
-0.133796
-0.133796
-0.133796
-0.133795
-0.133795
-0.133795
-0.133795
-0.133795
-0.133794
-0.133794
-0.133794
-0.133794
-0.133793
-0.133793
-0.133793
-0.133793
-0.133793
-0.133792
-0.133792
-0.133792
-0.133792
-0.133792
-0.133792
-0.133791
-0.133791
-0.133791
-0.133791
-0.133791
-0.133791
-0.13379
-0.13379
-0.13379
-0.13379
-0.13379
-0.133789
-0.133789
-0.133789
-0.133789
-0.133789
-0.133789
-0.133788
-0.133788
-0.133788
-0.133788
-0.133788
-0.133788
-0.133788
-0.133788
-0.133788
-0.133788
-0.133788
-0.133788
-0.133788
-0.133788
-0.133788
-0.133788
-0.133788
-0.133788
-0.133788
-0.133788
-0.133788
-0.133788
-0.133788
-0.133788
-0.133788
-0.133788
-0.133788
-0.133788
-0.133788
-0.133788
-0.133788
-0.133788
-0.133788
-0.133788
-0.133788
-0.133788
-0.133788
-0.133788
-0.133788
-0.133789
-0.133789
-0.133789
-0.133789
-0.133789
-0.133789
-0.133789
-0.133789
-0.13379
-0.13379
-0.13379
-0.13379
-0.133791
-0.133791
-0.133791
-0.133792
-0.133792
-0.133792
-0.133793
-0.133793
-0.133793
-0.133793
-0.133794
-0.133794
-0.133794
-0.133795
-0.133795
-0.133795
-0.133795
-0.133796
-0.133796
-0.133796
-0.133796
-0.133797
-0.133797
-0.133797
-0.133797
-0.133797
-0.133798
-0.133798
-0.133798
-0.133799
-0.133799
-0.133799
-0.133799
-0.1338
-0.1338
-0.1338
-0.1338
-0.133801
-0.133801
-0.133801
-0.133802
-0.133802
-0.133802
-0.133802
-0.133803
-0.133803
-0.133803
-0.133804
-0.133804
-0.133804
-0.133804
-0.133805
-0.133805
-0.133805
-0.133806
-0.133806
-0.133806
-0.133807
-0.133807
-0.133807
-0.133808
-0.133808
-0.133808
-0.133809
-0.133809
-0.133809
-0.13381
-0.13381
-0.13381
-0.133811
-0.133811
-0.133811
-0.133812
-0.133812
-0.133812
-0.133812
-0.133813
-0.133813
-0.133813
-0.133813
-0.133814
-0.133814
-0.133814
-0.133814
-0.133814
-0.133814
-0.133814
-0.133814
-0.133815
-0.133815
-0.133815
-0.133815
-0.133815
-0.133815
-0.133816
-0.133816
-0.133816
-0.133816
-0.133816
-0.133816
-0.133817
-0.133817
-0.133817
-0.133817
-0.133817
-0.133817
-0.133818
-0.133818
-0.133818
-0.133818
-0.133819
-0.133819
-0.133819
-0.133819
-0.13382
-0.13382
-0.13382
-0.13382
-0.133821
-0.133821
-0.133821
-0.133821
-0.133821
-0.133822
-0.133822
-0.133822
-0.133822
-0.133822
-0.133822
-0.133823
-0.133823
-0.133823
-0.133823
-0.133823
-0.133823
-0.133824
-0.133824
-0.133824
-0.133824
-0.133824
-0.133825
-0.133825
-0.133909
-0.133977
-0.134046
-0.134117
-0.134189
-0.13426
-0.134329
-0.134394
-0.134462
-0.134522
-0.134588
-0.134654
-0.134716
-0.134777
-0.134839
-0.134901
-0.134965
-0.135022
-0.135085
-0.13515
-0.135207
-0.135266
-0.135325
-0.135382
-0.135434
-0.13549
-0.135548
-0.135597
-0.135649
-0.135697
-0.135745
-0.135804
-0.135853
-0.135913
-0.135971
-0.136031
-0.136093
-0.136152
-0.136274
-0.136339
-0.136403
-0.136454
-0.136506
-0.136564
-0.136616
-0.13667
-0.136731
-0.136789
-0.136851
-0.136912
-0.136975
-0.137038
-0.137103
-0.137169
-0.137239
-0.137313
-0.137385
-0.137465
-0.137539
-0.137634
-0.137732
-0.137833
-0.137935
-0.138048
-0.138169
-0.13829
-0.138416
-0.138551
-0.138671
-0.138779
-0.138895
-0.139013
-0.139129
-0.13926
-0.139383
-0.139515
-0.139647
-0.13979
-0.139922
-0.140065
-0.140207
-0.140345
-0.140499
-0.140641
-0.140793
-0.140945
-0.141103
-0.141259
-0.141417
-0.141582
-0.141738
-0.141916
-0.142082
-0.14225
-0.142417
-0.142584
-0.142749
-0.142927
-0.143112
-0.14329
-0.143481
-0.143669
-0.143852
-0.144027
-0.144212
-0.144393
-0.144576
-0.144767
-0.144952
-0.145143
-0.145331
-0.145525
-0.145724
-0.145922
-0.146129
-0.146315
-0.146514
-0.1467
-0.146894
-0.147088
-0.147287
-0.14748
-0.147671
-0.147859
-0.148065
-0.148277
-0.148489
-0.148688
-0.148887
-0.149078
-0.14928
-0.149487
-0.149686
-0.149881
-0.150062
-0.150246
-0.150435
-0.150627
-0.150823
-0.151011
-0.151193
-0.151366
-0.151551
-0.151728
-0.151904
-0.152073
-0.152228
-0.152392
-0.152569
-0.152757
-0.152937
-0.153114
-0.15328
-0.153448
-0.153612
-0.153782
-0.153949
-0.154124
-0.154294
-0.154459
-0.154624
-0.154793
-0.154964
-0.155129
-0.155307
-0.155477
-0.155646
-0.155809
-0.15598
-0.156156
-0.156332
-0.156516
-0.1567
-0.156872
-0.157051
-0.157231
-0.157416
-0.157598
-0.157794
-0.157982
-0.158168
-0.158356
-0.158539
-0.158736
-0.158937
-0.159134
-0.159336
-0.159531
-0.15972
-0.159922
-0.160127
-0.160328
-0.16054
-0.160743
-0.160954
-0.161154
-0.161368
-0.161584
-0.161797
-0.162025
-0.162242
-0.162461
-0.162687
-0.16291
-0.16314
-0.163373
-0.163603
-0.163829
-0.16406
-0.164298
-0.164534
-0.164777
-0.165013
-0.16524
-0.165479
-0.165717
-0.165966
-0.166203
-0.166438
-0.166684
-0.16692
-0.16716
-0.167386
-0.167628
-0.167861
-0.168102
-0.168341
-0.168579
-0.168811
-0.169044
-0.169288
-0.169589
-0.169864
-0.170138
-0.170413
-0.170953
-0.171257
-0.171525
-0.171787
-0.172049
-0.172316
-0.172581
-0.172842
-0.173065
-0.173276
-0.173482
-0.173679
-0.173881
-0.174088
-0.174295
-0.174507
-0.17471
-0.174901
-0.175093
-0.175291
-0.175484
-0.175681
-0.175894
-0.176082
-0.176274
-0.17647
-0.176662
-0.176855
-0.177032
-0.177209
-0.177386
-0.177563
-0.177747
-0.177931
-0.178116
-0.178293
-0.178461
-0.178692
-0.1789
-0.17912
-0.179336
-0.17954
-0.179701
-0.17987
-0.180035
-0.1802
-0.180369
-0.180514
-0.180675
-0.180828
-0.180984
-0.18114
-0.181289
-0.18145
-0.181606
-0.181755
-0.181908
-0.182061
-0.182209
-0.182358
-0.182502
-0.182647
-0.182788
-0.182929
-0.183077
-0.183226
-0.18337
-0.183518
-0.183651
-0.183792
-0.183936
-0.184076
-0.184221
-0.184369
-0.184518
-0.184662
-0.184814
-0.184963
-0.185119
-0.185259
-0.185408
-0.185556
-0.185704
-0.185852
-0.186004
-0.186144
-0.1863
-0.18646
-0.186611
-0.186759
-0.186923
-0.187082
-0.187238
-0.187405
-0.187568
-0.187727
-0.187898
-0.188068
-0.188231
-0.188401
-0.188543
-0.188713
-0.188887
-0.18906
-0.189237
-0.189413
-0.189582
-0.189755
-0.189923
-0.190104
-0.190267
-0.19045
-0.190637
-0.190796
-0.190978
-0.191141
-0.191311
-0.19148
-0.191657
-0.191825
-0.191993
-0.192185
-0.192376
-0.192571
-0.192766
-0.192963
-0.193137
-0.193307
-0.193482
-0.193654
-0.193828
-0.194031
-0.194227
-0.194419
-0.19462
-0.194819
-0.195027
-0.195202
-0.195391
-0.195582
-0.195764
-0.195958
-0.196156
-0.196351
-0.196543
-0.196744
-0.196941
-0.197133
-0.197328
-0.197521
-0.197706
-0.1979
-0.198086
-0.198281
-0.198477
-0.198661
-0.19885
-0.19904
-0.199225
-0.199404
-0.199593
-0.199777
-0.199962
-0.200149
-0.200329
-0.200514
-0.200695
-0.200869
-0.201047
-0.201225
-0.201391
-0.201566
-0.201734
-0.201905
-0.202056
-0.202207
-0.202355
-0.202496
-0.202644
-0.202788
-0.202928
-0.203071
-0.203235
-0.203386
-0.203542
-0.203686
-0.203834
-0.203969
-0.204114
-0.204256
-0.204404
-0.204548
-0.204686
-0.204804
-0.204935
-0.205081
-0.205214
-0.205359
-0.205497
-0.205627
-0.205758
-0.20589
-0.206017
-0.206142
-0.206268
-0.206398
-0.206522
-0.206626
-0.206753
-0.206882
-0.206998
-0.20712
-0.207245
-0.207359
-0.207478
-0.207597
-0.207722
-0.207842
-0.207955
-0.208075
-0.208188
-0.208303
-0.208407
-0.208514
-0.208618
-0.208719
-0.208818
-0.208918
-0.209013
-0.209109
-0.209199
-0.209299
-0.209402
-0.2095
-0.209595
-0.20969
-0.209806
-0.209913
-0.210005
-0.2101
-0.210212
-0.210329
-0.210442
-0.210551
-0.210671
-0.210804
-0.210952
-0.211095
-0.211217
-0.21131
-0.211427
-0.211523
-0.211634
-0.211747
-0.211853
-0.211946
-0.212065
-0.212173
-0.212289
-0.212402
-0.212512
-0.21262
-0.212715
-0.212823
-0.212936
-0.213052
-0.213164
-0.21329
-0.213392
-0.213513
-0.213636
-0.213738
-0.213864
-0.213981
-0.214101
-0.214229
-0.214349
-0.214467
-0.214592
-0.214738
-0.214892
-0.215057
-0.215213
-0.215372
-0.215529
-0.215698
-0.215863
-0.215993
-0.216126
-0.216257
-0.216369
-0.216505
-0.216646
-0.216772
-0.216911
-0.217042
-0.217178
-0.217309
-0.217469
-0.217649
-0.217816
-0.217993
-0.218165
-0.218295
-0.218438
-0.218587
-0.21872
-0.218872
-0.218996
-0.219128
-0.219253
-0.21939
-0.219508
-0.219646
-0.21978
-0.219916
-0.220049
-0.220182
-0.220315
-0.220462
-0.220595
-0.220739
-0.22087
-0.220998
-0.221116
-0.22125
-0.221385
-0.221513
-0.221655
-0.221786
-0.221909
-0.222035
-0.222166
-0.222294
-0.222422
-0.222539
-0.222668
-0.222786
-0.222909
-0.223017
-0.22313
-0.223256
-0.223381
-0.223505
-0.223627
-0.223743
-0.223855
-0.223975
-0.224075
-0.22419
-0.224303
-0.224421
-0.224518
-0.224614
-0.224719
-0.224836
-0.224947
-0.225058
-0.225164
-0.225282
-0.225391
-0.225497
-0.225611
-0.225721
-0.225826
-0.225931
-0.226041
-0.226134
-0.226233
-0.226318
-0.226417
-0.226502
-0.226583
-0.226671
-0.226777
-0.226883
-0.22698
-0.227078
-0.227177
-0.227283
-0.227376
-0.227463
-0.227556
-0.22765
-0.227745
-0.227833
-0.227924
-0.228017
-0.228111
-0.228196
-0.228282
-0.228371
-0.228456
-0.228542
-0.228625
-0.228701
-0.228788
-0.228872
-0.228942
-0.229031
-0.229107
-0.229191
-0.229271
-0.229358
-0.229431
-0.229511
-0.229597
-0.229682
-0.229762
-0.229843
-0.229915
-0.230001
-0.230093
-0.230173
-0.230264
-0.230353
-0.230451
-0.230534
-0.230625
-0.230708
-0.2308
-0.230878
-0.230954
-0.231074
-0.231183
-0.231294
-0.231411
-0.231533
-0.231625
-0.231711
-0.231803
-0.231898
-0.231984
-0.232076
-0.232174
-0.23227
-0.232371
-0.23247
-0.232576
-0.232716
-0.232847
-0.232987
-0.233112
-0.233217
-0.233324
-0.233422
-0.233523
-0.233631
-0.23374
-0.233835
-0.233943
-0.234046
-0.234152
-0.234249
-0.234351
-0.234461
-0.234566
-0.234674
-0.234777
-0.234882
-0.234975
-0.235076
-0.235194
-0.235305
-0.235413
-0.235533
-0.23564
-0.235748
-0.23585
-0.235966
-0.236088
-0.2362
-0.236319
-0.236439
-0.236552
-0.236668
-0.236789
-0.23696
-0.237114
-0.237272
-0.23741
-0.237529
-0.237686
-0.237847
-0.238017
-0.238186
-0.238346
-0.238503
-0.238685
-0.238856
-0.239047
-0.239212
-0.239372
-0.239539
-0.23971
-0.239879
-0.240058
-0.240233
-0.240406
-0.240597
-0.240781
-0.240971
-0.241106
-0.241243
-0.241427
-0.241616
-0.241812
-0.242006
-0.242151
-0.242303
-0.242455
-0.242603
-0.242749
-0.242902
-0.243059
-0.24322
-0.243384
-0.243518
-0.243682
-0.243831
-0.243972
-0.244121
-0.244264
-0.244401
-0.24452
-0.244627
-0.244718
-0.244785
-0.244845
-0.244883
-0.244906
-0.244926
-0.244929
-0.24493
-0.244922
-0.244903
-0.244869
-0.244824
-0.244769
-0.244699
-0.244622
-0.244541
-0.244457
-0.244372
-0.244288
-0.244206
-0.244126
-0.244039
-0.243957
-0.243877
-0.243792
-0.243701
-0.243611
-0.243529
-0.243445
-0.243369
-0.243294
-0.243218
-0.243149
-0.243086
-0.243023
-0.242964
-0.242905
-0.242852
-0.242803
-0.242763
-0.242721
-0.242686
-0.242652
-0.242631
-0.242617
-0.242603
-0.242591
-0.242583
-0.242583
-0.242581
-0.242579
-0.242582
-0.242585
-0.242595
-0.242604
-0.242614
-0.242624
-0.242634
-0.242648
-0.242659
-0.242669
-0.242678
-0.242683
-0.242694
-0.242699
-0.242699
-0.242699
-0.242699
-0.242693
-0.242688
-0.242677
-0.24266
-0.24265
-0.242635
-0.242621
-0.242601
-0.242582
-0.242564
-0.242547
-0.242532
-0.24251
-0.242496
-0.242477
-0.24246
-0.242448
-0.242431
-0.242415
-0.242406
-0.242391
-0.242379
-0.242366
-0.242352
-0.242339
-0.242329
-0.242317
-0.242306
-0.242295
-0.242283
-0.242271
-0.242258
-0.242253
-0.24224
-0.242228
-0.24222
-0.242207
-0.2422
-0.242187
-0.242177
-0.242169
-0.24216
-0.242154
-0.242143
-0.242136
-0.242125
-0.242117
-0.242106
-0.2421
-0.242095
-0.242089
-0.242077
-0.24207
-0.242064
-0.242058
-0.242053
-0.242048
-0.242041
-0.242035
-0.242029
-0.242024
-0.242018
-0.242007
-0.242002
-0.241997
-0.241987
-0.241984
-0.241974
-0.241967
-0.24196
-0.241958
-0.241952
-0.241946
-0.241948
-0.241943
-0.241944
-0.241941
-0.241943
-0.24194
-0.241942
-0.241946
-0.24195
-0.241954
-0.241959
-0.241963
-0.241967
-0.241972
-0.241976
-0.241982
-0.241986
-0.241993
-0.241998
-0.242003
-0.242009
-0.242015
-0.24202
-0.242027
-0.242035
-0.242036
-0.242044
-0.242046
-0.242049
-0.242052
-0.242056
-0.24206
-0.242065
-0.242064
-0.24207
-0.242075
-0.242075
-0.242083
-0.242089
-0.242092
-0.242094
-0.242102
-0.242106
-0.242116
-0.24212
-0.242131
-0.242141
-0.242154
-0.242166
-0.242177
-0.24219
-0.242202
-0.242215
-0.242228
-0.242242
-0.242256
-0.24227
-0.242283
-0.242297
-0.242312
-0.242328
-0.242343
-0.242359
-0.242375
-0.242385
-0.242401
-0.242418
-0.242434
-0.242445
-0.242462
-0.242474
-0.242492
-0.24251
-0.242523
-0.242541
-0.242553
-0.242565
-0.242584
-0.242596
-0.242608
-0.242621
-0.242633
-0.242646
-0.242667
-0.242679
-0.242693
-0.242706
-0.242719
-0.242738
-0.242752
-0.242765
-0.242778
-0.242791
-0.242804
-0.242824
-0.242837
-0.24285
-0.242863
-0.242876
-0.242887
-0.242899
-0.242911
-0.242916
-0.242922
-0.242927
-0.24293
-0.242935
-0.242933
-0.24293
-0.242927
-0.242916
-0.242913
-0.242902
-0.242897
-0.242891
-0.242878
-0.242872
-0.242866
-0.242854
-0.242848
-0.242841
-0.242841
-0.242835
-0.242827
-0.242827
-0.24282
-0.242822
-0.242816
-0.242814
-0.242815
-0.242817
-0.242816
-0.242818
-0.242818
-0.242819
-0.242819
-0.242821
-0.242822
-0.242829
-0.242837
-0.242839
-0.242847
-0.242855
-0.242862
-0.242871
-0.242885
-0.242894
-0.242909
-0.242917
-0.242932
-0.24294
-0.242953
-0.242967
-0.242983
-0.242996
-0.243009
-0.243022
-0.243034
-0.243047
-0.243067
-0.243079
-0.243098
-0.243116
-0.243128
-0.243148
-0.24316
-0.243178
-0.243188
-0.2432
-0.243211
-0.243222
-0.243234
-0.243247
-0.24326
-0.243265
-0.243277
-0.243288
-0.243299
-0.243304
-0.243315
-0.24332
-0.243331
-0.243336
-0.243347
-0.243351
-0.243362
-0.243366
-0.243371
-0.24338
-0.243391
-0.243402
-0.243413
-0.243424
-0.243435
-0.243452
-0.243463
-0.24348
-0.243493
-0.24351
-0.243521
-0.243538
-0.24355
-0.243567
-0.243584
-0.243594
-0.243611
-0.243628
-0.243639
-0.243655
-0.243666
-0.243674
-0.243684
-0.243694
-0.243705
-0.243715
-0.243726
-0.243737
-0.24374
-0.24375
-0.24376
-0.24377
-0.24378
-0.243789
-0.243793
-0.243803
-0.243812
-0.243822
-0.243831
-0.243841
-0.24385
-0.243859
-0.243869
-0.243878
-0.243893
-0.243902
-0.243911
-0.243921
-0.243935
-0.243944
-0.243951
-0.243959
-0.243967
-0.243975
-0.243975
-0.243982
-0.243989
-0.243991
-0.243991
-0.243998
-0.243999
-0.243992
-0.243993
-0.243987
-0.243981
-0.243967
-0.243953
-0.243939
-0.243927
-0.243911
-0.24389
-0.243875
-0.243851
-0.243823
-0.243799
-0.24377
-0.243745
-0.243714
-0.243675
-0.243637
-0.243599
-0.24356
-0.243514
-0.243468
-0.243415
-0.243361
-0.243313
-0.243257
-0.243204
-0.243156
-0.243102
-0.243048
-0.242984
-0.242923
-0.24286
-0.242798
-0.242727
-0.242663
-0.242598
-0.242526
-0.242446
-0.242369
-0.242295
-0.242216
-0.242129
-0.242041
-0.241946
-0.241844
-0.241741
-0.241636
-0.241523
-0.241411
-0.241288
-0.241162
-0.241036
-0.240916
-0.240787
-0.240656
-0.240533
-0.24041
-0.240272
-0.240135
-0.23999
-0.239832
-0.239689
-0.239525
-0.239368
-0.239215
-0.239058
-0.238914
-0.238755
-0.238594
-0.238423
-0.23825
-0.23809
-0.237915
-0.237735
-0.237538
-0.237333
-0.237136
-0.236931
-0.236742
-0.236538
-0.23633
-0.236118
-0.235908
-0.235698
-0.235506
-0.235317
-0.235091
-0.234871
-0.234675
-0.234464
-0.234256
-0.234027
-0.233819
-0.233587
-0.23335
-0.233112
-0.232879
-0.232647
-0.232432
-0.232204
-0.231962
-0.23172
-0.231482
-0.231246
-0.230997
-0.230743
-0.230496
-0.230263
-0.23004
-0.229796
-0.229534
-0.229274
-0.229044
-0.22881
-0.228546
-0.228282
-0.228015
-0.227769
-0.227525
-0.227247
-0.226978
-0.22671
-0.226468
-0.226224
-0.225939
-0.225661
-0.225393
-0.225145
-0.22486
-0.224577
-0.224291
-0.224006
-0.223725
-0.223441
-0.223195
-0.222901
-0.222606
-0.222321
-0.222022
-0.221727
-0.221426
-0.221143
-0.220853
-0.220554
-0.220259
-0.219959
-0.219663
-0.219366
-0.219068
-0.218762
-0.218456
-0.21815
-0.217852
-0.217541
-0.217231
-0.216928
-0.216614
-0.216303
-0.215976
-0.215668
-0.215347
-0.215018
-0.214708
-0.214431
-0.214129
-0.213808
-0.213492
-0.213168
-0.212844
-0.212523
-0.212216
-0.211906
-0.211592
-0.211272
-0.210957
-0.210637
-0.21032
-0.209992
-0.209714
-0.209425
-0.20911
-0.208802
-0.20849
-0.208174
-0.207857
-0.207525
-0.207203
-0.206897
-0.206595
-0.206269
-0.20595
-0.205631
-0.205317
-0.204995
-0.204687
-0.20438
-0.20408
-0.203755
-0.203425
-0.203098
-0.202791
-0.20247
-0.202151
-0.201821
-0.201507
-0.201201
-0.200886
-0.200564
-0.200248
-0.199939
-0.199615
-0.199291
-0.198984
-0.198674
-0.198358
-0.198053
-0.197747
-0.19744
-0.197129
-0.196833
-0.196519
-0.196218
-0.195919
-0.195623
-0.195319
-0.195022
-0.194723
-0.194423
-0.194121
-0.193783
-0.193429
-0.193057
-0.192685
-0.192325
-0.191962
-0.191595
-0.191255
-0.190891
-0.19052
-0.190222
-0.189924
-0.18951
-0.189128
-0.188753
-0.18842
-0.188023
-0.18765
-0.187277
-0.186915
-0.18658
-0.186203
-0.185824
-0.185513
-0.185203
-0.184838
-0.184103
-0.183803
-0.183494
-0.183196
-0.182903
-0.18262
-0.182325
-0.182045
-0.181763
-0.181479
-0.181176
-0.180871
-0.180589
-0.180319
-0.180032
-0.179746
-0.179472
-0.179189
-0.178907
-0.178616
-0.178342
-0.178063
-0.177785
-0.177502
-0.177228
-0.176954
-0.176676
-0.176398
-0.176128
-0.175875
-0.175596
-0.175318
-0.175034
-0.174777
-0.174511
-0.174237
-0.173966
-0.173691
-0.17342
-0.173145
-0.172878
-0.17262
-0.172362
-0.172099
-0.171823
-0.171544
-0.171303
-0.171058
-0.170786
-0.170546
-0.170305
-0.17002
-0.169757
-0.169495
-0.169219
-0.168939
-0.168654
-0.168391
-0.168119
-0.167839
-0.167584
-0.167342
-0.16707
-0.166794
-0.166513
-0.166232
-0.165954
-0.165682
-0.165401
-0.16511
-0.164829
-0.164561
-0.164279
-0.163987
-0.163704
-0.163462
-0.163216
-0.16293
-0.162639
-0.16236
-0.162084
-0.161807
-0.161512
-0.161233
-0.160959
-0.160677
-0.160381
-0.160093
-0.159818
-0.159539
-0.159255
-0.158963
-0.158693
-0.158411
-0.158128
-0.157844
-0.157572
-0.157301
-0.15703
-0.156736
-0.156448
-0.156189
-0.15593
-0.155658
-0.155388
-0.155123
-0.154861
-0.154598
-0.154324
-0.154047
-0.153797
-0.153549
-0.153283
-0.153008
-0.152753
-0.152523
-0.152301
-0.152066
-0.151829
-0.151592
-0.151379
-0.151171
-0.150915
-0.150653
-0.150429
-0.150212
-0.149988
-0.149757
-0.149535
-0.149285
-0.149064
-0.148851
-0.148629
-0.148414
-0.148186
-0.147954
-0.147707
-0.147451
-0.147203
-0.146952
-0.14672
-0.146497
-0.146263
-0.146027
-0.145773
-0.14554
-0.145308
-0.14506
-0.144826
-0.14459
-0.144371
-0.144138
-0.143899
-0.14366
-0.143427
-0.143209
-0.142991
-0.14276
-0.142524
-0.1423
-0.142075
-0.141859
-0.141634
-0.141403
-0.141158
-0.140929
-0.140701
-0.140478
-0.140255
-0.140041
-0.13982
-0.139597
-0.139365
-0.139138
-0.13892
-0.138696
-0.138472
-0.13824
-0.138006
-0.137785
-0.137559
-0.137342
-0.137121
-0.136897
-0.136672
-0.136446
-0.13623
-0.136006
-0.135787
-0.135562
-0.135341
-0.135125
-0.134914
-0.134704
-0.134504
-0.134318
-0.134101
-0.133893
-0.133687
-0.133479
-0.13327
-0.133066
-0.132858
-0.132683
-0.132508
-0.132305
-0.132097
-0.131892
-0.13169
-0.131506
-0.13131
-0.131111
-0.130911
-0.130716
-0.130522
-0.130279
-0.13005
-0.129826
-0.129623
-0.129405
-0.129221
-0.129084
-0.128925
-0.128771
-0.128619
-0.128465
-0.128322
-0.128175
-0.128038
-0.127903
-0.127769
-0.127632
-0.127505
-0.127361
-0.127235
-0.127091
-0.126968
-0.126845
-0.126724
-0.126613
-0.126509
-0.126392
-0.126282
-0.126182
-0.126089
-0.125981
-0.125873
-0.125776
-0.125682
-0.125587
-0.125497
-0.125408
-0.125328
-0.125241
-0.125161
-0.125086
-0.125017
-0.12494
-0.124877
-0.124817
-0.12476
-0.124702
-0.124654
-0.124616
-0.124577
-0.124541
-0.124501
-0.124467
-0.124441
-0.124414
-0.124392
-0.124372
-0.12435
-0.124336
-0.124323
-0.124315
-0.124306
-0.1243
-0.124302
-0.124303
-0.124304
-0.124312
-0.12432
-0.124331
-0.124345
-0.124365
-0.124386
-0.124418
-0.124449
-0.124481
-0.124508
-0.12455
-0.124585
-0.124628
-0.124672
-0.124724
-0.124775
-0.124835
-0.124893
-0.124946
-0.124999
-0.125058
-0.125125
-0.125191
-0.125251
-0.125311
-0.125378
-0.125437
-0.125498
-0.125559
-0.125624
-0.125685
-0.125743
-0.12581
-0.125882
-0.125947
-0.12602
-0.126085
-0.126157
-0.126228
-0.1263
-0.126362
-0.126431
-0.126503
-0.126568
-0.126629
-0.126695
-0.126771
-0.126831
-0.126894
-0.12697
-0.127041
-0.127116
-0.12721
-0.12728
-0.127355
-0.127442
-0.127523
-0.127596
-0.127668
-0.127741
-0.127815
-0.127889
-0.127957
-0.128031
-0.128104
-0.128186
-0.12826
-0.128332
-0.128415
-0.12849
-0.128572
-0.128648
-0.128731
-0.128807
-0.128819
-0.128831
-0.128843
-0.128855
-0.128867
-0.128879
-0.128891
-0.128903
-0.128915
-0.128927
-0.128938
-0.12895
-0.128961
-0.128973
-0.128984
-0.128996
-0.129007
-0.129019
-0.12903
-0.129041
-0.129052
-0.129063
-0.129075
-0.129086
-0.129097
-0.129107
-0.129118
-0.129129
-0.12914
-0.12915
-0.129161
-0.129172
-0.129182
-0.129192
-0.129203
-0.129213
-0.129223
-0.129234
-0.129244
-0.129254
-0.129264
-0.129274
-0.129284
-0.129294
-0.129303
-0.129313
-0.129323
-0.129333
-0.129342
-0.129352
-0.129361
-0.12937
-0.12938
-0.129389
-0.129398
-0.129407
-0.129417
-0.129426
-0.129435
-0.129443
-0.129452
-0.129461
-0.12947
-0.129479
-0.129487
-0.129496
-0.129505
-0.129513
-0.129522
-0.12953
-0.129539
-0.129547
-0.129556
-0.129564
-0.129572
-0.12958
-0.129588
-0.129597
-0.129605
-0.129613
-0.129621
-0.129629
-0.129637
-0.129645
-0.129653
-0.12966
-0.129668
-0.129676
-0.129684
-0.129691
-0.129699
-0.129706
-0.129714
-0.129721
-0.129729
-0.129736
-0.129743
-0.129751
-0.129758
-0.129765
-0.129772
-0.129779
-0.129786
-0.129793
-0.1298
-0.129807
-0.129814
-0.129821
-0.129828
-0.129835
-0.129842
-0.129849
-0.129856
-0.129862
-0.129869
-0.129876
-0.129882
-0.129889
-0.129895
-0.129902
-0.129908
-0.129915
-0.129921
-0.129928
-0.129934
-0.12994
-0.129947
-0.129953
-0.129959
-0.129965
-0.129971
-0.129977
-0.129983
-0.129989
-0.129995
-0.130001
-0.130007
-0.130012
-0.130018
-0.130024
-0.13003
-0.130035
-0.130041
-0.130047
-0.130053
-0.130058
-0.130064
-0.130069
-0.130075
-0.13008
-0.130086
-0.130091
-0.130096
-0.130102
-0.130107
-0.130112
-0.130117
-0.130123
-0.130128
-0.130133
-0.130138
-0.130143
-0.130149
-0.130154
-0.130159
-0.130164
-0.130169
-0.130174
-0.130179
-0.130184
-0.130189
-0.130194
-0.130199
-0.130203
-0.130208
-0.130213
-0.130217
-0.130222
-0.130227
-0.130231
-0.130236
-0.13024
-0.130245
-0.130249
-0.130254
-0.130258
-0.130263
-0.130267
-0.130271
-0.130276
-0.13028
-0.130284
-0.130289
-0.130293
-0.130297
-0.130301
-0.130306
-0.13031
-0.130314
-0.130318
-0.130322
-0.130326
-0.130329
-0.130333
-0.130337
-0.130341
-0.130345
-0.130348
-0.130352
-0.130356
-0.130359
-0.130363
-0.130367
-0.13037
-0.130374
-0.130377
-0.130381
-0.130384
-0.130388
-0.130391
-0.130394
-0.130398
-0.130401
-0.130404
-0.130408
-0.130411
-0.130414
-0.130417
-0.13042
-0.130424
-0.130427
-0.13043
-0.130433
-0.130436
-0.130439
-0.130442
-0.130445
-0.130448
-0.130451
-0.130454
-0.130457
-0.13046
-0.130463
-0.130466
-0.130469
-0.130471
-0.130474
-0.130477
-0.13048
-0.130483
-0.130485
-0.130488
-0.130491
-0.130493
-0.130496
-0.130499
-0.130501
-0.130504
-0.130507
-0.130509
-0.130512
-0.130514
-0.130517
-0.130519
-0.130522
-0.130524
-0.130527
-0.130529
-0.130532
-0.130534
-0.130537
-0.130539
-0.130542
-0.130544
-0.130547
-0.130549
-0.130551
-0.130554
-0.130556
-0.130559
-0.130561
-0.130564
-0.130566
-0.130568
-0.130571
-0.130573
-0.130576
-0.130578
-0.13058
-0.130583
-0.130585
-0.130588
-0.13059
-0.130592
-0.130595
-0.130597
-0.130599
-0.130602
-0.130604
-0.130606
-0.130609
-0.130611
-0.130613
-0.130616
-0.130618
-0.13062
-0.130623
-0.130625
-0.130627
-0.130686
-0.130732
-0.130787
-0.130833
-0.130879
-0.130933
-0.130984
-0.131039
-0.131089
-0.131144
-0.131204
-0.131263
-0.131317
-0.131377
-0.131435
-0.131499
-0.131557
-0.131621
-0.131684
-0.131746
-0.131814
-0.131873
-0.131944
-0.132007
-0.132078
-0.132141
-0.132212
-0.132283
-0.132358
-0.132429
-0.1325
-0.13258
-0.132655
-0.132734
-0.132806
-0.132889
-0.132982
-0.133061
-0.13315
-0.13323
-0.133313
-0.133406
-0.133508
-0.133605
-0.133689
-0.133791
-0.133898
-0.133987
-0.13409
-0.1342
-0.134307
-0.134431
-0.134542
-0.134662
-0.134781
-0.134901
-0.135025
-0.135131
-0.135243
-0.135358
-0.135483
-0.135616
-0.135745
-0.135891
-0.136029
-0.136171
-0.136322
-0.136467
-0.136605
-0.136755
-0.136911
-0.137056
-0.137229
-0.137406
-0.137574
-0.137746
-0.137922
-0.138098
-0.138279
-0.138456
-0.138649
-0.138835
-0.139007
-0.139213
-0.139407
-0.13961
-0.139796
-0.140007
-0.14021
-0.140408
-0.140594
-0.140779
-0.140982
-0.141198
-0.141414
-0.14163
-0.141841
-0.142057
-0.14226
-0.142476
-0.142683
-0.142912
-0.143141
-0.14337
-0.14359
-0.14381
-0.14403
-0.144254
-0.144479
-0.144694
-0.144918
-0.145142
-0.145371
-0.145595
-0.145819
-0.146035
-0.146255
-0.146457
-0.146663
-0.146887
-0.147111
-0.14734
-0.147555
-0.147766
-0.147978
-0.148197
-0.148408
-0.148623
-0.148834
-0.149045
-0.149264
-0.149475
-0.149689
-0.149913
-0.15012
-0.150331
-0.150519
-0.150708
-0.150909
-0.15111
-0.151293
-0.15149
-0.151679
-0.151858
-0.15205
-0.152256
-0.152456
-0.152649
-0.152846
-0.153044
-0.153241
-0.153442
-0.153639
-0.153827
-0.154016
-0.154191
-0.15438
-0.154565
-0.154761
-0.15494
-0.155132
-0.15532
-0.155495
-0.155675
-0.155842
-0.15601
-0.156171
-0.156339
-0.156507
-0.156664
-0.156833
-0.157006
-0.157192
-0.157382
-0.157567
-0.157765
-0.157954
-0.158143
-0.158323
-0.158509
-0.158701
-0.158865
-0.159043
-0.159236
-0.159427
-0.159616
-0.15981
-0.159997
-0.160182
-0.160363
-0.160551
-0.160736
-0.160924
-0.161113
-0.161303
-0.161488
-0.161664
-0.161848
-0.162036
-0.16221
-0.162396
-0.162575
-0.162756
-0.162935
-0.163112
-0.163274
-0.163439
-0.163592
-0.163758
-0.163936
-0.164117
-0.164296
-0.164468
-0.164647
-0.164831
-0.165004
-0.165187
-0.165365
-0.165545
-0.165724
-0.165882
-0.166048
-0.166215
-0.166372
-0.166554
-0.166729
-0.16691
-0.167089
-0.167261
-0.167441
-0.167601
-0.167758
-0.167936
-0.168126
-0.168331
-0.168523
-0.168728
-0.168941
-0.169106
-0.169258
-0.169409
-0.169573
-0.169745
-0.169916
-0.170078
-0.170248
-0.170419
-0.170586
-0.17074
-0.170889
-0.171064
-0.17124
-0.171403
-0.171549
-0.171704
-0.171867
-0.172033
-0.172199
-0.17237
-0.172544
-0.17271
-0.172878
-0.173051
-0.173216
-0.173372
-0.173591
-0.173804
-0.174224
-0.174426
-0.174627
-0.174813
-0.175014
-0.175219
-0.175418
-0.175818
-0.176008
-0.176213
-0.176618
-0.176831
-0.177015
-0.177201
-0.177383
-0.177583
-0.177786
-0.178152
-0.178324
-0.178476
-0.178642
-0.178813
-0.17901
-0.179209
-0.179392
-0.179591
-0.17975
-0.179915
-0.180082
-0.180252
-0.180419
-0.180583
-0.180747
-0.180894
-0.18104
-0.181195
-0.181343
-0.1815
-0.18166
-0.181817
-0.18197
-0.182125
-0.182286
-0.182437
-0.182585
-0.182728
-0.182879
-0.183028
-0.183174
-0.183315
-0.183466
-0.183612
-0.183754
-0.183896
-0.184047
-0.184188
-0.184338
-0.184476
-0.184622
-0.184766
-0.184899
-0.185036
-0.185164
-0.185282
-0.185419
-0.185551
-0.185683
-0.185823
-0.185958
-0.186089
-0.18622
-0.186345
-0.186467
-0.186588
-0.186712
-0.186832
-0.186952
-0.187068
-0.187181
-0.187296
-0.187403
-0.187506
-0.187609
-0.187711
-0.18781
-0.187908
-0.187992
-0.188079
-0.188172
-0.188263
-0.188356
-0.188446
-0.188531
-0.188609
-0.188691
-0.188769
-0.188848
-0.188931
-0.189011
-0.189095
-0.189165
-0.189245
-0.189325
-0.189395
-0.189469
-0.189536
-0.189605
-0.189671
-0.189734
-0.189799
-0.189867
-0.189937
-0.190008
-0.190074
-0.19014
-0.190203
-0.190268
-0.190329
-0.190385
-0.19044
-0.190495
-0.190552
-0.190601
-0.190661
-0.190721
-0.190787
-0.190848
-0.190909
-0.190971
-0.191033
-0.191095
-0.191156
-0.191218
-0.191278
-0.191337
-0.191402
-0.191478
-0.191544
-0.191616
-0.19169
-0.191763
-0.191824
-0.191894
-0.191955
-0.192024
-0.192095
-0.192168
-0.192258
-0.192363
-0.192455
-0.192539
-0.192622
-0.19273
-0.19283
-0.192928
-0.193029
-0.193139
-0.193251
-0.193357
-0.19347
-0.193583
-0.193692
-0.193799
-0.193914
-0.194029
-0.194141
-0.194252
-0.194352
-0.194451
-0.194538
-0.194632
-0.19473
-0.194828
-0.194925
-0.195014
-0.195111
-0.195209
-0.195306
-0.195398
-0.195496
-0.195601
-0.195719
-0.19583
-0.195945
-0.196059
-0.19617
-0.196283
-0.196402
-0.196521
-0.196629
-0.196746
-0.196854
-0.196958
-0.197062
-0.197172
-0.197282
-0.197388
-0.19755
-0.197662
-0.197796
-0.197941
-0.19806
-0.198204
-0.198332
-0.198449
-0.198567
-0.198655
-0.198747
-0.19884
-0.198933
-0.199026
-0.199117
-0.199208
-0.199293
-0.199375
-0.199454
-0.199541
-0.19963
-0.199705
-0.199795
-0.199874
-0.199955
-0.200022
-0.200091
-0.200146
-0.200221
-0.200288
-0.200345
-0.20041
-0.200471
-0.200532
-0.20059
-0.200649
-0.20071
-0.200762
-0.200815
-0.200878
-0.200935
-0.200992
-0.201042
-0.201099
-0.201156
-0.2012
-0.201243
-0.201292
-0.201327
-0.201364
-0.201411
-0.201458
-0.201503
-0.20154
-0.201585
-0.201628
-0.201664
-0.201707
-0.201742
-0.201772
-0.201801
-0.201831
-0.201857
-0.201891
-0.201919
-0.20194
-0.201961
-0.201983
-0.201998
-0.202018
-0.202046
-0.202066
-0.202072
-0.202085
-0.202101
-0.202129
-0.202149
-0.20216
-0.202174
-0.202201
-0.202216
-0.202238
-0.20225
-0.202264
-0.202286
-0.202306
-0.202327
-0.202341
-0.202363
-0.202378
-0.202393
-0.202407
-0.202416
-0.202429
-0.202443
-0.202457
-0.202473
-0.202489
-0.202496
-0.202513
-0.202526
-0.202541
-0.202548
-0.202557
-0.202558
-0.202571
-0.20258
-0.202588
-0.202596
-0.20261
-0.202624
-0.202632
-0.20264
-0.202648
-0.202655
-0.202659
-0.202662
-0.202664
-0.202667
-0.202663
-0.202657
-0.202654
-0.20265
-0.202646
-0.20264
-0.202637
-0.202626
-0.202622
-0.202612
-0.2026
-0.202585
-0.202567
-0.20255
-0.202528
-0.20251
-0.202487
-0.202464
-0.202437
-0.202409
-0.202379
-0.202351
-0.202317
-0.202281
-0.202247
-0.202213
-0.202173
-0.202133
-0.202092
-0.202055
-0.202016
-0.201979
-0.201941
-0.201896
-0.201857
-0.20182
-0.201777
-0.201734
-0.201699
-0.201656
-0.201612
-0.201566
-0.20153
-0.201487
-0.201443
-0.201392
-0.201347
-0.201303
-0.20126
-0.201216
-0.201172
-0.201128
-0.201079
-0.201036
-0.200991
-0.200946
-0.200908
-0.200864
-0.200821
-0.200783
-0.200747
-0.200712
-0.200676
-0.20064
-0.200611
-0.200584
-0.200563
-0.200533
-0.200505
-0.200487
-0.200473
-0.200453
-0.20044
-0.200429
-0.200418
-0.200405
-0.200393
-0.200389
-0.200379
-0.200371
-0.20037
-0.200368
-0.200368
-0.200362
-0.200356
-0.200354
-0.20035
-0.200354
-0.20036
-0.200366
-0.200379
-0.200385
-0.200393
-0.200402
-0.200411
-0.20042
-0.200431
-0.200444
-0.200465
-0.20048
-0.200494
-0.200509
-0.200527
-0.20054
-0.200544
-0.200544
-0.200536
-0.200531
-0.200525
-0.200521
-0.200516
-0.200504
-0.200492
-0.200481
-0.200464
-0.200441
-0.200412
-0.200383
-0.200348
-0.200312
-0.200279
-0.200244
-0.200213
-0.20018
-0.200137
-0.200102
-0.200062
-0.200021
-0.199984
-0.199942
-0.199908
-0.199869
-0.199833
-0.1998
-0.199761
-0.199729
-0.199705
-0.199674
-0.199643
-0.199615
-0.199585
-0.199554
-0.19953
-0.199503
-0.199477
-0.19945
-0.199428
-0.199405
-0.199385
-0.19936
-0.199341
-0.19932
-0.199299
-0.199279
-0.199258
-0.199238
-0.199225
-0.199206
-0.199187
-0.199169
-0.199152
-0.199141
-0.199124
-0.199108
-0.199091
-0.199075
-0.199066
-0.199051
-0.199036
-0.199022
-0.199008
-0.198996
-0.198983
-0.198971
-0.198958
-0.198948
-0.198937
-0.198925
-0.198916
-0.198906
-0.198895
-0.198887
-0.198878
-0.198871
-0.198862
-0.19886
-0.198854
-0.198848
-0.19884
-0.198835
-0.198828
-0.198822
-0.198815
-0.198809
-0.198804
-0.198804
-0.198799
-0.198794
-0.198784
-0.198779
-0.198775
-0.19877
-0.198766
-0.198762
-0.198759
-0.198755
-0.198752
-0.198749
-0.198746
-0.198741
-0.198733
-0.19873
-0.198727
-0.198725
-0.198721
-0.19872
-0.198717
-0.198716
-0.198715
-0.198712
-0.198711
-0.19871
-0.198707
-0.198706
-0.198706
-0.198705
-0.198705
-0.198707
-0.198707
-0.198708
-0.198708
-0.198709
-0.19871
-0.198711
-0.198718
-0.198718
-0.198719
-0.198721
-0.198723
-0.198725
-0.198727
-0.198729
-0.198732
-0.198734
-0.198737
-0.19874
-0.198743
-0.198746
-0.19875
-0.198753
-0.198757
-0.198755
-0.198759
-0.198763
-0.198768
-0.198773
-0.198772
-0.198777
-0.19878
-0.198786
-0.198785
-0.198792
-0.198792
-0.198798
-0.198803
-0.198804
-0.19881
-0.198816
-0.198817
-0.198822
-0.198823
-0.198829
-0.198831
-0.198837
-0.198837
-0.198838
-0.19884
-0.198841
-0.198841
-0.198842
-0.198842
-0.198837
-0.198832
-0.198827
-0.198821
-0.198809
-0.198798
-0.198786
-0.198773
-0.198755
-0.198742
-0.19873
-0.198717
-0.198704
-0.198686
-0.198667
-0.198656
-0.198638
-0.198622
-0.198605
-0.198588
-0.198579
-0.19857
-0.198561
-0.198554
-0.198546
-0.198538
-0.198529
-0.198519
-0.198514
-0.198504
-0.198492
-0.198481
-0.19847
-0.198459
-0.198445
-0.198433
-0.198413
-0.198392
-0.198371
-0.198346
-0.198317
-0.198296
-0.198265
-0.198226
-0.198194
-0.19815
-0.198109
-0.198069
-0.198028
-0.197979
-0.197935
-0.197886
-0.197837
-0.197785
-0.197736
-0.197678
-0.197625
-0.197565
-0.197512
-0.19745
-0.197393
-0.197329
-0.197276
-0.197227
-0.197164
-0.197106
-0.197051
-0.197003
-0.196951
-0.196901
-0.196843
-0.196792
-0.196733
-0.196681
-0.196629
-0.196561
-0.196502
-0.196446
-0.196381
-0.19632
-0.196276
-0.196223
-0.196166
-0.196114
-0.196061
-0.196004
-0.195947
-0.195881
-0.19582
-0.195754
-0.195685
-0.195608
-0.19553
-0.195457
-0.195378
-0.195297
-0.195219
-0.19513
-0.195041
-0.194953
-0.194862
-0.194766
-0.194667
-0.194564
-0.194468
-0.194363
-0.194258
-0.194148
-0.194038
-0.193941
-0.193836
-0.193725
-0.193607
-0.193489
-0.193377
-0.193267
-0.193149
-0.193024
-0.192892
-0.192758
-0.192621
-0.192482
-0.192343
-0.192205
-0.192061
-0.191914
-0.19175
-0.191618
-0.191478
-0.191316
-0.191157
-0.191007
-0.190848
-0.190685
-0.190507
-0.190325
-0.190141
-0.189959
-0.189781
-0.189604
-0.189427
-0.189235
-0.189049
-0.188855
-0.188666
-0.188487
-0.188303
-0.188104
-0.187889
-0.187692
-0.187479
-0.187279
-0.187083
-0.186882
-0.186667
-0.186465
-0.186254
-0.186042
-0.185835
-0.185623
-0.185405
-0.185192
-0.184969
-0.18475
-0.184532
-0.184312
-0.184086
-0.18386
-0.183641
-0.183427
-0.183198
-0.18297
-0.182743
-0.182509
-0.182291
-0.182067
-0.181831
-0.181609
-0.181371
-0.181143
-0.180915
-0.180677
-0.180442
-0.1802
-0.179967
-0.179737
-0.179488
-0.179242
-0.178993
-0.178754
-0.178528
-0.178287
-0.178046
-0.177795
-0.177557
-0.177325
-0.177086
-0.176838
-0.176594
-0.176347
-0.176115
-0.175885
-0.175652
-0.17541
-0.175172
-0.17493
-0.174696
-0.174455
-0.174212
-0.173968
-0.173744
-0.173527
-0.173301
-0.173066
-0.17284
-0.172611
-0.172399
-0.172179
-0.17195
-0.171722
-0.171502
-0.171276
-0.17106
-0.170842
-0.170622
-0.170409
-0.170187
-0.16996
-0.169741
-0.169528
-0.169309
-0.169096
-0.16887
-0.168637
-0.168414
-0.168197
-0.167977
-0.167749
-0.167538
-0.167328
-0.167132
-0.166925
-0.166706
-0.166438
-0.166173
-0.165905
-0.165638
-0.165347
-0.165115
-0.164859
-0.164604
-0.164356
-0.164098
-0.163851
-0.163596
-0.163351
-0.163111
-0.162864
-0.162622
-0.162369
-0.162119
-0.161884
-0.161634
-0.161426
-0.161178
-0.160938
-0.160675
-0.160171
-0.159936
-0.159685
-0.159452
-0.159229
-0.158997
-0.158761
-0.158502
-0.15808
-0.157899
-0.157739
-0.157563
-0.157384
-0.157115
-0.15665
-0.156463
-0.156239
-0.156001
-0.155742
-0.155249
-0.155026
-0.154769
-0.154534
-0.154298
-0.154091
-0.153868
-0.153635
-0.153444
-0.153248
-0.153061
-0.152901
-0.152745
-0.152583
-0.152391
-0.152223
-0.151959
-0.151727
-0.151523
-0.151308
-0.151117
-0.150898
-0.150645
-0.15044
-0.150204
-0.14996
-0.14976
-0.149561
-0.149374
-0.149181
-0.148999
-0.148801
-0.1486
-0.148403
-0.148212
-0.148014
-0.147816
-0.147607
-0.147402
-0.147201
-0.147004
-0.146802
-0.146612
-0.146396
-0.14619
-0.145976
-0.145775
-0.145573
-0.145366
-0.145151
-0.144936
-0.144689
-0.144454
-0.143939
-0.143732
-0.143517
-0.143306
-0.14309
-0.142874
-0.142659
-0.142449
-0.142224
-0.142012
-0.141791
-0.141575
-0.141359
-0.141138
-0.140922
-0.140705
-0.140484
-0.140255
-0.140025
-0.139804
-0.139583
-0.139373
-0.139152
-0.138926
-0.138692
-0.13847
-0.138253
-0.13805
-0.137837
-0.137619
-0.137401
-0.137174
-0.136942
-0.136715
-0.136488
-0.136274
-0.136064
-0.135849
-0.135625
-0.135406
-0.135177
-0.134962
-0.134742
-0.134518
-0.134298
-0.134064
-0.133844
-0.133619
-0.133394
-0.133168
-0.132957
-0.132749
-0.132542
-0.132316
-0.132095
-0.131882
-0.131665
-0.131444
-0.131232
-0.131019
-0.13081
-0.13061
-0.130393
-0.130189
-0.12998
-0.129771
-0.129566
-0.129361
-0.129156
-0.128965
-0.128764
-0.128572
-0.128374
-0.128173
-0.127964
-0.127772
-0.127571
-0.127379
-0.127181
-0.126984
-0.126791
-0.126608
-0.12642
-0.126236
-0.126047
-0.125863
-0.125674
-0.125499
-0.12532
-0.125141
-0.12497
-0.124794
-0.124615
-0.124438
-0.124264
-0.124098
-0.123935
-0.1238
-0.123651
-0.123479
-0.123312
-0.123149
-0.122982
-0.122833
-0.122674
-0.12252
-0.122384
-0.122239
-0.12208
-0.121934
-0.121789
-0.121639
-0.121494
-0.121353
-0.121214
-0.121094
-0.120974
-0.120836
-0.12072
-0.120604
-0.120472
-0.120347
-0.120219
-0.120095
-0.119984
-0.119863
-0.119743
-0.119613
-0.119493
-0.119392
-0.119274
-0.119155
-0.119043
-0.118941
-0.118849
-0.118755
-0.118654
-0.118563
-0.118433
-0.118183
-0.118077
-0.117954
-0.117873
-0.117783
-0.117702
-0.117609
-0.117516
-0.117431
-0.117342
-0.117253
-0.117164
-0.117077
-0.117005
-0.116929
-0.116841
-0.116756
-0.116666
-0.116582
-0.116474
-0.116365
-0.116262
-0.116175
-0.116083
-0.116003
-0.115928
-0.115848
-0.115766
-0.115692
-0.115617
-0.115523
-0.115434
-0.115351
-0.115255
-0.115161
-0.115083
-0.115008
-0.114921
-0.114825
-0.114752
-0.114682
-0.114604
-0.114526
-0.114456
-0.114383
-0.114308
-0.11423
-0.114152
-0.114074
-0.114
-0.113938
-0.113875
-0.113813
-0.113748
-0.113668
-0.113592
-0.113529
-0.11347
-0.113393
-0.11332
-0.113257
-0.113178
-0.113098
-0.113028
-0.112954
-0.112867
-0.112783
-0.112708
-0.112629
-0.112546
-0.112469
-0.112391
-0.112308
-0.112239
-0.112165
-0.112087
-0.112007
-0.111927
-0.111852
-0.111772
-0.111697
-0.111622
-0.11155
-0.111481
-0.111408
-0.111339
-0.11127
-0.111202
-0.111135
-0.111071
-0.111007
-0.110948
-0.11089
-0.110828
-0.110769
-0.11071
-0.110654
-0.110601
-0.110545
-0.110494
-0.110444
-0.110399
-0.110358
-0.110376
-0.110393
-0.110411
-0.110429
-0.110446
-0.110464
-0.110481
-0.110499
-0.110516
-0.110533
-0.11055
-0.110567
-0.110584
-0.110601
-0.110618
-0.110634
-0.110651
-0.110667
-0.110684
-0.1107
-0.110716
-0.110732
-0.110748
-0.110764
-0.11078
-0.110795
-0.110811
-0.110826
-0.110841
-0.110856
-0.110871
-0.110886
-0.110901
-0.110916
-0.11093
-0.110945
-0.110959
-0.110974
-0.110988
-0.111003
-0.111017
-0.111031
-0.111045
-0.111059
-0.111073
-0.111088
-0.111101
-0.111115
-0.111129
-0.111143
-0.111157
-0.111171
-0.111184
-0.111198
-0.111211
-0.111225
-0.111238
-0.111251
-0.111264
-0.111277
-0.111291
-0.111304
-0.111316
-0.111329
-0.111342
-0.111355
-0.111367
-0.11138
-0.111392
-0.111405
-0.111417
-0.11143
-0.111442
-0.111454
-0.111466
-0.111478
-0.11149
-0.111502
-0.111514
-0.111525
-0.111537
-0.111548
-0.11156
-0.111572
-0.111583
-0.111594
-0.111606
-0.111617
-0.111628
-0.111639
-0.111651
-0.111662
-0.111673
-0.111684
-0.111695
-0.111705
-0.111716
-0.111727
-0.111738
-0.111749
-0.11176
-0.111771
-0.111781
-0.111792
-0.111803
-0.111813
-0.111824
-0.111835
-0.111845
-0.111856
-0.111866
-0.111876
-0.111887
-0.111897
-0.111908
-0.111918
-0.111928
-0.111938
-0.111948
-0.111958
-0.111968
-0.111978
-0.111988
-0.111998
-0.112008
-0.112018
-0.112028
-0.112038
-0.112047
-0.112057
-0.112067
-0.112076
-0.112086
-0.112096
-0.112105
-0.112115
-0.112124
-0.112134
-0.112144
-0.112153
-0.112163
-0.112172
-0.112181
-0.112191
-0.1122
-0.112209
-0.112218
-0.112228
-0.112237
-0.112246
-0.112255
-0.112264
-0.112273
-0.112282
-0.112291
-0.112299
-0.112308
-0.112317
-0.112325
-0.112334
-0.112342
-0.112351
-0.112359
-0.112367
-0.112376
-0.112384
-0.112392
-0.1124
-0.112408
-0.112416
-0.112424
-0.112431
-0.112439
-0.112447
-0.112454
-0.112462
-0.112469
-0.112476
-0.112484
-0.112491
-0.112498
-0.112504
-0.112511
-0.112518
-0.112525
-0.112531
-0.112538
-0.112545
-0.112551
-0.112557
-0.112564
-0.11257
-0.112577
-0.112583
-0.112589
-0.112595
-0.112602
-0.112608
-0.112614
-0.11262
-0.112626
-0.112632
-0.112638
-0.112644
-0.11265
-0.112656
-0.112661
-0.112667
-0.112673
-0.112679
-0.112684
-0.11269
-0.112696
-0.112701
-0.112707
-0.112712
-0.112717
-0.112723
-0.112728
-0.112733
-0.112738
-0.112744
-0.112749
-0.112754
-0.112759
-0.112764
-0.112769
-0.112774
-0.112779
-0.112785
-0.11279
-0.112795
-0.1128
-0.112805
-0.11281
-0.112815
-0.11282
-0.112825
-0.11283
-0.112834
-0.112839
-0.112844
-0.112849
-0.112854
-0.112859
-0.112863
-0.112868
-0.112873
-0.112878
-0.112882
-0.112887
-0.112892
-0.112896
-0.112901
-0.112905
-0.11291
-0.112915
-0.112919
-0.112924
-0.112929
-0.112933
-0.112938
-0.112943
-0.112947
-0.112952
-0.112957
-0.112961
-0.112966
-0.112971
-0.112976
-0.112981
-0.112986
-0.112991
-0.112996
-0.113001
-0.113005
-0.11301
-0.113015
-0.11302
-0.113025
-0.11303
-0.113035
-0.11304
-0.113045
-0.11305
-0.113054
-0.113059
-0.113064
-0.113069
-0.113074
-0.113079
-0.113084
-0.113088
-0.113093
-0.113098
-0.113102
-0.113107
-0.113111
-0.113116
-0.11312
-0.113124
-0.113129
-0.113133
-0.113137
-0.113142
-0.113146
-0.11315
-0.113154
-0.113159
-0.113163
-0.113167
-0.113171
-0.113176
-0.11318
-0.113184
-0.113188
-0.113192
-0.113197
-0.113201
-0.113205
-0.113209
-0.113213
-0.113217
-0.113221
-0.113226
-0.11323
-0.113234
-0.113238
-0.113242
-0.113246
-0.11325
-0.113255
-0.113259
-0.113263
-0.113267
-0.11327
-0.113274
-0.113278
-0.113282
-0.113286
-0.11329
-0.113294
-0.113298
-0.113302
-0.113305
-0.113309
-0.113313
-0.113317
-0.113321
-0.113324
-0.113328
-0.113332
-0.113336
-0.11334
-0.113344
-0.113347
-0.113351
-0.113355
-0.113359
-0.113362
-0.113366
-0.11337
-0.113374
-0.113377
-0.113381
-0.113385
-0.113388
-0.113392
-0.113396
-0.113399
-0.113403
-0.113406
-0.11341
-0.113414
-0.113417
-0.113421
-0.113424
-0.113427
-0.113431
-0.113434
-0.113437
-0.113441
-0.113444
-0.113447
-0.11345
-0.113454
-0.113457
-0.11346
-0.113463
-0.113466
-0.113469
-0.113472
-0.113475
-0.113478
-0.113481
-0.113484
-0.113487
-0.11349
-0.113493
-0.113496
-0.113499
-0.113502
-0.113505
-0.113508
-0.11351
-0.113513
-0.113516
-0.113519
-0.113522
-0.113525
-0.113527
-0.11353
-0.113533
-0.113536
-0.113539
-0.113542
-0.113544
-0.113547
-0.11355
-0.113553
-0.113555
-0.113558
-0.113561
-0.113564
-0.113566
-0.113569
-0.113572
-0.113574
-0.113577
-0.11358
-0.113582
-0.113585
-0.113588
-0.11359
-0.113593
-0.113595
-0.113598
-0.1136
-0.113603
-0.113605
-0.113608
-0.11361
-0.113613
-0.113616
-0.113618
-0.11362
-0.113623
-0.113625
-0.113628
-0.11363
-0.113632
-0.113635
-0.113637
-0.113639
-0.113641
-0.113644
-0.113646
-0.113648
-0.11365
-0.113652
-0.113655
-0.113657
-0.11366
-0.113662
-0.113665
-0.113668
-0.11367
-0.113673
-0.113675
-0.113678
-0.113681
-0.113683
-0.113686
-0.113688
-0.113691
-0.113693
-0.113696
-0.113699
-0.113701
-0.113704
-0.113706
-0.113709
-0.113711
-0.113714
-0.113716
-0.113719
-0.113721
-0.113723
-0.113726
-0.113728
-0.113731
-0.113733
-0.113735
-0.113738
-0.11374
-0.113742
-0.113745
-0.113747
-0.113749
-0.113751
-0.113754
-0.113756
-0.113758
-0.11376
-0.113763
-0.113765
-0.113767
-0.113769
-0.113771
-0.113774
-0.113776
-0.113778
-0.11378
-0.113782
-0.113784
-0.113786
-0.113788
-0.11379
-0.113792
-0.113794
-0.113796
-0.113798
-0.1138
-0.113802
-0.113803
-0.113805
-0.113807
-0.113809
-0.113811
-0.113813
-0.113815
-0.113817
-0.113819
-0.113821
-0.113822
-0.113824
-0.113826
-0.113828
-0.11383
-0.113832
-0.113833
-0.113835
-0.113837
-0.113839
-0.113841
-0.113842
-0.113844
-0.113846
-0.113848
-0.11385
-0.113852
-0.113853
-0.113855
-0.113857
-0.113859
-0.113861
-0.113862
-0.113864
-0.113866
-0.113868
-0.11387
-0.113871
-0.113873
-0.113875
-0.113877
-0.113879
-0.113881
-0.113882
-0.113884
-0.113886
-0.113888
-0.11389
-0.113892
-0.113893
-0.113895
-0.113897
-0.113899
-0.113901
-0.113903
-0.113905
-0.113907
-0.113908
-0.11391
-0.113912
-0.113914
-0.113916
-0.113918
-0.113919
-0.113921
-0.113923
-0.113925
-0.113927
-0.113928
-0.11393
-0.113932
-0.113933
-0.113935
-0.113937
-0.113938
-0.11394
-0.113942
-0.113943
-0.113945
-0.113946
-0.113948
-0.113949
-0.113951
-0.113952
-0.113954
-0.113955
-0.113957
-0.113959
-0.11396
-0.113962
-0.113963
-0.113964
-0.113965
-0.113966
-0.113967
-0.113968
-0.113969
-0.113969
-0.11397
-0.113971
-0.113972
-0.113973
-0.113974
-0.113974
-0.113975
-0.113976
-0.113977
-0.113978
-0.113978
-0.113979
-0.11398
-0.11398
-0.113981
-0.113982
-0.113983
-0.113983
-0.113984
-0.113985
-0.113985
-0.113986
-0.113987
-0.113987
-0.113988
-0.113989
-0.113989
-0.11399
-0.11399
-0.113991
-0.113991
-0.113992
-0.113993
-0.113993
-0.113994
-0.113994
-0.113995
-0.113995
-0.113996
-0.113996
-0.113997
-0.113997
-0.113998
-0.113998
-0.113999
-0.113999
-0.114
-0.114
-0.114001
-0.114001
-0.114002
-0.114002
-0.114003
-0.114003
-0.114004
-0.114004
-0.114005
-0.114005
-0.114005
-0.114006
