0.0527495
0.0527495
0.0527496
0.0527496
0.0527496
0.0527496
0.0527497
0.0527497
0.0527497
0.0527496
0.0527496
0.0527496
0.0527496
0.0527495
0.0527494
0.0527492
0.0527491
0.0527489
0.0527488
0.0527486
0.0527483
0.0527481
0.052748
0.0527478
0.0527477
0.0527476
0.0527474
0.0527473
0.0527471
0.0527469
0.0527467
0.0527464
0.0527463
0.0527461
0.052746
0.0527458
0.0527457
0.0527456
0.0527455
0.0527453
0.0527452
0.052745
0.0527449
0.0527448
0.0527447
0.0527445
0.0527444
0.0527442
0.052744
0.0527438
0.0527436
0.0527434
0.0527431
0.0527429
0.0527427
0.0527425
0.0527424
0.0527422
0.052742
0.0527418
0.0527416
0.0527414
0.0527411
0.0527409
0.0527406
0.0527403
0.0527401
0.0527398
0.0527396
0.0527393
0.0527391
0.0527388
0.0527386
0.0527384
0.0527381
0.0527379
0.0527376
0.0527373
0.052737
0.0527366
0.0527362
0.0527358
0.0527353
0.0527349
0.0527344
0.0527339
0.0527335
0.052733
0.0527325
0.052732
0.0527314
0.0527309
0.0527303
0.0527297
0.0527292
0.0527286
0.052728
0.0527274
0.0527268
0.0527261
0.0527254
0.0527248
0.0527241
0.0527234
0.0527228
0.0527221
0.0527214
0.0527208
0.0527201
0.0527195
0.0527188
0.0527181
0.0527174
0.0527166
0.0527159
0.0527151
0.0527142
0.0527134
0.0527124
0.0527115
0.0527106
0.0527096
0.0527086
0.0527077
0.0527067
0.0527056
0.0527046
0.0527036
0.0527026
0.0527015
0.0527005
0.0526994
0.0526983
0.0526972
0.0526961
0.052695
0.0526938
0.0526927
0.0526916
0.0526905
0.0526895
0.0526885
0.0526875
0.0526865
0.0526855
0.0526845
0.0526834
0.0526824
0.0526813
0.0526803
0.0526793
0.0526783
0.0526774
0.0526764
0.0526755
0.0526746
0.0526737
0.0526729
0.052672
0.0526712
0.0526704
0.0526696
0.0526688
0.0526679
0.0526671
0.0526663
0.0526654
0.0526646
0.0526637
0.0526628
0.0526619
0.052661
0.0526601
0.0526592
0.0526584
0.0526575
0.0526566
0.0526558
0.0526549
0.052654
0.0526532
0.0526523
0.0526514
0.0526506
0.0526497
0.0526489
0.052648
0.0526472
0.0526463
0.0526453
0.0526443
0.0526433
0.0526423
0.0526412
0.0526402
0.0526391
0.0526381
0.0526371
0.052636
0.0526349
0.0526338
0.0526326
0.0526314
0.0526303
0.0526291
0.0526278
0.0526266
0.0526254
0.0526242
0.052623
0.0526218
0.0526206
0.0526194
0.0526182
0.052617
0.0526159
0.0526147
0.0526136
0.0526125
0.0526113
0.0526102
0.0526091
0.052608
0.0526068
0.0526057
0.0526045
0.0526034
0.0526023
0.0526012
0.0526002
0.0525991
0.0525981
0.052597
0.052596
0.052595
0.052594
0.0525931
0.0525921
0.0525912
0.0525903
0.0525894
0.0525886
0.0525877
0.0525869
0.052586
0.0525852
0.0525843
0.0525835
0.0525826
0.0525817
0.0525809
0.05258
0.0525791
0.0525782
0.0525774
0.0525766
0.0525757
0.0525749
0.052574
0.0525732
0.0525723
0.0525715
0.0525706
0.0525697
0.0525689
0.052568
0.0525671
0.0525662
0.0525653
0.0525645
0.0525636
0.0525628
0.0525619
0.0525611
0.0525603
0.0525596
0.0525588
0.052558
0.0525572
0.0525564
0.0525557
0.0525549
0.0525542
0.0525534
0.0525527
0.0525519
0.0525512
0.0525505
0.0525498
0.0525491
0.0525484
0.0525477
0.052547
0.0525462
0.0525455
0.0525447
0.0525439
0.0525431
0.0525423
0.0525414
0.0525406
0.0525397
0.0525389
0.052538
0.0525372
0.0525364
0.0525356
0.0525348
0.0525339
0.0525331
0.0525322
0.0525314
0.0525305
0.0525297
0.0525289
0.0525281
0.0525273
0.0525265
0.0525258
0.052525
0.0525243
0.0525235
0.0525228
0.0525222
0.0525215
0.0525209
0.0525203
0.0525196
0.052519
0.0525184
0.0525178
0.0525171
0.0525165
0.0525159
0.0525153
0.0525148
0.0525142
0.0525137
0.0525132
0.0525127
0.0525123
0.0525118
0.0525114
0.0525109
0.0525105
0.0525101
0.0525097
0.0525093
0.0525089
0.0525085
0.052508
0.0525076
0.0525071
0.0525067
0.0525063
0.0525059
0.0525055
0.0525051
0.0525048
0.0525044
0.0525041
0.0525039
0.0525036
0.0525033
0.052503
0.0525028
0.0525025
0.0525022
0.0525019
0.0525016
0.0525012
0.0525008
0.0525005
0.0525001
0.0524998
0.0524995
0.0524992
0.052499
0.0524987
0.0524984
0.0524981
0.0524978
0.0524975
0.0524971
0.0524968
0.0524965
0.0524962
0.0524959
0.0524956
0.0524953
0.052495
0.0524947
0.0524945
0.0524943
0.052494
0.0524938
0.0524935
0.0524933
0.0524931
0.0524928
0.0524927
0.0524925
0.0524924
0.0524923
0.0524923
0.0524922
0.0524921
0.0524921
0.0524921
0.0524922
0.0524923
0.0524924
0.0524925
0.0524926
0.0524927
0.0524929
0.0524931
0.0524933
0.0524936
0.0524938
0.0524941
0.0524943
0.0524946
0.0524948
0.052495
0.0524952
0.0524955
0.0524957
0.0524959
0.0524961
0.0524963
0.0524966
0.0524969
0.0524971
0.0524974
0.0524977
0.0524981
0.0524984
0.0524986
0.0524989
0.0524992
0.0524994
0.0524997
0.0524999
0.0525002
0.0525004
0.0525006
0.0525008
0.0525011
0.0525013
0.0525014
0.0525016
0.0525018
0.0525019
0.0525021
0.0525022
0.0525024
0.0525026
0.0525028
0.0525029
0.0525031
0.0525032
0.0525034
0.0525035
0.0525037
0.0525039
0.052504
0.0525043
0.0525045
0.0525048
0.0525051
0.0525055
0.0525058
0.0525061
0.0525065
0.0525069
0.0525073
0.0525078
0.0525082
0.0525087
0.0525092
0.0525097
0.0525102
0.0525107
0.0525113
0.0525118
0.0525124
0.0525129
0.0525135
0.0525141
0.0525147
0.0525153
0.0525158
0.0525163
0.0525169
0.0525174
0.0525179
0.0525185
0.0525191
0.0525196
0.0525202
0.0525207
0.0525213
0.0525219
0.0525225
0.0525231
0.0525238
0.0525244
0.052525
0.0525257
0.0525264
0.0525271
0.0525278
0.0525285
0.0525293
0.0525301
0.0525309
0.0525317
0.0525326
0.0525334
0.0525344
0.0525353
0.0525363
0.0525372
0.0525382
0.0525392
0.0525402
0.0525411
0.0525421
0.052543
0.052544
0.0525449
0.0525458
0.0525467
0.0525475
0.0525484
0.0525493
0.0525501
0.052551
0.0525518
0.0525527
0.0525536
0.0525545
0.0525554
0.0525563
0.0525572
0.0525581
0.0525591
0.05256
0.052561
0.0525619
0.0525628
0.0525637
0.0525646
0.0525654
0.0525663
0.0525671
0.0525678
0.0525686
0.0525694
0.0525701
0.0525708
0.0525715
0.0525722
0.0525729
0.0525736
0.0525743
0.0525751
0.0524883
0.0524004
0.052314
0.0522373
0.0521593
0.0520852
0.0520095
0.05194
0.0518745
0.0518078
0.0517412
0.0516731
0.0516091
0.0515395
0.0514799
0.0514149
0.051344
0.0512834
0.0512281
0.0511717
0.0511091
0.051047
0.0509834
0.0509357
0.0508805
0.0508267
0.0507731
0.0507256
0.0506767
0.0506232
0.0505633
0.0505021
0.0504548
0.0504018
0.0503498
0.0503025
0.0502605
0.0502117
0.0501626
0.0501183
0.0500694
0.0500297
0.0499777
0.0499364
0.0498923
0.0498375
0.0497862
0.0497363
0.0496846
0.0496379
0.0495896
0.0495464
0.0494909
0.0494417
0.04938
0.0493307
0.0492958
0.0492428
0.0492071
0.0491351
0.0490801
0.0490248
0.0489682
0.0489106
0.0488592
0.0488032
0.0487534
0.0487135
0.048655
0.0486141
0.0485522
0.0485026
0.048442
0.0483885
0.0483483
0.0482839
0.0482287
0.0481783
0.0481317
0.0480788
0.0480311
0.0479684
0.047912
0.0478595
0.0478056
0.0477583
0.047711
0.047665
0.0476166
0.0475734
0.0475306
0.047484
0.0474427
0.0473937
0.0473398
0.0472664
0.0472063
0.0471629
0.0471237
0.0470771
0.0470324
0.0469722
0.0469201
0.0468802
0.0468338
0.046809
0.0467859
0.0467552
0.0466884
0.0466326
0.0466029
0.0465653
0.0465386
0.0465109
0.046462
0.0464213
0.0463716
0.0463396
0.0463183
0.0462794
0.0462542
0.0462305
0.0462015
0.0461709
0.0461611
0.0461324
0.0461175
0.046092
0.0460736
0.0460668
0.0460531
0.0460589
0.0460706
0.0460644
0.0460653
0.0460664
0.0460631
0.0460725
0.0460887
0.0461121
0.0461423
0.0461683
0.0461955
0.0461955
0.0461955
0.0461955
0.0461954
0.0461952
0.0461951
0.0461949
0.0461947
0.0461944
0.0461941
0.0461938
0.0461935
0.0461932
0.046193
0.0461927
0.0461923
0.0461919
0.0461915
0.0461911
0.0461906
0.0461902
0.0461897
0.0461892
0.0461887
0.0461883
0.0461879
0.0461875
0.0461872
0.0461868
0.0461864
0.046186
0.0461856
0.0461853
0.046185
0.0461848
0.0461845
0.0461843
0.0461841
0.0461838
0.0461836
0.0461835
0.0461834
0.0461833
0.0461832
0.0461831
0.0461829
0.0461828
0.0461826
0.0461825
0.0461824
0.0461823
0.0461823
0.0461822
0.046182
0.0461818
0.0461817
0.0461815
0.0461814
0.0461812
0.0461811
0.0461809
0.0461807
0.0461805
0.0461802
0.04618
0.0461797
0.0461793
0.0461789
0.0461786
0.0461782
0.0461778
0.0461774
0.0461769
0.0461764
0.0461759
0.0461753
0.0461748
0.0461742
0.0461737
0.0461731
0.0461725
0.0461719
0.0461714
0.0461708
0.0461702
0.0461696
0.046169
0.0461684
0.0461678
0.0461672
0.0461666
0.0461661
0.0461656
0.0461651
0.0461646
0.0461641
0.0461635
0.046163
0.0461625
0.0461619
0.0461614
0.0461608
0.0461603
0.0461598
0.0461594
0.046159
0.0461586
0.0461582
0.0461578
0.0461575
0.0461571
0.0461567
0.0461563
0.0461559
0.0461554
0.046155
0.0461546
0.0461542
0.0461539
0.0461536
0.0461532
0.0461529
0.0461525
0.0461522
0.0461519
0.0461516
0.0461513
0.046151
0.0461507
0.0461504
0.0461501
0.0461499
0.0461496
0.0461494
0.0461491
0.0461489
0.0461487
0.0461485
0.0461483
0.0461482
0.0461481
0.046148
0.0461479
0.0461478
0.0461478
0.0461477
0.0461477
0.0461478
0.0461479
0.046148
0.0461482
0.0461483
0.0461485
0.0461487
0.0461489
0.0461491
0.0461493
0.0461496
0.0461499
0.0461502
0.0461505
0.0461508
0.0461512
0.0461517
0.0461521
0.0461526
0.046153
0.0461535
0.046154
0.0461545
0.0461551
0.0461557
0.0461563
0.046157
0.0461577
0.0461585
0.0461592
0.04616
0.0461607
0.0461615
0.0461622
0.0461631
0.0461639
0.0461647
0.0461656
0.0461664
0.0461672
0.046168
0.0461688
0.0461696
0.0461705
0.0461713
0.0461722
0.0461731
0.0461739
0.0461748
0.0461757
0.0461766
0.0461774
0.0461783
0.0461792
0.0461801
0.046181
0.0461819
0.0461829
0.0461839
0.0461848
0.0461858
0.0461868
0.0461879
0.0461889
0.04619
0.0461912
0.0461924
0.0461936
0.0461948
0.046196
0.0461972
0.0461984
0.0461997
0.0462009
0.0462021
0.0462033
0.0462045
0.0462056
0.0462068
0.0462079
0.046209
0.0462102
0.0462113
0.0462125
0.0462137
0.0462149
0.0462162
0.0462174
0.0462187
0.0462199
0.0462211
0.0462224
0.0462236
0.0462248
0.0462261
0.0462273
0.0462285
0.0462297
0.0462309
0.046232
0.0462332
0.0462344
0.0462355
0.0462367
0.0462378
0.0462389
0.0462401
0.0462412
0.0462423
0.0462433
0.0462444
0.0462454
0.0462465
0.0462476
0.0462486
0.0462497
0.0462508
0.0462519
0.046253
0.0462541
0.0462552
0.0462562
0.0462573
0.0462584
0.0462594
0.0462604
0.0462615
0.0462625
0.0462635
0.0462646
0.0462656
0.0462666
0.0462676
0.0462685
0.0462695
0.0462704
0.0462712
0.0462721
0.046273
0.0462739
0.0462748
0.0462757
0.0462765
0.0462774
0.0462782
0.0462791
0.04628
0.0462808
0.0462816
0.0462824
0.0462831
0.0462838
0.0462846
0.0462853
0.0462861
0.0462868
0.0462876
0.0462883
0.0462891
0.0462898
0.0462906
0.0462913
0.046292
0.0462927
0.0462934
0.0462941
0.0462948
0.0462954
0.0462961
0.0462967
0.0462973
0.0462979
0.0462984
0.046299
0.0462996
0.0463002
0.0463009
0.0463015
0.0463021
0.0463028
0.0463035
0.0463042
0.0463049
0.0463055
0.0463062
0.0463069
0.0463076
0.0463082
0.0463089
0.0463096
0.0463103
0.0463109
0.0463116
0.0463122
0.0463129
0.0463135
0.0463142
0.0463149
0.0463155
0.0463162
0.046317
0.0463177
0.0463184
0.0463191
0.0463198
0.0463205
0.0463211
0.0463218
0.0463224
0.0463229
0.0463235
0.046324
0.0463245
0.046325
0.0463255
0.046326
0.0463265
0.046327
0.0463276
0.0463282
0.0463287
0.0463293
0.0463299
0.0463304
0.046331
0.0463316
0.0463322
0.0463327
0.0463333
0.0463339
0.0463345
0.046335
0.0463356
0.0463361
0.0463367
0.0463372
0.0463378
0.0463384
0.0463389
0.0463395
0.04634
0.0463406
0.0463411
0.0463417
0.0463422
0.0463428
0.0463433
0.0463438
0.0463444
0.0463449
0.0463455
0.0463461
0.0463467
0.0463473
0.046348
0.0463486
0.0463492
0.0463499
0.0463505
0.0463511
0.0463517
0.0463522
0.0463528
0.0463533
0.0463538
0.0463543
0.0463547
0.0463551
0.0463556
0.046356
0.0463565
0.0463569
0.0463574
0.0463579
0.0463584
0.0463589
0.0463594
0.0463598
0.0463603
0.0463607
0.0463611
0.0463614
0.0463617
0.0463621
0.0463624
0.0463627
0.046363
0.0463634
0.0463637
0.046364
0.0463643
0.0463646
0.0463648
0.0463651
0.0463653
0.0463655
0.0463658
0.0463661
0.0463664
0.0463668
0.0463672
0.0463675
0.0463679
0.0463684
0.0463688
0.0463693
0.0463698
0.0463704
0.046371
0.0463716
0.0463722
0.0463728
0.0463733
0.0463739
0.0463745
0.046375
0.0463756
0.0463762
0.0463767
0.0463773
0.0463778
0.0463784
0.0463789
0.0463794
0.04638
0.0463805
0.046381
0.0463815
0.0463821
0.0463827
0.0463833
0.0463839
0.0463845
0.0463851
0.0463858
0.0463864
0.046387
0.0463876
0.0463882
0.0463889
0.0463896
0.0463903
0.046391
0.0463917
0.0463923
0.046393
0.0463937
0.0463945
0.0463952
0.0463959
0.0463967
0.0463974
0.0463981
0.0463989
0.0463996
0.0464004
0.0464011
0.0464018
0.0464026
0.0464033
0.046404
0.0464048
0.0464055
0.0464062
0.0464069
0.0464076
0.0464082
0.0464089
0.0464096
0.0464103
0.046411
0.0464117
0.0464124
0.0464131
0.0464137
0.0464144
0.0464151
0.0464158
0.0464165
0.0464171
0.0464178
0.0464184
0.046419
0.0464196
0.0464201
0.0464207
0.0464212
0.0464217
0.0464222
0.0464227
0.0464231
0.0464235
0.0464238
0.0464242
0.0464246
0.0464249
0.0464252
0.0464255
0.0464258
0.0464261
0.0464264
0.0464267
0.046427
0.0464272
0.0464274
0.0464276
0.0464277
0.0464278
0.0464279
0.046428
0.0464281
0.0464282
0.0464283
0.0464283
0.0464284
0.0464284
0.0464285
0.0464286
0.0464287
0.0464289
0.046429
0.0464292
0.0464294
0.0464295
0.0464296
0.0464297
0.0464298
0.0464298
0.0464299
0.0464299
0.0464299
0.0464299
0.0464299
0.0464298
0.0464298
0.0464297
0.0464296
0.0464295
0.0464294
0.0464293
0.0464292
0.046429
0.0464289
0.0464287
0.0464285
0.0464283
0.0464281
0.0464279
0.0464277
0.0464275
0.0464273
0.0464272
0.046427
0.0464269
0.0464267
0.0464266
0.0464264
0.0464263
0.0464261
0.0464259
0.0464258
0.0464256
0.0464255
0.0464253
0.0464252
0.0464251
0.046425
0.0464248
0.0464247
0.0464245
0.0464244
0.0464243
0.0464242
0.0464241
0.0464239
0.0464237
0.0464236
0.0464234
0.0464232
0.0464231
0.0464229
0.0464228
0.0464226
0.0464224
0.0464223
0.0464222
0.046422
0.046422
0.0464218
0.0464217
0.0464216
0.0464216
0.0464216
0.0464215
0.0464214
0.0464214
0.0464214
0.0464214
0.0464215
0.0464215
0.0464214
0.0464214
0.0464214
0.0464213
0.0464212
0.0464211
0.046421
0.0464208
0.0464206
0.0464205
0.0464203
0.0464201
0.0464199
0.0464197
0.0464195
0.0464194
0.0464192
0.046419
0.0464188
0.0464186
0.0464184
0.0464182
0.046418
0.0464178
0.0464176
0.0464175
0.0464173
0.0464172
0.0464171
0.0464169
0.0464168
0.0464167
0.0464165
0.0464164
0.0464163
0.0464162
0.0464161
0.046416
0.0464159
0.0464158
0.0464158
0.0464157
0.0464156
0.0464156
0.0464155
0.0464154
0.0464154
0.0464153
0.0464152
0.0464152
0.0464152
0.0464152
0.0464151
0.046415
0.0464148
0.0464147
0.0464146
0.0464144
0.0464143
0.0464142
0.0464141
0.0464141
0.046414
0.046414
0.0464139
0.0464139
0.0464138
0.0464138
0.0464137
0.0464137
0.0464136
0.0464136
0.0464135
0.0464135
0.0464135
0.0464135
0.0464135
0.0464135
0.0464135
0.0464136
0.0464136
0.0464137
0.0464138
0.0464138
0.0464139
0.0464139
0.046414
0.0464141
0.0464143
0.0464144
0.0464146
0.0464148
0.046415
0.0464153
0.0464155
0.0464157
0.046416
0.0464162
0.0464165
0.0464168
0.0464171
0.0464174
0.0464176
0.0464178
0.046418
0.0464181
0.0464182
0.0464183
0.0464184
0.0464185
0.0464185
0.0464186
0.0464187
0.0464187
0.0464188
0.0464189
0.0464189
0.046419
0.046419
0.0464189
0.0464189
0.0464189
0.0464188
0.0464188
0.0464187
0.0464186
0.0464184
0.0464183
0.0464181
0.0464179
0.0464177
0.0464174
0.0464172
0.046417
0.0464167
0.0464164
0.046416
0.0464157
0.0464153
0.046415
0.0464146
0.0464142
0.0464138
0.0464134
0.046413
0.0464127
0.0464123
0.0464119
0.0464116
0.0464113
0.046411
0.0464107
0.0464105
0.0464102
0.0464099
0.0464096
0.0464093
0.0464091
0.0464088
0.0464085
0.0464082
0.046408
0.0464077
0.0464074
0.0464071
0.0464069
0.0464067
0.0464065
0.0464063
0.0464061
0.046406
0.0464058
0.0464056
0.0464054
0.0464053
0.0464051
0.0464049
0.0464046
0.0464044
0.0464041
0.0464037
0.0464034
0.046403
0.0464027
0.0464023
0.0464019
0.0464015
0.046401
0.0464005
0.0464001
0.0463996
0.0463992
0.0463987
0.0463982
0.0463977
0.0463972
0.0463968
0.0463964
0.046396
0.0463956
0.0463952
0.0463948
0.0463945
0.0463941
0.0463938
0.0463934
0.0463931
0.0463928
0.0463925
0.0463923
0.046392
0.0463918
0.0463915
0.0463913
0.0463911
0.0463908
0.0463905
0.0463902
0.0463898
0.0463895
0.0463891
0.0463887
0.0463884
0.046388
0.0463876
0.0463872
0.0463868
0.0463864
0.046386
0.0463855
0.0463852
0.0463848
0.0463844
0.0463841
0.0463837
0.0463834
0.0463831
0.0463828
0.0463826
0.0463823
0.046382
0.0463818
0.0463815
0.0463813
0.046381
0.0463808
0.0463806
0.0463805
0.0463803
0.0463802
0.0463802
0.0463801
0.04638
0.0463799
0.0463798
0.0463798
0.0463798
0.0463798
0.0463799
0.0463799
0.04638
0.04638
0.04638
0.04638
0.04638
0.04638
0.0463801
0.0463801
0.0463801
0.0463802
0.0463802
0.0463803
0.0463803
0.0463804
0.0463805
0.0463806
0.0463807
0.0463809
0.0463811
0.0463813
0.0463815
0.0463817
0.0463819
0.0463821
0.0463823
0.0463825
0.0463827
0.0463829
0.0463831
0.0463834
0.0463836
0.0463838
0.0463841
0.0463843
0.0463845
0.0463847
0.046385
0.0463852
0.0463854
0.0463856
0.0463858
0.046386
0.0463861
0.0463863
0.0463866
0.0463868
0.0463871
0.0463874
0.0463876
0.0463879
0.0463882
0.0463885
0.0463887
0.0463889
0.0463892
0.0463894
0.0463896
0.0463899
0.0463901
0.0463903
0.0463905
0.0463906
0.0463908
0.0463909
0.046391
0.0463911
0.0463912
0.0463912
0.0463912
0.0463911
0.046391
0.0463909
0.0463907
0.0463906
0.0463904
0.0463902
0.04639
0.0463898
0.0463896
0.0463894
0.0463892
0.046389
0.0463888
0.0463886
0.0463884
0.0463882
0.0463881
0.0463879
0.0463876
0.0463874
0.0463871
0.0463869
0.0463866
0.0463863
0.0463861
0.0463858
0.0463855
0.0463852
0.0463849
0.0463846
0.0463844
0.0463841
0.0463838
0.0463835
0.0463832
0.0463829
0.0463826
0.0463823
0.0463821
0.0463818
0.0463814
0.0463811
0.0463808
0.0463805
0.0463801
0.0463798
0.0463794
0.0463791
0.0463787
0.0463784
0.046378
0.0463776
0.0463772
0.0463768
0.0463763
0.0463759
0.0463754
0.046375
0.0463745
0.046374
0.0463735
0.0463729
0.0463723
0.0463717
0.0463711
0.0463705
0.04637
0.0463694
0.0463688
0.0463682
0.0463676
0.046367
0.0463665
0.0463659
0.0463654
0.0463648
0.0463643
0.0463638
0.0463633
0.0463628
0.0463622
0.0463617
0.0463611
0.0463605
0.04636
0.0463595
0.0463591
0.0463586
0.0463582
0.0463577
0.0463573
0.0463569
0.0463565
0.0463562
0.0463558
0.0463555
0.0463552
0.0463549
0.0463546
0.0463543
0.046354
0.0463538
0.0463535
0.0463533
0.0463531
0.0463529
0.0463527
0.0463526
0.0463524
0.0463522
0.046352
0.0463519
0.0463517
0.0463516
0.0463513
0.0463511
0.0463509
0.0463507
0.0463504
0.0463502
0.0463501
0.0463498
0.0463496
0.0463494
0.0463493
0.0463491
0.0463489
0.0463488
0.0463486
0.0463485
0.0463484
0.0463482
0.0463481
0.0463479
0.0463477
0.0463475
0.0463473
0.0463471
0.0463469
0.0463468
0.0463465
0.0463463
0.046346
0.0463458
0.0463456
0.0463454
0.0463453
0.0463452
0.0463451
0.0463451
0.046345
0.0463451
0.0463451
0.0463451
0.0463452
0.0463452
0.0463452
0.0463452
0.0463453
0.0463453
0.0463453
0.0463453
0.0463454
0.0463454
0.0463455
0.0463456
0.0463456
0.0463457
0.0463458
0.046346
0.0463462
0.0463463
0.0463464
0.0463466
0.0463466
0.0463467
0.0463468
0.0463468
0.0463469
0.0463469
0.046347
0.0463471
0.0463471
0.0463472
0.0463473
0.0463474
0.0463475
0.0463476
0.0463477
0.0463477
0.0463477
0.0463478
0.0463478
0.0463479
0.0463479
0.046348
0.0463481
0.0463482
0.0463483
0.0463484
0.0463485
0.0463487
0.0463488
0.0463489
0.046349
0.0463491
0.0463492
0.0463493
0.0463493
0.0463494
0.0463494
0.0463493
0.0463493
0.0463493
0.0463493
0.0463493
0.0463492
0.0463492
0.0463491
0.0463489
0.0463488
0.0463486
0.0463485
0.0463483
0.0463482
0.0463481
0.0463479
0.0463478
0.0463478
0.0463477
0.0463476
0.0463475
0.0463473
0.0463472
0.0463471
0.0463469
0.0463467
0.0463466
0.0463464
0.0463463
0.0463462
0.0463461
0.046346
0.0463459
0.0463459
0.0463459
0.0463459
0.0463459
0.0463459
0.0463459
0.0463459
0.0463459
0.0463458
0.0463458
0.0463458
0.0463457
0.0463457
0.0463456
0.0463455
0.0463453
0.0463452
0.046345
0.0463448
0.0463447
0.0463445
0.0463444
0.0463443
0.0463442
0.0463441
0.0463441
0.046344
0.046344
0.046344
0.0463441
0.0463441
0.0463442
0.0463443
0.0463444
0.0463445
0.0463446
0.0463447
0.0463448
0.0463449
0.0463449
0.0463449
0.0463449
0.0463448
0.0463448
0.0463447
0.0463447
0.0463446
0.0463445
0.0463443
0.0463442
0.0463441
0.0463439
0.0463438
0.0463437
0.0463436
0.0463434
0.0463433
0.0463431
0.0463429
0.0463427
0.0463425
0.0463423
0.0463421
0.0463419
0.0463417
0.0463415
0.0463413
0.0463411
0.0463409
0.0463407
0.0463405
0.0463403
0.0463401
0.0463399
0.0463397
0.0463395
0.0463392
0.046339
0.0463387
0.0463385
0.0463382
0.046338
0.0463377
0.0463375
0.0463372
0.046337
0.0463368
0.0463367
0.0463364
0.0463362
0.046336
0.0463358
0.0463356
0.0463354
0.0463352
0.0463349
0.0463347
0.0463344
0.0463342
0.0463339
0.0463336
0.0463333
0.046333
0.0463328
0.0463325
0.0463323
0.046332
0.0463318
0.0463315
0.0463313
0.046331
0.0463307
0.0463304
0.04633
0.0463297
0.0463293
0.0463289
0.0463286
0.0463282
0.0463278
0.0463274
0.046327
0.0463265
0.0463261
0.0463256
0.0463251
0.0463246
0.0463241
0.0463235
0.046323
0.0463225
0.046322
0.0463215
0.046321
0.0463206
0.0463201
0.0463196
0.0463192
0.0463188
0.0463184
0.0463179
0.0463174
0.046317
0.0463165
0.0463161
0.0463156
0.0463152
0.0463148
0.0463144
0.0463139
0.0463135
0.0463131
0.0463126
0.0463121
0.0463116
0.0463111
0.0463105
0.0463099
0.0463092
0.0463086
0.0463079
0.0463073
0.0463066
0.0463059
0.0463052
0.0463045
0.0463039
0.0463032
0.0463025
0.0463019
0.0463012
0.0463005
0.0462999
0.0462993
0.0462986
0.046298
0.0462973
0.0462967
0.046296
0.0462954
0.0462947
0.0462941
0.0462935
0.0462929
0.0462924
0.0462919
0.0462914
0.046291
0.0462906
0.0462902
0.0462898
0.0462894
0.0462891
0.0462888
0.0462885
0.0462881
0.0462877
0.0462873
0.0462869
0.0462864
0.046286
0.0462856
0.0462852
0.0462848
0.0462845
0.0462841
0.0462837
0.0462833
0.0462829
0.0462826
0.0462823
0.0462819
0.0462816
0.0462813
0.0462809
0.0462806
0.0462803
0.04628
0.0462797
0.0462793
0.046279
0.0462786
0.0462782
0.0462778
0.0462774
0.046277
0.0462767
0.0462763
0.046276
0.0462757
0.0462755
0.0462753
0.0462751
0.0462749
0.0462747
0.0462746
0.0462745
0.0462744
0.0462742
0.0462741
0.046274
0.0462739
0.0462738
0.0462737
0.0462735
0.0462734
0.0462733
0.0462731
0.046273
0.0462729
0.0462728
0.0462727
0.0462725
0.0462724
0.0462722
0.0462721
0.0462719
0.0462718
0.0462716
0.0462714
0.0462713
0.0462712
0.0462711
0.046271
0.046271
0.0462709
0.0462708
0.0462708
0.0462708
0.0462708
0.0462707
0.0462707
0.0462707
0.0462707
0.0462707
0.0462707
0.0462706
0.0462706
0.0462705
0.0462704
0.0462704
0.0462703
0.0462702
0.0462701
0.04627
0.0462698
0.0462697
0.0462695
0.0462694
0.0462692
0.0462691
0.0462689
0.0462688
0.0462687
0.0462686
0.0462684
0.0462682
0.046268
0.0462679
0.0462445
0.0462146
0.0461852
0.0461553
0.0461193
0.0460772
0.0460413
0.0460054
0.04597
0.0459408
0.0459056
0.0458765
0.0458354
0.0458004
0.0457655
0.0457245
0.0456902
0.0456373
0.045591
0.0455328
0.045486
0.0454391
0.0453983
0.0453514
0.0453052
0.0452584
0.0452116
0.0451649
0.0451121
0.045066
0.0450193
0.0449666
0.0449079
0.0448487
0.0447901
0.0447202
0.0446558
0.0445796
0.0445212
0.0444629
0.044404
0.0443517
0.0442883
0.0442303
0.044173
0.0441092
0.0440572
0.0440116
0.0439662
0.0439142
0.0438696
0.0438192
0.0437746
0.0437302
0.0436924
0.0436487
0.0436175
0.043574
0.0435313
0.0434944
0.0434459
0.0434033
0.0433615
0.0433192
0.0432777
0.0432478
0.0432122
0.0431767
0.043147
0.0431115
0.0430762
0.043035
0.0429997
0.0429645
0.0429235
0.0428948
0.0428605
0.0428321
0.0428103
0.0427828
0.0427611
0.0427281
0.0427017
0.0426866
0.0426659
0.0426412
0.0426222
0.0426091
0.0425845
0.0425779
0.0425657
0.0425545
0.0425498
0.042545
0.0425291
0.042531
0.0425329
0.0425291
0.0425368
0.0425386
0.0425389
0.0425456
0.0425486
0.0425516
0.0425547
0.042558
0.0425731
0.0425881
0.0425914
0.0426176
0.0426211
0.0426429
0.0426528
0.0426628
0.0426847
0.0427009
0.0427235
0.0427333
0.0427443
0.0427607
0.0427725
0.0427901
0.042813
0.0428312
0.0428666
0.0428847
0.0428976
0.0429167
0.0429422
0.042973
0.0430163
0.0430532
0.043084
0.0431094
0.0431391
0.0431662
0.043198
0.0432273
0.0432689
0.0432992
0.0433362
0.0433739
0.0434003
0.0434381
0.0434811
0.0435127
0.0435331
0.0435653
0.0435851
0.0436167
0.0436537
0.0437121
0.0437378
0.0437738
0.0438054
0.0438373
0.0438689
0.0439008
0.0439199
0.0439449
0.0439741
0.0440103
0.0440455
0.0440818
0.0441122
0.0441422
0.0441717
0.0441952
0.0442308
0.0442604
0.0442901
0.0443203
0.0443497
0.0443683
0.044398
0.0444269
0.0444567
0.0444913
0.0445154
0.0445447
0.0445743
0.0445978
0.0446272
0.0446617
0.0447007
0.0447292
0.0447634
0.0447983
0.0448179
0.0448369
0.0448557
0.0448849
0.0449272
0.0449508
0.0449773
0.0450009
0.0450144
0.0450267
0.0450399
0.0450577
0.0450936
0.0451727
0.0452111
0.0452392
0.045262
0.0452863
0.0453392
0.0453769
0.0453925
0.0454348
0.0454584
0.0455029
0.0455641
0.0455646
0.0455894
0.045607
0.0456288
0.0456607
0.0456832
0.0457037
0.0457186
0.0457419
0.0457497
0.0457691
0.0457794
0.0457999
0.0458234
0.0458407
0.0458408
0.0458317
0.0458273
0.0458323
0.0458484
0.0458513
0.0458566
0.0458468
0.0458508
0.0458495
0.0458576
0.0458586
0.0458558
0.0458462
0.0458553
0.0458437
0.0458471
0.0458502
0.0458521
0.0458658
0.0458613
0.0458794
0.0458805
0.0458778
0.0458732
0.0458688
0.0458709
0.0458726
0.0458804
0.045884
0.0458807
0.045884
0.0458811
0.0458843
0.0458913
0.0458942
0.0459021
0.0459098
0.0459181
0.0459174
0.0459169
0.0459166
0.0459203
0.0459362
0.0459442
0.0459514
0.0459684
0.0459724
0.0459762
0.0459801
0.0459839
0.0459914
0.046003
0.0460111
0.0460221
0.0460333
0.0460454
0.0460576
0.0460614
0.0460687
0.0460807
0.0460839
0.0460961
0.0461082
0.0461165
0.0461239
0.0461326
0.0461449
0.0461524
0.0461636
0.0461749
0.0461866
0.0461899
0.046205
0.0462125
0.0462237
0.0462352
0.0462512
0.0462662
0.0462805
0.0462906
0.0463009
0.0463108
0.0463174
0.0463239
0.0463304
0.0463344
0.0463364
0.0463435
0.0463545
0.0463614
0.0463712
0.046381
0.0463907
0.0464046
0.0464107
0.0464244
0.0464381
0.0464478
0.0464656
0.0464787
0.046495
0.0465051
0.0465185
0.0465243
0.0465415
0.0465585
0.0465754
0.0465852
0.0466054
0.0466331
0.0466469
0.0466679
0.0466834
0.0466886
0.0466987
0.0467087
0.046711
0.0467236
0.0467292
0.0467455
0.046762
0.0467807
0.0467928
0.0468085
0.0468271
0.0468426
0.0468614
0.0468733
0.0468886
0.0469068
0.0469217
0.0469328
0.0469434
0.0469545
0.046965
0.0469694
0.0469766
0.046973
0.0469706
0.0469599
0.0469416
0.0469201
0.0468973
0.0468691
0.0468361
0.0468016
0.0467652
0.0467301
0.0466896
0.0466505
0.0466117
0.046574
0.0465367
0.0465099
0.046483
0.046463
0.0464351
0.046414
0.0464029
0.0463835
0.0463595
0.0463411
0.0463216
0.046312
0.0462924
0.0462791
0.0462711
0.0462598
0.046249
0.0462384
0.0462307
0.0462267
0.0462189
0.0462156
0.0462107
0.0462063
0.0462043
0.0462095
0.0462105
0.0462154
0.0462158
0.0462232
0.0462269
0.0462335
0.0462362
0.0462419
0.0462506
0.0462554
0.0462563
0.046264
0.0462651
0.0462653
0.0462625
0.0462556
0.0462489
0.0462387
0.0462277
0.0462134
0.0461988
0.0461842
0.0461693
0.0461472
0.0461289
0.0461142
0.0460896
0.0460688
0.0460476
0.0460233
0.0459989
0.0459749
0.045947
0.0459187
0.0458909
0.045859
0.04583
0.0458009
0.0457716
0.0457425
0.0457134
0.0456841
0.045658
0.0456288
0.0455961
0.0455703
0.0455445
0.0455151
0.0454956
0.0454697
0.0454479
0.0454262
0.045401
0.0453826
0.0453619
0.045344
0.0453295
0.0453114
0.0452974
0.0452863
0.0452718
0.0452609
0.0452505
0.0452402
0.0452301
0.0452239
0.0452174
0.0452078
0.0451954
0.0451834
0.0451752
0.0451603
0.0451486
0.045138
0.0451205
0.0451102
0.045097
0.0450771
0.0450641
0.0450462
0.0450282
0.0450132
0.0449951
0.0449796
0.0449618
0.0449413
0.0449209
0.0449072
0.0448848
0.0448675
0.044849
0.0448321
0.0448117
0.0447815
0.0447643
0.0447391
0.0447168
0.0446885
0.0446673
0.044644
0.0446292
0.044616
0.0445949
0.0445809
0.04456
0.0445367
0.0445106
0.0444848
0.0444613
0.044433
0.0444072
0.0443842
0.0443655
0.0443395
0.0443129
0.0442867
0.0442616
0.0442395
0.0442176
0.0441959
0.0441672
0.0441425
0.0441176
0.0440923
0.0440702
0.0440492
0.0440249
0.0440033
0.043979
0.0439483
0.0439209
0.0438903
0.0438598
0.0438296
0.0437965
0.0437631
0.0437295
0.0436961
0.0436598
0.0436257
0.043588
0.0435489
0.043506
0.0434632
0.0434242
0.0433786
0.0433398
0.0432972
0.0432577
0.0432123
0.0431762
0.0431368
0.043092
0.0430513
0.0430094
0.0429688
0.0429244
0.0428867
0.0428457
0.0428106
0.0427695
0.0427348
0.0426965
0.0426617
0.0426245
0.0425863
0.0425519
0.0425174
0.0424831
0.0424551
0.0424235
0.0423932
0.0423616
0.0423377
0.0423072
0.0422831
0.0422563
0.0422324
0.0422019
0.0421749
0.0421481
0.0421242
0.0421038
0.0420774
0.0420559
0.0420322
0.0420082
0.0419845
0.0419606
0.0419398
0.0419177
0.0418939
0.0418668
0.0418445
0.0418197
0.0417935
0.0417677
0.0417416
0.0417184
0.0416926
0.0416633
0.0416365
0.0416098
0.0416066
0.0416035
0.0416004
0.0415973
0.0415942
0.0415911
0.0415881
0.0415851
0.0415821
0.0415792
0.0415763
0.0415734
0.0415706
0.0415679
0.0415652
0.0415625
0.0415599
0.0415574
0.0415549
0.0415525
0.0415502
0.0415479
0.0415457
0.0415436
0.0415415
0.0415395
0.0415375
0.0415356
0.0415338
0.041532
0.0415301
0.0415283
0.0415265
0.0415247
0.041523
0.0415212
0.0415195
0.0415178
0.041516
0.0415143
0.0415127
0.041511
0.0415093
0.0415077
0.041506
0.0415044
0.0415028
0.0415012
0.0414997
0.0414982
0.0414968
0.0414954
0.0414941
0.0414928
0.0414916
0.0414903
0.0414892
0.0414881
0.041487
0.041486
0.0414851
0.0414842
0.0414835
0.0414827
0.0414821
0.0414814
0.0414809
0.0414804
0.04148
0.0414797
0.0414795
0.0414793
0.0414792
0.0414792
0.0414793
0.0414794
0.0414795
0.0414797
0.0414799
0.0414801
0.0414804
0.0414808
0.0414811
0.0414815
0.041482
0.0414824
0.0414827
0.0414831
0.0414835
0.0414839
0.0414843
0.0414847
0.0414851
0.0414856
0.0414861
0.0414866
0.0414872
0.0414878
0.0414885
0.0414892
0.0414899
0.0414907
0.0414916
0.0414925
0.0414935
0.0414946
0.0414957
0.0414969
0.0414981
0.0414993
0.0415006
0.041502
0.0415033
0.0415047
0.0415062
0.0415077
0.0415092
0.0415107
0.0415123
0.0415139
0.0415156
0.0415173
0.041519
0.0415208
0.0415227
0.0415246
0.0415265
0.0415285
0.0415304
0.0415325
0.0415345
0.0415366
0.0415388
0.041541
0.0415432
0.0415455
0.0415479
0.0415503
0.0415525
0.0415547
0.041557
0.0415592
0.0415615
0.0415637
0.0415659
0.0415681
0.0415703
0.0415724
0.0415745
0.0415766
0.0415787
0.0415808
0.0415827
0.0415847
0.0415866
0.0415884
0.0415903
0.0415921
0.0415938
0.0415956
0.0415973
0.041599
0.0416007
0.0416023
0.041604
0.0416056
0.0416072
0.0416088
0.0416103
0.0416117
0.0416132
0.0416146
0.041616
0.0416174
0.0416188
0.0416201
0.0416213
0.0416225
0.0416237
0.0416248
0.0416259
0.041627
0.041628
0.041629
0.0416299
0.0416308
0.0416316
0.0416324
0.0416331
0.0416338
0.0416344
0.041635
0.0416355
0.0416361
0.0416366
0.0416371
0.0416376
0.0416381
0.0416385
0.0416389
0.0416393
0.0416396
0.0416399
0.0416401
0.0416403
0.0416404
0.0416404
0.0416404
0.0416404
0.0416403
0.0416402
0.04164
0.0416397
0.0416394
0.041639
0.0416386
0.041638
0.0416375
0.0416369
0.0416362
0.0416355
0.0416347
0.0416339
0.0416331
0.0416323
0.0416315
0.0416307
0.0416298
0.0416289
0.041628
0.041627
0.041626
0.041625
0.041624
0.041623
0.041622
0.041621
0.0416199
0.0416188
0.0416177
0.0416168
0.0416158
0.0416148
0.0416137
0.0416127
0.0416116
0.0416104
0.0416092
0.041608
0.0416068
0.0416055
0.0416041
0.0416028
0.0416014
0.0416
0.0415986
0.0415971
0.0415956
0.0415941
0.0415926
0.0415911
0.0415896
0.0415881
0.0415865
0.041585
0.0415834
0.0415818
0.0415802
0.0415785
0.0415769
0.0415753
0.0415736
0.0415719
0.0415701
0.0415684
0.0415666
0.0415648
0.041563
0.0415612
0.0415594
0.0415577
0.0415559
0.0415541
0.0415524
0.0415506
0.0415488
0.041547
0.0415453
0.0415435
0.0415417
0.04154
0.0415383
0.0415366
0.0415349
0.0415333
0.0415316
0.04153
0.0415283
0.0415266
0.0415249
0.0415232
0.0415215
0.0415198
0.0415181
0.0415165
0.0415149
0.0415134
0.0415119
0.0415104
0.041509
0.0415076
0.0415063
0.0415049
0.0415036
0.0415023
0.0415011
0.0414998
0.0414987
0.0414975
0.0414965
0.0414954
0.0414944
0.0414935
0.0414926
0.0414918
0.0414911
0.0414903
0.0414896
0.041489
0.0414884
0.0414878
0.0414872
0.0414867
0.0414862
0.0414857
0.0414852
0.0414848
0.0414844
0.041484
0.0414836
0.0414832
0.0414829
0.0414826
0.0414824
0.0414822
0.041482
0.0414818
0.0414816
0.0414815
0.0414814
0.0414812
0.0414811
0.041481
0.0414809
0.0414808
0.0414807
0.0414807
0.0414806
0.0414806
0.0414806
0.0414806
0.0414807
0.0414808
0.0414809
0.0414811
0.0414812
0.0414814
0.0414816
0.0414817
0.0414819
0.041482
0.0414822
0.0414824
0.0414827
0.0414829
0.0414831
0.0414833
0.0414836
0.0414838
0.0414841
0.0414843
0.0414846
0.0414849
0.0414851
0.0414854
0.0414858
0.0414861
0.0414864
0.0414868
0.0414871
0.0414875
0.0414879
0.0414883
0.0414887
0.0414891
0.0414896
0.04149
0.0414905
0.0414909
0.0414913
0.0414918
0.0414923
0.0414928
0.0414933
0.0414938
0.0414943
0.0414948
0.0414954
0.0414959
0.0414965
0.041497
0.0414976
0.0414981
0.0414986
0.0414991
0.0414996
0.0415001
0.0415006
0.0415012
0.0415017
0.0415022
0.0415027
0.0415032
0.0415038
0.0415043
0.0415049
0.0415056
0.0415062
0.0415068
0.0415074
0.041508
0.0415087
0.0415094
0.0415101
0.0415108
0.0415115
0.0415122
0.041513
0.0415137
0.0415145
0.0415153
0.0415161
0.0415168
0.0415175
0.0415182
0.0415188
0.0415195
0.0415202
0.0415209
0.0415216
0.0415224
0.0415231
0.0415238
0.0415246
0.0415254
0.0415262
0.0415271
0.0415279
0.0415288
0.0415298
0.0415307
0.0415316
0.0415325
0.0415335
0.0415344
0.0415354
0.0415364
0.0415375
0.0415385
0.0415397
0.0415408
0.041542
0.0415432
0.0415135
0.0414666
0.0414378
0.0414026
0.0413624
0.0413275
0.0412932
0.0412527
0.0412122
0.0411717
0.0411378
0.0410911
0.0410565
0.0410213
0.0409926
0.0409519
0.0409176
0.0408948
0.0408663
0.0408323
0.040804
0.0407637
0.0407299
0.0407017
0.0406736
0.0406336
0.0406113
0.0405833
0.0405555
0.0405213
0.0404936
0.0404596
0.0404256
0.0404036
0.0403698
0.0403415
0.0403133
0.0402852
0.0402626
0.04024
0.0402175
0.0401894
0.040167
0.0401343
0.0401079
0.040076
0.04006
0.0400384
0.0400114
0.0399899
0.0399748
0.0399589
0.0399493
0.0399335
0.0399145
0.0399057
0.0398858
0.0398722
0.0398586
0.0398513
0.0398376
0.0398184
0.039811
0.0397972
0.0397834
0.0397812
0.0397791
0.039778
0.0397741
0.0397718
0.0397687
0.0397613
0.0397564
0.0397593
0.0397567
0.0397596
0.0397569
0.0397641
0.0397649
0.0397603
0.0397672
0.0397703
0.0397725
0.0397753
0.0397663
0.0397627
0.039759
0.0397551
0.039751
0.0397522
0.0397542
0.0397667
0.039773
0.0397746
0.0397798
0.0397848
0.0397905
0.0397958
0.039801
0.0398061
0.0397995
0.0398104
0.0398088
0.0398078
0.0398005
0.0398045
0.0398031
0.0398067
0.0398101
0.0398134
0.0398216
0.0398358
0.0398444
0.0398529
0.0398672
0.0398752
0.0398944
0.0399091
0.0399236
0.0399265
0.0399467
0.0399554
0.0399691
0.0399948
0.040002
0.04001
0.040029
0.0400478
0.040055
0.0400561
0.040057
0.0400638
0.0400644
0.0400647
0.040071
0.0400769
0.0400767
0.0400815
0.0400862
0.0400855
0.0400958
0.0400999
0.0400989
0.0401028
0.0400955
0.0400939
0.0400863
0.0400787
0.0400769
0.0400809
0.0400789
0.0400769
0.0400748
0.0400827
0.0400744
0.0400778
0.0400802
0.0400825
0.0400736
0.0400645
0.0400561
0.0400417
0.0400263
0.0400166
0.0400069
0.039997
0.0399862
0.0399694
0.0399634
0.0399524
0.0399354
0.0399233
0.0399121
0.0398951
0.039878
0.0398608
0.0398387
0.0398216
0.0398045
0.0397874
0.0397595
0.0397364
0.0397193
0.0397024
0.0396963
0.0396744
0.0396584
0.0396416
0.0396198
0.0395948
0.0395758
0.0395518
0.0395319
0.0395102
0.0394805
0.0394615
0.039437
0.0394175
0.0393929
0.0393733
0.0393535
0.0393426
0.0393239
0.0393045
0.03928
0.0392595
0.0392332
0.039235
0.0392145
0.0391739
0.0391651
0.0391466
0.0391176
0.0390847
0.0390665
0.0390442
0.039022
0.0390047
0.0389923
0.0389846
0.0389701
0.0389693
0.0389547
0.0389374
0.0389153
0.0388948
0.0388745
0.0388572
0.03884
0.0388198
0.0388004
0.0387802
0.038765
0.0387451
0.0387252
0.038695
0.0386753
0.0386417
0.0386147
0.0385841
0.038559
0.0385401
0.0385151
0.0384934
0.0384671
0.0384398
0.0384207
0.0384027
0.0383837
0.0383646
0.0383401
0.0383213
0.0383071
0.0382835
0.038259
0.0382311
0.0382124
0.0381892
0.0381605
0.0381318
0.0381087
0.0380868
0.0380559
0.0380341
0.038008
0.0379795
0.0379456
0.0379173
0.037879
0.037851
0.0378128
0.0377793
0.0377514
0.037719
0.0376856
0.0376523
0.0376145
0.0375776
0.0375399
0.0374977
0.037461
0.0374234
0.0373911
0.0373492
0.0373115
0.0372739
0.0372325
0.0371909
0.0371484
0.0371069
0.0370613
0.0370201
0.0369834
0.0369467
0.0369154
0.0368788
0.0368424
0.0368005
0.0367598
0.0367235
0.0366829
0.0366411
0.0366051
0.0365732
0.0365318
0.0364947
0.0364579
0.0364179
0.0363812
0.0363457
0.0363049
0.0362654
0.0362355
0.0362004
0.0361707
0.0361411
0.0361157
0.0360853
0.0360559
0.0360311
0.0360065
0.0359779
0.0359494
0.0359209
0.0358874
0.0358583
0.0358358
0.0358112
0.0357877
0.0357642
0.035745
0.0357312
0.0357083
0.0356892
0.0356662
0.0356485
0.03563
0.0356114
0.035598
0.0355846
0.0355713
0.0355478
0.0355295
0.0355165
0.0355035
0.0354855
0.0354687
0.0354611
0.0354529
0.035456
0.035449
0.0354408
0.0354381
0.0354312
0.0354247
0.0354182
0.0354106
0.0353993
0.0353879
0.0353807
0.0353686
0.0353614
0.0353533
0.0353513
0.0353485
0.0353444
0.0353415
0.0353284
0.0353243
0.0353216
0.0353192
0.0353177
0.0353115
0.0353053
0.0352991
0.0352981
0.0352959
0.0352941
0.0352972
0.0353004
0.0353025
0.0353059
0.035308
0.0353106
0.0353182
0.0353256
0.0353283
0.0353358
0.0353387
0.0353415
0.0353483
0.0353512
0.035353
0.0353598
0.0353677
0.0353746
0.0353865
0.0353896
0.0353913
0.0353983
0.0354015
0.0354133
0.035419
0.0354259
0.0354317
0.0354326
0.0354384
0.0354446
0.0354491
0.035458
0.0354716
0.0354765
0.0354828
0.0354878
0.0355018
0.0355072
0.0355112
0.0355164
0.0355219
0.0355272
0.0355361
0.0355328
0.0355377
0.0355379
0.0355428
0.035543
0.0355394
0.0355357
0.0355368
0.0355368
0.0355414
0.0355425
0.0355474
0.0355522
0.0355582
0.0355591
0.035564
0.0355687
0.0355734
0.035583
0.035584
0.0355899
0.035595
0.0355996
0.0356044
0.0356055
0.0356101
0.0356149
0.035611
0.0356159
0.0356206
0.0356218
0.0356315
0.0356327
0.0356373
0.0356433
0.0356445
0.0356455
0.0356467
0.0356491
0.0356551
0.0356575
0.0356514
0.0356538
0.0356479
0.0356422
0.0356411
0.0356354
0.0356261
0.0356252
0.0356198
0.0356191
0.0356174
0.0356133
0.0356071
0.0356043
0.0355996
0.0355947
0.0355865
0.0355824
0.035578
0.0355738
0.0355696
0.0355575
0.0355515
0.0355458
0.0355438
0.0355454
0.0355399
0.0355366
0.0355414
0.0355425
0.0355366
0.0355387
0.0355329
0.0355236
0.0355261
0.0355205
0.035516
0.0355154
0.035511
0.0355138
0.0355165
0.035511
0.0355103
0.0355096
0.0355046
0.0354991
0.0354943
0.0354861
0.0354851
0.0354796
0.0354744
0.0354695
0.0354681
0.0354753
0.0354762
0.0354769
0.0354845
0.0354929
0.0354885
0.035489
0.0354882
0.0354889
0.0354868
0.0354879
0.0354802
0.0354848
0.0354852
0.0354842
0.0354849
0.0354888
0.0354926
0.0354942
0.035495
0.0354967
0.0354975
0.0354979
0.0354952
0.0354961
0.0354982
0.0354985
0.0355047
0.0355119
0.0355151
0.0355148
0.0355122
0.0355112
0.0355183
0.0355091
0.0355109
0.03551
0.0354945
0.0354903
0.0354891
0.0354878
0.035479
0.035478
0.035481
0.0354842
0.0354784
0.035477
0.0354761
0.0354761
0.0354762
0.0354765
0.0354766
0.0354802
0.0354765
0.0354761
0.0354799
0.0354763
0.0354738
0.0354747
0.0354754
0.0354769
0.0354744
0.0354733
0.0354725
0.0354761
0.0354811
0.0354804
0.03548
0.0354782
0.0354827
0.0354767
0.0354753
0.0354694
0.0354691
0.035468
0.0354711
0.0354665
0.0354729
0.0354731
0.0354733
0.0354717
0.0354704
0.0354678
0.0354652
0.0354629
0.0354678
0.0354658
0.0354706
0.0354754
0.035477
0.0354714
0.0354807
0.0354801
0.0354823
0.0354851
0.0354906
0.0354928
0.0354945
0.0354983
0.0354986
0.035506
0.0355079
0.0355087
0.0355123
0.0355163
0.0355246
0.0355283
0.0355219
0.0355301
0.0355334
0.0355347
0.0355403
0.0355493
0.0355625
0.0355712
0.0355866
0.0355993
0.035612
0.035629
0.0356418
0.0356476
0.0356577
0.0356772
0.0356904
0.0357021
0.0357173
0.0357342
0.0357512
0.0357643
0.0357742
0.0357879
0.0357982
0.0358187
0.0358325
0.0358547
0.0358658
0.0358923
0.0359095
0.0359236
0.0359378
0.0359545
0.0359727
0.0359931
0.0360156
0.0360359
0.0360654
0.0360854
0.0361089
0.0361301
0.0361469
0.0361707
0.0361904
0.0362063
0.0362267
0.0362475
0.0362732
0.0362908
0.0363156
0.0363575
0.0364005
0.0364518
0.0365114
0.0365719
0.0366376
0.0367074
0.0367818
0.0368395
0.0368987
0.0369774
0.0370538
0.0371329
0.0371997
0.0372794
0.037349
0.0374277
0.0375035
0.0375913
0.0376887
0.0377956
0.037896
0.0379797
0.0381014
0.038216
0.0383322
0.0384326
0.0385176
0.03863
0.0387458
0.0388519
0.0389505
0.0390536
0.0391427
0.0392333
0.0393309
0.0394372
0.0395341
0.0396395
0.0397339
0.0398294
0.0399207
0.0400174
0.0401075
0.0401758
0.0402439
0.0403062
0.0403662
0.040417
0.0404684
0.040517
0.0405618
0.0406031
0.0406436
0.0406772
0.0407065
0.0407295
0.0407498
0.0407699
0.0407782
0.0407871
0.0407901
0.0407878
0.0407794
0.0407708
0.0407595
0.0407445
0.0407262
0.0407053
0.0406898
0.0406716
0.0406537
0.0406324
0.0406122
0.0405946
0.0405769
0.0405567
0.0405394
0.0405191
0.0404987
0.0404781
0.0404577
0.0404402
0.0404227
0.0404057
0.040389
0.0403725
0.040353
0.0403345
0.0403186
0.0403031
0.0402879
0.0402728
0.0402605
0.0402428
0.0402284
0.0402142
0.0402003
0.0401866
0.0401757
0.0401624
0.0401492
0.0401364
0.0401263
0.0401139
0.0401041
0.0400921
0.0400862
0.0400747
0.0400634
0.0400524
0.0400416
0.0400308
0.0400205
0.0400103
0.0400002
0.0399905
0.0399809
0.0399691
0.0399601
0.0399513
0.0399428
0.0399315
0.0399235
0.0399158
0.0399084
0.0399012
0.0398887
0.0398821
0.0398759
0.03987
0.0398618
0.0398556
0.0398466
0.0398409
0.0398355
0.0398303
0.0398254
0.0398208
0.0398164
0.0398155
0.0398117
0.0398082
0.039805
0.0398022
0.0397996
0.0397974
0.0397956
0.039794
0.0397929
0.0397921
0.0397917
0.0397917
0.0397923
0.0397959
0.0397973
0.0397992
0.0398015
0.0398042
0.0398074
0.0398109
0.0398149
0.0398191
0.0398238
0.0398287
0.0398339
0.0398361
0.0398418
0.0398477
0.0398538
0.0398569
0.0398635
0.0398702
0.0398766
0.0398837
0.0398879
0.0398922
0.0399
0.0399048
0.0399125
0.039921
0.0399266
0.0399325
0.0399413
0.0399511
0.0399578
0.0399708
0.0399781
0.0399884
0.0399997
0.0400108
0.0400227
0.0400376
0.0400469
0.0400626
0.0400784
0.0400919
0.0401086
0.0401221
0.0401392
0.0401542
0.0401686
0.0401839
0.040199
0.0402148
0.0402306
0.0402471
0.0402666
0.0402802
0.0402971
0.0403167
0.040334
0.0403537
0.040371
0.0403909
0.040411
0.0404284
0.0404486
0.0404689
0.0404891
0.0405095
0.0405298
0.0405503
0.0405708
0.0405914
0.040612
0.0406327
0.0406559
0.0406768
0.0406978
0.0407215
0.0407427
0.040764
0.0407882
0.0408098
0.040834
0.0408558
0.0408802
0.0409022
0.0409243
0.0409491
0.0409714
0.0409937
0.0410161
0.0410386
0.0410612
0.0410836
0.0411061
0.0411228
0.0411426
0.041165
0.0411815
0.0412011
0.0412208
0.0412371
0.0412533
0.0412695
0.041289
0.0413051
0.0413213
0.0413374
0.0413509
0.041367
0.041383
0.041399
0.0414123
0.0414282
0.0414442
0.0414574
0.0414733
0.0414897
0.0415054
0.0415218
0.0415381
0.0415571
0.0415733
0.0415895
0.0416088
0.0416248
0.0416433
0.0416591
0.0416773
0.0416929
0.041711
0.0417264
0.0417443
0.041763
0.0417782
0.0417993
0.0418142
0.0418326
0.0418503
0.0418686
0.0418862
0.0419044
0.0419251
0.0419432
0.0419639
0.0419818
0.0419992
0.0420172
0.0420319
0.0420523
0.0420669
0.042084
0.0421016
0.0421184
0.0421325
0.0421491
0.0421656
0.0421821
0.042199
0.0422152
0.0422312
0.0422445
0.0422602
0.0422733
0.0422888
0.0423075
0.0423228
0.0423354
0.0423505
0.0423687
0.0423835
0.0423982
0.042416
0.0424305
0.0424482
0.0424625
0.0424799
0.042494
0.0425111
0.0425282
0.042542
0.0425588
0.0425757
0.0425924
0.0426091
0.0426226
0.0426393
0.0426559
0.0426692
0.0426856
0.042702
0.042715
0.0427337
0.0427465
0.0427623
0.0427749
0.0427905
0.0428027
0.0428154
0.0428273
0.0428391
0.0428508
0.042865
0.0428764
0.0428844
0.0428956
0.0429066
0.0429175
0.0429282
0.0429389
0.0429494
0.0429598
0.0429701
0.0429803
0.0429931
0.0430031
0.0430131
0.0430199
0.0430298
0.0430396
0.0430521
0.0430619
0.0430716
0.0430813
0.0430934
0.0430997
0.0431087
0.0431176
0.0431262
0.0431316
0.04314
0.0431483
0.0431532
0.0431612
0.0431685
0.0431763
0.0431805
0.0431845
0.0431941
0.0431978
0.0432038
0.0432071
0.0432128
0.0432185
0.0432212
0.0432263
0.0432312
0.0432361
0.0432406
0.0432449
0.043249
0.0432531
0.0432536
0.0432572
0.0432632
0.0432633
0.0432638
0.0432635
0.0432632
0.04326
0.0432595
0.0432527
0.043246
0.0432388
0.0432317
0.0432209
0.0432132
0.0432021
0.0431875
0.0431761
0.0431611
0.043146
0.0431308
0.0431127
0.043097
0.043081
0.0430618
0.0430448
0.0430251
0.043005
0.0429848
0.0429644
0.0429406
0.0429197
0.0429013
0.0428768
0.0428547
0.0428325
0.0428068
0.0427899
0.0427665
0.0427429
0.0427158
0.0426879
0.0426598
0.0426318
0.0426069
0.0425752
0.0425459
0.0425141
0.0424812
0.0424516
0.0424221
0.0423925
0.0423593
0.0423223
0.0422851
0.0422443
0.0422066
0.0421759
0.0421338
0.0420856
0.0420464
0.042007
0.0419708
0.0419379
0.0419097
0.041877
0.0418435
0.0418107
0.0417743
0.0417439
0.0417133
0.0416795
0.0416455
0.0416114
0.0415805
0.0415462
0.0415152
0.0414843
0.0414496
0.0414115
0.041377
0.0413419
0.0413104
0.0412744
0.041239
0.0412033
0.0411743
0.0411452
0.0411116
0.0410848
0.0410614
0.0410276
0.0409937
0.0409624
0.0409308
0.0409056
0.0408724
0.040846
0.0408198
0.0407897
0.040766
0.0407449
0.0407235
0.0406986
0.0406739
0.0406544
0.0406357
0.0406162
0.040603
0.0405853
0.0405647
0.0405506
0.0405355
0.040514
0.0404926
0.0404711
0.040446
0.0404308
0.040412
0.0403952
0.0403821
0.0403641
0.0403511
0.040336
0.0403199
0.0402997
0.0402832
0.0402693
0.0402595
0.0402488
0.0402353
0.0402266
0.0402149
0.040212
0.040199
0.0401888
0.0401847
0.0401784
0.0401781
0.0401645
0.0401578
0.0401549
0.0401513
0.0401528
0.0401493
0.0401512
0.0401477
0.0401435
0.0401284
0.0401234
0.0401282
0.0401293
0.0401375
0.0401429
0.0401405
0.0401422
0.0401433
0.0401474
0.0401448
0.0401462
0.0401442
0.0401464
0.0401426
0.0401441
0.040142
0.0401471
0.0401563
0.0401553
0.0401543
0.0401575
0.0401671
0.0401728
0.0401858
0.0401919
0.0401847
0.0401888
0.0401922
0.0402032
0.0402031
0.0402135
0.0402172
0.0402205
0.0402203
0.0402233
0.0402299
0.0402329
0.040233
0.0402329
0.0402341
0.0402413
0.0402453
0.0402447
0.0402402
0.0402336
0.0402337
0.0402334
0.0402437
0.0402435
0.0402514
0.0402473
0.0402396
0.0402262
0.0402184
0.0402182
0.0402219
0.040226
0.0402264
0.0402235
0.0402162
0.0402168
0.0402218
0.0402148
0.0402127
0.0402099
0.0402069
0.0402036
0.0401931
0.0401951
0.040182
0.0401681
0.0401631
0.0401578
0.0401563
0.0401423
0.0401329
0.0401242
0.040107
0.0401028
0.0400975
0.0400887
0.0400757
0.0400593
0.0400468
0.0400299
0.0400175
0.0400054
0.0399814
0.0399653
0.0399404
0.0399243
0.0399123
0.0399007
0.0398899
0.0398698
0.0398422
0.0398228
0.0398036
0.0397883
0.0397737
0.0397556
0.0397282
0.0397059
0.0396746
0.0396563
0.0396433
0.0396256
0.0396039
0.0395686
0.0395434
0.0395177
0.039497
0.0394763
0.039451
0.0394262
0.0393933
0.0393643
0.0393357
0.039321
0.0392976
0.0392649
0.0392411
0.0392042
0.0391718
0.0391489
0.039126
0.0390936
0.0390668
0.0390209
0.0389896
0.0389641
0.0389435
0.0389134
0.0388829
0.0388432
0.0388192
0.0387957
0.0387612
0.0387465
0.0387129
0.0386943
0.0386723
0.0386609
0.0386284
0.0386114
0.0385797
0.038563
0.0385328
0.0385022
0.0384728
0.0384686
0.0384393
0.0384304
0.0384063
0.0383822
0.0383695
0.0383566
0.0383534
0.0383606
0.0383538
0.0383324
0.0383173
0.0383071
0.0383015
0.038302
0.0383028
0.0382985
0.0382942
0.0382909
0.0382965
0.0382979
0.0383042
0.0383009
0.0382932
0.0382761
0.0382841
0.0382985
0.0383296
0.0383389
0.0383378
0.0383311
0.0383346
0.0383546
0.0383531
0.0383411
0.0383358
0.0383349
0.0383444
0.0383544
0.0383487
0.0383434
0.0383586
0.0383728
0.0383677
0.0383736
0.0383844
0.0383946
0.0384177
0.0384348
0.0384358
0.0384472
0.0384642
0.0384925
0.0385208
0.0385441
0.0385636
0.0385759
0.0385779
0.0385964
0.0386088
0.0386382
0.0386746
0.0386849
0.0387099
0.0387352
0.0387611
0.0387875
0.0388101
0.0388426
0.038863
0.0388949
0.0389209
0.0389538
0.0389752
0.0389918
0.0390194
0.0390418
0.0390697
0.0390915
0.0391249
0.0391465
0.0391634
0.0391859
0.0392147
0.0392427
0.0392709
0.0392929
0.0393157
0.039333
0.0393613
0.0393841
0.0394092
0.0394344
0.0394415
0.039459
0.0394723
0.0394896
0.0395127
0.0395364
0.0395659
0.0395834
0.0395952
0.039607
0.0396195
0.039625
0.0396489
0.0396729
0.0396911
0.0397029
0.0397025
0.0397091
0.0397151
0.0397088
0.0397211
0.0397392
0.0397456
0.0397514
0.0397571
0.0397511
0.0397451
0.0397448
0.0397386
0.0397447
0.0397501
0.0397438
0.0397308
0.0397244
0.0397119
0.0396987
0.0396862
0.0396801
0.0396668
0.0396469
0.03964
0.0396198
0.0396002
0.0395812
0.0395614
0.0395416
0.0395092
0.0394826
0.0394486
0.0394218
0.0394022
0.0393885
0.0393821
0.039349
0.0393291
0.0393091
0.0392824
0.0392557
0.0392355
0.039222
0.0391949
0.0391611
0.0391345
0.0390943
0.0390607
0.0390344
0.0390141
0.0390065
0.0389787
0.0389575
0.0389301
0.0388891
0.0388548
0.0388271
0.0388001
0.0387736
0.0387396
0.0387124
0.0386918
0.0386772
0.0386434
0.0386151
0.0385874
0.0385465
0.0385125
0.0384851
0.0384515
0.0384239
0.0383901
0.0383561
0.038335
0.0383139
0.0382857
0.0382643
0.0382427
0.0382218
0.0382001
0.038179
0.0381578
0.0381366
0.0381222
0.0381008
0.0380854
0.0380707
0.0380746
0.038066
0.0380442
0.0380548
0.0380459
0.0380308
0.0380156
0.037994
0.0379717
0.0379569
0.0379357
0.0379138
0.0379111
0.0379009
0.0378976
0.0378934
0.0379031
0.0378925
0.0378968
0.0378872
0.0378839
0.0378798
0.0378694
0.037859
0.0378611
0.0378701
0.0378651
0.0378608
0.037862
0.0378575
0.03786
0.037849
0.037857
0.0378396
0.0378418
0.0378497
0.0378645
0.0378571
0.0378688
0.0378811
0.0378869
0.0378945
0.0378951
0.037909
0.0379224
0.0379554
0.0379617
0.0379872
0.0379999
0.0380131
0.0380187
0.0380185
0.0380375
0.0380566
0.038082
0.0381005
0.0381124
0.0381243
0.0381427
0.0381482
0.0381671
0.0381996
0.0382186
0.0382511
0.0382636
0.0382689
0.038282
0.0382809
0.0382939
0.0383067
0.0383131
0.0383264
0.0383333
0.0383466
0.0383468
0.0383541
0.038368
0.0383823
0.0383967
0.0384175
0.0384384
0.0384526
0.0384596
0.0384665
0.0384808
0.0384674
0.0384744
0.0384819
0.0384691
0.0384761
0.0384833
0.0384902
0.0385043
0.0385177
0.0385316
0.038545
0.0385447
0.038552
0.0385593
0.0385595
0.0385663
0.0385736
0.0385813
0.0385955
0.0385956
0.0385961
0.0386096
0.0386031
0.0385962
0.0386035
0.038611
0.0386044
0.0386118
0.0386121
0.0386195
0.038627
0.0386274
0.0386417
0.0386425
0.0386358
0.0386361
0.0386302
0.038624
0.0386384
0.0386322
0.038626
0.0386264
0.0386338
0.0386408
0.0386618
0.0386625
0.0386694
0.0386835
0.0386912
0.0386988
0.0386996
0.0387006
0.0387092
0.0387172
0.0387257
0.0387272
0.0387357
0.0387371
0.0387456
0.0387471
0.0387488
0.0387575
0.0387665
0.0387683
0.0387771
0.0387856
0.0387945
0.0387961
0.0388046
0.0388134
0.0388152
0.0388165
0.0388181
0.0388196
0.0388143
0.0388157
0.03881
0.0388046
0.0387918
0.0387801
0.0387737
0.0387479
0.0387347
0.0387282
0.0387146
0.0387074
0.0387003
0.0386666
0.0386596
0.0386386
0.0386243
0.0386099
0.0385892
0.0385751
0.0385543
0.0385402
0.0385123
0.0385048
0.0384906
0.0384763
0.0384553
0.0384342
0.0384202
0.0384061
0.0383851
0.0383643
0.0383435
0.0383226
0.0382951
0.0382676
0.0382404
0.0382127
0.0381852
0.0381574
0.0381301
0.0380958
0.0380613
0.0380476
0.0380197
0.0379856
0.0379646
0.0379438
0.0379092
0.0378818
0.0378472
0.0378127
0.0377784
0.0377509
0.0377163
0.037675
0.0376338
0.0375926
0.037558
0.0375168
0.0374754
0.0374479
0.0374064
0.0373716
0.0373372
0.0372894
0.037255
0.0372206
0.0371726
0.0371316
0.0370976
0.0370501
0.037009
0.0369616
0.0369276
0.036887
0.0368393
0.0367988
0.0367648
0.0367179
0.0366703
0.0366297
0.0365886
0.0365478
0.0365068
0.0364724
0.0364442
0.0364163
0.0363682
0.0363397
0.0363047
0.0362697
0.0362346
0.0361924
0.0361502
0.0361145
0.0360786
0.0360426
0.0360001
0.035957
0.035921
0.0358846
0.035855
0.0358118
0.0357813
0.0357452
0.0357081
0.0356776
0.0356476
0.0356241
0.0355805
0.0355502
0.0355202
0.03549
0.0354919
0.0354938
0.0354956
0.0354974
0.0354992
0.035501
0.0355027
0.0355044
0.0355061
0.0355078
0.0355095
0.0355112
0.0355129
0.0355145
0.0355161
0.0355177
0.0355193
0.0355208
0.0355225
0.0355241
0.0355257
0.0355273
0.035529
0.0355307
0.0355323
0.0355339
0.0355356
0.0355372
0.0355387
0.0355403
0.0355419
0.0355435
0.0355451
0.0355467
0.0355483
0.0355498
0.0355514
0.0355529
0.0355544
0.0355559
0.0355575
0.035559
0.0355605
0.035562
0.0355635
0.0355651
0.0355666
0.0355681
0.0355697
0.0355712
0.0355727
0.0355742
0.0355757
0.0355772
0.0355787
0.0355802
0.0355817
0.0355832
0.0355847
0.0355863
0.0355879
0.0355894
0.0355911
0.0355928
0.0355945
0.0355962
0.0355979
0.0355997
0.0356015
0.0356033
0.0356052
0.035607
0.0356089
0.0356108
0.0356127
0.0356149
0.035617
0.0356192
0.0356214
0.0356236
0.0356258
0.035628
0.0356303
0.0356325
0.0356348
0.035637
0.0356393
0.0356415
0.0356438
0.0356461
0.0356483
0.0356506
0.0356528
0.0356551
0.0356572
0.0356594
0.0356615
0.0356636
0.0356657
0.0356677
0.0356698
0.0356719
0.0356739
0.035676
0.0356781
0.0356801
0.0356822
0.0356842
0.0356863
0.0356883
0.0356903
0.0356923
0.0356942
0.0356961
0.035698
0.0356998
0.0357017
0.0357035
0.0357053
0.0357071
0.0357089
0.0357107
0.0357125
0.0357143
0.0357161
0.0357178
0.0357195
0.0357211
0.0357228
0.0357244
0.035726
0.0357276
0.0357292
0.0357309
0.0357325
0.0357342
0.0357358
0.0357374
0.035739
0.0357406
0.0357422
0.0357437
0.0357452
0.0357467
0.0357482
0.0357497
0.0357512
0.0357528
0.0357543
0.0357558
0.0357572
0.0357587
0.0357601
0.0357614
0.0357627
0.035764
0.0357652
0.0357663
0.0357675
0.0357686
0.0357696
0.0357707
0.0357717
0.0357727
0.0357737
0.0357748
0.0357758
0.0357768
0.0357779
0.0357789
0.0357799
0.0357809
0.0357818
0.0357828
0.0357837
0.0357846
0.0357854
0.0357863
0.035787
0.0357878
0.0357885
0.0357892
0.0357899
0.0357906
0.0357913
0.0357919
0.0357926
0.0357933
0.0357941
0.0357949
0.0357957
0.0357964
0.0357972
0.035798
0.0357988
0.0357996
0.0358003
0.0358011
0.0358018
0.0358025
0.0358032
0.0358039
0.0358046
0.0358052
0.0358058
0.0358064
0.0358071
0.0358077
0.0358083
0.0358088
0.0358094
0.03581
0.0358106
0.0358113
0.0358119
0.0358125
0.0358132
0.0358138
0.0358145
0.0358152
0.0358159
0.0358166
0.0358174
0.0358182
0.0358189
0.0358198
0.0358206
0.0358214
0.0358223
0.0358231
0.035824
0.0358249
0.0358258
0.0358266
0.0358275
0.0358285
0.0358294
0.0358303
0.0358313
0.0358323
0.0358333
0.0358343
0.0358353
0.0358362
0.0358372
0.0358381
0.035839
0.0358399
0.0358407
0.0358416
0.0358425
0.0358433
0.0358442
0.035845
0.0358459
0.0358468
0.0358476
0.0358485
0.0358493
0.0358501
0.0358509
0.0358518
0.0358526
0.0358534
0.0358542
0.035855
0.0358559
0.0358567
0.0358575
0.0358583
0.0358591
0.0358599
0.0358606
0.0358614
0.0358622
0.0358629
0.0358637
0.0358644
0.0358651
0.0358658
0.0358666
0.0358673
0.035868
0.0358688
0.0358695
0.0358702
0.035871
0.0358717
0.0358725
0.0358732
0.035874
0.0358748
0.0358756
0.0358764
0.0358771
0.0358777
0.0358783
0.0358788
0.0358794
0.0358799
0.0358804
0.0358809
0.0358813
0.0358817
0.0358821
0.0358825
0.0358828
0.0358832
0.0358834
0.0358837
0.0358839
0.035884
0.0358841
0.0358842
0.0358842
0.0358843
0.0358843
0.0358844
0.0358844
0.0358845
0.0358846
0.0358847
0.0358849
0.035885
0.0358851
0.0358852
0.0358854
0.0358856
0.0358859
0.0358861
0.0358862
0.0358864
0.0358865
0.0358866
0.0358867
0.0358868
0.0358869
0.0358869
0.0358869
0.035887
0.035887
0.035887
0.035887
0.0358871
0.0358871
0.0358871
0.0358871
0.0358871
0.035887
0.0358869
0.0358868
0.0358866
0.0358865
0.0358863
0.0358861
0.0358859
0.0358857
0.0358855
0.0358853
0.035885
0.0358847
0.0358844
0.035884
0.0358837
0.0358833
0.0358829
0.0358825
0.0358822
0.0358818
0.0358813
0.0358809
0.0358804
0.03588
0.0358795
0.0358791
0.0358787
0.0358783
0.0358778
0.0358774
0.035877
0.0358766
0.0358761
0.0358757
0.0358753
0.0358748
0.0358744
0.0358739
0.0358735
0.0358731
0.0358727
0.0358724
0.035872
0.0358717
0.0358714
0.0358711
0.0358708
0.0358704
0.0358701
0.0358698
0.0358694
0.035869
0.0358686
0.0358683
0.035868
0.0358677
0.0358674
0.0358671
0.0358668
0.0358665
0.0358663
0.0358661
0.0358658
0.0358656
0.0358654
0.0358652
0.035865
0.0358647
0.0358645
0.0358642
0.0358639
0.0358637
0.0358634
0.035863
0.0358627
0.0358624
0.0358621
0.0358618
0.0358615
0.0358613
0.035861
0.0358608
0.0358606
0.0358603
0.0358601
0.0358599
0.0358596
0.0358594
0.0358591
0.0358587
0.0358583
0.0358579
0.0358575
0.035857
0.0358565
0.0358559
0.0358554
0.0358548
0.0358542
0.0358536
0.035853
0.0358524
0.0358519
0.0358513
0.0358509
0.0358506
0.0358503
0.03585
0.0358497
0.0358494
0.035849
0.0358486
0.0358482
0.0358478
0.0358474
0.035847
0.0358466
0.0358462
0.0358458
0.0358454
0.0358451
0.0358447
0.0358445
0.0358442
0.0358439
0.0358436
0.0358433
0.035843
0.0358427
0.0358425
0.0358422
0.0358419
0.0358416
0.0358413
0.0358409
0.0358405
0.0358401
0.0358396
0.0358392
0.0358388
0.0358384
0.035838
0.0358377
0.0358373
0.035837
0.0358367
0.0358364
0.0358361
0.0358358
0.0358354
0.0358351
0.0358348
0.0358345
0.0358342
0.0358339
0.0358336
0.0358332
0.0358329
0.0358325
0.0358322
0.0358318
0.0358314
0.035831
0.0358307
0.0358304
0.0358301
0.0358298
0.0358295
0.0358292
0.0358288
0.0358284
0.035828
0.0358276
0.0358272
0.0358267
0.0358263
0.0358259
0.0358254
0.035825
0.0358246
0.0358242
0.0358237
0.0358232
0.0358227
0.0358222
0.0358217
0.0358211
0.0358206
0.0358201
0.0358195
0.0358191
0.0358186
0.0358182
0.0358178
0.0358175
0.0358171
0.0358167
0.0358163
0.0358159
0.0358155
0.0358151
0.0358147
0.0358144
0.035814
0.0358136
0.0358132
0.0358129
0.0358125
0.0358121
0.0358117
0.0358113
0.0358109
0.0358104
0.0358099
0.0358095
0.035809
0.0358086
0.0358082
0.0358078
0.0358075
0.0358071
0.0358066
0.0358062
0.0358058
0.0358054
0.0358049
0.0358045
0.035804
0.0358035
0.035803
0.0358025
0.0358019
0.0358013
0.0358007
0.0358
0.0357993
0.0357986
0.0357979
0.0357972
0.0357964
0.0357957
0.035795
0.0357943
0.0357936
0.0357929
0.0357922
0.0357915
0.0357908
0.0357902
0.0357895
0.0357887
0.035788
0.0357873
0.0357866
0.0357859
0.0357851
0.0357844
0.0357836
0.0357829
0.0357821
0.0357814
0.0357806
0.0357799
0.0357792
0.0357784
0.0357776
0.0357768
0.0357759
0.0357751
0.0357743
0.0357735
0.0357727
0.0357719
0.0357711
0.0357702
0.0357694
0.0357685
0.0357677
0.0357669
0.0357661
0.0357652
0.0357644
0.0357636
0.0357628
0.035762
0.0357612
0.0357604
0.0357596
0.0357588
0.0357581
0.0357574
0.0357567
0.035756
0.0357553
0.0357546
0.0357539
0.0357533
0.0357526
0.035752
0.0357513
0.0357507
0.0357501
0.0357495
0.035749
0.0357484
0.0357478
0.0357471
0.0357465
0.0357457
0.0357451
0.0357444
0.0357437
0.035743
0.0357424
0.0357417
0.0357411
0.0357404
0.0357399
0.0357393
0.0357387
0.0357381
0.0357375
0.0357369
0.0357364
0.0357359
0.0357354
0.0357349
0.0357345
0.0357341
0.0357336
0.0357333
0.0357329
