-0.13329
-0.13329
-0.13329
-0.13329
-0.13329
-0.13329
-0.13329
-0.13329
-0.13329
-0.13329
-0.13329
-0.13329
-0.13329
-0.133289
-0.133289
-0.133289
-0.133289
-0.133289
-0.133289
-0.133288
-0.133288
-0.133288
-0.133288
-0.133288
-0.133288
-0.133288
-0.133287
-0.133287
-0.133287
-0.133287
-0.133287
-0.133287
-0.133287
-0.133287
-0.133287
-0.133286
-0.133286
-0.133286
-0.133286
-0.133286
-0.133285
-0.133285
-0.133285
-0.133285
-0.133285
-0.133285
-0.133284
-0.133284
-0.133284
-0.133284
-0.133284
-0.133283
-0.133283
-0.133283
-0.133283
-0.133283
-0.133282
-0.133282
-0.133282
-0.133282
-0.133282
-0.133281
-0.133281
-0.133281
-0.133281
-0.133281
-0.133281
-0.13328
-0.13328
-0.13328
-0.13328
-0.13328
-0.13328
-0.133279
-0.133279
-0.133279
-0.133279
-0.133279
-0.133278
-0.133278
-0.133278
-0.133278
-0.133278
-0.133278
-0.133277
-0.133277
-0.133277
-0.133277
-0.133277
-0.133277
-0.133277
-0.133277
-0.133277
-0.133277
-0.133277
-0.133276
-0.133276
-0.133276
-0.133276
-0.133276
-0.133276
-0.133276
-0.133276
-0.133276
-0.133276
-0.133276
-0.133277
-0.133277
-0.133277
-0.133277
-0.133277
-0.133277
-0.133277
-0.133278
-0.133278
-0.133278
-0.133278
-0.133278
-0.133278
-0.133278
-0.133278
-0.133278
-0.133278
-0.133278
-0.133278
-0.133278
-0.133278
-0.133278
-0.133278
-0.133278
-0.133278
-0.133278
-0.133278
-0.133278
-0.133278
-0.133278
-0.133278
-0.133278
-0.133278
-0.133278
-0.133278
-0.133278
-0.133277
-0.133277
-0.133277
-0.133277
-0.133277
-0.133277
-0.133277
-0.133277
-0.133276
-0.133276
-0.133276
-0.133276
-0.133276
-0.133275
-0.133275
-0.133275
-0.133275
-0.133275
-0.133274
-0.133274
-0.133274
-0.133274
-0.133274
-0.133274
-0.133273
-0.133273
-0.133273
-0.133273
-0.133273
-0.133272
-0.133272
-0.133272
-0.133272
-0.133272
-0.133272
-0.133271
-0.133271
-0.133271
-0.133271
-0.133271
-0.133271
-0.133271
-0.133271
-0.133271
-0.133271
-0.133271
-0.133271
-0.133271
-0.133271
-0.133271
-0.133271
-0.133271
-0.133272
-0.133272
-0.133272
-0.133272
-0.133272
-0.133272
-0.133272
-0.133272
-0.133272
-0.133273
-0.133273
-0.133273
-0.133273
-0.133273
-0.133273
-0.133273
-0.133274
-0.133274
-0.133274
-0.133274
-0.133274
-0.133274
-0.133274
-0.133274
-0.133274
-0.133274
-0.133274
-0.133274
-0.133274
-0.133274
-0.133274
-0.133274
-0.133274
-0.133273
-0.133273
-0.133273
-0.133273
-0.133273
-0.133273
-0.133273
-0.133272
-0.133272
-0.133272
-0.133272
-0.133271
-0.133271
-0.133271
-0.133271
-0.13327
-0.13327
-0.13327
-0.133269
-0.133269
-0.133269
-0.133269
-0.133269
-0.133268
-0.133268
-0.133268
-0.133267
-0.133267
-0.133267
-0.133266
-0.133266
-0.133265
-0.133265
-0.133265
-0.133264
-0.133264
-0.133263
-0.133263
-0.133262
-0.133262
-0.133261
-0.133261
-0.13326
-0.13326
-0.133259
-0.133259
-0.133258
-0.133258
-0.133257
-0.133257
-0.133256
-0.133255
-0.133255
-0.133254
-0.133254
-0.133253
-0.133252
-0.133252
-0.133251
-0.133251
-0.13325
-0.13325
-0.133249
-0.133249
-0.133248
-0.133248
-0.133247
-0.133247
-0.133246
-0.133246
-0.133245
-0.133245
-0.133244
-0.133244
-0.133243
-0.133243
-0.133242
-0.133242
-0.133242
-0.133241
-0.133241
-0.13324
-0.13324
-0.133239
-0.133239
-0.133239
-0.133238
-0.133238
-0.133237
-0.133237
-0.133236
-0.133236
-0.133236
-0.133235
-0.133235
-0.133234
-0.133233
-0.133233
-0.133232
-0.133232
-0.133231
-0.13323
-0.133229
-0.133229
-0.133228
-0.133227
-0.133226
-0.133226
-0.133225
-0.133224
-0.133223
-0.133223
-0.133222
-0.133221
-0.13322
-0.13322
-0.133219
-0.133218
-0.133218
-0.133217
-0.133216
-0.133216
-0.133215
-0.133215
-0.133214
-0.133213
-0.133213
-0.133212
-0.133212
-0.133211
-0.133211
-0.13321
-0.133209
-0.133209
-0.133208
-0.133208
-0.133207
-0.133206
-0.133206
-0.133205
-0.133205
-0.133204
-0.133204
-0.133203
-0.133202
-0.133202
-0.133201
-0.133201
-0.1332
-0.1332
-0.133199
-0.133199
-0.133198
-0.133198
-0.133197
-0.133196
-0.133196
-0.133195
-0.133195
-0.133195
-0.133194
-0.133194
-0.133194
-0.133193
-0.133193
-0.133193
-0.133193
-0.133193
-0.133193
-0.133192
-0.133192
-0.133192
-0.133192
-0.133192
-0.133193
-0.133193
-0.133193
-0.133193
-0.133193
-0.133193
-0.133194
-0.133194
-0.133194
-0.133194
-0.133194
-0.133194
-0.133195
-0.133195
-0.133195
-0.133195
-0.133195
-0.133196
-0.133196
-0.133196
-0.133196
-0.133196
-0.133196
-0.133196
-0.133196
-0.133196
-0.133196
-0.133196
-0.133196
-0.133196
-0.133196
-0.133196
-0.133196
-0.133196
-0.133196
-0.133196
-0.133196
-0.133196
-0.133196
-0.133196
-0.133196
-0.133196
-0.133196
-0.133196
-0.133196
-0.133196
-0.133196
-0.133196
-0.133196
-0.133196
-0.133196
-0.133196
-0.133196
-0.133196
-0.133196
-0.133196
-0.133196
-0.133196
-0.133196
-0.133195
-0.133195
-0.133195
-0.133195
-0.133195
-0.133195
-0.133195
-0.133195
-0.133195
-0.133195
-0.133194
-0.133194
-0.133194
-0.133194
-0.133194
-0.133194
-0.133193
-0.133193
-0.133193
-0.133193
-0.133193
-0.133193
-0.133193
-0.133192
-0.133192
-0.133192
-0.133192
-0.133192
-0.133192
-0.133192
-0.133192
-0.133191
-0.133191
-0.133191
-0.133191
-0.13319
-0.13319
-0.13319
-0.133189
-0.133189
-0.133189
-0.133188
-0.133188
-0.133187
-0.133187
-0.133187
-0.133186
-0.133186
-0.133185
-0.133185
-0.133184
-0.133183
-0.133183
-0.133182
-0.133182
-0.133181
-0.13318
-0.133179
-0.133179
-0.133178
-0.133177
-0.133176
-0.133176
-0.133175
-0.133174
-0.133173
-0.133172
-0.133171
-0.13317
-0.133169
-0.133168
-0.133167
-0.133166
-0.133165
-0.133164
-0.133163
-0.133162
-0.133161
-0.13316
-0.133159
-0.133158
-0.133157
-0.133156
-0.133155
-0.133154
-0.133153
-0.133152
-0.13315
-0.133149
-0.133148
-0.133147
-0.133146
-0.133145
-0.133144
-0.133143
-0.133142
-0.133142
-0.133141
-0.13314
-0.133139
-0.133138
-0.133137
-0.133137
-0.133136
-0.133135
-0.133135
-0.133134
-0.133134
-0.133133
-0.133133
-0.133132
-0.133132
-0.133132
-0.133131
-0.133131
-0.133131
-0.13313
-0.13313
-0.13313
-0.13313
-0.13313
-0.133129
-0.133129
-0.133129
-0.133129
-0.133129
-0.133129
-0.133129
-0.133129
-0.13313
-0.13313
-0.13313
-0.13313
-0.133131
-0.133131
-0.133131
-0.133132
-0.133132
-0.133133
-0.133133
-0.133133
-0.133134
-0.133135
-0.133135
-0.133136
-0.133136
-0.133137
-0.133138
-0.133139
-0.133139
-0.13314
-0.133141
-0.133142
-0.133143
-0.133144
-0.133145
-0.133146
-0.133147
-0.133147
-0.133148
-0.133149
-0.13315
-0.133151
-0.133152
-0.133153
-0.133154
-0.133155
-0.133156
-0.133157
-0.133158
-0.133159
-0.13316
-0.133161
-0.133162
-0.133163
-0.133164
-0.133166
-0.133167
-0.133168
-0.133169
-0.13317
-0.133172
-0.133173
-0.133174
-0.133175
-0.133177
-0.133178
-0.133179
-0.133181
-0.133182
-0.133183
-0.133184
-0.133185
-0.133187
-0.133188
-0.133189
-0.13319
-0.133191
-0.133192
-0.133193
-0.133194
-0.133195
-0.133197
-0.133198
-0.133199
-0.1332
-0.133201
-0.133202
-0.133203
-0.133204
-0.133205
-0.133206
-0.133207
-0.133208
-0.133209
-0.13321
-0.133211
-0.133212
-0.133213
-0.133214
-0.133215
-0.133216
-0.133217
-0.133218
-0.133219
-0.13322
-0.13322
-0.133221
-0.133222
-0.133223
-0.133224
-0.133225
-0.133226
-0.133226
-0.133227
-0.133228
-0.133229
-0.13323
-0.133231
-0.133232
-0.133233
-0.133234
-0.133235
-0.133236
-0.133237
-0.133238
-0.133239
-0.13324
-0.133241
-0.133242
-0.133243
-0.133244
-0.133245
-0.133246
-0.133247
-0.133248
-0.133249
-0.13325
-0.133251
-0.133252
-0.133253
-0.133254
-0.133255
-0.133256
-0.133257
-0.133258
-0.133259
-0.133259
-0.13326
-0.133261
-0.133262
-0.133263
-0.133264
-0.133264
-0.133265
-0.133266
-0.133267
-0.133267
-0.133268
-0.133269
-0.133269
-0.13327
-0.133271
-0.133271
-0.133272
-0.133273
-0.133273
-0.133274
-0.133274
-0.133275
-0.133275
-0.133276
-0.133276
-0.133277
-0.133278
-0.133278
-0.133279
-0.133279
-0.13328
-0.133281
-0.133281
-0.133282
-0.133283
-0.133283
-0.133284
-0.133285
-0.133285
-0.133286
-0.133287
-0.133287
-0.133288
-0.133289
-0.133289
-0.13329
-0.133291
-0.133291
-0.133292
-0.133293
-0.133293
-0.133294
-0.133294
-0.133295
-0.133296
-0.133296
-0.133297
-0.133297
-0.133298
-0.133298
-0.133299
-0.133299
-0.1333
-0.1333
-0.133301
-0.133301
-0.133302
-0.133302
-0.133303
-0.133303
-0.133304
-0.133304
-0.133305
-0.133305
-0.133306
-0.133306
-0.133307
-0.133307
-0.133308
-0.133308
-0.133309
-0.133309
-0.13331
-0.13331
-0.133311
-0.133311
-0.133312
-0.133312
-0.133313
-0.133313
-0.133314
-0.133314
-0.133315
-0.133315
-0.133316
-0.133316
-0.133317
-0.133317
-0.133318
-0.133318
-0.133319
-0.13332
-0.13332
-0.133321
-0.133321
-0.133322
-0.133322
-0.133323
-0.133323
-0.133324
-0.133324
-0.133325
-0.133325
-0.133326
-0.133326
-0.133326
-0.133327
-0.133327
-0.133328
-0.133328
-0.133328
-0.133329
-0.133329
-0.13333
-0.13333
-0.13333
-0.133331
-0.133331
-0.133331
-0.133332
-0.133332
-0.133333
-0.133333
-0.133333
-0.133334
-0.133334
-0.133335
-0.133335
-0.133336
-0.133336
-0.133336
-0.133337
-0.133337
-0.133338
-0.133338
-0.133338
-0.133339
-0.133339
-0.133339
-0.13334
-0.13334
-0.133341
-0.133341
-0.133342
-0.133342
-0.133343
-0.133343
-0.133344
-0.133344
-0.133345
-0.133345
-0.133346
-0.133347
-0.133347
-0.133348
-0.133348
-0.133349
-0.133349
-0.13335
-0.13335
-0.133351
-0.133351
-0.133351
-0.133352
-0.133352
-0.133353
-0.133353
-0.133354
-0.133354
-0.133354
-0.133355
-0.133355
-0.133356
-0.133356
-0.133356
-0.133357
-0.133357
-0.133358
-0.133358
-0.133359
-0.133359
-0.133359
-0.13336
-0.13336
-0.133361
-0.133361
-0.133361
-0.133362
-0.133362
-0.133363
-0.133363
-0.133363
-0.133364
-0.133364
-0.133364
-0.133365
-0.133365
-0.133365
-0.133365
-0.133366
-0.133366
-0.133366
-0.133367
-0.133367
-0.133367
-0.133368
-0.133368
-0.133368
-0.133369
-0.133369
-0.133369
-0.13337
-0.13337
-0.133371
-0.133371
-0.133372
-0.133372
-0.133372
-0.133373
-0.133373
-0.133373
-0.133373
-0.133373
-0.133374
-0.133374
-0.133374
-0.133374
-0.133374
-0.133375
-0.133375
-0.133375
-0.133375
-0.133375
-0.133375
-0.133375
-0.133375
-0.133375
-0.133375
-0.133375
-0.133375
-0.133376
-0.133376
-0.133376
-0.133376
-0.133376
-0.133376
-0.133376
-0.133376
-0.133376
-0.133376
-0.133376
-0.133376
-0.133376
-0.133376
-0.133376
-0.133376
-0.133376
-0.133375
-0.133375
-0.133375
-0.133375
-0.133375
-0.133375
-0.133375
-0.133375
-0.133375
-0.133375
-0.133375
-0.133375
-0.133375
-0.133375
-0.133375
-0.133375
-0.133375
-0.133375
-0.133375
-0.133375
-0.133375
-0.133375
-0.133375
-0.133376
-0.133376
-0.133376
-0.133376
-0.133376
-0.133376
-0.133376
-0.133376
-0.133376
-0.133376
-0.133376
-0.133376
-0.133376
-0.133376
-0.133375
-0.133375
-0.133375
-0.133375
-0.133375
-0.133375
-0.133375
-0.133375
-0.133374
-0.133374
-0.133374
-0.133374
-0.133374
-0.133374
-0.133374
-0.133373
-0.133373
-0.133373
-0.133373
-0.133373
-0.133372
-0.133372
-0.133372
-0.133372
-0.133371
-0.133371
-0.13337
-0.13337
-0.13337
-0.133369
-0.133369
-0.133368
-0.133368
-0.133368
-0.133367
-0.133367
-0.133366
-0.133366
-0.133365
-0.133365
-0.133365
-0.133364
-0.133364
-0.133363
-0.133363
-0.133362
-0.133362
-0.133362
-0.133361
-0.133361
-0.13336
-0.13336
-0.133359
-0.133359
-0.133358
-0.133358
-0.133357
-0.133356
-0.133356
-0.133355
-0.133355
-0.133354
-0.133353
-0.133353
-0.133352
-0.133351
-0.133351
-0.13335
-0.133349
-0.133349
-0.133348
-0.133347
-0.133346
-0.133346
-0.133345
-0.133344
-0.133343
-0.133343
-0.133342
-0.133341
-0.13334
-0.13334
-0.133339
-0.133338
-0.133337
-0.133337
-0.133336
-0.133335
-0.133335
-0.133334
-0.133333
-0.133332
-0.133332
-0.133331
-0.13333
-0.133329
-0.133329
-0.133328
-0.133327
-0.133327
-0.133326
-0.133326
-0.133325
-0.133325
-0.133324
-0.133323
-0.133323
-0.133322
-0.133322
-0.133321
-0.13332
-0.13332
-0.133319
-0.133319
-0.133318
-0.133317
-0.133317
-0.133316
-0.133316
-0.133315
-0.133314
-0.133314
-0.133313
-0.133313
-0.133312
-0.133312
-0.133311
-0.13331
-0.13331
-0.133309
-0.133309
-0.133308
-0.133307
-0.133307
-0.133306
-0.133306
-0.133305
-0.133304
-0.133304
-0.133303
-0.133303
-0.133302
-0.133301
-0.133301
-0.1333
-0.1333
-0.133299
-0.133299
-0.133298
-0.133298
-0.133298
-0.133297
-0.133297
-0.133296
-0.133296
-0.133296
-0.133295
-0.133295
-0.133295
-0.133294
-0.133294
-0.133294
-0.133293
-0.133293
-0.133293
-0.133293
-0.133292
-0.133292
-0.133292
-0.133292
-0.133292
-0.133292
-0.133291
-0.133291
-0.133291
-0.133291
-0.133291
-0.13329
-0.13329
-0.13329
-0.13329
-0.13329
-0.13329
-0.133289
-0.133289
-0.133289
-0.133289
-0.133289
-0.133289
-0.133289
-0.133289
-0.133289
-0.133289
-0.133289
-0.133288
-0.133288
-0.133288
-0.133288
-0.133288
-0.133288
-0.133288
-0.133288
-0.133288
-0.133288
-0.133288
-0.133288
-0.133288
-0.133288
-0.133289
-0.133289
-0.133289
-0.133289
-0.133289
-0.133289
-0.133289
-0.133289
-0.133289
-0.133289
-0.133289
-0.133289
-0.133289
-0.13329
-0.13329
-0.13329
-0.13329
-0.13329
-0.13329
-0.13329
-0.133291
-0.133291
-0.133291
-0.133291
-0.133291
-0.133292
-0.133292
-0.133292
-0.133292
-0.133292
-0.133292
-0.133293
-0.133293
-0.133293
-0.133293
-0.133293
-0.133293
-0.133293
-0.133293
-0.133293
-0.133293
-0.133293
-0.133293
-0.133293
-0.133293
-0.133293
-0.133293
-0.133293
-0.133293
-0.133293
-0.133293
-0.133293
-0.133292
-0.133292
-0.133292
-0.133292
-0.133292
-0.133292
-0.133292
-0.133291
-0.133291
-0.133291
-0.133291
-0.133291
-0.133291
-0.133291
-0.133291
-0.133291
-0.133291
-0.133291
-0.13329
-0.13329
-0.13329
-0.13329
-0.13329
-0.13329
-0.13329
-0.13329
-0.13329
-0.13329
-0.13329
-0.13329
-0.13329
-0.13329
-0.13329
-0.133289
-0.133289
-0.133289
-0.133289
-0.133289
-0.133289
-0.133289
-0.133289
-0.133289
-0.133289
-0.133289
-0.133289
-0.133289
-0.133289
-0.133289
-0.133289
-0.133289
-0.133289
-0.133288
-0.133288
-0.133288
-0.133288
-0.133288
-0.133288
-0.133288
-0.133288
-0.133288
-0.133288
-0.133288
-0.133288
-0.133288
-0.133288
-0.133288
-0.133288
-0.133288
-0.133287
-0.133287
-0.133287
-0.133287
-0.133287
-0.133287
-0.133287
-0.133287
-0.133287
-0.133287
-0.133287
-0.133287
-0.133287
-0.133287
-0.133287
-0.133287
-0.133288
-0.133288
-0.133288
-0.133288
-0.133288
-0.133288
-0.133287
-0.133287
-0.133287
-0.133287
-0.133287
-0.133287
-0.133287
-0.133287
-0.133287
-0.133287
-0.133287
-0.133287
-0.133287
-0.133287
-0.133287
-0.133287
-0.133287
-0.133287
-0.133287
-0.133287
-0.133286
-0.133286
-0.133286
-0.133286
-0.133286
-0.133286
-0.133286
-0.133286
-0.133286
-0.133286
-0.133286
-0.133286
-0.133286
-0.133285
-0.133285
-0.133285
-0.133285
-0.133285
-0.133285
-0.133285
-0.133285
-0.133284
-0.133284
-0.133284
-0.133284
-0.133284
-0.133284
-0.133284
-0.133284
-0.133284
-0.133283
-0.133283
-0.133283
-0.133283
-0.133283
-0.133283
-0.133283
-0.133283
-0.133282
-0.133282
-0.133282
-0.133282
-0.133282
-0.133282
-0.133282
-0.133282
-0.133282
-0.133281
-0.133281
-0.133281
-0.133281
-0.13328
-0.13328
-0.13328
-0.13328
-0.133279
-0.133279
-0.133279
-0.133279
-0.133278
-0.133278
-0.133277
-0.133277
-0.133277
-0.133276
-0.133276
-0.133276
-0.133275
-0.133275
-0.133274
-0.133274
-0.133273
-0.133273
-0.133272
-0.133272
-0.133271
-0.133271
-0.13327
-0.13327
-0.133269
-0.133269
-0.133268
-0.133268
-0.133267
-0.133266
-0.133266
-0.133265
-0.133265
-0.133264
-0.133264
-0.133263
-0.133262
-0.133262
-0.133261
-0.133261
-0.13326
-0.133259
-0.133259
-0.133258
-0.133257
-0.133257
-0.133256
-0.133256
-0.133255
-0.133254
-0.133254
-0.133253
-0.133253
-0.133252
-0.133251
-0.133251
-0.13325
-0.133249
-0.133249
-0.133248
-0.133248
-0.133247
-0.133247
-0.133246
-0.133246
-0.133245
-0.133245
-0.133244
-0.133244
-0.133243
-0.133243
-0.133242
-0.133242
-0.133241
-0.133241
-0.13324
-0.13324
-0.133239
-0.133238
-0.133238
-0.133237
-0.133237
-0.133236
-0.133235
-0.133235
-0.133234
-0.133234
-0.133233
-0.133233
-0.133232
-0.133231
-0.133231
-0.13323
-0.13323
-0.133229
-0.133228
-0.133228
-0.133227
-0.133227
-0.133226
-0.133226
-0.133225
-0.133224
-0.133224
-0.133223
-0.133223
-0.133222
-0.133222
-0.133221
-0.13322
-0.13322
-0.133219
-0.133218
-0.133218
-0.133217
-0.133216
-0.133216
-0.133215
-0.133214
-0.133214
-0.133213
-0.133212
-0.133212
-0.133211
-0.13321
-0.13321
-0.133209
-0.133208
-0.133207
-0.133207
-0.133206
-0.133205
-0.133205
-0.133204
-0.133203
-0.133203
-0.133202
-0.133201
-0.1332
-0.1332
-0.133199
-0.133198
-0.133198
-0.133197
-0.133196
-0.133195
-0.133195
-0.133194
-0.133193
-0.133192
-0.133192
-0.133191
-0.13319
-0.133189
-0.133188
-0.133187
-0.133187
-0.133186
-0.133185
-0.133184
-0.133183
-0.133183
-0.133182
-0.133181
-0.13318
-0.13318
-0.133179
-0.133178
-0.133178
-0.133177
-0.133176
-0.133175
-0.133175
-0.133174
-0.133173
-0.133173
-0.133172
-0.133171
-0.13317
-0.13317
-0.133169
-0.133168
-0.133167
-0.133167
-0.133166
-0.133165
-0.133165
-0.133164
-0.133163
-0.133162
-0.133162
-0.133161
-0.13316
-0.133159
-0.133159
-0.133158
-0.133157
-0.133156
-0.133156
-0.133155
-0.133154
-0.133154
-0.133153
-0.133152
-0.133151
-0.133151
-0.13315
-0.133149
-0.133148
-0.133148
-0.133147
-0.133146
-0.133146
-0.133145
-0.133144
-0.133144
-0.133143
-0.133143
-0.133142
-0.133142
-0.133141
-0.13314
-0.13314
-0.133139
-0.133139
-0.133138
-0.133138
-0.133137
-0.133137
-0.133136
-0.133136
-0.133135
-0.133135
-0.133134
-0.133134
-0.133133
-0.133133
-0.133133
-0.133132
-0.133132
-0.133132
-0.133131
-0.133131
-0.133131
-0.13313
-0.13313
-0.13313
-0.133129
-0.133129
-0.133129
-0.133129
-0.133128
-0.133128
-0.133128
-0.133127
-0.133127
-0.133127
-0.133127
-0.133126
-0.133126
-0.133126
-0.133125
-0.133125
-0.133124
-0.133124
-0.133124
-0.133124
-0.133123
-0.133123
-0.133123
-0.133123
-0.133123
-0.133122
-0.133122
-0.133122
-0.133122
-0.133122
-0.133122
-0.133122
-0.133121
-0.133121
-0.133121
-0.133121
-0.133121
-0.133121
-0.133121
-0.133121
-0.133121
-0.133121
-0.133121
-0.133121
-0.133121
-0.133121
-0.133121
-0.133121
-0.133121
-0.133121
-0.133121
-0.133121
-0.133121
-0.133121
-0.133121
-0.13312
-0.13312
-0.13312
-0.13312
-0.13312
-0.133119
-0.133119
-0.133119
-0.133119
-0.133119
-0.133118
-0.133118
-0.133118
-0.133118
-0.133117
-0.133117
-0.133117
-0.133117
-0.133117
-0.133116
-0.133116
-0.133116
-0.133115
-0.133115
-0.133114
-0.133114
-0.133113
-0.133113
-0.133112
-0.133112
-0.133112
-0.133111
-0.133111
-0.13311
-0.13311
-0.13311
-0.133109
-0.133109
-0.133108
-0.133108
-0.133107
-0.133107
-0.133107
-0.133106
-0.133106
-0.133105
-0.133105
-0.133104
-0.133104
-0.133103
-0.133103
-0.133103
-0.133102
-0.133102
-0.133102
-0.133101
-0.133101
-0.133101
-0.133101
-0.133101
-0.133101
-0.1331
-0.1331
-0.1331
-0.1331
-0.1331
-0.133099
-0.133099
-0.133099
-0.133099
-0.133098
-0.133098
-0.133098
-0.133098
-0.133097
-0.133097
-0.133097
-0.133097
-0.133096
-0.133096
-0.133096
-0.133096
-0.133095
-0.133095
-0.133095
-0.133094
-0.133094
-0.133094
-0.133094
-0.133093
-0.133093
-0.133093
-0.133093
-0.133092
-0.133092
-0.133092
-0.133092
-0.133091
-0.133091
-0.133091
-0.133091
-0.13309
-0.13309
-0.13309
-0.13309
-0.13309
-0.133089
-0.133089
-0.133089
-0.133089
-0.133089
-0.133089
-0.133089
-0.133089
-0.133088
-0.133088
-0.133088
-0.133088
-0.133088
-0.133088
-0.133088
-0.133088
-0.133088
-0.133088
-0.133088
-0.133088
-0.133088
-0.133088
-0.133088
-0.133088
-0.133087
-0.133087
-0.133087
-0.133087
-0.133087
-0.133087
-0.133087
-0.133087
-0.133087
-0.133087
-0.133087
-0.133087
-0.133087
-0.133087
-0.133087
-0.133087
-0.133087
-0.133087
-0.133087
-0.133087
-0.133087
-0.133087
-0.133087
-0.133087
-0.133087
-0.133087
-0.133087
-0.133087
-0.133087
-0.133087
-0.133087
-0.133087
-0.133087
-0.133088
-0.133088
-0.133088
-0.133088
-0.133088
-0.133088
-0.133088
-0.133088
-0.133088
-0.133088
-0.133088
-0.133089
-0.133089
-0.133089
-0.133089
-0.133089
-0.133089
-0.133089
-0.133089
-0.133089
-0.133089
-0.133089
-0.133089
-0.13309
-0.13309
-0.13309
-0.13309
-0.13309
-0.13309
-0.13309
-0.13309
-0.133091
-0.133091
-0.133091
-0.133091
-0.133091
-0.133091
-0.133092
-0.133092
-0.133092
-0.133092
-0.133092
-0.133092
-0.133092
-0.133092
-0.133092
-0.133092
-0.133092
-0.133092
-0.133092
-0.133092
-0.133092
-0.133093
-0.133093
-0.133093
-0.133093
-0.133093
-0.133093
-0.133094
-0.133094
-0.133094
-0.133094
-0.133094
-0.133094
-0.133094
-0.133094
-0.133094
-0.133094
-0.133094
-0.133095
-0.133095
-0.133095
-0.133095
-0.133095
-0.133095
-0.133095
-0.133095
-0.133095
-0.133095
-0.133096
-0.133096
-0.133096
-0.133096
-0.133096
-0.133096
-0.133097
-0.133097
-0.133097
-0.133097
-0.133098
-0.133098
-0.133098
-0.133099
-0.133099
-0.133099
-0.1331
-0.1331
-0.1331
-0.133101
-0.133101
-0.133101
-0.133102
-0.133102
-0.133102
-0.133103
-0.133103
-0.133103
-0.133103
-0.133104
-0.133104
-0.133104
-0.133105
-0.133105
-0.133106
-0.133106
-0.133106
-0.133107
-0.133107
-0.133107
-0.133108
-0.133108
-0.133109
-0.133109
-0.133109
-0.13311
-0.13311
-0.133111
-0.133111
-0.133176
-0.133244
-0.133306
-0.133364
-0.13342
-0.133476
-0.133536
-0.133593
-0.133643
-0.133701
-0.133753
-0.133807
-0.13386
-0.133914
-0.133973
-0.134028
-0.134076
-0.134137
-0.134192
-0.134257
-0.134314
-0.134372
-0.134428
-0.134487
-0.134552
-0.134608
-0.134667
-0.134751
-0.13482
-0.134898
-0.134973
-0.135041
-0.135098
-0.135155
-0.135211
-0.135267
-0.13533
-0.13538
-0.135424
-0.135475
-0.135538
-0.135588
-0.135636
-0.135692
-0.13575
-0.135806
-0.135861
-0.135923
-0.135983
-0.136039
-0.136098
-0.136165
-0.136237
-0.136297
-0.136374
-0.136449
-0.136532
-0.136608
-0.136674
-0.136744
-0.136815
-0.136885
-0.136951
-0.137019
-0.137092
-0.137164
-0.137244
-0.137315
-0.137388
-0.137466
-0.13755
-0.137641
-0.137732
-0.137902
-0.137982
-0.138072
-0.13816
-0.138238
-0.138318
-0.138396
-0.138499
-0.138677
-0.13876
-0.138852
-0.138942
-0.139029
-0.139111
-0.139213
-0.139296
-0.139401
-0.139507
-0.13962
-0.139731
-0.139846
-0.139973
-0.140107
-0.140242
-0.140384
-0.140507
-0.140642
-0.140766
-0.140905
-0.141036
-0.141157
-0.14129
-0.141418
-0.141558
-0.141705
-0.141852
-0.142013
-0.14217
-0.142319
-0.142475
-0.142621
-0.142786
-0.142951
-0.143116
-0.143287
-0.143441
-0.143609
-0.143778
-0.143958
-0.144155
-0.144353
-0.144539
-0.144726
-0.144908
-0.1451
-0.145301
-0.145503
-0.145698
-0.145892
-0.146086
-0.146283
-0.146489
-0.1467
-0.1469
-0.147099
-0.1473
-0.14751
-0.147718
-0.147931
-0.148135
-0.148334
-0.148549
-0.148761
-0.148979
-0.149186
-0.149398
-0.149614
-0.149831
-0.150053
-0.150271
-0.15048
-0.150704
-0.150929
-0.151158
-0.151374
-0.151589
-0.151816
-0.152044
-0.152276
-0.152497
-0.152717
-0.152949
-0.153181
-0.153406
-0.153628
-0.153855
-0.154081
-0.154323
-0.154556
-0.154784
-0.155017
-0.155251
-0.155497
-0.155734
-0.155969
-0.156197
-0.156429
-0.156669
-0.156905
-0.15715
-0.157396
-0.157638
-0.15787
-0.158106
-0.158345
-0.15859
-0.158816
-0.159038
-0.159266
-0.15949
-0.159703
-0.159902
-0.160089
-0.16027
-0.160451
-0.160632
-0.160805
-0.160979
-0.161153
-0.16133
-0.161507
-0.161672
-0.161837
-0.161977
-0.162123
-0.162261
-0.162403
-0.16253
-0.162662
-0.16278
-0.162896
-0.162993
-0.163087
-0.163182
-0.163279
-0.163375
-0.163453
-0.163541
-0.163632
-0.163716
-0.163805
-0.163889
-0.163968
-0.164057
-0.164137
-0.164216
-0.164298
-0.164375
-0.164461
-0.164545
-0.164629
-0.16472
-0.164809
-0.164889
-0.16497
-0.165054
-0.165145
-0.165249
-0.165345
-0.165453
-0.165553
-0.165656
-0.165784
-0.165919
-0.166065
-0.166214
-0.166335
-0.166455
-0.166562
-0.166682
-0.166797
-0.166927
-0.167064
-0.167196
-0.167334
-0.167457
-0.167585
-0.167701
-0.16783
-0.167953
-0.168111
-0.16826
-0.168388
-0.168535
-0.168684
-0.16882
-0.168936
-0.169075
-0.169188
-0.169302
-0.169415
-0.169526
-0.169637
-0.169781
-0.170093
-0.170191
-0.170328
-0.170461
-0.170595
-0.170729
-0.170869
-0.171004
-0.171135
-0.171263
-0.1714
-0.171734
-0.171833
-0.171934
-0.172022
-0.172124
-0.172228
-0.172332
-0.172438
-0.172537
-0.172632
-0.172732
-0.172839
-0.17294
-0.173046
-0.173156
-0.173253
-0.173352
-0.17348
-0.173623
-0.173757
-0.17387
-0.173971
-0.174064
-0.174157
-0.174257
-0.174355
-0.174455
-0.174565
-0.174664
-0.174762
-0.174858
-0.174957
-0.175057
-0.175169
-0.175275
-0.175368
-0.17545
-0.175558
-0.175654
-0.175744
-0.17585
-0.175962
-0.176068
-0.176171
-0.176277
-0.176391
-0.176505
-0.176617
-0.176719
-0.176824
-0.176932
-0.177045
-0.177138
-0.177234
-0.177343
-0.177454
-0.177563
-0.177672
-0.17778
-0.177892
-0.178001
-0.178114
-0.178237
-0.178348
-0.178451
-0.178557
-0.178675
-0.178797
-0.178913
-0.179034
-0.179122
-0.179233
-0.179338
-0.17945
-0.179551
-0.179665
-0.179782
-0.179896
-0.180007
-0.180107
-0.18021
-0.180286
-0.180399
-0.180506
-0.180614
-0.180717
-0.180808
-0.18091
-0.181
-0.181105
-0.181206
-0.181283
-0.181382
-0.181476
-0.18156
-0.18164
-0.18174
-0.181809
-0.1819
-0.181994
-0.182089
-0.182177
-0.182248
-0.182326
-0.182405
-0.18248
-0.182563
-0.182651
-0.182737
-0.182808
-0.182879
-0.182953
-0.183009
-0.183083
-0.183158
-0.183232
-0.183298
-0.183364
-0.183427
-0.183493
-0.183568
-0.183635
-0.183706
-0.183758
-0.183821
-0.18388
-0.183943
-0.184009
-0.184075
-0.184138
-0.184197
-0.184247
-0.184309
-0.184368
-0.184437
-0.184508
-0.18457
-0.184643
-0.184698
-0.184755
-0.184813
-0.184875
-0.184932
-0.184994
-0.185055
-0.185116
-0.185174
-0.185231
-0.185288
-0.185345
-0.185402
-0.185459
-0.18552
-0.185581
-0.185631
-0.185688
-0.185738
-0.185791
-0.185844
-0.185898
-0.185959
-0.186017
-0.186071
-0.186128
-0.186175
-0.186233
-0.186287
-0.186337
-0.186399
-0.186462
-0.186516
-0.186578
-0.186637
-0.186696
-0.186754
-0.186805
-0.186864
-0.186919
-0.186982
-0.187041
-0.187107
-0.187174
-0.187226
-0.187289
-0.187345
-0.187401
-0.187464
-0.18752
-0.187584
-0.187649
-0.187705
-0.187767
-0.187828
-0.187877
-0.187938
-0.188
-0.188092
-0.188188
-0.188285
-0.188378
-0.188455
-0.188514
-0.18858
-0.188651
-0.188713
-0.18878
-0.188851
-0.188913
-0.188961
-0.189032
-0.189104
-0.189171
-0.189243
-0.189315
-0.189383
-0.189462
-0.189534
-0.189615
-0.189687
-0.189765
-0.189838
-0.189915
-0.189984
-0.19007
-0.190155
-0.19024
-0.190326
-0.190407
-0.190522
-0.190647
-0.190762
-0.190884
-0.19101
-0.191292
-0.191404
-0.19153
-0.191673
-0.191803
-0.191937
-0.192089
-0.192229
-0.192384
-0.192742
-0.192891
-0.19303
-0.193407
-0.193514
-0.193629
-0.193756
-0.193876
-0.194001
-0.194109
-0.194221
-0.194337
-0.194458
-0.194579
-0.194707
-0.194829
-0.194946
-0.195074
-0.195191
-0.195301
-0.19541
-0.19552
-0.195639
-0.195765
-0.195895
-0.196023
-0.196146
-0.196265
-0.196377
-0.196496
-0.196612
-0.196727
-0.196843
-0.196955
-0.197064
-0.197167
-0.197287
-0.197395
-0.197502
-0.197615
-0.19772
-0.197822
-0.197932
-0.198045
-0.198143
-0.198248
-0.198346
-0.198426
-0.198507
-0.198598
-0.198691
-0.19878
-0.198884
-0.198982
-0.19907
-0.199158
-0.199251
-0.199347
-0.199438
-0.19953
-0.199621
-0.199705
-0.199778
-0.199862
-0.199945
-0.200029
-0.200108
-0.200192
-0.200279
-0.200359
-0.200441
-0.20051
-0.200589
-0.200676
-0.200753
-0.200837
-0.20092
-0.200994
-0.201072
-0.201144
-0.201229
-0.201306
-0.201387
-0.201469
-0.201555
-0.201633
-0.201714
-0.201799
-0.201887
-0.201973
-0.202061
-0.20215
-0.202236
-0.202321
-0.20241
-0.202504
-0.202587
-0.202668
-0.20276
-0.202846
-0.20294
-0.203039
-0.203143
-0.203237
-0.203332
-0.203429
-0.20352
-0.203615
-0.20371
-0.203812
-0.20391
-0.20401
-0.204107
-0.204202
-0.204301
-0.204396
-0.204494
-0.204584
-0.204682
-0.20477
-0.204862
-0.204962
-0.205063
-0.20515
-0.205247
-0.205338
-0.205425
-0.205518
-0.205616
-0.205715
-0.205808
-0.205907
-0.206003
-0.206097
-0.206196
-0.206298
-0.206393
-0.206475
-0.206577
-0.206672
-0.206765
-0.206871
-0.206978
-0.207075
-0.207165
-0.207247
-0.207329
-0.207424
-0.20753
-0.207637
-0.207738
-0.207832
-0.207931
-0.208036
-0.208124
-0.208237
-0.208338
-0.208427
-0.208518
-0.208604
-0.208709
-0.208816
-0.208934
-0.209035
-0.209154
-0.209263
-0.20934
-0.209415
-0.209519
-0.209615
-0.209719
-0.209805
-0.209894
-0.209994
-0.210094
-0.210228
-0.210367
-0.210505
-0.210653
-0.210751
-0.210854
-0.210941
-0.211049
-0.211157
-0.211257
-0.211367
-0.21147
-0.211595
-0.211723
-0.211855
-0.211977
-0.212092
-0.212212
-0.21233
-0.212447
-0.212573
-0.212668
-0.212755
-0.212839
-0.212919
-0.213007
-0.213085
-0.21317
-0.213248
-0.213357
-0.21347
-0.213568
-0.213657
-0.21373
-0.213823
-0.21392
-0.214023
-0.214124
-0.214202
-0.214279
-0.214352
-0.214426
-0.214499
-0.214569
-0.214644
-0.214714
-0.214791
-0.214862
-0.214937
-0.215015
-0.215082
-0.215153
-0.215226
-0.215308
-0.215368
-0.215436
-0.215502
-0.215554
-0.215617
-0.21569
-0.215754
-0.215821
-0.215889
-0.215968
-0.216041
-0.216115
-0.216188
-0.216252
-0.21633
-0.2164
-0.216474
-0.216553
-0.216623
-0.216695
-0.216772
-0.21685
-0.216919
-0.216994
-0.217067
-0.217147
-0.217224
-0.217306
-0.217391
-0.217466
-0.217551
-0.217634
-0.217716
-0.217798
-0.217873
-0.217962
-0.218053
-0.218135
-0.218225
-0.218308
-0.218396
-0.218479
-0.218567
-0.218646
-0.218731
-0.218825
-0.218916
-0.219001
-0.219088
-0.219183
-0.219269
-0.219355
-0.219442
-0.219519
-0.219613
-0.219703
-0.219802
-0.219883
-0.219969
-0.220056
-0.220135
-0.22023
-0.220329
-0.220416
-0.220506
-0.220585
-0.220664
-0.220751
-0.220842
-0.22094
-0.221025
-0.221123
-0.221211
-0.221301
-0.221397
-0.221484
-0.221569
-0.221659
-0.22175
-0.221842
-0.221933
-0.222027
-0.222121
-0.222201
-0.222281
-0.222353
-0.222449
-0.222542
-0.222631
-0.222726
-0.222814
-0.222902
-0.222971
-0.223041
-0.223115
-0.223191
-0.223281
-0.223351
-0.223442
-0.223532
-0.223602
-0.223688
-0.22376
-0.223845
-0.223935
-0.224012
-0.224099
-0.224183
-0.224265
-0.224337
-0.22441
-0.224484
-0.224551
-0.224644
-0.224733
-0.224822
-0.224912
-0.225011
-0.225103
-0.225189
-0.225278
-0.225354
-0.225434
-0.225534
-0.225614
-0.225706
-0.225797
-0.225893
-0.225984
-0.226078
-0.226167
-0.226262
-0.226347
-0.226433
-0.226516
-0.226591
-0.226688
-0.226768
-0.226841
-0.226932
-0.227014
-0.227104
-0.227196
-0.227293
-0.227384
-0.227468
-0.227566
-0.227658
-0.227749
-0.22783
-0.227921
-0.228008
-0.228093
-0.228191
-0.22829
-0.228377
-0.228482
-0.228575
-0.228664
-0.228745
-0.228839
-0.228909
-0.228992
-0.229086
-0.229168
-0.229257
-0.229343
-0.229433
-0.229526
-0.229612
-0.229706
-0.229794
-0.229882
-0.229982
-0.230076
-0.230182
-0.230274
-0.23037
-0.230471
-0.230572
-0.23066
-0.230755
-0.230844
-0.230934
-0.231033
-0.231134
-0.231235
-0.231331
-0.231444
-0.231549
-0.23165
-0.23175
-0.231847
-0.231947
-0.232048
-0.23217
-0.232287
-0.232398
-0.232513
-0.232605
-0.232699
-0.232792
-0.232885
-0.232977
-0.23307
-0.23319
-0.2333
-0.233414
-0.233523
-0.23362
-0.233705
-0.23379
-0.233867
-0.233951
-0.234034
-0.234117
-0.234193
-0.234269
-0.234339
-0.234411
-0.234485
-0.234555
-0.234625
-0.234698
-0.234783
-0.234851
-0.234923
-0.235001
-0.235066
-0.235129
-0.235188
-0.235243
-0.235299
-0.235341
-0.235379
-0.235414
-0.235447
-0.235475
-0.235499
-0.23552
-0.235538
-0.235552
-0.235565
-0.235571
-0.235577
-0.235578
-0.235585
-0.235577
-0.235578
-0.235573
-0.235562
-0.235549
-0.235531
-0.235513
-0.235499
-0.235474
-0.235454
-0.235435
-0.235415
-0.235391
-0.235371
-0.235344
-0.235325
-0.2353
-0.23528
-0.235261
-0.235236
-0.235217
-0.235199
-0.23518
-0.235168
-0.235149
-0.235137
-0.235119
-0.235108
-0.235097
-0.235092
-0.235081
-0.23507
-0.235067
-0.235056
-0.235052
-0.235042
-0.235039
-0.235036
-0.235032
-0.235029
-0.235027
-0.235023
-0.235014
-0.235011
-0.235008
-0.235005
-0.235002
-0.234993
-0.234991
-0.23498
-0.234978
-0.23497
-0.234967
-0.234959
-0.234955
-0.234952
-0.234943
-0.23494
-0.234937
-0.234929
-0.234926
-0.234917
-0.234916
-0.234907
-0.234899
-0.234897
-0.23489
-0.234882
-0.234876
-0.234874
-0.234867
-0.234861
-0.234854
-0.234847
-0.234839
-0.234832
-0.234825
-0.234817
-0.234808
-0.2348
-0.234791
-0.234781
-0.234772
-0.234762
-0.234752
-0.234742
-0.234733
-0.234723
-0.234707
-0.234697
-0.234682
-0.234669
-0.234653
-0.234643
-0.234626
-0.234616
-0.234599
-0.234583
-0.234571
-0.234553
-0.234537
-0.234519
-0.234501
-0.234485
-0.234466
-0.23445
-0.234431
-0.234408
-0.23439
-0.234366
-0.234341
-0.234315
-0.234291
-0.234264
-0.234232
-0.234205
-0.234172
-0.234139
-0.234104
-0.234072
-0.234033
-0.233992
-0.233952
-0.233905
-0.233865
-0.233818
-0.233765
-0.233717
-0.233661
-0.233609
-0.233554
-0.233499
-0.233438
-0.233377
-0.233317
-0.233249
-0.233187
-0.233121
-0.233061
-0.233
-0.232933
-0.232868
-0.2328
-0.232732
-0.232659
-0.232586
-0.232513
-0.232439
-0.232365
-0.232293
-0.232218
-0.232144
-0.232064
-0.231983
-0.231903
-0.231815
-0.231734
-0.231652
-0.231546
-0.23144
-0.231334
-0.231216
-0.231101
-0.230987
-0.230872
-0.230745
-0.23064
-0.230536
-0.230426
-0.230315
-0.23021
-0.230101
-0.229966
-0.229831
-0.229694
-0.229549
-0.229393
-0.229267
-0.22914
-0.229012
-0.228879
-0.228746
-0.228608
-0.228462
-0.228327
-0.228187
-0.228044
-0.227912
-0.227773
-0.227636
-0.22749
-0.227331
-0.227173
-0.227022
-0.226864
-0.226708
-0.226555
-0.226419
-0.226275
-0.226115
-0.225919
-0.225718
-0.225519
-0.22533
-0.225122
-0.22493
-0.224741
-0.224551
-0.224356
-0.224174
-0.223991
-0.223809
-0.223619
-0.223428
-0.223238
-0.223046
-0.222851
-0.222668
-0.22248
-0.222283
-0.222091
-0.221901
-0.221698
-0.221518
-0.221337
-0.221159
-0.220978
-0.220793
-0.220626
-0.22046
-0.220302
-0.220151
-0.219998
-0.219848
-0.219691
-0.219527
-0.21937
-0.219208
-0.21905
-0.218893
-0.218733
-0.218565
-0.218388
-0.218222
-0.218048
-0.217869
-0.2177
-0.217525
-0.217351
-0.217175
-0.217005
-0.216828
-0.216656
-0.216482
-0.216317
-0.21614
-0.215968
-0.215788
-0.215603
-0.215433
-0.215262
-0.215089
-0.214901
-0.214722
-0.21453
-0.214352
-0.214171
-0.213974
-0.213782
-0.213587
-0.213381
-0.213182
-0.212995
-0.212806
-0.212613
-0.212411
-0.212203
-0.21201
-0.211807
-0.211594
-0.211394
-0.211189
-0.210994
-0.210797
-0.210586
-0.210379
-0.21016
-0.209958
-0.209754
-0.209534
-0.209321
-0.209099
-0.208882
-0.208668
-0.208446
-0.208233
-0.208018
-0.2078
-0.207588
-0.207371
-0.207157
-0.206941
-0.206722
-0.206511
-0.206295
-0.206078
-0.205871
-0.205667
-0.205473
-0.205277
-0.205062
-0.204843
-0.204619
-0.204409
-0.2042
-0.203982
-0.203775
-0.203564
-0.203366
-0.20316
-0.202949
-0.202746
-0.202542
-0.202333
-0.202133
-0.201933
-0.201733
-0.201528
-0.201324
-0.201138
-0.200938
-0.200757
-0.200568
-0.200377
-0.200187
-0.199989
-0.199792
-0.199607
-0.199421
-0.199246
-0.199075
-0.198886
-0.198696
-0.198501
-0.198333
-0.19817
-0.197995
-0.19782
-0.197652
-0.197491
-0.197319
-0.197144
-0.196965
-0.196794
-0.196619
-0.196455
-0.1963
-0.196136
-0.195971
-0.195802
-0.195653
-0.19551
-0.195354
-0.195204
-0.195047
-0.194904
-0.19476
-0.194609
-0.194457
-0.194315
-0.194167
-0.194034
-0.193898
-0.193756
-0.193619
-0.193468
-0.193331
-0.193195
-0.193063
-0.192968
-0.192829
-0.192698
-0.192564
-0.192439
-0.19231
-0.192181
-0.192078
-0.191982
-0.191884
-0.191756
-0.191619
-0.191494
-0.191365
-0.191252
-0.191131
-0.190998
-0.19087
-0.190744
-0.190545
-0.190365
-0.190178
-0.190003
-0.18987
-0.189738
-0.189567
-0.189401
-0.189217
-0.189026
-0.188842
-0.188409
-0.188245
-0.188088
-0.187966
-0.18781
-0.187618
-0.187435
-0.187251
-0.187112
-0.18698
-0.18679
-0.186597
-0.186408
-0.186221
-0.186086
-0.185946
-0.185803
-0.185664
-0.185523
-0.185382
-0.185239
-0.185091
-0.184943
-0.184806
-0.18469
-0.184552
-0.184408
-0.184257
-0.184056
-0.183858
-0.183647
-0.183505
-0.183363
-0.183224
-0.183109
-0.18296
-0.182816
-0.182665
-0.182553
-0.1824
-0.182245
-0.182095
-0.181939
-0.181784
-0.181567
-0.18135
-0.181147
-0.180999
-0.180838
-0.180693
-0.180531
-0.180357
-0.180192
-0.180018
-0.179838
-0.179666
-0.179519
-0.179369
-0.17918
-0.178999
-0.178818
-0.178666
-0.178501
-0.178302
-0.178119
-0.177919
-0.177727
-0.177535
-0.177346
-0.177136
-0.176943
-0.176753
-0.176559
-0.17636
-0.176165
-0.175978
-0.175778
-0.175568
-0.175359
-0.175174
-0.174988
-0.174786
-0.174607
-0.174403
-0.174211
-0.174002
-0.173804
-0.173628
-0.173425
-0.173216
-0.173038
-0.172867
-0.172663
-0.172452
-0.17224
-0.17203
-0.171813
-0.171583
-0.171374
-0.17116
-0.170938
-0.17072
-0.170505
-0.170281
-0.170047
-0.169827
-0.169595
-0.169356
-0.169121
-0.168898
-0.168669
-0.16842
-0.168181
-0.167943
-0.167695
-0.167448
-0.167207
-0.166966
-0.166718
-0.166462
-0.166215
-0.165969
-0.165706
-0.165453
-0.165202
-0.164953
-0.164683
-0.164425
-0.164172
-0.163914
-0.163639
-0.16338
-0.163118
-0.162853
-0.162599
-0.162353
-0.162097
-0.16183
-0.161557
-0.16131
-0.161014
-0.160659
-0.160414
-0.160181
-0.159932
-0.15968
-0.15943
-0.159183
-0.158922
-0.158666
-0.157555
-0.157243
-0.156941
-0.15669
-0.156436
-0.156216
-0.156028
-0.155787
-0.155551
-0.155324
-0.155102
-0.154877
-0.154655
-0.154438
-0.154235
-0.154017
-0.153801
-0.153584
-0.153393
-0.153191
-0.152977
-0.152771
-0.152578
-0.152395
-0.152213
-0.15203
-0.151827
-0.151638
-0.151456
-0.151275
-0.151093
-0.15091
-0.150736
-0.150553
-0.15037
-0.150192
-0.150011
-0.149851
-0.149678
-0.1495
-0.149329
-0.149157
-0.148986
-0.148755
-0.148533
-0.148318
-0.1481
-0.147894
-0.147681
-0.147476
-0.14728
-0.14713
-0.146986
-0.146791
-0.146596
-0.1464
-0.146216
-0.14607
-0.145943
-0.145807
-0.145666
-0.145523
-0.145389
-0.145258
-0.145132
-0.145022
-0.144906
-0.144798
-0.144684
-0.144528
-0.144383
-0.144245
-0.144121
-0.144004
-0.143909
-0.143807
-0.143716
-0.143639
-0.143553
-0.143475
-0.143389
-0.143307
-0.143217
-0.143126
-0.14304
-0.142949
-0.14286
-0.142768
-0.142698
-0.142619
-0.14254
-0.14246
-0.142378
-0.142302
-0.142225
-0.142145
-0.142053
-0.141987
-0.141898
-0.141809
-0.14172
-0.141634
-0.141549
-0.141479
-0.14141
-0.14133
-0.141273
-0.141204
-0.141131
-0.141061
-0.141007
-0.140957
-0.140896
-0.140844
-0.140792
-0.140749
-0.140703
-0.140665
-0.140626
-0.140598
-0.140575
-0.140545
-0.140522
-0.140501
-0.140478
-0.140465
-0.140453
-0.140441
-0.140435
-0.140433
-0.140433
-0.140432
-0.140442
-0.140458
-0.140471
-0.140484
-0.140504
-0.140522
-0.140547
-0.140572
-0.140596
-0.140626
-0.140663
-0.140692
-0.14073
-0.140769
-0.140808
-0.140845
-0.140884
-0.140923
-0.140969
-0.141017
-0.141064
-0.141111
-0.141159
-0.141211
-0.141267
-0.141327
-0.141381
-0.141439
-0.141494
-0.141553
-0.141611
-0.141669
-0.141729
-0.141788
-0.141845
-0.141905
-0.141971
-0.142025
-0.142092
-0.142151
-0.142212
-0.142271
-0.14233
-0.14239
-0.142448
-0.142502
-0.142562
-0.14262
-0.14268
-0.14274
-0.142797
-0.142856
-0.142915
-0.142974
-0.143027
-0.143085
-0.143146
-0.143205
-0.143264
-0.143324
-0.143382
-0.143443
-0.1435
-0.143567
-0.143627
-0.14369
-0.14375
-0.143813
-0.143871
-0.143933
-0.143997
-0.144053
-0.144116
-0.144178
-0.144237
-0.144291
-0.14435
-0.144404
-0.144458
-0.14451
-0.144563
-0.144614
-0.144661
-0.144707
-0.144753
-0.1448
-0.144847
-0.144893
-0.14494
-0.144984
-0.14503
-0.145074
-0.14512
-0.145149
-0.145177
-0.145204
-0.145232
-0.14526
-0.145287
-0.145314
-0.145341
-0.145368
-0.145395
-0.145421
-0.145447
-0.145473
-0.145499
-0.145525
-0.14555
-0.145576
-0.145601
-0.145626
-0.145651
-0.145676
-0.145701
-0.145725
-0.14575
-0.145774
-0.145798
-0.145822
-0.145846
-0.14587
-0.145893
-0.145916
-0.145939
-0.145962
-0.145985
-0.146007
-0.146029
-0.146051
-0.146073
-0.146095
-0.146117
-0.146139
-0.14616
-0.146181
-0.146203
-0.146224
-0.146245
-0.146265
-0.146286
-0.146307
-0.146327
-0.146347
-0.146367
-0.146387
-0.146407
-0.146427
-0.146446
-0.146466
-0.146485
-0.146504
-0.146523
-0.146542
-0.14656
-0.146579
-0.146597
-0.146616
-0.146634
-0.146652
-0.14667
-0.146688
-0.146706
-0.146723
-0.146741
-0.146759
-0.146776
-0.146794
-0.146811
-0.146828
-0.146845
-0.146862
-0.146879
-0.146896
-0.146913
-0.146929
-0.146946
-0.146962
-0.146979
-0.146995
-0.147011
-0.147027
-0.147043
-0.147059
-0.147075
-0.147091
-0.147107
-0.147123
-0.147139
-0.147154
-0.14717
-0.147185
-0.147201
-0.147216
-0.147231
-0.147246
-0.147261
-0.147276
-0.14729
-0.147305
-0.147319
-0.147334
-0.147348
-0.147362
-0.147377
-0.147391
-0.147405
-0.147419
-0.147432
-0.147446
-0.14746
-0.147473
-0.147486
-0.1475
-0.147513
-0.147526
-0.14754
-0.147553
-0.147566
-0.147578
-0.147591
-0.147604
-0.147617
-0.147629
-0.147642
-0.147654
-0.147667
-0.147679
-0.147691
-0.147704
-0.147716
-0.147728
-0.14774
-0.147752
-0.147764
-0.147776
-0.147788
-0.1478
-0.147811
-0.147823
-0.147835
-0.147847
-0.147858
-0.14787
-0.147881
-0.147893
-0.147904
-0.147916
-0.147927
-0.147938
-0.147949
-0.14796
-0.147972
-0.147983
-0.147994
-0.148004
-0.148015
-0.148026
-0.148037
-0.148047
-0.148058
-0.148069
-0.148079
-0.148089
-0.1481
-0.14811
-0.14812
-0.14813
-0.14814
-0.14815
-0.14816
-0.14817
-0.14818
-0.148189
-0.148199
-0.148209
-0.148218
-0.148227
-0.148237
-0.148246
-0.148255
-0.148264
-0.148273
-0.148282
-0.148291
-0.148299
-0.148308
-0.148317
-0.148325
-0.148334
-0.148342
-0.148351
-0.148359
-0.148367
-0.148376
-0.148384
-0.148392
-0.1484
-0.148408
-0.148416
-0.148423
-0.148431
-0.148439
-0.148447
-0.148454
-0.148462
-0.148469
-0.148477
-0.148484
-0.148491
-0.148499
-0.148506
-0.148513
-0.14852
-0.148527
-0.148534
-0.14854
-0.148547
-0.148554
-0.148561
-0.148567
-0.148574
-0.148581
-0.148587
-0.148593
-0.1486
-0.148606
-0.148612
-0.148619
-0.148625
-0.148631
-0.148637
-0.148644
-0.14865
-0.148656
-0.148662
-0.148668
-0.148674
-0.14868
-0.148686
-0.148692
-0.148698
-0.148704
-0.14871
-0.148716
-0.148722
-0.148728
-0.148734
-0.14874
-0.148745
-0.148751
-0.148757
-0.148762
-0.148768
-0.148773
-0.148779
-0.148784
-0.14879
-0.148795
-0.1488
-0.148806
-0.148811
-0.148816
-0.148822
-0.148827
-0.148832
-0.148838
-0.148843
-0.148848
-0.148853
-0.148858
-0.148863
-0.148869
-0.148874
-0.148879
-0.148884
-0.148889
-0.148893
-0.148898
-0.148903
-0.148908
-0.148913
-0.148917
-0.148922
-0.148927
-0.148931
-0.148936
-0.14894
-0.148945
-0.14895
-0.148954
-0.148959
-0.148963
-0.148967
-0.148972
-0.148976
-0.148981
-0.148985
-0.148989
-0.148993
-0.148998
-0.149002
-0.149006
-0.14901
-0.149014
-0.149019
-0.149023
-0.149027
-0.149031
-0.149035
-0.149039
-0.149043
-0.149047
-0.149051
-0.149055
-0.149059
-0.149062
-0.149066
-0.14907
-0.149074
-0.149077
-0.149081
-0.149085
-0.149088
-0.149092
-0.149095
-0.149099
-0.149102
-0.149106
-0.149109
-0.149113
-0.149116
-0.149119
-0.149123
-0.149126
-0.149129
-0.149132
-0.149136
-0.149139
-0.149142
-0.149145
-0.149149
-0.149152
-0.149155
-0.149158
-0.149161
-0.149165
-0.149168
-0.149171
-0.149174
-0.149178
-0.149181
-0.149184
-0.149187
-0.14919
-0.149193
-0.149196
-0.1492
-0.149203
-0.149206
-0.149209
-0.149212
-0.149215
-0.149218
-0.149221
-0.149224
-0.149227
-0.149231
-0.149234
-0.149237
-0.14924
-0.149243
-0.149246
-0.149249
-0.149252
-0.149255
-0.149258
-0.149261
-0.149264
-0.149267
-0.149355
-0.149454
-0.14954
-0.149624
-0.149704
-0.149782
-0.149859
-0.149939
-0.150016
-0.150094
-0.150173
-0.150241
-0.150318
-0.150386
-0.150458
-0.150531
-0.150607
-0.150684
-0.150757
-0.150828
-0.150907
-0.150987
-0.151058
-0.151133
-0.151208
-0.151291
-0.151366
-0.151448
-0.151528
-0.151608
-0.151693
-0.151765
-0.151839
-0.151931
-0.152009
-0.152086
-0.152178
-0.152278
-0.15239
-0.152503
-0.15261
-0.152721
-0.152827
-0.152926
-0.153033
-0.153139
-0.153253
-0.153365
-0.153486
-0.153611
-0.153738
-0.15389
-0.154046
-0.154202
-0.154367
-0.154524
-0.154702
-0.154888
-0.155075
-0.15527
-0.155457
-0.155655
-0.155863
-0.156078
-0.15631
-0.156541
-0.156769
-0.156973
-0.157225
-0.15745
-0.15768
-0.157905
-0.158152
-0.158421
-0.158699
-0.158968
-0.15924
-0.159526
-0.15982
-0.160114
-0.16041
-0.160705
-0.161014
-0.161331
-0.161645
-0.161972
-0.162306
-0.162634
-0.16296
-0.163295
-0.163651
-0.16401
-0.164348
-0.164707
-0.16508
-0.165437
-0.165793
-0.166161
-0.166536
-0.166923
-0.16731
-0.167694
-0.168071
-0.168471
-0.168844
-0.169225
-0.169618
-0.170017
-0.170406
-0.170793
-0.171179
-0.171683
-0.172167
-0.172619
-0.173049
-0.173498
-0.173858
-0.174239
-0.174632
-0.175023
-0.175412
-0.175817
-0.176204
-0.176588
-0.176979
-0.177359
-0.177734
-0.178131
-0.178516
-0.178886
-0.179273
-0.179652
-0.180004
-0.18036
-0.180743
-0.181103
-0.18146
-0.181813
-0.182155
-0.182484
-0.182861
-0.18333
-0.18373
-0.184148
-0.184533
-0.184967
-0.185381
-0.185783
-0.186148
-0.186602
-0.18699
-0.187732
-0.18802
-0.188346
-0.188718
-0.18911
-0.189493
-0.189896
-0.190247
-0.19063
-0.190959
-0.19128
-0.191588
-0.191912
-0.192224
-0.19256
-0.192931
-0.193308
-0.193642
-0.194005
-0.194379
-0.194677
-0.19496
-0.19526
-0.195557
-0.195856
-0.196159
-0.19645
-0.196737
-0.197035
-0.197294
-0.19757
-0.197851
-0.198098
-0.19836
-0.198622
-0.198898
-0.199167
-0.19941
-0.199648
-0.199847
-0.200079
-0.200299
-0.200534
-0.200752
-0.200974
-0.201175
-0.201377
-0.201598
-0.201805
-0.201987
-0.202169
-0.202341
-0.202488
-0.202634
-0.202788
-0.202916
-0.203047
-0.203176
-0.203322
-0.20345
-0.203569
-0.203716
-0.203839
-0.203988
-0.204133
-0.204261
-0.204407
-0.204528
-0.204644
-0.204787
-0.204915
-0.20507
-0.205234
-0.205392
-0.205554
-0.2057
-0.205862
-0.206014
-0.206179
-0.206337
-0.206492
-0.206647
-0.206791
-0.206941
-0.207089
-0.207259
-0.207414
-0.20758
-0.207746
-0.207905
-0.208064
-0.208235
-0.208394
-0.208558
-0.208721
-0.208876
-0.209035
-0.209188
-0.209355
-0.209525
-0.209699
-0.209862
-0.210018
-0.210167
-0.210319
-0.210478
-0.210637
-0.210788
-0.210933
-0.21107
-0.211213
-0.211357
-0.211502
-0.211649
-0.211779
-0.211911
-0.212043
-0.212182
-0.212319
-0.212461
-0.212592
-0.212716
-0.21283
-0.212956
-0.213082
-0.213215
-0.21334
-0.213459
-0.213575
-0.2137
-0.21383
-0.213957
-0.214086
-0.214203
-0.214319
-0.214426
-0.214552
-0.214676
-0.214801
-0.21492
-0.215037
-0.215148
-0.215251
-0.215345
-0.215466
-0.215577
-0.21569
-0.215775
-0.215876
-0.215989
-0.216113
-0.21623
-0.216341
-0.216447
-0.216563
-0.21667
-0.216788
-0.216913
-0.217005
-0.217098
-0.217185
-0.2173
-0.217407
-0.217535
-0.217635
-0.217733
-0.217846
-0.217939
-0.218058
-0.218184
-0.218317
-0.218439
-0.218566
-0.2187
-0.218823
-0.218943
-0.219072
-0.219192
-0.219329
-0.219471
-0.219604
-0.219736
-0.219868
-0.219992
-0.220129
-0.220266
-0.2204
-0.220542
-0.220674
-0.220804
-0.221005
-0.221192
-0.221374
-0.22154
-0.221682
-0.221836
-0.22204
-0.222209
-0.222375
-0.222574
-0.22272
-0.222868
-0.223006
-0.223157
-0.223295
-0.223445
-0.223665
-0.223835
-0.224026
-0.224194
-0.22432
-0.224443
-0.224589
-0.224712
-0.224854
-0.224997
-0.225143
-0.225286
-0.22542
-0.225558
-0.225697
-0.225839
-0.225982
-0.226104
-0.226223
-0.226361
-0.226499
-0.226638
-0.226781
-0.226903
-0.227022
-0.227153
-0.227283
-0.227426
-0.227569
-0.227696
-0.227811
-0.227954
-0.228065
-0.228175
-0.228314
-0.22845
-0.22856
-0.228663
-0.228766
-0.228868
-0.229011
-0.22917
-0.229345
-0.229512
-0.229647
-0.229765
-0.229872
-0.229994
-0.230092
-0.230206
-0.230378
-0.230529
-0.230684
-0.230823
-0.230978
-0.231121
-0.231232
-0.23133
-0.231429
-0.231547
-0.231661
-0.231762
-0.231864
-0.231974
-0.232076
-0.23219
-0.232295
-0.232404
-0.232521
-0.232627
-0.23274
-0.232852
-0.232956
-0.233063
-0.23317
-0.233343
-0.233491
-0.233643
-0.233758
-0.233839
-0.233953
-0.234059
-0.234152
-0.234254
-0.234354
-0.234464
-0.234577
-0.234686
-0.234792
-0.234902
-0.235003
-0.235104
-0.235214
-0.235352
-0.235494
-0.235642
-0.235781
-0.235927
-0.236081
-0.236239
-0.236374
-0.236509
-0.236599
-0.236714
-0.236838
-0.236956
-0.237074
-0.237174
-0.237263
-0.237373
-0.237456
-0.237547
-0.237667
-0.237782
-0.237888
-0.237984
-0.238105
-0.238211
-0.23833
-0.238442
-0.238545
-0.238648
-0.238741
-0.238851
-0.238953
-0.239065
-0.239166
-0.239251
-0.239333
-0.239448
-0.239553
-0.239646
-0.239738
-0.239844
-0.239933
-0.240022
-0.24013
-0.240222
-0.240331
-0.240438
-0.240521
-0.240631
-0.240745
-0.240862
-0.240984
-0.241093
-0.241203
-0.241313
-0.241428
-0.241533
-0.241647
-0.241764
-0.241879
-0.241999
-0.242121
-0.24223
-0.242342
-0.242457
-0.242575
-0.242687
-0.242803
-0.242923
-0.243039
-0.24316
-0.24328
-0.243399
-0.243524
-0.243652
-0.243775
-0.243895
-0.244017
-0.244144
-0.244273
-0.244406
-0.244525
-0.244659
-0.244787
-0.244918
-0.245066
-0.245206
-0.245352
-0.24553
-0.245666
-0.245816
-0.245967
-0.24612
-0.246271
-0.246405
-0.24655
-0.246704
-0.246857
-0.247011
-0.247165
-0.247314
-0.247474
-0.247604
-0.247737
-0.247894
-0.248044
-0.248197
-0.248359
-0.248488
-0.248658
-0.248798
-0.248962
-0.249108
-0.249275
-0.249459
-0.2496
-0.249752
-0.249917
-0.250086
-0.250248
-0.250411
-0.250578
-0.250747
-0.250927
-0.251104
-0.251272
-0.251412
-0.251544
-0.251699
-0.251851
-0.252016
-0.252193
-0.252364
-0.252598
-0.252813
-0.253041
-0.253238
-0.253475
-0.253687
-0.253844
-0.254006
-0.254181
-0.254341
-0.254506
-0.254662
-0.254822
-0.254976
-0.255147
-0.255308
-0.255463
-0.255645
-0.255828
-0.256005
-0.25619
-0.256373
-0.256548
-0.256726
-0.256882
-0.257024
-0.257187
-0.257399
-0.257616
-0.257823
-0.257988
-0.258158
-0.258361
-0.258554
-0.258747
-0.258906
-0.259058
-0.259201
-0.259352
-0.259485
-0.259629
-0.259756
-0.259883
-0.260006
-0.260133
-0.260275
-0.260414
-0.260557
-0.260707
-0.260852
-0.260997
-0.261131
-0.261259
-0.261395
-0.261548
-0.261681
-0.261829
-0.261968
-0.262099
-0.262238
-0.262375
-0.262502
-0.262635
-0.262766
-0.262874
-0.262992
-0.263137
-0.263269
-0.263399
-0.263532
-0.263661
-0.263786
-0.26393
-0.264063
-0.264203
-0.264339
-0.264471
-0.264607
-0.264753
-0.264896
-0.265036
-0.265177
-0.265312
-0.265442
-0.265583
-0.26572
-0.265863
-0.266007
-0.266144
-0.266282
-0.266432
-0.266574
-0.266716
-0.266856
-0.266998
-0.26714
-0.267288
-0.267437
-0.267586
-0.267735
-0.267878
-0.268027
-0.268182
-0.268333
-0.268492
-0.268637
-0.268791
-0.268948
-0.269097
-0.269248
-0.269405
-0.269556
-0.2697
-0.269856
-0.270004
-0.270158
-0.270301
-0.270448
-0.270591
-0.270749
-0.27091
-0.271067
-0.271207
-0.271342
-0.271485
-0.271626
-0.27177
-0.271912
-0.272054
-0.272194
-0.272351
-0.272497
-0.272649
-0.272795
-0.272932
-0.273065
-0.273215
-0.273364
-0.273526
-0.273683
-0.27383
-0.273987
-0.274133
-0.274271
-0.274416
-0.274562
-0.274714
-0.274867
-0.275012
-0.275155
-0.275357
-0.275536
-0.27572
-0.275874
-0.276034
-0.276159
-0.276268
-0.276374
-0.276458
-0.276544
-0.276606
-0.276656
-0.276695
-0.276724
-0.276751
-0.276773
-0.276789
-0.276809
-0.276821
-0.276834
-0.276833
-0.276823
-0.276815
-0.276794
-0.276755
-0.276709
-0.276666
-0.276615
-0.276559
-0.276504
-0.276443
-0.276386
-0.276316
-0.276247
-0.276182
-0.276107
-0.27603
-0.275951
-0.275873
-0.275795
-0.275722
-0.27564
-0.275566
-0.275495
-0.275419
-0.275347
-0.275274
-0.275202
-0.275123
-0.275042
-0.274966
-0.274891
-0.274809
-0.274732
-0.274644
-0.274559
-0.27448
-0.274403
-0.274328
-0.274252
-0.274168
-0.274094
-0.274017
-0.273938
-0.273854
-0.273763
-0.273672
-0.273585
-0.273493
-0.273412
-0.273327
-0.273254
-0.273172
-0.273083
-0.273001
-0.27292
-0.272842
-0.272753
-0.272667
-0.272576
-0.272491
-0.272405
-0.272313
-0.27222
-0.272126
-0.272037
-0.271924
-0.271816
-0.27171
-0.271601
-0.27151
-0.271413
-0.271327
-0.271242
-0.271156
-0.271073
-0.270994
-0.270919
-0.270839
-0.27077
-0.270693
-0.270619
-0.270553
-0.270475
-0.270399
-0.270322
-0.270245
-0.270167
-0.270078
-0.269986
-0.269889
-0.2698
-0.269699
-0.269589
-0.269479
-0.269367
-0.26926
-0.269153
-0.269041
-0.268915
-0.268796
-0.268663
-0.268537
-0.268415
-0.268283
-0.268143
-0.26802
-0.267878
-0.267745
-0.267604
-0.267455
-0.267301
-0.267155
-0.266989
-0.266811
-0.266623
-0.266434
-0.266248
-0.266049
-0.265844
-0.265643
-0.265447
-0.265226
-0.265013
-0.264799
-0.264583
-0.264346
-0.264104
-0.263863
-0.263621
-0.263377
-0.263139
-0.262883
-0.262634
-0.262383
-0.262121
-0.261865
-0.261602
-0.261319
-0.261035
-0.260749
-0.260472
-0.260189
-0.259893
-0.259632
-0.259371
-0.259084
-0.258782
-0.258487
-0.258184
-0.257888
-0.257588
-0.257281
-0.256969
-0.256673
-0.256365
-0.256051
-0.25574
-0.255422
-0.255119
-0.254802
-0.254488
-0.254155
-0.253842
-0.253523
-0.253195
-0.252858
-0.25253
-0.252203
-0.251869
-0.251564
-0.251273
-0.250978
-0.250681
-0.250379
-0.250093
-0.249796
-0.249499
-0.249158
-0.248826
-0.24849
-0.248166
-0.247824
-0.247485
-0.247126
-0.246782
-0.246444
-0.246095
-0.245751
-0.245395
-0.245053
-0.244694
-0.24434
-0.243976
-0.243616
-0.243262
-0.242879
-0.242511
-0.242144
-0.241762
-0.241385
-0.240996
-0.240617
-0.240264
-0.23989
-0.239501
-0.239104
-0.238713
-0.238329
-0.23794
-0.237559
-0.237171
-0.236776
-0.236381
-0.235993
-0.235601
-0.235206
-0.23481
-0.234441
-0.234065
-0.233679
-0.233281
-0.232892
-0.232529
-0.232157
-0.231767
-0.231395
-0.231025
-0.230696
-0.230376
-0.230058
-0.229696
-0.229307
-0.228894
-0.228434
-0.227976
-0.22751
-0.227107
-0.226789
-0.226422
-0.22606
-0.225699
-0.225348
-0.225035
-0.224669
-0.224336
-0.22398
-0.223682
-0.22334
-0.222998
-0.222671
-0.222337
-0.221878
-0.221472
-0.221059
-0.220701
-0.220304
-0.219913
-0.219589
-0.219269
-0.21899
-0.218734
-0.218481
-0.218186
-0.217925
-0.217684
-0.217412
-0.217168
-0.216914
-0.216637
-0.216367
-0.216088
-0.215832
-0.215561
-0.215299
-0.215044
-0.214778
-0.214515
-0.214289
-0.21405
-0.213854
-0.213663
-0.213424
-0.21319
-0.212969
-0.212761
-0.212548
-0.212323
-0.212115
-0.211912
-0.211709
-0.211515
-0.211221
-0.210982
-0.210734
-0.210484
-0.210303
-0.210076
-0.209827
-0.209223
-0.209041
-0.208868
-0.2087
-0.208536
-0.20839
-0.208221
-0.208047
-0.207869
-0.207704
-0.207544
-0.207384
-0.207215
-0.207054
-0.206899
-0.206761
-0.206642
-0.206518
-0.206394
-0.206247
-0.206132
-0.205911
-0.205709
-0.205506
-0.20535
-0.205129
-0.204927
-0.204742
-0.204585
-0.204109
-0.20397
-0.2038
-0.203577
-0.203152
-0.203009
-0.202809
-0.202663
-0.202513
-0.202381
-0.20223
-0.202079
-0.201923
-0.201777
-0.201639
-0.201488
-0.201319
-0.201146
-0.200985
-0.200829
-0.200668
-0.200508
-0.200333
-0.200166
-0.199995
-0.199825
-0.199649
-0.199459
-0.199267
-0.199082
-0.198902
-0.198729
-0.198547
-0.198351
-0.198157
-0.197959
-0.197763
-0.197548
-0.197338
-0.19714
-0.19694
-0.196733
-0.19651
-0.196282
-0.196065
-0.195856
-0.195624
-0.195382
-0.19517
-0.194957
-0.19477
-0.19457
-0.19434
-0.194115
-0.193885
-0.19364
-0.193395
-0.193167
-0.192941
-0.192697
-0.192459
-0.192225
-0.191981
-0.19172
-0.191484
-0.191255
-0.191033
-0.190795
-0.19054
-0.190306
-0.190064
-0.189826
-0.18959
-0.189357
-0.18911
-0.188864
-0.188639
-0.188409
-0.188175
-0.187936
-0.187708
-0.187477
-0.187237
-0.187003
-0.18677
-0.186546
-0.186321
-0.186118
-0.18591
-0.18569
-0.185465
-0.185238
-0.185021
-0.184818
-0.184603
-0.184383
-0.184184
-0.183983
-0.183784
-0.183584
-0.183369
-0.183168
-0.182962
-0.182759
-0.182549
-0.182339
-0.182143
-0.181949
-0.181754
-0.18155
-0.181349
-0.181158
-0.180965
-0.180759
-0.180561
-0.180364
-0.18018
-0.179996
-0.179787
-0.179588
-0.179396
-0.179218
-0.179034
-0.178837
-0.178646
-0.178464
-0.178291
-0.178116
-0.177916
-0.17774
-0.177557
-0.177396
-0.177229
-0.177055
-0.176887
-0.176722
-0.176571
-0.176417
-0.17625
-0.176093
-0.17592
-0.175781
-0.175644
-0.17551
-0.175373
-0.175236
-0.175103
-0.174982
-0.174859
-0.17473
-0.174597
-0.174473
-0.174351
-0.174246
-0.174141
-0.174041
-0.173924
-0.17382
-0.1737
-0.173592
-0.173486
-0.173388
-0.173284
-0.173174
-0.173063
-0.172955
-0.172867
-0.172775
-0.172698
-0.1726
-0.17251
-0.172416
-0.172323
-0.172231
-0.172143
-0.172057
-0.171917
-0.171791
-0.171665
-0.171559
-0.171452
-0.171366
-0.171252
-0.17111
-0.171002
-0.170905
-0.170816
-0.17072
-0.170622
-0.170501
-0.170401
-0.170295
-0.170194
-0.170105
-0.170007
-0.169914
-0.169809
-0.169695
-0.169592
-0.169493
-0.169377
-0.169261
-0.169145
-0.169021
-0.16884
-0.16868
-0.168516
-0.168359
-0.16818
-0.168044
-0.167909
-0.167773
-0.16765
-0.16752
-0.167384
-0.167239
-0.167104
-0.166958
-0.166825
-0.166689
-0.166559
-0.166416
-0.166283
-0.166143
-0.166017
-0.165889
-0.165761
-0.165627
-0.165501
-0.165382
-0.165269
-0.165149
-0.16504
-0.164924
-0.164808
-0.164695
-0.164581
-0.164481
-0.164383
-0.164284
-0.164202
-0.164111
-0.16402
-0.163932
-0.163852
-0.163782
-0.163709
-0.163653
-0.163594
-0.163547
-0.163497
-0.163455
-0.163423
-0.16339
-0.163358
-0.163336
-0.163313
-0.163304
-0.163299
-0.163296
-0.163293
-0.163295
-0.163305
-0.163319
-0.163337
-0.163358
-0.163387
-0.163415
-0.16345
-0.163489
-0.16353
-0.16357
-0.163615
-0.16366
-0.163711
-0.163761
-0.16381
-0.163865
-0.16392
-0.163975
-0.16403
-0.164089
-0.164148
-0.164207
-0.164273
-0.164338
-0.164402
-0.164465
-0.164535
-0.164599
-0.164669
-0.164732
-0.164801
-0.164868
-0.164937
-0.165012
-0.165086
-0.165162
-0.165243
-0.165277
-0.165312
-0.165347
-0.165381
-0.165415
-0.165449
-0.165483
-0.165516
-0.165549
-0.165582
-0.165615
-0.165648
-0.16568
-0.165713
-0.165745
-0.165777
-0.165808
-0.16584
-0.165871
-0.165902
-0.165933
-0.165964
-0.165995
-0.166025
-0.166055
-0.166085
-0.166116
-0.166146
-0.166176
-0.166205
-0.166235
-0.166265
-0.166294
-0.166323
-0.166352
-0.166381
-0.16641
-0.166439
-0.166467
-0.166496
-0.166524
-0.166552
-0.16658
-0.166609
-0.166637
-0.166664
-0.166692
-0.16672
-0.166747
-0.166774
-0.166802
-0.166828
-0.166855
-0.166882
-0.166909
-0.166935
-0.166961
-0.166987
-0.167013
-0.167039
-0.167065
-0.16709
-0.167116
-0.167141
-0.167166
-0.167191
-0.167215
-0.16724
-0.167264
-0.167289
-0.167313
-0.167337
-0.167361
-0.167385
-0.167408
-0.167432
-0.167455
-0.167479
-0.167502
-0.167525
-0.167548
-0.167571
-0.167594
-0.167616
-0.167639
-0.167661
-0.167683
-0.167705
-0.167727
-0.167749
-0.167771
-0.167792
-0.167814
-0.167835
-0.167856
-0.167877
-0.167898
-0.167918
-0.167939
-0.167959
-0.167979
-0.167999
-0.168019
-0.168039
-0.168058
-0.168078
-0.168097
-0.168117
-0.168136
-0.168155
-0.168174
-0.168193
-0.168211
-0.16823
-0.168248
-0.168267
-0.168285
-0.168303
-0.168321
-0.168338
-0.168356
-0.168373
-0.16839
-0.168407
-0.168424
-0.168441
-0.168458
-0.168475
-0.168491
-0.168508
-0.168524
-0.168541
-0.168557
-0.168573
-0.16859
-0.168606
-0.168622
-0.168637
-0.168653
-0.168669
-0.168684
-0.1687
-0.168715
-0.168731
-0.168746
-0.168761
-0.168777
-0.168792
-0.168807
-0.168821
-0.168836
-0.168851
-0.168865
-0.16888
-0.168894
-0.168909
-0.168923
-0.168937
-0.168951
-0.168965
-0.168979
-0.168993
-0.169006
-0.16902
-0.169034
-0.169047
-0.169061
-0.169074
-0.169087
-0.1691
-0.169113
-0.169126
-0.169139
-0.169152
-0.169165
-0.169178
-0.16919
-0.169203
-0.169215
-0.169228
-0.16924
-0.169253
-0.169265
-0.169278
-0.16929
-0.169302
-0.169315
-0.169327
-0.169339
-0.169351
-0.169363
-0.169375
-0.169387
-0.169399
-0.169411
-0.169423
-0.169435
-0.169447
-0.169458
-0.16947
-0.169482
-0.169493
-0.169504
-0.169516
-0.169527
-0.169538
-0.169549
-0.16956
-0.169571
-0.169582
-0.169593
-0.169604
-0.169614
-0.169625
-0.169636
-0.169647
-0.169657
-0.169668
-0.169678
-0.169688
-0.169699
-0.169709
-0.169719
-0.169729
-0.169739
-0.169749
-0.169759
-0.169769
-0.169779
-0.169788
-0.169798
-0.169807
-0.169817
-0.169826
-0.169835
-0.169844
-0.169854
-0.169863
-0.169872
-0.169881
-0.16989
-0.169898
-0.169907
-0.169916
-0.169925
-0.169933
-0.169942
-0.169951
-0.169959
-0.169968
-0.169976
-0.169984
-0.169993
-0.170001
-0.170009
-0.170017
-0.170025
-0.170033
-0.170041
-0.170049
-0.170056
-0.170064
-0.170071
-0.170079
-0.170086
-0.170094
-0.170101
-0.170109
-0.170116
-0.170123
-0.17013
-0.170137
-0.170145
-0.170152
-0.170159
-0.170165
-0.170172
-0.170179
-0.170186
-0.170193
-0.170199
-0.170206
-0.170213
-0.170219
-0.170226
-0.170232
-0.170239
-0.170245
-0.170251
-0.170257
-0.170264
-0.17027
-0.170276
-0.170282
-0.170288
-0.170294
-0.1703
-0.170306
-0.170312
-0.170318
-0.170324
-0.170329
-0.170335
-0.170341
-0.170346
-0.170352
-0.170358
-0.170363
-0.170369
-0.170374
-0.17038
-0.170385
-0.170391
-0.170396
-0.170401
-0.170406
-0.170411
-0.170417
-0.170422
-0.170427
-0.170432
-0.170437
-0.170442
-0.170447
-0.170452
-0.170457
-0.170462
-0.170466
-0.170471
-0.170476
-0.170481
-0.170486
-0.17049
-0.170495
-0.1705
-0.170504
-0.170509
-0.170513
-0.170518
-0.170522
-0.170527
-0.170531
-0.170536
-0.17054
-0.170544
-0.170549
-0.170553
-0.170557
-0.170561
-0.170565
-0.170569
-0.170573
-0.170578
-0.170582
-0.170586
-0.17059
-0.170594
-0.170598
-0.170602
-0.170605
-0.170609
-0.170613
-0.170617
-0.170621
-0.170625
-0.170628
-0.170632
-0.170636
-0.17064
-0.170644
-0.170647
-0.170651
-0.170655
-0.170659
-0.170662
-0.170666
-0.17067
-0.170673
-0.170677
-0.17068
-0.170684
-0.170687
-0.170691
-0.170694
-0.170698
-0.170701
-0.170704
-0.170708
-0.170711
-0.170714
-0.170718
-0.170721
-0.170724
-0.170727
-0.170731
-0.170734
-0.170737
-0.17074
-0.170743
-0.170746
-0.170749
-0.170752
-0.170755
-0.170758
-0.170761
-0.170764
-0.170767
-0.17077
-0.170773
-0.170776
-0.170779
-0.170782
-0.170785
-0.170788
-0.170791
-0.170794
-0.170797
-0.1708
-0.170802
-0.170805
-0.170808
-0.17081
-0.170813
-0.170816
-0.170818
-0.170821
-0.170823
-0.170826
-0.170828
-0.170831
-0.170833
-0.170836
-0.170838
-0.170841
-0.170843
-0.170845
-0.170848
-0.17085
-0.170853
-0.170855
-0.170858
-0.17086
-0.170863
-0.170865
-0.170867
-0.17087
-0.170872
-0.170875
-0.170877
-0.170879
-0.170882
-0.170884
-0.170887
-0.170889
-0.170891
-0.170894
-0.170896
-0.170898
-0.170901
-0.170903
-0.170906
-0.170908
-0.17091
-0.170913
-0.170915
-0.170917
-0.170919
-0.170921
-0.170924
-0.170926
-0.170928
-0.17093
-0.170932
-0.170934
-0.170936
-0.170938
-0.17094
-0.170942
-0.170944
-0.170946
-0.170949
-0.170951
-0.170953
-0.170955
-0.170957
-0.170959
-0.170961
-0.170963
-0.170965
-0.170967
-0.170969
-0.170971
-0.170973
-0.170975
-0.170977
-0.170979
-0.170981
-0.170982
-0.170984
-0.170986
-0.170988
-0.17099
-0.170992
-0.170995
-0.170997
-0.170999
-0.171001
-0.171003
-0.171005
-0.171006
-0.171008
-0.17101
-0.171012
-0.171014
-0.171016
-0.171018
-0.17102
-0.171022
-0.171024
-0.171026
-0.171028
-0.171029
-0.171031
-0.171033
-0.171035
-0.171037
-0.171039
-0.171041
-0.171042
-0.171044
-0.171046
-0.171048
-0.17105
-0.171051
-0.171053
-0.171055
-0.171056
-0.171058
-0.17106
-0.171061
-0.171063
-0.171065
-0.171066
-0.171068
-0.17107
-0.171071
-0.171073
-0.171075
-0.171076
-0.171078
-0.171079
-0.171081
-0.171082
-0.171084
-0.171086
-0.171087
-0.171089
-0.17109
-0.171092
-0.171093
-0.171095
-0.171096
-0.171098
-0.171099
-0.171101
-0.171102
-0.171104
-0.171105
-0.171107
-0.171108
-0.171109
-0.171111
-0.171111
-0.171112
-0.171113
-0.171114
-0.171115
-0.171116
-0.171116
-0.171117
-0.171118
-0.171118
-0.171119
-0.17112
-0.17112
-0.171121
-0.171122
-0.171122
-0.171123
-0.171124
-0.171124
-0.171125
-0.171125
-0.171126
-0.171127
-0.171127
-0.171128
-0.171129
-0.171129
-0.17113
-0.17113
-0.171131
-0.171132
-0.171132
-0.171133
-0.171133
-0.171134
-0.171135
-0.171135
-0.171136
-0.171136
-0.171137
-0.171138
-0.171138
-0.171139
-0.171139
-0.17114
-0.171141
-0.171141
-0.171142
-0.171143
-0.171143
-0.171144
-0.171144
-0.171145
-0.171146
-0.171146
-0.171147
-0.171147
-0.171148
-0.171149
-0.17115
-0.171151
-0.171152
-0.171153
-0.171154
-0.171155
-0.171155
-0.171156
-0.171157
-0.171158
-0.171159
-0.171159
-0.17116
-0.171161
-0.171161
-0.171161
