-0.0421246
-0.0421246
-0.0421246
-0.0421246
-0.0421245
-0.0421244
-0.0421243
-0.0421242
-0.0421241
-0.042124
-0.0421239
-0.0421238
-0.0421238
-0.0421237
-0.0421237
-0.0421236
-0.0421236
-0.0421235
-0.0421235
-0.0421235
-0.0421236
-0.0421236
-0.0421236
-0.0421237
-0.0421237
-0.0421238
-0.0421238
-0.0421239
-0.042124
-0.042124
-0.042124
-0.042124
-0.0421239
-0.0421239
-0.0421239
-0.0421239
-0.0421238
-0.0421238
-0.0421237
-0.0421236
-0.0421235
-0.0421233
-0.0421232
-0.042123
-0.0421229
-0.0421228
-0.0421226
-0.0421224
-0.0421222
-0.042122
-0.0421218
-0.0421216
-0.0421214
-0.0421212
-0.0421211
-0.042121
-0.0421208
-0.0421206
-0.0421205
-0.0421203
-0.0421202
-0.0421201
-0.04212
-0.0421199
-0.0421198
-0.0421196
-0.0421195
-0.0421193
-0.0421192
-0.042119
-0.0421188
-0.0421185
-0.0421183
-0.0421181
-0.0421178
-0.0421175
-0.0421172
-0.0421168
-0.0421165
-0.0421161
-0.0421158
-0.0421154
-0.0421151
-0.0421148
-0.0421144
-0.0421141
-0.0421138
-0.0421135
-0.0421133
-0.042113
-0.0421127
-0.0421124
-0.0421121
-0.0421117
-0.0421114
-0.0421111
-0.0421107
-0.0421104
-0.0421102
-0.0421099
-0.0421097
-0.0421095
-0.0421093
-0.0421091
-0.042109
-0.0421088
-0.0421087
-0.0421085
-0.0421083
-0.042108
-0.0421078
-0.0421075
-0.0421073
-0.042107
-0.0421067
-0.0421064
-0.0421061
-0.0421058
-0.0421055
-0.0421051
-0.0421048
-0.0421044
-0.042104
-0.0421036
-0.0421032
-0.0421028
-0.0421024
-0.0421019
-0.0421014
-0.0421009
-0.0421004
-0.0420998
-0.0420992
-0.0420986
-0.0420979
-0.0420972
-0.0420965
-0.0420958
-0.0420951
-0.0420944
-0.0420937
-0.042093
-0.0420922
-0.0420915
-0.0420907
-0.0420899
-0.0420891
-0.0420884
-0.0420876
-0.0420868
-0.042086
-0.0420852
-0.0420843
-0.0420835
-0.0420827
-0.0420819
-0.0420811
-0.0420803
-0.0420795
-0.0420788
-0.0420782
-0.0420775
-0.0420768
-0.0420761
-0.0420754
-0.0420748
-0.0420742
-0.0420736
-0.042073
-0.0420725
-0.0420719
-0.0420713
-0.0420708
-0.0420702
-0.0420697
-0.0420691
-0.0420686
-0.042068
-0.0420675
-0.042067
-0.0420664
-0.0420659
-0.0420654
-0.0420649
-0.0420643
-0.0420637
-0.0420632
-0.0420626
-0.0420621
-0.0420617
-0.0420613
-0.0420608
-0.0420604
-0.0420601
-0.0420597
-0.0420593
-0.042059
-0.0420587
-0.0420584
-0.0420581
-0.0420577
-0.0420574
-0.0420571
-0.0420568
-0.0420565
-0.0420562
-0.0420559
-0.0420555
-0.0420552
-0.0420549
-0.0420547
-0.0420545
-0.0420543
-0.0420541
-0.0420539
-0.0420537
-0.0420536
-0.0420534
-0.0420532
-0.0420531
-0.0420529
-0.0420528
-0.0420526
-0.0420525
-0.0420524
-0.0420522
-0.0420521
-0.0420519
-0.0420517
-0.0420516
-0.0420514
-0.0420512
-0.042051
-0.0420508
-0.0420506
-0.0420505
-0.0420503
-0.0420501
-0.04205
-0.0420499
-0.0420497
-0.0420495
-0.0420493
-0.0420491
-0.042049
-0.0420488
-0.0420486
-0.0420484
-0.0420481
-0.0420478
-0.0420475
-0.0420472
-0.0420469
-0.0420466
-0.0420464
-0.0420461
-0.0420458
-0.0420455
-0.0420452
-0.0420449
-0.0420446
-0.0420442
-0.0420439
-0.0420435
-0.0420432
-0.0420428
-0.0420424
-0.042042
-0.0420416
-0.0420413
-0.0420409
-0.0420405
-0.0420402
-0.0420398
-0.0420394
-0.042039
-0.0420386
-0.0420382
-0.0420377
-0.0420372
-0.0420366
-0.042036
-0.0420355
-0.0420349
-0.0420343
-0.0420337
-0.0420332
-0.0420326
-0.042032
-0.0420314
-0.0420308
-0.0420301
-0.0420295
-0.0420289
-0.0420282
-0.0420276
-0.0420268
-0.0420261
-0.0420254
-0.0420247
-0.042024
-0.0420233
-0.0420226
-0.0420219
-0.0420212
-0.0420205
-0.0420198
-0.0420191
-0.0420184
-0.0420177
-0.042017
-0.0420163
-0.0420155
-0.0420147
-0.0420139
-0.0420131
-0.0420123
-0.0420115
-0.0420107
-0.04201
-0.0420093
-0.0420086
-0.0420079
-0.0420072
-0.0420065
-0.0420057
-0.042005
-0.0420042
-0.0420034
-0.0420026
-0.0420019
-0.0420011
-0.0420003
-0.0419995
-0.0419986
-0.0419978
-0.0419969
-0.041996
-0.0419951
-0.0419942
-0.0419933
-0.0419923
-0.0419914
-0.0419905
-0.0419896
-0.0419887
-0.0419878
-0.0419869
-0.041986
-0.0419851
-0.0419843
-0.0419835
-0.0419827
-0.041982
-0.0419813
-0.0419805
-0.0419797
-0.041979
-0.0419782
-0.0419774
-0.0419767
-0.041976
-0.0419753
-0.0419747
-0.041974
-0.0419735
-0.0419729
-0.0419723
-0.0419717
-0.0419711
-0.0419705
-0.0419699
-0.0419693
-0.0419687
-0.041968
-0.0419674
-0.0419668
-0.0419662
-0.0419656
-0.0419651
-0.0419645
-0.041964
-0.0419634
-0.0419629
-0.0419623
-0.0419617
-0.0419612
-0.0419606
-0.0419599
-0.0419593
-0.0419587
-0.041958
-0.0419574
-0.0419567
-0.041956
-0.0419554
-0.0419548
-0.0419542
-0.0419536
-0.0419529
-0.0419523
-0.0419517
-0.0419511
-0.0419505
-0.0419499
-0.0419493
-0.0419487
-0.0419481
-0.0419475
-0.0419469
-0.0419464
-0.0419458
-0.0419452
-0.0419447
-0.0419441
-0.0419435
-0.041943
-0.0419424
-0.0419419
-0.0419413
-0.0419407
-0.0419402
-0.0419396
-0.041939
-0.0419384
-0.0419378
-0.0419371
-0.0419365
-0.0419358
-0.0419351
-0.0419344
-0.0419337
-0.041933
-0.0419324
-0.0419318
-0.0419312
-0.0419306
-0.04193
-0.0419294
-0.0419288
-0.0419283
-0.0419277
-0.0419271
-0.0419265
-0.0419259
-0.0419254
-0.0419249
-0.0419244
-0.0419239
-0.0419234
-0.0419229
-0.0419224
-0.0419218
-0.0419213
-0.0419209
-0.0419204
-0.04192
-0.0419195
-0.0419191
-0.0419186
-0.0419181
-0.0419177
-0.0419172
-0.0419167
-0.0419162
-0.0419157
-0.0419152
-0.0419146
-0.0419141
-0.0419136
-0.0419131
-0.0419126
-0.0419121
-0.0419116
-0.0419111
-0.0419106
-0.04191
-0.0419095
-0.041909
-0.0419084
-0.0419079
-0.0419074
-0.0419069
-0.0419064
-0.0419059
-0.0419055
-0.041905
-0.0419045
-0.041904
-0.0419035
-0.041903
-0.0419025
-0.041902
-0.0419015
-0.041901
-0.0419005
-0.0419
-0.0418994
-0.0418988
-0.0418982
-0.0418976
-0.041897
-0.0418964
-0.0418957
-0.041895
-0.0418943
-0.0418937
-0.041893
-0.0418923
-0.0418916
-0.0418909
-0.0418902
-0.0418896
-0.0418889
-0.0418883
-0.0418876
-0.041887
-0.0418863
-0.0418857
-0.041885
-0.0418843
-0.0418836
-0.0418828
-0.0418821
-0.0418813
-0.0418805
-0.0418797
-0.0418789
-0.041878
-0.0418771
-0.0418763
-0.0418754
-0.0418746
-0.0418738
-0.041873
-0.0418721
-0.0418713
-0.0418705
-0.0418697
-0.0418689
-0.0418682
-0.0418674
-0.0418667
-0.041866
-0.0418653
-0.0418646
-0.0418639
-0.0418632
-0.0418626
-0.041862
-0.0418613
-0.0418607
-0.04186
-0.0418594
-0.0418587
-0.0418581
-0.0418575
-0.041857
-0.0418564
-0.0418559
-0.0418554
-0.0418549
-0.0418543
-0.0418538
-0.0418533
-0.0418528
-0.0418523
-0.0418518
-0.0418513
-0.0418508
-0.0418504
-0.0418499
-0.0418494
-0.0418489
-0.0418484
-0.0418478
-0.0418473
-0.0418468
-0.0418463
-0.0418458
-0.0418453
-0.0418448
-0.0418443
-0.0418438
-0.0418433
-0.0418427
-0.0418422
-0.0418416
-0.0418411
-0.0418407
-0.0418402
-0.0418399
-0.0418395
-0.0418392
-0.0418389
-0.0418387
-0.0418384
-0.0418381
-0.0418378
-0.0418375
-0.0418371
-0.0418368
-0.0418365
-0.0418362
-0.0418359
-0.0418357
-0.0418354
-0.0418352
-0.041835
-0.0418349
-0.0418347
-0.0418345
-0.0418344
-0.0418343
-0.0418341
-0.041834
-0.0418338
-0.0418337
-0.0418336
-0.0418336
-0.0418336
-0.0418337
-0.0418338
-0.0418339
-0.0418341
-0.0418342
-0.0418343
-0.0418345
-0.0418346
-0.0418346
-0.0418347
-0.0418348
-0.0418349
-0.041835
-0.0418351
-0.0418351
-0.0418352
-0.0418353
-0.0418353
-0.0418354
-0.0418355
-0.0418356
-0.0418357
-0.0418358
-0.0418359
-0.041836
-0.0418361
-0.0418361
-0.0418362
-0.0418362
-0.0418363
-0.0418363
-0.0418362
-0.0418362
-0.0418361
-0.0418361
-0.041836
-0.0418359
-0.0418358
-0.0418357
-0.0418355
-0.0418353
-0.041835
-0.0418347
-0.0418344
-0.0418341
-0.0418338
-0.0418334
-0.0418331
-0.0418327
-0.0418323
-0.0418319
-0.0418316
-0.0418312
-0.0418308
-0.0418304
-0.04183
-0.0418296
-0.0418292
-0.0418287
-0.0418283
-0.0418279
-0.0418276
-0.0418273
-0.0418269
-0.0418266
-0.0418262
-0.0418259
-0.0418255
-0.0418251
-0.0418247
-0.0418244
-0.041824
-0.0418236
-0.0418233
-0.0418229
-0.0418226
-0.0418223
-0.041822
-0.0418217
-0.0418215
-0.0418213
-0.0418211
-0.0418209
-0.0418208
-0.0418207
-0.0418206
-0.0418205
-0.0418204
-0.0418204
-0.0418202
-0.0418201
-0.0418199
-0.0418197
-0.0418194
-0.0418192
-0.041819
-0.0418188
-0.0418185
-0.0418182
-0.041818
-0.0418177
-0.0418174
-0.041817
-0.0418167
-0.0418163
-0.0418159
-0.0418155
-0.0418152
-0.0418149
-0.0418145
-0.0418142
-0.0418139
-0.0418136
-0.0418134
-0.0418132
-0.041813
-0.0418128
-0.0418126
-0.0418124
-0.0418123
-0.0418121
-0.041812
-0.0418118
-0.0418116
-0.0418114
-0.0418112
-0.0418109
-0.0418106
-0.0418104
-0.0418101
-0.0418099
-0.0418096
-0.0418093
-0.041809
-0.0418088
-0.0418085
-0.0418082
-0.041808
-0.0418077
-0.0418075
-0.0418073
-0.0418071
-0.0418069
-0.0418066
-0.0418063
-0.0418061
-0.0418058
-0.0418056
-0.0418053
-0.0418051
-0.0418048
-0.0418046
-0.0418043
-0.0418041
-0.0418038
-0.0418036
-0.0418033
-0.0418031
-0.0418029
-0.0418027
-0.0418025
-0.0418023
-0.0418022
-0.0418021
-0.041802
-0.0418018
-0.0418016
-0.0418014
-0.0418012
-0.041801
-0.0418008
-0.0418006
-0.0418004
-0.0418002
-0.0418
-0.0417998
-0.0417996
-0.0417994
-0.0417993
-0.0417991
-0.0417989
-0.0417987
-0.0417984
-0.0417981
-0.0417978
-0.0417974
-0.0417971
-0.0417968
-0.0417965
-0.0417963
-0.0417961
-0.0417959
-0.0417957
-0.0417954
-0.0417952
-0.041795
-0.0417948
-0.0417945
-0.0417942
-0.0417939
-0.0417935
-0.0417932
-0.0417929
-0.0417926
-0.0417923
-0.041792
-0.0417918
-0.0417916
-0.0417914
-0.0417912
-0.0417909
-0.0417907
-0.0417905
-0.0417904
-0.0417902
-0.0417901
-0.0417899
-0.0417897
-0.0417895
-0.0417894
-0.0417893
-0.0417891
-0.041789
-0.0417889
-0.0417888
-0.0417887
-0.0417251
-0.0416359
-0.0415367
-0.0414149
-0.0412965
-0.0411852
-0.0410844
-0.0409946
-0.0409061
-0.040821
-0.0407395
-0.0406699
-0.0406026
-0.0405377
-0.040473
-0.0404076
-0.0403477
-0.0402817
-0.0402125
-0.0401419
-0.040064
-0.0399909
-0.039916
-0.0398428
-0.0397716
-0.0397026
-0.0396324
-0.0395612
-0.039501
-0.0394399
-0.0393858
-0.0393285
-0.0392716
-0.0392206
-0.0391602
-0.0391104
-0.039068
-0.039023
-0.0389781
-0.0389479
-0.0389116
-0.0388826
-0.0388477
-0.0388131
-0.0387788
-0.0387446
-0.0387071
-0.0386758
-0.0386378
-0.0386059
-0.0385735
-0.0385411
-0.0385084
-0.0384757
-0.038443
-0.0384074
-0.0383752
-0.0383431
-0.0383148
-0.038283
-0.0382481
-0.0382132
-0.0381814
-0.0381533
-0.0381283
-0.0381034
-0.0380784
-0.0380535
-0.0380386
-0.0380204
-0.0380022
-0.0379839
-0.0379656
-0.0379507
-0.0379325
-0.0379209
-0.0379091
-0.0378973
-0.0378858
-0.0378774
-0.0378659
-0.0378577
-0.0378495
-0.0378381
-0.0378334
-0.0378221
-0.0378174
-0.0378095
-0.0378048
-0.0378001
-0.0377953
-0.0377939
-0.0377923
-0.0377939
-0.0377922
-0.037797
-0.0378018
-0.0378034
-0.0378081
-0.0378129
-0.0378144
-0.0378191
-0.0378208
-0.0378224
-0.037824
-0.0378258
-0.0378274
-0.037829
-0.0378339
-0.0378357
-0.0378405
-0.0378487
-0.0378538
-0.0378621
-0.037874
-0.0378793
-0.0378912
-0.0379033
-0.0379163
-0.0379361
-0.0379526
-0.0379657
-0.0379823
-0.0380059
-0.0380329
-0.0380597
-0.0380833
-0.0381103
-0.0381373
-0.0381745
-0.0382086
-0.0382424
-0.0382765
-0.0383071
-0.0383344
-0.0383684
-0.0384027
-0.0384368
-0.038464
-0.0384982
-0.0385323
-0.0385666
-0.0386042
-0.0386452
-0.0386862
-0.0387309
-0.0387791
-0.0388274
-0.0388789
-0.0389378
-0.0389897
-0.0390449
-0.0390967
-0.0391555
-0.0392215
-0.0392875
-0.0393505
-0.0394134
-0.0394764
-0.0395362
-0.0395958
-0.039663
-0.0397232
-0.0397839
-0.0398448
-0.039909
-0.0399665
-0.0400313
-0.0400929
-0.0401507
-0.0402086
-0.0402667
-0.0403175
-0.0403686
-0.0404164
-0.0404713
-0.0405263
-0.0405851
-0.0406442
-0.0406995
-0.0407551
-0.0408144
-0.0408739
-0.0409302
-0.0409862
-0.0410456
-0.0411016
-0.0411545
-0.0412006
-0.0412575
-0.0413076
-0.0413578
-0.0414049
-0.0414524
-0.0414899
-0.0415304
-0.0415787
-0.0416235
-0.0416683
-0.0417099
-0.0417509
-0.0417885
-0.0418197
-0.0418658
-0.0419048
-0.0419441
-0.0419834
-0.0420154
-0.0420548
-0.042099
-0.0421397
-0.0421813
-0.0422231
-0.0422612
-0.0423064
-0.0423487
-0.042394
-0.0424266
-0.0424647
-0.0425023
-0.0425412
-0.0425808
-0.0426165
-0.0426448
-0.0426771
-0.0427123
-0.0427369
-0.0427731
-0.0427949
-0.0428243
-0.0428468
-0.0428723
-0.0428946
-0.0429216
-0.0429443
-0.0429715
-0.0429945
-0.0430197
-0.0430398
-0.0430632
-0.0430799
-0.0430998
-0.0431155
-0.0431342
-0.0431573
-0.0431804
-0.0431958
-0.043215
-0.0432214
-0.0432322
-0.0432425
-0.0432649
-0.043279
-0.0432932
-0.0433038
-0.0433024
-0.0433082
-0.0433139
-0.0433193
-0.0433329
-0.0433381
-0.0433472
-0.0433532
-0.0433539
-0.0433547
-0.0433597
-0.0433719
-0.0433797
-0.0433834
-0.043388
-0.043388
-0.0433919
-0.0433876
-0.0433863
-0.0433856
-0.0433966
-0.0433996
-0.0433984
-0.0433974
-0.0433926
-0.0433878
-0.0433825
-0.0433734
-0.0433673
-0.0433615
-0.0433641
-0.0433587
-0.0433487
-0.0433345
-0.0433334
-0.0433188
-0.0433042
-0.0432885
-0.0432688
-0.0432533
-0.0432373
-0.0432094
-0.0431855
-0.0431706
-0.0431512
-0.0431316
-0.0431162
-0.0431047
-0.0430931
-0.0430819
-0.0430751
-0.0430601
-0.0430408
-0.0430299
-0.0430107
-0.0429997
-0.0429892
-0.0429866
-0.0429722
-0.04295
-0.042933
-0.0429186
-0.0428968
-0.0428748
-0.0428559
-0.0428331
-0.042819
-0.0428004
-0.0427734
-0.0427382
-0.0427237
-0.0427033
-0.0426826
-0.0426659
-0.042644
-0.0426094
-0.0425827
-0.042555
-0.0425276
-0.0424956
-0.0424717
-0.0424394
-0.0424198
-0.0423913
-0.0423716
-0.0423437
-0.0423198
-0.0423185
-0.0423171
-0.0423158
-0.0423144
-0.042313
-0.0423116
-0.0423101
-0.0423086
-0.0423072
-0.0423058
-0.0423044
-0.0423028
-0.0423012
-0.0422996
-0.042298
-0.0422965
-0.042295
-0.0422935
-0.042292
-0.0422906
-0.0422891
-0.0422878
-0.0422864
-0.042285
-0.0422837
-0.0422823
-0.042281
-0.0422796
-0.0422782
-0.0422768
-0.0422754
-0.0422741
-0.0422728
-0.0422714
-0.04227
-0.0422685
-0.0422671
-0.0422657
-0.0422643
-0.0422629
-0.0422616
-0.0422603
-0.0422589
-0.0422575
-0.0422561
-0.0422547
-0.0422534
-0.0422521
-0.0422507
-0.0422494
-0.042248
-0.0422467
-0.0422453
-0.0422439
-0.0422425
-0.0422411
-0.0422397
-0.0422383
-0.042237
-0.0422356
-0.0422342
-0.0422327
-0.0422313
-0.0422298
-0.0422283
-0.0422267
-0.0422252
-0.0422237
-0.0422223
-0.0422208
-0.0422193
-0.0422178
-0.0422162
-0.0422147
-0.0422131
-0.0422116
-0.04221
-0.0422085
-0.0422069
-0.0422054
-0.0422039
-0.0422024
-0.0422009
-0.0421995
-0.0421981
-0.0421968
-0.0421955
-0.0421941
-0.0421928
-0.0421916
-0.0421903
-0.0421891
-0.0421878
-0.0421867
-0.0421855
-0.0421844
-0.0421833
-0.0421822
-0.0421812
-0.0421802
-0.0421791
-0.0421781
-0.0421772
-0.0421762
-0.0421753
-0.0421744
-0.0421735
-0.0421726
-0.0421717
-0.0421708
-0.0421699
-0.0421691
-0.0421682
-0.0421673
-0.0421664
-0.0421656
-0.0421648
-0.042164
-0.0421632
-0.0421625
-0.042162
-0.0421614
-0.0421609
-0.0421604
-0.0421598
-0.0421593
-0.0421587
-0.0421581
-0.0421575
-0.0421569
-0.0421563
-0.0421556
-0.042155
-0.0421543
-0.0421537
-0.0421531
-0.0421526
-0.042152
-0.0421514
-0.0421509
-0.0421503
-0.0421499
-0.0421494
-0.0421489
-0.0421484
-0.0421479
-0.0421474
-0.0421469
-0.0421464
-0.0421458
-0.0421451
-0.0421443
-0.0421435
-0.0421427
-0.0421418
-0.0421409
-0.0421401
-0.0421392
-0.0421383
-0.0421374
-0.0421365
-0.0421355
-0.0421346
-0.0421337
-0.0421327
-0.0421317
-0.0421307
-0.0421297
-0.0421287
-0.0421278
-0.0421265
-0.0421253
-0.042124
-0.0421227
-0.0421214
-0.04212
-0.0421186
-0.0421172
-0.0421158
-0.0421144
-0.0421129
-0.0421115
-0.0421101
-0.0421087
-0.0421073
-0.0421058
-0.0421044
-0.0421029
-0.0421015
-0.0421002
-0.0420988
-0.0420975
-0.0420961
-0.0420949
-0.0420937
-0.0420925
-0.0420914
-0.0420903
-0.0420893
-0.0420883
-0.0420873
-0.0420863
-0.0420854
-0.0420844
-0.0420835
-0.0420827
-0.0420818
-0.042081
-0.0420803
-0.0420795
-0.0420787
-0.0420779
-0.0420771
-0.0420764
-0.0420755
-0.0420747
-0.042074
-0.0420733
-0.0420726
-0.0420719
-0.0420712
-0.0420705
-0.0420697
-0.042069
-0.0420682
-0.0420675
-0.0420667
-0.042066
-0.0420653
-0.0420645
-0.0420638
-0.0420631
-0.0420625
-0.0420618
-0.0420612
-0.0420606
-0.04206
-0.0420595
-0.0420589
-0.0420584
-0.042058
-0.0420575
-0.0420569
-0.0420563
-0.0420557
-0.0420552
-0.0420546
-0.042054
-0.0420534
-0.0420528
-0.0420522
-0.0420516
-0.0420509
-0.0420503
-0.0420497
-0.0420491
-0.0420486
-0.042048
-0.0420475
-0.0420471
-0.0420466
-0.0420462
-0.0420458
-0.0420455
-0.0420452
-0.0420449
-0.0420446
-0.0420442
-0.0420439
-0.0420436
-0.0420432
-0.0420429
-0.0420425
-0.0420421
-0.0420418
-0.0420415
-0.0420411
-0.0420408
-0.0420404
-0.04204
-0.0420396
-0.0420392
-0.0420389
-0.0420385
-0.0420381
-0.0420378
-0.0420374
-0.0420369
-0.0420365
-0.0420361
-0.0420357
-0.0420353
-0.0420349
-0.0420346
-0.0420343
-0.042034
-0.0420338
-0.0420336
-0.0420334
-0.0420331
-0.0420329
-0.0420327
-0.0420325
-0.0420323
-0.0420321
-0.0420318
-0.0420316
-0.0420313
-0.042031
-0.0420307
-0.0420304
-0.0420301
-0.0420299
-0.0420296
-0.0420294
-0.0420292
-0.042029
-0.0420287
-0.0420285
-0.0420283
-0.0420281
-0.0420278
-0.0420276
-0.0420274
-0.0420272
-0.0420271
-0.0420269
-0.0419876
-0.0419651
-0.0419482
-0.0419128
-0.041884
-0.0418652
-0.0418454
-0.0418243
-0.0417982
-0.0417775
-0.0417566
-0.0417343
-0.0417058
-0.0416708
-0.0416424
-0.0416191
-0.0415895
-0.0415603
-0.0415345
-0.0414977
-0.0414657
-0.041444
-0.0414045
-0.0413701
-0.0413358
-0.0413066
-0.0412876
-0.0412559
-0.0412231
-0.0412016
-0.0411625
-0.0411223
-0.0410897
-0.0410658
-0.0410246
-0.0409884
-0.0409636
-0.0409105
-0.0408623
-0.0408266
-0.0407996
-0.0407838
-0.0407668
-0.0407281
-0.0406959
-0.0406668
-0.0406494
-0.0406289
-0.0406161
-0.0406057
-0.0405771
-0.040572
-0.0405756
-0.0405758
-0.040588
-0.0406069
-0.0406266
-0.0406418
-0.0406622
-0.040687
-0.0407019
-0.0407164
-0.0407256
-0.0407344
-0.0407332
-0.040738
-0.040738
-0.0407441
-0.0407406
-0.040743
-0.040747
-0.0407523
-0.0407591
-0.0407704
-0.0407722
-0.0407848
-0.0407927
-0.0408051
-0.0408128
-0.040825
-0.040837
-0.0408439
-0.0408508
-0.0408622
-0.0408582
-0.0408649
-0.0408727
-0.0408746
-0.0408765
-0.0408844
-0.0408815
-0.0408896
-0.0408867
-0.0408887
-0.0408911
-0.0408931
-0.0408942
-0.0409014
-0.0408965
-0.0409024
-0.0409022
-0.0409021
-0.040902
-0.040897
-0.0408908
-0.0408849
-0.0408737
-0.0408672
-0.0408549
-0.0408375
-0.0408312
-0.0408185
-0.0408061
-0.0407995
-0.0407867
-0.0407755
-0.0407688
-0.0407573
-0.0407462
-0.0407348
-0.0407237
-0.0407123
-0.0407013
-0.0406902
-0.0406788
-0.0406664
-0.0406552
-0.0406432
-0.0406309
-0.0406186
-0.0406114
-0.0406038
-0.0405905
-0.0405821
-0.0405689
-0.0405548
-0.0405407
-0.0405257
-0.0405107
-0.0404945
-0.0404831
-0.0404705
-0.0404571
-0.0404421
-0.0404322
-0.0404166
-0.0404055
-0.0403997
-0.0403681
-0.0403506
-0.0403384
-0.0403227
-0.0403112
-0.0403056
-0.0403036
-0.0402959
-0.0402849
-0.0402775
-0.0402757
-0.0402591
-0.0402413
-0.0402186
-0.0402003
-0.0401827
-0.0401636
-0.0401446
-0.0401247
-0.0401046
-0.0400887
-0.040074
-0.0400479
-0.0400272
-0.0400064
-0.0399915
-0.0399808
-0.0399628
-0.0399499
-0.0399474
-0.0399365
-0.0399276
-0.0399387
-0.0399284
-0.0399334
-0.0399327
-0.039925
-0.0399046
-0.0398884
-0.0398718
-0.0398636
-0.0398545
-0.0398512
-0.0398432
-0.0398243
-0.0398318
-0.0398292
-0.0398314
-0.0398238
-0.0398211
-0.0398121
-0.0398142
-0.0398205
-0.0398223
-0.0398133
-0.0398092
-0.0398037
-0.0398032
-0.0398036
-0.0398042
-0.0398053
-0.03981
-0.0398094
-0.0398047
-0.0398008
-0.0397906
-0.039774
-0.0397737
-0.0397734
-0.0397753
-0.0397761
-0.0397615
-0.0397556
-0.0397387
-0.0397342
-0.0397247
-0.0397053
-0.0396994
-0.0396981
-0.0396874
-0.0396996
-0.0396991
-0.0397028
-0.0396772
-0.0396595
-0.039641
-0.0396387
-0.0396326
-0.0396253
-0.0396063
-0.039591
-0.0395717
-0.0395562
-0.0395518
-0.0395467
-0.0395363
-0.0395267
-0.039508
-0.0394939
-0.0394764
-0.0394593
-0.0394514
-0.0394351
-0.0394185
-0.0393978
-0.0393824
-0.0393569
-0.0393415
-0.0393262
-0.0393034
-0.0392855
-0.0392572
-0.0392216
-0.0391901
-0.0391639
-0.0391342
-0.0391023
-0.0390808
-0.0390542
-0.0390339
-0.0390082
-0.0389774
-0.0389537
-0.038929
-0.0389065
-0.038874
-0.0388413
-0.0388135
-0.0387874
-0.0387516
-0.0387305
-0.0387043
-0.0386686
-0.0386381
-0.0386026
-0.0385723
-0.038542
-0.0385115
-0.0384722
-0.0384421
-0.0384131
-0.038379
-0.0383501
-0.0383161
-0.0382832
-0.0382451
-0.0382075
-0.0381736
-0.0381408
-0.038103
-0.0380649
-0.0380319
-0.0379992
-0.0379664
-0.0379335
-0.0379008
-0.0378641
-0.0378277
-0.03779
-0.0377573
-0.0377159
-0.0376794
-0.0376377
-0.0375961
-0.0375595
-0.0375273
-0.0374905
-0.0374541
-0.0374226
-0.0373909
-0.0373542
-0.0373135
-0.0372778
-0.0372412
-0.0372105
-0.0371655
-0.0371296
-0.037089
-0.0370532
-0.0370176
-0.0369819
-0.0369424
-0.0369119
-0.0368721
-0.0368414
-0.0368019
-0.0367709
-0.0367362
-0.0367058
-0.0366712
-0.0366356
-0.036605
-0.0365655
-0.0365302
-0.0364904
-0.036455
-0.0364204
-0.0363847
-0.0363542
-0.0363147
-0.0362793
-0.0362396
-0.0362043
-0.036165
-0.0361347
-0.0360994
-0.0360644
-0.0360291
-0.0359981
-0.0359678
-0.0359427
-0.0359164
-0.0358861
-0.0358647
-0.0358344
-0.0358042
-0.0357739
-0.0357435
-0.0357134
-0.035688
-0.0356616
-0.0356393
-0.0356131
-0.0355828
-0.0355519
-0.0355261
-0.0354999
-0.0354775
-0.035451
-0.0354297
-0.035403
-0.0353765
-0.035349
-0.0353266
-0.0352954
-0.035273
-0.035247
-0.0352198
-0.0351935
-0.0351709
-0.0351439
-0.035122
-0.0350954
-0.0350781
-0.0350515
-0.0350201
-0.0349975
-0.034975
-0.0349485
-0.0349263
-0.0349079
-0.034881
-0.0348626
-0.0348444
-0.0348304
-0.0348085
-0.0347956
-0.0347786
-0.0347616
-0.0347486
-0.0347309
-0.0347133
-0.0346966
-0.0346759
-0.0346543
-0.0346369
-0.034624
-0.0346028
-0.0345816
-0.034574
-0.0345654
-0.0345529
-0.0345396
-0.0345314
-0.0345231
-0.03451
-0.0345143
-0.0345056
-0.0345058
-0.0345059
-0.0344976
-0.0344931
-0.0344977
-0.0345073
-0.034503
-0.0345073
-0.0345163
-0.0345207
-0.0345254
-0.0345337
-0.0345384
-0.0345469
-0.0345554
-0.0345606
-0.0345614
-0.0345688
-0.0345734
-0.0345813
-0.0345935
-0.0346092
-0.0346296
-0.0346414
-0.0346616
-0.0346769
-0.0346887
-0.0346965
-0.0347128
-0.0347205
-0.0347369
-0.0347533
-0.0347694
-0.0347849
-0.0348047
-0.0348202
-0.0348356
-0.0348556
-0.0348764
-0.0348963
-0.0349115
-0.0349321
-0.0349554
-0.0349752
-0.0349939
-0.0350172
-0.0350438
-0.0350669
-0.0350946
-0.0351139
-0.0351413
-0.0351605
-0.0351837
-0.0352067
-0.0352342
-0.0352568
-0.0352843
-0.0353114
-0.0353348
-0.0353502
-0.0353737
-0.0353932
-0.0354129
-0.0354318
-0.0354552
-0.0354749
-0.0355025
-0.0355298
-0.0355537
-0.0355815
-0.0355974
-0.0356248
-0.0356407
-0.0356563
-0.0356834
-0.0357072
-0.0357263
-0.0357461
-0.0357777
-0.035801
-0.0358253
-0.0358495
-0.0358746
-0.0358955
-0.0359172
-0.0359342
-0.0359592
-0.035976
-0.0359976
-0.0360233
-0.0360455
-0.0360662
-0.0360916
-0.0361134
-0.036134
-0.0361519
-0.0361734
-0.036191
-0.0362085
-0.0362261
-0.0362442
-0.0362579
-0.0362725
-0.0362906
-0.0363088
-0.0363234
-0.0363383
-0.0363577
-0.0363723
-0.0363869
-0.0364021
-0.0364202
-0.0364345
-0.036449
-0.0364598
-0.0364708
-0.0364853
-0.0364918
-0.0364982
-0.0365045
-0.0365148
-0.0365214
-0.0365283
-0.0365303
-0.0365327
-0.0365353
-0.0365377
-0.0365356
-0.0365338
-0.0365323
-0.036526
-0.0365153
-0.0365091
-0.036503
-0.0364923
-0.0364825
-0.0364719
-0.03646
-0.0364491
-0.0364306
-0.0364245
-0.0364183
-0.0364041
-0.0363862
-0.0363724
-0.0363584
-0.0363409
-0.036319
-0.0363005
-0.0362776
-0.0362551
-0.036229
-0.0362107
-0.0361845
-0.0361617
-0.0361349
-0.0361078
-0.0360854
-0.0360621
-0.0360434
-0.0360167
-0.0359946
-0.0359716
-0.0359484
-0.0359176
-0.0358952
-0.0358691
-0.0358422
-0.0358198
-0.0357931
-0.035771
-0.0357368
-0.0357194
-0.035702
-0.0356725
-0.035651
-0.035625
-0.0355958
-0.0355701
-0.0355323
-0.0355022
-0.0354733
-0.03544
-0.0354067
-0.0353745
-0.0353458
-0.035317
-0.0352965
-0.0352644
-0.0352405
-0.0352129
-0.0351814
-0.0351497
-0.0351223
-0.035095
-0.0350646
-0.0350332
-0.0350063
-0.0349716
-0.034949
-0.0349224
-0.0349
-0.0348736
-0.0348547
-0.0348284
-0.0348056
-0.0347794
-0.0347567
-0.0347339
-0.0347156
-0.0346975
-0.034675
-0.0346526
-0.0346335
-0.0346153
-0.0346008
-0.0345827
-0.0345646
-0.0345509
-0.0345329
-0.0345192
-0.0345044
-0.0344907
-0.0344769
-0.0344675
-0.0344545
-0.0344416
-0.0344321
-0.0344195
-0.0344066
-0.0344016
-0.0343932
-0.0343891
-0.0343849
-0.0343807
-0.0343807
-0.0343809
-0.0343853
-0.0343856
-0.0343826
-0.034387
-0.0343884
-0.0343939
-0.0343986
-0.0344042
-0.0344056
-0.0344112
-0.0344163
-0.0344137
-0.034419
-0.0344199
-0.034422
-0.0344275
-0.0344253
-0.0344309
-0.0344324
-0.0344338
-0.0344354
-0.0344446
-0.0344463
-0.0344511
-0.0344562
-0.0344613
-0.0344699
-0.0344708
-0.0344796
-0.0344841
-0.0344887
-0.034489
-0.0344973
-0.0345053
-0.0345094
-0.0345177
-0.0345253
-0.0345295
-0.0345405
-0.0345518
-0.0345556
-0.0345669
-0.0345744
-0.0345818
-0.0345818
-0.034581
-0.0345878
-0.0345907
-0.0345901
-0.0345931
-0.0345995
-0.0345975
-0.0346032
-0.0346013
-0.034603
-0.0346085
-0.0346135
-0.0346139
-0.0346187
-0.0346155
-0.0346117
-0.0346084
-0.0346047
-0.0346013
-0.0345966
-0.0345919
-0.034587
-0.034586
-0.0345846
-0.0345906
-0.0345941
-0.0345932
-0.0345957
-0.0345942
-0.0345887
-0.0345871
-0.0345849
-0.0345822
-0.034577
-0.0345747
-0.0345793
-0.0345802
-0.0345817
-0.0345826
-0.0345833
-0.0345839
-0.0345918
-0.0345924
-0.0345992
-0.0346004
-0.0346088
-0.0346108
-0.0346158
-0.0346155
-0.0346216
-0.0346236
-0.0346267
-0.0346362
-0.0346468
-0.0346604
-0.0346666
-0.0346754
-0.0346892
-0.0346954
-0.0347022
-0.0347094
-0.0347198
-0.034724
-0.0347282
-0.0347389
-0.034747
-0.0347554
-0.0347639
-0.0347691
-0.0347818
-0.0347877
-0.0347972
-0.0347968
-0.0348034
-0.0348059
-0.0348126
-0.034816
-0.0348195
-0.0348262
-0.0348289
-0.0348356
-0.0348424
-0.0348453
-0.0348453
-0.0348526
-0.0348599
-0.0348633
-0.034867
-0.0348675
-0.0348685
-0.0348733
-0.0348775
-0.0348858
-0.0348875
-0.0348921
-0.034897
-0.034898
-0.0348955
-0.0348999
-0.0348974
-0.0348981
-0.0348986
-0.0348955
-0.0348924
-0.0348825
-0.0348773
-0.0348714
-0.0348686
-0.0348561
-0.0348468
-0.0348405
-0.0348275
-0.0348245
-0.0348177
-0.0348014
-0.0347918
-0.0347826
-0.0347801
-0.0347678
-0.0347588
-0.0347432
-0.0347357
-0.0347273
-0.0347158
-0.0347035
-0.0346914
-0.0346795
-0.0346705
-0.0346616
-0.0346535
-0.0346412
-0.0346293
-0.034617
-0.0346082
-0.0345861
-0.0345677
-0.0345556
-0.0345366
-0.0345251
-0.0345064
-0.0344938
-0.0344709
-0.0344622
-0.0344471
-0.034435
-0.0344269
-0.0344262
-0.0344116
-0.0344001
-0.034382
-0.0343673
-0.0343495
-0.0343341
-0.0343161
-0.0342947
-0.0342835
-0.0342697
-0.034255
-0.0342414
-0.0342308
-0.0342079
-0.0341907
-0.03418
-0.0341732
-0.0341656
-0.0341541
-0.0341489
-0.0341415
-0.0341363
-0.0341256
-0.0341147
-0.0341044
-0.0340972
-0.0340864
-0.034073
-0.034065
-0.0340607
-0.0340499
-0.034042
-0.0340379
-0.0340339
-0.0340305
-0.0340271
-0.0340278
-0.0340281
-0.0340256
-0.0340257
-0.0340259
-0.0340266
-0.0340304
-0.034034
-0.0340348
-0.0340392
-0.034034
-0.0340419
-0.0340437
-0.0340455
-0.0340533
-0.0340648
-0.0340795
-0.0340903
-0.0341045
-0.0341158
-0.03413
-0.0341352
-0.0341494
-0.0341581
-0.0341695
-0.0341871
-0.0342014
-0.0342227
-0.0342415
-0.0342691
-0.0342943
-0.0343167
-0.0343399
-0.0343655
-0.0343893
-0.0344131
-0.0344398
-0.0344671
-0.0344974
-0.0345309
-0.0345583
-0.0345912
-0.0346247
-0.034652
-0.0346794
-0.0347119
-0.0347426
-0.0347765
-0.034812
-0.0348441
-0.0348768
-0.0349094
-0.0349438
-0.0349762
-0.035005
-0.0350347
-0.0350694
-0.035093
-0.0351192
-0.0351548
-0.0351849
-0.0352225
-0.0352517
-0.035287
-0.035316
-0.0353438
-0.0353717
-0.0353962
-0.0354188
-0.0354447
-0.0354656
-0.0354812
-0.0354976
-0.0355086
-0.0355168
-0.0355255
-0.0355279
-0.03553
-0.0355284
-0.0355264
-0.0355173
-0.0355047
-0.0354853
-0.0354659
-0.0354497
-0.0354307
-0.0354152
-0.0353936
-0.0353662
-0.0353446
-0.0353142
-0.0352873
-0.0352601
-0.0352364
-0.0352119
-0.0351849
-0.0351611
-0.0351366
-0.0351087
-0.0350834
-0.0350608
-0.0350353
-0.0350125
-0.0349893
-0.0349689
-0.0349448
-0.034924
-0.034903
-0.0348879
-0.0348698
-0.0348516
-0.0348367
-0.0348182
-0.0348027
-0.034784
-0.0347676
-0.0347484
-0.0347289
-0.0347086
-0.0346914
-0.0346715
-0.0346539
-0.0346338
-0.0346103
-0.0345897
-0.0345692
-0.0345489
-0.0345313
-0.0345107
-0.0344901
-0.0344666
-0.0344488
-0.0344282
-0.0344069
-0.034386
-0.0343643
-0.0343398
-0.0343182
-0.0342933
-0.0342714
-0.0342523
-0.0342301
-0.0342108
-0.034188
-0.0341684
-0.0341513
-0.0341313
-0.0341113
-0.0340971
-0.0340827
-0.0340682
-0.0340595
-0.034045
-0.0340363
-0.0340302
-0.0340214
-0.0340153
-0.0340123
-0.0340059
-0.0340028
-0.0339997
-0.0339995
-0.0339963
-0.0339959
-0.0339924
-0.0339918
-0.033991
-0.0339871
-0.033986
-0.0339849
-0.0339804
-0.0339817
-0.0339769
-0.0339752
-0.0339702
-0.0339683
-0.0339631
-0.0339579
-0.0339525
-0.0339445
-0.0339391
-0.0339335
-0.0339281
-0.0339226
-0.0339171
-0.0339117
-0.0339062
-0.0339008
-0.0338924
-0.0338843
-0.033879
-0.0338704
-0.0338619
-0.0338534
-0.0338453
-0.0338365
-0.0338248
-0.0338133
-0.0338046
-0.03379
-0.033781
-0.0337662
-0.0337541
-0.0337392
-0.033727
-0.0337121
-0.0336941
-0.0336791
-0.0336642
-0.0336462
-0.0336257
-0.0336046
-0.0335868
-0.033569
-0.0335482
-0.0335305
-0.0335125
-0.0334917
-0.0334768
-0.0334564
-0.0334355
-0.0334121
-0.0333886
-0.0333653
-0.033342
-0.0333188
-0.033296
-0.0332727
-0.0332469
-0.0332211
-0.0332012
-0.0331755
-0.0331526
-0.0331239
-0.0331009
-0.0330781
-0.0330521
-0.0330264
-0.0330005
-0.0329775
-0.0329516
-0.0329254
-0.0328995
-0.0328736
-0.0328536
-0.0328278
-0.032808
-0.0327883
-0.0327686
-0.0327493
-0.0327356
-0.0327164
-0.0326974
-0.0326812
-0.0326654
-0.0326493
-0.0326308
-0.0326149
-0.032599
-0.0325832
-0.0325645
-0.0325486
-0.032533
-0.0325203
-0.032508
-0.0324957
-0.0324864
-0.0324773
-0.0324737
-0.0324673
-0.0324636
-0.0324656
-0.0324677
-0.0324696
-0.0324745
-0.0324763
-0.032484
-0.0324914
-0.0324987
-0.0325091
-0.0325224
-0.0325358
-0.0325549
-0.0325684
-0.0325877
-0.0326043
-0.0326238
-0.0326461
-0.0326658
-0.0326852
-0.0327051
-0.032725
-0.0327421
-0.0327623
-0.0327827
-0.0328054
-0.0328226
-0.0328455
-0.0328658
-0.0328889
-0.0329151
-0.0329381
-0.0329669
-0.0329931
-0.0330221
-0.0330483
-0.0330805
-0.0331126
-0.0331475
-0.0331767
-0.0332119
-0.0332446
-0.0332799
-0.0333152
-0.0333533
-0.0333918
-0.0334303
-0.0334687
-0.03351
-0.0335513
-0.0335926
-0.0336316
-0.033676
-0.0337177
-0.0337595
-0.0338014
-0.0338433
-0.0338827
-0.0339318
-0.0339751
-0.0340212
-0.0340675
-0.0341083
-0.0341517
-0.0341949
-0.0342442
-0.0343116
-0.0343516
-0.034392
-0.0344324
-0.0344729
-0.0345134
-0.0345511
-0.0345888
-0.0346293
-0.0346673
-0.0347027
-0.0347409
-0.0347789
-0.0348171
-0.0348793
-0.0349176
-0.034956
-0.0349966
-0.035032
-0.0350699
-0.0351052
-0.0351437
-0.0351796
-0.0352152
-0.035248
-0.0352834
-0.035316
-0.0353518
-0.0353846
-0.0354358
-0.0354626
-0.035492
-0.0355189
-0.0355459
-0.035573
-0.0356
-0.0356245
-0.0356487
-0.0356728
-0.0356995
-0.0357234
-0.0357472
-0.0357739
-0.0357978
-0.0358215
-0.0358453
-0.0358715
-0.0358948
-0.0359181
-0.0359438
-0.0359667
-0.0359898
-0.0360153
-0.0360351
-0.036058
-0.0360782
-0.0361013
-0.0361215
-0.0361446
-0.0361652
-0.0361829
-0.0362064
-0.0362244
-0.0362425
-0.0362634
-0.0362785
-0.0362997
-0.0363144
-0.0363298
-0.0363451
-0.0363637
-0.0363761
-0.0363919
-0.0364078
-0.0364231
-0.0364418
-0.0364545
-0.0364705
-0.0364833
-0.036502
-0.0365208
-0.0365362
-0.036555
-0.0365737
-0.036595
-0.0366138
-0.0366329
-0.0366577
-0.0366767
-0.0366957
-0.0367207
-0.0367422
-0.0367671
-0.0367892
-0.0368112
-0.036834
-0.0368602
-0.0368857
-0.036909
-0.0369316
-0.0369577
-0.0369815
-0.037005
-0.0370286
-0.0370553
-0.0370786
-0.037105
-0.0371316
-0.0371581
-0.0371846
-0.0372081
-0.0372342
-0.0372576
-0.0372837
-0.0373099
-0.0373333
-0.0373592
-0.0373825
-0.0374087
-0.0374323
-0.0374561
-0.0374826
-0.0375099
-0.0375316
-0.0375559
-0.037575
-0.037597
-0.0376166
-0.0376365
-0.0376566
-0.0376739
-0.0376888
-0.037704
-0.0377193
-0.0377344
-0.0377469
-0.0377619
-0.0377743
-0.0377866
-0.0377983
-0.0378103
-0.0378221
-0.0378366
-0.0378485
-0.0378601
-0.0378713
-0.0378825
-0.0378938
-0.0379049
-0.0379194
-0.0379302
-0.0379411
-0.0379521
-0.0379631
-0.0379768
-0.0379877
-0.0379988
-0.0380101
-0.0380215
-0.0380357
-0.0380471
-0.0380588
-0.0380707
-0.0380827
-0.0380945
-0.0381065
-0.0381185
-0.038128
-0.0381402
-0.0381525
-0.0381618
-0.0381738
-0.0381832
-0.0381933
-0.0382033
-0.0382155
-0.0382248
-0.0382342
-0.0382439
-0.0382566
-0.0382688
-0.0382806
-0.0382896
-0.0383024
-0.0383154
-0.0383253
-0.0383378
-0.0383501
-0.0383628
-0.0383734
-0.0383842
-0.0383978
-0.0384086
-0.0384193
-0.0384301
-0.0384406
-0.0384511
-0.0384614
-0.0384714
-0.0384816
-0.0384888
-0.0384962
-0.0385004
-0.0385071
-0.0385136
-0.0385171
-0.0385231
-0.038526
-0.0385316
-0.038534
-0.0385298
-0.0385343
-0.0385362
-0.038541
-0.0385455
-0.038547
-0.0385538
-0.0385575
-0.0385637
-0.0385669
-0.0385728
-0.0385782
-0.0385836
-0.0385915
-0.0385962
-0.0386034
-0.0386074
-0.0386137
-0.0386167
-0.038622
-0.0386268
-0.0386313
-0.0386323
-0.0386358
-0.0386418
-0.0386446
-0.038647
-0.0386521
-0.0386545
-0.0386597
-0.0386646
-0.0386725
-0.0386774
-0.0386823
-0.0386872
-0.038692
-0.0386968
-0.0387043
-0.0387087
-0.0387099
-0.0387139
-0.0387178
-0.0387213
-0.0387246
-0.0387276
-0.0387303
-0.0387323
-0.0387339
-0.0387347
-0.0387352
-0.0387352
-0.0387346
-0.0387306
-0.038729
-0.0387268
-0.0387242
-0.0387212
-0.038718
-0.0387145
-0.0387109
-0.0387069
-0.0386999
-0.0386958
-0.0386918
-0.0386848
-0.0386807
-0.03868
-0.0386728
-0.0386655
-0.0386582
-0.0386506
-0.038643
-0.0386322
-0.038621
-0.0386097
-0.0385979
-0.0385858
-0.0385704
-0.0385581
-0.0385417
-0.0385249
-0.0385077
-0.0384901
-0.0384689
-0.0384475
-0.0384259
-0.038404
-0.038379
-0.0383568
-0.0383314
-0.0383064
-0.0382812
-0.0382563
-0.0382316
-0.0382072
-0.0381831
-0.0381593
-0.0381328
-0.0381064
-0.0380804
-0.0380574
-0.0380316
-0.038009
-0.0379834
-0.0379579
-0.0379325
-0.0379071
-0.0378816
-0.0378561
-0.0378305
-0.0378048
-0.037779
-0.0377531
-0.0377303
-0.0377074
-0.0376815
-0.0376587
-0.0376361
-0.0376137
-0.0375944
-0.0375687
-0.0375468
-0.0375282
-0.0375099
-0.0374919
-0.0374713
-0.0374511
-0.0374311
-0.0374147
-0.0373924
-0.0373766
-0.0373581
-0.0373398
-0.0373217
-0.0373037
-0.0372859
-0.0372681
-0.0372535
-0.0372359
-0.0372183
-0.0372006
-0.0371831
-0.0371656
-0.0371513
-0.0371339
-0.0371227
-0.0371086
-0.0370947
-0.0370841
-0.0370704
-0.037057
-0.0370407
-0.0370278
-0.0370182
-0.0370058
-0.0369935
-0.0369815
-0.0369728
-0.0369611
-0.0369496
-0.0369381
-0.0369298
-0.0369185
-0.0369071
-0.0368958
-0.0368876
-0.0368763
-0.0368648
-0.0368533
-0.0368446
-0.0368326
-0.0368204
-0.0368079
-0.0367951
-0.0367821
-0.0367724
-0.0367589
-0.0367451
-0.0367312
-0.036717
-0.0366996
-0.0366852
-0.0366708
-0.0366563
-0.0366419
-0.0366242
-0.0366099
-0.0365956
-0.0365781
-0.0365639
-0.0365496
-0.0365354
-0.036521
-0.0365066
-0.0364889
-0.0364743
-0.0364564
-0.0364383
-0.0364201
-0.0364049
-0.0363863
-0.0363676
-0.0363518
-0.0363327
-0.0363133
-0.0362937
-0.0362707
-0.0362507
-0.0362238
-0.0362035
-0.0361862
-0.0361657
-0.0361483
-0.0361278
-0.0361107
-0.0360933
-0.0360726
-0.036052
-0.0360312
-0.0360136
-0.0359959
-0.0359749
-0.035957
-0.0359389
-0.0359174
-0.0358989
-0.0358834
-0.0358613
-0.0358358
-0.0358133
-0.0357873
-0.0357643
-0.0357446
-0.0357276
-0.035707
-0.0356859
-0.0356717
-0.0356538
-0.0356358
-0.0356212
-0.0356026
-0.0355876
-0.035566
-0.0355477
-0.0355193
-0.0354977
-0.0354729
-0.0354412
-0.0354132
-0.0353786
-0.0353443
-0.0353064
-0.0352749
-0.0352533
-0.0352312
-0.0352158
-0.0352068
-0.0351977
-0.0351985
-0.0351923
-0.0351823
-0.0351725
-0.0351661
-0.0351529
-0.0351363
-0.0351232
-0.0351069
-0.0350841
-0.0350648
-0.0350456
-0.0350233
-0.0349977
-0.0349755
-0.0349534
-0.0349313
-0.0348994
-0.0348806
-0.0348617
-0.034846
-0.0348302
-0.034811
-0.0347983
-0.0347854
-0.0347724
-0.0347593
-0.0347462
-0.0347329
-0.0347197
-0.0347064
-0.0346867
-0.0346736
-0.0346574
-0.0346446
-0.0346319
-0.0346195
-0.0346106
-0.0346017
-0.0345929
-0.0345841
-0.0345754
-0.0345666
-0.0345578
-0.0345489
-0.0345399
-0.0345308
-0.0345216
-0.0345124
-0.0345031
-0.0344937
-0.0344842
-0.0344746
-0.0344684
-0.0344585
-0.0344486
-0.0344387
-0.0344287
-0.0344187
-0.0344087
-0.0343987
-0.0343888
-0.0343789
-0.0343658
-0.034356
-0.0343463
-0.0343366
-0.0343268
-0.0343171
-0.034304
-0.0342941
-0.0342841
-0.0342708
-0.0342607
-0.0342472
-0.0342369
-0.0342232
-0.0342128
-0.034199
-0.0341851
-0.0341712
-0.0341571
-0.0341396
-0.0341254
-0.0341077
-0.0340933
-0.0340755
-0.0340577
-0.0340398
-0.0340254
-0.0340075
-0.0339891
-0.0339708
-0.0339525
-0.0339342
-0.0339159
-0.0338944
-0.0338762
-0.0338581
-0.0338401
-0.0338187
-0.0338007
-0.0337793
-0.0337612
-0.0337398
-0.0337252
-0.0337037
-0.033682
-0.0336603
-0.0336386
-0.0336134
-0.0335914
-0.0335693
-0.0335437
-0.0335214
-0.0334957
-0.0334698
-0.0334473
-0.0334214
-0.0333954
-0.0333694
-0.0333401
-0.0333141
-0.0332882
-0.0332624
-0.0332366
-0.0332109
-0.0331852
-0.0331595
-0.0331338
-0.033108
-0.0330821
-0.0330562
-0.0330302
-0.0330075
-0.0329813
-0.0329549
-0.0329283
-0.0329016
-0.0328748
-0.0328511
-0.0328239
-0.0327966
-0.032769
-0.0327412
-0.0327131
-0.032685
-0.0326566
-0.0326281
-0.0325961
-0.0325672
-0.0325381
-0.0325089
-0.0324763
-0.032447
-0.0324208
-0.0323913
-0.0323617
-0.032332
-0.0323022
-0.0322756
-0.0322456
-0.0322154
-0.0321851
-0.0321545
-0.0321271
-0.0320962
-0.0320649
-0.0320302
-0.0320018
-0.0319698
-0.0319376
-0.031905
-0.0318688
-0.0318358
-0.0317992
-0.0317625
-0.0317114
-0.0316777
-0.0316474
-0.0316204
-0.03159
-0.0315595
-0.0315322
-0.0315016
-0.0314742
-0.0314471
-0.0314199
-0.0313893
-0.0313621
-0.0313316
-0.0313044
-0.0312739
-0.0312467
-0.0312199
-0.031186
-0.0311555
-0.0311217
-0.0310947
-0.0310643
-0.031034
-0.0310105
-0.03098
-0.0309532
-0.0309228
-0.0308924
-0.0308689
-0.0308386
-0.0308117
-0.0307814
-0.0307547
-0.030728
-0.030698
-0.0306714
-0.0306415
-0.0306187
-0.0305924
-0.0305663
-0.0305403
-0.0305144
-0.0304921
-0.03047
-0.0304476
-0.0304254
-0.0304036
-0.0303853
-0.0303672
-0.0303492
-0.0303315
-0.0303139
-0.0302998
-0.0302824
-0.0302651
-0.030248
-0.0302342
-0.0302171
-0.0301996
-0.0301822
-0.0301647
-0.0301473
-0.0301299
-0.0301124
-0.0300949
-0.0300773
-0.0300597
-0.030042
-0.0300243
-0.0300065
-0.0299886
-0.0299707
-0.0299527
-0.0299348
-0.0299168
-0.0298988
-0.0298808
-0.0298663
-0.0298484
-0.0298305
-0.0298162
-0.0297983
-0.0297838
-0.0297727
-0.0297583
-0.0297441
-0.0297298
-0.0297191
-0.0297049
-0.0296943
-0.0296803
-0.0296698
-0.0296558
-0.029642
-0.0296283
-0.0296148
-0.0296013
-0.0295879
-0.0295711
-0.0295542
-0.0295374
-0.0295212
-0.029505
-0.0294888
-0.0294695
-0.0294535
-0.0294376
-0.0294218
-0.029406
-0.0293902
-0.0293745
-0.029359
-0.0293436
-0.0293283
-0.0293165
-0.0293015
-0.0292865
-0.0292718
-0.0292571
-0.0292425
-0.0292281
-0.0292172
-0.0292032
-0.0291927
-0.0291791
-0.0291688
-0.0291585
-0.0291484
-0.0291387
-0.0291289
-0.0291194
-0.0291134
-0.0291073
-0.0291016
-0.0290927
-0.029087
-0.0290815
-0.0290729
-0.0290675
-0.0290623
-0.0290603
-0.0290586
-0.0290537
-0.0290554
-0.029054
-0.0290558
-0.0290579
-0.0290633
-0.0290687
-0.029071
-0.0290764
-0.0290786
-0.0290842
-0.0290834
-0.0290891
-0.0290982
-0.0291007
-0.0291099
-0.0291159
-0.0291251
-0.0291311
-0.0291402
-0.0291497
-0.0291559
-0.0291653
-0.0291749
-0.0291845
-0.0291909
-0.0292006
-0.0292068
-0.0292134
-0.0292231
-0.0292297
-0.0292395
-0.0292492
-0.0292589
-0.0292689
-0.0292756
-0.0292856
-0.0292892
-0.0292961
-0.0293028
-0.029307
-0.0293139
-0.0293212
-0.0293282
-0.0293354
-0.0293427
-0.0293502
-0.0293574
-0.0293651
-0.0293727
-0.0293835
-0.0293914
-0.0294023
-0.0294136
-0.029422
-0.0294333
-0.0294447
-0.0294564
-0.0294711
-0.0294829
-0.0294915
-0.0295034
-0.029512
-0.0295208
-0.0295268
-0.0295327
-0.0295385
-0.0295411
-0.0295468
-0.0295495
-0.0295489
-0.0295515
-0.0295512
-0.0295475
-0.0295504
-0.029547
-0.0295463
-0.0295394
-0.0295388
-0.0295322
-0.0295253
-0.0295215
-0.0295148
-0.0295048
-0.0294951
-0.0294885
-0.0294818
-0.0294723
-0.0294625
-0.0294564
-0.0294497
-0.0294403
-0.0294337
-0.0294271
-0.0294204
-0.0294097
-0.0294024
-0.029395
-0.029391
-0.0293837
-0.0293775
-0.0293714
-0.0293684
-0.0293627
-0.0293569
-0.0293515
-0.0293462
-0.0293438
-0.0293389
-0.0293339
-0.029329
-0.0293245
-0.0293225
-0.0293179
-0.0293138
-0.0293093
-0.0293047
-0.0293005
-0.0292963
-0.0292923
-0.029291
-0.0292907
-0.0292858
-0.0292835
-0.0292846
-0.0292857
-0.0292862
-0.0293024
-0.0293129
-0.0293262
-0.0293295
-0.0293376
-0.0293388
-0.0293473
-0.0293368
-0.0293277
-0.0293085
-0.0292822
-0.0292609
-0.029242
-0.0292201
-0.0292038
-0.029188
-0.0291753
-0.0291634
-0.0291586
-0.0291549
-0.0291609
-0.0291701
-0.0291827
-0.0291955
-0.029217
-0.0292412
-0.0292685
-0.029296
-0.0293395
-0.029386
-0.0294326
-0.0294858
-0.0295262
-0.0295603
-0.0295975
-0.0296382
-0.0296818
-0.0297253
-0.0297654
-0.0298117
-0.0298548
-0.0299005
-0.0299491
-0.0300042
-0.0300561
-0.0301048
-0.0301601
-0.0302126
-0.0302657
-0.030313
-0.0303675
-0.0304227
-0.030478
-0.0305339
-0.0305872
-0.0306373
-0.0307006
-0.0307572
-0.0308267
-0.0308805
-0.0309302
-0.0309767
-0.031023
-0.0310661
-0.0311052
-0.0311505
-0.0311885
-0.0312231
-0.0312513
-0.0312852
-0.0313163
-0.0313536
-0.0313813
-0.0314152
-0.0314527
-0.0314745
-0.031505
-0.031539
-0.0315606
-0.0315926
-0.031621
-0.0316526
-0.0316845
-0.0317157
-0.0317467
-0.0317706
-0.0317976
-0.0318244
-0.0318538
-0.0318796
-0.0318991
-0.0319208
-0.0319434
-0.031966
-0.0319849
-0.0320018
-0.032028
-0.0320486
-0.0320689
-0.0320858
-0.0321093
-0.0321391
-0.032156
-0.0321819
-0.0322022
-0.0322258
-0.0322455
-0.0322587
-0.0322752
-0.0322905
-0.032309
-0.0323174
-0.0323377
-0.0323521
-0.0323596
-0.032367
-0.0323777
-0.0323849
-0.0323886
-0.0323993
-0.032416
-0.0324261
-0.0324384
-0.0324412
-0.0324469
-0.0324457
-0.0324437
-0.0324384
-0.032425
-0.0324256
-0.0324222
-0.0324188
-0.0324146
-0.0324146
-0.0324107
-0.0323998
-0.0323956
-0.0323876
-0.0323763
-0.0323685
-0.0323637
-0.0323594
-0.032355
-0.0323472
-0.0323363
-0.0323289
-0.0323214
-0.0323101
-0.0322955
-0.0322877
-0.0322835
-0.0322719
-0.0322569
-0.0322382
-0.0322198
-0.0322042
-0.0321853
-0.0321689
-0.032156
-0.0321432
-0.0321373
-0.032121
-0.0321015
-0.0320823
-0.032056
-0.0320329
-0.0320091
-0.0319888
-0.0319648
-0.0319413
-0.0319246
-0.0319035
-0.0318792
-0.0318579
-0.0318332
-0.0318048
-0.0317761
-0.031744
-0.0317145
-0.0316891
-0.0316674
-0.0316486
-0.031619
-0.0316006
-0.0315709
-0.0315384
-0.0315125
-0.0314794
-0.0314535
-0.0314276
-0.0314058
-0.0313833
-0.0313541
-0.0313281
-0.0312983
-0.03127
-0.031245
-0.0312123
-0.0311893
-0.0311695
-0.0311503
-0.0311307
-0.0311109
-0.0310914
-0.0310755
-0.0310487
-0.0310252
-0.0310023
-0.0309754
-0.0309523
-0.0309334
-0.0309179
-0.0308985
-0.030875
-0.0308522
-0.0308298
-0.030803
-0.0307727
-0.0307534
-0.0307301
-0.03071
-0.0306941
-0.0306824
-0.0306627
-0.030647
-0.0306277
-0.0306084
-0.0305929
-0.0305732
-0.0305534
-0.0305373
-0.0305248
-0.0305086
-0.0305002
-0.0304878
-0.0304712
-0.0304587
-0.0304459
-0.0304373
-0.0304244
-0.0304152
-0.0304062
-0.0304013
-0.0303953
-0.0303904
-0.0303932
-0.0303841
-0.030379
-0.0303742
-0.0303692
-0.030364
-0.0303586
-0.0303533
-0.0303519
-0.0303499
-0.0303563
-0.0303585
-0.0303609
-0.0303629
-0.0303611
-0.0303673
-0.0303658
-0.030368
-0.0303666
-0.0303652
-0.0303635
-0.0303659
-0.0303606
-0.0303675
-0.0303702
-0.0303776
-0.0303804
-0.0303911
-0.0303982
-0.0304096
-0.0304172
-0.0304243
-0.0304356
-0.0304475
-0.0304594
-0.0304718
-0.0304842
-0.0305007
-0.0305138
-0.0305267
-0.0305447
-0.0305547
-0.0305728
-0.0305836
-0.0306064
-0.0306216
-0.0306368
-0.0306491
-0.0306692
-0.0306809
-0.0307015
-0.0307219
-0.0307555
-0.0307762
-0.0308142
-0.0308399
-0.0308613
-0.0308658
-0.030892
-0.03091
-0.0309366
-0.0309632
-0.0309861
-0.0310086
-0.0310317
-0.0310593
-0.0310825
-0.0311111
-0.0311348
-0.0311586
-0.0311696
-0.0312025
-0.0312232
-0.0312458
-0.0312757
-0.0312814
-0.0312994
-0.0313342
-0.03136
-0.0313776
-0.0313963
-0.0314154
-0.0314435
-0.031468
-0.0314879
-0.0315126
-0.0315292
-0.0315373
-0.0315546
-0.0315755
-0.0315964
-0.0316165
-0.0316251
-0.0316383
-0.031648
-0.0316572
-0.031676
-0.0316979
-0.0317128
-0.0317314
-0.0317379
-0.0317561
-0.0317651
-0.0317649
-0.0317705
-0.0317804
-0.0317867
-0.0317969
-0.0318072
-0.0318134
-0.0318202
-0.0318177
-0.0318201
-0.0318263
-0.0318332
-0.0318316
-0.031834
-0.031835
-0.0318327
-0.0318352
-0.031833
-0.0318185
-0.0318223
-0.0318121
-0.0318146
-0.0318169
-0.0318189
-0.0318169
-0.0318114
-0.0318102
-0.0318042
-0.0318072
-0.0317999
-0.0317933
-0.0317962
-0.031804
-0.0318072
-0.03182
-0.0318187
-0.0318131
-0.0318163
-0.0318205
-0.0318325
-0.0318261
-0.0318346
-0.0318294
-0.0318286
-0.0318336
-0.0318423
-0.031842
-0.0318467
-0.0318416
-0.0318368
-0.0318364
-0.0318455
-0.0318451
-0.0318493
-0.0318528
-0.0318564
-0.0318594
-0.0318719
-0.0318757
-0.0318791
-0.0318832
-0.0318818
-0.0318898
-0.0318928
-0.0319154
-0.0319238
-0.0319326
-0.0319421
-0.0319466
-0.031955
-0.0319641
-0.0319925
-0.0320018
-0.0320153
-0.0320254
-0.0320295
-0.0320338
-0.0320434
-0.0320627
-0.0320771
-0.0320914
-0.032101
-0.0321054
-0.0321101
-0.0321201
-0.0321447
-0.0321548
-0.0321699
-0.0321854
-0.0321907
-0.032201
-0.0322151
-0.0322355
-0.0322552
-0.0322798
-0.0322998
-0.0323144
-0.0323284
-0.0323478
-0.0323728
-0.032392
-0.0324167
-0.0324447
-0.0324608
-0.0324824
-0.0325087
-0.0325391
-0.0325639
-0.0326212
-0.0326632
-0.0327157
-0.0327533
-0.0327854
-0.0328176
-0.0328554
-0.0328927
-0.0329299
-0.0329733
-0.033012
-0.033051
-0.0331227
-0.0331552
-0.0331921
-0.0332288
-0.03326
-0.0333022
-0.0333285
-0.0333599
-0.0333858
-0.0334168
-0.0334482
-0.0334845
-0.0335148
-0.0335345
-0.0335642
-0.0335893
-0.0336094
-0.0336397
-0.0336649
-0.0336902
-0.033715
-0.0337495
-0.0337785
-0.033803
-0.0338372
-0.033871
-0.0338946
-0.0339129
-0.0339314
-0.0339497
-0.0339729
-0.0339913
-0.0340041
-0.0340171
-0.0340302
-0.0340432
-0.0340612
-0.0340637
-0.0340769
-0.0340844
-0.0340917
-0.0340951
-0.0340977
-0.0341052
-0.0341077
-0.0341054
-0.0341072
-0.0341149
-0.0341226
-0.0341355
-0.0341328
-0.0341505
-0.0341577
-0.034161
-0.0341691
-0.0341719
-0.0341797
-0.0341825
-0.0341798
-0.0341819
-0.034184
-0.0341911
-0.0341935
-0.03419
-0.0341913
-0.034193
-0.0341945
-0.0341853
-0.0341704
-0.0341672
-0.0341689
-0.0341707
-0.0341618
-0.034158
-0.0341593
-0.0341595
-0.03416
-0.0341663
-0.0341666
-0.0341665
-0.0341711
-0.0341761
-0.0341754
-0.0341754
-0.034169
-0.0341679
-0.0341674
-0.0341607
-0.0341646
-0.034163
-0.0341665
-0.034164
-0.0341615
-0.0341585
-0.0341552
-0.0341513
-0.0341475
-0.0341437
-0.0341444
-0.0341401
-0.0341409
-0.034136
-0.034137
-0.0341374
-0.0341387
-0.0341341
-0.0341296
-0.0341361
-0.0341315
-0.0341269
-0.0341274
-0.0341281
-0.0341228
-0.0341285
-0.0341233
-0.0341233
-0.034124
-0.0341238
-0.0341239
-0.034124
-0.0341238
-0.0341188
-0.0341188
-0.0341188
-0.0341239
-0.0341232
-0.0341281
-0.0341275
-0.0341268
-0.0341264
-0.0341249
-0.0341245
-0.0341233
-0.0341113
-0.0341152
-0.0341083
-0.03411
-0.0341116
-0.0341133
-0.0341149
-0.0341165
-0.0341181
-0.0341196
-0.0341211
-0.0341227
-0.0341242
-0.0341258
-0.0341273
-0.0341288
-0.0341304
-0.0341319
-0.0341334
-0.0341349
-0.0341364
-0.0341379
-0.0341394
-0.034141
-0.0341425
-0.0341441
-0.0341456
-0.0341472
-0.0341488
-0.0341503
-0.0341519
-0.0341534
-0.0341549
-0.0341564
-0.0341579
-0.0341594
-0.0341609
-0.0341624
-0.0341639
-0.0341654
-0.034167
-0.0341685
-0.0341701
-0.0341716
-0.0341731
-0.0341746
-0.0341761
-0.0341775
-0.0341789
-0.0341803
-0.0341817
-0.034183
-0.0341843
-0.0341856
-0.0341869
-0.0341881
-0.0341894
-0.0341906
-0.0341918
-0.0341929
-0.0341941
-0.0341952
-0.0341963
-0.0341975
-0.0341986
-0.0341998
-0.0342009
-0.034202
-0.0342031
-0.0342042
-0.0342053
-0.0342064
-0.0342074
-0.0342084
-0.0342094
-0.0342103
-0.0342112
-0.0342122
-0.0342131
-0.0342141
-0.0342151
-0.034216
-0.0342169
-0.0342179
-0.0342188
-0.0342197
-0.0342206
-0.0342216
-0.0342225
-0.0342235
-0.0342245
-0.0342255
-0.0342265
-0.0342275
-0.0342286
-0.0342297
-0.0342308
-0.0342319
-0.0342331
-0.0342343
-0.0342355
-0.0342367
-0.034238
-0.0342392
-0.0342405
-0.0342418
-0.0342431
-0.0342444
-0.0342458
-0.0342471
-0.0342484
-0.0342497
-0.034251
-0.0342523
-0.0342538
-0.0342552
-0.0342567
-0.0342583
-0.03426
-0.0342617
-0.0342635
-0.0342653
-0.0342671
-0.0342689
-0.0342707
-0.0342725
-0.0342744
-0.0342763
-0.0342782
-0.0342801
-0.034282
-0.0342839
-0.0342858
-0.0342877
-0.0342897
-0.0342916
-0.0342935
-0.0342955
-0.0342975
-0.0342995
-0.0343014
-0.0343034
-0.0343053
-0.0343073
-0.0343093
-0.0343113
-0.0343132
-0.0343152
-0.0343172
-0.0343192
-0.0343211
-0.034323
-0.0343248
-0.0343267
-0.0343285
-0.0343304
-0.0343322
-0.034334
-0.0343358
-0.0343376
-0.0343394
-0.0343412
-0.0343429
-0.0343447
-0.0343464
-0.0343481
-0.0343498
-0.0343515
-0.0343531
-0.0343547
-0.0343563
-0.0343578
-0.0343593
-0.0343607
-0.0343621
-0.0343634
-0.0343648
-0.0343661
-0.0343675
-0.0343687
-0.03437
-0.0343712
-0.0343724
-0.0343736
-0.0343747
-0.0343758
-0.0343769
-0.034378
-0.034379
-0.0343801
-0.0343809
-0.0343818
-0.0343827
-0.0343836
-0.0343846
-0.0343855
-0.0343863
-0.0343872
-0.0343881
-0.034389
-0.0343898
-0.0343907
-0.0343915
-0.0343924
-0.0343933
-0.0343942
-0.0343951
-0.0343959
-0.0343968
-0.0343977
-0.0343986
-0.0343996
-0.0344004
-0.0344013
-0.0344021
-0.0344029
-0.0344037
-0.0344045
-0.0344052
-0.0344059
-0.0344066
-0.0344073
-0.0344081
-0.0344087
-0.0344094
-0.0344101
-0.0344108
-0.0344114
-0.0344121
-0.0344127
-0.0344134
-0.0344141
-0.0344148
-0.0344154
-0.0344161
-0.0344168
-0.0344174
-0.0344181
-0.0344187
-0.0344193
-0.0344199
-0.0344204
-0.034421
-0.0344215
-0.034422
-0.0344225
-0.034423
-0.0344236
-0.0344241
-0.0344247
-0.0344252
-0.0344257
-0.0344263
-0.0344268
-0.0344274
-0.034428
-0.0344285
-0.0344291
-0.0344297
-0.0344303
-0.0344309
-0.0344315
-0.0344321
-0.0344327
-0.0344333
-0.0344339
-0.0344345
-0.034435
-0.0344356
-0.0344362
-0.0344368
-0.0344373
-0.0344378
-0.0344383
-0.0344388
-0.0344394
-0.0344399
-0.0344405
-0.0344411
-0.0344414
-0.0344418
-0.0344421
-0.0344425
-0.0344428
-0.0344432
-0.0344436
-0.0344439
-0.0344442
-0.0344444
-0.0344447
-0.034445
-0.0344453
-0.0344455
-0.0344456
-0.0344457
-0.0344458
-0.0344459
-0.034446
-0.0344461
-0.0344462
-0.0344463
-0.0344465
-0.0344466
-0.0344468
-0.0344469
-0.034447
-0.0344471
-0.0344472
-0.0344473
-0.0344474
-0.0344475
-0.0344477
-0.0344478
-0.034448
-0.0344481
-0.0344483
-0.0344484
-0.0344486
-0.0344487
-0.0344488
-0.0344489
-0.034449
-0.0344491
-0.0344493
-0.0344494
-0.0344496
-0.0344497
-0.0344498
-0.0344499
-0.03445
-0.0344501
-0.0344501
-0.0344501
-0.0344502
-0.0344502
-0.0344502
-0.0344502
-0.0344502
-0.0344502
-0.0344502
-0.0344502
-0.0344502
-0.0344502
-0.0344502
-0.0344503
-0.0344503
-0.0344504
-0.0344506
-0.0344508
-0.0344509
-0.0344511
-0.0344512
-0.0344514
-0.0344516
-0.0344519
-0.0344521
-0.0344524
-0.0344527
-0.034453
-0.0344533
-0.0344535
-0.0344538
-0.034454
-0.0344543
-0.0344546
-0.0344549
-0.0344552
-0.0344555
-0.0344558
-0.0344561
-0.0344564
-0.0344567
-0.034457
-0.0344573
-0.0344576
-0.0344579
-0.0344581
-0.0344583
-0.0344586
-0.0344588
-0.0344591
-0.0344593
-0.0344595
-0.0344597
-0.0344599
-0.0344601
-0.0344603
-0.0344604
-0.0344606
-0.0344609
-0.0344611
-0.0344613
-0.0344615
-0.0344617
-0.0344619
-0.0344621
-0.0344623
-0.0344624
-0.0344625
-0.0344626
-0.0344627
-0.0344628
-0.0344629
-0.034463
-0.0344632
-0.0344633
-0.0344634
-0.0344636
-0.0344637
-0.0344639
-0.0344641
-0.0344643
-0.0344645
-0.0344647
-0.0344649
-0.0344651
-0.0344653
-0.0344656
-0.0344658
-0.034466
-0.0344663
-0.0344664
-0.0344666
-0.0344667
-0.0344668
-0.0344668
-0.0344669
-0.0344669
-0.034467
-0.0344671
-0.0344671
-0.0344672
-0.0344672
-0.0344673
-0.0344674
-0.0344675
-0.0344676
-0.0344677
-0.0344678
-0.034468
-0.0344681
-0.0344682
-0.0344684
-0.0344685
-0.0344687
-0.0344688
-0.0344688
-0.034469
-0.0344691
-0.0344692
-0.0344694
-0.0344695
-0.0344697
-0.0344698
-0.0344699
-0.03447
-0.0344701
-0.0344701
-0.0344702
-0.0344702
-0.0344702
-0.0344702
-0.0344702
-0.0344702
-0.0344702
-0.0344702
-0.0344702
-0.0344702
-0.0344702
-0.0344702
-0.0344701
-0.0344701
-0.0344701
-0.0344701
-0.0344701
-0.0344701
-0.0344701
-0.0344702
-0.0344702
-0.0344702
-0.0344701
-0.0344701
-0.0344701
-0.03447
-0.03447
-0.0344699
-0.0344699
-0.0344699
-0.0344699
-0.0344698
-0.0344697
-0.0344697
-0.0344697
-0.0344696
-0.0344696
-0.0344696
-0.0344696
-0.0344696
-0.0344696
-0.0344695
-0.0344695
-0.0344696
-0.0344696
-0.0344696
-0.0344696
-0.0344697
-0.0344697
-0.0344698
-0.0344699
-0.0344699
-0.0344699
-0.0344699
-0.0344699
-0.0344698
-0.0344698
-0.0344697
-0.0344697
-0.0344696
-0.0344695
-0.0344694
-0.0344693
-0.0344692
-0.0344691
-0.034469
-0.0344688
-0.0344687
-0.0344686
-0.0344685
-0.0344685
-0.0344684
-0.0344683
-0.0344682
-0.0344682
-0.0344681
-0.034468
-0.0344679
-0.0344678
-0.0344677
-0.0344676
-0.0344676
-0.0344675
-0.0344675
-0.0344675
-0.0344676
-0.0344676
-0.0344676
-0.0344676
-0.0344676
-0.0344676
-0.0344676
-0.0344676
-0.0344676
-0.0344676
-0.0344677
-0.0344678
-0.0344679
-0.034468
-0.0344681
-0.0344682
-0.0344684
-0.0344685
-0.0344687
-0.0344689
-0.0344692
-0.0344694
-0.0344696
-0.0344698
-0.0344701
-0.0344704
-0.0344706
-0.0344709
-0.0344712
-0.0344716
-0.0344719
-0.0344722
-0.0344725
-0.0344728
-0.0344732
-0.0344735
-0.0344738
-0.0344741
-0.0344744
-0.0344748
-0.0344751
-0.0344754
-0.0344757
-0.0344761
-0.0344764
-0.0344768
-0.0344771
-0.0344775
-0.0344779
-0.0344782
-0.0344784
-0.0344787
-0.0344789
-0.0344791
-0.0344793
-0.0344794
-0.0344796
-0.0344797
-0.0344798
-0.03448
-0.0344802
-0.0344804
-0.0344807
-0.0344809
-0.0344811
-0.0344813
-0.0344815
-0.0344817
-0.0344819
-0.0344821
-0.0344822
-0.0344824
-0.0344826
-0.0344827
-0.0344829
-0.034483
-0.0344832
-0.0344834
-0.0344835
-0.0344836
-0.0344837
-0.0344839
-0.034484
-0.0344841
-0.0344842
-0.0344843
-0.0344844
-0.0344846
-0.0344847
-0.0344848
-0.034485
-0.0344852
-0.0344854
-0.0344856
-0.0344858
-0.034486
-0.0344862
-0.0344864
-0.0344867
-0.0344869
-0.0344872
-0.0344874
-0.0344877
-0.0344879
-0.0344882
-0.0344885
-0.0344889
-0.0344892
-0.0344896
-0.0344901
-0.0344906
-0.0344911
-0.0344916
-0.0344921
-0.0344926
-0.034493
-0.0344934
-0.0344938
-0.0344942
-0.0344947
-0.0344952
-0.0344956
-0.0344961
-0.0344965
-0.034497
-0.0344974
-0.0344978
-0.0344983
-0.0344987
-0.0344991
-0.0344995
-0.0345
-0.0345004
-0.0345009
-0.0345014
-0.0345018
-0.0345022
-0.0345027
-0.0345031
-0.0345036
-0.034504
-0.0345044
-0.0345047
-0.0345052
-0.0345056
-0.034506
-0.0345064
-0.0345068
-0.0345072
-0.0345075
-0.0345078
-0.0345081
-0.0345084
-0.0345087
-0.034509
-0.0345092
-0.0345095
-0.0345097
-0.03451
-0.0345102
-0.0345105
-0.0345107
-0.0345109
-0.0345111
-0.0345112
-0.0345112
-0.0345113
-0.0345113
-0.0345114
-0.0345115
-0.0345116
-0.0345117
-0.0345118
-0.034512
-0.0345121
-0.0345123
-0.0345125
-0.0345127
-0.0345128
-0.034513
-0.0345131
-0.0345133
-0.0345135
-0.0345137
-0.0345139
-0.0345141
-0.0345142
-0.0345144
-0.0345145
-0.0345147
-0.034515
-0.0345153
-0.0345156
-0.0345159
-0.0345162
-0.0345165
-0.0345168
-0.0345171
-0.0345175
-0.0345179
-0.0345183
-0.0345186
-0.034519
-0.0345194
-0.0345198
-0.0345202
-0.0345207
-0.0345211
-0.0345216
-0.034522
-0.0345224
-0.0345229
-0.0345232
-0.0345236
-0.0345239
-0.0345242
-0.0345245
-0.0345247
-0.0345249
-0.0345251
-0.0345253
-0.0345255
-0.0345257
-0.0345258
-0.034526
-0.0345262
-0.0345263
-0.0345265
-0.0345267
-0.0345268
-0.034527
-0.0345271
-0.0345273
-0.0345275
-0.0345277
-0.0345279
-0.0345282
-0.0345284
-0.0345287
-0.0345289
-0.0345291
-0.0345294
-0.0345296
-0.0345299
-0.0345302
-0.0345305
-0.0345308
-0.0345311
-0.0345314
-0.0345317
-0.0345319
-0.0345322
-0.0345325
-0.0345327
-0.034533
-0.0345332
-0.0345334
-0.0345337
-0.0345339
-0.0345342
-0.0345344
-0.0345347
-0.034535
-0.0345352
-0.0345354
-0.0345356
-0.0345357
