-0.133281
-0.133281
-0.133281
-0.133281
-0.13328
-0.13328
-0.13328
-0.13328
-0.13328
-0.13328
-0.133279
-0.133279
-0.133279
-0.133279
-0.133278
-0.133278
-0.133278
-0.133278
-0.133277
-0.133277
-0.133277
-0.133276
-0.133276
-0.133276
-0.133275
-0.133275
-0.133275
-0.133274
-0.133274
-0.133274
-0.133273
-0.133273
-0.133273
-0.133272
-0.133272
-0.133271
-0.133271
-0.13327
-0.13327
-0.133269
-0.133268
-0.133268
-0.133267
-0.133267
-0.133266
-0.133265
-0.133265
-0.133264
-0.133264
-0.133263
-0.133262
-0.133262
-0.133261
-0.13326
-0.13326
-0.133259
-0.133258
-0.133258
-0.133257
-0.133256
-0.133256
-0.133255
-0.133254
-0.133254
-0.133253
-0.133252
-0.133251
-0.133251
-0.13325
-0.133249
-0.133248
-0.133247
-0.133246
-0.133245
-0.133244
-0.133244
-0.133243
-0.133242
-0.133241
-0.13324
-0.133239
-0.133238
-0.133237
-0.133235
-0.133234
-0.133233
-0.133232
-0.133231
-0.13323
-0.133229
-0.133227
-0.133226
-0.133225
-0.133223
-0.133222
-0.133221
-0.133219
-0.133218
-0.133217
-0.133215
-0.133214
-0.133212
-0.133211
-0.133209
-0.133208
-0.133207
-0.133205
-0.133204
-0.133202
-0.133201
-0.133199
-0.133198
-0.133196
-0.133195
-0.133193
-0.133192
-0.13319
-0.133189
-0.133187
-0.133186
-0.133184
-0.133182
-0.133181
-0.133179
-0.133178
-0.133176
-0.133175
-0.133173
-0.133172
-0.13317
-0.133169
-0.133167
-0.133166
-0.133164
-0.133163
-0.133161
-0.13316
-0.133158
-0.133156
-0.133155
-0.133153
-0.133152
-0.13315
-0.133148
-0.133147
-0.133145
-0.133144
-0.133142
-0.133141
-0.133139
-0.133138
-0.133136
-0.133135
-0.133133
-0.133132
-0.133131
-0.133129
-0.133128
-0.133126
-0.133125
-0.133124
-0.133122
-0.133121
-0.13312
-0.133118
-0.133117
-0.133116
-0.133115
-0.133113
-0.133112
-0.133111
-0.13311
-0.133108
-0.133107
-0.133106
-0.133105
-0.133104
-0.133102
-0.133101
-0.1331
-0.133099
-0.133098
-0.133096
-0.133095
-0.133094
-0.133093
-0.133092
-0.133091
-0.13309
-0.133088
-0.133087
-0.133086
-0.133085
-0.133084
-0.133083
-0.133082
-0.133081
-0.13308
-0.133079
-0.133078
-0.133077
-0.133076
-0.133076
-0.133075
-0.133074
-0.133073
-0.133072
-0.133071
-0.13307
-0.133069
-0.133068
-0.133068
-0.133067
-0.133066
-0.133065
-0.133064
-0.133063
-0.133062
-0.133061
-0.133061
-0.13306
-0.133059
-0.133058
-0.133057
-0.133056
-0.133056
-0.133055
-0.133054
-0.133054
-0.133053
-0.133052
-0.133052
-0.133051
-0.13305
-0.13305
-0.133049
-0.133048
-0.133047
-0.133047
-0.133046
-0.133045
-0.133044
-0.133044
-0.133043
-0.133042
-0.133042
-0.133041
-0.13304
-0.133039
-0.133039
-0.133038
-0.133037
-0.133036
-0.133035
-0.133034
-0.133034
-0.133033
-0.133032
-0.133031
-0.133031
-0.13303
-0.133029
-0.133028
-0.133028
-0.133027
-0.133026
-0.133025
-0.133025
-0.133024
-0.133023
-0.133022
-0.133022
-0.133021
-0.13302
-0.133019
-0.133019
-0.133018
-0.133017
-0.133017
-0.133016
-0.133015
-0.133014
-0.133014
-0.133013
-0.133012
-0.133012
-0.133011
-0.13301
-0.133009
-0.133009
-0.133008
-0.133007
-0.133007
-0.133006
-0.133005
-0.133004
-0.133004
-0.133003
-0.133002
-0.133002
-0.133001
-0.133
-0.133
-0.132999
-0.132998
-0.132998
-0.132997
-0.132996
-0.132996
-0.132995
-0.132994
-0.132994
-0.132993
-0.132992
-0.132992
-0.132991
-0.13299
-0.13299
-0.132989
-0.132988
-0.132988
-0.132987
-0.132986
-0.132986
-0.132985
-0.132985
-0.132984
-0.132983
-0.132983
-0.132982
-0.132982
-0.132981
-0.132981
-0.13298
-0.132979
-0.132979
-0.132978
-0.132978
-0.132977
-0.132977
-0.132977
-0.132976
-0.132976
-0.132976
-0.132975
-0.132975
-0.132975
-0.132974
-0.132974
-0.132974
-0.132973
-0.132973
-0.132972
-0.132972
-0.132972
-0.132971
-0.132971
-0.132971
-0.132971
-0.13297
-0.13297
-0.13297
-0.132969
-0.132969
-0.132969
-0.132968
-0.132968
-0.132968
-0.132967
-0.132967
-0.132966
-0.132966
-0.132966
-0.132965
-0.132965
-0.132964
-0.132964
-0.132964
-0.132963
-0.132963
-0.132962
-0.132962
-0.132961
-0.132961
-0.13296
-0.13296
-0.132959
-0.132959
-0.132958
-0.132958
-0.132957
-0.132957
-0.132956
-0.132956
-0.132955
-0.132955
-0.132955
-0.132954
-0.132954
-0.132953
-0.132953
-0.132952
-0.132952
-0.132951
-0.132951
-0.13295
-0.13295
-0.132949
-0.132949
-0.132949
-0.132948
-0.132948
-0.132947
-0.132947
-0.132947
-0.132946
-0.132946
-0.132946
-0.132945
-0.132945
-0.132944
-0.132944
-0.132944
-0.132943
-0.132943
-0.132943
-0.132942
-0.132942
-0.132942
-0.132941
-0.132941
-0.13294
-0.13294
-0.13294
-0.132939
-0.132939
-0.132939
-0.132938
-0.132938
-0.132937
-0.132937
-0.132937
-0.132936
-0.132936
-0.132935
-0.132935
-0.132935
-0.132934
-0.132934
-0.132933
-0.132933
-0.132932
-0.132932
-0.132931
-0.132931
-0.132931
-0.13293
-0.13293
-0.132929
-0.132929
-0.132928
-0.132928
-0.132927
-0.132927
-0.132926
-0.132926
-0.132925
-0.132925
-0.132924
-0.132924
-0.132923
-0.132923
-0.132923
-0.132922
-0.132922
-0.132921
-0.132921
-0.13292
-0.13292
-0.132919
-0.132919
-0.132918
-0.132918
-0.132917
-0.132917
-0.132916
-0.132916
-0.132915
-0.132914
-0.132914
-0.132913
-0.132913
-0.132912
-0.132912
-0.132911
-0.13291
-0.132909
-0.132909
-0.132908
-0.132907
-0.132906
-0.132906
-0.132905
-0.132904
-0.132903
-0.132902
-0.132901
-0.1329
-0.1329
-0.132899
-0.132898
-0.132897
-0.132896
-0.132895
-0.132894
-0.132893
-0.132892
-0.132891
-0.13289
-0.132889
-0.132889
-0.132888
-0.132887
-0.132886
-0.132885
-0.132884
-0.132884
-0.132883
-0.132882
-0.132881
-0.13288
-0.132878
-0.132877
-0.132876
-0.132874
-0.132873
-0.132871
-0.13287
-0.132868
-0.132867
-0.132866
-0.132864
-0.132863
-0.132861
-0.13286
-0.132859
-0.132857
-0.132856
-0.132854
-0.132853
-0.132851
-0.13285
-0.132848
-0.132847
-0.132846
-0.132844
-0.132843
-0.132841
-0.13284
-0.132839
-0.132837
-0.132836
-0.132835
-0.132833
-0.132832
-0.132831
-0.132829
-0.132828
-0.132827
-0.132826
-0.132824
-0.132823
-0.132822
-0.132821
-0.13282
-0.132819
-0.132818
-0.132817
-0.132815
-0.132814
-0.132813
-0.132812
-0.132811
-0.13281
-0.132809
-0.132807
-0.132806
-0.132805
-0.132804
-0.132803
-0.132802
-0.1328
-0.132799
-0.132798
-0.132797
-0.132796
-0.132795
-0.132793
-0.132792
-0.132791
-0.13279
-0.132789
-0.132788
-0.132787
-0.132787
-0.132787
-0.132786
-0.132786
-0.132786
-0.132786
-0.132786
-0.132786
-0.132786
-0.132786
-0.132785
-0.132785
-0.132785
-0.132785
-0.132785
-0.132785
-0.132785
-0.132785
-0.132785
-0.132784
-0.132784
-0.132784
-0.132785
-0.132785
-0.132785
-0.132785
-0.132785
-0.132785
-0.132785
-0.132785
-0.132785
-0.132785
-0.132785
-0.132785
-0.132785
-0.132785
-0.132785
-0.132785
-0.132785
-0.132785
-0.132785
-0.132784
-0.132784
-0.132784
-0.132784
-0.132784
-0.132784
-0.132784
-0.132784
-0.132784
-0.132784
-0.132784
-0.132784
-0.132784
-0.132784
-0.132784
-0.132784
-0.132784
-0.132785
-0.132785
-0.132785
-0.132785
-0.132785
-0.132785
-0.132785
-0.132785
-0.132786
-0.132786
-0.132786
-0.132786
-0.132786
-0.132786
-0.132786
-0.132786
-0.132786
-0.132786
-0.132786
-0.132786
-0.132786
-0.132787
-0.132787
-0.132787
-0.132787
-0.132787
-0.132787
-0.132788
-0.132788
-0.132788
-0.132788
-0.132789
-0.132789
-0.132789
-0.13279
-0.13279
-0.13279
-0.132791
-0.132791
-0.132792
-0.132792
-0.132793
-0.132793
-0.132794
-0.132794
-0.132794
-0.132795
-0.132795
-0.132796
-0.132796
-0.132796
-0.132797
-0.132797
-0.132797
-0.132798
-0.132798
-0.132798
-0.132799
-0.132799
-0.132799
-0.1328
-0.1328
-0.1328
-0.132801
-0.132801
-0.132802
-0.132802
-0.132802
-0.132803
-0.132803
-0.132803
-0.132804
-0.132804
-0.132805
-0.132805
-0.132805
-0.132806
-0.132806
-0.132807
-0.132807
-0.132808
-0.132808
-0.132808
-0.132809
-0.132809
-0.132809
-0.13281
-0.13281
-0.13281
-0.13281
-0.132811
-0.132811
-0.132811
-0.132811
-0.132812
-0.132812
-0.132812
-0.132812
-0.132813
-0.132813
-0.132813
-0.132814
-0.132814
-0.132814
-0.132815
-0.132815
-0.132815
-0.132816
-0.132816
-0.132816
-0.132817
-0.132817
-0.132818
-0.132818
-0.132819
-0.132819
-0.13282
-0.132821
-0.132821
-0.132822
-0.132823
-0.132823
-0.132824
-0.132825
-0.132826
-0.132826
-0.132827
-0.132828
-0.132829
-0.13283
-0.13283
-0.132831
-0.132832
-0.132833
-0.132833
-0.132834
-0.132835
-0.132835
-0.132836
-0.132837
-0.132838
-0.132838
-0.132839
-0.13284
-0.13284
-0.132841
-0.132842
-0.132842
-0.132843
-0.132844
-0.132844
-0.132845
-0.132846
-0.132846
-0.132847
-0.132847
-0.132848
-0.132848
-0.132849
-0.132849
-0.13285
-0.13285
-0.132851
-0.132851
-0.132852
-0.132852
-0.132852
-0.132852
-0.132852
-0.132851
-0.132851
-0.132851
-0.132851
-0.132851
-0.132851
-0.132851
-0.132851
-0.132851
-0.132851
-0.132851
-0.132851
-0.132851
-0.132851
-0.132851
-0.132851
-0.132851
-0.132852
-0.132852
-0.132852
-0.132852
-0.132852
-0.132852
-0.132852
-0.132852
-0.132852
-0.132852
-0.132852
-0.132852
-0.132852
-0.132852
-0.132852
-0.132852
-0.132852
-0.132852
-0.132852
-0.132852
-0.132852
-0.132852
-0.132852
-0.132852
-0.132852
-0.132852
-0.132852
-0.132852
-0.132852
-0.132852
-0.132853
-0.132853
-0.132853
-0.132853
-0.132853
-0.132853
-0.132854
-0.132854
-0.132854
-0.132854
-0.132854
-0.132854
-0.132854
-0.132855
-0.132855
-0.132855
-0.132855
-0.132855
-0.132856
-0.132856
-0.132856
-0.132857
-0.132857
-0.132857
-0.132857
-0.132858
-0.132858
-0.132858
-0.132859
-0.132859
-0.13286
-0.13286
-0.13286
-0.132861
-0.132861
-0.132862
-0.132862
-0.132863
-0.132863
-0.132863
-0.132864
-0.132864
-0.132865
-0.132865
-0.132866
-0.132866
-0.132867
-0.132867
-0.132867
-0.132868
-0.132868
-0.132869
-0.132869
-0.132869
-0.13287
-0.13287
-0.132871
-0.132871
-0.132871
-0.132872
-0.132872
-0.132873
-0.132873
-0.132874
-0.132874
-0.132875
-0.132875
-0.132876
-0.132877
-0.132877
-0.132878
-0.132878
-0.132879
-0.132879
-0.13288
-0.13288
-0.132881
-0.132881
-0.132882
-0.132882
-0.132883
-0.132883
-0.132884
-0.132884
-0.132885
-0.132885
-0.132886
-0.132886
-0.132887
-0.132888
-0.132888
-0.132889
-0.132889
-0.13289
-0.13289
-0.132891
-0.132892
-0.132892
-0.132893
-0.132893
-0.132894
-0.132895
-0.132895
-0.132896
-0.132896
-0.132897
-0.132898
-0.132898
-0.132899
-0.1329
-0.132901
-0.132901
-0.132902
-0.132903
-0.132903
-0.132904
-0.132905
-0.132906
-0.132906
-0.132907
-0.132908
-0.132909
-0.13291
-0.13291
-0.132911
-0.132912
-0.132913
-0.132913
-0.132914
-0.132915
-0.132915
-0.132916
-0.132917
-0.132918
-0.132918
-0.132919
-0.13292
-0.13292
-0.132921
-0.132922
-0.132922
-0.132923
-0.132923
-0.132924
-0.132925
-0.132925
-0.132926
-0.132926
-0.132927
-0.132927
-0.132928
-0.132929
-0.132929
-0.13293
-0.132931
-0.132931
-0.132932
-0.132932
-0.132933
-0.132933
-0.132934
-0.132934
-0.132935
-0.132935
-0.132936
-0.132937
-0.132937
-0.132937
-0.132938
-0.132938
-0.132939
-0.132939
-0.13294
-0.13294
-0.13294
-0.132941
-0.132941
-0.132942
-0.132942
-0.132943
-0.132943
-0.132943
-0.132944
-0.132944
-0.132944
-0.132944
-0.132945
-0.132945
-0.132945
-0.132945
-0.132945
-0.132946
-0.132946
-0.132946
-0.132946
-0.132946
-0.132946
-0.132946
-0.132946
-0.132946
-0.132946
-0.132947
-0.132947
-0.132947
-0.132947
-0.132947
-0.132947
-0.132947
-0.132947
-0.132948
-0.132948
-0.132948
-0.132948
-0.132948
-0.132948
-0.132948
-0.132948
-0.132949
-0.132949
-0.132949
-0.132949
-0.132949
-0.132949
-0.132949
-0.132949
-0.132949
-0.132949
-0.13295
-0.13295
-0.13295
-0.13295
-0.13295
-0.13295
-0.13295
-0.13295
-0.132951
-0.132951
-0.132951
-0.132951
-0.132951
-0.132952
-0.132952
-0.132952
-0.132952
-0.132953
-0.132953
-0.132953
-0.132954
-0.132954
-0.132955
-0.132955
-0.132956
-0.132956
-0.132956
-0.132957
-0.132957
-0.132958
-0.132958
-0.132959
-0.132959
-0.13296
-0.13296
-0.132961
-0.132961
-0.132962
-0.132962
-0.132963
-0.132963
-0.132964
-0.132964
-0.132965
-0.132965
-0.132966
-0.132967
-0.132967
-0.132968
-0.132968
-0.132969
-0.132969
-0.13297
-0.13297
-0.13297
-0.132971
-0.132971
-0.132972
-0.132972
-0.132972
-0.132973
-0.132973
-0.132973
-0.132974
-0.132974
-0.132974
-0.132975
-0.132975
-0.132976
-0.132976
-0.132976
-0.132977
-0.132977
-0.132978
-0.132978
-0.132979
-0.132979
-0.132979
-0.13298
-0.13298
-0.132981
-0.132981
-0.132981
-0.132982
-0.132982
-0.132983
-0.132983
-0.132983
-0.132984
-0.132984
-0.132985
-0.132985
-0.132986
-0.132986
-0.132986
-0.132987
-0.132987
-0.132988
-0.132988
-0.132989
-0.132989
-0.132989
-0.13299
-0.13299
-0.132991
-0.132991
-0.132991
-0.132992
-0.132992
-0.132992
-0.132993
-0.132993
-0.132993
-0.132994
-0.132994
-0.132994
-0.132995
-0.132995
-0.132995
-0.132996
-0.132996
-0.132996
-0.132997
-0.132997
-0.132997
-0.132997
-0.132997
-0.132998
-0.132998
-0.132998
-0.132998
-0.132998
-0.132998
-0.132999
-0.132999
-0.132999
-0.132999
-0.132999
-0.132999
-0.132999
-0.132999
-0.132999
-0.133
-0.133
-0.133
-0.133
-0.133
-0.133
-0.133
-0.133
-0.133
-0.133
-0.133001
-0.133001
-0.133001
-0.133001
-0.133001
-0.133001
-0.133001
-0.133001
-0.133002
-0.133002
-0.133002
-0.133002
-0.133002
-0.133002
-0.133003
-0.133003
-0.133003
-0.133003
-0.133003
-0.133003
-0.133004
-0.133004
-0.133004
-0.133004
-0.133004
-0.133004
-0.133005
-0.133005
-0.133005
-0.133005
-0.133005
-0.133005
-0.133005
-0.133006
-0.133006
-0.133006
-0.133006
-0.133007
-0.133007
-0.133007
-0.133008
-0.133008
-0.133008
-0.133009
-0.133009
-0.133009
-0.13301
-0.13301
-0.13301
-0.133011
-0.133011
-0.133012
-0.133012
-0.133012
-0.133012
-0.133013
-0.133013
-0.133013
-0.133014
-0.133014
-0.133015
-0.133015
-0.133015
-0.133016
-0.133016
-0.133016
-0.133016
-0.133016
-0.133017
-0.133017
-0.133017
-0.133017
-0.133017
-0.133017
-0.133018
-0.133018
-0.133018
-0.133018
-0.133018
-0.133018
-0.133018
-0.133018
-0.133018
-0.133018
-0.133018
-0.133019
-0.133019
-0.133019
-0.133019
-0.133019
-0.133019
-0.133019
-0.133019
-0.133019
-0.133019
-0.133019
-0.133019
-0.133019
-0.13302
-0.13302
-0.13302
-0.13302
-0.13302
-0.13302
-0.13302
-0.13302
-0.13302
-0.13302
-0.13302
-0.133021
-0.133021
-0.133021
-0.133021
-0.133021
-0.133021
-0.133022
-0.133022
-0.133022
-0.133022
-0.133022
-0.133023
-0.133023
-0.133023
-0.133024
-0.133024
-0.133024
-0.133025
-0.133025
-0.133025
-0.133026
-0.133026
-0.133027
-0.133027
-0.133027
-0.133028
-0.133028
-0.133029
-0.133029
-0.13303
-0.13303
-0.13303
-0.133031
-0.133031
-0.133032
-0.133032
-0.133032
-0.133033
-0.133033
-0.133034
-0.133034
-0.133034
-0.133034
-0.133035
-0.133035
-0.133035
-0.133036
-0.133036
-0.133036
-0.133036
-0.133037
-0.133037
-0.133038
-0.133038
-0.133038
-0.133039
-0.133039
-0.133039
-0.13304
-0.13304
-0.13304
-0.133041
-0.133041
-0.133041
-0.133042
-0.133042
-0.133043
-0.133043
-0.133043
-0.133044
-0.133044
-0.133044
-0.133045
-0.133045
-0.133045
-0.133045
-0.133046
-0.133046
-0.133046
-0.133046
-0.133046
-0.133046
-0.133046
-0.133047
-0.133047
-0.133047
-0.133047
-0.133047
-0.133047
-0.133047
-0.133047
-0.133047
-0.133046
-0.133046
-0.133046
-0.133046
-0.133046
-0.133046
-0.133046
-0.133045
-0.133045
-0.133045
-0.133045
-0.133045
-0.133044
-0.133044
-0.133044
-0.133044
-0.133044
-0.133043
-0.133043
-0.133043
-0.133043
-0.133043
-0.133042
-0.133042
-0.133042
-0.133042
-0.133042
-0.133041
-0.133041
-0.133041
-0.133041
-0.13304
-0.13304
-0.13304
-0.133039
-0.133039
-0.133039
-0.133039
-0.133039
-0.133038
-0.133038
-0.133038
-0.133038
-0.133038
-0.133037
-0.133037
-0.133037
-0.133037
-0.133036
-0.133036
-0.133036
-0.133035
-0.133035
-0.133035
-0.133034
-0.133034
-0.133033
-0.133033
-0.133032
-0.133032
-0.133031
-0.133031
-0.13303
-0.13303
-0.133029
-0.133029
-0.133028
-0.133028
-0.133027
-0.133027
-0.133026
-0.133026
-0.133025
-0.133024
-0.133024
-0.133023
-0.133023
-0.133022
-0.133022
-0.133021
-0.133021
-0.133021
-0.13302
-0.13302
-0.13302
-0.133019
-0.133019
-0.133019
-0.133019
-0.133018
-0.133018
-0.133018
-0.133018
-0.133017
-0.133017
-0.133017
-0.133016
-0.133016
-0.133016
-0.133015
-0.133015
-0.133014
-0.133014
-0.133014
-0.133013
-0.133013
-0.133013
-0.133012
-0.133012
-0.133011
-0.133011
-0.133011
-0.13301
-0.13301
-0.13301
-0.133009
-0.133009
-0.133009
-0.133008
-0.133008
-0.133008
-0.133007
-0.133007
-0.133007
-0.133006
-0.133006
-0.133006
-0.133005
-0.133005
-0.133005
-0.133005
-0.133004
-0.133004
-0.133004
-0.133003
-0.133003
-0.133003
-0.133002
-0.133002
-0.133001
-0.133001
-0.133001
-0.133
-0.133
-0.132999
-0.132999
-0.132998
-0.132998
-0.132997
-0.132996
-0.132996
-0.132995
-0.132995
-0.132994
-0.132994
-0.132994
-0.132993
-0.132992
-0.132992
-0.132991
-0.132991
-0.13299
-0.132989
-0.132989
-0.132988
-0.132987
-0.132987
-0.132986
-0.132986
-0.132985
-0.132984
-0.132984
-0.132983
-0.132983
-0.132982
-0.132982
-0.132981
-0.132981
-0.13298
-0.13298
-0.132979
-0.132979
-0.132979
-0.132978
-0.132978
-0.132977
-0.132977
-0.132976
-0.132976
-0.132975
-0.132975
-0.132975
-0.132974
-0.132974
-0.132974
-0.132973
-0.132973
-0.132972
-0.132972
-0.132971
-0.132971
-0.132971
-0.13297
-0.13297
-0.132969
-0.132969
-0.132968
-0.132968
-0.132967
-0.132967
-0.132966
-0.132965
-0.132965
-0.132964
-0.132964
-0.132963
-0.132962
-0.132962
-0.132961
-0.13296
-0.13296
-0.132959
-0.132958
-0.132958
-0.132957
-0.132956
-0.132955
-0.132955
-0.132954
-0.132953
-0.132952
-0.132951
-0.13295
-0.132949
-0.132949
-0.132948
-0.132947
-0.132946
-0.132945
-0.132944
-0.132943
-0.132942
-0.132941
-0.13294
-0.132939
-0.132938
-0.132936
-0.132935
-0.132934
-0.132933
-0.132932
-0.132931
-0.13293
-0.132928
-0.132927
-0.132926
-0.132925
-0.132924
-0.132923
-0.132922
-0.132921
-0.132919
-0.132918
-0.132917
-0.132916
-0.132915
-0.132913
-0.132912
-0.132911
-0.13291
-0.132909
-0.132907
-0.132906
-0.132905
-0.132904
-0.132903
-0.132902
-0.132901
-0.132899
-0.132898
-0.132897
-0.132896
-0.132895
-0.132894
-0.132893
-0.132892
-0.132891
-0.13289
-0.132889
-0.132887
-0.132886
-0.132885
-0.132884
-0.132883
-0.132882
-0.13288
-0.132879
-0.132878
-0.132877
-0.132876
-0.132874
-0.132873
-0.132872
-0.132871
-0.13287
-0.132868
-0.132867
-0.132866
-0.132865
-0.132864
-0.132862
-0.132861
-0.13286
-0.132859
-0.132858
-0.132857
-0.132856
-0.132854
-0.132853
-0.132852
-0.132851
-0.13285
-0.132849
-0.132848
-0.132847
-0.132846
-0.132845
-0.132844
-0.132843
-0.132842
-0.132841
-0.13284
-0.132839
-0.132838
-0.132838
-0.132837
-0.132836
-0.132835
-0.132834
-0.132834
-0.132833
-0.132832
-0.132832
-0.132831
-0.13283
-0.13283
-0.132829
-0.132828
-0.132828
-0.132827
-0.132826
-0.132826
-0.132825
-0.132824
-0.132824
-0.132823
-0.132823
-0.132822
-0.132821
-0.132821
-0.13282
-0.13282
-0.132819
-0.132819
-0.132818
-0.132818
-0.132817
-0.132817
-0.132816
-0.132816
-0.132815
-0.132815
-0.132815
-0.132814
-0.132814
-0.132813
-0.132813
-0.132812
-0.132811
-0.132811
-0.13281
-0.13281
-0.13281
-0.132809
-0.132809
-0.132808
-0.132808
-0.132808
-0.132807
-0.132807
-0.132807
-0.132807
-0.132806
-0.132806
-0.132806
-0.132806
-0.132805
-0.132805
-0.132805
-0.132805
-0.132805
-0.132804
-0.132804
-0.132804
-0.132804
-0.132803
-0.132803
-0.132803
-0.132802
-0.132802
-0.132801
-0.132801
-0.132801
-0.1328
-0.1328
-0.132799
-0.132799
-0.132799
-0.132798
-0.132798
-0.132797
-0.132797
-0.132797
-0.132796
-0.132796
-0.132795
-0.132795
-0.132795
-0.132794
-0.132794
-0.132793
-0.132793
-0.132793
-0.132792
-0.132792
-0.132792
-0.132791
-0.132791
-0.132791
-0.132791
-0.13279
-0.13279
-0.13279
-0.13279
-0.132789
-0.132789
-0.132789
-0.132789
-0.132789
-0.132788
-0.132788
-0.132788
-0.132788
-0.132788
-0.132787
-0.132787
-0.132787
-0.132787
-0.132787
-0.132787
-0.132787
-0.132787
-0.132787
-0.132786
-0.132786
-0.132786
-0.132786
-0.132786
-0.132786
-0.132786
-0.132786
-0.132786
-0.132786
-0.132785
-0.132785
-0.132785
-0.132785
-0.132785
-0.132785
-0.132785
-0.132785
-0.132785
-0.132785
-0.132785
-0.132785
-0.132785
-0.132786
-0.132786
-0.132786
-0.132786
-0.132786
-0.132786
-0.132786
-0.132787
-0.132787
-0.132787
-0.132787
-0.132787
-0.132788
-0.132788
-0.132788
-0.132788
-0.132788
-0.132789
-0.132789
-0.132789
-0.132789
-0.132789
-0.132789
-0.132789
-0.132789
-0.132789
-0.132789
-0.132789
-0.132789
-0.132789
-0.132789
-0.132789
-0.132789
-0.132789
-0.132788
-0.132788
-0.132788
-0.132788
-0.132788
-0.132788
-0.132788
-0.132787
-0.132787
-0.132787
-0.132787
-0.132787
-0.132787
-0.132786
-0.132786
-0.132786
-0.132786
-0.132786
-0.132786
-0.132786
-0.132786
-0.132786
-0.132786
-0.132786
-0.132786
-0.132786
-0.132786
-0.132786
-0.132786
-0.132786
-0.132786
-0.132786
-0.132786
-0.132786
-0.132786
-0.132786
-0.132786
-0.132786
-0.132786
-0.132786
-0.132786
-0.132786
-0.132786
-0.132787
-0.132787
-0.132787
-0.132787
-0.132787
-0.132788
-0.132788
-0.132788
-0.132789
-0.132789
-0.132789
-0.132789
-0.13279
-0.13279
-0.13279
-0.132791
-0.132791
-0.132791
-0.132792
-0.132792
-0.132792
-0.132792
-0.132793
-0.132793
-0.132794
-0.132794
-0.132794
-0.132795
-0.132795
-0.132795
-0.132796
-0.132796
-0.132797
-0.132797
-0.132798
-0.132798
-0.132799
-0.132799
-0.1328
-0.1328
-0.132801
-0.132801
-0.132802
-0.132802
-0.132803
-0.132804
-0.132804
-0.132805
-0.132805
-0.132806
-0.132807
-0.132807
-0.132808
-0.132809
-0.132809
-0.13281
-0.13281
-0.132811
-0.132811
-0.132812
-0.132812
-0.132813
-0.132813
-0.132814
-0.132814
-0.132815
-0.132815
-0.132816
-0.132816
-0.132817
-0.132817
-0.132818
-0.132818
-0.132819
-0.132819
-0.13282
-0.13282
-0.132821
-0.132821
-0.132822
-0.132822
-0.132822
-0.132823
-0.132823
-0.132824
-0.132824
-0.132824
-0.132825
-0.132825
-0.132826
-0.132826
-0.132827
-0.132827
-0.132827
-0.132828
-0.132828
-0.132829
-0.132829
-0.13283
-0.13283
-0.132831
-0.132831
-0.132832
-0.132832
-0.132832
-0.132833
-0.132833
-0.132833
-0.132834
-0.132834
-0.132834
-0.132835
-0.132835
-0.132835
-0.132836
-0.132836
-0.132836
-0.132837
-0.132837
-0.132837
-0.132837
-0.132838
-0.132838
-0.132838
-0.132839
-0.132839
-0.132839
-0.13284
-0.13284
-0.13284
-0.132841
-0.132841
-0.132841
-0.132841
-0.132841
-0.132842
-0.132842
-0.132842
-0.132842
-0.132842
-0.132843
-0.132843
-0.132843
-0.132843
-0.132843
-0.132844
-0.132844
-0.132844
-0.132844
-0.132845
-0.132845
-0.132845
-0.132845
-0.132845
-0.132846
-0.132846
-0.132846
-0.132846
-0.132846
-0.132846
-0.132846
-0.132847
-0.132847
-0.132847
-0.132847
-0.132847
-0.132847
-0.132847
-0.132847
-0.132847
-0.132847
-0.132848
-0.132848
-0.132848
-0.132848
-0.132848
-0.132848
-0.132848
-0.132848
-0.132848
-0.132848
-0.132848
-0.132848
-0.132848
-0.132848
-0.132848
-0.132847
-0.132847
-0.132847
-0.132847
-0.132847
-0.132847
-0.132847
-0.132847
-0.132847
-0.132847
-0.132846
-0.132846
-0.132846
-0.132846
-0.132845
-0.132845
-0.132845
-0.132845
-0.132844
-0.132844
-0.132844
-0.132844
-0.132844
-0.132843
-0.132843
-0.132843
-0.132843
-0.132843
-0.132843
-0.132843
-0.132843
-0.132842
-0.132842
-0.132842
-0.132842
-0.132842
-0.132842
-0.132842
-0.132842
-0.132842
-0.132842
-0.132841
-0.132841
-0.132841
-0.132841
-0.132841
-0.132841
-0.132841
-0.13284
-0.13284
-0.13284
-0.13284
-0.13284
-0.13284
-0.132839
-0.132839
-0.132839
-0.132839
-0.132839
-0.132839
-0.132839
-0.132839
-0.132838
-0.132838
-0.132838
-0.132838
-0.132838
-0.132838
-0.132838
-0.132838
-0.132838
-0.132838
-0.132838
-0.132838
-0.132838
-0.132837
-0.132837
-0.132837
-0.132837
-0.132837
-0.132837
-0.132837
-0.132837
-0.132837
-0.132837
-0.132837
-0.132837
-0.132837
-0.132837
-0.132837
-0.132836
-0.132836
-0.132836
-0.132836
-0.132836
-0.132836
-0.132836
-0.132836
-0.132836
-0.132835
-0.132835
-0.132835
-0.132835
-0.132835
-0.132835
-0.132835
-0.132835
-0.132835
-0.132834
-0.132834
-0.132834
-0.132834
-0.132834
-0.132834
-0.132834
-0.132834
-0.132834
-0.132834
-0.132834
-0.132834
-0.132834
-0.132834
-0.132834
-0.132834
-0.132834
-0.132834
-0.132834
-0.132834
-0.132834
-0.132834
-0.132834
-0.132835
-0.132835
-0.132835
-0.132835
-0.132835
-0.132835
-0.132835
-0.132836
-0.132836
-0.132836
-0.132836
-0.132836
-0.132836
-0.132837
-0.132837
-0.132837
-0.132837
-0.132837
-0.132838
-0.132838
-0.132838
-0.132838
-0.132838
-0.132838
-0.132838
-0.132839
-0.132839
-0.132839
-0.13284
-0.13284
-0.13284
-0.132841
-0.132841
-0.132842
-0.132842
-0.132842
-0.132843
-0.132843
-0.132844
-0.132844
-0.132844
-0.132845
-0.132845
-0.132846
-0.132846
-0.132847
-0.132847
-0.132848
-0.132849
-0.132849
-0.13285
-0.132851
-0.132852
-0.132852
-0.132853
-0.132854
-0.132854
-0.132855
-0.132856
-0.132856
-0.132857
-0.132857
-0.132858
-0.132858
-0.132859
-0.132859
-0.13286
-0.13286
-0.132861
-0.132861
-0.132862
-0.132862
-0.132862
-0.132863
-0.132863
-0.132864
-0.132864
-0.132865
-0.132865
-0.132866
-0.132866
-0.132867
-0.132867
-0.132868
-0.132869
-0.132869
-0.13287
-0.13287
-0.132871
-0.132871
-0.132872
-0.132872
-0.132873
-0.132873
-0.132874
-0.132874
-0.132875
-0.132876
-0.132876
-0.132877
-0.132877
-0.132878
-0.132878
-0.132879
-0.132879
-0.13288
-0.13288
-0.132881
-0.132881
-0.132882
-0.132882
-0.132883
-0.132883
-0.132884
-0.132884
-0.132885
-0.132885
-0.132886
-0.132886
-0.132886
-0.132887
-0.132887
-0.132888
-0.132888
-0.132889
-0.132889
-0.13289
-0.13289
-0.13289
-0.132891
-0.132891
-0.132892
-0.132892
-0.132892
-0.132893
-0.132893
-0.132894
-0.132894
-0.132894
-0.132895
-0.132895
-0.132895
-0.132895
-0.132896
-0.132896
-0.132896
-0.132897
-0.132897
-0.132897
-0.132898
-0.132898
-0.132899
-0.132899
-0.132899
-0.1329
-0.1329
-0.1329
-0.132901
-0.132901
-0.132901
-0.132902
-0.132902
-0.132902
-0.132903
-0.132903
-0.132903
-0.132904
-0.132904
-0.132905
-0.132905
-0.132906
-0.132906
-0.132906
-0.132907
-0.132907
-0.132908
-0.132908
-0.132908
-0.132909
-0.132909
-0.13291
-0.13291
-0.132911
-0.132911
-0.132911
-0.132912
-0.132912
-0.132913
-0.132913
-0.132913
-0.132914
-0.132914
-0.132914
-0.132915
-0.132915
-0.132915
-0.132916
-0.132916
-0.132916
-0.132916
-0.132917
-0.132917
-0.132917
-0.132917
-0.132918
-0.132918
-0.132918
-0.132918
-0.132918
-0.132919
-0.132919
-0.132919
-0.132919
-0.132919
-0.132919
-0.13292
-0.13292
-0.13292
-0.13292
-0.13292
-0.13292
-0.13292
-0.13292
-0.132921
-0.132921
-0.132921
-0.132921
-0.132921
-0.132921
-0.132921
-0.132921
-0.132921
-0.132921
-0.132921
-0.132921
-0.132921
-0.132921
-0.132921
-0.132921
-0.132921
-0.132921
-0.132921
-0.132921
-0.132921
-0.132921
-0.132921
-0.13292
-0.13292
-0.13292
-0.13292
-0.13292
-0.13292
-0.13292
-0.13292
-0.13292
-0.13292
-0.13292
-0.13292
-0.13292
-0.13292
-0.13292
-0.13292
-0.13292
-0.132919
-0.132919
-0.132919
-0.132919
-0.132919
-0.132919
-0.132919
-0.132919
-0.132919
-0.132919
-0.132919
-0.132919
-0.132919
-0.132919
-0.132919
-0.132919
-0.13292
-0.13292
-0.13292
-0.13292
-0.132921
-0.132921
-0.132921
-0.132922
-0.132922
-0.132922
-0.132923
-0.132923
-0.132923
-0.132924
-0.132924
-0.132925
-0.132925
-0.132925
-0.132926
-0.132926
-0.132927
-0.132927
-0.132927
-0.132927
-0.132928
-0.132928
-0.132928
-0.132928
-0.132929
-0.132929
-0.132929
-0.132929
-0.13293
-0.13293
-0.13293
-0.13293
-0.13293
-0.13293
-0.13293
-0.132931
-0.132931
-0.132931
-0.132931
-0.132931
-0.132932
-0.132932
-0.132932
-0.132932
-0.132932
-0.132933
-0.132933
-0.132933
-0.132933
-0.132933
-0.132933
-0.132933
-0.132933
-0.132933
-0.132934
-0.132934
-0.132934
-0.132934
-0.132934
-0.132934
-0.132934
-0.132934
-0.132934
-0.132934
-0.132934
-0.132934
-0.132934
-0.132934
-0.132934
-0.132934
-0.132934
-0.132934
-0.132934
-0.132934
-0.132934
-0.132934
-0.132934
-0.132934
-0.132934
-0.132934
-0.132934
-0.132934
-0.132935
-0.132935
-0.132935
-0.132935
-0.132935
-0.132935
-0.132935
-0.132935
-0.132935
-0.132936
-0.132936
-0.132936
-0.132936
-0.132936
-0.132937
-0.132937
-0.132937
-0.132937
-0.132937
-0.132937
-0.132937
-0.132937
-0.132937
-0.132937
-0.132937
-0.132937
-0.132937
-0.132938
-0.132938
-0.132938
-0.132938
-0.132938
-0.132938
-0.132937
-0.132937
-0.132937
-0.132937
-0.132937
-0.132937
-0.132937
-0.132937
-0.132937
-0.132937
-0.132937
-0.132937
-0.132937
-0.132937
-0.132937
-0.132937
-0.132937
-0.132937
-0.132937
-0.132937
-0.132937
-0.132937
-0.132937
-0.132937
-0.132937
-0.132937
-0.132937
-0.132937
-0.132937
-0.132937
-0.132937
-0.132938
-0.132938
-0.132938
-0.132938
-0.132938
-0.132938
-0.132938
-0.132938
-0.132938
-0.132938
-0.132939
-0.132939
-0.132939
-0.132939
-0.132939
-0.132939
-0.132939
-0.132939
-0.132939
-0.132939
-0.13294
-0.13294
-0.13294
-0.13294
-0.13294
-0.132941
-0.132941
-0.132941
-0.132941
-0.132942
-0.132942
-0.132942
-0.132942
-0.132943
-0.132943
-0.132943
-0.132944
-0.132944
-0.132944
-0.132944
-0.132945
-0.132945
-0.132945
-0.132945
-0.132946
-0.132946
-0.132946
-0.132946
-0.132946
-0.132947
-0.132947
-0.132947
-0.132947
-0.132948
-0.132948
-0.132948
-0.132948
-0.132948
-0.132949
-0.132949
-0.132949
-0.132949
-0.132949
-0.132949
-0.132949
-0.13295
-0.13295
-0.13295
-0.13295
-0.13295
-0.13295
-0.13295
-0.13295
-0.13295
-0.13295
-0.13295
-0.13295
-0.132951
-0.132951
-0.132951
-0.132951
-0.132951
-0.132951
-0.132951
-0.132951
-0.132951
-0.132951
-0.132951
-0.132951
-0.132951
-0.132951
-0.132951
-0.132951
-0.132952
-0.132952
-0.132952
-0.132952
-0.132952
-0.132952
-0.132952
-0.132953
-0.132953
-0.132953
-0.132953
-0.132953
-0.132954
-0.132954
-0.132954
-0.132954
-0.132955
-0.132955
-0.132955
-0.132955
-0.132956
-0.132956
-0.132956
-0.132956
-0.132957
-0.132957
-0.132957
-0.132958
-0.132958
-0.132958
-0.132958
-0.132959
-0.132959
-0.132959
-0.13296
-0.13296
-0.13296
-0.13296
-0.13296
-0.132961
-0.132961
-0.132961
-0.132961
-0.132961
-0.132961
-0.132962
-0.132962
-0.132962
-0.132963
-0.132963
-0.132963
-0.132963
-0.132964
-0.132964
-0.132964
-0.132964
-0.132965
-0.132965
-0.132965
-0.132965
-0.132966
-0.132966
-0.132966
-0.132966
-0.132966
-0.132967
-0.132967
-0.132967
-0.132967
-0.132967
-0.132967
-0.132967
-0.132967
-0.132968
-0.132968
-0.132968
-0.132968
-0.132968
-0.132968
-0.132968
-0.132968
-0.132968
-0.132968
-0.132969
-0.132969
-0.132969
-0.132969
-0.132969
-0.132969
-0.132969
-0.13297
-0.13297
-0.13297
-0.13297
-0.13297
-0.13297
-0.132971
-0.132971
-0.132971
-0.132971
-0.132971
-0.132971
-0.132972
-0.132972
-0.132972
-0.132972
-0.132972
-0.132972
-0.132972
-0.132973
-0.132973
-0.132973
-0.132973
-0.132973
-0.132973
-0.132974
-0.132974
-0.132974
-0.132974
-0.132974
-0.132975
-0.132975
-0.132975
-0.132975
-0.132975
-0.132975
-0.132976
-0.132976
-0.132976
-0.132976
-0.132976
-0.132976
-0.132977
-0.132977
-0.132977
-0.132977
-0.132977
-0.132977
-0.132978
-0.132978
-0.132978
-0.132978
-0.132978
-0.132978
-0.132979
-0.132979
-0.132979
-0.132979
-0.13298
-0.13298
-0.13298
-0.132981
-0.132981
-0.132981
-0.132981
-0.132982
-0.132982
-0.132982
-0.132982
-0.132983
-0.132983
-0.132983
-0.132984
-0.132984
-0.132984
-0.132985
-0.132985
-0.132986
-0.132986
-0.132986
-0.132987
-0.132987
-0.132987
-0.132988
-0.132988
-0.132989
-0.132989
-0.132989
-0.13299
-0.13299
-0.132991
-0.132991
-0.132992
-0.132992
-0.132992
-0.132993
-0.132993
-0.132994
-0.132994
-0.132994
-0.132995
-0.132995
-0.132995
-0.132995
-0.132996
-0.132996
-0.132996
-0.132996
-0.132997
-0.132997
-0.132997
-0.132997
-0.132997
-0.132997
-0.132998
-0.132998
-0.132998
-0.133005
-0.133012
-0.133018
-0.133025
-0.133032
-0.133042
-0.133045
-0.133055
-0.133066
-0.133076
-0.133086
-0.1331
-0.133113
-0.133126
-0.13314
-0.133153
-0.133163
-0.133176
-0.133183
-0.133197
-0.133206
-0.133216
-0.133233
-0.133239
-0.133249
-0.133262
-0.133272
-0.133282
-0.133295
-0.133305
-0.133315
-0.133325
-0.133334
-0.133341
-0.13335
-0.133363
-0.13337
-0.13338
-0.133389
-0.133399
-0.133405
-0.133418
-0.133424
-0.133431
-0.133437
-0.133443
-0.13345
-0.133456
-0.133462
-0.133465
-0.133468
-0.133474
-0.133477
-0.133483
-0.133486
-0.133492
-0.133498
-0.133505
-0.133508
-0.133514
-0.133523
-0.133529
-0.133537
-0.133546
-0.133555
-0.133563
-0.133575
-0.133587
-0.133602
-0.133614
-0.133629
-0.133641
-0.13366
-0.133679
-0.133697
-0.133722
-0.133741
-0.133766
-0.133788
-0.133813
-0.133842
-0.13387
-0.133899
-0.133931
-0.133969
-0.134014
-0.134089
-0.134128
-0.134163
-0.134199
-0.134234
-0.13427
-0.134312
-0.134351
-0.134387
-0.134429
-0.134468
-0.134514
-0.13456
-0.134615
-0.134665
-0.134721
-0.134774
-0.134833
-0.134954
-0.13502
-0.135073
-0.13514
-0.135194
-0.135254
-0.135307
-0.135368
-0.135432
-0.135544
-0.135598
-0.13567
-0.135731
-0.135789
-0.135854
-0.135915
-0.135973
-0.136035
-0.136093
-0.136159
-0.13622
-0.136275
-0.136327
-0.136382
-0.136441
-0.136496
-0.136548
-0.136614
-0.136676
-0.136743
-0.136802
-0.136866
-0.136926
-0.136989
-0.13705
-0.137106
-0.137153
-0.137203
-0.137249
-0.137292
-0.137339
-0.137379
-0.137422
-0.137469
-0.137512
-0.137556
-0.137596
-0.137636
-0.13768
-0.137724
-0.137764
-0.137805
-0.137849
-0.137893
-0.137934
-0.137975
-0.138013
-0.138047
-0.138081
-0.138115
-0.138146
-0.138177
-0.138204
-0.138232
-0.138248
-0.138269
-0.138297
-0.138321
-0.138352
-0.138374
-0.138404
-0.138426
-0.138449
-0.138471
-0.138486
-0.138501
-0.138516
-0.138535
-0.13855
-0.138569
-0.138585
-0.138604
-0.138612
-0.138624
-0.138636
-0.138645
-0.138657
-0.138665
-0.138674
-0.138683
-0.138684
-0.138689
-0.138691
-0.138696
-0.138698
-0.138699
-0.138698
-0.138696
-0.13869
-0.138681
-0.138675
-0.138669
-0.138664
-0.138658
-0.138649
-0.138643
-0.138637
-0.138635
-0.138621
-0.138619
-0.138613
-0.138608
-0.138602
-0.138593
-0.138583
-0.138577
-0.138568
-0.138562
-0.138553
-0.138543
-0.138541
-0.138535
-0.13853
-0.138527
-0.138521
-0.138515
-0.138509
-0.138503
-0.138493
-0.138487
-0.138484
-0.138474
-0.138472
-0.138466
-0.138464
-0.138465
-0.138467
-0.138461
-0.138455
-0.138457
-0.138451
-0.138453
-0.138455
-0.138449
-0.138451
-0.138456
-0.13845
-0.138448
-0.13845
-0.138456
-0.138454
-0.138452
-0.13845
-0.138448
-0.138451
-0.138449
-0.138451
-0.138457
-0.138459
-0.138457
-0.138467
-0.138473
-0.138475
-0.138486
-0.138488
-0.13849
-0.138497
-0.138499
-0.138509
-0.13852
-0.13853
-0.138541
-0.138555
-0.138573
-0.138584
-0.138606
-0.138621
-0.138635
-0.13865
-0.138664
-0.138683
-0.138701
-0.138716
-0.138739
-0.138762
-0.138784
-0.138815
-0.138847
-0.138869
-0.138901
-0.138932
-0.138959
-0.138987
-0.13901
-0.139038
-0.13907
-0.139106
-0.139138
-0.139175
-0.139207
-0.139239
-0.139275
-0.139313
-0.139349
-0.139379
-0.13942
-0.139462
-0.1395
-0.139533
-0.139567
-0.1396
-0.139634
-0.139668
-0.139701
-0.139736
-0.139778
-0.139817
-0.139856
-0.139899
-0.139946
-0.139985
-0.140023
-0.140067
-0.14011
-0.140154
-0.140198
-0.140242
-0.140286
-0.140331
-0.14038
-0.140424
-0.140469
-0.140509
-0.140553
-0.140603
-0.140653
-0.140698
-0.140752
-0.140797
-0.140847
-0.140888
-0.140937
-0.140982
-0.141027
-0.141077
-0.141128
-0.141172
-0.141207
-0.141257
-0.141312
-0.141358
-0.141404
-0.141466
-0.141519
-0.141581
-0.141637
-0.141679
-0.141734
-0.14179
-0.141842
-0.141893
-0.141949
-0.141996
-0.142048
-0.142108
-0.14217
-0.142226
-0.142289
-0.142345
-0.142398
-0.14245
-0.142502
-0.14254
-0.142588
-0.142645
-0.142698
-0.14275
-0.142799
-0.142851
-0.142904
-0.142951
-0.142999
-0.143047
-0.1431
-0.143153
-0.143199
-0.143262
-0.14331
-0.143363
-0.143421
-0.143469
-0.143522
-0.14357
-0.143623
-0.143677
-0.143732
-0.143796
-0.143861
-0.14392
-0.143973
-0.144027
-0.144085
-0.144138
-0.144186
-0.144239
-0.144287
-0.144336
-0.144389
-0.144438
-0.144481
-0.144525
-0.144564
-0.144612
-0.144661
-0.144705
-0.144748
-0.144792
-0.144832
-0.144881
-0.14493
-0.144969
-0.145013
-0.145047
-0.145092
-0.145131
-0.145175
-0.14521
-0.145244
-0.145279
-0.145318
-0.145356
-0.145385
-0.145419
-0.145463
-0.145497
-0.145536
-0.145564
-0.145598
-0.145636
-0.145675
-0.145708
-0.145742
-0.145776
-0.145814
-0.145843
-0.14588
-0.145908
-0.145946
-0.145979
-0.146011
-0.146043
-0.146077
-0.14611
-0.146149
-0.146182
-0.146216
-0.146249
-0.146283
-0.146317
-0.146349
-0.146381
-0.14642
-0.146458
-0.1465
-0.146533
-0.146571
-0.146609
-0.146646
-0.146674
-0.146707
-0.146734
-0.146767
-0.146799
-0.146831
-0.146863
-0.146901
-0.146922
-0.146949
-0.14697
-0.147002
-0.147029
-0.14705
-0.147076
-0.147097
-0.147118
-0.147144
-0.147171
-0.147203
-0.147229
-0.14725
-0.147281
-0.147303
-0.14733
-0.147355
-0.147382
-0.147413
-0.14744
-0.147466
-0.147502
-0.147527
-0.147558
-0.147584
-0.147613
-0.147639
-0.147664
-0.147694
-0.147719
-0.147743
-0.147774
-0.147799
-0.14783
-0.14786
-0.147885
-0.147916
-0.147947
-0.147971
-0.147996
-0.148021
-0.148046
-0.148077
-0.148108
-0.148144
-0.148169
-0.148194
-0.148219
-0.148244
-0.148269
-0.148284
-0.148303
-0.148328
-0.148347
-0.148362
-0.148387
-0.148402
-0.148426
-0.148446
-0.148466
-0.148492
-0.148517
-0.148543
-0.148568
-0.148594
-0.148619
-0.148639
-0.148665
-0.14869
-0.148705
-0.148729
-0.14875
-0.148774
-0.148795
-0.148825
-0.148845
-0.14887
-0.148896
-0.148922
-0.148941
-0.148961
-0.148992
-0.149012
-0.149031
-0.149052
-0.149071
-0.149096
-0.149116
-0.149137
-0.149163
-0.149188
-0.149214
-0.14924
-0.149266
-0.149286
-0.149312
-0.149339
-0.149365
-0.149391
-0.149411
-0.149432
-0.149458
-0.149479
-0.1495
-0.149522
-0.149554
-0.149577
-0.149605
-0.14962
-0.149642
-0.149663
-0.149678
-0.149699
-0.149726
-0.149746
-0.149761
-0.149787
-0.149802
-0.149825
-0.149841
-0.149858
-0.149881
-0.149896
-0.149917
-0.149933
-0.149948
-0.149971
-0.149988
-0.150005
-0.15002
-0.150036
-0.150051
-0.150065
-0.150081
-0.150097
-0.150113
-0.150123
-0.150139
-0.150149
-0.15016
-0.150171
-0.150187
-0.150209
-0.15022
-0.150235
-0.150257
-0.150268
-0.150279
-0.15029
-0.150296
-0.150301
-0.150327
-0.150342
-0.150355
-0.150363
-0.150376
-0.150384
-0.150397
-0.1504
-0.150408
-0.150416
-0.150419
-0.150426
-0.150427
-0.150433
-0.150445
-0.150446
-0.150452
-0.150458
-0.150465
-0.150467
-0.150468
-0.150475
-0.150482
-0.150479
-0.150486
-0.150482
-0.15048
-0.150471
-0.150472
-0.150464
-0.150459
-0.150461
-0.150458
-0.150449
-0.15045
-0.150445
-0.150441
-0.150432
-0.150438
-0.150433
-0.150435
-0.150425
-0.150426
-0.150426
-0.150427
-0.150423
-0.150419
-0.150409
-0.15041
-0.150401
-0.150391
-0.150387
-0.150383
-0.150373
-0.150364
-0.150348
-0.150344
-0.150335
-0.15033
-0.150321
-0.150322
-0.150306
-0.150301
-0.150296
-0.150287
-0.150276
-0.150266
-0.150257
-0.150247
-0.150237
-0.150226
-0.150216
-0.150206
-0.150195
-0.150189
-0.150179
-0.150179
-0.150173
-0.150167
-0.150156
-0.15015
-0.150144
-0.150133
-0.150127
-0.150122
-0.15011
-0.1501
-0.150095
-0.150084
-0.150078
-0.150062
-0.150057
-0.150045
-0.150035
-0.150029
-0.150018
-0.150012
-0.150001
-0.149996
-0.149985
-0.149974
-0.149963
-0.149952
-0.14993
-0.149919
-0.149901
-0.14989
-0.149873
-0.149861
-0.14985
-0.149837
-0.149831
-0.149824
-0.149812
-0.1498
-0.149798
-0.149795
-0.149788
-0.149775
-0.149768
-0.149761
-0.149749
-0.149744
-0.149743
-0.149726
-0.149726
-0.149714
-0.149708
-0.149695
-0.149694
-0.149693
-0.149686
-0.149685
-0.149689
-0.149682
-0.14968
-0.149679
-0.149677
-0.149676
-0.149674
-0.149666
-0.149676
-0.149674
-0.149683
-0.149686
-0.149689
-0.149692
-0.149701
-0.149704
-0.149713
-0.149722
-0.149725
-0.149734
-0.149743
-0.149751
-0.149754
-0.149762
-0.149765
-0.149779
-0.149779
-0.149793
-0.1498
-0.149813
-0.149831
-0.149832
-0.149845
-0.149857
-0.149875
-0.149888
-0.149901
-0.14992
-0.149931
-0.149949
-0.149961
-0.149973
-0.149979
-0.149991
-0.150009
-0.150027
-0.150045
-0.150072
-0.150091
-0.150118
-0.150137
-0.150161
-0.150172
-0.150188
-0.150199
-0.150229
-0.150241
-0.150266
-0.150296
-0.150319
-0.150341
-0.150356
-0.150366
-0.150381
-0.150411
-0.150428
-0.150462
-0.150477
-0.150491
-0.150505
-0.150525
-0.150544
-0.150573
-0.1506
-0.150639
-0.150659
-0.150685
-0.150709
-0.150732
-0.150743
-0.150773
-0.150791
-0.150814
-0.150831
-0.150842
-0.150864
-0.150874
-0.15089
-0.150906
-0.150929
-0.150953
-0.150968
-0.150991
-0.151007
-0.15103
-0.15106
-0.15107
-0.151093
-0.151115
-0.151125
-0.151141
-0.151147
-0.15115
-0.151154
-0.15117
-0.15118
-0.15119
-0.151194
-0.151204
-0.151202
-0.151212
-0.151217
-0.15122
-0.151224
-0.151234
-0.151232
-0.15123
-0.151234
-0.151237
-0.151234
-0.151232
-0.151241
-0.15124
-0.151244
-0.151248
-0.151252
-0.151249
-0.151247
-0.151246
-0.151238
-0.151237
-0.151223
-0.151209
-0.151188
-0.151175
-0.151154
-0.151127
-0.151112
-0.151103
-0.151082
-0.151075
-0.15106
-0.15104
-0.151019
-0.151017
-0.151002
-0.150981
-0.150954
-0.150935
-0.150909
-0.150881
-0.150853
-0.150826
-0.150794
-0.150765
-0.150745
-0.150711
-0.150682
-0.150648
-0.150614
-0.15058
-0.150539
-0.150498
-0.150457
-0.150416
-0.150387
-0.150351
-0.150315
-0.150278
-0.150248
-0.1502
-0.15017
-0.150134
-0.150099
-0.150057
-0.150009
-0.149973
-0.14993
-0.149894
-0.149851
-0.149821
-0.149778
-0.149734
-0.149697
-0.149654
-0.14961
-0.149566
-0.149534
-0.14949
-0.149446
-0.149408
-0.149364
-0.149319
-0.149281
-0.149236
-0.149185
-0.149146
-0.149107
-0.149068
-0.149029
-0.148984
-0.148945
-0.148906
-0.148862
-0.148816
-0.148784
-0.148745
-0.148707
-0.148662
-0.148618
-0.14858
-0.148541
-0.148497
-0.148459
-0.148421
-0.148376
-0.148338
-0.1483
-0.148262
-0.148218
-0.148193
-0.148154
-0.148116
-0.148085
-0.148041
-0.148011
-0.147973
-0.147942
-0.147905
-0.147868
-0.147831
-0.147795
-0.147759
-0.147723
-0.147693
-0.147657
-0.147627
-0.147592
-0.147562
-0.147527
-0.147498
-0.147469
-0.14744
-0.147411
-0.147389
-0.147361
-0.147333
-0.147311
-0.147282
-0.147254
-0.147232
-0.147205
-0.147184
-0.147157
-0.147136
-0.147116
-0.147096
-0.147076
-0.147056
-0.147044
-0.147021
-0.147003
-0.146985
-0.146969
-0.146951
-0.14694
-0.146923
-0.146912
-0.146896
-0.14688
-0.14687
-0.146854
-0.146838
-0.146823
-0.146802
-0.146782
-0.146768
-0.146748
-0.146728
-0.146722
-0.146709
-0.146697
-0.146684
-0.146666
-0.14666
-0.146655
-0.146645
-0.146629
-0.146612
-0.146596
-0.146581
-0.146565
-0.146537
-0.146509
-0.146493
-0.146477
-0.146405
-0.146376
-0.146355
-0.146332
-0.146322
-0.146293
-0.146264
-0.14624
-0.146223
-0.146208
-0.146186
-0.146171
-0.14615
-0.146128
-0.146107
-0.146079
-0.146064
-0.146049
-0.146028
-0.146001
-0.145981
-0.145955
-0.145929
-0.145911
-0.145893
-0.145874
-0.145849
-0.145824
-0.145806
-0.145781
-0.145755
-0.145736
-0.145717
-0.145705
-0.14568
-0.145661
-0.145642
-0.145617
-0.145605
-0.145585
-0.145573
-0.145562
-0.14555
-0.145531
-0.145526
-0.145514
-0.145502
-0.145485
-0.145467
-0.145449
-0.145439
-0.145415
-0.145411
-0.145387
-0.14537
-0.145353
-0.145329
-0.145312
-0.145289
-0.145272
-0.145255
-0.145245
-0.145228
-0.145211
-0.145194
-0.145184
-0.145167
-0.145143
-0.14512
-0.145104
-0.14508
-0.145057
-0.145034
-0.14501
-0.14498
-0.144957
-0.144933
-0.144911
-0.144887
-0.144871
-0.144847
-0.144824
-0.144808
-0.144798
-0.144768
-0.144746
-0.14473
-0.1447
-0.144671
-0.144648
-0.144625
-0.144595
-0.144572
-0.144542
-0.144512
-0.144495
-0.144465
-0.144434
-0.144417
-0.144387
-0.144363
-0.144339
-0.144309
-0.144278
-0.144247
-0.144223
-0.144192
-0.144168
-0.144144
-0.144113
-0.144088
-0.14407
-0.144039
-0.144014
-0.143996
-0.143972
-0.143954
-0.143922
-0.143904
-0.143878
-0.14386
-0.143834
-0.143808
-0.143783
-0.143757
-0.143737
-0.143717
-0.143697
-0.143671
-0.14365
-0.143623
-0.143595
-0.143568
-0.14354
-0.143506
-0.143478
-0.14345
-0.143422
-0.143381
-0.14336
-0.143332
-0.143304
-0.143275
-0.143253
-0.143225
-0.143203
-0.143195
-0.143173
-0.143151
-0.143129
-0.143101
-0.143072
-0.143049
-0.143006
-0.142977
-0.142948
-0.142918
-0.142888
-0.142865
-0.142841
-0.142804
-0.142773
-0.142736
-0.142712
-0.142674
-0.142643
-0.142612
-0.142588
-0.142557
-0.142533
-0.142509
-0.142491
-0.14246
-0.142435
-0.142404
-0.142379
-0.142354
-0.142329
-0.142304
-0.142285
-0.142259
-0.142233
-0.142214
-0.142187
-0.142175
-0.142149
-0.142123
-0.142083
-0.142057
-0.142023
-0.141996
-0.141968
-0.141941
-0.141921
-0.141893
-0.141872
-0.141844
-0.141816
-0.141788
-0.141773
-0.141745
-0.141737
-0.141715
-0.141707
-0.141691
-0.141668
-0.141659
-0.14165
-0.141633
-0.141617
-0.1416
-0.14159
-0.14158
-0.141577
-0.141566
-0.141556
-0.141553
-0.141549
-0.141538
-0.14152
-0.141516
-0.141498
-0.141494
-0.141475
-0.141464
-0.141446
-0.141435
-0.141423
-0.141411
-0.1414
-0.141388
-0.141383
-0.141371
-0.141367
-0.141354
-0.141342
-0.14133
-0.141317
-0.141305
-0.141285
-0.141265
-0.141252
-0.141239
-0.141226
-0.141213
-0.141199
-0.141186
-0.141165
-0.141158
-0.141151
-0.141151
-0.141137
-0.141123
-0.141123
-0.141109
-0.141102
-0.141087
-0.141073
-0.141066
-0.141051
-0.141051
-0.141036
-0.141028
-0.141013
-0.140998
-0.14099
-0.140975
-0.140967
-0.140959
-0.140951
-0.140943
-0.140934
-0.140926
-0.140917
-0.140909
-0.1409
-0.140884
-0.140875
-0.140859
-0.14085
-0.140833
-0.140824
-0.140822
-0.140805
-0.140788
-0.140778
-0.140768
-0.140759
-0.140748
-0.140738
-0.140728
-0.140732
-0.140722
-0.140719
-0.140715
-0.140719
-0.140708
-0.140698
-0.140694
-0.140683
-0.140672
-0.140661
-0.140657
-0.140646
-0.140642
-0.14063
-0.140611
-0.140607
-0.140588
-0.140576
-0.140564
-0.140559
-0.140547
-0.140527
-0.140515
-0.140509
-0.140504
-0.140499
-0.140493
-0.140481
-0.140475
-0.14047
-0.140464
-0.140459
-0.140446
-0.14044
-0.140427
-0.140421
-0.140408
-0.140395
-0.140389
-0.140376
-0.14037
-0.14035
-0.140336
-0.14033
-0.140309
-0.140303
-0.140283
-0.140277
-0.140263
-0.140257
-0.140251
-0.140245
-0.140239
-0.140226
-0.140213
-0.140208
-0.140195
-0.140182
-0.14017
-0.140165
-0.140152
-0.14014
-0.140135
-0.140116
-0.140111
-0.140098
-0.140086
-0.140074
-0.140062
-0.14005
-0.140038
-0.140033
-0.140036
-0.140024
-0.14002
-0.140001
-0.139997
-0.139985
-0.139974
-0.139956
-0.139952
-0.139927
-0.139902
-0.139891
-0.139873
-0.139848
-0.139831
-0.139813
-0.139796
-0.139793
-0.139783
-0.139773
-0.139756
-0.139739
-0.13973
-0.13972
-0.139704
-0.139688
-0.139671
-0.139648
-0.139625
-0.139609
-0.13958
-0.139557
-0.139534
-0.139526
-0.139504
-0.139488
-0.139466
-0.139444
-0.139422
-0.139394
-0.139365
-0.139344
-0.139323
-0.139295
-0.139274
-0.139253
-0.139233
-0.139205
-0.139185
-0.139158
-0.139146
-0.139118
-0.139084
-0.13905
-0.139016
-0.13899
-0.138978
-0.138959
-0.13892
-0.138923
-0.13889
-0.13885
-0.138825
-0.1388
-0.138775
-0.138742
-0.138732
-0.138707
-0.138682
-0.138658
-0.138634
-0.138596
-0.138527
-0.138495
-0.138471
-0.138455
-0.138423
-0.138399
-0.138361
-0.138338
-0.138308
-0.138278
-0.138241
-0.138211
-0.138196
-0.13818
-0.138157
-0.138142
-0.13808
-0.138051
-0.138014
-0.13797
-0.137933
-0.13791
-0.137873
-0.137857
-0.137829
-0.137807
-0.137777
-0.137749
-0.137713
-0.137684
-0.137654
-0.137585
-0.137555
-0.137534
-0.137505
-0.137462
-0.137433
-0.137404
-0.137375
-0.137346
-0.137317
-0.137295
-0.137259
-0.13723
-0.137208
-0.137179
-0.13715
-0.137121
-0.137092
-0.13707
-0.137041
-0.137026
-0.137011
-0.136982
-0.136967
-0.136938
-0.136902
-0.136866
-0.136837
-0.136814
-0.136778
-0.136749
-0.13672
-0.136698
-0.136676
-0.13664
-0.136617
-0.136588
-0.136565
-0.136544
-0.136514
-0.136485
-0.136441
-0.136419
-0.136389
-0.136367
-0.136351
-0.136321
-0.136306
-0.136282
-0.136253
-0.136223
-0.136193
-0.136169
-0.136152
-0.136128
-0.136104
-0.136079
-0.136055
-0.136031
-0.135999
-0.135974
-0.135942
-0.135911
-0.135878
-0.135846
-0.135821
-0.135796
-0.135764
-0.135738
-0.135713
-0.135687
-0.135668
-0.135642
-0.135616
-0.13559
-0.13557
-0.135544
-0.135524
-0.135498
-0.135464
-0.135437
-0.13541
-0.135382
-0.135348
-0.13532
-0.135293
-0.135265
-0.135237
-0.135222
-0.135194
-0.135172
-0.135143
-0.13512
-0.135097
-0.135073
-0.135043
-0.135012
-0.134982
-0.134951
-0.134926
-0.134902
-0.134877
-0.134853
-0.134821
-0.134803
-0.134778
-0.134752
-0.134734
-0.134709
-0.13469
-0.134664
-0.134645
-0.134626
-0.1346
-0.134588
-0.134569
-0.134543
-0.134524
-0.134505
-0.134492
-0.134466
-0.134454
-0.134441
-0.134422
-0.134409
-0.13439
-0.134377
-0.134371
-0.134358
-0.134346
-0.134333
-0.13432
-0.134307
-0.134294
-0.134288
-0.134275
-0.134269
-0.134256
-0.13425
-0.134236
-0.134224
-0.134217
-0.134198
-0.134191
-0.134185
-0.134179
-0.134166
-0.134159
-0.134153
-0.13414
-0.134134
-0.134128
-0.134121
-0.134122
-0.134116
-0.134109
-0.13411
-0.134103
-0.134104
-0.134098
-0.134098
-0.134092
-0.1341
-0.1341
-0.134101
-0.134102
-0.13411
-0.134111
-0.134112
-0.134126
-0.134127
-0.134129
-0.134137
-0.134146
-0.134155
-0.13417
-0.134172
-0.134187
-0.134197
-0.134207
-0.134217
-0.13422
-0.134238
-0.134248
-0.134253
-0.13427
-0.134276
-0.134287
-0.134299
-0.134311
-0.13433
-0.134336
-0.134349
-0.134369
-0.134396
-0.134404
-0.134419
-0.134434
-0.134443
-0.134453
-0.134463
-0.134466
-0.134477
-0.134481
-0.134492
-0.134503
-0.134514
-0.134526
-0.134538
-0.134543
-0.134556
-0.134568
-0.134588
-0.134601
-0.134615
-0.134636
-0.134643
-0.134664
-0.134679
-0.134694
-0.134709
-0.134732
-0.134741
-0.134757
-0.13478
-0.134789
-0.134806
-0.134823
-0.134841
-0.134858
-0.134869
-0.134887
-0.134906
-0.134924
-0.134942
-0.134954
-0.13498
-0.134992
-0.135011
-0.135037
-0.135057
-0.135077
-0.135096
-0.135116
-0.135143
-0.135164
-0.135191
-0.135211
-0.135239
-0.135259
-0.13528
-0.135301
-0.135328
-0.135349
-0.135378
-0.135399
-0.135428
-0.135456
-0.135478
-0.135513
-0.135536
-0.135565
-0.135594
-0.135623
-0.135652
-0.135681
-0.13571
-0.135746
-0.135769
-0.135806
-0.135835
-0.135865
-0.135902
-0.135931
-0.135968
-0.135992
-0.136029
-0.136059
-0.136097
-0.136128
-0.136172
-0.136209
-0.136247
-0.136291
-0.136328
-0.136359
-0.136397
-0.136441
-0.136486
-0.136531
-0.136576
-0.136621
-0.13666
-0.136705
-0.136737
-0.136782
-0.136822
-0.136867
-0.136913
-0.136952
-0.137005
-0.13705
-0.137104
-0.137144
-0.137184
-0.137237
-0.137291
-0.137339
-0.137393
-0.137433
-0.137481
-0.137528
-0.137569
-0.137617
-0.137672
-0.137727
-0.137782
-0.137837
-0.137906
-0.137953
-0.138015
-0.138084
-0.138146
-0.138195
-0.138243
-0.138291
-0.13834
-0.138396
-0.138459
-0.138516
-0.138565
-0.138614
-0.13867
-0.138727
-0.13879
-0.138853
-0.13891
-0.138953
-0.139009
-0.139045
-0.139087
-0.13913
-0.139187
-0.139243
-0.139292
-0.139363
-0.139412
-0.139461
-0.139496
-0.139531
-0.139588
-0.139624
-0.139666
-0.139709
-0.13975
-0.139792
-0.139841
-0.139876
-0.139932
-0.139967
-0.140039
-0.140089
-0.140146
-0.140218
-0.140267
-0.140323
-0.140365
-0.140414
-0.140442
-0.140463
-0.140498
-0.14054
-0.140595
-0.140637
-0.140678
-0.140705
-0.140739
-0.140774
-0.140822
-0.140919
-0.14096
-0.140994
-0.14102
-0.141053
-0.1411
-0.141133
-0.141152
-0.14117
-0.141195
-0.141228
-0.141246
-0.141265
-0.141275
-0.141286
-0.141303
-0.141306
-0.141337
-0.141376
-0.141407
-0.141439
-0.141456
-0.14148
-0.141504
-0.141499
-0.141509
-0.141525
-0.141534
-0.141558
-0.141574
-0.141598
-0.141614
-0.141623
-0.141639
-0.141647
-0.141663
-0.141671
-0.14168
-0.141702
-0.14171
-0.141725
-0.14174
-0.141769
-0.141777
-0.141806
-0.141814
-0.141814
-0.141821
-0.141813
-0.141827
-0.141833
-0.141833
-0.141839
-0.141853
-0.141858
-0.141864
-0.141873
-0.141879
-0.141891
-0.141902
-0.141906
-0.141925
-0.141929
-0.141927
-0.141939
-0.141943
-0.141948
-0.141959
-0.14197
-0.141967
-0.141979
-0.141983
-0.141994
-0.141991
-0.141995
-0.141999
-0.142002
-0.141999
-0.142003
-0.142001
-0.141997
-0.141994
-0.142005
-0.142008
-0.141998
-0.142002
-0.141998
-0.141995
-0.141977
-0.14198
-0.141976
-0.141979
-0.141976
-0.141972
-0.141961
-0.141937
-0.141933
-0.141915
-0.141918
-0.141914
-0.141918
-0.141914
-0.14191
-0.141906
-0.141902
-0.141899
-0.141896
-0.141892
-0.141882
-0.141879
-0.141883
-0.141873
-0.141869
-0.141859
-0.14185
-0.141847
-0.141838
-0.141835
-0.141832
-0.141823
-0.14182
-0.141824
-0.141821
-0.141811
-0.141787
-0.141785
-0.141768
-0.141766
-0.14177
-0.141768
-0.141773
-0.141764
-0.141754
-0.141766
-0.141756
-0.141761
-0.141759
-0.141757
-0.141762
-0.14174
-0.141731
-0.141723
-0.141722
-0.141706
-0.141718
-0.141716
-0.141728
-0.141726
-0.141725
-0.14173
-0.141708
-0.141706
-0.141692
-0.141683
-0.141689
-0.141687
-0.141672
-0.141663
-0.141655
-0.141633
-0.141631
-0.141637
-0.141628
-0.141627
-0.141625
-0.141617
-0.141615
-0.141607
-0.14162
-0.141633
-0.141645
-0.14165
-0.141649
-0.141647
-0.141626
-0.141611
-0.141602
-0.1416
-0.141618
-0.141616
-0.141621
-0.141632
-0.141617
-0.141615
-0.141627
-0.141639
-0.14165
-0.141654
-0.141666
-0.141671
-0.141656
-0.141661
-0.14166
-0.141672
-0.141691
-0.141696
-0.141713
-0.141725
-0.141736
-0.141734
-0.141733
-0.141744
-0.141755
-0.14178
-0.141779
-0.141811
-0.141804
-0.141815
-0.141813
-0.14183
-0.141872
-0.141882
-0.141918
-0.141921
-0.141935
-0.141949
-0.141956
-0.142003
-0.142035
-0.142061
-0.142068
-0.142087
-0.142099
-0.142118
-0.142156
-0.142194
-0.142213
-0.142231
-0.142262
-0.142292
-0.142323
-0.142359
-0.14239
-0.14242
-0.142428
-0.142448
-0.142467
-0.142492
-0.142505
-0.142526
-0.142553
-0.142573
-0.142604
-0.142629
-0.142649
-0.14268
-0.142704
-0.142722
-0.142742
-0.142767
-0.14279
-0.142827
-0.14285
-0.142886
-0.142909
-0.142932
-0.142956
-0.142978
-0.143007
-0.143036
-0.143076
-0.143105
-0.143135
-0.143153
-0.143189
-0.143215
-0.143248
-0.143281
-0.143309
-0.143348
-0.14337
-0.143397
-0.143417
-0.14345
-0.143482
-0.143509
-0.143542
-0.143574
-0.143601
-0.143629
-0.143659
-0.143687
-0.143724
-0.14375
-0.143783
-0.143815
-0.143836
-0.143861
-0.143875
-0.143901
-0.143932
-0.143963
-0.143988
-0.144012
-0.144031
-0.144055
-0.144085
-0.144108
-0.144131
-0.144155
-0.144173
-0.144196
-0.144209
-0.144226
-0.144249
-0.144261
-0.144278
-0.144289
-0.14429
-0.144297
-0.144304
-0.144311
-0.144323
-0.144336
-0.144337
-0.144348
-0.144359
-0.144366
-0.144372
-0.144373
-0.144374
-0.144381
-0.144392
-0.144392
-0.144393
-0.144393
-0.144398
-0.144398
-0.144398
-0.144386
-0.14439
-0.144383
-0.144393
-0.144397
-0.14439
-0.144389
-0.144394
-0.144373
-0.144368
-0.144356
-0.14434
-0.144333
-0.144332
-0.144331
-0.14432
-0.144318
-0.144307
-0.1443
-0.144294
-0.144283
-0.144267
-0.144257
-0.144256
-0.144244
-0.144238
-0.144227
-0.144215
-0.144198
-0.144191
-0.144168
-0.144156
-0.144132
-0.144121
-0.144103
-0.1441
-0.144082
-0.144063
-0.144049
-0.144031
-0.144012
-0.143983
-0.143964
-0.143942
-0.143923
-0.143906
-0.14389
-0.143872
-0.143859
-0.143846
-0.143833
-0.143814
-0.143786
-0.143764
-0.143756
-0.143734
-0.143716
-0.143697
-0.143687
-0.143671
-0.143659
-0.143644
-0.143615
-0.143595
-0.143571
-0.143546
-0.143521
-0.143491
-0.143471
-0.143455
-0.143435
-0.143415
-0.14341
-0.14339
-0.143366
-0.14334
-0.143311
-0.143286
-0.143265
-0.143239
-0.143218
-0.143197
-0.143186
-0.143171
-0.143151
-0.143131
-0.143109
-0.143086
-0.143046
-0.143036
-0.143017
-0.143004
-0.14299
-0.142963
-0.142953
-0.142943
-0.142923
-0.142917
-0.142906
-0.142909
-0.142908
-0.142905
-0.142904
-0.142898
-0.142886
-0.14288
-0.142875
-0.142869
-0.142867
-0.142857
-0.14286
-0.14285
-0.142852
-0.142854
-0.142857
-0.142855
-0.142857
-0.142854
-0.142857
-0.142859
-0.14287
-0.142875
-0.142882
-0.142886
-0.142896
-0.1429
-0.142905
-0.142913
-0.142918
-0.142923
-0.142928
-0.142941
-0.142945
-0.142954
-0.142966
-0.142972
-0.14298
-0.142986
-0.142995
-0.143016
-0.143035
-0.143049
-0.143071
-0.143094
-0.1431
-0.143109
-0.143118
-0.143135
-0.143148
-0.143159
-0.143173
-0.143189
-0.1432
-0.143213
-0.143224
-0.143242
-0.143256
-0.143271
-0.143291
-0.143303
-0.143317
-0.14333
-0.143341
-0.143364
-0.143388
-0.143406
-0.143429
-0.143444
-0.143458
-0.143461
-0.143483
-0.143499
-0.143512
-0.143519
-0.143534
-0.143551
-0.143567
-0.143587
-0.143608
-0.143623
-0.143638
-0.143659
-0.143677
-0.143686
-0.143711
-0.143735
-0.143752
-0.143769
-0.143769
-0.143784
-0.1438
-0.143808
-0.143819
-0.143827
-0.143841
-0.143859
-0.14387
-0.143876
-0.143879
-0.143893
-0.143903
-0.143914
-0.143928
-0.143946
-0.143967
-0.143992
-0.144021
-0.14406
-0.1441
-0.144139
-0.144179
-0.144217
-0.144252
-0.144284
-0.144312
-0.144327
-0.144336
-0.144341
-0.144344
-0.144342
-0.144353
-0.144349
-0.144347
-0.144337
-0.144335
-0.144336
-0.144339
-0.144351
-0.144365
-0.144393
-0.144418
-0.144448
-0.144479
-0.144508
-0.14454
-0.144569
-0.14459
-0.144608
-0.144629
-0.144635
-0.144649
-0.144659
-0.144678
-0.144691
-0.144713
-0.144726
-0.144737
-0.144744
-0.144747
-0.144767
-0.144773
-0.144782
-0.144799
-0.144811
-0.144825
-0.144843
-0.14486
-0.144875
-0.144889
-0.144901
-0.144907
-0.144917
-0.144923
-0.144928
-0.144926
-0.144929
-0.144926
-0.144921
-0.144913
-0.144911
-0.144907
-0.144903
-0.144896
-0.144896
-0.144898
-0.144892
-0.144894
-0.144893
-0.144888
-0.144887
-0.144886
-0.144881
-0.144877
-0.144871
-0.144869
-0.144863
-0.144858
-0.144855
-0.144852
-0.14485
-0.144848
-0.144845
-0.144843
-0.144837
-0.144835
-0.144829
-0.144823
-0.144817
-0.144811
-0.144809
-0.144803
-0.144798
-0.144803
-0.144808
-0.144813
-0.144817
-0.144822
-0.144827
-0.144832
-0.144836
-0.144841
-0.144845
-0.14485
-0.144854
-0.144859
-0.144863
-0.144868
-0.144872
-0.144876
-0.144881
-0.144885
-0.144889
-0.144893
-0.144897
-0.144902
-0.144906
-0.14491
-0.144914
-0.144918
-0.144922
-0.144926
-0.14493
-0.144934
-0.144937
-0.144941
-0.144945
-0.144949
-0.144952
-0.144956
-0.144959
-0.144963
-0.144966
-0.14497
-0.144973
-0.144976
-0.14498
-0.144983
-0.144987
-0.14499
-0.144993
-0.144996
-0.145
-0.145003
-0.145006
-0.145009
-0.145013
-0.145016
-0.145019
-0.145022
-0.145025
-0.145028
-0.145031
-0.145034
-0.145037
-0.14504
-0.145043
-0.145046
-0.145049
-0.145052
-0.145055
-0.145058
-0.145061
-0.145065
-0.145068
-0.145071
-0.145074
-0.145077
-0.14508
-0.145083
-0.145086
-0.145089
-0.145092
-0.145095
-0.145098
-0.1451
-0.145103
-0.145106
-0.145109
-0.145112
-0.145115
-0.145117
-0.14512
-0.145123
-0.145126
-0.145128
-0.145131
-0.145134
-0.145137
-0.145139
-0.145142
-0.145145
-0.145147
-0.14515
-0.145153
-0.145155
-0.145158
-0.14516
-0.145162
-0.145164
-0.145166
-0.145169
-0.145171
-0.145173
-0.145175
-0.145177
-0.145179
-0.145181
-0.145183
-0.145185
-0.145187
-0.145189
-0.145191
-0.145193
-0.145195
-0.145197
-0.1452
-0.145202
-0.145203
-0.145205
-0.145207
-0.145209
-0.145211
-0.145213
-0.145215
-0.145216
-0.145218
-0.14522
-0.145222
-0.145224
-0.145225
-0.145227
-0.145229
-0.145231
-0.145232
-0.145234
-0.145236
-0.145238
-0.145239
-0.145241
-0.145242
-0.145244
-0.145246
-0.145247
-0.145249
-0.14525
-0.145252
-0.145254
-0.145255
-0.145257
-0.145259
-0.14526
-0.145262
-0.145263
-0.145265
-0.145266
-0.145268
-0.145269
-0.145271
-0.145272
-0.145274
-0.145275
-0.145277
-0.145278
-0.14528
-0.145281
-0.145283
-0.145284
-0.145286
-0.145287
-0.145288
-0.14529
-0.145291
-0.145292
-0.145293
-0.145295
-0.145296
-0.145297
-0.145298
-0.145299
-0.145301
-0.145302
-0.145303
-0.145304
-0.145306
-0.145307
-0.145308
-0.14531
-0.145311
-0.145313
-0.145314
-0.145315
-0.145316
-0.145318
-0.145319
-0.14532
-0.145322
-0.145323
-0.145324
-0.145325
-0.145327
-0.145328
-0.145329
-0.14533
-0.145331
-0.145333
-0.145334
-0.145335
-0.145336
-0.145337
-0.145338
-0.145339
-0.14534
-0.145342
-0.145343
-0.145344
-0.145344
-0.145345
-0.145346
-0.145347
-0.145348
-0.145349
-0.14535
-0.145352
-0.145353
-0.145354
-0.145355
-0.145356
-0.145357
-0.145358
-0.145359
-0.14536
-0.145361
-0.145363
-0.145364
-0.145365
-0.145366
-0.145368
-0.145369
-0.14537
-0.145371
-0.145372
-0.145373
-0.145374
-0.145376
-0.145377
-0.145378
-0.145379
-0.14538
-0.145381
-0.145382
-0.145383
-0.145384
-0.145385
-0.145386
-0.145387
-0.145389
-0.14539
-0.145391
-0.145392
-0.145393
-0.145394
-0.145395
-0.145395
-0.145396
-0.145397
-0.145398
-0.145399
-0.1454
-0.145401
-0.145401
-0.145402
-0.145403
-0.145404
-0.145405
-0.145406
-0.145407
-0.145408
-0.145408
-0.145409
-0.14541
-0.145411
-0.145412
-0.145413
-0.145414
-0.145415
-0.145416
-0.145417
-0.145418
-0.145419
-0.14542
-0.145421
-0.145422
-0.145423
-0.145424
-0.145425
-0.145425
-0.145426
-0.145427
-0.145428
-0.145429
-0.14543
-0.145431
-0.145432
-0.145433
-0.145434
-0.145435
-0.145436
-0.145437
-0.145438
-0.145438
-0.145439
-0.14544
-0.145441
-0.145442
-0.145443
-0.145444
-0.145445
-0.145446
-0.145446
-0.145447
-0.145448
-0.145449
-0.14545
-0.145451
-0.145451
-0.145452
-0.145453
-0.145454
-0.145455
-0.145455
-0.145456
-0.145457
-0.145458
-0.145458
-0.145459
-0.14546
-0.145461
-0.145461
-0.145462
-0.145463
-0.145463
-0.145464
-0.145465
-0.145466
-0.145466
-0.145467
-0.145468
-0.145468
-0.145469
-0.14547
-0.14547
-0.145471
-0.145472
-0.145472
-0.145473
-0.145473
-0.145474
-0.145475
-0.145475
-0.145476
-0.145476
-0.145477
-0.145477
-0.145478
-0.145478
-0.145479
-0.145479
-0.145479
-0.14548
-0.14548
-0.145481
-0.145481
-0.145482
-0.145482
-0.145482
-0.145483
-0.145483
-0.145483
-0.145483
-0.145484
-0.145484
-0.145485
-0.145485
-0.145485
-0.145486
-0.145486
-0.145486
-0.145487
-0.145487
-0.145488
-0.145488
-0.145488
-0.145489
-0.145489
-0.14549
-0.14549
-0.145491
-0.145491
-0.145491
-0.145492
-0.145492
-0.145493
-0.145493
-0.145494
-0.145494
-0.145494
-0.145495
-0.145495
-0.145496
-0.145496
-0.145496
-0.145497
-0.145497
-0.145498
-0.145498
-0.145499
-0.145499
-0.1455
-0.1455
-0.145501
-0.145501
-0.145502
-0.145502
-0.145503
-0.145503
-0.145504
-0.145504
-0.145505
-0.145505
-0.145506
-0.145507
-0.145507
-0.145508
-0.145508
-0.145509
-0.145509
-0.14551
-0.14551
-0.145511
-0.145512
-0.145512
-0.145513
-0.145514
-0.145514
-0.145515
-0.145515
-0.145516
-0.145517
-0.145517
-0.145518
-0.145518
-0.145519
-0.145519
-0.14552
-0.14552
-0.145521
-0.145521
-0.145522
-0.145522
-0.145523
-0.145523
-0.145524
-0.145524
-0.145525
-0.145525
-0.145526
-0.145526
-0.145526
-0.145527
-0.145527
-0.145528
-0.145528
-0.145528
-0.145529
-0.145529
-0.14553
-0.14553
-0.145531
-0.145531
-0.145532
-0.145532
-0.145533
-0.145533
-0.145533
-0.145534
-0.145534
-0.145534
-0.145534
-0.145535
-0.145535
-0.145535
-0.145536
-0.145536
-0.145536
-0.145536
-0.145537
-0.145537
-0.145537
-0.145538
-0.145538
-0.145538
-0.145538
-0.145538
-0.145538
-0.145539
-0.145539
-0.145539
-0.145539
-0.145539
-0.145539
-0.145539
-0.145539
-0.14554
-0.14554
-0.14554
-0.14554
-0.14554
-0.14554
-0.14554
-0.145541
-0.145541
-0.145542
-0.145542
-0.145543
-0.145544
-0.145544
-0.145545
-0.145545
-0.145545
-0.145546
-0.145546
-0.145547
-0.145547
-0.145547
-0.145548
-0.145548
-0.145549
-0.145549
-0.145549
-0.145549
-0.14555
-0.14555
-0.145549
-0.145549
-0.145549
-0.145549
-0.145548
-0.145548
-0.145548
-0.145548
-0.145548
-0.145547
-0.145547
-0.145547
-0.145547
-0.145546
-0.145546
-0.145546
-0.145546
-0.145545
-0.145545
-0.145545
-0.145545
-0.145545
-0.145545
-0.145545
-0.145544
-0.145544
-0.145544
-0.145544
-0.145544
-0.145544
-0.145543
-0.145543
-0.145543
-0.145543
-0.145542
-0.145542
-0.145542
-0.145542
-0.145541
-0.145541
-0.145541
-0.14554
-0.14554
-0.14554
-0.145539
-0.145539
-0.145539
-0.145539
-0.145538
-0.145538
-0.145538
-0.145537
-0.145537
-0.145537
-0.145536
-0.145536
-0.145536
-0.145536
-0.145535
-0.145535
-0.145535
-0.145534
-0.145534
-0.145533
-0.145533
-0.145533
-0.145532
-0.145532
-0.145531
-0.145531
-0.145531
-0.14553
-0.14553
-0.145529
-0.145529
-0.145528
-0.145528
-0.145527
-0.145527
-0.145526
-0.145526
-0.145526
-0.145525
-0.145525
-0.145525
-0.145524
-0.145524
-0.145524
-0.145523
-0.145523
-0.145522
-0.145522
-0.145522
-0.145521
-0.145521
-0.14552
-0.14552
-0.145519
-0.145519
-0.145518
-0.145518
-0.145517
-0.145516
-0.145516
-0.145515
-0.145514
-0.145514
-0.145513
-0.145513
