0.304211
0.304211
0.304211
0.304211
0.304211
0.304211
0.304211
0.304211
0.304211
0.304211
0.304211
0.304211
0.304211
0.304211
0.304211
0.304211
0.304211
0.304211
0.304211
0.304211
0.304211
0.304211
0.304211
0.304211
0.304211
0.304211
0.304211
0.304211
0.304211
0.304211
0.304211
0.304211
0.304211
0.304211
0.304211
0.304211
0.304211
0.304211
0.304211
0.304211
0.304211
0.304211
0.304211
0.304211
0.304211
0.304211
0.304211
0.304211
0.304211
0.304211
0.304211
0.304211
0.304211
0.304211
0.304211
0.304211
0.304211
0.304211
0.304211
0.304211
0.304211
0.304211
0.304211
0.304211
0.304211
0.304211
0.304211
0.304211
0.304211
0.304211
0.304211
0.304211
0.304211
0.304211
0.304211
0.304211
0.304211
0.304211
0.304211
0.304211
0.304211
0.304211
0.304211
0.304211
0.304211
0.304211
0.304211
0.304211
0.304211
0.304211
0.304211
0.304211
0.304211
0.304211
0.304211
0.304211
0.304211
0.304211
0.304211
0.304211
0.304211
0.304211
0.304211
0.304211
0.304211
0.304211
0.304211
0.304211
0.304211
0.304211
0.304211
0.304211
0.304211
0.304211
0.304211
0.304211
0.304211
0.304211
0.304211
0.304211
0.304211
0.304211
0.304211
0.304211
0.304211
0.304211
0.304211
0.304211
0.304211
0.304211
0.304211
0.304211
0.304211
0.304211
0.304211
0.304211
0.304211
0.304211
0.304211
0.304211
0.304211
0.304211
0.304211
0.304211
0.304211
0.304211
0.304211
0.304211
0.304211
0.304211
0.304211
0.304211
0.304211
0.304211
0.304211
0.304211
0.304211
0.304211
0.304211
0.304211
0.304211
0.304211
0.304211
0.304211
0.304211
0.304211
0.304211
0.304211
0.304211
0.304211
0.304211
0.304211
0.304211
0.304211
0.304211
0.304211
0.304211
0.304211
0.304211
0.304211
0.304211
0.304211
0.304211
0.304211
0.304211
0.304211
0.304211
0.304211
0.304211
0.304211
0.304211
0.304211
0.304211
0.304211
0.304211
0.304211
0.304211
0.304211
0.304211
0.304211
0.304211
0.304211
0.304211
0.304211
0.304211
0.304211
0.304211
0.304211
0.304211
0.304211
0.304211
0.304211
0.304211
0.304211
0.304211
0.304211
0.304211
0.304211
0.304211
0.304211
0.304211
0.304211
0.304211
0.304211
0.304211
0.304211
0.304211
0.304211
0.304211
0.304211
0.304211
0.304211
0.304211
0.304211
0.304211
0.304211
0.304211
0.304211
0.304211
0.304211
0.304211
0.304211
0.304211
0.304211
0.304211
0.304211
0.304211
0.304211
0.304211
0.304211
0.304211
0.304211
0.304211
0.304211
0.304211
0.304211
0.304211
0.304211
0.304211
0.304211
0.304211
0.304211
0.304211
0.304211
0.304211
0.304211
0.304211
0.304211
0.304211
0.304211
0.304211
0.304211
0.304211
0.304211
0.304211
0.304211
0.304211
0.304211
0.304211
0.304211
0.304211
0.304211
0.304211
0.304211
0.304211
0.304211
0.304211
0.304211
0.304211
0.304211
0.304211
0.304211
0.304211
0.304211
0.304211
0.304211
0.304211
0.304211
0.304211
0.304211
0.304211
0.304211
0.304211
0.304211
0.304211
0.304211
0.304211
0.304211
0.304211
0.304211
0.304211
0.304211
0.304211
0.304211
0.304211
0.304211
0.304211
0.304211
0.304211
0.304211
0.304211
0.304211
0.304211
0.304211
0.304211
0.304211
0.304211
0.304211
0.304211
0.304211
0.304211
0.304211
0.304211
0.304211
0.304211
0.304211
0.304211
0.304211
0.304211
0.304211
0.304211
0.304211
0.304211
0.304211
0.304211
0.304211
0.304211
0.304211
0.304211
0.304211
0.304211
0.304211
0.304211
0.304211
0.304211
0.304211
0.304211
0.304211
0.304211
0.304211
0.304211
0.304211
0.304211
0.304211
0.304211
0.304211
0.304211
0.304211
0.304211
0.304211
0.304211
0.304211
0.304211
0.304211
0.304211
0.304211
0.304211
0.304211
0.304211
0.304211
0.304211
0.304211
0.304211
0.304211
0.304211
0.304211
0.304211
0.304211
0.304211
0.304211
0.304211
0.304211
0.304211
0.304211
0.304211
0.304211
0.304211
0.304211
0.304211
0.304211
0.304211
0.304211
0.304211
0.304211
0.304211
0.304211
0.304211
0.304211
0.304211
0.304211
0.304211
0.304211
0.304211
0.304211
0.304211
0.304211
0.304211
0.304211
0.304211
0.304211
0.304211
0.304211
0.304211
0.304211
0.304211
0.304211
0.304211
0.304211
0.304211
0.304211
0.304211
0.304211
0.304211
0.304211
0.304211
0.304211
0.304211
0.304211
0.304211
0.304211
0.304211
0.304211
0.304211
0.304211
0.304211
0.304211
0.304211
0.304211
0.304211
0.304211
0.304211
0.304211
0.304211
0.304211
0.304211
0.304211
0.304211
0.304211
0.304211
0.304211
0.304211
0.304211
0.304211
0.304211
0.304211
0.304211
0.304211
0.304211
0.304211
0.304211
0.304211
0.304211
0.304211
0.304211
0.304211
0.304211
0.304211
0.304211
0.304211
0.304211
0.304211
0.304211
0.304211
0.304211
0.304211
0.304211
0.304211
0.304211
0.304211
0.304211
0.304211
0.304211
0.304211
0.304211
0.304211
0.304211
0.304211
0.304211
0.304211
0.304211
0.304211
0.304211
0.304211
0.304211
0.304211
0.304211
0.304211
0.304211
0.304211
0.304211
0.304211
0.304211
0.304211
0.304211
0.304211
0.304211
0.304211
0.304211
0.304211
0.304211
0.304211
0.304211
0.304211
0.304211
0.304211
0.304211
0.304211
0.304211
0.304211
0.304211
0.304211
0.304211
0.304211
0.304211
0.304211
0.304211
0.304211
0.304211
0.304211
0.304211
0.304211
0.304211
0.304211
0.304211
0.304211
0.304211
0.304211
0.304211
0.304211
0.304211
0.304211
0.304211
0.304211
0.304211
0.304211
0.304211
0.304211
0.304211
0.304211
0.304211
0.304211
0.304211
0.304211
0.304211
0.304211
0.304211
0.304211
0.304211
0.304089
0.303978
0.303868
0.303751
0.303639
0.303524
0.303408
0.303301
0.303191
0.303092
0.302993
0.302899
0.302802
0.302714
0.302619
0.30254
0.302463
0.302385
0.302292
0.302211
0.302127
0.302054
0.301988
0.301911
0.301837
0.301757
0.301683
0.301612
0.301546
0.301478
0.3014
0.301334
0.301275
0.301225
0.30117
0.301125
0.301057
0.301011
0.300959
0.300915
0.300869
0.300828
0.300787
0.300746
0.300717
0.300688
0.300675
0.300656
0.30063
0.300613
0.300596
0.300588
0.300587
0.300583
0.300579
0.300568
0.300565
0.300587
0.300604
0.300615
0.300608
0.300587
0.300573
0.300579
0.300575
0.300574
0.300563
0.300559
0.300571
0.30058
0.300583
0.300559
0.300542
0.300538
0.300553
0.300563
0.30055
0.300532
0.300524
0.30052
0.300526
0.300516
0.300495
0.300498
0.300494
0.300493
0.300478
0.300443
0.300435
0.300423
0.300418
0.300389
0.300363
0.300341
0.300322
0.300323
0.300277
0.300245
0.300224
0.30019
0.300139
0.300086
0.300074
0.300063
0.300033
0.299977
0.299936
0.299913
0.29986
0.299804
0.299761
0.299719
0.299675
0.299607
0.299537
0.29947
0.299406
0.29935
0.29929
0.299243
0.299187
0.29911
0.29904
0.298976
0.298892
0.29882
0.298755
0.298632
0.298556
0.298492
0.298455
0.298413
0.298374
0.298332
0.298287
0.298241
0.2982
0.298166
0.298143
0.298108
0.298085
0.298043
0.298001
0.298001
0.298001
0.298001
0.298001
0.298001
0.298001
0.298001
0.298001
0.298001
0.298001
0.298001
0.298001
0.298001
0.298001
0.298001
0.298001
0.298001
0.298001
0.298001
0.298001
0.298001
0.298001
0.298001
0.298001
0.298001
0.298001
0.298001
0.298001
0.298001
0.298001
0.298001
0.298001
0.298001
0.298001
0.298001
0.298001
0.298001
0.298001
0.298001
0.298001
0.298001
0.298001
0.298001
0.298001
0.298001
0.298001
0.298001
0.298001
0.298001
0.298001
0.298001
0.298001
0.298001
0.298001
0.298001
0.298001
0.298001
0.298001
0.298001
0.298001
0.298001
0.298001
0.298001
0.298001
0.298001
0.298001
0.298001
0.298001
0.298001
0.298001
0.298001
0.298001
0.298001
0.298001
0.298001
0.298001
0.298001
0.298001
0.298001
0.298001
0.298001
0.298001
0.298001
0.298001
0.298001
0.298001
0.298001
0.298001
0.298001
0.298001
0.298001
0.298001
0.298001
0.298001
0.298001
0.298001
0.298001
0.298001
0.298001
0.298001
0.298001
0.298001
0.298001
0.298001
0.298001
0.298001
0.298001
0.298001
0.298001
0.298001
0.298001
0.298001
0.298001
0.298001
0.298001
0.298001
0.298001
0.298001
0.298001
0.298001
0.298001
0.298001
0.298001
0.298001
0.298001
0.298001
0.298001
0.298001
0.298001
0.298001
0.298001
0.298001
0.298001
0.298001
0.298001
0.298001
0.298001
0.298001
0.298001
0.298001
0.298001
0.298001
0.298001
0.298001
0.298001
0.298001
0.298001
0.298001
0.298001
0.298001
0.298001
0.298001
0.298001
0.298001
0.298001
0.298001
0.298001
0.298001
0.298001
0.298001
0.298001
0.298001
0.298001
0.298001
0.298001
0.298001
0.298001
0.298001
0.298001
0.298001
0.298001
0.298001
0.298001
0.298001
0.298001
0.298001
0.298001
0.298001
0.298001
0.298001
0.298001
0.298001
0.298001
0.298001
0.298001
0.298001
0.298001
0.298001
0.298001
0.298001
0.298001
0.298001
0.298001
0.298001
0.298001
0.298001
0.298001
0.298001
0.298001
0.298001
0.298001
0.298001
0.298001
0.298001
0.298001
0.298001
0.298001
0.298001
0.298001
0.298001
0.298001
0.298001
0.298001
0.298001
0.298001
0.298001
0.298001
0.298001
0.298001
0.298001
0.298001
0.298001
0.298001
0.298001
0.298001
0.298001
0.298001
0.298001
0.298001
0.298001
0.298001
0.298001
0.298001
0.298001
0.298001
0.298001
0.298001
0.298001
0.298001
0.298001
0.298001
0.298001
0.298001
0.298001
0.298001
0.298001
0.298001
0.298001
0.298001
0.298001
0.298001
0.298001
0.298001
0.298001
0.298001
0.298001
0.298001
0.298001
0.298001
0.298001
0.298001
0.298001
0.298001
0.298001
0.298001
0.298001
0.298001
0.298001
0.298001
0.298001
0.298001
0.298001
0.298001
0.298001
0.298001
0.298001
0.298001
0.298001
0.298001
0.298001
0.298001
0.298001
0.298001
0.298001
0.298001
0.298001
0.298001
0.298001
0.298001
0.298001
0.298001
0.298001
0.298001
0.298001
0.298001
0.298001
0.298001
0.298001
0.298001
0.298001
0.298001
0.298001
0.298001
0.298001
0.298001
0.298001
0.298001
0.298001
0.298001
0.298001
0.298001
0.298001
0.298001
0.298001
0.298001
0.298001
0.298001
0.298001
0.298001
0.298001
0.298001
0.298001
0.298001
0.298001
0.298001
0.298001
0.298001
0.298001
0.298001
0.298001
0.298001
0.298001
0.298001
0.298001
0.298001
0.298001
0.298001
0.298001
0.298001
0.298001
0.298001
0.298001
0.298001
0.298001
0.298001
0.298001
0.298001
0.298001
0.298001
0.298001
0.298001
0.298001
0.298001
0.298001
0.298001
0.298001
0.298001
0.298001
0.298001
0.298001
0.298001
0.298001
0.298001
0.298001
0.298001
0.298001
0.298001
0.298001
0.298001
0.298001
0.298001
0.298001
0.298001
0.298001
0.298001
0.298001
0.298001
0.298001
0.298001
0.298001
0.298001
0.298001
0.298001
0.298001
0.298001
0.298001
0.298001
0.298001
0.298001
0.298001
0.298001
0.298001
0.298001
0.298001
0.298001
0.298001
0.298001
0.298001
0.298001
0.298001
0.298001
0.298001
0.298001
0.298001
0.298001
0.298001
0.298001
0.298001
0.298001
0.298001
0.298001
0.298001
0.298001
0.298001
0.298001
0.298001
0.298001
0.298001
0.298001
0.298001
0.298001
0.298001
0.298001
0.298001
0.298001
0.298001
0.298001
0.298001
0.298001
0.298001
0.298001
0.298001
0.298001
0.298001
0.298001
0.298001
0.298001
0.298001
0.298001
0.298001
0.298001
0.298001
0.298001
0.298001
0.298001
0.298001
0.298001
0.298001
0.298001
0.298001
0.298001
0.298001
0.298001
0.298001
0.298001
0.298001
0.298001
0.298001
0.298001
0.298001
0.298001
0.298001
0.298001
0.298001
0.298001
0.298001
0.298001
0.298001
0.298001
0.298001
0.298001
0.298001
0.298001
0.298001
0.298001
0.298001
0.298001
0.298001
0.298001
0.298001
0.298001
0.298001
0.298001
0.298001
0.298001
0.298001
0.298001
0.298001
0.298001
0.298001
0.298001
0.298001
0.298001
0.298001
0.298001
0.298001
0.298001
0.298001
0.298001
0.298001
0.298001
0.298001
0.298001
0.298001
0.298001
0.298001
0.298001
0.298001
0.298001
0.298001
0.298001
0.298001
0.298001
0.298001
0.298001
0.298001
0.298001
0.298001
0.298001
0.298001
0.298001
0.298001
0.298001
0.298001
0.298001
0.298001
0.298001
0.298001
0.298001
0.298001
0.298001
0.298001
0.298001
0.298001
0.298001
0.298001
0.298001
0.298001
0.298001
0.298001
0.298001
0.298001
0.298001
0.298001
0.298001
0.298001
0.298001
0.298001
0.298001
0.298001
0.298001
0.298001
0.298001
0.298001
0.298001
0.298001
0.298001
0.298001
0.298001
0.298001
0.298001
0.298001
0.298001
0.298001
0.298001
0.298001
0.298001
0.298001
0.298001
0.298001
0.298001
0.298001
0.298001
0.298001
0.298001
0.298001
0.298001
0.298001
0.298001
0.298001
0.298001
0.298001
0.298001
0.298001
0.298001
0.298001
0.298001
0.298001
0.298001
0.298001
0.298001
0.298001
0.298001
0.298001
0.298001
0.298001
0.298001
0.298001
0.298001
0.298001
0.298001
0.298001
0.298001
0.298001
0.298001
0.298001
0.298001
0.298001
0.298001
0.298001
0.298001
0.298001
0.298001
0.298001
0.298001
0.298001
0.298001
0.298001
0.298001
0.298001
0.298001
0.298001
0.298001
0.298001
0.298001
0.298001
0.298001
0.298001
0.298001
0.298001
0.298001
0.298001
0.298001
0.298001
0.298001
0.298001
0.298001
0.298001
0.298001
0.298001
0.298001
0.298001
0.298001
0.298001
0.298001
0.298001
0.298001
0.298001
0.298001
0.298001
0.298001
0.298001
0.298001
0.298001
0.298001
0.298001
0.298001
0.298001
0.298001
0.298001
0.298001
0.298001
0.298001
0.298001
0.298001
0.298001
0.298001
0.298001
0.298001
0.298001
0.298001
0.298001
0.298001
0.298001
0.298001
0.298001
0.298001
0.298001
0.298001
0.298001
0.298001
0.298001
0.298001
0.298001
0.298001
0.298001
0.298001
0.298001
0.298001
0.298001
0.298001
0.298001
0.298001
0.298001
0.298001
0.298001
0.298001
0.298001
0.298001
0.298001
0.298001
0.298001
0.298001
0.298001
0.298001
0.298001
0.298001
0.298001
0.298001
0.298001
0.298001
0.298001
0.298001
0.298001
0.298001
0.298001
0.298001
0.298001
0.298001
0.298001
0.298001
0.298001
0.298001
0.298001
0.298001
0.298001
0.298001
0.298001
0.298001
0.298001
0.298001
0.298001
0.298001
0.298001
0.298001
0.298001
0.298001
0.298001
0.298001
0.298001
0.298001
0.298001
0.298001
0.298001
0.298001
0.298001
0.298001
0.298001
0.298001
0.298001
0.298001
0.298001
0.298001
0.298001
0.298001
0.298001
0.298001
0.298001
0.298001
0.298001
0.298001
0.298001
0.298001
0.298001
0.298001
0.298001
0.298001
0.298001
0.298001
0.298001
0.298001
0.298001
0.298001
0.298001
0.298001
0.298001
0.298001
0.298001
0.298001
0.298001
0.298001
0.298001
0.298001
0.298001
0.298001
0.298001
0.298001
0.298001
0.298001
0.298001
0.298001
0.298001
0.298001
0.298001
0.298001
0.298001
0.298001
0.298001
0.298001
0.298001
0.298001
0.298001
0.298001
0.298001
0.298001
0.298001
0.298001
0.298001
0.298001
0.298001
0.298001
0.298001
0.298001
0.298001
0.298001
0.298001
0.298001
0.298001
0.298001
0.298001
0.298001
0.298001
0.298001
0.298001
0.298001
0.298001
0.298001
0.298001
0.298001
0.298001
0.298001
0.298001
0.298001
0.298001
0.298001
0.298001
0.298001
0.298001
0.298001
0.298001
0.298001
0.298001
0.298001
0.298001
0.298001
0.298001
0.298001
0.298001
0.298001
0.298001
0.298001
0.298001
0.298001
0.298001
0.298001
0.298001
0.298001
0.298001
0.298001
0.298001
0.298001
0.298001
0.298001
0.298001
0.298001
0.298001
0.298001
0.298001
0.298001
0.298001
0.298001
0.298001
0.298001
0.298001
0.298001
0.298001
0.298001
0.298001
0.298001
0.298001
0.298001
0.298001
0.298001
0.298001
0.298001
0.298001
0.298001
0.298001
0.298001
0.298001
0.298001
0.298001
0.298001
0.298001
0.298001
0.298001
0.298001
0.298001
0.298001
0.298001
0.298001
0.298001
0.298001
0.298001
0.298001
0.298001
0.298001
0.298001
0.298001
0.298001
0.298001
0.298001
0.298001
0.298001
0.298001
0.298001
0.298001
0.298001
0.298001
0.298001
0.298001
0.298001
0.298001
0.298001
0.298001
0.298001
0.298001
0.298001
0.298001
0.298001
0.298001
0.298001
0.298001
0.298001
0.298001
0.298001
0.298001
0.298001
0.298001
0.298001
0.298001
0.298001
0.298001
0.298001
0.298001
0.298001
0.298001
0.298001
0.298001
0.298001
0.298001
0.298001
0.298001
0.298001
0.298001
0.298001
0.298001
0.298001
0.298001
0.298001
0.298001
0.298001
0.298001
0.298001
0.298001
0.298001
0.298001
0.298001
0.298001
0.298001
0.298001
0.298001
0.298001
0.298001
0.298001
0.298001
0.298001
0.298001
0.298001
0.298001
0.298001
0.298001
0.298001
0.298001
0.298001
0.298001
0.298001
0.298001
0.298001
0.298001
0.298001
0.298001
0.298001
0.298001
0.298001
0.298001
0.298001
0.298001
0.298001
0.298001
0.298001
0.298001
0.298001
0.298001
0.298001
0.298001
0.298001
0.298001
0.298001
0.298001
0.298001
0.298001
0.298001
0.298001
0.298001
0.298001
0.298001
0.298001
0.298001
0.298001
0.298001
0.298001
0.298001
0.298001
0.298001
0.298001
0.298001
0.298001
0.298001
0.298001
0.298001
0.298001
0.298001
0.298001
0.298001
0.298001
0.298001
0.298001
0.298001
0.298001
0.298001
0.298001
0.298001
0.298001
0.298001
0.298001
0.298001
0.298001
0.298001
0.298001
0.298001
0.298001
0.298001
0.298001
0.298001
0.298001
0.298001
0.298001
0.298001
0.298001
0.298001
0.298001
0.298001
0.298001
0.298001
0.298001
0.298001
0.298001
0.298001
0.298001
0.298001
0.298001
0.298001
0.298001
0.298001
0.298001
0.298001
0.298001
0.298001
0.298001
0.298001
0.298001
0.298001
0.298001
0.298001
0.298001
0.298001
0.298001
0.298001
0.298001
0.298001
0.298001
0.298001
0.298001
0.298001
0.298001
0.298001
0.298001
0.298001
0.298001
0.298001
0.298001
0.298001
0.298001
0.298001
0.298001
0.298001
0.298001
0.298001
0.298001
0.298001
0.298001
0.298001
0.298001
0.298001
0.298001
0.298001
0.298001
0.298001
0.298001
0.298001
0.298001
0.298001
0.298001
0.298001
0.298001
0.298001
0.298001
0.298001
0.298001
0.298001
0.298001
0.298001
0.298001
0.298001
0.298001
0.298001
0.298001
0.298001
0.298001
0.298001
0.298001
0.298001
0.298001
0.298001
0.298001
0.298001
0.298001
0.298001
0.298001
0.298001
0.298001
0.298001
0.298001
0.298001
0.298001
0.298001
0.298001
0.298001
0.298001
0.298001
0.298001
0.298001
0.298001
0.298001
0.298001
0.298001
0.298001
0.298001
0.298001
0.298001
0.298001
0.298001
0.298001
0.298001
0.298001
0.298001
0.298001
0.298001
0.298001
0.298001
0.298001
0.298001
0.298001
0.298001
0.298001
0.298001
0.298001
0.298001
0.298001
0.298001
0.298001
0.298001
0.298001
0.298001
0.298001
0.298001
0.298001
0.298001
0.298001
0.298001
0.298001
0.298001
0.298001
0.298001
0.298001
0.298001
0.298001
0.298001
0.298001
0.298001
0.298001
0.298001
0.298001
0.298001
0.298001
0.298001
0.298001
0.298001
0.298001
0.298001
0.298001
0.298001
0.298001
0.298001
0.298001
0.298001
0.298001
0.298001
0.298001
0.298001
0.298001
0.298001
0.298001
0.298001
0.298001
0.298001
0.298001
0.298001
0.298001
0.298001
0.298001
0.298001
0.298001
0.298001
0.298001
0.298001
0.298001
0.298001
0.298001
0.298001
0.298001
0.298001
0.298001
0.298001
0.298001
0.298001
0.298001
0.298001
0.298001
0.298001
0.298001
0.298001
0.298001
0.298001
0.298001
0.298001
0.298001
0.298001
0.298001
0.298001
0.298001
0.298001
0.298001
0.298001
0.298001
0.298001
0.298001
0.298001
0.298001
0.298001
0.298001
0.298001
0.298001
0.298001
0.298001
0.298001
0.298001
0.298001
0.298001
0.298001
0.298001
0.298001
0.298001
0.298001
0.298001
0.298001
0.298001
0.298001
0.298001
0.298001
0.298001
0.298001
0.298001
0.298001
0.298001
0.298001
0.298001
0.298001
0.298001
0.298001
0.298001
0.298001
0.298001
0.298001
0.298001
0.298001
0.298001
0.298001
0.298001
0.298001
0.298001
0.298001
0.298001
0.298001
0.298001
0.298001
0.298001
0.298001
0.298001
0.298001
0.298001
0.298001
0.298001
0.298001
0.298001
0.298001
0.298001
0.298001
0.298001
0.298001
0.298001
0.298001
0.298001
0.298001
0.298001
0.298001
0.298001
0.298001
0.298001
0.298001
0.298001
0.298001
0.298001
0.298001
0.298001
0.298001
0.298001
0.298001
0.298001
0.298001
0.298001
0.298001
0.298001
0.298001
0.298001
0.298001
0.298001
0.298001
0.298001
0.298001
0.298001
0.298001
0.298001
0.298001
0.298001
0.298001
0.298001
0.298001
0.298001
0.298001
0.298001
0.298001
0.298001
0.298001
0.298001
0.298001
0.298001
0.298001
0.298001
0.298001
0.298001
0.298001
0.298001
0.298001
0.298001
0.298001
0.298001
0.298001
0.298001
0.298001
0.298001
0.298001
0.298001
0.298001
0.298001
0.298001
0.298001
0.298001
0.298001
0.298001
0.298001
0.298001
0.298001
0.298001
0.298001
0.298001
0.298001
0.298001
0.298001
0.298001
0.298001
0.298001
0.298001
0.298001
0.298001
0.298001
0.298001
0.298001
0.298001
0.298001
0.298001
0.298001
0.298001
0.298001
0.298001
0.298001
0.298001
0.298001
0.298001
0.298001
0.298001
0.298001
0.298001
0.298001
0.298001
0.298001
0.298001
0.298001
0.298001
0.298001
0.298001
0.298001
0.298001
0.298001
0.298001
0.298001
0.298001
0.298001
0.298001
0.298001
0.298001
0.298001
0.298001
0.298001
0.298001
0.298001
0.298001
0.298001
0.298001
0.298001
0.298001
0.298001
0.298001
0.298001
0.298001
0.298001
0.298001
0.298001
0.298001
0.298001
0.298001
0.298001
0.298001
0.298001
0.298001
0.298001
0.298001
0.298001
0.298001
0.298001
0.298001
0.298001
0.298001
0.298001
0.298001
0.298001
0.298001
0.298001
0.298001
0.298001
0.298001
0.298001
0.298001
0.298001
0.298001
0.298001
0.298001
0.298001
0.298001
0.298001
0.298001
0.298001
0.298001
0.298001
0.298001
0.298001
0.298001
0.298001
0.298001
0.298006
0.298014
0.298022
0.29803
0.298035
0.298043
0.298047
0.298059
0.298056
0.298064
0.298068
0.298076
0.298076
0.298087
0.298091
0.298091
0.298095
0.298101
0.298104
0.2981
0.298104
0.298094
0.298094
0.298085
0.298074
0.298071
0.298061
0.298058
0.298045
0.298028
0.298025
0.298012
0.297995
0.297986
0.297969
0.297944
0.297931
0.297917
0.2979
0.29789
0.297887
0.297881
0.297867
0.297876
0.297872
0.297872
0.297872
0.297862
0.297864
0.297864
0.29786
0.297859
0.297854
0.297856
0.297848
0.297843
0.297831
0.297826
0.29782
0.297811
0.297795
0.297783
0.29777
0.297764
0.297757
0.297751
0.297741
0.297738
0.297738
0.297735
0.297738
0.297725
0.297722
0.297719
0.297712
0.297698
0.297688
0.297681
0.297676
0.297669
0.297658
0.297647
0.297638
0.297623
0.297612
0.297589
0.297563
0.297553
0.297524
0.297511
0.297494
0.297476
0.297455
0.297434
0.297412
0.297393
0.297374
0.297346
0.297337
0.297312
0.297301
0.297287
0.297267
0.297248
0.297235
0.297221
0.297208
0.297188
0.297175
0.297168
0.297161
0.297156
0.297145
0.297141
0.297136
0.297115
0.297103
0.297086
0.297074
0.297065
0.297047
0.297043
0.297037
0.297015
0.297001
0.296979
0.296959
0.296936
0.296915
0.296898
0.296873
0.296846
0.296822
0.296795
0.296766
0.296725
0.296701
0.296665
0.296634
0.296603
0.296582
0.296548
0.29652
0.296492
0.296467
0.296437
0.296413
0.296376
0.296364
0.29634
0.29633
0.296321
0.296306
0.296297
0.296278
0.296271
0.296252
0.296245
0.296245
0.296242
0.296243
0.296245
0.296248
0.296256
0.296267
0.29626
0.296272
0.296281
0.296301
0.296318
0.296334
0.296339
0.296344
0.29635
0.296366
0.296389
0.29641
0.296429
0.296454
0.296458
0.296474
0.296476
0.296485
0.296503
0.296513
0.296524
0.296536
0.296542
0.296545
0.296559
0.296568
0.296577
0.296585
0.296596
0.296613
0.296624
0.296641
0.296653
0.296659
0.296663
0.296671
0.296684
0.296685
0.296685
0.296688
0.296679
0.296681
0.296665
0.296651
0.296637
0.296634
0.296634
0.296593
0.296569
0.296548
0.296519
0.296501
0.296475
0.29645
0.296436
0.296415
0.296358
0.296333
0.296294
0.296265
0.296214
0.296191
0.296136
0.296113
0.296095
0.296085
0.296074
0.296057
0.296043
0.296037
0.29604
0.29605
0.296053
0.296061
0.296071
0.296085
0.296107
0.296115
0.29614
0.296154
0.296183
0.296206
0.296223
0.296235
0.296277
0.296318
0.296345
0.296371
0.296396
0.296431
0.296463
0.296496
0.296521
0.296563
0.296602
0.296636
0.29667
0.296702
0.296738
0.296775
0.296819
0.296858
0.296893
0.296921
0.296953
0.296998
0.297041
0.297074
0.297105
0.29714
0.297181
0.297218
0.297254
0.29729
0.297329
0.297374
0.297402
0.297438
0.297478
0.297517
0.297555
0.297593
0.297629
0.297666
0.297713
0.297753
0.297794
0.297827
0.297866
0.297907
0.29795
0.297991
0.298035
0.298082
0.298137
0.298187
0.298223
0.298266
0.298316
0.298368
0.298422
0.29848
0.298526
0.298579
0.298635
0.298686
0.298739
0.298791
0.298843
0.29889
0.298944
0.29899
0.299044
0.299105
0.29916
0.299215
0.29927
0.299321
0.299372
0.299423
0.299477
0.299536
0.299586
0.299632
0.299679
0.299732
0.299786
0.29984
0.299888
0.299935
0.299982
0.300035
0.300086
0.30014
0.300193
0.300244
0.300279
0.300317
0.300365
0.300413
0.300457
0.300499
0.300548
0.300602
0.300644
0.300692
0.30075
0.300802
0.300852
0.300902
0.300958
0.301019
0.301071
0.301124
0.301189
0.301245
0.301299
0.301336
0.301372
0.301403
0.301424
0.30144
0.301448
0.301455
0.301457
0.301459
0.301455
0.301444
0.301422
0.301391
0.301345
0.301289
0.30121
0.301122
0.301022
0.300908
0.300785
0.300654
0.300524
0.300393
0.300267
0.300138
0.300011
0.299884
0.299763
0.299641
0.299521
0.299402
0.299282
0.299169
0.299058
0.298941
0.298834
0.29873
0.298628
0.298538
0.298453
0.298376
0.298307
0.298248
0.298198
0.298155
0.298125
0.298095
0.298076
0.298059
0.298048
0.298039
0.298033
0.298029
0.298027
0.298027
0.29803
0.298032
0.298038
0.298048
0.298057
0.298064
0.298075
0.298077
0.298084
0.298085
0.298084
0.298082
0.298078
0.29807
0.29806
0.298048
0.298034
0.29802
0.298004
0.297985
0.297967
0.29794
0.297916
0.297889
0.297855
0.29782
0.297787
0.297754
0.297717
0.297684
0.297651
0.297615
0.297584
0.297548
0.297518
0.297487
0.297456
0.297427
0.297401
0.297378
0.297355
0.297333
0.297312
0.297292
0.297276
0.297258
0.297246
0.297236
0.297227
0.297218
0.297213
0.297203
0.297196
0.297189
0.297183
0.297173
0.297172
0.297165
0.297156
0.29715
0.297139
0.297128
0.297119
0.297105
0.297089
0.297075
0.29706
0.297041
0.297023
0.296996
0.296965
0.296934
0.296897
0.29687
0.296834
0.296795
0.296757
0.296715
0.296667
0.296601
0.296548
0.296482
0.296419
0.296285
0.296225
0.29615
0.296075
0.295992
0.295912
0.295823
0.295751
0.295692
0.29562
0.295551
0.295476
0.295402
0.295326
0.29525
0.295181
0.295103
0.295035
0.294966
0.294898
0.294834
0.294775
0.294718
0.294658
0.2946
0.294541
0.294483
0.294433
0.29438
0.294324
0.294275
0.294232
0.294185
0.294142
0.294099
0.294054
0.294009
0.29397
0.293922
0.293874
0.293829
0.293779
0.29374
0.293697
0.293655
0.293608
0.293559
0.293513
0.293463
0.293413
0.293363
0.293311
0.293256
0.293203
0.29315
0.293102
0.293044
0.292987
0.292936
0.292881
0.292828
0.292775
0.292721
0.292666
0.292614
0.292568
0.292515
0.292465
0.292416
0.292368
0.292315
0.292264
0.292216
0.292167
0.292117
0.292068
0.292018
0.291971
0.291922
0.291875
0.291826
0.291775
0.291723
0.29167
0.291622
0.29157
0.291514
0.291461
0.291413
0.291359
0.291309
0.29126
0.291212
0.291161
0.291113
0.291062
0.291019
0.290977
0.290926
0.29088
0.290835
0.290788
0.290742
0.290698
0.290652
0.290611
0.290568
0.290527
0.290488
0.290449
0.290449
0.290449
0.290449
0.290449
0.290449
0.290449
0.290449
0.290449
0.290449
0.290449
0.290449
0.290449
0.290449
0.290449
0.290449
0.290449
0.290449
0.290449
0.290449
0.290449
0.290449
0.290449
0.290449
0.290449
0.290449
0.290449
0.290449
0.290449
0.290449
0.290449
0.290449
0.290449
0.290449
0.290449
0.290449
0.290449
0.290449
0.290449
0.290449
0.290449
0.290449
0.290449
0.290449
0.290449
0.290449
0.290449
0.290449
0.290449
0.290449
0.290449
0.290449
0.290449
0.290449
0.290449
0.290449
0.290449
0.290449
0.290449
0.290449
0.290449
0.290449
0.290449
0.290449
0.290449
0.290449
0.290449
0.290449
0.290449
0.290449
0.290449
0.290449
0.290449
0.290449
0.290449
0.290449
0.290449
0.290449
0.290449
0.290449
0.290449
0.290449
0.290449
0.290449
0.290449
0.290449
0.290449
0.290449
0.290449
0.290449
0.290449
0.290449
0.290449
0.290449
0.290449
0.290449
0.290449
0.290449
0.290449
0.290449
0.290449
0.290449
0.290449
0.290449
0.290449
0.290449
0.290449
0.290449
0.290449
0.290449
0.290449
0.290449
0.290449
0.290449
0.290449
0.290449
0.290449
0.290449
0.290449
0.290449
0.290449
0.290449
0.290449
0.290449
0.290449
0.290449
0.290449
0.290449
0.290449
0.290449
0.290449
0.290449
0.290449
0.290449
0.290449
0.290449
0.290449
0.290449
0.290449
0.290449
0.290449
0.290449
0.290449
0.290449
0.290449
0.290449
0.290449
0.290449
0.290449
0.290449
0.290449
0.290449
0.290449
0.290449
0.290449
0.290449
0.290449
0.290449
0.290449
0.290449
0.290449
0.290449
0.290449
0.290449
0.290449
0.290449
0.290449
0.290449
0.290449
0.290449
0.290449
0.290449
0.290449
0.290449
0.290449
0.290449
0.290449
0.290449
0.290449
0.290449
0.290449
0.290449
0.290449
0.290449
0.290449
0.290449
0.290449
0.290449
0.290449
0.290449
0.290449
0.290449
0.290449
0.290449
0.290449
0.290449
0.290449
0.290449
0.290449
0.290449
0.290449
0.290449
0.290449
0.290449
0.290449
0.290449
0.290449
0.290449
0.290449
0.290449
0.290449
0.290449
0.290449
0.290449
0.290449
0.290449
0.290449
0.290449
0.290449
0.290449
0.290449
0.290449
0.290449
0.290449
0.290449
0.290449
0.290449
0.290449
0.290449
0.290449
0.290449
0.290449
0.290449
0.290449
0.290449
0.290449
0.290449
0.290449
0.290449
0.290449
0.290449
0.290449
0.290449
0.290449
0.290449
0.290449
0.290449
0.290449
0.290449
0.290449
0.290449
0.290449
0.290449
0.290449
0.290449
0.290449
0.290449
0.290449
0.290449
0.290449
0.290449
0.290449
0.290449
0.290449
0.290449
0.290449
0.290449
0.290449
0.290449
0.290449
0.290449
0.290449
0.290449
0.290449
0.290449
0.290449
0.290449
0.290449
0.290449
0.290449
0.290449
0.290449
0.290449
0.290449
0.290449
0.290449
0.290449
0.290449
0.290449
0.290449
0.290449
0.290449
0.290449
0.290449
0.290449
0.290449
0.290449
0.290449
0.290449
0.290449
0.290449
0.290449
0.290449
0.290449
0.290449
0.290449
0.290449
0.290449
0.290449
0.290449
0.290449
0.290449
0.290449
0.290449
0.290449
0.290449
0.290449
0.290449
0.290449
0.290449
0.290449
0.290449
0.290449
0.290449
0.290449
0.290449
0.290449
0.290449
0.290449
0.290449
0.290449
0.290449
0.290449
0.290449
0.290449
0.290449
0.290449
0.290449
0.290449
0.290449
0.290449
0.290449
0.290449
0.290449
0.290449
0.290449
0.290449
0.290449
0.290449
0.290449
0.290449
0.290449
0.290449
0.290449
0.290449
0.290449
0.290449
0.290449
0.290449
0.290449
0.290449
0.290449
0.290449
0.290449
0.290449
0.290449
0.290449
0.290449
0.290449
0.290449
0.290449
0.290449
0.290449
0.290449
0.290449
0.290449
0.290449
0.290449
0.290449
0.290449
0.290449
0.290449
0.290449
0.290449
0.290449
0.290449
0.290449
0.290449
0.290449
0.290449
0.290449
0.290449
0.290449
0.290449
0.290449
0.290449
0.290449
0.290449
0.290449
0.290449
0.290449
0.290449
0.290449
0.290449
0.290449
0.290449
0.290449
0.290449
0.290449
0.290449
0.290449
0.290449
0.290449
0.290449
0.290449
0.290449
0.290449
0.290449
0.290449
0.290449
0.290449
0.290449
0.290449
0.290449
0.290449
0.290449
0.290449
0.290449
0.290449
0.290449
0.290449
0.290449
0.290449
0.290449
0.290449
0.290449
0.290449
0.290449
0.290449
0.290449
0.290449
0.290449
0.290449
0.290449
0.290449
0.290449
0.290449
0.290449
0.290449
0.290449
0.290449
0.290449
0.290449
0.290449
0.290449
0.290449
0.290449
0.290449
0.290449
0.290449
0.290449
0.290449
0.290449
0.290449
0.290449
0.290449
0.290449
0.290449
0.290449
0.290449
0.290449
0.290449
0.290449
0.290449
0.290502
0.290546
0.290593
0.290643
0.290683
0.290725
0.290769
0.290816
0.290862
0.290909
0.290952
0.29101
0.291053
0.29111
0.291155
0.291209
0.291259
0.291315
0.291368
0.291425
0.291478
0.291539
0.291596
0.291649
0.291702
0.291755
0.291811
0.291856
0.291908
0.291964
0.292009
0.292065
0.292106
0.292147
0.292195
0.292232
0.292269
0.292313
0.292352
0.292392
0.292432
0.292468
0.292508
0.292549
0.292579
0.292607
0.292635
0.292653
0.292668
0.292678
0.292692
0.292706
0.292723
0.292737
0.292742
0.292752
0.292757
0.29275
0.292751
0.292733
0.29272
0.292703
0.292685
0.292664
0.292643
0.292629
0.292607
0.292566
0.292551
0.292529
0.292522
0.292499
0.292491
0.292472
0.292451
0.292441
0.29242
0.292411
0.292407
0.292391
0.292376
0.292359
0.292341
0.292317
0.292285
0.292265
0.292251
0.292238
0.292217
0.292207
0.29219
0.292187
0.29218
0.292178
0.292177
0.292169
0.292162
0.292148
0.292148
0.292141
0.292135
0.292124
0.292121
0.292104
0.29209
0.292083
0.292081
0.292074
0.292067
0.292068
0.292071
0.292079
0.292076
0.29208
0.292081
0.292085
0.292089
0.292105
0.292106
0.292114
0.292119
0.292124
0.292133
0.292127
0.292131
0.29213
0.292135
0.292132
0.292131
0.292132
0.292141
0.292146
0.292155
0.292157
0.292169
0.292168
0.292177
0.292189
0.2922
0.292209
0.292218
0.29223
0.292245
0.292257
0.292277
0.292286
0.292312
0.292331
0.292347
0.292353
0.292362
0.292378
0.292394
0.292408
0.292421
0.292433
0.292445
0.292464
0.292476
0.292488
0.292502
0.292518
0.292533
0.292546
0.292558
0.29257
0.292589
0.29261
0.292625
0.29265
0.292671
0.292689
0.292707
0.292729
0.292751
0.292765
0.292784
0.292805
0.292827
0.292842
0.292863
0.292874
0.292882
0.292897
0.292918
0.29293
0.292938
0.292953
0.292964
0.292968
0.292969
0.29296
0.292959
0.292957
0.292945
0.292925
0.292922
0.292922
0.292906
0.292899
0.292881
0.292866
0.292853
0.292853
0.292837
0.292819
0.292815
0.292807
0.2928
0.292794
0.292781
0.292762
0.292743
0.292716
0.292704
0.29267
0.292642
0.292618
0.292596
0.292577
0.292554
0.292509
0.292479
0.292455
0.292429
0.292387
0.292367
0.292343
0.292326
0.292313
0.292287
0.292274
0.292258
0.29224
0.292221
0.292203
0.292185
0.292171
0.29215
0.292116
0.292108
0.292075
0.29206
0.292048
0.292033
0.292011
0.291993
0.291976
0.291958
0.291934
0.291919
0.291908
0.2919
0.29188
0.291865
0.291849
0.291845
0.291838
0.291834
0.29183
0.291823
0.291824
0.291826
0.291827
0.291832
0.291828
0.291827
0.291824
0.291821
0.291824
0.29182
0.29182
0.291823
0.291823
0.291823
0.291829
0.291832
0.291824
0.291827
0.291828
0.29182
0.291824
0.291818
0.291819
0.291816
0.291814
0.291815
0.29181
0.29181
0.291805
0.291804
0.291805
0.291809
0.291813
0.291808
0.291812
0.291822
0.291829
0.29183
0.291834
0.291836
0.291837
0.291847
0.291853
0.29186
0.29187
0.291885
0.291893
0.291909
0.291919
0.291933
0.291947
0.291955
0.291965
0.291973
0.29198
0.291984
0.291997
0.291999
0.292009
0.292019
0.292027
0.292035
0.292036
0.292047
0.29206
0.292065
0.29208
0.29209
0.292094
0.292101
0.292104
0.292114
0.292115
0.292119
0.29212
0.292133
0.292139
0.292143
0.292147
0.292151
0.292166
0.292173
0.292177
0.29218
0.292187
0.292189
0.292184
0.292196
0.292186
0.292187
0.292187
0.292191
0.292186
0.292188
0.292183
0.292183
0.292188
0.292186
0.292186
0.292195
0.29219
0.292195
0.292187
0.29219
0.292191
0.292188
0.29219
0.292186
0.292183
0.292186
0.292178
0.292179
0.292179
0.29218
0.292178
0.292181
0.29219
0.292191
0.292191
0.292196
0.292197
0.292196
0.292207
0.29221
0.292207
0.292212
0.292209
0.29222
0.292226
0.292233
0.292238
0.292249
0.292256
0.292259
0.292267
0.292272
0.292277
0.292281
0.292289
0.292294
0.292294
0.2923
0.292302
0.292308
0.292317
0.292324
0.292336
0.292342
0.292361
0.292371
0.292383
0.292395
0.292406
0.292423
0.292439
0.292455
0.292466
0.292483
0.292494
0.292508
0.292525
0.29253
0.292544
0.292549
0.292563
0.292574
0.29258
0.292583
0.292591
0.292591
0.292594
0.292599
0.292605
0.292606
0.292603
0.292609
0.292609
0.292608
0.292606
0.292603
0.292599
0.292604
0.292598
0.292598
0.292596
0.29259
0.29259
0.292585
0.292585
0.292579
0.292577
0.292574
0.292572
0.292567
0.292562
0.29256
0.292552
0.29255
0.292544
0.29254
0.292533
0.292527
0.292521
0.292515
0.292514
0.292506
0.2925
0.292492
0.292484
0.292478
0.29247
0.292466
0.292456
0.292455
0.29245
0.29245
0.292444
0.292442
0.292447
0.292447
0.292447
0.292447
0.292453
0.292457
0.292468
0.29248
0.292494
0.292504
0.292515
0.29252
0.292533
0.292542
0.292545
0.292554
0.292561
0.29257
0.292579
0.292584
0.292596
0.292601
0.292609
0.292618
0.292627
0.292634
0.292641
0.292655
0.292659
0.292664
0.292667
0.292679
0.292679
0.292684
0.292695
0.292707
0.292714
0.292727
0.292735
0.292747
0.292761
0.292771
0.292785
0.292798
0.292801
0.292812
0.29282
0.292838
0.292848
0.292866
0.292882
0.292905
0.292924
0.292943
0.292957
0.292979
0.292992
0.293015
0.293027
0.293043
0.293065
0.293084
0.293096
0.293121
0.293142
0.293156
0.293182
0.293198
0.29322
0.293246
0.293258
0.293271
0.293293
0.293306
0.293325
0.293342
0.293358
0.29338
0.293402
0.293416
0.293435
0.293454
0.29347
0.293497
0.293514
0.293532
0.293554
0.293572
0.293596
0.293625
0.293657
0.293686
0.293715
0.293741
0.293773
0.2938
0.293819
0.293844
0.293865
0.293891
0.293915
0.29394
0.293966
0.293996
0.294032
0.29406
0.294087
0.294117
0.294144
0.29417
0.294205
0.294238
0.294266
0.294305
0.29434
0.294376
0.294405
0.294439
0.294478
0.294516
0.294559
0.294602
0.29465
0.294692
0.294734
0.29477
0.294806
0.294851
0.294899
0.294944
0.294998
0.295049
0.295094
0.295151
0.295196
0.295253
0.295309
0.295366
0.295427
0.295489
0.295555
0.295624
0.295708
0.295785
0.295853
0.295909
0.295977
0.296048
0.296128
0.296212
0.296292
0.296371
0.296453
0.296535
0.296624
0.296709
0.296795
0.296882
0.296971
0.297068
0.297164
0.297253
0.297347
0.297445
0.297545
0.297638
0.297728
0.297829
0.297927
0.298025
0.298115
0.298215
0.298315
0.298413
0.298505
0.298601
0.298698
0.298799
0.298897
0.298992
0.299093
0.299198
0.299298
0.299396
0.299495
0.299607
0.299711
0.299812
0.299914
0.300026
0.300126
0.300228
0.300336
0.300448
0.300591
0.300731
0.300885
0.301033
0.301194
0.301373
0.301563
0.301752
0.301909
0.30207
0.302262
0.302437
0.302598
0.30274
0.30289
0.303006
0.303116
0.303225
0.303318
0.303399
0.303483
0.303565
0.303635
0.303732
0.303834
0.303926
0.304017
0.304079
0.304156
0.30423
0.304292
0.304338
0.304385
0.304428
0.304464
0.30449
0.30451
0.304535
0.304552
0.304581
0.304608
0.30464
0.304668
0.304704
0.304732
0.304759
0.304791
0.304814
0.304842
0.304866
0.30489
0.304908
0.304924
0.304931
0.304934
0.304936
0.304931
0.304925
0.304916
0.304906
0.304894
0.304881
0.304866
0.304847
0.304825
0.304801
0.304769
0.304738
0.304706
0.304678
0.304647
0.30462
0.304592
0.304567
0.304543
0.30453
0.304514
0.304504
0.304496
0.304484
0.304479
0.304474
0.304474
0.304471
0.304471
0.304474
0.304478
0.304483
0.304488
0.304491
0.304498
0.304505
0.304508
0.304513
0.304522
0.304525
0.304528
0.304532
0.304535
0.30454
0.304543
0.304543
0.304547
0.304548
0.304548
0.304547
0.304547
0.304546
0.304546
0.304546
0.304546
0.304546
0.304543
0.304543
0.304543
0.30454
0.30454
0.30454
0.304538
0.304538
0.304538
0.304538
0.304543
0.304543
0.304543
0.304543
0.304543
0.304547
0.304547
0.304547
0.304547
0.304545
0.304545
0.30455
0.30455
0.30455
0.30455
0.30455
0.30455
0.30455
0.304549
0.304549
0.304549
0.304549
0.304549
0.304549
0.304549
0.304549
0.304549
0.304549
0.304549
0.304549
0.304549
0.304549
0.30455
0.30455
0.30455
0.30455
0.30455
0.30455
0.30455
0.30455
0.30455
0.30455
0.30455
0.30455
0.304552
0.304552
0.304552
0.304552
0.304554
0.304554
0.304554
0.304557
0.304557
0.304559
0.304561
0.304561
0.304562
0.304566
0.304566
0.304568
0.304569
0.304573
0.304573
0.304574
0.304576
0.304578
0.304581
0.304581
0.304588
0.304588
0.30459
0.304591
0.304596
0.304598
0.304598
0.304603
0.304606
0.304608
0.304611
0.304615
0.304615
0.304621
0.304621
0.304625
0.304625
0.30463
0.304632
0.304632
0.304633
0.304636
0.304638
0.304638
0.30464
0.304641
0.304641
0.304643
0.304645
0.304646
0.304648
0.304649
0.304651
0.304653
0.304654
0.304656
0.304657
0.304657
0.304659
0.304661
0.304664
0.304665
0.304667
0.304674
0.304675
0.304678
0.30468
0.304683
0.304685
0.304686
0.30469
0.304691
0.304693
0.304695
0.304696
0.304701
0.304703
0.304704
0.304706
0.304706
0.304708
0.30471
0.30471
0.304713
0.304715
0.304716
0.304718
0.304718
0.30472
0.304722
0.304724
0.304724
0.304726
0.304727
0.304729
0.304729
0.304731
0.304733
0.304733
0.304735
0.304733
0.304735
0.304733
0.304732
0.304732
0.30473
0.304729
0.304725
0.304723
0.304723
0.304722
0.304722
0.30472
0.30472
0.304719
0.304719
0.304719
0.304717
0.304715
0.30471
0.304707
0.304707
0.304703
0.304703
0.3047
0.304695
0.304691
0.30469
0.304683
0.304683
0.30468
0.304678
0.304676
0.304675
0.304675
0.304671
0.304671
0.30467
0.30467
0.30467
0.30467
0.304666
0.304666
0.304666
0.304665
0.304665
0.304663
0.304663
0.304661
0.304661
0.30466
0.30466
0.304658
0.304658
0.304658
0.304656
0.304656
0.304654
0.304654
0.304652
0.304652
0.304647
0.304646
0.304646
0.30464
0.304639
0.304633
0.304632
0.304632
0.30463
0.304628
0.304628
0.304626
0.304625
0.304625
0.304624
0.304624
0.304623
0.304623
0.304621
0.304621
0.304617
0.304617
0.304617
0.304617
0.304619
0.304619
0.304621
0.304621
0.304621
0.304621
0.304621
0.304621
0.304621
0.304621
0.304621
0.304621
0.304622
0.304622
0.304622
0.304624
0.304624
0.304621
0.304622
0.304622
0.304622
0.304622
0.304621
0.304623
0.304623
0.304623
0.304619
0.304621
0.304621
0.304621
0.304623
0.304623
0.304626
0.304629
0.304631
0.304633
0.304635
0.304636
0.30464
0.304642
0.304645
0.304652
0.304653
0.304657
0.30466
0.304667
0.30467
0.304674
0.304677
0.304684
0.304689
0.304693
0.304698
0.304706
0.304708
0.304713
0.304722
0.304725
0.304734
0.304739
0.304748
0.304753
0.304762
0.304769
0.304774
0.304785
0.304794
0.304804
0.304813
0.304826
0.304838
0.304849
0.304861
0.304873
0.304891
0.304907
0.304924
0.304938
0.304956
0.304973
0.304993
0.30501
0.305029
0.305049
0.30507
0.305091
0.305114
0.305131
0.305156
0.30518
0.305207
0.305236
0.305266
0.305299
0.305331
0.305366
0.305403
0.305441
0.30548
0.30552
0.305564
0.305608
0.305653
0.305711
0.305768
0.305825
0.305879
0.305923
0.305983
0.306047
0.306105
0.306163
0.306219
0.306274
0.30632
0.306367
0.306419
0.306467
0.306517
0.306566
0.306613
0.306664
0.306713
0.306761
0.306804
0.30685
0.306893
0.306936
0.306978
0.307022
0.307068
0.307107
0.307147
0.30719
0.307229
0.307264
0.307296
0.307328
0.307362
0.307393
0.307421
0.307456
0.30749
0.307527
0.30756
0.307596
0.30764
0.307677
0.307717
0.307756
0.307798
0.307842
0.307882
0.307925
0.307971
0.308018
0.308061
0.308107
0.308154
0.308206
0.308254
0.308305
0.308356
0.308408
0.30846
0.308512
0.308566
0.308618
0.308672
0.308732
0.30879
0.308841
0.3089
0.308953
0.309006
0.309069
0.309131
0.30919
0.309252
0.309314
0.309374
0.309432
0.309485
0.309544
0.309605
0.309664
0.309732
0.30979
0.309852
0.309911
0.309973
0.310034
0.310095
0.310165
0.310224
0.310294
0.310349
0.310401
0.310449
0.310502
0.310554
0.310607
0.310661
0.310713
0.310766
0.310818
0.310873
0.310927
0.310982
0.311034
0.311078
0.311123
0.311164
0.31121
0.311258
0.311307
0.311353
0.311394
0.311431
0.31147
0.31151
0.311548
0.311586
0.311625
0.31166
0.311692
0.311725
0.311762
0.311797
0.311831
0.311854
0.311885
0.311902
0.311938
0.31196
0.311988
0.312018
0.312044
0.312073
0.312091
0.312108
0.312131
0.312141
0.312155
0.31217
0.312194
0.312212
0.312215
0.312226
0.312232
0.312248
0.312246
0.312257
0.312261
0.312272
0.312269
0.312273
0.312274
0.31227
0.312265
0.312258
0.31225
0.312246
0.312244
0.312233
0.312231
0.31222
0.312207
0.312188
0.312166
0.312143
0.312129
0.312112
0.312094
0.312074
0.312043
0.312022
0.312002
0.311975
0.311944
0.311916
0.31189
0.311865
0.311839
0.311805
0.311776
0.311744
0.31172
0.311684
0.311652
0.311621
0.311595
0.311564
0.311528
0.311492
0.311465
0.311438
0.311408
0.311368
0.31133
0.311297
0.311266
0.311225
0.311186
0.311154
0.311119
0.311077
0.311033
0.310992
0.310956
0.310917
0.310873
0.310832
0.310795
0.310752
0.310702
0.310656
0.310623
0.310594
0.310555
0.310501
0.310444
0.310399
0.310354
0.310304
0.310263
0.31023
0.310202
0.310145
0.310095
0.310042
0.310005
0.309947
0.309888
0.309836
0.309794
0.309753
0.309721
0.30969
0.30965
0.309602
0.309541
0.309504
0.309468
0.309435
0.309388
0.309332
0.309281
0.309229
0.309168
0.309127
0.309086
0.309042
0.308987
0.308936
0.308897
0.308869
0.308834
0.30878
0.308716
0.308672
0.308625
0.308569
0.308516
0.308468
0.308422
0.308371
0.308313
0.308261
0.308217
0.30817
0.308112
0.308061
0.308005
0.307957
0.307879
0.30781
0.307741
0.307666
0.3076
0.307545
0.307486
0.307416
0.307345
0.307276
0.307216
0.307131
0.307064
0.306994
0.306872
0.306815
0.306749
0.306683
0.306604
0.306548
0.306499
0.306443
0.306383
0.306321
0.306264
0.306223
0.306181
0.306127
0.306082
0.306007
0.305968
0.305923
0.305874
0.305821
0.305784
0.305737
0.305707
0.305653
0.305606
0.305545
0.305504
0.30546
0.305401
0.305356
0.305305
0.305269
0.305217
0.305165
0.305102
0.305046
0.305
0.304957
0.304924
0.30487
0.30481
0.304746
0.304699
0.304648
0.304597
0.304552
0.304505
0.30447
0.304433
0.304388
0.30434
0.304291
0.304249
0.304225
0.304194
0.304166
0.304128
0.304099
0.30405
0.304018
0.303986
0.303958
0.303922
0.303887
0.303862
0.303833
0.303811
0.303778
0.30375
0.303714
0.303674
0.303649
0.303631
0.303602
0.303576
0.303544
0.303518
0.303492
0.303467
0.303441
0.303419
0.303394
0.303368
0.303349
0.303338
0.303316
0.303298
0.303276
0.303246
0.30321
0.303184
0.303162
0.303151
0.303139
0.303135
0.303132
0.303113
0.303087
0.303069
0.303043
0.303043
0.303047
0.303055
0.303036
0.303014
0.302987
0.302977
0.302958
0.302947
0.302939
0.302939
0.302928
0.302913
0.302906
0.302902
0.302895
0.302896
0.3029
0.302892
0.302881
0.30287
0.302877
0.302881
0.302881
0.302889
0.302909
0.302916
0.302924
0.302932
0.302937
0.302937
0.302933
0.302941
0.302945
0.302953
0.302961
0.302978
0.302982
0.30299
0.302995
0.302995
0.303008
0.30302
0.303039
0.303044
0.303067
0.303087
0.303106
0.303118
0.30313
0.30315
0.303162
0.303174
0.30319
0.30321
0.303241
0.303264
0.303291
0.303325
0.303353
0.303383
0.303418
0.303442
0.303465
0.303493
0.303528
0.303552
0.303572
0.3036
0.303639
0.303682
0.303713
0.303759
0.303797
0.303848
0.30389
0.303933
0.30398
0.304034
0.304085
0.304136
0.304194
0.304248
0.304311
0.304357
0.304423
0.304478
0.304521
0.30458
0.304642
0.30469
0.30474
0.304795
0.304853
0.304931
0.305013
0.305086
0.305164
0.305227
0.305294
0.30536
0.305426
0.305503
0.305574
0.305655
0.305729
0.305796
0.305874
0.305941
0.306019
0.30609
0.306172
0.30625
0.306332
0.306407
0.306486
0.306557
0.306627
0.306698
0.306761
0.306823
0.306883
0.306946
0.30699
0.307042
0.307086
0.307138
0.307178
0.307222
0.307246
0.307282
0.307311
0.307328
0.307348
0.307361
0.307373
0.30739
0.307398
0.307411
0.307427
0.307444
0.307449
0.307462
0.307471
0.307472
0.30747
0.307479
0.30748
0.307489
0.307486
0.307498
0.307503
0.307515
0.307521
0.307521
0.307515
0.307512
0.307513
0.307506
0.307491
0.307487
0.307484
0.307474
0.307478
0.307464
0.307465
0.30745
0.307435
0.30742
0.307405
0.307394
0.307379
0.307356
0.307345
0.307333
0.307306
0.307299
0.307288
0.307258
0.307235
0.307215
0.307193
0.30717
0.307151
0.307128
0.30712
0.307104
0.307077
0.307077
0.307058
0.307026
0.306995
0.30696
0.306925
0.306869
0.30683
0.306782
0.306731
0.306684
0.30664
0.306593
0.30655
0.306498
0.306443
0.306371
0.306312
0.306248
0.306193
0.306121
0.306062
0.306006
0.305942
0.305875
0.305824
0.305764
0.305705
0.305641
0.305582
0.305526
0.305463
0.305412
0.305321
0.305282
0.305199
0.305156
0.305117
0.305081
0.305058
0.305035
0.30498
0.304949
0.304926
0.304907
0.304887
0.304857
0.304829
0.304799
0.304771
0.304745
0.304721
0.304694
0.304667
0.304636
0.304605
0.30457
0.304535
0.304504
0.304465
0.304426
0.304387
0.304345
0.304302
0.304251
0.304209
0.304166
0.304124
0.304073
0.304027
0.30398
0.303929
0.303887
0.303832
0.303794
0.303747
0.3037
0.30365
0.303604
0.303557
0.303503
0.303452
0.303406
0.303356
0.303306
0.303256
0.30321
0.30316
0.303118
0.303068
0.303026
0.302988
0.302941
0.302888
0.302842
0.302796
0.30275
0.3027
0.302654
0.3026
0.302559
0.302505
0.302459
0.302409
0.302364
0.302314
0.302268
0.302207
0.302161
0.302112
0.30207
0.30202
0.301978
0.301941
0.301906
0.301872
0.301835
0.301808
0.301778
0.301748
0.301718
0.301693
0.301667
0.301645
0.301631
0.301618
0.3016
0.30159
0.301577
0.301563
0.301552
0.301543
0.301549
0.301535
0.301537
0.301543
0.301541
0.301542
0.301541
0.301547
0.301545
0.30155
0.30155
0.30155
0.30155
0.30155
0.30155
0.30155
0.30155
0.30155
0.30155
0.30155
0.30155
0.30155
0.30155
0.30155
0.30155
0.30155
0.30155
0.30155
0.30155
0.30155
0.30155
0.30155
0.30155
0.30155
0.30155
0.30155
0.30155
0.30155
0.30155
0.30155
0.30155
0.30155
0.30155
0.30155
0.30155
0.30155
0.30155
0.30155
0.30155
0.30155
0.30155
0.30155
0.30155
0.30155
0.30155
0.30155
0.30155
0.30155
0.30155
0.30155
0.30155
0.30155
0.30155
0.30155
0.30155
0.30155
0.30155
0.30155
0.30155
0.30155
0.30155
0.30155
0.30155
0.30155
0.30155
0.30155
0.30155
0.30155
0.30155
0.30155
0.30155
0.30155
0.30155
0.30155
0.30155
0.30155
0.30155
0.30155
0.30155
0.30155
0.30155
0.30155
0.30155
0.30155
0.30155
0.30155
0.30155
0.30155
0.30155
0.30155
0.30155
0.30155
0.30155
0.30155
0.30155
0.30155
0.30155
0.30155
0.30155
0.30155
0.30155
0.30155
0.30155
0.30155
0.30155
0.30155
0.30155
0.30155
0.30155
0.30155
0.30155
0.30155
0.30155
0.30155
0.30155
0.30155
0.30155
0.30155
0.30155
0.30155
0.30155
0.30155
0.30155
0.30155
0.30155
0.30155
0.30155
0.30155
0.30155
0.30155
0.30155
0.30155
0.30155
0.30155
0.30155
0.30155
0.30155
0.30155
0.30155
0.30155
0.30155
0.30155
0.30155
0.30155
0.30155
0.30155
0.30155
0.30155
0.30155
0.30155
0.30155
0.30155
0.30155
0.30155
0.30155
0.30155
0.30155
0.30155
0.30155
0.30155
0.30155
0.30155
0.30155
0.30155
0.30155
0.30155
0.30155
0.30155
0.30155
0.30155
0.30155
0.30155
0.30155
0.30155
0.30155
0.30155
0.30155
0.30155
0.30155
0.30155
0.30155
0.30155
0.30155
0.30155
0.30155
0.30155
0.30155
0.30155
0.30155
0.30155
0.30155
0.30155
0.30155
0.30155
0.30155
0.30155
0.30155
0.30155
0.30155
0.30155
0.30155
0.30155
0.30155
0.30155
0.30155
0.30155
0.30155
0.30155
0.30155
0.30155
0.30155
0.30155
0.30155
0.30155
0.30155
0.30155
0.30155
0.30155
0.30155
0.30155
0.30155
0.30155
0.30155
0.30155
0.30155
0.30155
0.30155
0.30155
0.30155
0.30155
0.30155
0.30155
0.30155
0.30155
0.30155
0.30155
0.30155
0.30155
0.30155
0.30155
0.30155
0.30155
0.30155
0.30155
0.30155
0.30155
0.30155
0.30155
0.30155
0.30155
0.30155
0.30155
0.30155
0.30155
0.30155
0.30155
0.30155
0.30155
0.30155
0.30155
0.30155
0.30155
0.30155
0.30155
0.30155
0.30155
0.30155
0.30155
0.30155
0.30155
0.30155
0.30155
0.30155
0.30155
0.30155
0.30155
0.30155
0.30155
0.30155
0.30155
0.30155
0.30155
0.30155
0.30155
0.30155
0.30155
0.30155
0.30155
0.30155
0.30155
0.30155
0.30155
0.30155
0.30155
0.30155
0.30155
0.30155
0.30155
0.30155
0.30155
0.30155
0.30155
0.30155
0.30155
0.30155
0.30155
0.30155
0.30155
0.30155
0.30155
0.30155
0.30155
0.30155
0.30155
0.30155
0.30155
0.30155
0.30155
0.30155
0.30155
0.30155
0.30155
0.30155
0.30155
0.30155
0.30155
0.30155
0.30155
0.30155
0.30155
0.30155
0.30155
0.30155
0.30155
0.30155
0.30155
0.30155
0.30155
0.30155
0.30155
0.30155
0.30155
0.30155
0.30155
0.30155
0.30155
0.30155
0.30155
0.30155
0.30155
0.30155
0.30155
0.30155
0.30155
0.30155
0.30155
0.30155
0.30155
0.30155
0.30155
0.30155
0.30155
0.30155
0.30155
0.30155
0.30155
0.30155
0.30155
0.30155
0.30155
0.30155
0.30155
0.30155
0.30155
0.30155
0.30155
0.30155
0.30155
0.30155
0.30155
0.30155
0.30155
0.30155
0.30155
0.30155
0.30155
0.30155
0.30155
0.30155
0.30155
0.30155
0.30155
0.30155
0.30155
0.30155
0.30155
0.30155
0.30155
0.30155
0.30155
0.30155
0.30155
0.30155
0.30155
0.30155
0.30155
0.30155
0.30155
0.30155
0.30155
0.30155
0.30155
0.30155
0.30155
0.30155
0.30155
0.30155
0.30155
0.30155
0.30155
0.30155
0.30155
0.30155
0.30155
0.30155
0.30155
0.30155
0.30155
0.30155
0.30155
0.30155
0.30155
0.30155
0.30155
0.30155
0.30155
0.30155
0.30155
0.30155
0.30155
0.30155
0.30155
0.30155
0.30155
0.30155
0.30155
0.30155
0.30155
0.30155
0.30155
0.30155
0.30155
0.30155
0.30155
0.30155
0.30155
0.30155
0.30155
0.30155
0.30155
0.30155
0.30155
0.30155
0.30155
0.30155
0.30155
0.30155
0.30155
0.30155
0.30155
0.30155
0.30155
0.30155
0.30155
0.30155
0.30155
0.30155
0.30155
0.30155
0.30155
0.30155
0.30155
0.30155
0.30155
0.30155
0.30155
0.30155
0.30155
0.30155
0.30155
0.30155
0.30155
0.30155
0.30155
0.30155
0.30155
0.30155
0.30155
0.30155
0.30155
0.30155
0.30155
0.30155
0.30155
0.30155
0.30155
0.30155
0.30155
0.30155
0.30155
0.30155
0.30155
0.30155
0.30155
0.30155
0.30155
0.30155
0.30155
0.30155
0.30155
0.30155
0.30155
0.30155
0.30155
0.30155
0.30155
0.30155
0.30155
0.30155
0.30155
0.30155
0.30155
0.30155
0.30155
0.30155
0.30155
0.30155
0.30155
0.30155
0.30155
0.30155
0.30155
0.30155
0.30155
0.30155
0.30155
0.30155
0.30155
0.30155
0.30155
0.30155
0.30155
0.30155
0.30155
0.30155
0.30155
0.30155
0.30155
0.30155
0.30155
0.30155
0.30155
0.30155
0.30155
0.30155
0.30155
0.30155
0.30155
0.30155
0.30155
0.30155
0.30155
0.30155
0.30155
0.30155
0.30155
0.30155
0.30155
0.30155
0.30155
0.30155
0.30155
0.30155
0.30155
0.30155
0.30155
0.30155
0.30155
0.30155
0.30155
0.30155
0.30155
0.30155
0.30155
0.30155
0.30155
0.30155
0.30155
0.30155
0.30155
0.30155
0.30155
0.30155
0.30155
0.30155
0.30155
0.30155
0.30155
0.30155
0.30155
0.30155
0.30155
0.30155
0.30155
0.30155
0.30155
0.30155
0.30155
0.30155
0.30155
0.30155
0.30155
0.30155
0.30155
0.30155
0.30155
0.30155
0.30155
0.30155
0.30155
0.30155
0.30155
0.30155
0.30155
0.30155
0.30155
0.30155
0.30155
0.30155
0.30155
0.30155
0.30155
0.30155
0.30155
0.30155
0.30155
0.30155
0.30155
0.30155
0.30155
0.30155
0.30155
0.30155
0.30155
0.30155
0.30155
0.30155
0.30155
0.30155
0.30155
0.30155
0.30155
0.30155
0.30155
0.30155
0.30155
0.30155
0.30155
0.30155
0.30155
0.30155
0.30155
0.30155
0.30155
0.30155
0.30155
0.30155
0.30155
0.30155
0.30155
0.30155
