0.235615
0.235615
0.235615
0.235615
0.235615
0.235615
0.235615
0.235615
0.235615
0.235615
0.235615
0.235615
0.235615
0.235615
0.235615
0.235615
0.235615
0.235614
0.235614
0.235614
0.235614
0.235613
0.235613
0.235613
0.235612
0.235612
0.235612
0.235611
0.235611
0.23561
0.23561
0.235609
0.235609
0.235609
0.235608
0.235608
0.235607
0.235607
0.235606
0.235606
0.235605
0.235605
0.235604
0.235604
0.235603
0.235603
0.235603
0.235602
0.235602
0.235602
0.235601
0.235601
0.235601
0.235601
0.2356
0.2356
0.2356
0.2356
0.2356
0.2356
0.2356
0.2356
0.2356
0.235599
0.235599
0.235599
0.235599
0.235599
0.235599
0.235599
0.235598
0.235598
0.235598
0.235598
0.235598
0.235597
0.235597
0.235597
0.235597
0.235597
0.235596
0.235596
0.235596
0.235596
0.235595
0.235595
0.235595
0.235594
0.235594
0.235594
0.235593
0.235593
0.235593
0.235592
0.235592
0.235592
0.235591
0.235591
0.23559
0.23559
0.23559
0.235589
0.235589
0.235589
0.235588
0.235588
0.235588
0.235587
0.235587
0.235586
0.235586
0.235586
0.235585
0.235585
0.235585
0.235584
0.235584
0.235584
0.235583
0.235583
0.235583
0.235582
0.235582
0.235582
0.235581
0.235581
0.23558
0.23558
0.235579
0.235579
0.235578
0.235578
0.235577
0.235577
0.235576
0.235575
0.235575
0.235574
0.235573
0.235573
0.235572
0.235571
0.23557
0.235569
0.235569
0.235568
0.235567
0.235566
0.235565
0.235564
0.235563
0.235562
0.235561
0.23556
0.235559
0.235557
0.235556
0.235555
0.235554
0.235552
0.235551
0.23555
0.235549
0.235547
0.235546
0.235544
0.235543
0.235542
0.23554
0.235539
0.235537
0.235536
0.235534
0.235533
0.235531
0.23553
0.235528
0.235527
0.235525
0.235524
0.235522
0.235521
0.235519
0.235518
0.235516
0.235514
0.235513
0.235511
0.23551
0.235508
0.235506
0.235505
0.235503
0.235501
0.235499
0.235498
0.235496
0.235494
0.235492
0.23549
0.235489
0.235487
0.235485
0.235483
0.235481
0.235479
0.235477
0.235475
0.235473
0.235471
0.235469
0.235467
0.235464
0.235462
0.23546
0.235458
0.235456
0.235454
0.235451
0.235449
0.235447
0.235445
0.235442
0.23544
0.235438
0.235435
0.235433
0.23543
0.235428
0.235426
0.235423
0.235421
0.235418
0.235416
0.235413
0.235411
0.235408
0.235405
0.235403
0.2354
0.235398
0.235395
0.235393
0.23539
0.235388
0.235386
0.235383
0.235381
0.235378
0.235376
0.235374
0.235371
0.235369
0.235367
0.235365
0.235362
0.23536
0.235358
0.235356
0.235353
0.235351
0.235349
0.235347
0.235345
0.235342
0.23534
0.235338
0.235336
0.235334
0.235332
0.23533
0.235328
0.235326
0.235323
0.235321
0.235319
0.235317
0.235315
0.235313
0.235311
0.235309
0.235307
0.235305
0.235303
0.235301
0.235299
0.235297
0.235295
0.235293
0.235291
0.235289
0.235287
0.235285
0.235283
0.235281
0.235279
0.235277
0.235275
0.235273
0.235271
0.23527
0.235268
0.235266
0.235264
0.235262
0.23526
0.235258
0.235257
0.235255
0.235253
0.235251
0.235249
0.235248
0.235246
0.235244
0.235243
0.235241
0.235239
0.235238
0.235236
0.235234
0.235233
0.235231
0.23523
0.235228
0.235226
0.235225
0.235223
0.235221
0.23522
0.235218
0.235216
0.235215
0.235213
0.235212
0.23521
0.235209
0.235207
0.235205
0.235204
0.235202
0.235201
0.235199
0.235198
0.235196
0.235195
0.235193
0.235192
0.23519
0.235189
0.235187
0.235185
0.235184
0.235182
0.235181
0.235179
0.235178
0.235176
0.235174
0.235173
0.235171
0.23517
0.235168
0.235167
0.235165
0.235163
0.235162
0.23516
0.235159
0.235157
0.235155
0.235154
0.235152
0.235151
0.235149
0.235148
0.235146
0.235145
0.235143
0.235141
0.23514
0.235138
0.235137
0.235135
0.235134
0.235132
0.235131
0.235129
0.235128
0.235126
0.235125
0.235123
0.235122
0.23512
0.235119
0.235118
0.235116
0.235115
0.235114
0.235113
0.235111
0.23511
0.235109
0.235108
0.235107
0.235106
0.235105
0.235104
0.235103
0.235102
0.235101
0.2351
0.235099
0.235098
0.235097
0.235097
0.235096
0.235095
0.235095
0.235094
0.235093
0.235093
0.235092
0.235091
0.235091
0.23509
0.23509
0.235089
0.235088
0.235088
0.235087
0.235087
0.235086
0.235086
0.235085
0.235085
0.235084
0.235084
0.235083
0.235083
0.235082
0.235081
0.235081
0.23508
0.23508
0.235079
0.235078
0.235078
0.235077
0.235076
0.235076
0.235075
0.235075
0.235074
0.235074
0.235073
0.235072
0.235072
0.235071
0.235071
0.23507
0.23507
0.235069
0.235068
0.235068
0.235067
0.235067
0.235066
0.235066
0.235065
0.235065
0.235064
0.235064
0.235063
0.235062
0.235062
0.235061
0.235061
0.23506
0.23506
0.235059
0.235059
0.235058
0.235057
0.235057
0.235056
0.235056
0.235055
0.235054
0.235054
0.235053
0.235052
0.235052
0.235051
0.235051
0.23505
0.235049
0.235049
0.235048
0.235048
0.235047
0.235046
0.235046
0.235045
0.235045
0.235044
0.235043
0.235043
0.235042
0.235042
0.235041
0.23504
0.23504
0.235039
0.235039
0.235038
0.235038
0.235037
0.235037
0.235036
0.235035
0.235035
0.235034
0.235034
0.235033
0.235033
0.235032
0.235032
0.235031
0.23503
0.23503
0.235029
0.235029
0.235028
0.235027
0.235027
0.235026
0.235026
0.235025
0.235024
0.235024
0.235023
0.235023
0.235022
0.235022
0.235021
0.235021
0.23502
0.235019
0.235019
0.235018
0.235018
0.235017
0.235017
0.235016
0.235016
0.235015
0.235014
0.235014
0.235013
0.235013
0.235012
0.235012
0.235011
0.23501
0.23501
0.235009
0.235009
0.235008
0.235007
0.235007
0.235006
0.235006
0.235005
0.235005
0.235004
0.235004
0.235003
0.235003
0.235002
0.235002
0.235001
0.235001
0.235
0.235
0.234999
0.234999
0.234998
0.234998
0.234997
0.234997
0.234996
0.234996
0.234995
0.234995
0.234995
0.234994
0.234994
0.234993
0.234993
0.234993
0.234992
0.234992
0.234992
0.234991
0.234991
0.234991
0.234991
0.234991
0.23499
0.23499
0.23499
0.23499
0.23499
0.23499
0.23499
0.23499
0.23499
0.23499
0.234989
0.234989
0.234989
0.234989
0.234989
0.234989
0.234989
0.234989
0.234989
0.234989
0.234989
0.234989
0.234989
0.234989
0.234989
0.234989
0.234989
0.234989
0.234989
0.234989
0.234989
0.234989
0.23499
0.23499
0.23499
0.23499
0.23499
0.23499
0.23499
0.23499
0.23499
0.23499
0.23499
0.23499
0.23499
0.23499
0.23499
0.23499
0.23499
0.23499
0.23499
0.23499
0.23499
0.23499
0.234989
0.234989
0.234989
0.234989
0.234989
0.234989
0.234989
0.234989
0.234989
0.234988
0.234988
0.234988
0.234988
0.234988
0.234987
0.234987
0.234987
0.234987
0.234987
0.234986
0.234986
0.234986
0.234986
0.234985
0.234985
0.234985
0.234984
0.234984
0.234983
0.234983
0.234983
0.234982
0.234982
0.234981
0.234981
0.234981
0.23498
0.23498
0.234979
0.234979
0.234978
0.234978
0.234977
0.234977
0.234976
0.234976
0.234975
0.234975
0.234975
0.234974
0.234974
0.234973
0.234973
0.234973
0.234972
0.234972
0.234972
0.234971
0.234971
0.234971
0.234971
0.23497
0.23497
0.23497
0.23497
0.23497
0.23497
0.234969
0.234969
0.234969
0.234969
0.234969
0.234969
0.234969
0.234969
0.23497
0.23497
0.23497
0.23497
0.23497
0.23497
0.23497
0.23497
0.23497
0.23497
0.23497
0.23497
0.23497
0.23497
0.234971
0.234971
0.234971
0.234971
0.234971
0.234971
0.234971
0.234971
0.234971
0.234972
0.234972
0.234972
0.234972
0.234972
0.234972
0.234972
0.234973
0.234973
0.234973
0.234973
0.234973
0.234973
0.234973
0.234973
0.234974
0.234974
0.234974
0.234974
0.234974
0.234974
0.234974
0.234974
0.234974
0.234975
0.234975
0.234975
0.234975
0.234975
0.234976
0.234976
0.234976
0.234976
0.234977
0.234977
0.234977
0.234978
0.234978
0.234978
0.234979
0.234979
0.234979
0.234979
0.23498
0.23498
0.23498
0.234981
0.234981
0.234981
0.234982
0.234982
0.234982
0.234983
0.234983
0.234984
0.234984
0.234984
0.234985
0.234985
0.234986
0.234986
0.234987
0.234987
0.234987
0.234988
0.234988
0.234989
0.234989
0.234989
0.23499
0.23499
0.234991
0.234991
0.234992
0.234992
0.234993
0.234993
0.234994
0.234994
0.234995
0.234995
0.234996
0.234996
0.234997
0.234997
0.234998
0.234998
0.234999
0.234999
0.235
0.235
0.235001
0.235002
0.235002
0.235003
0.235003
0.235004
0.235004
0.235005
0.235006
0.235006
0.235007
0.235008
0.235008
0.235009
0.235009
0.23501
0.235011
0.235011
0.235012
0.235013
0.235013
0.235014
0.235015
0.235015
0.235016
0.235017
0.235017
0.235018
0.235019
0.235019
0.23502
0.23502
0.235021
0.235022
0.235022
0.235023
0.235023
0.235024
0.235025
0.235025
0.235026
0.235026
0.235027
0.235027
0.235028
0.235028
0.235029
0.23503
0.23503
0.235031
0.235031
0.235032
0.235032
0.235033
0.235033
0.235034
0.235035
0.235035
0.235036
0.235036
0.235037
0.235037
0.235038
0.235039
0.235039
0.23504
0.23504
0.23504
0.235041
0.235041
0.235042
0.235042
0.235042
0.235043
0.235043
0.235043
0.235044
0.235044
0.235044
0.235045
0.235045
0.235045
0.235045
0.235046
0.235046
0.235046
0.235046
0.235047
0.235047
0.235047
0.235047
0.235047
0.235047
0.235047
0.235047
0.235047
0.235047
0.235047
0.235047
0.235047
0.235047
0.235047
0.235047
0.235047
0.235047
0.235046
0.235046
0.235046
0.235046
0.235045
0.235045
0.235045
0.235045
0.235044
0.235044
0.235044
0.235043
0.235043
0.235043
0.235042
0.235042
0.235041
0.235041
0.235041
0.23504
0.23504
0.23504
0.235039
0.235039
0.235039
0.235038
0.235038
0.235038
0.235037
0.235037
0.235037
0.235037
0.235037
0.235036
0.235036
0.235036
0.235036
0.235036
0.235036
0.235035
0.235035
0.235035
0.235035
0.235035
0.235035
0.235035
0.235034
0.235034
0.235034
0.235034
0.235034
0.235034
0.235034
0.235034
0.235033
0.235033
0.235033
0.235033
0.235033
0.235033
0.235033
0.235033
0.235033
0.235032
0.235032
0.235032
0.235032
0.235032
0.235032
0.235032
0.235032
0.235031
0.235031
0.235031
0.235031
0.235031
0.235031
0.23503
0.23503
0.23503
0.23503
0.23503
0.235029
0.235029
0.235029
0.235029
0.235028
0.235028
0.235028
0.235027
0.235027
0.235027
0.235027
0.235026
0.235026
0.235026
0.235025
0.235025
0.235025
0.235024
0.235024
0.235023
0.235023
0.235023
0.235022
0.235022
0.235021
0.235021
0.23502
0.235019
0.235019
0.235018
0.235018
0.235017
0.235016
0.235016
0.235015
0.235014
0.235014
0.235013
0.235013
0.235012
0.235011
0.235011
0.23501
0.23501
0.235009
0.235008
0.235008
0.235007
0.235007
0.235006
0.235006
0.235005
0.235005
0.235004
0.235004
0.235004
0.235003
0.235003
0.235002
0.235002
0.235001
0.235001
0.235
0.235
0.234999
0.234999
0.234998
0.234998
0.234997
0.234997
0.234997
0.234996
0.234996
0.234995
0.234995
0.234994
0.234994
0.234994
0.234993
0.234993
0.234993
0.234992
0.234992
0.234991
0.234991
0.234991
0.234991
0.23499
0.23499
0.23499
0.234989
0.234989
0.234989
0.234989
0.234989
0.234988
0.234988
0.234988
0.234988
0.234988
0.234987
0.234987
0.234987
0.234987
0.234987
0.234986
0.234986
0.234986
0.234986
0.234986
0.234986
0.234985
0.234985
0.234985
0.234985
0.234985
0.234985
0.234985
0.234985
0.234985
0.234985
0.234985
0.234985
0.234985
0.234985
0.234985
0.234985
0.234985
0.234985
0.234985
0.234985
0.234985
0.234985
0.234985
0.234985
0.234985
0.234986
0.234986
0.234986
0.234986
0.234986
0.234987
0.234987
0.234987
0.234987
0.234988
0.234988
0.234988
0.234988
0.234989
0.234989
0.234989
0.23499
0.23499
0.23499
0.23499
0.234991
0.234991
0.234991
0.234992
0.234992
0.234992
0.234993
0.234993
0.234993
0.234994
0.234994
0.234994
0.234995
0.234995
0.234995
0.234996
0.234996
0.234996
0.234997
0.234997
0.234997
0.234998
0.234998
0.234998
0.234999
0.234999
0.234999
0.235
0.235
0.235
0.235001
0.235001
0.235001
0.235002
0.235002
0.235003
0.235003
0.235004
0.235004
0.235005
0.235005
0.235006
0.235006
0.235007
0.235007
0.235008
0.235008
0.235009
0.235009
0.23501
0.23501
0.235011
0.235012
0.235012
0.235013
0.235014
0.235015
0.235015
0.235016
0.235017
0.235018
0.235019
0.23502
0.23502
0.235021
0.235022
0.235023
0.235024
0.235025
0.235026
0.235027
0.235028
0.235029
0.23503
0.235031
0.235033
0.235034
0.235035
0.235036
0.235038
0.235039
0.23504
0.235041
0.235043
0.235044
0.235045
0.235047
0.235048
0.235049
0.235051
0.235052
0.235053
0.235054
0.235056
0.235057
0.235058
0.235059
0.23506
0.235061
0.235063
0.235064
0.235065
0.235066
0.235067
0.235068
0.235069
0.23507
0.235071
0.235072
0.235073
0.235074
0.235074
0.235075
0.235076
0.235077
0.235078
0.235079
0.235079
0.23508
0.235081
0.235082
0.235082
0.235083
0.235084
0.235084
0.235085
0.235085
0.235086
0.235086
0.235087
0.235087
0.235088
0.235088
0.235089
0.235089
0.235089
0.23509
0.23509
0.23509
0.235091
0.235091
0.235091
0.235092
0.235092
0.235092
0.235093
0.235093
0.235093
0.235094
0.235094
0.235094
0.235094
0.235095
0.235095
0.235095
0.235096
0.235096
0.235096
0.235097
0.235097
0.235097
0.235098
0.235098
0.235098
0.235099
0.235099
0.235099
0.2351
0.2351
0.2351
0.235101
0.235101
0.235101
0.235101
0.235102
0.235102
0.235102
0.235102
0.235103
0.235103
0.235103
0.235103
0.235104
0.235104
0.235104
0.235104
0.235105
0.235105
0.235105
0.235105
0.235106
0.235106
0.235106
0.235107
0.235107
0.235107
0.235107
0.235108
0.235108
0.235108
0.235109
0.235109
0.235109
0.23511
0.23511
0.23511
0.235111
0.235111
0.235112
0.235112
0.235112
0.235113
0.235113
0.235113
0.235114
0.235114
0.235115
0.235115
0.235115
0.235116
0.235116
0.235117
0.235117
0.235117
0.235118
0.235118
0.235118
0.235119
0.235119
0.235119
0.23512
0.23512
0.23512
0.235121
0.235121
0.235121
0.235121
0.235122
0.235122
0.235122
0.235122
0.235123
0.235123
0.235123
0.235124
0.235124
0.235125
0.235125
0.235125
0.235126
0.235126
0.235127
0.235127
0.235128
0.235128
0.235129
0.235129
0.23513
0.23513
0.235131
0.235132
0.235132
0.235133
0.235134
0.235135
0.235135
0.235136
0.235137
0.235138
0.235138
0.235139
0.23514
0.235141
0.235142
0.235142
0.235143
0.235144
0.235145
0.235145
0.235146
0.235147
0.235148
0.235148
0.235149
0.23515
0.235151
0.235151
0.235152
0.235152
0.235153
0.235154
0.235154
0.235155
0.235155
0.235156
0.235156
0.235157
0.235157
0.235158
0.235158
0.235158
0.235159
0.235159
0.235159
0.23516
0.23516
0.23516
0.235161
0.235161
0.235161
0.235162
0.235162
0.235162
0.235162
0.235163
0.235163
0.235163
0.235163
0.235163
0.235163
0.235163
0.235164
0.235164
0.235164
0.235164
0.235164
0.235164
0.235164
0.235164
0.235164
0.235164
0.235164
0.235164
0.235164
0.235164
0.235164
0.235164
0.235164
0.235164
0.235164
0.235164
0.235164
0.235164
0.235164
0.235164
0.235164
0.235164
0.235164
0.235164
0.235164
0.235164
0.235164
0.235164
0.235164
0.235164
0.235164
0.235164
0.235164
0.235164
0.235164
0.235163
0.235163
0.235163
0.235163
0.235163
0.235163
0.235163
0.235163
0.235163
0.235162
0.235162
0.235162
0.235162
0.235162
0.235161
0.235161
0.235161
0.235161
0.23516
0.23516
0.23516
0.23516
0.23516
0.235159
0.235159
0.235159
0.235159
0.235159
0.235159
0.235158
0.235158
0.235158
0.235158
0.235158
0.235157
0.235157
0.235157
0.235157
0.235156
0.235156
0.235156
0.235155
0.235155
0.235155
0.235154
0.235154
0.235154
0.235153
0.235153
0.235153
0.235153
0.235152
0.235152
0.235152
0.235152
0.235151
0.235151
0.235151
0.235151
0.235151
0.235151
0.235151
0.235151
0.235151
0.235151
0.235151
0.235151
0.235152
0.235152
0.235152
0.235152
0.235152
0.235152
0.235153
0.235153
0.235153
0.235153
0.235154
0.235154
0.235154
0.235155
0.235155
0.235156
0.235156
0.235157
0.235157
0.235158
0.235158
0.235159
0.235159
0.23516
0.23516
0.235161
0.235161
0.235162
0.235162
0.235163
0.235163
0.235164
0.235165
0.235165
0.235166
0.235166
0.235167
0.235167
0.235168
0.235169
0.235169
0.23517
0.235171
0.235171
0.235172
0.235173
0.235173
0.235174
0.235175
0.235175
0.235176
0.235177
0.235178
0.235178
0.235179
0.23518
0.23518
0.235181
0.235182
0.235182
0.235183
0.235184
0.235184
0.235185
0.235186
0.235186
0.235187
0.235188
0.235189
0.235189
0.23519
0.235191
0.235191
0.235192
0.235193
0.235194
0.235194
0.235195
0.235196
0.235196
0.235197
0.235198
0.235198
0.235199
0.2352
0.235201
0.235201
0.235202
0.235203
0.235203
0.235204
0.235204
0.235205
0.235206
0.235206
0.235207
0.235207
0.235208
0.235209
0.235209
0.23521
0.23521
0.23521
0.235211
0.235211
0.235212
0.235212
0.235212
0.235213
0.235213
0.235214
0.235214
0.235214
0.235215
0.235215
0.235215
0.235215
0.235216
0.235216
0.235216
0.235216
0.235216
0.235217
0.235217
0.235217
0.235217
0.235217
0.235217
0.235217
0.235218
0.235218
0.235218
0.235218
0.235218
0.235218
0.235218
0.235218
0.235219
0.235219
0.235219
0.235219
0.235219
0.235219
0.23522
0.23522
0.23522
0.23522
0.23522
0.23522
0.23522
0.23522
0.235221
0.235221
0.235221
0.235221
0.235221
0.235221
0.235222
0.235222
0.235222
0.235222
0.235222
0.235223
0.235223
0.235223
0.235223
0.235223
0.235224
0.235224
0.235224
0.235225
0.235225
0.235225
0.235225
0.235226
0.235226
0.235226
0.235227
0.235227
0.235227
0.235227
0.235228
0.235228
0.235228
0.235228
0.235229
0.235229
0.235229
0.235229
0.23523
0.23523
0.23523
0.235231
0.235231
0.235231
0.235231
0.235232
0.235232
0.235232
0.235233
0.235233
0.235234
0.235234
0.235234
0.235235
0.235235
0.235235
0.235236
0.235236
0.235236
0.235237
0.235237
0.235237
0.235237
0.235238
0.235238
0.235238
0.235239
0.235239
0.235239
0.23524
0.23524
0.23524
0.235241
0.235241
0.235242
0.235242
0.235242
0.235243
0.235243
0.235243
0.235244
0.235244
0.235245
0.235245
0.235245
0.235246
0.235246
0.235247
0.235247
0.235248
0.235248
0.235248
0.235249
0.235249
0.23525
0.23525
0.23525
0.235251
0.235251
0.235252
0.235252
0.235253
0.235253
0.235253
0.235254
0.235254
0.235255
0.235255
0.235256
0.235256
0.235257
0.235257
0.235258
0.235258
0.235259
0.235259
0.23526
0.235261
0.235261
0.235262
0.235262
0.235263
0.235264
0.235264
0.235265
0.235265
0.235266
0.235267
0.235267
0.235268
0.235269
0.235269
0.23527
0.235271
0.235271
0.235272
0.235273
0.235274
0.235274
0.235275
0.235276
0.235277
0.235277
0.235278
0.235279
0.23528
0.23528
0.235281
0.235282
0.235282
0.235283
0.235284
0.235284
0.235285
0.235286
0.235286
0.235287
0.235288
0.235289
0.235289
0.23529
0.235291
0.235291
0.235292
0.235293
0.235294
0.235294
0.235295
0.235296
0.235296
0.235297
0.235298
0.235298
0.235299
0.2353
0.2353
0.235301
0.235302
0.235302
0.235303
0.235304
0.235304
0.235305
0.235305
0.235306
0.235307
0.235307
0.235308
0.235308
0.235309
0.235309
0.23531
0.23531
0.235311
0.235311
0.235312
0.235312
0.235313
0.235313
0.235314
0.235314
0.235314
0.235315
0.235315
0.235316
0.235316
0.235317
0.235317
0.235317
0.235318
0.235318
0.235319
0.235319
0.235319
0.23532
0.23532
0.23532
0.235321
0.235321
0.235321
0.235322
0.235322
0.235322
0.235322
0.235323
0.235323
0.235323
0.235323
0.235324
0.235324
0.235324
0.235324
0.235324
0.235325
0.235325
0.235325
0.235325
0.235325
0.235325
0.235325
0.235325
0.235325
0.235325
0.235325
0.235325
0.235325
0.235325
0.235325
0.235325
0.235325
0.235325
0.235325
0.235325
0.235325
0.235325
0.235325
0.235325
0.235325
0.235325
0.235325
0.235325
0.235325
0.235325
0.235325
0.235325
0.235325
0.235325
0.235325
0.235325
0.235325
0.235325
0.235325
0.235325
0.235325
0.235325
0.235325
0.235325
0.235325
0.235325
0.235325
0.235325
0.235325
0.235325
0.235325
0.235325
0.235325
0.235325
0.235325
0.235325
0.235325
0.235325
0.235325
0.235325
0.235325
0.235325
0.235325
0.235325
0.235325
0.235325
0.235325
0.235325
0.235325
0.235325
0.235325
0.235325
0.235325
0.235325
0.235325
0.235325
0.235325
0.235325
0.235325
0.235325
0.235325
0.235325
0.235325
0.235325
0.235325
0.235325
0.235325
0.235324
0.235324
0.235324
0.235324
0.235324
0.235324
0.235324
0.235324
0.235324
0.235324
0.235324
0.235324
0.235324
0.235324
0.235324
0.235324
0.235324
0.235324
0.235324
0.235324
0.235324
0.235324
0.235324
0.235324
0.235324
0.235324
0.235325
0.235325
0.235325
0.235325
0.235325
0.235325
0.235325
0.235325
0.235325
0.235325
0.235325
0.235325
0.235325
0.235326
0.235326
0.235326
0.235326
0.235326
0.235326
0.235326
0.235326
0.235326
0.235327
0.235327
0.235327
0.235327
0.235327
0.235327
0.235327
0.235327
0.235327
0.235327
0.235327
0.235328
0.235328
0.235328
0.235328
0.235328
0.235328
0.235328
0.235328
0.235328
0.235328
0.235328
0.235328
0.235328
0.235328
0.235329
0.235329
0.235329
0.235329
0.235329
0.235329
0.235329
0.235329
0.235329
0.235329
0.235329
0.235329
0.235329
0.235329
0.235329
0.235329
0.235329
0.235329
0.235329
0.235329
0.235329
0.235329
0.235329
0.235329
0.235329
0.235329
0.235329
0.235329
0.235329
0.235329
0.235329
0.235329
0.235329
0.235329
0.235329
0.235329
0.235329
0.235328
0.235328
0.235328
0.235328
0.235328
0.235327
0.235327
0.235327
0.235326
0.235326
0.235326
0.235325
0.235325
0.235324
0.235324
0.235323
0.235323
0.235322
0.235322
0.235321
0.235321
0.23532
0.23532
0.235319
0.235319
0.235318
0.235318
0.235317
0.235317
0.235316
0.235316
0.235315
0.235314
0.235314
0.235313
0.235313
0.235312
0.235312
0.235311
0.23531
0.23531
0.235309
0.235308
0.235308
0.235307
0.235306
0.235306
0.235305
0.235304
0.235303
0.235303
0.235302
0.235301
0.2353
0.2353
0.235299
0.235298
0.235297
0.235297
0.235296
0.235295
0.235294
0.235294
0.235293
0.235292
0.235291
0.23529
0.23529
0.235289
0.235288
0.235287
0.235286
0.235285
0.235284
0.235283
0.235282
0.235281
0.23528
0.235279
0.235279
0.235278
0.235277
0.235276
0.235275
0.235274
0.235273
0.235272
0.235271
0.23527
0.235269
0.235268
0.235268
0.235267
0.235266
0.235265
0.235264
0.235263
0.235262
0.235262
0.235261
0.23526
0.235259
0.235258
0.235257
0.235257
0.235256
0.235255
0.235254
0.235253
0.235252
0.235252
0.235251
0.23525
0.235249
0.235248
0.235247
0.235246
0.235245
0.235245
0.235244
0.235243
0.235242
0.235241
0.235241
0.23524
0.235239
0.235239
0.235238
0.235237
0.235237
0.235236
0.235235
0.235235
0.235234
0.235234
0.235233
0.235233
0.235232
0.235231
0.235231
0.23523
0.23523
0.23523
0.235229
0.235229
0.235228
0.235228
0.235228
0.235227
0.235227
0.235227
0.235226
0.235226
0.235226
0.235225
0.235225
0.235225
0.235224
0.235224
0.235224
0.235223
0.235223
0.235223
0.235223
0.235222
0.235222
0.235222
0.235222
0.235221
0.235221
0.235221
0.235221
0.235221
0.23522
0.23522
0.23522
0.23522
0.23522
0.23522
0.23522
0.23522
0.23522
0.23522
0.235219
0.235219
0.235219
0.235219
0.235219
0.235219
0.235219
0.235219
0.235219
0.235219
0.23522
0.23522
0.23522
0.23522
0.23522
0.23522
0.23522
0.23522
0.23522
0.23522
0.23522
0.23522
0.23522
0.23522
0.23522
0.23522
0.23522
0.23522
0.23522
0.23522
0.23522
0.23522
0.23522
0.23522
0.23522
0.23522
0.23522
0.23522
0.23522
0.23522
0.23522
0.23522
0.23522
0.23522
0.23522
0.23522
0.23522
0.23522
0.23522
0.23522
0.23522
0.23522
0.23522
0.235221
0.235221
0.235221
0.235221
0.235221
0.235221
0.235221
0.235221
0.235222
0.235222
0.235222
0.235222
0.235222
0.235223
0.235223
0.235223
0.235223
0.235224
0.235224
0.235224
0.235224
0.235225
0.235225
0.235225
0.235225
0.235226
0.235226
0.235226
0.235227
0.235227
0.235227
0.235228
0.235228
0.235228
0.235229
0.235229
0.235229
0.23523
0.23523
0.235231
0.235231
0.235232
0.235232
0.235232
0.235233
0.235233
0.235234
0.235234
0.235235
0.235235
0.235236
0.235237
0.235237
0.235238
0.235239
0.235239
0.23524
0.235241
0.235242
0.235243
0.235243
0.235244
0.235245
0.235246
0.235247
0.235248
0.235249
0.235249
0.23525
0.235251
0.235252
0.235253
0.235254
0.235255
0.235255
0.235256
0.235257
0.235258
0.235259
0.23526
0.235261
0.235262
0.235263
0.235264
0.235265
0.235266
0.235267
0.235268
0.235269
0.23527
0.235271
0.235272
0.235273
0.235274
0.235275
0.235276
0.235277
0.235278
0.235279
0.23528
0.235281
0.235282
0.235283
0.235284
0.235285
0.235286
0.235287
0.235288
0.235289
0.23529
0.235291
0.235293
0.235294
0.235295
0.235296
0.235297
0.235298
0.235299
0.2353
0.235301
0.235302
0.235304
0.235305
0.235306
0.235307
0.235308
0.235309
0.23531
0.235311
0.235312
0.235313
0.235314
0.235315
0.235316
0.235317
0.235318
0.235319
0.23532
0.235321
0.235322
0.235322
0.235323
0.235324
0.235325
0.235326
0.235327
0.235327
0.235328
0.235329
0.23533
0.23533
0.235331
0.235332
0.235333
0.235333
0.235334
0.235335
0.235336
0.235336
0.235337
0.235338
0.235338
0.235339
0.23534
0.235341
0.235341
0.235342
0.235343
0.235343
0.235344
0.235345
0.235345
0.235346
0.235346
0.235347
0.235347
0.235348
0.235349
0.235349
0.23535
0.23535
0.235351
0.235351
0.235352
0.235352
0.235352
0.235353
0.235353
0.235354
0.235354
0.235355
0.235355
0.235356
0.235356
0.235356
0.235357
0.235357
0.235357
0.235358
0.235358
0.235358
0.235359
0.235359
0.235359
0.235359
0.235359
0.23536
0.23536
0.23536
0.23536
0.23536
0.23536
0.235361
0.235361
0.235361
0.235361
0.235361
0.235361
0.235361
0.235361
0.235361
0.235361
0.235361
0.235361
0.235361
0.235362
0.235362
0.235362
0.235362
0.235362
0.235362
0.235362
0.235363
0.235363
0.235363
0.235363
0.235363
0.235364
0.235364
0.235364
0.235364
0.235364
0.235365
0.235365
0.235365
0.235365
0.235365
0.235365
0.235366
0.235366
0.235366
0.235366
0.235366
0.235367
0.235367
0.235367
0.235367
0.235368
0.235368
0.235368
0.235368
0.235369
0.235369
0.235369
0.23537
0.23537
0.23537
0.23537
0.235371
0.235371
0.235371
0.235372
0.235372
0.235372
0.235372
0.235373
0.235373
0.235373
0.235373
0.235373
0.235374
0.235374
0.235374
0.235374
0.235375
0.235375
0.235375
0.235375
0.235375
0.235375
0.235375
0.235376
0.235376
0.235376
0.235376
0.235376
0.235376
0.235376
0.235376
0.235377
0.235377
0.235377
0.235377
0.235377
0.235378
0.235378
0.235378
0.235378
0.235379
0.235379
0.235379
0.235379
0.23538
0.23538
0.23538
0.23538
0.235381
0.235381
0.235381
0.235382
0.235382
0.235382
0.235383
0.235383
0.235383
0.235383
0.235384
0.235384
0.235384
0.235385
0.235385
0.235385
0.235386
0.235386
0.235386
0.235387
0.235387
0.235387
0.235388
0.235388
0.235388
0.235389
0.235389
0.235389
0.23539
0.23539
0.23539
0.235391
0.235391
0.235391
0.235392
0.235392
0.235392
0.235392
0.235393
0.235393
0.235393
0.235393
0.235394
0.235394
0.235394
0.235394
0.235394
0.235395
0.235395
0.235395
0.235395
0.235395
0.235395
0.235395
0.235396
0.235396
0.235396
0.235396
0.235396
0.235396
0.235397
0.235397
0.235397
0.235397
0.235397
0.235397
0.235397
0.235398
0.235398
0.235398
0.235398
0.235398
0.235399
0.235399
0.235399
0.235399
0.2354
0.2354
0.2354
0.235401
0.235401
0.235401
0.235402
0.235402
0.235402
0.235403
0.235403
0.235403
0.235404
0.235404
0.235404
0.235405
0.235405
0.235405
0.235406
0.235406
0.235406
0.235407
0.235407
0.235407
0.235408
0.235408
0.235408
0.235409
0.235409
0.235409
0.23541
0.23541
0.23541
0.23541
0.235411
0.235411
0.235411
0.235411
0.235411
0.235412
0.235412
0.235412
0.235412
0.235412
0.235412
0.235412
0.235412
0.235412
0.235412
0.235412
0.235413
0.235413
0.235413
0.235413
0.235413
0.235413
0.235413
0.235413
0.235413
0.235413
0.235413
0.235413
0.235413
0.235413
0.235413
0.235413
0.235413
0.235413
0.235413
0.235413
0.235413
0.235413
0.235413
0.235413
0.235413
0.235413
0.235413
0.235412
0.235412
0.235412
0.235412
0.235412
0.235412
0.235412
0.235412
0.235411
0.235411
0.235411
0.235411
0.235411
0.235411
0.235411
0.23541
0.23541
0.23541
0.23541
0.23541
0.235409
0.235409
0.235409
0.235408
0.235408
0.235408
0.235408
0.235407
0.235407
0.235407
0.235407
0.235407
0.235406
0.235406
0.235406
0.235406
0.235406
0.235406
0.235406
0.235405
0.235405
0.235405
0.235405
0.235405
0.235405
0.235405
0.235405
0.235405
0.235405
0.235405
0.235404
0.235404
0.235404
0.235404
0.235404
0.235404
0.235404
0.235404
0.235403
0.235403
0.235403
0.235403
0.235403
0.235403
0.235402
0.235402
0.235402
0.235402
0.235401
0.235401
0.235401
0.235401
0.2354
0.2354
0.2354
0.235399
0.235399
0.235398
0.235398
0.235398
0.235397
0.235397
0.235397
0.235396
0.235396
0.235395
0.235395
0.235394
0.235394
0.235393
0.235392
0.235392
0.235391
0.235391
0.23539
0.23539
0.235389
0.235389
0.235388
0.235388
0.235387
0.235387
0.235386
0.235386
0.235385
0.235384
0.235384
0.235383
0.235383
0.235382
0.235382
0.235381
0.23538
0.23538
0.235379
0.235379
0.235378
0.235377
0.235377
0.235376
0.235376
0.235375
0.235374
0.235374
0.235373
0.235373
0.235372
0.235371
0.235371
0.23537
0.23537
0.235369
0.235369
0.235368
0.235368
0.235367
0.235366
0.235366
0.235365
0.235365
0.235364
0.235364
0.235363
0.235363
0.235362
0.235362
0.235361
0.23536
0.23536
0.235359
0.235359
0.235358
0.235358
0.235358
0.235357
0.235357
0.235356
0.235356
0.235355
0.235355
0.235355
0.235354
0.235354
0.235353
0.235353
0.235352
0.235352
0.235352
0.235351
0.235351
0.23535
0.23535
0.23535
0.235349
0.235349
0.235349
0.235349
0.235348
0.235348
0.235348
0.235348
0.235347
0.235347
0.235347
0.235347
0.235347
0.235347
0.235347
0.235347
0.235346
0.235346
0.235347
0.235347
0.235347
0.235347
0.235347
0.235347
0.235347
0.235347
0.235347
0.235347
0.235347
0.235347
0.235347
0.235347
0.235347
0.235347
0.235347
0.235347
0.235347
0.235348
0.235348
0.235348
0.235348
0.235348
0.235348
0.235348
0.235348
0.235348
0.235348
0.235348
0.235348
0.235348
0.235349
0.235349
0.235349
0.235349
0.235349
0.235349
0.235349
0.23535
0.23535
0.23535
0.23535
0.23535
0.23535
0.23535
0.235351
0.235351
0.235351
0.235351
0.235351
0.235351
0.235351
0.235351
0.235352
0.235352
0.235352
0.235352
0.235352
0.235352
0.235352
0.235352
0.235353
0.235353
0.235353
0.235353
0.235353
0.235353
0.235353
0.235353
0.235353
0.235354
0.235354
0.235354
0.235354
0.235354
0.235354
0.235355
0.235355
0.235355
0.235355
0.235356
0.235356
0.235356
0.235356
0.235357
0.235357
0.235357
0.235358
0.235358
0.235359
0.235359
0.235359
0.23536
0.23536
0.23536
0.23536
0.235361
0.235361
0.235361
0.235361
0.235362
0.235362
0.235362
0.235362
0.235363
0.235363
0.235363
0.235363
0.235363
0.235364
0.235364
0.235364
0.235364
0.235364
0.235364
0.235365
0.235365
0.235365
0.235365
0.235365
0.235365
0.235366
0.235366
0.235366
0.235366
0.235366
0.235366
0.235367
0.235367
0.235365
0.235365
0.235365
0.235365
0.235367
0.235367
0.235365
0.235367
0.235367
0.235364
0.235364
0.235364
0.235371
0.235371
0.23537
0.23537
0.235377
0.235383
0.235392
0.235398
0.235404
0.235419
0.235427
0.235444
0.235451
0.235459
0.235476
0.235483
0.235483
0.235489
0.235489
0.23549
0.23549
0.23549
0.23548
0.23548
0.235474
0.235475
0.235475
0.235468
0.235471
0.235474
0.235474
0.235469
0.23547
0.235471
0.235472
0.235473
0.235473
0.23548
0.235479
0.23548
0.235489
0.23549
0.235497
0.235506
0.235513
0.235528
0.235537
0.235552
0.235568
0.235591
0.235606
0.235619
0.235645
0.23566
0.235683
0.235707
0.235728
0.235751
0.23577
0.235793
0.235814
0.235837
0.23586
0.235875
0.235898
0.235915
0.235927
0.235944
0.235969
0.235985
0.235999
0.236006
0.236022
0.236036
0.236049
0.236063
0.236078
0.2361
0.236117
0.236131
0.236154
0.236177
0.236208
0.23623
0.236259
0.236299
0.236327
0.236367
0.236396
0.236444
0.236483
0.236522
0.236562
0.236599
0.236639
0.236685
0.236724
0.236773
0.23681
0.23685
0.23689
0.236929
0.236969
0.237009
0.23704
0.23708
0.237114
0.237156
0.237183
0.237216
0.23726
0.237285
0.237323
0.237348
0.237367
0.237394
0.237402
0.237421
0.237437
0.237454
0.23746
0.237468
0.237474
0.237488
0.237494
0.2375
0.237506
0.23752
0.237528
0.237542
0.237556
0.237575
0.237589
0.237608
0.237622
0.237638
0.237665
0.23768
0.237704
0.237721
0.237752
0.237774
0.237797
0.237822
0.237845
0.237874
0.237903
0.237924
0.237951
0.237978
0.238013
0.238041
0.238074
0.238097
0.23813
0.238164
0.238195
0.238229
0.23826
0.2383
0.238331
0.238365
0.238405
0.238446
0.238484
0.238524
0.238551
0.238589
0.238629
0.238665
0.238702
0.23873
0.238767
0.238805
0.238843
0.23887
0.238908
0.238936
0.238973
0.239001
0.239036
0.23907
0.239097
0.239123
0.239156
0.239183
0.239208
0.239234
0.239267
0.239292
0.239315
0.239344
0.239376
0.239405
0.239426
0.239457
0.239486
0.239515
0.239547
0.239574
0.239603
0.23963
0.239665
0.2397
0.239721
0.23975
0.239783
0.239824
0.239858
0.239891
0.239926
0.239961
0.239994
0.240027
0.240058
0.24009
0.240123
0.240156
0.240187
0.240218
0.240247
0.240289
0.240328
0.240359
0.240401
0.240444
0.240485
0.240535
0.240585
0.240638
0.240692
0.240744
0.240795
0.240849
0.240901
0.240954
0.241014
0.24107
0.241123
0.241185
0.241247
0.241317
0.241386
0.241452
0.24152
0.241607
0.241683
0.241766
0.241849
0.241932
0.242027
0.242111
0.242196
0.242295
0.242386
0.242477
0.242573
0.242678
0.242773
0.242875
0.242972
0.243063
0.243146
0.243238
0.243329
0.243412
0.243494
0.243493
0.243492
0.243491
0.24349
0.243489
0.243489
0.243488
0.243487
0.243486
0.243485
0.243485
0.243484
0.243483
0.243482
0.243481
0.24348
0.243479
0.243479
0.243478
0.243477
0.243476
0.243475
0.243474
0.243474
0.243473
0.243472
0.243471
0.24347
0.24347
0.243469
0.243468
0.243468
0.243467
0.243466
0.243466
0.243465
0.243465
0.243464
0.243464
0.243463
0.243463
0.243463
0.243463
0.243463
0.243462
0.243462
0.243462
0.243462
0.243462
0.243463
0.243463
0.243463
0.243463
0.243463
0.243464
0.243464
0.243464
0.243465
0.243465
0.243465
0.243466
0.243466
0.243467
0.243467
0.243468
0.243468
0.243469
0.243469
0.24347
0.24347
0.243471
0.243471
0.243472
0.243472
0.243473
0.243474
0.243474
0.243475
0.243476
0.243476
0.243477
0.243478
0.243478
0.243479
0.24348
0.24348
0.243481
0.243482
0.243482
0.243483
0.243483
0.243484
0.243484
0.243485
0.243485
0.243486
0.243486
0.243487
0.243487
0.243487
0.243488
0.243488
0.243489
0.243489
0.243489
0.24349
0.24349
0.24349
0.243491
0.243491
0.243491
0.243491
0.243492
0.243492
0.243492
0.243492
0.243492
0.243493
0.243493
0.243493
0.243493
0.243493
0.243493
0.243493
0.243493
0.243493
0.243493
0.243493
0.243492
0.243492
0.243492
0.243492
0.243492
0.243491
0.243491
0.24349
0.24349
0.24349
0.243489
0.243489
0.243488
0.243487
0.243487
0.243486
0.243486
0.243485
0.243484
0.243484
0.243483
0.243483
0.243482
0.243481
0.24348
0.24348
0.243479
0.243478
0.243478
0.243477
0.243476
0.243475
0.243475
0.243474
0.243473
0.243472
0.243472
0.243471
0.24347
0.24347
0.243469
0.243468
0.243467
0.243467
0.243466
0.243465
0.243465
0.243464
0.243463
0.243463
0.243462
0.243462
0.243461
0.243461
0.24346
0.24346
0.243459
0.243459
0.243458
0.243458
0.243457
0.243457
0.243456
0.243456
0.243455
0.243455
0.243455
0.243454
0.243454
0.243453
0.243453
0.243452
0.243452
0.243452
0.243451
0.243451
0.24345
0.24345
0.243449
0.243449
0.243449
0.243448
0.243448
0.243447
0.243447
0.243447
0.243446
0.243446
0.243446
0.243445
0.243445
0.243445
0.243445
0.243445
0.243444
0.243444
0.243444
0.243444
0.243444
0.243444
0.243444
0.243444
0.243444
0.243443
0.243443
0.243443
0.243443
0.243443
0.243443
0.243443
0.243443
0.243443
0.243443
0.243443
0.243443
0.243444
0.243444
0.243444
0.243444
0.243444
0.243444
0.243444
0.243445
0.243445
0.243445
0.243445
0.243445
0.243446
0.243446
0.243446
0.243447
0.243447
0.243447
0.243448
0.243448
0.243448
0.243449
0.243449
0.24345
0.24345
0.243451
0.243451
0.243451
0.243452
0.243452
0.243453
0.243453
0.243453
0.243454
0.243454
0.243454
0.243455
0.243455
0.243455
0.243456
0.243456
0.243456
0.243457
0.243457
0.243458
0.243458
0.243458
0.243459
0.243459
0.24346
0.24346
0.243461
0.243461
0.243462
0.243462
0.243463
0.243463
0.243464
0.243464
0.243465
0.243465
0.243466
0.243467
0.243467
0.243468
0.243468
0.243469
0.24347
0.24347
0.243471
0.243472
0.243472
0.243473
0.243474
0.243474
0.243475
0.243476
0.243477
0.243477
0.243478
0.243479
0.24348
0.243481
0.243481
0.243482
0.243483
0.243484
0.243485
0.243486
0.243487
0.243487
0.243488
0.243489
0.24349
0.243491
0.243492
0.243493
0.243493
0.243494
0.243495
0.243496
0.243497
0.243498
0.243499
0.2435
0.243501
0.243502
0.243502
0.243503
0.243504
0.243505
0.243506
0.243507
0.243508
0.243509
0.24351
0.243511
0.243511
0.243512
0.243513
0.243514
0.243515
0.243515
0.243516
0.243517
0.243518
0.243519
0.243519
0.24352
0.243521
0.243521
0.243522
0.243523
0.243524
0.243524
0.243525
0.243526
0.243527
0.243528
0.243528
0.243529
0.24353
0.243531
0.243531
0.243532
0.243533
0.243534
0.243535
0.243535
0.243536
0.243537
0.243538
0.243539
0.243539
0.24354
0.243541
0.243542
0.243543
0.243543
0.243544
0.243545
0.243546
0.243547
0.243548
0.243549
0.243549
0.24355
0.243551
0.243552
0.243553
0.243554
0.243554
0.243555
0.243556
0.243557
0.243558
0.243559
0.243559
0.24356
0.243561
0.243562
0.243563
0.243563
0.243564
0.243565
0.243566
0.243567
0.243567
0.243568
0.243569
0.24357
0.24357
0.243571
0.243572
0.243573
0.243573
0.243574
0.243575
0.243576
0.243576
0.243577
0.243578
0.243579
0.24358
0.243581
0.243582
0.243582
0.243583
0.243584
0.243585
0.243586
0.243587
0.243587
0.243588
0.243589
0.24359
0.243591
0.243592
0.243592
0.243593
0.243594
0.243595
0.243596
0.243596
0.243597
0.243598
0.243599
0.2436
0.243601
0.243602
0.243602
0.243603
0.243604
0.243605
0.243606
0.243607
0.243608
0.243609
0.243609
0.24361
0.243611
0.243612
0.243613
0.243614
0.243615
0.243615
0.243616
0.243617
0.243618
0.243619
0.243619
0.24362
0.243621
0.243622
0.243622
0.243623
0.243624
0.243624
0.243625
0.243626
0.243626
0.243627
0.243627
0.243628
0.243628
0.243629
0.24363
0.24363
0.243631
0.243631
0.243632
0.243632
0.243633
0.243633
0.243634
0.243634
0.243635
0.243635
0.243636
0.243636
0.243637
0.243637
0.243638
0.243638
0.243639
0.243639
0.243632
0.243625
0.243616
0.243607
0.243598
0.243589
0.243578
0.243566
0.243555
0.24354
0.243524
0.243507
0.243491
0.243475
0.243457
0.24344
0.243419
0.243399
0.243378
0.243358
0.243337
0.243316
0.243296
0.243275
0.243252
0.243228
0.243206
0.243183
0.24316
0.243136
0.243115
0.24309
0.243068
0.243042
0.24302
0.242998
0.242978
0.24296
0.242942
0.242925
0.242907
0.242895
0.242878
0.242868
0.242856
0.242851
0.242843
0.242836
0.242831
0.242829
0.242824
0.24282
0.242814
0.24281
0.242808
0.242802
0.242798
0.242793
0.242789
0.242783
0.242778
0.242772
0.24277
0.242764
0.242764
0.242758
0.242758
0.242756
0.242753
0.242752
0.242757
0.242757
0.242759
0.242766
0.242766
0.242767
0.242769
0.242774
0.242776
0.24278
0.242782
0.242781
0.242784
0.242786
0.24279
0.242794
0.2428
0.242807
0.242813
0.242819
0.242825
0.24283
0.242841
0.242849
0.24286
0.242868
0.242881
0.242891
0.242899
0.242915
0.242924
0.242934
0.242944
0.242951
0.242956
0.242966
0.242974
0.242981
0.242989
0.242999
0.243007
0.243015
0.243018
0.243024
0.243028
0.243029
0.243033
0.243035
0.243037
0.243036
0.243038
0.243041
0.243041
0.24304
0.243039
0.243039
0.243038
0.243038
0.24304
0.24304
0.243039
0.243039
0.243038
0.24304
0.24304
0.243039
0.243038
0.243038
0.24304
0.24304
0.243039
0.243042
0.243043
0.243044
0.243047
0.243049
0.243052
0.243054
0.243056
0.243061
0.243062
0.243065
0.243064
0.243066
0.243066
0.243068
0.243068
0.243067
0.243066
0.243063
0.243057
0.243056
0.243055
0.243047
0.243046
0.243041
0.243035
0.24303
0.243023
0.24302
0.24301
0.243003
0.242991
0.242979
0.242966
0.242955
0.242938
0.242929
0.242915
0.242901
0.242888
0.24287
0.242855
0.242842
0.242825
0.242808
0.242793
0.242778
0.242765
0.24275
0.242737
0.242722
0.242711
0.242698
0.242685
0.242676
0.242661
0.242648
0.242634
0.242621
0.242609
0.242596
0.242584
0.242571
0.242558
0.242545
0.242535
0.242522
0.242512
0.242505
0.242496
0.242488
0.242481
0.242474
0.242471
0.242469
0.242462
0.24246
0.242462
0.242463
0.242464
0.24247
0.242474
0.242483
0.242492
0.242503
0.242513
0.242524
0.242538
0.242548
0.242562
0.242577
0.242593
0.24261
0.242626
0.242644
0.242656
0.242674
0.242688
0.2427
0.242715
0.242725
0.242734
0.242747
0.242754
0.242767
0.242774
0.242783
0.242788
0.242796
0.242804
0.242812
0.242823
0.24283
0.242839
0.242844
0.242853
0.242859
0.242871
0.24288
0.242889
0.242897
0.242906
0.242915
0.242926
0.242934
0.242945
0.242958
0.242969
0.24298
0.242991
0.243002
0.24301
0.243018
0.243027
0.243035
0.243044
0.24305
0.243056
0.243063
0.243069
0.243075
0.24308
0.243086
0.243087
0.243094
0.243098
0.243103
0.243104
0.243108
0.243112
0.243114
0.243119
0.243121
0.243122
0.243124
0.243124
0.243126
0.243128
0.243127
0.24313
0.243129
0.243129
0.243131
0.243131
0.243133
0.243133
0.243135
0.243137
0.243139
0.243144
0.243146
0.243152
0.243154
0.243161
0.243165
0.243169
0.243177
0.243183
0.243189
0.243197
0.243205
0.243211
0.24322
0.243225
0.243233
0.243242
0.243247
0.243255
0.243263
0.243272
0.24328
0.243283
0.243289
0.243297
0.243305
0.243312
0.243323
0.243328
0.243335
0.243345
0.24335
0.243357
0.243364
0.243375
0.243381
0.243388
0.243398
0.243404
0.243411
0.243421
0.243427
0.243434
0.243442
0.243448
0.243452
0.243456
0.243462
0.243468
0.243473
0.243475
0.243478
0.243485
0.243489
0.243492
0.243496
0.2435
0.243505
0.243511
0.243522
0.243529
0.243538
0.243543
0.24355
0.243561
0.243572
0.243581
0.243592
0.243601
0.24361
0.243619
0.243625
0.243629
0.243637
0.243648
0.243657
0.243668
0.24367
0.243679
0.243683
0.24369
0.243694
0.243699
0.243702
0.243705
0.243703
0.243707
0.24371
0.243717
0.243719
0.24372
0.243724
0.243728
0.243732
0.243733
0.243731
0.243731
0.243732
0.243735
0.243736
0.243735
0.243733
0.243726
0.243725
0.243723
0.243716
0.243713
0.243706
0.243705
0.243696
0.243689
0.243688
0.24368
0.243671
0.243665
0.243656
0.24365
0.243647
0.243635
0.243628
0.243624
0.243617
0.243606
0.243603
0.243596
0.243589
0.243586
0.243576
0.243577
0.243567
0.243565
0.243563
0.243553
0.243551
0.243553
0.243549
0.243547
0.243546
0.243545
0.243543
0.243545
0.243546
0.243549
0.243548
0.243549
0.243549
0.243552
0.243556
0.243553
0.243555
0.243546
0.24354
0.24354
0.243536
0.24353
0.243526
0.243517
0.243514
0.243505
0.243501
0.243492
0.243491
0.243488
0.243487
0.243483
0.243481
0.243481
0.243478
0.243477
0.243473
0.243466
0.243461
0.243457
0.243453
0.243446
0.243437
0.24343
0.243423
0.243422
0.243418
0.24342
0.243414
0.243412
0.24341
0.243403
0.2434
0.243399
0.243392
0.243387
0.243383
0.243375
0.243368
0.243361
0.243358
0.243351
0.243347
0.243345
0.243339
0.243335
0.243333
0.243325
0.243319
0.24331
0.243305
0.243302
0.243294
0.24329
0.24328
0.243275
0.243271
0.243267
0.24326
0.243259
0.243255
0.243248
0.243244
0.243242
0.243234
0.243231
0.243229
0.243226
0.243225
0.243221
0.243224
0.243227
0.243225
0.243228
0.243233
0.243233
0.243234
0.243241
0.243241
0.243244
0.243251
0.243258
0.243262
0.243264
0.243268
0.243271
0.243271
0.24328
0.243278
0.243283
0.243279
0.243283
0.243284
0.243288
0.243289
0.243293
0.2433
0.243307
0.243314
0.243324
0.243322
0.243331
0.243329
0.243336
0.243336
0.243332
0.243327
0.243322
0.243317
0.24331
0.243303
0.243294
0.243289
0.243283
0.243281
0.243273
0.24326
0.243253
0.243245
0.243236
0.243229
0.243216
0.243207
0.243198
0.24319
0.243179
0.243172
0.243161
0.243156
0.243149
0.243144
0.243138
0.243133
0.243127
0.243119
0.243115
0.243108
0.243104
0.243095
0.243088
0.243081
0.243075
0.24307
0.243062
0.243056
0.243046
0.24304
0.243033
0.243026
0.243017
0.243008
0.242999
0.242994
0.242987
0.242987
0.242983
0.242971
0.242972
0.242973
0.242975
0.242984
0.242989
0.242996
0.243007
0.243018
0.243027
0.24304
0.243053
0.243069
0.243089
0.243102
0.243122
0.243142
0.243167
0.243192
0.243217
0.243242
0.243267
0.243297
0.243327
0.243357
0.24338
0.243409
0.243437
0.243467
0.243496
0.243528
0.243558
0.243586
0.24362
0.24365
0.243678
0.243712
0.243743
0.243773
0.243807
0.243838
0.243871
0.243901
0.243932
0.243958
0.243989
0.244022
0.244045
0.244076
0.244102
0.244123
0.244154
0.244176
0.244201
0.24422
0.244247
0.244269
0.244292
0.244311
0.244338
0.244364
0.244383
0.244407
0.244433
0.24446
0.244483
0.24451
0.244533
0.24456
0.244586
0.244613
0.244642
0.244668
0.244692
0.244713
0.244739
0.244769
0.244791
0.244818
0.244847
0.244871
0.244901
0.244927
0.244954
0.244978
0.245002
0.245024
0.245048
0.245073
0.245098
0.245119
0.245139
0.24516
0.24518
0.245202
0.245221
0.24524
0.24526
0.245277
0.245294
0.245315
0.245332
0.245344
0.245361
0.245377
0.245389
0.245406
0.245418
0.245432
0.245442
0.245456
0.245473
0.245485
0.245499
0.245513
0.245523
0.245559
0.245574
0.245594
0.24561
0.245627
0.245642
0.245658
0.245673
0.24569
0.245709
0.245721
0.245743
0.245761
0.245778
0.245797
0.245817
0.245832
0.245854
0.245871
0.245891
0.245913
0.24593
0.245947
0.245967
0.245988
0.246011
0.246033
0.24605
0.246066
0.246081
0.246105
0.246122
0.246139
0.246158
0.246175
0.246198
0.246212
0.246229
0.246245
0.24626
0.246276
0.246289
0.246301
0.246309
0.246323
0.246331
0.246346
0.246353
0.246363
0.246374
0.246377
0.246387
0.246394
0.2464
0.246403
0.246408
0.246411
0.246412
0.246415
0.246411
0.246406
0.246406
0.246397
0.246397
0.246394
0.246384
0.24638
0.246375
0.246365
0.246355
0.246348
0.246335
0.246332
0.246322
0.246315
0.246308
0.246301
0.246294
0.246289
0.246279
0.24627
0.246262
0.246257
0.246255
0.246247
0.246245
0.246246
0.246237
0.246234
0.24623
0.246232
0.246228
0.246225
0.246224
0.246227
0.246224
0.246225
0.246227
0.246228
0.246229
0.24623
0.246231
0.24624
0.246246
0.246247
0.246253
0.246262
0.246264
0.246273
0.246282
0.246289
0.2463
0.246312
0.246322
0.246336
0.246348
0.246363
0.24638
0.246389
0.246407
0.246421
0.246436
0.246448
0.246458
0.246473
0.246482
0.246497
0.2465
0.246501
0.246513
0.246517
0.246521
0.246523
0.24652
0.246521
0.246518
0.246517
0.246513
0.246509
0.246507
0.246499
0.246494
0.246491
0.246483
0.246478
0.246475
0.246469
0.24647
0.246467
0.246461
0.24646
0.246464
0.246462
0.246459
0.246458
0.246463
0.24646
0.246459
0.246466
0.246465
0.246467
0.246468
0.246467
0.246463
0.246462
0.246463
0.246461
0.246462
0.246458
0.246456
0.246457
0.246458
0.246454
0.246455
0.246451
0.246447
0.24645
0.246455
0.246456
0.246458
0.246462
0.246464
0.246471
0.246473
0.246475
0.246482
0.246489
0.246494
0.246506
0.246514
0.246516
0.246519
0.246527
0.246536
0.246538
0.246543
0.246553
0.246555
0.246557
0.246565
0.246567
0.246569
0.246574
0.246579
0.246581
0.246586
0.246595
0.246603
0.246605
0.24661
0.246623
0.246629
0.246634
0.246636
0.246646
0.246649
0.246651
0.246659
0.246661
0.246662
0.246676
0.246679
0.246682
0.246685
0.246691
0.246689
0.246687
0.246693
0.246691
0.246696
0.246694
0.246693
0.246695
0.246697
0.246702
0.246704
0.246703
0.246702
0.246704
0.246708
0.246711
0.246712
0.246711
0.246706
0.246707
0.246712
0.24671
0.24671
0.246699
0.246693
0.246688
0.246683
0.246672
0.246667
0.246659
0.246649
0.246634
0.246624
0.246614
0.246609
0.246605
0.246598
0.246591
0.246584
0.246582
0.246583
0.246583
0.246576
0.246578
0.246571
0.246572
0.246568
0.246572
0.246576
0.246583
0.246588
0.246591
0.246591
0.246598
0.246607
0.246617
0.246622
0.246631
0.246633
0.246643
0.24665
0.24666
0.24667
0.246673
0.246678
0.246683
0.246691
0.246693
0.246701
0.246712
0.246717
0.24672
0.246722
0.24673
0.246736
0.246744
0.246756
0.246764
0.246778
0.246778
0.24679
0.246799
0.246811
0.246819
0.246821
0.246833
0.246836
0.246846
0.246854
0.246858
0.246865
0.246874
0.246875
0.246874
0.246884
0.246888
0.24689
0.246902
0.246915
0.246922
0.246934
0.246945
0.246954
0.246964
0.246976
0.246983
0.24699
0.247003
0.247015
0.247025
0.247036
0.247046
0.247059
0.247073
0.247086
0.2471
0.247117
0.247125
0.247134
0.247144
0.247155
0.24717
0.247181
0.24719
0.247201
0.247213
0.247221
0.247224
0.247233
0.247235
0.247243
0.24724
0.247249
0.247254
0.247256
0.247259
0.247261
0.247262
0.247267
0.247267
0.247268
0.247277
0.247286
0.247286
0.247295
0.247299
0.247307
0.247315
0.247328
0.247334
0.247346
0.247353
0.247354
0.247364
0.247368
0.247372
0.247375
0.247379
0.24738
0.247387
0.247382
0.247386
0.247387
0.247388
0.247386
0.247384
0.247379
0.247377
0.247373
0.247375
0.247362
0.247366
0.247353
0.247352
0.247345
0.247341
0.247337
0.247338
0.247334
0.247328
0.247331
0.247332
0.247329
0.247328
0.247319
0.247315
0.247301
0.247297
0.247288
0.247282
0.247268
0.247264
0.247259
0.247247
0.247229
0.247229
0.247212
0.247212
0.2472
0.247194
0.247182
0.247179
0.247175
0.247163
0.247158
0.247149
0.247137
0.247131
0.24712
0.247114
0.247091
0.247091
0.24708
0.247083
0.247081
0.247081
0.247079
0.247081
0.247085
0.247088
0.247086
0.247083
0.247078
0.247072
0.247072
0.247078
0.247076
0.247079
0.247082
0.247079
0.247078
0.247087
0.24709
0.247095
0.247101
0.24711
0.247112
0.247112
0.247118
0.247118
0.247118
0.247118
0.24712
0.247119
0.247116
0.247119
0.247119
0.247124
0.247127
0.247132
0.247132
0.247137
0.24714
0.247148
0.247151
0.247153
0.24715
0.247151
0.247153
0.247159
0.247155
0.247158
0.247151
0.247157
0.247162
0.247161
0.247155
0.247155
0.247156
0.247155
0.247145
0.247141
0.247137
0.247127
0.247123
0.24712
0.247119
0.247112
0.247109
0.247105
0.247095
0.247091
0.247082
0.247075
0.247071
0.247067
0.247062
0.247057
0.247059
0.247057
0.247053
0.247055
0.247053
0.247049
0.247047
0.247042
0.247034
0.247027
0.247025
0.247017
0.247009
0.247001
0.247002
0.247
0.246989
0.24699
0.246991
0.246982
0.246971
0.246962
0.24696
0.246954
0.24694
0.246935
0.246933
0.246924
0.246923
0.246921
0.246918
0.246919
0.246917
0.246908
0.246913
0.246913
0.246914
0.246905
0.246899
0.246894
0.246887
0.246887
0.246887
0.246894
0.246891
0.246901
0.246907
0.246913
0.246913
0.246919
0.246929
0.246938
0.246948
0.246951
0.246957
0.246964
0.24698
0.246985
0.247008
0.247021
0.247037
0.24706
0.247083
0.247112
0.247125
0.247154
0.247176
0.247202
0.247221
0.247251
0.24727
0.247289
0.247309
0.247334
0.247361
0.24739
0.24742
0.247453
0.247472
0.247505
0.247545
0.247574
0.2476
0.247623
0.247648
0.247674
0.247696
0.247715
0.247733
0.247759
0.247775
0.247793
0.247815
0.247833
0.247851
0.247863
0.247884
0.247906
0.247914
0.247939
0.247953
0.247968
0.24798
0.247991
0.248016
0.248027
0.248033
0.248048
0.248064
0.248076
0.248089
0.248091
0.2481
0.248116
0.248135
0.248148
0.24817
0.248176
0.248198
0.248211
0.248233
0.248259
0.248278
0.24829
0.248319
0.248339
0.248359
0.248385
0.248398
0.248418
0.248438
0.248447
0.248463
0.24848
0.2485
0.248512
0.248525
0.248542
0.248555
0.248571
0.24859
0.248603
0.248612
0.248632
0.248641
0.248655
0.248675
0.248695
0.248708
0.248718
0.248731
0.248741
0.248755
0.248768
0.248784
0.248794
0.248814
0.248831
0.248852
0.248869
0.248882
0.248903
0.248933
0.24895
0.248971
0.248996
0.249016
0.249044
0.249069
0.249094
0.249115
0.249137
0.249158
0.249176
0.249194
0.249215
0.249237
0.249259
0.249281
0.249298
0.249324
0.249342
0.24937
0.249385
0.24941
0.249431
0.249456
0.249481
0.249503
0.249521
0.249539
0.24957
0.249599
0.249624
0.249642
0.249657
0.249671
0.249689
0.2497
0.249718
0.24974
0.249758
0.249776
0.249777
0.249792
0.24981
0.249827
0.249845
0.249859
0.249873
0.249897
0.249915
0.249936
0.24995
0.249975
0.249993
0.250007
0.250022
0.250036
0.250047
0.250061
0.250079
0.25009
0.250104
0.250122
0.250137
0.250148
0.250162
0.250169
0.25018
0.250187
0.250198
0.250208
0.250212
0.250219
0.250233
0.250239
0.250242
0.250249
0.250252
0.250248
0.250259
0.250261
0.250271
0.250277
0.25028
0.250293
0.250307
0.250309
0.250326
0.250343
0.250366
0.25038
0.250386
0.250395
0.250419
0.250436
0.250449
0.250451
0.250453
0.250463
0.250476
0.25049
0.250496
0.250505
0.250504
0.250517
0.250527
0.250536
0.250549
0.25057
0.250576
0.250586
0.250603
0.250608
0.250625
0.250638
0.25064
0.250646
0.250663
0.250672
0.250682
0.250698
0.250704
0.250724
0.25073
0.250743
0.250756
0.250768
0.250773
0.25079
0.250795
0.250807
0.250816
0.250828
0.250834
0.250839
0.25084
0.250853
0.250858
0.25087
0.250882
0.250886
0.250898
0.250907
0.250927
0.250943
0.250962
0.250977
0.250996
0.251008
0.251034
0.251046
0.251072
0.251088
0.25111
0.251123
0.251146
0.251164
0.25118
0.251202
0.251228
0.251254
0.251272
0.251298
0.251335
0.251357
0.251386
0.25143
0.25146
0.251493
0.251522
0.251555
0.251592
0.251633
0.251666
0.251715
0.251748
0.251789
0.251826
0.251867
0.251904
0.251945
0.25199
0.252042
0.25209
0.252139
0.252191
0.252243
0.252299
0.252347
0.252395
0.252451
0.252492
0.252536
0.252577
0.252625
0.252662
0.252707
0.252743
0.252784
0.252824
0.252865
0.252902
0.252936
0.252977
0.253004
0.253029
0.253062
0.253104
0.253137
0.253164
0.253191
0.253218
0.253244
0.253271
0.253289
0.253317
0.253336
0.253358
0.253384
0.253407
0.25343
0.253459
0.253478
0.253503
0.253521
0.253535
0.253542
0.253564
0.253586
0.2536
0.253615
0.253618
0.253622
0.253629
0.253625
0.253629
0.253633
0.253633
0.253633
0.25363
0.253626
0.253619
0.253612
0.253604
0.253604
0.2536
0.253589
0.253589
0.253585
0.253577
0.253577
0.253569
0.253557
0.253542
0.253538
0.253538
0.253522
0.253522
0.253525
0.253521
0.253532
0.253539
0.253546
0.253553
0.253559
0.253566
0.253573
0.253582
0.253589
0.253595
0.253593
0.253602
0.253603
0.253609
0.253618
0.253623
0.253624
0.253637
0.253642
0.253639
0.253651
0.253644
0.253642
0.253635
0.25362
0.253617
0.253602
0.25359
0.253571
0.25356
0.253537
0.253524
0.253516
0.253501
0.253479
0.253468
0.253449
0.253426
0.253411
0.25338
0.253357
0.253338
0.253316
0.253292
0.253277
0.253261
0.253242
0.253212
0.253184
0.253169
0.25316
0.253144
0.253128
0.253127
0.253117
0.253116
0.253115
0.253113
0.253104
0.25311
0.253104
0.253102
0.253093
0.253094
0.253091
0.253085
0.253082
0.253083
0.25308
0.253076
0.253077
0.253081
0.253085
0.253092
0.253089
0.253093
0.2531
0.253092
0.253107
0.253111
0.25311
0.253118
0.253118
0.253118
0.253125
0.253128
0.253124
0.253123
0.25313
0.253133
0.25314
0.253146
0.25316
0.25317
0.25318
0.253198
0.253216
0.253241
0.253254
0.253275
0.2533
0.253321
0.25335
0.253367
0.253395
0.253424
0.253444
0.253473
0.253506
0.253534
0.253559
0.253594
0.253623
0.253658
0.253683
0.253715
0.253747
0.253783
0.253819
0.253843
0.253876
0.253908
0.25394
0.253969
0.253994
0.254027
0.254059
0.254088
0.254113
0.254142
0.254171
0.254199
0.25424
0.254265
0.254297
0.254326
0.254355
0.25438
0.254409
0.254438
0.254455
0.254485
0.254513
0.254543
0.254557
0.254586
0.254608
0.25463
0.254655
0.254676
0.254701
0.254727
0.254756
0.254777
0.254806
0.254835
0.254864
0.2549
0.254926
0.254947
0.254973
0.255002
0.255043
0.255068
0.255094
0.255115
0.255137
0.255163
0.255188
0.25521
0.255233
0.255258
0.255273
0.255299
0.255313
0.255335
0.25535
0.255375
0.25539
0.255412
0.255426
0.255448
0.255462
0.255477
0.255491
0.255513
0.255543
0.255561
0.255583
0.25561
0.255632
0.255662
0.255685
0.255707
0.255726
0.255748
0.255774
0.2558
0.255823
0.255849
0.255867
0.255893
0.255923
0.25595
0.255979
0.256014
0.256032
0.256066
0.256088
0.256111
0.25614
0.256159
0.256181
0.256199
0.256214
0.256241
0.256255
0.256274
0.256296
0.25631
0.256322
0.256332
0.256343
0.256357
0.256378
0.256389
0.256399
0.256413
0.256419
0.256426
0.256436
0.256442
0.256448
0.256466
0.256472
0.256474
0.256488
0.256502
0.256508
0.256514
0.256524
0.256534
0.256535
0.256545
0.25656
0.256573
0.256588
0.256597
0.256618
0.256627
0.256641
0.256654
0.256663
0.25668
0.256694
0.25671
0.256727
0.25674
0.256762
0.256778
0.256795
0.256804
0.256829
0.256845
0.256874
0.256899
0.256932
0.256964
0.256985
0.257025
0.257053
0.257081
0.257109
0.257138
0.257166
0.257202
0.257222
0.257262
0.257287
0.257311
0.257343
0.257371
0.257395
0.257427
0.257455
0.257472
0.257503
0.257531
0.25757
0.257594
0.257622
0.257654
0.257686
0.257714
0.257745
0.257769
0.257797
0.25782
0.257853
0.257873
0.257896
0.257924
0.257952
0.257975
0.257991
0.258018
0.258041
0.258066
0.258093
0.25812
0.258135
0.258159
0.258186
0.258214
0.258241
0.258265
0.258297
0.258316
0.258344
0.258371
0.25839
0.25841
0.258441
0.258454
0.258473
0.258492
0.2585
0.258508
0.258517
0.258526
0.25853
0.258547
0.258551
0.258556
0.258557
0.258565
0.258574
0.25857
0.258578
0.258587
0.258595
0.258596
0.2586
0.258608
0.258601
0.258601
0.258605
0.258613
0.258609
0.258617
0.258618
0.258618
0.258614
0.258618
0.258618
0.258618
0.258626
0.25863
0.258634
0.258634
0.258642
0.258645
0.258645
0.258652
0.25866
0.258668
0.258675
0.25869
0.258705
0.258713
0.258728
0.258739
0.258747
0.258754
0.258765
0.258777
0.258781
0.258785
0.258792
0.258792
0.258795
0.258795
0.258795
0.258787
0.258783
0.258786
0.258782
0.258781
0.25878
0.258772
0.258776
0.258767
0.258767
0.25877
0.258769
0.258769
0.258776
0.25878
0.258788
0.258799
0.258802
0.258821
0.258829
0.258843
0.258851
0.258866
0.258881
0.258896
0.258907
0.258918
0.258926
0.258941
0.258952
0.258967
0.258978
0.258989
0.258996
0.259011
0.259022
0.25903
0.259041
0.259048
0.259063
0.259066
0.259085
0.259096
0.259099
0.259114
0.25912
0.259135
0.259142
0.259156
0.259163
0.25917
0.259184
0.25919
0.259197
0.259199
0.259206
0.259216
0.259222
0.259221
0.259231
0.259233
0.259243
0.259242
0.259252
0.259261
0.259268
0.259278
0.259283
0.259297
0.259311
0.259317
0.259335
0.259349
0.259354
0.259368
0.259386
0.2594
0.259417
0.259427
0.259444
0.259458
0.259468
0.259482
0.259507
0.259516
0.25953
0.259544
0.259557
0.259579
0.259588
0.259606
0.259615
0.259629
0.259638
0.259648
0.259658
0.259663
0.259669
0.259671
0.259672
0.259674
0.259676
0.259674
0.259672
0.259678
0.259676
0.259674
0.259672
0.25967
0.259676
0.259674
0.259672
0.259674
0.259672
0.259674
0.259668
0.25967
0.259672
0.259667
0.259665
0.259663
0.259657
0.259655
0.25965
0.259648
0.259643
0.259637
0.259632
0.259618
0.259609
0.259604
0.259594
0.259589
0.25958
0.259566
0.259557
0.259544
0.259535
0.259526
0.259505
0.259496
0.259479
0.25947
0.259453
0.259439
0.259427
0.259413
0.259396
0.259384
0.25937
0.259353
0.259336
0.259324
0.259307
0.259293
0.259287
0.259278
0.259269
0.259252
0.259242
0.259233
0.259227
0.259218
0.259204
0.259203
0.259193
0.259187
0.259189
0.259195
0.259189
0.259188
0.259186
0.259191
0.259201
0.259207
0.259201
0.25921
0.259212
0.259221
0.259223
0.259232
0.259242
0.259247
0.259256
0.259261
0.259263
0.259264
0.259266
0.259259
0.259264
0.259265
0.259258
0.259256
0.259249
0.259254
0.259248
0.259241
0.259243
0.259244
0.259234
0.259243
0.25924
0.259238
0.259235
0.259228
0.259229
0.259234
0.259224
0.259222
0.259211
0.259205
0.259194
0.25918
0.259174
0.259159
0.259148
0.259141
0.259131
0.259128
0.259121
0.259118
0.25911
0.2591
0.259089
0.259081
0.259066
0.259067
0.25906
0.259053
0.259045
0.259042
0.259035
0.259027
0.259039
0.25904
0.259036
0.25904
0.259037
0.259033
0.259026
0.259025
0.259017
0.259006
0.258998
0.258982
0.258976
0.258964
0.258944
0.258939
0.258931
0.258927
0.258922
0.258913
0.258904
0.258907
0.258901
0.258896
0.258891
0.258882
0.258884
0.258868
0.258863
0.25887
0.258873
0.258882
0.258881
0.25889
0.258895
0.258899
0.258888
0.258894
0.258884
0.258885
0.258871
0.258857
0.258843
0.258841
0.258831
0.258818
0.258807
0.258789
0.258778
0.25876
0.258749
0.258726
0.258696
0.258677
0.258655
0.258632
0.258606
0.25858
0.258553
0.258534
0.258507
0.258481
0.258465
0.258439
0.258412
0.258389
0.258366
0.258332
0.258309
0.258276
0.258245
0.258218
0.258194
0.25816
0.258121
0.258082
0.258047
0.25802
0.257989
0.257954
0.257919
0.257884
0.257846
0.257811
0.257768
0.257736
0.257693
0.257658
0.257612
0.257573
0.257516
0.257473
0.257426
0.257375
0.257324
0.257285
0.257246
0.257198
0.257167
0.257112
0.257065
0.257022
0.256983
0.256935
0.256899
0.256878
0.256846
0.256829
0.2568
0.256768
0.256732
0.256712
0.256676
0.256644
0.256627
0.25661
0.256597
0.256587
0.256574
0.256557
0.256543
0.256522
0.256501
0.25648
0.256459
0.256442
0.25645
0.256429
0.256418
0.256401
0.256387
0.256351
0.256333
0.2563
0.256279
0.256258
0.256248
0.256237
0.256231
0.256221
0.256207
0.256189
0.256164
0.256146
0.256132
0.256122
0.256115
0.256111
0.256103
0.256097
0.256075
0.256057
0.256039
0.256026
0.256016
0.256002
0.256002
0.255994
0.255987
0.255994
0.255994
0.255979
0.255983
0.255972
0.255962
0.255954
0.255947
0.255929
0.255925
0.255925
0.255913
0.25591
0.255892
0.255892
0.255877
0.255866
0.255857
0.255853
0.255849
0.255844
0.255828
0.255824
0.255805
0.255797
0.255785
0.255768
0.255767
0.255751
0.255745
0.255736
0.255727
0.255717
0.255708
0.255692
0.255671
0.255666
0.255657
0.255651
0.255657
0.255663
0.255658
0.255652
0.255643
0.255637
0.255634
0.25562
0.255613
0.255602
0.255585
0.255561
0.255546
0.255526
0.255512
0.255504
0.255493
0.255486
0.255477
0.255463
0.255438
0.25542
0.255399
0.255373
0.255349
0.255334
0.255319
0.255298
0.255276
0.255262
0.25524
0.255222
0.255217
0.255209
0.255195
0.25518
0.25517
0.255143
0.255125
0.255104
0.255099
0.255092
0.255075
0.255067
0.255051
0.255034
0.255019
0.254997
0.254985
0.254974
0.254964
0.254943
0.254924
0.254923
0.254894
0.254875
0.254858
0.254844
0.254839
0.254824
0.254826
0.254824
0.254816
0.254808
0.254815
0.25481
0.254815
0.254803
0.2548
0.254792
0.254783
0.254765
0.254764
0.254756
0.254748
0.254742
0.254731
0.254725
0.254706
0.254688
0.254679
0.254664
0.254649
0.25463
0.254619
0.254605
0.25459
0.254585
0.254573
0.254575
0.254573
0.254568
0.254573
0.254571
0.254569
0.254568
0.254564
0.254563
0.254553
0.254545
0.25454
0.254542
0.254544
0.254539
0.25453
0.254523
0.254518
0.254503
0.254489
0.25447
0.254456
0.254444
0.254428
0.254414
0.254403
0.254379
0.254355
0.254328
0.254314
0.254297
0.254276
0.254269
0.254264
0.254257
0.254243
0.254236
0.254222
0.254206
0.254203
0.254186
0.254189
0.254182
0.254184
0.254184
0.254183
0.254176
0.254166
0.254156
0.254146
0.254136
0.254119
0.254119
0.254115
0.254115
0.254109
0.254102
0.254089
0.254085
0.254085
0.254085
0.254084
0.25409
0.254107
0.254113
0.254125
0.254144
0.254153
0.254165
0.254181
0.254199
0.254227
0.254246
0.254264
0.254286
0.254301
0.25432
0.254338
0.254357
0.254378
0.254396
0.25442
0.254433
0.254456
0.254464
0.254476
0.254482
0.254491
0.254496
0.254499
0.25451
0.254542
0.254551
0.25456
0.254577
0.254583
0.254577
0.254575
0.254572
0.254575
0.254578
0.254581
0.254589
0.254599
0.254607
0.254622
0.254637
0.254646
0.254658
0.254661
0.254665
0.254665
0.254665
0.254665
0.254656
0.254651
0.254648
0.254645
0.254633
0.254622
0.254613
0.254593
0.254585
0.254563
0.254546
0.254524
0.254501
0.254481
0.254468
0.254448
0.254435
0.254421
0.254402
0.25438
0.254361
0.254342
0.254323
0.25431
0.254297
0.254287
0.254283
0.254273
0.254269
0.254256
0.254248
0.254241
0.254234
0.254221
0.254217
0.254205
0.254195
0.254182
0.254164
0.25414
0.25413
0.254106
0.254088
0.254068
0.25405
0.254036
0.254021
0.253997
0.253976
0.253953
0.253924
0.253901
0.253872
0.253786
0.253763
0.253737
0.253706
0.253672
0.25365
0.253628
0.253597
0.253566
0.253538
0.25351
0.253471
0.253432
0.253396
0.25337
0.253334
0.253296
0.253267
0.253239
0.253205
0.253172
0.253143
0.253107
0.253071
0.25304
0.253015
0.252978
0.252948
0.252914
0.252883
0.25285
0.252819
0.252791
0.252755
0.252724
0.252699
0.252676
0.252651
0.252623
0.252608
0.252588
0.252573
0.252553
0.252537
0.252517
0.2525
0.25249
0.252475
0.252463
0.25245
0.252443
0.252443
0.252428
0.25242
0.252418
0.252409
0.252407
0.252384
0.252386
0.252378
0.252368
0.252364
0.252363
0.252364
0.252363
0.25237
0.252377
0.252388
0.252388
0.252396
0.252408
0.252417
0.252428
0.252439
0.252454
0.252464
0.252477
0.252486
0.252494
0.252504
0.25251
0.252522
0.252537
0.252544
0.252559
0.252573
0.252588
0.252592
0.252612
0.252625
0.252634
0.252658
0.252678
0.252687
0.252705
0.252719
0.252728
0.252741
0.252749
0.252762
0.252778
0.252794
0.252816
0.252833
0.252842
0.252856
0.252876
0.252891
0.252903
0.252915
0.252923
0.252942
0.252949
0.252961
0.252959
0.252963
0.252958
0.252967
0.252967
0.252972
0.252978
0.25299
0.252998
0.253003
0.253007
0.253013
0.253018
0.253027
0.25303
0.253039
0.253046
0.253049
0.253052
0.253049
0.253049
0.253059
0.253055
0.253057
0.253064
0.253068
0.253068
0.253065
0.253056
0.253057
0.253049
0.253041
0.253043
0.253048
0.253043
0.253042
0.253036
0.253031
0.253029
0.253019
0.253018
0.253012
0.253009
0.253003
0.252995
0.252985
0.252973
0.252961
0.252954
0.252947
0.252938
0.252921
0.25291
0.252892
0.25287
0.252846
0.252819
0.252798
0.252774
0.25275
0.252726
0.252704
0.252684
0.252667
0.252649
0.252632
0.252616
0.252597
0.252585
0.252575
0.252567
0.252566
0.252561
0.252562
0.252556
0.252551
0.252556
0.252557
0.252563
0.252566
0.252577
0.252589
0.252592
0.252601
0.252609
0.252619
0.252641
0.252652
0.252676
0.252693
0.252697
0.252716
0.252732
0.252757
0.252785
0.252813
0.252849
0.252884
0.252924
0.252956
0.252998
0.253032
0.25307
0.253109
0.253152
0.253192
0.253235
0.253275
0.25332
0.253371
0.253419
0.253463
0.253513
0.253558
0.253606
0.253657
0.253708
0.253759
0.253802
0.253849
0.253894
0.253939
0.253987
0.254037
0.254086
0.254129
0.254178
0.254224
0.254269
0.254306
0.254346
0.254381
0.254428
0.254465
0.254504
0.254541
0.254574
0.254603
0.254644
0.254685
0.254719
0.254758
0.254797
0.254844
0.254889
0.25492
0.25495
0.254975
0.255009
0.255033
0.255053
0.255063
0.255066
0.255061
0.255052
0.255033
0.255014
0.254995
0.254974
0.254945
0.254908
0.254866
0.254817
0.254765
0.254705
0.254633
0.254554
0.254472
0.254391
0.254307
0.254211
0.254126
0.254043
0.25396
0.253881
0.253808
0.253739
0.253672
0.253607
0.25355
0.253503
0.253456
0.25342
0.253392
0.253366
0.25335
0.253339
0.253333
0.253334
0.253339
0.253345
0.253362
0.253379
0.2534
0.253422
0.25345
0.253479
0.25351
0.253545
0.253582
0.253622
0.253666
0.253709
0.253752
0.253793
0.253838
0.253881
0.253916
0.25395
0.25398
0.254013
0.254038
0.254066
0.254091
0.254111
0.254128
0.254146
0.254155
0.254163
0.254168
0.254166
0.254166
0.25416
0.254154
0.254148
0.254142
0.254128
0.25412
0.254112
0.254101
0.254097
0.254097
0.254097
0.254097
0.254097
0.254097
0.254097
0.254097
0.254097
0.254097
0.254097
0.254097
0.254097
0.254097
0.254097
0.254097
0.254097
0.254097
0.254097
0.254097
0.254097
0.254097
0.254097
0.254097
0.254097
0.254097
0.254097
0.254097
0.254097
0.254097
0.254097
0.254097
0.254097
0.254097
0.254097
0.254097
0.254097
0.254097
0.254097
0.254097
0.254097
0.254097
0.254097
0.254097
0.254097
0.254097
0.254097
0.254097
0.254097
0.254097
0.254097
0.254097
0.254097
0.254097
0.254097
0.254097
0.254097
0.254097
0.254097
0.254097
0.254097
0.254097
0.254097
0.254097
0.254097
0.254097
0.254097
0.254097
0.254097
0.254097
0.254097
0.254097
0.254097
0.254097
0.254097
0.254097
0.254097
0.254097
0.254097
0.254097
0.254097
0.254097
0.254097
0.254097
0.254097
0.254097
0.254097
0.254097
0.254097
0.254097
0.254097
0.254097
0.254097
0.254097
0.254097
0.254097
0.254097
0.254097
0.254097
0.254097
0.254097
0.254097
0.254097
0.254097
0.254097
0.254097
0.254097
0.254097
0.254097
0.254097
0.254097
0.254097
0.254097
0.254097
0.254097
0.254097
0.254097
0.254097
0.254097
0.254097
0.254097
0.254097
0.254097
0.254097
0.254097
0.254097
0.254097
0.254097
0.254097
0.254097
0.254097
0.254097
0.254097
0.254097
0.254097
0.254097
0.254097
0.254097
0.254097
0.254097
0.254097
0.254097
0.254097
0.254097
0.254097
0.254097
0.254097
0.254097
0.254097
0.254097
0.254097
0.254097
0.254097
0.254097
0.254097
0.254097
0.254097
0.254097
0.254097
0.254097
0.254097
0.254097
0.254097
0.254097
0.254097
0.254097
0.254097
0.254097
0.254097
0.254097
0.254097
0.254097
0.254097
0.254097
0.254097
0.254097
0.254097
0.254097
0.254097
0.254097
0.254097
0.254097
0.254097
0.254097
0.254097
0.254097
0.254097
0.254097
0.254097
0.254097
0.254097
0.254097
0.254097
0.254097
0.254097
0.254097
0.254097
0.254097
0.254097
0.254097
0.254097
0.254097
0.254097
0.254097
0.254097
0.254097
0.254097
0.254097
0.254097
0.254097
0.254097
0.254097
0.254097
0.254097
0.254097
0.254097
0.254097
0.254097
0.254097
0.254097
0.254097
0.254097
0.254097
0.254097
0.254097
0.254097
0.254097
0.254097
0.254097
0.254097
0.254097
0.254097
0.254097
0.254097
0.254097
0.254097
0.254097
0.254097
0.254097
0.254097
0.254097
0.254097
0.254097
0.254097
0.254097
0.254097
0.254097
0.254097
0.254097
0.254097
0.254097
0.254097
0.254097
0.254097
0.254097
0.254097
0.254097
0.254097
0.254097
0.254097
0.254097
0.254097
0.254097
0.254097
0.254097
0.254097
0.254097
0.254097
0.254097
0.254097
0.254097
0.254097
0.254097
0.254097
0.254097
0.254097
0.254097
0.254097
0.254097
0.254097
0.254097
0.254097
0.254097
0.254097
0.254097
0.254097
0.254097
0.254097
0.254097
0.254097
0.254097
0.254097
0.254097
0.254097
0.254097
0.254097
0.254097
0.254097
0.254097
0.254097
0.254097
0.254097
0.254097
0.254097
0.254097
0.254097
0.254097
0.254097
0.254097
0.254097
0.254097
0.254097
0.254097
0.254097
0.254097
0.254097
0.254097
0.254097
0.254097
0.254097
0.254097
0.254097
0.254097
0.254097
0.254097
0.254097
0.254097
0.254097
0.254097
0.254097
0.254097
0.254097
0.254097
0.254097
0.254097
0.254097
0.254097
0.254097
0.254097
0.254097
0.254097
0.254097
0.254097
0.254097
0.254097
0.254097
0.254097
0.254097
0.254097
0.254097
0.254097
0.254097
0.254097
0.254097
0.254097
0.254097
0.254097
0.254097
0.254097
0.254097
0.254097
0.254097
0.254097
0.254097
0.254097
0.254097
0.254097
0.254097
0.254097
0.254097
0.254097
0.254097
0.254097
0.254097
0.254097
0.254097
0.254097
0.254097
0.254097
0.254097
0.254097
0.254097
0.254097
0.254097
0.254097
0.254097
0.254097
0.254097
0.254097
0.254097
0.254097
0.254097
0.254097
0.254097
0.254097
0.254097
0.254097
0.254097
0.254097
0.254097
0.254097
0.254097
0.254097
0.254097
0.254097
0.254097
0.254097
0.254097
0.254097
0.254097
0.254097
0.254097
0.254097
0.254097
0.254097
0.254097
0.254097
0.254097
0.254097
0.254097
0.254097
0.254097
0.254097
0.254097
0.254097
0.254097
0.254097
0.254097
0.254097
0.254097
0.254097
0.254097
0.254097
0.254097
0.254097
0.254097
0.254097
0.254097
0.254097
0.254097
0.254097
0.254097
0.254097
0.254097
0.254097
0.254097
0.254097
0.254097
0.254097
0.254097
0.254097
0.254097
0.254097
0.254097
0.254097
0.254097
0.254097
0.254097
0.254097
0.254097
0.254097
0.254097
0.254097
0.254097
0.254097
0.254097
0.254097
0.254097
0.254097
0.254097
0.254097
0.254097
0.254097
0.254097
0.254097
0.254097
0.254097
0.254097
0.254097
0.254097
0.254097
0.254097
0.254097
0.254097
0.254097
0.254097
0.254097
0.254097
0.254097
0.254097
0.254097
0.254097
0.254097
0.254097
0.254097
0.254097
0.254097
0.254097
0.254097
0.254097
0.254097
0.254097
0.254097
0.254097
0.254097
0.254097
0.254097
0.254097
0.254097
0.254097
0.254097
0.254097
0.254097
0.254097
0.254097
0.254097
0.254097
0.254097
0.254097
0.254097
0.254097
0.254097
0.254097
0.254097
0.254097
0.254097
0.254097
0.254097
0.254097
0.254097
0.254097
0.254097
0.254097
0.254097
0.254097
0.254097
0.254097
0.254097
0.254097
0.254097
0.254097
0.254097
0.254097
0.254097
0.254097
0.254097
0.254097
0.254097
0.254097
0.254097
0.254097
0.254097
0.254097
0.254097
0.254097
0.254097
0.254097
0.254097
0.254097
0.254097
0.254097
0.254097
0.254097
0.254097
0.254097
0.254097
0.254097
0.254097
0.254097
0.254097
0.254097
0.254097
0.254097
0.254097
0.254097
0.254097
0.254097
0.254097
0.254097
0.254097
0.254097
0.254097
0.254097
0.254097
0.254097
0.254097
0.254097
0.254097
0.254097
0.254097
0.254097
0.254097
0.254097
0.254097
0.254097
0.254097
0.254097
0.254097
0.254097
0.254097
0.254097
0.254097
0.254097
0.254097
0.254097
0.254097
0.254097
0.254097
0.254097
0.254097
0.254097
0.254097
0.254097
0.254097
0.254097
0.254097
0.254097
0.254097
0.254097
0.254097
0.254097
0.254097
0.254097
0.254097
0.254097
0.254097
0.254097
0.254097
0.254097
0.254097
0.254097
0.254097
0.254097
0.254097
0.254097
0.254097
0.254097
0.254097
0.254097
0.254097
0.254097
0.254097
0.254097
0.254097
0.254097
0.254097
0.254097
0.254097
0.254097
0.254097
0.254097
0.254097
0.254097
0.254097
0.254097
0.254097
0.254097
0.254097
0.254097
0.254097
0.254097
0.254097
0.254097
0.254097
0.254097
0.254097
0.254097
0.254097
0.254097
0.254097
0.254097
0.254097
0.254097
0.254097
0.254097
0.254097
0.254097
0.254097
0.254097
0.254097
0.254097
0.254097
0.254097
0.254097
0.254097
0.254097
0.254097
0.254097
0.254097
0.254097
0.254097
0.254097
0.254097
0.254097
0.254097
0.254097
0.254097
0.254097
0.254097
0.254097
0.254097
0.254097
