0.304211
0.304211
0.304211
0.304211
0.304211
0.304211
0.304211
0.304211
0.304211
0.304211
0.304211
0.304211
0.304212
0.304212
0.304212
0.304212
0.304212
0.304212
0.304212
0.304212
0.304213
0.304213
0.304213
0.304213
0.304213
0.304213
0.304214
0.304214
0.304214
0.304214
0.304214
0.304215
0.304215
0.304215
0.304215
0.304215
0.304216
0.304216
0.304216
0.304216
0.304216
0.304217
0.304217
0.304217
0.304217
0.304217
0.304217
0.304217
0.304218
0.304218
0.304218
0.304218
0.304218
0.304218
0.304218
0.304218
0.304218
0.304218
0.304218
0.304218
0.304218
0.304218
0.304218
0.304218
0.304218
0.304218
0.304218
0.304218
0.304218
0.304218
0.304218
0.304218
0.304218
0.304218
0.304218
0.304218
0.304218
0.304218
0.304217
0.304217
0.304217
0.304217
0.304217
0.304217
0.304217
0.304217
0.304217
0.304217
0.304217
0.304217
0.304216
0.304216
0.304216
0.304216
0.304216
0.304216
0.304216
0.304216
0.304215
0.304215
0.304215
0.304215
0.304215
0.304215
0.304215
0.304214
0.304214
0.304214
0.304214
0.304214
0.304214
0.304214
0.304214
0.304214
0.304213
0.304213
0.304213
0.304213
0.304213
0.304213
0.304213
0.304213
0.304213
0.304213
0.304213
0.304213
0.304213
0.304213
0.304213
0.304213
0.304213
0.304213
0.304213
0.304213
0.304214
0.304214
0.304214
0.304214
0.304214
0.304214
0.304214
0.304214
0.304214
0.304214
0.304214
0.304214
0.304214
0.304214
0.304214
0.304215
0.304215
0.304215
0.304215
0.304215
0.304215
0.304215
0.304215
0.304215
0.304215
0.304215
0.304215
0.304216
0.304216
0.304216
0.304216
0.304216
0.304216
0.304216
0.304216
0.304216
0.304216
0.304216
0.304216
0.304216
0.304216
0.304216
0.304216
0.304216
0.304216
0.304216
0.304216
0.304216
0.304216
0.304216
0.304216
0.304216
0.304216
0.304216
0.304216
0.304216
0.304216
0.304216
0.304216
0.304216
0.304216
0.304216
0.304217
0.304217
0.304217
0.304217
0.304217
0.304217
0.304217
0.304217
0.304217
0.304217
0.304217
0.304217
0.304217
0.304218
0.304218
0.304218
0.304218
0.304218
0.304218
0.304219
0.304219
0.304219
0.304219
0.304219
0.304219
0.30422
0.30422
0.30422
0.30422
0.30422
0.30422
0.30422
0.304221
0.304221
0.304221
0.304221
0.304221
0.304221
0.304221
0.304222
0.304222
0.304222
0.304222
0.304222
0.304222
0.304222
0.304222
0.304222
0.304222
0.304222
0.304222
0.304223
0.304223
0.304223
0.304223
0.304223
0.304223
0.304223
0.304223
0.304223
0.304224
0.304224
0.304224
0.304224
0.304224
0.304224
0.304224
0.304225
0.304225
0.304225
0.304225
0.304225
0.304225
0.304225
0.304225
0.304226
0.304226
0.304226
0.304226
0.304226
0.304226
0.304226
0.304226
0.304226
0.304226
0.304227
0.304227
0.304227
0.304227
0.304227
0.304227
0.304227
0.304228
0.304228
0.304228
0.304228
0.304228
0.304229
0.304229
0.304229
0.304229
0.30423
0.30423
0.30423
0.304231
0.304231
0.304231
0.304231
0.304232
0.304232
0.304232
0.304232
0.304233
0.304233
0.304233
0.304233
0.304233
0.304234
0.304234
0.304234
0.304234
0.304234
0.304234
0.304234
0.304235
0.304235
0.304235
0.304235
0.304235
0.304235
0.304235
0.304236
0.304236
0.304236
0.304236
0.304236
0.304236
0.304236
0.304236
0.304237
0.304237
0.304237
0.304237
0.304237
0.304237
0.304238
0.304238
0.304238
0.304238
0.304238
0.304238
0.304239
0.304239
0.304239
0.304239
0.304239
0.30424
0.30424
0.30424
0.30424
0.30424
0.304241
0.304241
0.304241
0.304241
0.304242
0.304242
0.304242
0.304242
0.304242
0.304242
0.304243
0.304243
0.304243
0.304243
0.304243
0.304243
0.304244
0.304244
0.304244
0.304244
0.304244
0.304244
0.304244
0.304244
0.304245
0.304245
0.304245
0.304245
0.304245
0.304245
0.304245
0.304245
0.304246
0.304246
0.304246
0.304246
0.304246
0.304246
0.304246
0.304247
0.304247
0.304247
0.304247
0.304247
0.304247
0.304247
0.304247
0.304247
0.304247
0.304247
0.304247
0.304248
0.304248
0.304248
0.304248
0.304248
0.304248
0.304248
0.304248
0.304248
0.304248
0.304248
0.304248
0.304248
0.304248
0.304248
0.304248
0.304248
0.304248
0.304248
0.304249
0.304249
0.304249
0.304249
0.304249
0.304249
0.304249
0.304249
0.304249
0.304249
0.304248
0.304248
0.304248
0.304248
0.304248
0.304248
0.304248
0.304248
0.304248
0.304248
0.304248
0.304247
0.304247
0.304247
0.304247
0.304247
0.304247
0.304246
0.304246
0.304246
0.304246
0.304245
0.304245
0.304245
0.304244
0.304244
0.304244
0.304243
0.304243
0.304243
0.304242
0.304242
0.304241
0.304241
0.30424
0.30424
0.30424
0.304239
0.304238
0.304238
0.304237
0.304237
0.304236
0.304236
0.304235
0.304235
0.304234
0.304234
0.304233
0.304232
0.304232
0.304231
0.304231
0.30423
0.30423
0.304229
0.304228
0.304228
0.304227
0.304227
0.304226
0.304226
0.304225
0.304225
0.304224
0.304224
0.304223
0.304223
0.304222
0.304222
0.304221
0.304221
0.30422
0.30422
0.304219
0.304219
0.304218
0.304218
0.304217
0.304217
0.304216
0.304216
0.304215
0.304215
0.304214
0.304214
0.304213
0.304213
0.304212
0.304212
0.304211
0.304211
0.30421
0.30421
0.304209
0.304209
0.304208
0.304208
0.304207
0.304207
0.304206
0.304206
0.304205
0.304205
0.304204
0.304204
0.304203
0.304203
0.304202
0.304202
0.304201
0.304201
0.3042
0.3042
0.304199
0.304199
0.304199
0.304198
0.304198
0.304197
0.304197
0.304197
0.304196
0.304196
0.304195
0.304195
0.304195
0.304194
0.304194
0.304194
0.304193
0.304071
0.30396
0.30385
0.303732
0.30362
0.303505
0.303389
0.303281
0.303171
0.303071
0.302972
0.302878
0.302781
0.302692
0.302597
0.302517
0.302441
0.302363
0.30227
0.302188
0.302104
0.302031
0.301965
0.301888
0.301814
0.301734
0.30166
0.301589
0.301524
0.301456
0.301378
0.301313
0.301254
0.301204
0.30115
0.301105
0.301038
0.300992
0.300941
0.300898
0.300853
0.300813
0.300773
0.300733
0.300705
0.300677
0.300665
0.300647
0.300621
0.300606
0.300589
0.300583
0.300583
0.300579
0.300577
0.300567
0.300565
0.300588
0.300606
0.300617
0.300611
0.300592
0.300578
0.300585
0.300581
0.300582
0.300572
0.300568
0.300581
0.30059
0.300594
0.300571
0.300554
0.300551
0.300567
0.300577
0.300564
0.300547
0.30054
0.300536
0.300543
0.300533
0.300513
0.300517
0.300514
0.300514
0.3005
0.300465
0.300458
0.300446
0.300442
0.300414
0.300389
0.300368
0.30035
0.300351
0.300306
0.300276
0.300255
0.300222
0.300172
0.300119
0.300109
0.300098
0.300069
0.300014
0.299974
0.299952
0.2999
0.299844
0.299802
0.299761
0.299717
0.299651
0.299581
0.299515
0.299452
0.299396
0.299338
0.299291
0.299237
0.29916
0.299092
0.299029
0.298946
0.298875
0.298811
0.29869
0.298615
0.298552
0.298515
0.298474
0.298437
0.298396
0.298352
0.298307
0.298267
0.298234
0.298212
0.298178
0.298155
0.298114
0.298073
0.298074
0.298074
0.298075
0.298076
0.298076
0.298077
0.298078
0.298079
0.298079
0.29808
0.298081
0.298081
0.298082
0.298083
0.298084
0.298084
0.298085
0.298086
0.298087
0.298088
0.298089
0.29809
0.298091
0.298092
0.298093
0.298094
0.298095
0.298096
0.298097
0.298098
0.298098
0.298099
0.2981
0.298101
0.298101
0.298102
0.298102
0.298103
0.298103
0.298103
0.298104
0.298104
0.298104
0.298104
0.298105
0.298105
0.298105
0.298105
0.298105
0.298105
0.298105
0.298105
0.298105
0.298105
0.298105
0.298105
0.298106
0.298106
0.298106
0.298106
0.298106
0.298106
0.298106
0.298106
0.298106
0.298106
0.298106
0.298106
0.298107
0.298107
0.298107
0.298107
0.298108
0.298108
0.298108
0.298108
0.298109
0.298109
0.298109
0.298109
0.298109
0.298109
0.29811
0.29811
0.29811
0.29811
0.29811
0.29811
0.29811
0.29811
0.29811
0.298109
0.298109
0.298109
0.298109
0.298109
0.298109
0.298109
0.298108
0.298108
0.298108
0.298108
0.298108
0.298107
0.298107
0.298107
0.298107
0.298106
0.298106
0.298106
0.298105
0.298105
0.298105
0.298104
0.298104
0.298104
0.298103
0.298103
0.298102
0.298101
0.298101
0.2981
0.2981
0.298099
0.298099
0.298098
0.298097
0.298097
0.298096
0.298096
0.298095
0.298094
0.298094
0.298093
0.298093
0.298092
0.298091
0.298091
0.29809
0.29809
0.298089
0.298089
0.298088
0.298087
0.298087
0.298086
0.298085
0.298085
0.298084
0.298083
0.298083
0.298082
0.298081
0.29808
0.29808
0.298079
0.298078
0.298077
0.298076
0.298076
0.298075
0.298074
0.298073
0.298072
0.298072
0.298071
0.29807
0.298069
0.298068
0.298068
0.298067
0.298066
0.298065
0.298065
0.298064
0.298063
0.298062
0.298061
0.298061
0.29806
0.298059
0.298058
0.298058
0.298057
0.298056
0.298056
0.298055
0.298054
0.298053
0.298053
0.298052
0.298051
0.29805
0.29805
0.298049
0.298048
0.298048
0.298047
0.298046
0.298046
0.298045
0.298044
0.298043
0.298043
0.298042
0.298041
0.298041
0.29804
0.298039
0.298038
0.298037
0.298037
0.298036
0.298035
0.298034
0.298034
0.298033
0.298032
0.298031
0.29803
0.29803
0.298029
0.298028
0.298027
0.298026
0.298026
0.298025
0.298024
0.298023
0.298022
0.298022
0.298021
0.29802
0.298019
0.298018
0.298017
0.298016
0.298016
0.298015
0.298014
0.298013
0.298012
0.298011
0.29801
0.298009
0.298009
0.298008
0.298007
0.298006
0.298005
0.298005
0.298004
0.298003
0.298002
0.298001
0.298001
0.298
0.297999
0.297998
0.297997
0.297996
0.297995
0.297995
0.297994
0.297993
0.297992
0.297991
0.29799
0.297989
0.297989
0.297988
0.297987
0.297986
0.297985
0.297985
0.297984
0.297983
0.297982
0.297982
0.297981
0.29798
0.297979
0.297979
0.297978
0.297977
0.297977
0.297976
0.297976
0.297975
0.297974
0.297974
0.297973
0.297973
0.297972
0.297971
0.297971
0.29797
0.29797
0.297969
0.297969
0.297968
0.297968
0.297967
0.297967
0.297966
0.297966
0.297965
0.297965
0.297964
0.297964
0.297963
0.297963
0.297963
0.297962
0.297962
0.297961
0.297961
0.297961
0.29796
0.29796
0.29796
0.29796
0.297959
0.297959
0.297959
0.297959
0.297958
0.297958
0.297958
0.297958
0.297957
0.297957
0.297957
0.297957
0.297957
0.297957
0.297956
0.297956
0.297956
0.297956
0.297956
0.297956
0.297956
0.297955
0.297955
0.297955
0.297955
0.297955
0.297955
0.297955
0.297954
0.297954
0.297954
0.297954
0.297954
0.297954
0.297954
0.297954
0.297954
0.297953
0.297953
0.297953
0.297953
0.297953
0.297953
0.297953
0.297953
0.297953
0.297953
0.297953
0.297953
0.297953
0.297953
0.297953
0.297953
0.297953
0.297953
0.297953
0.297953
0.297953
0.297953
0.297953
0.297953
0.297953
0.297953
0.297954
0.297954
0.297954
0.297954
0.297954
0.297955
0.297955
0.297955
0.297956
0.297956
0.297956
0.297957
0.297957
0.297957
0.297958
0.297958
0.297958
0.297959
0.297959
0.29796
0.29796
0.297961
0.297961
0.297962
0.297962
0.297963
0.297963
0.297964
0.297964
0.297965
0.297966
0.297966
0.297967
0.297967
0.297968
0.297969
0.297969
0.29797
0.297971
0.297971
0.297972
0.297972
0.297973
0.297974
0.297974
0.297975
0.297976
0.297976
0.297977
0.297978
0.297978
0.297979
0.29798
0.29798
0.297981
0.297981
0.297982
0.297982
0.297983
0.297984
0.297984
0.297985
0.297985
0.297985
0.297986
0.297986
0.297987
0.297987
0.297987
0.297988
0.297988
0.297988
0.297989
0.297989
0.297989
0.297989
0.29799
0.29799
0.29799
0.29799
0.29799
0.297991
0.297991
0.297991
0.297991
0.297991
0.297991
0.297991
0.297991
0.297992
0.297992
0.297992
0.297992
0.297992
0.297992
0.297992
0.297992
0.297992
0.297992
0.297992
0.297992
0.297992
0.297991
0.297991
0.297991
0.297991
0.297991
0.297991
0.297991
0.297991
0.297991
0.297991
0.29799
0.29799
0.29799
0.29799
0.29799
0.29799
0.297989
0.297989
0.297989
0.297989
0.297989
0.297989
0.297988
0.297988
0.297988
0.297988
0.297988
0.297988
0.297987
0.297987
0.297987
0.297987
0.297987
0.297986
0.297986
0.297986
0.297986
0.297985
0.297985
0.297985
0.297985
0.297984
0.297984
0.297984
0.297984
0.297983
0.297983
0.297983
0.297983
0.297983
0.297982
0.297982
0.297982
0.297982
0.297982
0.297981
0.297981
0.297981
0.297981
0.297981
0.297981
0.297981
0.29798
0.29798
0.29798
0.29798
0.29798
0.29798
0.29798
0.29798
0.29798
0.29798
0.297979
0.297979
0.297979
0.297979
0.297979
0.297979
0.297979
0.297979
0.297979
0.297979
0.297978
0.297978
0.297978
0.297978
0.297978
0.297978
0.297978
0.297978
0.297977
0.297977
0.297977
0.297977
0.297977
0.297977
0.297977
0.297977
0.297977
0.297977
0.297977
0.297977
0.297977
0.297977
0.297977
0.297977
0.297977
0.297977
0.297977
0.297977
0.297977
0.297977
0.297978
0.297978
0.297978
0.297978
0.297978
0.297978
0.297978
0.297978
0.297978
0.297978
0.297978
0.297979
0.297979
0.297979
0.297979
0.297979
0.297979
0.297979
0.297979
0.297979
0.297979
0.297979
0.297979
0.297979
0.297979
0.297979
0.297979
0.297979
0.297979
0.297979
0.297979
0.297979
0.297979
0.297979
0.29798
0.29798
0.29798
0.29798
0.29798
0.29798
0.29798
0.29798
0.29798
0.29798
0.29798
0.29798
0.29798
0.29798
0.297981
0.297981
0.297981
0.297981
0.297981
0.297981
0.297982
0.297982
0.297982
0.297982
0.297983
0.297983
0.297983
0.297984
0.297984
0.297984
0.297985
0.297985
0.297985
0.297986
0.297986
0.297987
0.297987
0.297987
0.297988
0.297988
0.297988
0.297989
0.297989
0.297989
0.29799
0.29799
0.297991
0.297991
0.297991
0.297992
0.297992
0.297993
0.297993
0.297994
0.297994
0.297995
0.297995
0.297995
0.297996
0.297996
0.297997
0.297997
0.297997
0.297998
0.297998
0.297998
0.297999
0.297999
0.297999
0.298
0.298
0.298
0.298001
0.298001
0.298002
0.298002
0.298002
0.298003
0.298003
0.298003
0.298004
0.298004
0.298004
0.298005
0.298005
0.298005
0.298006
0.298006
0.298006
0.298007
0.298007
0.298007
0.298008
0.298008
0.298008
0.298009
0.298009
0.298009
0.29801
0.29801
0.29801
0.298011
0.298011
0.298011
0.298011
0.298012
0.298012
0.298012
0.298013
0.298013
0.298013
0.298014
0.298014
0.298014
0.298014
0.298015
0.298015
0.298015
0.298015
0.298016
0.298016
0.298016
0.298016
0.298017
0.298017
0.298017
0.298017
0.298018
0.298018
0.298018
0.298018
0.298019
0.298019
0.298019
0.298019
0.29802
0.29802
0.29802
0.298021
0.298021
0.298021
0.298021
0.298022
0.298022
0.298022
0.298023
0.298023
0.298023
0.298023
0.298024
0.298024
0.298024
0.298025
0.298025
0.298025
0.298025
0.298025
0.298025
0.298026
0.298026
0.298026
0.298026
0.298026
0.298026
0.298026
0.298026
0.298026
0.298026
0.298026
0.298026
0.298026
0.298026
0.298027
0.298027
0.298027
0.298027
0.298027
0.298027
0.298027
0.298027
0.298027
0.298027
0.298027
0.298027
0.298027
0.298027
0.298026
0.298026
0.298026
0.298026
0.298026
0.298026
0.298026
0.298026
0.298026
0.298026
0.298026
0.298026
0.298026
0.298026
0.298026
0.298026
0.298026
0.298026
0.298026
0.298026
0.298025
0.298025
0.298025
0.298025
0.298025
0.298025
0.298025
0.298025
0.298025
0.298024
0.298024
0.298024
0.298024
0.298024
0.298024
0.298024
0.298023
0.298023
0.298023
0.298023
0.298022
0.298022
0.298022
0.298022
0.298021
0.298021
0.298021
0.29802
0.29802
0.29802
0.298019
0.298019
0.298019
0.298018
0.298018
0.298018
0.298018
0.298017
0.298017
0.298017
0.298016
0.298016
0.298016
0.298015
0.298015
0.298015
0.298014
0.298014
0.298014
0.298013
0.298013
0.298012
0.298012
0.298012
0.298011
0.298011
0.29801
0.29801
0.298009
0.298009
0.298009
0.298008
0.298008
0.298007
0.298007
0.298006
0.298006
0.298006
0.298005
0.298005
0.298005
0.298004
0.298004
0.298003
0.298003
0.298003
0.298002
0.298002
0.298002
0.298001
0.298001
0.298001
0.298
0.298
0.298
0.297999
0.297999
0.297999
0.297998
0.297998
0.297998
0.297997
0.297997
0.297997
0.297996
0.297996
0.297996
0.297995
0.297995
0.297994
0.297994
0.297994
0.297993
0.297993
0.297993
0.297992
0.297992
0.297992
0.297991
0.297991
0.297991
0.29799
0.29799
0.29799
0.297989
0.297989
0.297988
0.297988
0.297988
0.297987
0.297987
0.297986
0.297986
0.297986
0.297985
0.297985
0.297985
0.297984
0.297984
0.297983
0.297983
0.297983
0.297982
0.297982
0.297981
0.297981
0.29798
0.29798
0.29798
0.297979
0.297979
0.297978
0.297978
0.297977
0.297977
0.297977
0.297976
0.297976
0.297975
0.297975
0.297974
0.297974
0.297974
0.297973
0.297973
0.297972
0.297972
0.297971
0.297971
0.29797
0.29797
0.297969
0.297969
0.297969
0.297968
0.297968
0.297967
0.297967
0.297966
0.297966
0.297965
0.297965
0.297965
0.297964
0.297964
0.297963
0.297963
0.297962
0.297962
0.297961
0.297961
0.29796
0.29796
0.297959
0.297959
0.297958
0.297958
0.297958
0.297957
0.297957
0.297956
0.297956
0.297955
0.297955
0.297955
0.297954
0.297954
0.297954
0.297953
0.297953
0.297952
0.297952
0.297952
0.297951
0.297951
0.297951
0.29795
0.29795
0.297949
0.297949
0.297949
0.297948
0.297948
0.297948
0.297947
0.297947
0.297947
0.297946
0.297946
0.297946
0.297945
0.297945
0.297945
0.297945
0.297945
0.297944
0.297944
0.297944
0.297944
0.297944
0.297943
0.297943
0.297943
0.297943
0.297942
0.297942
0.297942
0.297942
0.297941
0.297941
0.297941
0.29794
0.29794
0.29794
0.297939
0.297939
0.297939
0.297938
0.297938
0.297938
0.297937
0.297937
0.297937
0.297937
0.297936
0.297936
0.297936
0.297936
0.297935
0.297935
0.297935
0.297935
0.297934
0.297934
0.297934
0.297934
0.297933
0.297933
0.297933
0.297933
0.297932
0.297932
0.297932
0.297932
0.297931
0.297931
0.297931
0.297931
0.29793
0.29793
0.29793
0.29793
0.29793
0.297929
0.297929
0.297929
0.297929
0.297929
0.297929
0.297928
0.297928
0.297928
0.297928
0.297928
0.297927
0.297927
0.297927
0.297927
0.297927
0.297926
0.297926
0.297926
0.297926
0.297926
0.297925
0.297925
0.297925
0.297925
0.297925
0.297925
0.297924
0.297924
0.297924
0.297924
0.297924
0.297924
0.297924
0.297924
0.297924
0.297924
0.297924
0.297924
0.297923
0.297923
0.297923
0.297923
0.297923
0.297923
0.297923
0.297922
0.297922
0.297922
0.297922
0.297922
0.297922
0.297922
0.297922
0.297921
0.297921
0.297921
0.297921
0.297921
0.297921
0.297921
0.297921
0.29792
0.29792
0.29792
0.29792
0.29792
0.29792
0.29792
0.29792
0.29792
0.29792
0.29792
0.29792
0.29792
0.29792
0.29792
0.29792
0.29792
0.29792
0.29792
0.29792
0.297921
0.297921
0.297921
0.297921
0.297921
0.297921
0.297922
0.297922
0.297922
0.297922
0.297922
0.297923
0.297923
0.297923
0.297923
0.297923
0.297923
0.297924
0.297924
0.297924
0.297924
0.297924
0.297925
0.297925
0.297925
0.297925
0.297926
0.297926
0.297926
0.297927
0.297927
0.297927
0.297928
0.297928
0.297928
0.297929
0.297929
0.297929
0.29793
0.29793
0.29793
0.297931
0.297931
0.297932
0.297932
0.297933
0.297933
0.297933
0.297934
0.297934
0.297935
0.297935
0.297936
0.297936
0.297937
0.297937
0.297938
0.297938
0.297939
0.29794
0.29794
0.297941
0.297942
0.297942
0.297943
0.297944
0.297944
0.297945
0.297946
0.297947
0.297948
0.297948
0.297949
0.29795
0.297951
0.297952
0.297953
0.297953
0.297954
0.297955
0.297956
0.297957
0.297958
0.297959
0.29796
0.29796
0.297961
0.297962
0.297963
0.297964
0.297965
0.297965
0.297966
0.297967
0.297968
0.297968
0.297969
0.29797
0.297971
0.297971
0.297972
0.297973
0.297974
0.297975
0.297975
0.297976
0.297977
0.297977
0.297978
0.297979
0.29798
0.297981
0.297981
0.297982
0.297983
0.297984
0.297984
0.297985
0.297986
0.297987
0.297988
0.297989
0.297989
0.29799
0.297991
0.297992
0.297993
0.297994
0.297994
0.297995
0.297996
0.297997
0.297998
0.297999
0.298
0.298
0.298001
0.298002
0.298003
0.298004
0.298005
0.298006
0.298007
0.298008
0.298009
0.298009
0.29801
0.298011
0.298012
0.298013
0.298014
0.298015
0.298015
0.298016
0.298017
0.298018
0.298019
0.298019
0.29802
0.298021
0.298022
0.298023
0.298024
0.298025
0.298025
0.298026
0.298027
0.298028
0.298029
0.29803
0.298031
0.298032
0.298033
0.298033
0.298034
0.298035
0.298036
0.298037
0.298038
0.298039
0.29804
0.298041
0.298042
0.298043
0.298044
0.298045
0.298046
0.298047
0.298048
0.298049
0.29805
0.298051
0.298052
0.298053
0.298054
0.298055
0.298056
0.298057
0.298058
0.298059
0.29806
0.29806
0.298061
0.298062
0.298063
0.298063
0.298064
0.298065
0.298066
0.298066
0.298067
0.298068
0.298068
0.298069
0.29807
0.29807
0.298071
0.298071
0.298072
0.298073
0.298073
0.298074
0.298074
0.298075
0.298075
0.298076
0.298076
0.298077
0.298077
0.298078
0.298078
0.298079
0.29808
0.29808
0.298081
0.298081
0.298082
0.298082
0.298083
0.298083
0.298084
0.298084
0.298084
0.298085
0.298085
0.298086
0.298086
0.298086
0.298087
0.298087
0.298087
0.298088
0.298088
0.298089
0.298089
0.298089
0.29809
0.29809
0.29809
0.298091
0.298091
0.298091
0.298091
0.298092
0.298092
0.298092
0.298093
0.298093
0.298093
0.298094
0.298094
0.298094
0.298094
0.298095
0.298095
0.298095
0.298095
0.298096
0.298096
0.298096
0.298096
0.298096
0.298097
0.298097
0.298097
0.298097
0.298097
0.298097
0.298097
0.298097
0.298098
0.298098
0.298098
0.298098
0.298098
0.298098
0.298098
0.298098
0.298098
0.298098
0.298098
0.298097
0.298097
0.298097
0.298097
0.298097
0.298097
0.298097
0.298097
0.298097
0.298097
0.298097
0.298097
0.298097
0.298097
0.298097
0.298102
0.29811
0.298118
0.298126
0.298131
0.298139
0.298143
0.298155
0.298152
0.298159
0.298163
0.298171
0.298171
0.298182
0.298186
0.298187
0.29819
0.298196
0.298199
0.298195
0.298198
0.298188
0.298189
0.298179
0.298168
0.298165
0.298155
0.298152
0.298139
0.298122
0.298119
0.298106
0.298089
0.29808
0.298064
0.298039
0.298026
0.298012
0.297996
0.297986
0.297984
0.297978
0.297964
0.297974
0.297971
0.297971
0.297972
0.297962
0.297966
0.297967
0.297963
0.297962
0.297959
0.297962
0.297954
0.29795
0.297939
0.297935
0.29793
0.297922
0.297907
0.297895
0.297883
0.297878
0.297873
0.297867
0.297859
0.297856
0.297858
0.297855
0.29786
0.297847
0.297845
0.297843
0.297837
0.297825
0.297815
0.297809
0.297806
0.297799
0.297789
0.297779
0.297771
0.297758
0.297747
0.297725
0.2977
0.297692
0.297663
0.297651
0.297635
0.297619
0.297599
0.297579
0.297558
0.297541
0.297524
0.297497
0.297489
0.297465
0.297456
0.297443
0.297425
0.297406
0.297395
0.297383
0.297371
0.297352
0.297341
0.297335
0.29733
0.297326
0.297317
0.297314
0.297311
0.297292
0.297281
0.297266
0.297256
0.297249
0.297232
0.297231
0.297227
0.297206
0.297195
0.297174
0.297156
0.297135
0.297116
0.2971
0.297077
0.297052
0.29703
0.297005
0.296978
0.296939
0.296916
0.296882
0.296852
0.296823
0.296804
0.296772
0.296746
0.296719
0.296697
0.296668
0.296646
0.29661
0.296601
0.296578
0.29657
0.296563
0.296549
0.296542
0.296525
0.29652
0.296503
0.296498
0.2965
0.296498
0.296501
0.296505
0.29651
0.296519
0.296532
0.296527
0.296541
0.296551
0.296572
0.296591
0.296609
0.296615
0.296622
0.296629
0.296647
0.296671
0.296694
0.296715
0.296741
0.296747
0.296764
0.296767
0.296778
0.296798
0.296809
0.296821
0.296834
0.296841
0.296845
0.296861
0.296871
0.296881
0.29689
0.296903
0.296921
0.296933
0.296951
0.296965
0.296972
0.296977
0.296986
0.297
0.297002
0.297003
0.297008
0.296999
0.297002
0.296987
0.296974
0.296961
0.296959
0.296959
0.29692
0.296897
0.296877
0.296849
0.296831
0.296806
0.296782
0.296769
0.296749
0.296693
0.29667
0.296632
0.296604
0.296554
0.296532
0.296478
0.296456
0.29644
0.296431
0.296422
0.296405
0.296393
0.296389
0.296393
0.296404
0.296409
0.296418
0.29643
0.296446
0.296469
0.296479
0.296506
0.296522
0.296553
0.296578
0.296596
0.296611
0.296654
0.296698
0.296726
0.296754
0.296782
0.296819
0.296854
0.296889
0.296917
0.296961
0.297002
0.297038
0.297075
0.297109
0.297148
0.297187
0.297234
0.297275
0.297312
0.297342
0.297376
0.297423
0.297468
0.297504
0.297537
0.297574
0.297617
0.297656
0.297695
0.297733
0.297774
0.297821
0.297851
0.29789
0.297932
0.297972
0.298012
0.298052
0.298091
0.29813
0.298178
0.298221
0.298263
0.298299
0.298339
0.298382
0.298427
0.29847
0.298515
0.298565
0.298621
0.298673
0.298711
0.298756
0.298807
0.298862
0.298917
0.298977
0.299026
0.29908
0.299138
0.299192
0.299246
0.299301
0.299355
0.299404
0.29946
0.299508
0.299565
0.299628
0.299686
0.299744
0.299801
0.299855
0.299909
0.299962
0.300019
0.300081
0.300134
0.300183
0.300233
0.300289
0.300346
0.300404
0.300455
0.300505
0.300555
0.300612
0.300666
0.300724
0.30078
0.300835
0.300873
0.300914
0.300966
0.301018
0.301066
0.301112
0.301165
0.301222
0.301268
0.301321
0.301383
0.301439
0.301493
0.301548
0.301607
0.301673
0.301729
0.301787
0.301856
0.301916
0.301974
0.302016
0.302057
0.302092
0.302118
0.302138
0.30215
0.302162
0.302168
0.302174
0.302175
0.302169
0.302151
0.302125
0.302083
0.302032
0.301958
0.301874
0.301779
0.301669
0.301551
0.301425
0.301299
0.301173
0.301053
0.300929
0.300807
0.300685
0.30057
0.300454
0.300339
0.300227
0.300112
0.300005
0.2999
0.29979
0.299689
0.299592
0.299497
0.299413
0.299335
0.299264
0.299203
0.299151
0.299109
0.299073
0.29905
0.299029
0.299017
0.299009
0.299006
0.299006
0.299008
0.299012
0.299019
0.299028
0.299039
0.299051
0.299065
0.299085
0.299102
0.299119
0.299138
0.29915
0.299166
0.299177
0.299184
0.299192
0.299197
0.299198
0.299198
0.299195
0.29919
0.299185
0.299177
0.299167
0.299157
0.29914
0.299124
0.299106
0.299079
0.299052
0.299028
0.299003
0.298975
0.29895
0.298925
0.298897
0.298874
0.298846
0.298823
0.2988
0.298778
0.298757
0.298739
0.298723
0.298709
0.298694
0.298682
0.29867
0.298661
0.298652
0.298648
0.298646
0.298645
0.298644
0.298647
0.298645
0.298647
0.298648
0.298649
0.298648
0.298655
0.298656
0.298656
0.298658
0.298655
0.298652
0.298651
0.298646
0.298638
0.298632
0.298625
0.298614
0.298603
0.298584
0.298561
0.298537
0.298508
0.298489
0.29846
0.298429
0.298398
0.298363
0.298322
0.298264
0.298218
0.298159
0.298104
0.297977
0.297923
0.297856
0.297787
0.297711
0.297638
0.297556
0.29749
0.297438
0.297373
0.29731
0.297242
0.297174
0.297105
0.297036
0.296973
0.296901
0.296839
0.296776
0.296714
0.296657
0.296604
0.296554
0.296499
0.296447
0.296395
0.296343
0.296299
0.296252
0.296202
0.29616
0.296123
0.296081
0.296045
0.296008
0.29597
0.295931
0.295897
0.295856
0.295814
0.295776
0.295732
0.295699
0.295663
0.295627
0.295585
0.295543
0.295504
0.295461
0.295418
0.295374
0.295329
0.29528
0.295235
0.295188
0.295146
0.295095
0.295044
0.295
0.294951
0.294903
0.294856
0.294809
0.29476
0.294714
0.294673
0.294626
0.294582
0.294538
0.294496
0.294449
0.294403
0.294361
0.294317
0.294273
0.294228
0.294184
0.294142
0.294099
0.294056
0.294013
0.293967
0.293921
0.293872
0.293829
0.293783
0.293732
0.293683
0.29364
0.293592
0.293547
0.293502
0.293459
0.293413
0.29337
0.293323
0.293285
0.293248
0.293201
0.29316
0.29312
0.293077
0.293036
0.292997
0.292955
0.292919
0.29288
0.292844
0.292809
0.292775
0.29278
0.292784
0.292789
0.292794
0.292798
0.292803
0.292808
0.292812
0.292817
0.292822
0.292826
0.292831
0.292836
0.29284
0.292845
0.29285
0.292854
0.292859
0.292863
0.292868
0.292873
0.292877
0.292882
0.292886
0.292891
0.292895
0.2929
0.292904
0.292909
0.292913
0.292917
0.292922
0.292926
0.292931
0.292935
0.292939
0.292944
0.292948
0.292953
0.292957
0.292961
0.292966
0.29297
0.292974
0.292979
0.292983
0.292987
0.292992
0.292996
0.293
0.293004
0.293008
0.293013
0.293017
0.293021
0.293025
0.293029
0.293033
0.293037
0.293041
0.293046
0.29305
0.293054
0.293058
0.293062
0.293066
0.293071
0.293075
0.293079
0.293083
0.293088
0.293092
0.293096
0.2931
0.293105
0.293109
0.293113
0.293117
0.293122
0.293126
0.29313
0.293134
0.293139
0.293143
0.293147
0.293151
0.293155
0.29316
0.293164
0.293168
0.293172
0.293176
0.29318
0.293184
0.293188
0.293192
0.293196
0.2932
0.293204
0.293208
0.293211
0.293215
0.293219
0.293222
0.293226
0.29323
0.293233
0.293237
0.29324
0.293244
0.293247
0.293251
0.293254
0.293257
0.293261
0.293264
0.293267
0.29327
0.293274
0.293277
0.29328
0.293283
0.293286
0.293289
0.293292
0.293295
0.293298
0.293301
0.293303
0.293306
0.293309
0.293311
0.293314
0.293316
0.293319
0.293321
0.293323
0.293326
0.293328
0.29333
0.293332
0.293334
0.293336
0.293338
0.29334
0.293342
0.293344
0.293346
0.293348
0.29335
0.293351
0.293353
0.293355
0.293356
0.293358
0.29336
0.293361
0.293363
0.293364
0.293366
0.293367
0.293369
0.29337
0.293372
0.293373
0.293375
0.293376
0.293377
0.293379
0.29338
0.293381
0.293383
0.293384
0.293385
0.293387
0.293388
0.293389
0.293391
0.293392
0.293393
0.293395
0.293396
0.293397
0.293399
0.2934
0.293402
0.293403
0.293404
0.293406
0.293407
0.293409
0.29341
0.293411
0.293413
0.293414
0.293416
0.293417
0.293418
0.29342
0.293421
0.293423
0.293424
0.293426
0.293427
0.293429
0.29343
0.293432
0.293433
0.293434
0.293436
0.293437
0.293439
0.29344
0.293442
0.293443
0.293444
0.293446
0.293447
0.293448
0.29345
0.293451
0.293452
0.293453
0.293455
0.293456
0.293457
0.293458
0.29346
0.293461
0.293462
0.293463
0.293464
0.293465
0.293467
0.293468
0.293469
0.29347
0.293471
0.293472
0.293473
0.293474
0.293475
0.293476
0.293477
0.293478
0.293479
0.29348
0.293481
0.293482
0.293483
0.293484
0.293484
0.293485
0.293486
0.293487
0.293488
0.293488
0.293489
0.29349
0.29349
0.293491
0.293492
0.293492
0.293493
0.293494
0.293494
0.293495
0.293495
0.293496
0.293497
0.293497
0.293498
0.293498
0.293499
0.293499
0.2935
0.293501
0.293501
0.293502
0.293502
0.293503
0.293503
0.293503
0.293504
0.293504
0.293505
0.293505
0.293505
0.293506
0.293506
0.293506
0.293506
0.293507
0.293507
0.293507
0.293507
0.293507
0.293507
0.293507
0.293507
0.293508
0.293508
0.293508
0.293508
0.293508
0.293508
0.293508
0.293508
0.293508
0.293508
0.293508
0.293508
0.293508
0.293508
0.293508
0.293508
0.293508
0.293507
0.293507
0.293507
0.293507
0.293506
0.293506
0.293505
0.293505
0.293505
0.293504
0.293504
0.293503
0.293503
0.293502
0.293501
0.293501
0.2935
0.2935
0.293499
0.293498
0.293498
0.293497
0.293496
0.293496
0.293495
0.293494
0.293494
0.293493
0.293492
0.293492
0.293491
0.29349
0.29349
0.293489
0.293488
0.293488
0.293487
0.293487
0.293486
0.293485
0.293485
0.293484
0.293483
0.293483
0.293482
0.293481
0.293481
0.29348
0.293479
0.293478
0.293478
0.293477
0.293476
0.293476
0.293475
0.293474
0.293473
0.293472
0.293472
0.293471
0.29347
0.293469
0.293468
0.293468
0.293467
0.293466
0.293465
0.293464
0.293463
0.293462
0.293461
0.293461
0.29346
0.293459
0.293457
0.293456
0.293455
0.293454
0.293453
0.293452
0.293451
0.29345
0.293448
0.293447
0.293446
0.293445
0.293443
0.293442
0.293441
0.293439
0.293438
0.293437
0.293435
0.293434
0.293433
0.293431
0.29343
0.293429
0.293427
0.293426
0.293424
0.293423
0.293422
0.29342
0.293419
0.293417
0.293416
0.293414
0.293413
0.293412
0.29341
0.293409
0.293407
0.293406
0.293404
0.293403
0.293401
0.2934
0.293398
0.293397
0.293395
0.293393
0.293392
0.29339
0.293389
0.293387
0.293385
0.293384
0.293382
0.29338
0.293379
0.293377
0.293375
0.293373
0.293372
0.29337
0.293368
0.293367
0.293365
0.293363
0.293361
0.29336
0.293358
0.293357
0.293355
0.293353
0.293352
0.29335
0.293348
0.293346
0.293345
0.293343
0.293341
0.293339
0.293338
0.293336
0.293388
0.29343
0.293474
0.293523
0.293561
0.293602
0.293643
0.293688
0.293733
0.293778
0.29382
0.293876
0.293916
0.293971
0.294015
0.294066
0.294114
0.294169
0.29422
0.294275
0.294326
0.294384
0.29444
0.29449
0.294541
0.294592
0.294645
0.294688
0.294738
0.294792
0.294835
0.294888
0.294927
0.294965
0.295011
0.295045
0.295079
0.295121
0.295158
0.295195
0.295232
0.295266
0.295303
0.295342
0.295369
0.295394
0.295419
0.295434
0.295446
0.295454
0.295465
0.295476
0.29549
0.295501
0.295503
0.29551
0.295512
0.295502
0.2955
0.29548
0.295463
0.295444
0.295424
0.2954
0.295376
0.295359
0.295335
0.295291
0.295273
0.295249
0.295239
0.295214
0.295203
0.295183
0.295159
0.295146
0.295123
0.295113
0.295106
0.295089
0.295072
0.295054
0.295034
0.295008
0.294976
0.294954
0.294939
0.294924
0.294903
0.294892
0.294874
0.29487
0.294862
0.294859
0.294858
0.29485
0.294842
0.294828
0.294828
0.29482
0.294814
0.294803
0.2948
0.294783
0.294769
0.294762
0.29476
0.294754
0.294747
0.294748
0.294752
0.29476
0.294758
0.294763
0.294765
0.29477
0.294775
0.294791
0.294793
0.294802
0.294808
0.294814
0.294824
0.294819
0.294825
0.294824
0.29483
0.294829
0.294829
0.294832
0.294842
0.294849
0.294859
0.294863
0.294877
0.294877
0.294888
0.294901
0.294915
0.294926
0.294936
0.29495
0.294968
0.294982
0.295003
0.295014
0.295043
0.295065
0.295083
0.295091
0.295102
0.29512
0.295138
0.295156
0.29517
0.295185
0.2952
0.295221
0.295236
0.295251
0.295266
0.295285
0.295303
0.295318
0.295333
0.295348
0.295368
0.295393
0.29541
0.295438
0.295462
0.295482
0.295503
0.295527
0.295552
0.295569
0.29559
0.295615
0.295639
0.295656
0.295681
0.295694
0.295705
0.295722
0.295746
0.295761
0.295772
0.29579
0.295804
0.295811
0.295814
0.295808
0.295811
0.295812
0.295802
0.295786
0.295786
0.295789
0.295776
0.295772
0.295758
0.295746
0.295736
0.29574
0.295727
0.295712
0.295712
0.295708
0.295704
0.295701
0.295691
0.295676
0.29566
0.295636
0.295627
0.295597
0.295573
0.295551
0.295533
0.295517
0.295497
0.295456
0.295429
0.295408
0.295384
0.295345
0.295329
0.295308
0.295294
0.295284
0.295261
0.295251
0.295239
0.295224
0.295208
0.295194
0.295179
0.295169
0.29515
0.29512
0.295115
0.295086
0.295074
0.295066
0.295054
0.295035
0.295021
0.295008
0.294993
0.294973
0.294961
0.294954
0.294949
0.294933
0.294922
0.29491
0.294909
0.294906
0.294906
0.294906
0.294903
0.294908
0.294914
0.294919
0.294927
0.294928
0.294931
0.294931
0.294932
0.294939
0.29494
0.294943
0.29495
0.294955
0.294958
0.294968
0.294976
0.294972
0.29498
0.294985
0.294981
0.294989
0.294988
0.294993
0.294995
0.294997
0.295002
0.295001
0.295005
0.295004
0.295007
0.295013
0.295021
0.295029
0.295028
0.295037
0.295051
0.295063
0.295069
0.295077
0.295083
0.295089
0.295104
0.295115
0.295126
0.29514
0.295161
0.295174
0.295194
0.29521
0.295228
0.295247
0.29526
0.295275
0.295288
0.295301
0.29531
0.295328
0.295335
0.29535
0.295365
0.295378
0.295391
0.295398
0.295414
0.295432
0.295442
0.295463
0.295478
0.295487
0.295499
0.295507
0.295522
0.295528
0.295537
0.295543
0.29556
0.295572
0.29558
0.295589
0.295597
0.295617
0.295628
0.295637
0.295645
0.295656
0.295662
0.295662
0.295679
0.295673
0.295679
0.295684
0.295692
0.295691
0.295697
0.295697
0.295702
0.29571
0.295713
0.295717
0.295731
0.295729
0.295739
0.295735
0.295742
0.295748
0.29575
0.295756
0.295756
0.295757
0.295765
0.295761
0.295766
0.295771
0.295776
0.295778
0.295785
0.295799
0.295803
0.295808
0.295817
0.295822
0.295825
0.29584
0.295847
0.295847
0.295857
0.295857
0.295872
0.295881
0.295892
0.295901
0.295915
0.295926
0.295932
0.295943
0.295951
0.29596
0.295967
0.295978
0.295986
0.295989
0.295998
0.296003
0.296012
0.296024
0.296034
0.296049
0.296057
0.296079
0.296093
0.296107
0.296122
0.296137
0.296156
0.296176
0.296195
0.296209
0.296228
0.296243
0.296259
0.29628
0.296289
0.296306
0.296316
0.296333
0.296348
0.296357
0.296364
0.296376
0.296379
0.296386
0.296395
0.296404
0.296409
0.29641
0.29642
0.296423
0.296427
0.296428
0.296429
0.296428
0.296437
0.296435
0.296439
0.29644
0.296438
0.296442
0.29644
0.296444
0.296442
0.296444
0.296445
0.296447
0.296445
0.296444
0.296446
0.296442
0.296443
0.296441
0.29644
0.296437
0.296435
0.296432
0.29643
0.296433
0.296428
0.296426
0.296422
0.296417
0.296415
0.296411
0.296411
0.296404
0.296406
0.296405
0.296408
0.296406
0.296408
0.296416
0.29642
0.296423
0.296426
0.296436
0.296444
0.296457
0.296473
0.29649
0.296503
0.296518
0.296526
0.296542
0.296553
0.296559
0.296571
0.296581
0.296592
0.296604
0.296611
0.296626
0.296633
0.296644
0.296655
0.296667
0.296676
0.296685
0.296702
0.296708
0.296716
0.296721
0.296736
0.296739
0.296747
0.29676
0.296775
0.296784
0.2968
0.296811
0.296825
0.296841
0.296854
0.29687
0.296885
0.29689
0.296904
0.296914
0.296935
0.296947
0.296967
0.296985
0.29701
0.297032
0.297053
0.297068
0.297093
0.297109
0.297133
0.297147
0.297165
0.297189
0.29721
0.297223
0.29725
0.297273
0.297289
0.297317
0.297334
0.297358
0.297386
0.297399
0.297414
0.297437
0.297452
0.297473
0.297491
0.297509
0.297532
0.297555
0.297571
0.297592
0.297612
0.29763
0.297658
0.297676
0.297695
0.297719
0.297738
0.297764
0.297795
0.297828
0.297859
0.29789
0.297917
0.297952
0.297981
0.298001
0.298028
0.298051
0.298079
0.298105
0.298132
0.29816
0.298193
0.29823
0.29826
0.298289
0.298321
0.298349
0.298377
0.298414
0.298448
0.298478
0.298519
0.298556
0.298593
0.298624
0.29866
0.2987
0.29874
0.298785
0.298829
0.298879
0.298923
0.298967
0.299004
0.299042
0.299089
0.299139
0.299185
0.299241
0.299294
0.29934
0.2994
0.299447
0.299505
0.299563
0.299622
0.299685
0.299749
0.299817
0.299888
0.299974
0.300053
0.300123
0.300181
0.300251
0.300324
0.300407
0.300492
0.300574
0.300656
0.30074
0.300824
0.300914
0.301002
0.30109
0.301179
0.30127
0.301369
0.301467
0.301558
0.301654
0.301754
0.301856
0.30195
0.302043
0.302145
0.302245
0.302345
0.302436
0.302538
0.302639
0.302739
0.302832
0.302929
0.303027
0.30313
0.303229
0.303325
0.303427
0.303534
0.303635
0.303734
0.303834
0.303947
0.304052
0.304153
0.304257
0.304369
0.30447
0.304572
0.304681
0.304794
0.304937
0.305079
0.305233
0.305381
0.305543
0.305723
0.305913
0.306102
0.30626
0.306421
0.306614
0.306789
0.30695
0.307091
0.307242
0.307358
0.307468
0.307576
0.307669
0.307751
0.307834
0.307916
0.307986
0.308083
0.308184
0.308276
0.308366
0.308427
0.308503
0.308577
0.308637
0.308682
0.308729
0.30877
0.308805
0.308829
0.308848
0.308872
0.308887
0.308914
0.308939
0.30897
0.308997
0.309031
0.309057
0.309083
0.309112
0.309133
0.30916
0.309183
0.309204
0.30922
0.309235
0.30924
0.309241
0.309242
0.309235
0.309227
0.309216
0.309205
0.30919
0.309176
0.309159
0.309138
0.309114
0.309088
0.309054
0.309022
0.308989
0.308958
0.308926
0.308897
0.308867
0.30884
0.308815
0.308799
0.308783
0.308771
0.308761
0.308747
0.308741
0.308734
0.308732
0.308727
0.308725
0.308727
0.308729
0.308732
0.308735
0.308737
0.308742
0.308747
0.308748
0.308751
0.308758
0.308759
0.30876
0.308762
0.308763
0.308766
0.308767
0.308764
0.308765
0.308765
0.308762
0.308758
0.308755
0.308752
0.308749
0.308746
0.308743
0.30874
0.308734
0.308731
0.308728
0.308721
0.308718
0.308714
0.308709
0.308706
0.308702
0.308699
0.3087
0.308696
0.308692
0.308688
0.308684
0.308684
0.308679
0.308675
0.30867
0.308664
0.30866
0.308661
0.308656
0.308651
0.308647
0.308642
0.308637
0.308632
0.308625
0.308619
0.308614
0.308608
0.308603
0.308597
0.308591
0.308585
0.308579
0.308574
0.308568
0.308562
0.308556
0.308549
0.308545
0.308539
0.308532
0.308526
0.30852
0.308513
0.308507
0.3085
0.308494
0.308487
0.30848
0.308473
0.308468
0.308461
0.308454
0.308447
0.308441
0.308433
0.308426
0.308421
0.308413
0.308407
0.308401
0.308393
0.308387
0.308382
0.308374
0.308367
0.30836
0.308355
0.308347
0.30834
0.308333
0.308326
0.308321
0.308312
0.30831
0.308301
0.308294
0.308287
0.308283
0.308275
0.308266
0.308262
0.308256
0.308249
0.308243
0.308237
0.308227
0.308224
0.308215
0.308209
0.308199
0.308195
0.308187
0.308178
0.30817
0.308164
0.308155
0.308146
0.308138
0.308129
0.30812
0.308111
0.308103
0.308095
0.308086
0.308078
0.308069
0.308061
0.308052
0.308044
0.308035
0.308025
0.308016
0.308007
0.308
0.307992
0.307983
0.307979
0.307971
0.307963
0.307955
0.307948
0.307939
0.30793
0.307923
0.307914
0.307906
0.307897
0.307888
0.307882
0.307873
0.307864
0.307856
0.307845
0.307836
0.307827
0.307817
0.307809
0.3078
0.307792
0.307783
0.307772
0.307763
0.307754
0.307746
0.307735
0.307726
0.307718
0.307709
0.307699
0.30769
0.307682
0.307671
0.307663
0.307651
0.307642
0.30763
0.307619
0.307608
0.307597
0.307585
0.307571
0.30756
0.30755
0.307538
0.307528
0.307516
0.307507
0.307495
0.307485
0.307476
0.307464
0.307453
0.307439
0.307426
0.307416
0.307404
0.307394
0.307382
0.307368
0.307355
0.307344
0.307329
0.30732
0.307308
0.307298
0.307287
0.307277
0.307269
0.307257
0.307249
0.307239
0.307231
0.307223
0.307215
0.307203
0.307195
0.307188
0.307178
0.307171
0.307161
0.307154
0.307145
0.307138
0.307129
0.307122
0.307113
0.307106
0.3071
0.307091
0.307085
0.307077
0.307071
0.307063
0.307057
0.307046
0.307039
0.307033
0.307023
0.307016
0.307005
0.306999
0.306994
0.306987
0.30698
0.306975
0.306969
0.306962
0.306958
0.306953
0.306948
0.306942
0.306937
0.306931
0.306927
0.306919
0.306915
0.306911
0.306907
0.306905
0.306901
0.306899
0.306895
0.306892
0.306888
0.306885
0.306881
0.306878
0.306875
0.306871
0.306868
0.306867
0.306864
0.30686
0.306859
0.306856
0.30685
0.306848
0.306845
0.306843
0.30684
0.306835
0.306834
0.306831
0.306828
0.306821
0.30682
0.306817
0.306814
0.306812
0.306809
0.30681
0.30681
0.306809
0.306808
0.306807
0.306806
0.306806
0.306805
0.306806
0.30681
0.306809
0.30681
0.306811
0.306816
0.306817
0.306818
0.306819
0.306824
0.306827
0.306829
0.306832
0.306839
0.306839
0.306843
0.30685
0.306852
0.30686
0.306864
0.306872
0.306876
0.306884
0.306891
0.306896
0.306906
0.306914
0.306924
0.306933
0.306945
0.306957
0.306968
0.30698
0.306993
0.30701
0.307026
0.307044
0.307059
0.307077
0.307095
0.307115
0.307133
0.307154
0.307174
0.307196
0.307218
0.307242
0.307261
0.307287
0.307313
0.30734
0.307372
0.307403
0.307438
0.307471
0.307508
0.307546
0.307587
0.307627
0.307669
0.307714
0.30776
0.307807
0.307867
0.307926
0.307984
0.308041
0.308087
0.308148
0.308214
0.308274
0.308334
0.308393
0.308449
0.308497
0.308547
0.3086
0.30865
0.308702
0.308754
0.308802
0.308856
0.308907
0.308957
0.309002
0.30905
0.309095
0.309141
0.309185
0.309231
0.309278
0.309319
0.309361
0.309406
0.309447
0.309485
0.309519
0.309553
0.309589
0.309621
0.309652
0.309688
0.309725
0.309763
0.309798
0.309836
0.309882
0.309921
0.309964
0.310005
0.310049
0.310095
0.310138
0.310182
0.310231
0.310279
0.310324
0.310373
0.310421
0.310476
0.310525
0.310578
0.310631
0.310684
0.310738
0.310792
0.310848
0.310901
0.310957
0.311019
0.311078
0.311131
0.311191
0.311245
0.311299
0.311364
0.311426
0.311487
0.311549
0.311612
0.311673
0.311732
0.311785
0.311845
0.311906
0.311966
0.312034
0.312092
0.312155
0.312214
0.312277
0.312337
0.312399
0.312468
0.312526
0.312596
0.312651
0.312703
0.31275
0.312802
0.312853
0.312906
0.312958
0.313009
0.313061
0.313111
0.313165
0.313217
0.31327
0.313321
0.313363
0.313406
0.313445
0.313488
0.313535
0.313581
0.313625
0.313664
0.313699
0.313735
0.313772
0.313808
0.313843
0.313879
0.313911
0.31394
0.31397
0.314004
0.314037
0.314068
0.314087
0.314114
0.314129
0.314161
0.314179
0.314204
0.31423
0.314252
0.314278
0.314292
0.314305
0.314324
0.31433
0.31434
0.314351
0.314371
0.314384
0.314384
0.31439
0.314392
0.314403
0.314397
0.314405
0.314404
0.31441
0.314403
0.314402
0.314398
0.31439
0.31438
0.314369
0.314355
0.314347
0.31434
0.314325
0.314318
0.314302
0.314284
0.31426
0.314233
0.314205
0.314185
0.314164
0.314141
0.314115
0.31408
0.314053
0.314028
0.313995
0.31396
0.313926
0.313894
0.313864
0.313833
0.313794
0.313759
0.313721
0.313692
0.31365
0.313612
0.313576
0.313544
0.313507
0.313465
0.313423
0.31339
0.313357
0.313321
0.313275
0.313231
0.313192
0.313154
0.313108
0.313063
0.313024
0.312983
0.312934
0.312883
0.312836
0.312794
0.312748
0.312698
0.312649
0.312605
0.312556
0.312499
0.312447
0.312406
0.31237
0.312324
0.312263
0.312199
0.312147
0.312095
0.312037
0.31199
0.31195
0.311915
0.311851
0.311794
0.311734
0.311689
0.311623
0.311558
0.311498
0.311449
0.311401
0.311363
0.311324
0.311277
0.311221
0.311154
0.311109
0.311066
0.311026
0.310971
0.310908
0.31085
0.310791
0.310722
0.310674
0.310625
0.310574
0.310512
0.310454
0.310407
0.310371
0.31033
0.310268
0.310197
0.310146
0.310092
0.310029
0.309968
0.309913
0.30986
0.309802
0.309737
0.309678
0.309627
0.309573
0.309508
0.30945
0.309387
0.309332
0.309248
0.309172
0.309096
0.309014
0.308941
0.30888
0.308815
0.308738
0.30866
0.308585
0.308519
0.308428
0.308354
0.308278
0.308149
0.308086
0.308014
0.307942
0.307857
0.307795
0.30774
0.307678
0.307612
0.307543
0.307481
0.307433
0.307386
0.307325
0.307274
0.307194
0.307149
0.307098
0.307043
0.306984
0.306942
0.306889
0.306853
0.306793
0.30674
0.306673
0.306626
0.306576
0.306512
0.306461
0.306404
0.306363
0.306305
0.306247
0.306179
0.306117
0.306065
0.306016
0.305977
0.305918
0.305852
0.305783
0.30573
0.305674
0.305617
0.305567
0.305514
0.305474
0.305431
0.305381
0.305327
0.305273
0.305226
0.305196
0.305159
0.305126
0.305082
0.305049
0.304994
0.304957
0.30492
0.304886
0.304846
0.304805
0.304775
0.304741
0.304714
0.304677
0.304643
0.304602
0.304558
0.304528
0.304505
0.304471
0.30444
0.304403
0.304373
0.304343
0.304313
0.304283
0.304256
0.304226
0.304196
0.304173
0.304157
0.304131
0.304108
0.304082
0.304048
0.304007
0.303977
0.30395
0.303935
0.303919
0.303911
0.303903
0.30388
0.30385
0.303827
0.303797
0.303793
0.303792
0.303795
0.303773
0.303746
0.303715
0.3037
0.303678
0.303662
0.303651
0.303646
0.303631
0.303612
0.3036
0.303593
0.303581
0.303578
0.303578
0.303566
0.303551
0.303535
0.303539
0.303539
0.303535
0.303539
0.303555
0.303559
0.303563
0.303567
0.303567
0.303564
0.303556
0.30356
0.303561
0.303565
0.303569
0.303582
0.303582
0.303587
0.303588
0.303585
0.303593
0.303602
0.303618
0.303618
0.303638
0.303654
0.30367
0.303679
0.303687
0.303703
0.303712
0.30372
0.303733
0.303749
0.303777
0.303797
0.30382
0.303851
0.303875
0.303902
0.303934
0.303954
0.303974
0.303999
0.304031
0.304051
0.304068
0.304093
0.304128
0.304168
0.304196
0.304239
0.304274
0.304321
0.304361
0.304401
0.304444
0.304495
0.304543
0.304591
0.304646
0.304697
0.304756
0.3048
0.304862
0.304914
0.304954
0.305009
0.305068
0.305113
0.30516
0.305212
0.305266
0.305342
0.30542
0.305491
0.305565
0.305625
0.305688
0.305751
0.305814
0.305888
0.305955
0.306033
0.306104
0.306168
0.306243
0.306307
0.306382
0.306449
0.306527
0.306603
0.306682
0.306753
0.306829
0.306897
0.306964
0.307031
0.307091
0.307151
0.307207
0.307268
0.307308
0.307358
0.307399
0.307447
0.307485
0.307526
0.307548
0.307581
0.307607
0.307621
0.307639
0.307649
0.30766
0.307673
0.30768
0.30769
0.307704
0.307719
0.307722
0.307733
0.30774
0.307739
0.307735
0.307742
0.307742
0.307749
0.307744
0.307755
0.307758
0.307769
0.307772
0.307772
0.307763
0.307759
0.307758
0.30775
0.307734
0.307729
0.307724
0.307711
0.307714
0.307697
0.307697
0.30768
0.307663
0.307646
0.307629
0.307616
0.307599
0.307574
0.307562
0.307548
0.30752
0.307511
0.307498
0.307466
0.307442
0.307421
0.307396
0.307372
0.307351
0.307326
0.307317
0.3073
0.307271
0.30727
0.307249
0.307216
0.307183
0.307147
0.30711
0.307054
0.307013
0.306964
0.306912
0.306863
0.306818
0.306769
0.306725
0.306672
0.306615
0.306542
0.306481
0.306417
0.30636
0.306287
0.306226
0.306169
0.306104
0.306035
0.305983
0.305922
0.305861
0.305797
0.305736
0.305679
0.305615
0.305563
0.30547
0.30543
0.305346
0.305302
0.305261
0.305225
0.305201
0.305177
0.305122
0.30509
0.305066
0.305046
0.305026
0.304995
0.304967
0.304935
0.304907
0.30488
0.304856
0.304828
0.3048
0.304768
0.304736
0.3047
0.304664
0.304632
0.304593
0.304553
0.304513
0.30447
0.304427
0.304375
0.304332
0.304288
0.304245
0.304194
0.304146
0.304099
0.304047
0.304004
0.303949
0.303909
0.303862
0.303815
0.303763
0.303716
0.303669
0.303614
0.303563
0.303516
0.303465
0.303415
0.303364
0.303317
0.303266
0.303224
0.303172
0.30313
0.303091
0.303044
0.30299
0.302943
0.302896
0.302849
0.302799
0.302752
0.302698
0.302655
0.302601
0.302554
0.302504
0.302458
0.302407
0.302361
0.302298
0.302252
0.302202
0.30216
0.302109
0.302067
0.302028
0.301993
0.301957
0.301919
0.301892
0.301861
0.30183
0.301799
0.301773
0.301746
0.301723
0.301709
0.301694
0.301675
0.301665
0.30165
0.301635
0.301624
0.301613
0.301618
0.301603
0.301605
0.301609
0.301606
0.301607
0.301604
0.301609
0.301606
0.301611
0.30161
0.301608
0.301607
0.301606
0.301605
0.301604
0.301603
0.301602
0.301601
0.3016
0.301599
0.301598
0.301596
0.301595
0.301594
0.301593
0.301592
0.30159
0.301589
0.301588
0.301587
0.301585
0.301584
0.301582
0.301581
0.30158
0.301578
0.301577
0.301575
0.301574
0.301572
0.301571
0.301569
0.301568
0.301566
0.301565
0.301564
0.301562
0.30156
0.301559
0.301557
0.301556
0.301554
0.301553
0.301551
0.301549
0.301548
0.301546
0.301544
0.301543
0.301541
0.301539
0.301537
0.301536
0.301534
0.301532
0.301531
0.301529
0.301527
0.301526
0.301524
0.301522
0.301521
0.301519
0.301517
0.301515
0.301514
0.301512
0.30151
0.301509
0.301507
0.301505
0.301504
0.301502
0.3015
0.301498
0.301497
0.301495
0.301493
0.301491
0.30149
0.301488
0.301486
0.301484
0.301483
0.301481
0.301479
0.301478
0.301476
0.301475
0.301473
0.301472
0.30147
0.301469
0.301467
0.301466
0.301464
0.301463
0.301461
0.30146
0.301459
0.301457
0.301456
0.301455
0.301453
0.301452
0.301451
0.301449
0.301448
0.301447
0.301445
0.301444
0.301443
0.301442
0.301441
0.30144
0.301439
0.301438
0.301437
0.301436
0.301435
0.301434
0.301433
0.301432
0.301431
0.30143
0.301429
0.301428
0.301427
0.301426
0.301425
0.301425
0.301424
0.301423
0.301422
0.301421
0.30142
0.30142
0.301419
0.301418
0.301417
0.301417
0.301416
0.301415
0.301415
0.301414
0.301414
0.301413
0.301412
0.301412
0.301411
0.301411
0.30141
0.30141
0.301409
0.301409
0.301408
0.301408
0.301407
0.301407
0.301407
0.301406
0.301406
0.301406
0.301405
0.301405
0.301404
0.301404
0.301404
0.301403
0.301403
0.301403
0.301403
0.301402
0.301402
0.301402
0.301401
0.301401
0.301401
0.301401
0.301401
0.3014
0.3014
0.3014
0.3014
0.3014
0.301399
0.301399
0.301399
0.301399
0.301398
0.301398
0.301398
0.301398
0.301398
0.301397
0.301397
0.301397
0.301397
0.301397
0.301396
0.301396
0.301396
0.301396
0.301396
0.301396
0.301396
0.301395
0.301395
0.301395
0.301395
0.301395
0.301395
0.301395
0.301394
0.301394
0.301394
0.301394
0.301394
0.301393
0.301393
0.301393
0.301393
0.301392
0.301392
0.301392
0.301391
0.301391
0.301391
0.30139
0.30139
0.30139
0.30139
0.301389
0.301389
0.301389
0.301388
0.301388
0.301388
0.301388
0.301387
0.301387
0.301387
0.301386
0.301386
0.301385
0.301385
0.301385
0.301384
0.301384
0.301383
0.301383
0.301382
0.301382
0.301382
0.301381
0.301381
0.30138
0.30138
0.301379
0.301379
0.301379
0.301378
0.301378
0.301378
0.301377
0.301377
0.301377
0.301376
0.301376
0.301376
0.301376
0.301375
0.301375
0.301375
0.301375
0.301374
0.301374
0.301374
0.301373
0.301373
0.301373
0.301373
0.301372
0.301372
0.301372
0.301372
0.301372
0.301371
0.301371
0.301371
0.301371
0.301371
0.301371
0.301371
0.30137
0.30137
0.30137
0.30137
0.30137
0.30137
0.30137
0.30137
0.30137
0.30137
0.30137
0.30137
0.30137
0.30137
0.30137
0.30137
0.30137
0.30137
0.30137
0.30137
0.30137
0.30137
0.30137
0.30137
0.30137
0.30137
0.30137
0.30137
0.30137
0.30137
0.30137
0.30137
0.30137
0.30137
0.30137
0.30137
0.30137
0.30137
0.30137
0.30137
0.30137
0.30137
0.30137
0.30137
0.30137
0.30137
0.30137
0.301371
0.301371
0.301371
0.301371
0.301371
0.301371
0.301371
0.301371
0.301371
0.301371
0.301371
0.301371
0.301371
0.301371
0.301371
0.301372
0.301372
0.301372
0.301372
0.301372
0.301372
0.301372
0.301372
0.301372
0.301372
0.301372
0.301372
0.301373
0.301373
0.301373
0.301373
0.301373
0.301373
0.301373
0.301373
0.301373
0.301373
0.301373
0.301373
0.301373
0.301373
0.301373
0.301373
0.301373
0.301373
0.301372
0.301372
0.301372
0.301372
0.301372
0.301372
0.301372
0.301372
0.301372
0.301372
0.301372
0.301372
0.301372
0.301372
0.301372
0.301372
0.301372
0.301372
0.301372
0.301372
0.301372
0.301372
0.301372
0.301372
0.301372
0.301372
0.301372
0.301372
0.301372
0.301372
0.301372
0.301372
0.301372
0.301372
0.301372
0.301372
0.301371
0.301371
0.301371
0.301371
0.301371
0.301371
0.30137
0.30137
0.30137
0.301369
0.301369
0.301369
0.301369
0.301368
0.301368
0.301368
0.301368
0.301368
0.301367
0.301367
0.301367
0.301367
0.301367
0.301367
0.301366
0.301366
0.301366
0.301366
0.301366
0.301366
0.301365
0.301365
0.301365
0.301365
0.301365
0.301365
0.301364
0.301364
0.301364
0.301364
0.301364
0.301364
0.301364
0.301364
0.301364
0.301364
0.301363
0.301363
0.301363
0.301363
0.301363
0.301363
0.301363
0.301363
0.301363
0.301363
0.301363
0.301363
0.301363
0.301363
0.301363
0.301363
0.301363
0.301363
0.301364
0.301364
0.301364
0.301364
0.301364
0.301364
0.301364
0.301364
0.301364
0.301365
0.301365
0.301365
0.301365
0.301365
0.301365
0.301365
0.301365
0.301366
0.301366
0.301366
0.301366
0.301366
0.301366
0.301366
0.301366
0.301367
0.301367
0.301367
0.301367
0.301367
0.301367
0.301367
0.301368
0.301368
0.301368
0.301368
0.301368
0.301369
0.301369
0.301369
0.30137
0.30137
0.30137
0.30137
0.301371
0.301371
0.301371
0.301372
0.301372
0.301372
0.301372
0.301373
0.301373
0.301373
0.301374
0.301374
0.301374
0.301375
0.301375
0.301376
0.301376
0.301376
0.301377
0.301377
0.301378
0.301378
0.301378
0.301379
0.301379
0.30138
0.30138
0.30138
0.301381
0.301381
0.301381
0.301382
0.301382
0.301382
0.301383
0.301383
0.301383
0.301384
0.301384
0.301384
0.301385
0.301385
0.301385
0.301385
0.301386
0.301386
0.301386
0.301387
0.301387
0.301387
0.301387
0.301388
0.301388
0.301388
0.301388
0.301389
0.301389
0.301389
0.301389
0.30139
0.30139
0.30139
0.30139
0.301391
0.301391
0.301391
0.301391
0.301392
0.301392
0.301392
0.301392
0.301392
0.301393
0.301393
0.301393
0.301393
0.301393
0.301393
0.301393
0.301393
0.301394
0.301394
0.301394
0.301394
0.301394
0.301394
0.301394
0.301394
0.301394
0.301395
0.301395
0.301395
0.301395
0.301395
0.301395
0.301395
0.301396
0.301396
0.301396
0.301396
0.301396
0.301396
0.301396
0.301397
0.301397
0.301397
0.301397
0.301397
0.301397
0.301397
0.301397
0.301397
0.301397
0.301398
0.301398
0.301398
0.301398
0.301398
0.301398
0.301398
0.301398
0.301398
0.301398
0.301398
0.301398
0.301398
0.301398
0.301397
0.301397
0.301397
0.301397
0.301397
0.301397
0.301397
0.301397
0.301397
0.301397
0.301397
0.301397
0.301397
0.301396
0.301396
0.301396
0.301396
0.301396
0.301396
0.301396
0.301396
0.301396
0.301395
