0.487947
0.487947
0.487947
0.487947
0.487947
0.487947
0.487947
0.487947
0.487947
0.487947
0.487947
0.487947
0.487947
0.487947
0.487947
0.487947
0.487947
0.487947
0.487947
0.487947
0.487947
0.487947
0.487947
0.487947
0.487947
0.487947
0.487947
0.487947
0.487947
0.487947
0.487947
0.487947
0.487947
0.487947
0.487947
0.487947
0.487947
0.487947
0.487947
0.487947
0.487947
0.487947
0.487947
0.487947
0.487947
0.487947
0.487947
0.487948
0.487948
0.487948
0.487948
0.487948
0.487948
0.487948
0.487948
0.487948
0.487949
0.487949
0.487949
0.487949
0.487949
0.487949
0.487949
0.48795
0.48795
0.48795
0.48795
0.48795
0.48795
0.487951
0.487951
0.487951
0.487952
0.487952
0.487952
0.487953
0.487953
0.487953
0.487954
0.487954
0.487954
0.487955
0.487955
0.487956
0.487956
0.487957
0.487957
0.487958
0.487958
0.487958
0.487959
0.48796
0.48796
0.487961
0.487961
0.487962
0.487962
0.487963
0.487964
0.487964
0.487965
0.487965
0.487966
0.487967
0.487967
0.487968
0.487969
0.487969
0.48797
0.48797
0.487971
0.487971
0.487972
0.487972
0.487973
0.487973
0.487974
0.487974
0.487975
0.487975
0.487976
0.487976
0.487977
0.487977
0.487978
0.487978
0.487979
0.487979
0.48798
0.48798
0.487981
0.487981
0.487982
0.487982
0.487983
0.487983
0.487984
0.487984
0.487985
0.487985
0.487986
0.487986
0.487987
0.487988
0.487988
0.487989
0.487989
0.48799
0.487991
0.487991
0.487992
0.487992
0.487993
0.487994
0.487994
0.487995
0.487995
0.487996
0.487996
0.487997
0.487998
0.487998
0.487999
0.487999
0.488
0.488001
0.488001
0.488002
0.488002
0.488003
0.488003
0.488004
0.488004
0.488005
0.488005
0.488006
0.488007
0.488007
0.488008
0.488008
0.488008
0.488009
0.488009
0.48801
0.48801
0.488011
0.488011
0.488011
0.488012
0.488012
0.488013
0.488013
0.488014
0.488014
0.488014
0.488015
0.488015
0.488016
0.488016
0.488017
0.488017
0.488017
0.488018
0.488018
0.488018
0.488019
0.488019
0.48802
0.48802
0.48802
0.488021
0.488021
0.488021
0.488021
0.488022
0.488022
0.488022
0.488023
0.488023
0.488023
0.488023
0.488024
0.488024
0.488024
0.488024
0.488025
0.488025
0.488025
0.488025
0.488025
0.488026
0.488026
0.488026
0.488026
0.488027
0.488027
0.488027
0.488027
0.488027
0.488028
0.488028
0.488028
0.488028
0.488028
0.488029
0.488029
0.488029
0.488029
0.488029
0.488029
0.48803
0.48803
0.48803
0.48803
0.48803
0.48803
0.48803
0.488031
0.488031
0.488031
0.488031
0.488031
0.488032
0.488032
0.488032
0.488032
0.488032
0.488033
0.488033
0.488033
0.488033
0.488034
0.488034
0.488034
0.488034
0.488035
0.488035
0.488035
0.488035
0.488036
0.488036
0.488036
0.488036
0.488037
0.488037
0.488037
0.488037
0.488038
0.488038
0.488038
0.488038
0.488039
0.488039
0.488039
0.488039
0.48804
0.48804
0.48804
0.48804
0.48804
0.48804
0.48804
0.48804
0.488041
0.488041
0.488041
0.488041
0.488041
0.488041
0.488041
0.488041
0.488041
0.488041
0.488041
0.488041
0.488041
0.488041
0.488041
0.488041
0.488041
0.488041
0.488041
0.488041
0.488041
0.488041
0.488041
0.488041
0.488041
0.488041
0.488041
0.488041
0.48804
0.48804
0.48804
0.48804
0.48804
0.488039
0.488039
0.488039
0.488039
0.488039
0.488038
0.488038
0.488038
0.488038
0.488037
0.488037
0.488037
0.488037
0.488037
0.488037
0.488036
0.488036
0.488036
0.488036
0.488036
0.488036
0.488035
0.488035
0.488035
0.488035
0.488035
0.488035
0.488035
0.488035
0.488034
0.488034
0.488034
0.488034
0.488034
0.488034
0.488033
0.488033
0.488033
0.488033
0.488033
0.488032
0.488032
0.488032
0.488032
0.488032
0.488031
0.488031
0.488031
0.488031
0.48803
0.48803
0.48803
0.48803
0.48803
0.48803
0.488029
0.488029
0.488029
0.488029
0.488029
0.488028
0.488028
0.488028
0.488028
0.488028
0.488028
0.488027
0.488027
0.488027
0.488027
0.488027
0.488027
0.488027
0.488027
0.488026
0.488026
0.488026
0.488026
0.488026
0.488026
0.488026
0.488026
0.488026
0.488026
0.488026
0.488026
0.488026
0.488026
0.488026
0.488025
0.488025
0.488025
0.488025
0.488025
0.488025
0.488025
0.488025
0.488025
0.488025
0.488025
0.488025
0.488025
0.488025
0.488025
0.488025
0.488025
0.488025
0.488025
0.488025
0.488026
0.488026
0.488026
0.488026
0.488026
0.488026
0.488026
0.488027
0.488027
0.488027
0.488027
0.488027
0.488028
0.488028
0.488028
0.488028
0.488028
0.488028
0.488029
0.488029
0.488029
0.488029
0.48803
0.48803
0.48803
0.48803
0.488031
0.488031
0.488031
0.488032
0.488032
0.488032
0.488032
0.488033
0.488033
0.488033
0.488034
0.488034
0.488034
0.488035
0.488035
0.488035
0.488036
0.488036
0.488036
0.488037
0.488037
0.488037
0.488038
0.488038
0.488038
0.488039
0.488039
0.488039
0.488039
0.488039
0.48804
0.48804
0.48804
0.48804
0.48804
0.488041
0.488041
0.488041
0.488041
0.488041
0.488041
0.488041
0.488041
0.488041
0.488042
0.488042
0.488042
0.488042
0.488042
0.488042
0.488042
0.488042
0.488042
0.488042
0.488042
0.488042
0.488041
0.488041
0.488041
0.488041
0.488041
0.488041
0.488041
0.488041
0.488041
0.488041
0.488041
0.488041
0.488041
0.488041
0.48804
0.48804
0.48804
0.48804
0.48804
0.48804
0.48804
0.48804
0.48804
0.48804
0.488039
0.488039
0.488039
0.488039
0.488039
0.488039
0.488039
0.488038
0.488038
0.488038
0.488038
0.488038
0.488038
0.488038
0.488038
0.488038
0.488038
0.488038
0.488038
0.488038
0.488038
0.488037
0.488037
0.488037
0.488037
0.488037
0.488037
0.488037
0.488037
0.488037
0.488037
0.488037
0.488037
0.488037
0.488038
0.488038
0.488038
0.488038
0.488038
0.488038
0.488038
0.488038
0.488038
0.488038
0.488038
0.488038
0.488038
0.488038
0.488038
0.488038
0.488038
0.488038
0.488038
0.488038
0.488038
0.488038
0.488038
0.488038
0.488038
0.488039
0.488039
0.488039
0.488039
0.488039
0.488039
0.488039
0.488039
0.488039
0.488039
0.488039
0.488039
0.488038
0.488038
0.488038
0.488038
0.488038
0.488038
0.488038
0.488038
0.488037
0.488037
0.488037
0.488037
0.488037
0.488036
0.488036
0.488036
0.488036
0.488035
0.488035
0.488035
0.488034
0.488034
0.488034
0.488033
0.488033
0.488032
0.488032
0.488032
0.488031
0.488031
0.488031
0.48803
0.48803
0.488029
0.488029
0.488028
0.488028
0.488027
0.488027
0.488026
0.488026
0.488025
0.488025
0.488024
0.488024
0.488023
0.488022
0.488022
0.488021
0.488021
0.48802
0.48802
0.488019
0.488019
0.488018
0.488018
0.488017
0.488017
0.488016
0.488016
0.488016
0.488015
0.488015
0.488014
0.488014
0.488014
0.488013
0.488013
0.488013
0.488013
0.488012
0.488012
0.488012
0.488011
0.488011
0.488011
0.488011
0.488011
0.48801
0.48801
0.48801
0.48801
0.48801
0.48801
0.48801
0.48801
0.488009
0.488009
0.488009
0.488009
0.488009
0.488009
0.488009
0.488009
0.488009
0.488009
0.488009
0.488009
0.488009
0.488009
0.488008
0.488008
0.488008
0.488008
0.488008
0.488008
0.488008
0.488008
0.488008
0.488008
0.488008
0.488008
0.488008
0.488008
0.488008
0.488008
0.488008
0.488008
0.488008
0.488008
0.488008
0.488008
0.488008
0.488008
0.488008
0.488008
0.488008
0.488008
0.488008
0.488008
0.488008
0.488008
0.488008
0.488008
0.488008
0.488008
0.488008
0.488008
0.488008
0.488008
0.488008
0.488008
0.488008
0.488008
0.488009
0.488009
0.488009
0.488009
0.488009
0.488009
0.488009
0.488009
0.488009
0.488009
0.488009
0.488009
0.488009
0.488009
0.488009
0.48801
0.48801
0.48801
0.48801
0.48801
0.48801
0.48801
0.48801
0.48801
0.48801
0.48801
0.48801
0.488011
0.488011
0.488011
0.488011
0.488011
0.488011
0.488011
0.488011
0.488011
0.488012
0.488012
0.488012
0.488012
0.488012
0.488013
0.488013
0.488013
0.488014
0.488014
0.488014
0.488014
0.488015
0.488015
0.488015
0.488015
0.488016
0.488016
0.488016
0.488016
0.488017
0.488017
0.488017
0.488018
0.488018
0.488018
0.488019
0.488019
0.488019
0.48802
0.48802
0.488021
0.488021
0.488021
0.488022
0.488022
0.488023
0.488023
0.488024
0.488024
0.488024
0.488025
0.488025
0.488026
0.488026
0.488027
0.488027
0.488028
0.488028
0.488029
0.488029
0.48803
0.48803
0.488031
0.488031
0.488032
0.488032
0.488033
0.488033
0.488034
0.488034
0.488035
0.488035
0.488036
0.488036
0.488037
0.488037
0.488038
0.488038
0.488039
0.48804
0.48804
0.488041
0.488041
0.488042
0.488042
0.488043
0.488043
0.488044
0.488044
0.488045
0.488045
0.488046
0.488046
0.488047
0.488047
0.488048
0.488048
0.488048
0.488049
0.488049
0.48805
0.48805
0.488051
0.488051
0.488051
0.488052
0.488052
0.488053
0.488053
0.488053
0.488054
0.488054
0.488054
0.488055
0.488055
0.488055
0.488056
0.488056
0.488056
0.488057
0.488057
0.488058
0.488058
0.488059
0.488059
0.48806
0.48806
0.488061
0.488061
0.488062
0.488062
0.488063
0.488063
0.488064
0.488064
0.488065
0.488066
0.488066
0.488067
0.488068
0.488068
0.488069
0.488069
0.48807
0.488071
0.488071
0.488072
0.488072
0.488073
0.488074
0.488074
0.488075
0.488075
0.488076
0.488077
0.488077
0.488078
0.488078
0.488079
0.488079
0.48808
0.48808
0.488081
0.488081
0.488082
0.488082
0.488083
0.488083
0.488084
0.488084
0.488085
0.488085
0.488086
0.488086
0.488087
0.488087
0.488088
0.488089
0.488089
0.48809
0.48809
0.488091
0.488091
0.488092
0.488092
0.488093
0.488093
0.488094
0.488094
0.488095
0.488095
0.488096
0.488096
0.488097
0.488097
0.488098
0.488098
0.488099
0.488099
0.4881
0.4881
0.488101
0.488101
0.488102
0.488102
0.488103
0.488103
0.488104
0.488104
0.488105
0.488105
0.488106
0.488106
0.488106
0.488107
0.488107
0.488107
0.488108
0.488108
0.488108
0.488109
0.488109
0.488109
0.488109
0.488109
0.48811
0.48811
0.48811
0.48811
0.48811
0.488111
0.488111
0.488111
0.488111
0.488111
0.488111
0.488111
0.488111
0.488112
0.488112
0.488112
0.488112
0.488112
0.488112
0.488112
0.488112
0.488112
0.488112
0.488112
0.488112
0.488112
0.488112
0.488112
0.488112
0.488112
0.488112
0.488112
0.488112
0.488112
0.488112
0.488112
0.488112
0.488112
0.488112
0.488112
0.488112
0.488112
0.488112
0.488112
0.488112
0.488112
0.488111
0.488111
0.488111
0.488111
0.488111
0.488111
0.488111
0.488111
0.488111
0.488111
0.488111
0.488111
0.488111
0.488111
0.488111
0.488111
0.48811
0.48811
0.48811
0.48811
0.48811
0.48811
0.48811
0.48811
0.488109
0.488109
0.488109
0.488109
0.488108
0.488108
0.488108
0.488108
0.488108
0.488107
0.488107
0.488107
0.488107
0.488107
0.488106
0.488106
0.488106
0.488106
0.488105
0.488105
0.488105
0.488105
0.488105
0.488105
0.488104
0.488104
0.488104
0.488104
0.488104
0.488103
0.488103
0.488103
0.488103
0.488102
0.488102
0.488102
0.488102
0.488101
0.488101
0.488101
0.4881
0.4881
0.4881
0.4881
0.488099
0.488099
0.488099
0.488098
0.488098
0.488098
0.488098
0.488097
0.488097
0.488097
0.488096
0.488096
0.488096
0.488095
0.488095
0.488094
0.488094
0.488094
0.488093
0.488093
0.488093
0.488092
0.488092
0.488091
0.488091
0.48809
0.48809
0.48809
0.488089
0.488089
0.488088
0.488088
0.488087
0.488087
0.488086
0.488086
0.488085
0.488085
0.488084
0.488084
0.488083
0.488083
0.488082
0.488081
0.488081
0.48808
0.48808
0.488079
0.488078
0.488078
0.488077
0.488076
0.488076
0.488075
0.488075
0.488074
0.488073
0.488073
0.488072
0.488071
0.488071
0.48807
0.48807
0.488069
0.488069
0.488068
0.488068
0.488067
0.488067
0.488066
0.488066
0.488065
0.488065
0.488064
0.488064
0.488063
0.488063
0.488062
0.488062
0.488061
0.488061
0.48806
0.48806
0.488059
0.488059
0.488058
0.488058
0.488058
0.488057
0.488057
0.488056
0.488056
0.488056
0.488056
0.488055
0.488055
0.488055
0.488055
0.488054
0.488054
0.488054
0.488054
0.488054
0.488053
0.488053
0.488053
0.488053
0.488053
0.488053
0.488053
0.488053
0.488053
0.488053
0.488053
0.488053
0.488053
0.488053
0.488053
0.488053
0.488053
0.488053
0.488053
0.488053
0.488054
0.488054
0.488054
0.488054
0.488054
0.488054
0.488054
0.488054
0.488054
0.488054
0.488054
0.488055
0.488055
0.488055
0.488055
0.488055
0.488055
0.488055
0.488056
0.488056
0.488056
0.488056
0.488056
0.488056
0.488056
0.488057
0.488057
0.488057
0.488057
0.488057
0.488058
0.488058
0.488058
0.488058
0.488059
0.488059
0.488059
0.488059
0.48806
0.48806
0.48806
0.48806
0.48806
0.48806
0.488061
0.488061
0.488061
0.488061
0.488061
0.488062
0.488062
0.488062
0.488062
0.488062
0.488062
0.488062
0.488062
0.488063
0.488063
0.488063
0.488063
0.488063
0.488063
0.488063
0.488063
0.488064
0.488064
0.488064
0.488064
0.488064
0.488064
0.488064
0.488064
0.488065
0.488065
0.488065
0.488065
0.488065
0.488065
0.488065
0.488065
0.488065
0.488065
0.488065
0.488065
0.488065
0.488065
0.488064
0.488064
0.488064
0.488064
0.488064
0.488064
0.488064
0.488064
0.488064
0.488064
0.488063
0.488063
0.488063
0.488063
0.488063
0.488063
0.488062
0.488062
0.488062
0.488062
0.488062
0.488062
0.488062
0.488062
0.488062
0.488062
0.488062
0.488062
0.488062
0.488062
0.488062
0.488062
0.488062
0.488062
0.488062
0.488062
0.488062
0.488062
0.488062
0.488062
0.488062
0.488062
0.488062
0.488063
0.488063
0.488063
0.488063
0.488063
0.488063
0.488063
0.488063
0.488064
0.488064
0.488064
0.488064
0.488064
0.488064
0.488064
0.488064
0.488064
0.488064
0.488064
0.488065
0.488065
0.488065
0.488065
0.488065
0.488065
0.488065
0.488065
0.488065
0.488065
0.488066
0.488066
0.488066
0.488066
0.488066
0.488066
0.488066
0.488067
0.488067
0.488067
0.488067
0.488067
0.488067
0.488067
0.488068
0.488068
0.488068
0.488068
0.488068
0.488068
0.488069
0.488069
0.488069
0.488069
0.488069
0.488069
0.48807
0.48807
0.48807
0.48807
0.48807
0.488071
0.488071
0.488071
0.488071
0.488072
0.488072
0.488072
0.488072
0.488073
0.488073
0.488073
0.488073
0.488074
0.488074
0.488074
0.488075
0.488075
0.488076
0.488076
0.488076
0.488077
0.488077
0.488077
0.488078
0.488078
0.488079
0.488079
0.488079
0.48808
0.48808
0.48808
0.488081
0.488081
0.488081
0.488082
0.488082
0.488082
0.488082
0.488083
0.488083
0.488083
0.488084
0.488084
0.488084
0.488084
0.488084
0.488085
0.488085
0.488085
0.488085
0.488085
0.488085
0.488085
0.488086
0.488086
0.488086
0.488086
0.488086
0.488086
0.488086
0.488086
0.488087
0.488087
0.488087
0.488087
0.488087
0.488087
0.488088
0.488088
0.488088
0.488088
0.488088
0.488089
0.488089
0.488089
0.488089
0.488089
0.48809
0.48809
0.48809
0.48809
0.48809
0.488091
0.488091
0.488091
0.488091
0.488092
0.488092
0.488092
0.488092
0.488092
0.488093
0.488093
0.488093
0.488093
0.488094
0.488094
0.488094
0.488094
0.488094
0.488095
0.488095
0.488095
0.488095
0.488095
0.488096
0.488096
0.488096
0.488038
0.487992
0.487949
0.487905
0.487867
0.487826
0.487794
0.487769
0.487737
0.487716
0.487695
0.487673
0.487654
0.487639
0.487623
0.487608
0.487594
0.487584
0.487568
0.487557
0.487547
0.48754
0.487533
0.487523
0.487516
0.487507
0.487497
0.487488
0.487482
0.487471
0.487459
0.487441
0.48743
0.487414
0.487394
0.487376
0.487349
0.487331
0.487284
0.487262
0.487238
0.487218
0.487201
0.48718
0.487163
0.487147
0.487131
0.487124
0.487107
0.487091
0.487078
0.487064
0.487052
0.487044
0.487029
0.487019
0.487007
0.486994
0.486984
0.48698
0.486969
0.486964
0.486959
0.486947
0.486937
0.486924
0.486909
0.486894
0.486882
0.486874
0.486867
0.486863
0.486854
0.486846
0.486835
0.486827
0.486809
0.486794
0.486775
0.486761
0.486754
0.486742
0.486732
0.486725
0.486709
0.486696
0.48668
0.486669
0.486653
0.486637
0.486618
0.486595
0.486578
0.486564
0.486558
0.486554
0.486546
0.486533
0.48652
0.486508
0.486491
0.48648
0.486473
0.486469
0.486464
0.486457
0.48645
0.486442
0.48644
0.486432
0.486432
0.48643
0.486424
0.486415
0.486408
0.486407
0.486398
0.486386
0.486365
0.486352
0.486336
0.486329
0.486322
0.486309
0.48629
0.486268
0.486246
0.486228
0.48621
0.486193
0.486161
0.486132
0.486107
0.486076
0.486047
0.486021
0.485983
0.48594
0.485891
0.485852
0.485815
0.485777
0.485735
0.485691
0.485647
0.485604
0.485573
0.485533
0.485489
0.48544
0.485393
0.48535
0.485313
0.485279
0.485243
0.485203
0.48517
0.485135
0.485115
0.485087
0.48507
0.485047
0.485027
0.48501
0.484989
0.484977
0.484966
0.484954
0.484943
0.484931
0.484916
0.484912
0.484908
0.484907
0.484906
0.484905
0.484904
0.4849
0.4849
0.484902
0.484911
0.484912
0.484919
0.484923
0.484931
0.484937
0.484946
0.484958
0.484973
0.484981
0.484995
0.485013
0.485024
0.485035
0.485055
0.485078
0.485092
0.485106
0.48512
0.48513
0.485147
0.485164
0.485175
0.485181
0.485195
0.485203
0.485214
0.485223
0.485232
0.485243
0.485246
0.485249
0.485252
0.485262
0.485265
0.485269
0.485269
0.485265
0.485263
0.485267
0.485282
0.485281
0.485272
0.485265
0.485264
0.485257
0.485247
0.485238
0.485237
0.485237
0.48523
0.485213
0.485191
0.485189
0.485182
0.485158
0.485142
0.485127
0.48511
0.48509
0.485076
0.485056
0.485037
0.485014
0.484991
0.484974
0.484963
0.484949
0.484927
0.484904
0.484871
0.484851
0.48483
0.484822
0.484806
0.484791
0.484781
0.48477
0.484767
0.484766
0.484762
0.484755
0.484751
0.48474
0.484734
0.484731
0.484725
0.484722
0.484722
0.484719
0.484717
0.484726
0.484728
0.484725
0.484722
0.484711
0.484706
0.484708
0.484706
0.484705
0.484698
0.484697
0.484693
0.48469
0.484695
0.484705
0.484713
0.484721
0.484726
0.484728
0.48473
0.484732
0.484743
0.48476
0.484773
0.484792
0.484809
0.484828
0.484839
0.484864
0.484889
0.484917
0.484944
0.484984
0.485009
0.485045
0.485079
0.48511
0.485132
0.485163
0.485194
0.485221
0.485261
0.485297
0.485334
0.485371
0.485408
0.485444
0.485476
0.485515
0.485544
0.485581
0.485621
0.485653
0.48569
0.485728
0.485771
0.485806
0.485842
0.485871
0.485901
0.485928
0.485955
0.485984
0.486012
0.48603
0.486052
0.486073
0.486089
0.4861
0.486113
0.486133
0.486141
0.486152
0.486166
0.486169
0.486181
0.486181
0.486184
0.486188
0.486197
0.486203
0.486204
0.486205
0.486201
0.486202
0.486204
0.486206
0.486205
0.486205
0.486202
0.486196
0.486195
0.486203
0.4862
0.486203
0.486201
0.486205
0.486206
0.486219
0.486226
0.486239
0.486243
0.486239
0.486247
0.486254
0.486259
0.486268
0.486265
0.486265
0.486271
0.486277
0.486283
0.486287
0.486279
0.486271
0.486274
0.486278
0.486288
0.486296
0.486294
0.486293
0.4863
0.486302
0.486295
0.486303
0.486307
0.486315
0.486332
0.48634
0.486351
0.486365
0.486373
0.48639
0.486408
0.486427
0.486442
0.486453
0.486462
0.486476
0.486489
0.486503
0.486525
0.486542
0.48656
0.486583
0.486603
0.486627
0.486648
0.486673
0.486685
0.486703
0.48671
0.486731
0.486753
0.486786
0.486816
0.486843
0.486864
0.486889
0.486917
0.486938
0.486958
0.486984
0.487009
0.487034
0.487065
0.487093
0.487116
0.487147
0.487172
0.487198
0.487216
0.487248
0.487274
0.487299
0.487325
0.487356
0.487376
0.487396
0.487417
0.487446
0.487475
0.487501
0.487528
0.487554
0.487578
0.487596
0.487619
0.487645
0.487666
0.487689
0.487718
0.487744
0.487762
0.487785
0.487805
0.487824
0.487839
0.487854
0.487864
0.487884
0.487906
0.487924
0.48794
0.487965
0.487992
0.488009
0.488026
0.488053
0.488073
0.488104
0.488131
0.488161
0.488181
0.4882
0.488214
0.48823
0.488246
0.488259
0.488277
0.488294
0.488313
0.488333
0.488347
0.488363
0.488374
0.488387
0.488407
0.488429
0.488447
0.488462
0.48848
0.488488
0.488504
0.488517
0.488531
0.488559
0.488577
0.488601
0.488627
0.488643
0.488659
0.488678
0.488702
0.488727
0.488758
0.488781
0.488801
0.488812
0.488839
0.488863
0.488884
0.488905
0.488917
0.488931
0.488947
0.488966
0.488984
0.489006
0.489028
0.489044
0.489055
0.489073
0.489097
0.489117
0.489144
0.489159
0.489173
0.489193
0.489215
0.489235
0.489263
0.489285
0.489308
0.489319
0.489337
0.489357
0.489383
0.489404
0.489431
0.489455
0.489476
0.4895
0.489525
0.489546
0.489577
0.489601
0.489619
0.48963
0.489652
0.489673
0.489691
0.489722
0.489748
0.489772
0.489792
0.489816
0.489834
0.489852
0.489864
0.48989
0.48991
0.489933
0.489955
0.489982
0.490003
0.490023
0.490047
0.490072
0.490095
0.490122
0.49015
0.490182
0.490207
0.490235
0.490266
0.490292
0.49032
0.490348
0.490381
0.490412
0.490443
0.490481
0.490515
0.490548
0.490587
0.490626
0.49067
0.490708
0.490749
0.490794
0.490828
0.490866
0.490899
0.490936
0.49097
0.491008
0.491047
0.491097
0.491146
0.491186
0.491235
0.491283
0.491333
0.491378
0.49142
0.491466
0.491509
0.491552
0.491595
0.491643
0.491688
0.491734
0.491779
0.491823
0.491874
0.491918
0.491963
0.49201
0.492056
0.492109
0.492156
0.492198
0.492249
0.492295
0.492342
0.492393
0.492446
0.492497
0.492548
0.492603
0.492661
0.492712
0.492763
0.492814
0.492868
0.492926
0.492978
0.493038
0.4931
0.493162
0.493221
0.493281
0.49334
0.493398
0.493453
0.493511
0.493591
0.493663
0.493734
0.493805
0.493882
0.493941
0.493997
0.494057
0.494111
0.494167
0.494226
0.494288
0.49434
0.494397
0.494456
0.49452
0.494595
0.49467
0.494745
0.494816
0.494878
0.494939
0.49499
0.495046
0.495106
0.495164
0.495219
0.495279
0.495333
0.495385
0.495435
0.495491
0.495548
0.495599
0.495659
0.495712
0.495763
0.495807
0.495852
0.495907
0.495961
0.496007
0.49606
0.496109
0.496154
0.496197
0.496244
0.496291
0.496333
0.496375
0.496414
0.496453
0.496487
0.496526
0.496579
0.496631
0.496678
0.496718
0.496749
0.496785
0.496827
0.496871
0.496914
0.496958
0.496994
0.497044
0.497085
0.497133
0.49717
0.497204
0.497251
0.497291
0.497335
0.497377
0.497412
0.497449
0.497499
0.497545
0.497595
0.497629
0.497657
0.497705
0.497757
0.497812
0.497869
0.497913
0.497958
0.498003
0.498042
0.498071
0.498113
0.498151
0.498194
0.498245
0.498278
0.498329
0.498364
0.498398
0.498431
0.498462
0.498487
0.498501
0.498508
0.498512
0.498516
0.49853
0.498542
0.498551
0.498565
0.498566
0.498569
0.498575
0.498572
0.498566
0.498551
0.498526
0.498497
0.498452
0.498415
0.49837
0.498324
0.498278
0.49823
0.498177
0.498123
0.498075
0.498024
0.497967
0.497906
0.497843
0.49778
0.497722
0.497663
0.497603
0.497546
0.49749
0.497437
0.497387
0.497342
0.4973
0.49726
0.497227
0.497194
0.497164
0.497137
0.497107
0.497085
0.497063
0.497044
0.49702
0.497005
0.49699
0.49698
0.49697
0.496966
0.496962
0.496962
0.496963
0.496962
0.496964
0.496965
0.496972
0.496973
0.496977
0.49698
0.49698
0.496983
0.496982
0.496976
0.496972
0.496967
0.496959
0.496951
0.496936
0.496918
0.496903
0.496882
0.496862
0.496837
0.49681
0.496783
0.496753
0.496721
0.496688
0.496656
0.496618
0.496577
0.496543
0.496502
0.496461
0.496422
0.496379
0.496334
0.496288
0.496245
0.4962
0.496152
0.496107
0.496062
0.496017
0.495974
0.495931
0.495891
0.495852
0.495812
0.495771
0.495737
0.495698
0.495664
0.495626
0.495596
0.495564
0.495535
0.495514
0.495489
0.495471
0.495446
0.49543
0.495406
0.495388
0.495368
0.49535
0.495328
0.495313
0.495295
0.495278
0.49526
0.495242
0.495227
0.495212
0.495197
0.495183
0.495168
0.49515
0.495135
0.495121
0.495103
0.495087
0.495069
0.495047
0.495027
0.495011
0.494989
0.494968
0.494947
0.494925
0.494907
0.494884
0.494866
0.494842
0.494824
0.494804
0.494785
0.494765
0.494745
0.494726
0.494709
0.49469
0.494673
0.494654
0.494637
0.494619
0.494603
0.494587
0.494571
0.494556
0.494542
0.494527
0.494512
0.494494
0.494479
0.494461
0.494443
0.494426
0.494408
0.494391
0.494374
0.494351
0.494334
0.494318
0.494297
0.494279
0.494262
0.494241
0.494219
0.494203
0.494181
0.494164
0.494143
0.494125
0.49411
0.49409
0.494073
0.494059
0.494042
0.494027
0.494013
0.493999
0.493983
0.493968
0.493955
0.493943
0.493929
0.493916
0.493902
0.493888
0.493875
0.493862
0.493845
0.493833
0.49382
0.493807
0.493791
0.493779
0.493763
0.493751
0.493739
0.493721
0.493709
0.493696
0.493681
0.493669
0.493657
0.493644
0.493629
0.493617
0.493605
0.493592
0.49358
0.493566
0.493554
0.493543
0.493535
0.493521
0.49351
0.493498
0.493487
0.493476
0.493466
0.493455
0.493445
0.493434
0.493423
0.493417
0.493407
0.493398
0.493387
0.493375
0.493364
0.493355
0.493343
0.493331
0.493319
0.493307
0.493293
0.493282
0.493268
0.493259
0.493252
0.493242
0.493235
0.493226
0.493216
0.493207
0.493201
0.493197
0.493188
0.493184
0.493179
0.493173
0.493165
0.493156
0.493153
0.493146
0.493138
0.493133
0.493124
0.493116
0.493107
0.4931
0.49309
0.493081
0.493075
0.493066
0.493055
0.493047
0.493038
0.49303
0.49302
0.493013
0.493002
0.492993
0.492982
0.492973
0.492963
0.492956
0.49295
0.492938
0.492932
0.492926
0.492919
0.492913
0.492907
0.492902
0.492897
0.492894
0.492892
0.492886
0.492882
0.492876
0.492875
0.492872
0.492866
0.492864
0.492858
0.492853
0.492846
0.492839
0.49283
0.492826
0.492821
0.492816
0.492808
0.492803
0.492795
0.492791
0.492783
0.492778
0.49277
0.492766
0.492758
0.49275
0.492748
0.492743
0.492739
0.492735
0.492731
0.492726
0.492726
0.492722
0.492721
0.492715
0.492714
0.49271
0.49271
0.492704
0.492703
0.492703
0.492699
0.492699
0.492698
0.492695
0.492694
0.49269
0.492691
0.492687
0.492683
0.49268
0.492676
0.49267
0.492666
0.492658
0.492654
0.49265
0.492647
0.492643
0.492639
0.492632
0.492628
0.492624
0.49262
0.492617
0.492613
0.492609
0.492606
0.492602
0.492599
0.492599
0.492595
0.492592
0.492586
0.492586
0.492583
0.492582
0.492578
0.492575
0.492572
0.492567
0.492564
0.49256
0.492554
0.492547
0.492544
0.492537
0.492529
0.492522
0.492512
0.492502
0.492491
0.492479
0.492468
0.492454
0.492445
0.492431
0.492422
0.492411
0.492395
0.492385
0.492369
0.492358
0.492347
0.492332
0.492317
0.492301
0.492286
0.49227
0.492254
0.492234
0.492216
0.492202
0.492187
0.492167
0.492153
0.492134
0.492116
0.4921
0.492079
0.49206
0.492041
0.492022
0.492006
0.491992
0.491974
0.491956
0.491935
0.49192
0.491902
0.491882
0.491865
0.491844
0.491822
0.491803
0.491785
0.491767
0.491749
0.491734
0.491711
0.491688
0.491669
0.491651
0.491623
0.491609
0.491594
0.491578
0.491559
0.491539
0.491514
0.491492
0.491464
0.491438
0.491419
0.491405
0.491386
0.491362
0.491342
0.491311
0.491285
0.491264
0.49124
0.491223
0.491194
0.491166
0.491136
0.491109
0.491094
0.491077
0.491065
0.491047
0.491027
0.491007
0.490998
0.490997
0.490989
0.490984
0.490982
0.490976
0.490979
0.490989
0.490992
0.490994
0.491004
0.491014
0.49103
0.491046
0.49106
0.491081
0.49111
0.491128
0.491153
0.491186
0.491226
0.491263
0.491301
0.491331
0.49137
0.491417
0.491465
0.491509
0.491548
0.491578
0.49163
0.491679
0.491722
0.491759
0.491804
0.491849
0.491893
0.491934
0.491965
0.491999
0.49204
0.492084
0.492126
0.492163
0.492204
0.492243
0.492273
0.492304
0.49235
0.492387
0.492421
0.492449
0.492478
0.492505
0.492528
0.492555
0.492581
0.492605
0.492638
0.49266
0.49268
0.492691
0.49272
0.49274
0.49275
0.492759
0.492777
0.492784
0.492794
0.492807
0.492809
0.492812
0.492808
0.492811
0.492798
0.492788
0.49278
0.49278
0.492771
0.492764
0.492754
0.492738
0.492715
0.492692
0.492678
0.492661
0.492638
0.492611
0.492596
0.492579
0.492556
0.492529
0.492519
0.492502
0.492477
0.492449
0.492436
0.492428
0.492413
0.492396
0.492388
0.492369
0.492349
0.492341
0.492338
0.492324
0.492305
0.492295
0.492298
0.492292
0.492283
0.492272
0.492283
0.492283
0.492273
0.492268
0.49227
0.492271
0.492278
0.492286
0.4923
0.492306
0.492312
0.492327
0.492345
0.492355
0.492373
0.492392
0.492412
0.492435
0.492447
0.492458
0.492479
0.492508
0.492527
0.49255
0.492572
0.492608
0.492633
0.492655
0.49268
0.492712
0.492739
0.49276
0.49279
0.492815
0.492849
0.492874
0.492897
0.49292
0.492945
0.492973
0.492984
0.493001
0.493023
0.493044
0.493052
0.493073
0.493086
0.49309
0.493112
0.493136
0.493149
0.493161
0.493185
0.493195
0.493203
0.493233
0.493253
0.493259
0.493266
0.493279
0.493292
0.493303
0.493329
0.493328
0.493336
0.493352
0.493387
0.493406
0.493416
0.493432
0.493451
0.493466
0.493473
0.493491
0.493518
0.493535
0.493551
0.493576
0.493594
0.493613
0.493629
0.493651
0.493664
0.493678
0.493707
0.493743
0.493776
0.493793
0.493814
0.493832
0.493859
0.493889
0.493927
0.493964
0.493989
0.494015
0.49404
0.494081
0.49412
0.494152
0.494184
0.494215
0.494257
0.49429
0.494314
0.494334
0.494369
0.494406
0.494434
0.494459
0.494485
0.494514
0.494537
0.494557
0.494585
0.494612
0.494634
0.494658
0.49468
0.494702
0.494729
0.494752
0.494765
0.494788
0.494811
0.494844
0.494859
0.494883
0.494907
0.494931
0.494951
0.49497
0.494992
0.495017
0.495038
0.495054
0.495076
0.495102
0.495128
0.495144
0.495167
0.49519
0.495218
0.495238
0.495256
0.495281
0.495303
0.495328
0.495352
0.495378
0.495397
0.495419
0.495433
0.495452
0.495481
0.49551
0.495533
0.495556
0.495592
0.495632
0.495661
0.495671
0.495701
0.495727
0.495766
0.49579
0.495822
0.495861
0.495898
0.495927
0.49595
0.495989
0.49602
0.496053
0.496085
0.496108
0.496144
0.496186
0.496228
0.496258
0.496286
0.496321
0.496349
0.49637
0.496399
0.49642
0.496451
0.496484
0.496506
0.496531
0.496553
0.496577
0.496598
0.496617
0.496631
0.496655
0.496682
0.496706
0.496728
0.496742
0.496756
0.496786
0.496816
0.496844
0.496875
0.496899
0.496927
0.496958
0.496988
0.497027
0.497069
0.497106
0.497143
0.497179
0.497202
0.497243
0.497282
0.497325
0.49737
0.497405
0.49745
0.497495
0.497534
0.497568
0.497602
0.497635
0.497671
0.49771
0.49773
0.497761
0.497791
0.497829
0.497863
0.497887
0.497916
0.497944
0.497973
0.498009
0.49804
0.498066
0.498092
0.498114
0.498153
0.498191
0.498217
0.498245
0.498275
0.49831
0.498348
0.498383
0.498411
0.498446
0.498471
0.498508
0.498541
0.498579
0.498607
0.498636
0.498665
0.498703
0.498735
0.498764
0.498789
0.498815
0.498841
0.498871
0.498905
0.498931
0.49895
0.498972
0.498993
0.499022
0.499045
0.499071
0.499093
0.499108
0.499131
0.499156
0.499185
0.49921
0.499228
0.499252
0.499271
0.499296
0.499328
0.499352
0.499383
0.499406
0.499431
0.499457
0.49948
0.499505
0.49954
0.499568
0.499603
0.499622
0.499641
0.499662
0.499674
0.499683
0.499707
0.49973
0.499752
0.499774
0.499797
0.499821
0.499837
0.499856
0.499875
0.499888
0.499903
0.499918
0.499936
0.499951
0.499962
0.499969
0.499977
0.499981
0.499988
0.499989
0.499987
0.499976
0.499966
0.499954
0.499945
0.499931
0.499916
0.499897
0.499879
0.499854
0.499832
0.499808
0.499782
0.499758
0.499729
0.499698
0.499672
0.499645
0.499615
0.499588
0.499557
0.499529
0.499506
0.499475
0.499451
0.499418
0.499389
0.499358
0.499329
0.499304
0.499277
0.499251
0.499226
0.499201
0.499175
0.49915
0.499123
0.499094
0.499071
0.499047
0.499021
0.498993
0.498962
0.498935
0.498907
0.498879
0.498852
0.498827
0.498802
0.498771
0.498746
0.498718
0.49869
0.498658
0.498627
0.498597
0.498567
0.498535
0.4985
0.498468
0.498446
0.498409
0.498377
0.498346
0.498321
0.49829
0.498252
0.498224
0.498191
0.498151
0.498116
0.498076
0.498025
0.49799
0.497949
0.497901
0.497857
0.497814
0.49777
0.497727
0.497686
0.497645
0.497607
0.497566
0.497525
0.497482
0.497441
0.497397
0.497357
0.497319
0.497276
0.497239
0.4972
0.49716
0.497167
0.497173
0.497179
0.497185
0.497191
0.497197
0.497202
0.497208
0.497214
0.49722
0.497225
0.497231
0.497237
0.497242
0.497247
0.497253
0.497258
0.497263
0.497269
0.497274
0.497279
0.497284
0.497289
0.497294
0.497299
0.497304
0.497309
0.497314
0.497319
0.497323
0.497328
0.497333
0.497338
0.497342
0.497347
0.497351
0.497356
0.49736
0.497365
0.497369
0.497373
0.497377
0.497382
0.497386
0.49739
0.497394
0.497398
0.497402
0.497406
0.49741
0.497414
0.497417
0.497421
0.497425
0.497429
0.497433
0.497436
0.49744
0.497444
0.497448
0.497451
0.497455
0.497459
0.497462
0.497466
0.49747
0.497473
0.497477
0.49748
0.497484
0.497487
0.497491
0.497494
0.497498
0.497501
0.497505
0.497508
0.497512
0.497515
0.497519
0.497522
0.497526
0.49753
0.497533
0.497537
0.49754
0.497544
0.497547
0.497551
0.497555
0.497558
0.497562
0.497565
0.497569
0.497573
0.497576
0.49758
0.497584
0.497587
0.497591
0.497595
0.497599
0.497602
0.497606
0.49761
0.497613
0.497617
0.497621
0.497625
0.497628
0.497632
0.497636
0.49764
0.497643
0.497647
0.497651
0.497654
0.497658
0.497661
0.497665
0.497669
0.497672
0.497676
0.497679
0.497683
0.497686
0.49769
0.497693
0.497696
0.4977
0.497703
0.497706
0.49771
0.497713
0.497716
0.497719
0.497722
0.497725
0.497728
0.497731
0.497734
0.497737
0.49774
0.497742
0.497745
0.497748
0.497751
0.497753
0.497756
0.497758
0.497761
0.497763
0.497766
0.497768
0.49777
0.497773
0.497775
0.497778
0.49778
0.497782
0.497785
0.497787
0.497789
0.497791
0.497793
0.497796
0.497798
0.4978
0.497802
0.497804
0.497806
0.497808
0.49781
0.497812
0.497814
0.497816
0.497818
0.49782
0.497822
0.497824
0.497826
0.497828
0.49783
0.497832
0.497834
0.497836
0.497837
0.497839
0.497841
0.497843
0.497844
0.497846
0.497848
0.497849
0.497851
0.497852
0.497854
0.497855
0.497857
0.497858
0.49786
0.497861
0.497863
0.497864
0.497865
0.497867
0.497868
0.497869
0.497871
0.497872
0.497873
0.497875
0.497876
0.497877
0.497878
0.497879
0.497881
0.497882
0.497883
0.497884
0.497885
0.497886
0.497887
0.497888
0.497889
0.49789
0.497892
0.497893
0.497894
0.497895
0.497896
0.497896
0.497897
0.497898
0.497899
0.4979
0.497901
0.497902
0.497903
0.497904
0.497904
0.497905
0.497906
0.497907
0.497907
0.497908
0.497909
0.49791
0.49791
0.497911
0.497912
0.497912
0.497913
0.497914
0.497915
0.497915
0.497916
0.497917
0.497917
0.497918
0.497919
0.497919
0.49792
0.497921
0.497921
0.497922
0.497922
0.497923
0.497923
0.497924
0.497924
0.497925
0.497925
0.497926
0.497926
0.497927
0.497927
0.497928
0.497928
0.497929
0.497929
0.49793
0.49793
0.49793
0.497931
0.497931
0.497932
0.497932
0.497933
0.497933
0.497934
0.497934
0.497935
0.497936
0.497936
0.497937
0.497937
0.497938
0.497938
0.497939
0.497939
0.49794
0.49794
0.497941
0.497942
0.497942
0.497943
0.497943
0.497944
0.497947
0.497946
0.497946
0.497945
0.497945
0.497945
0.497941
0.49794
0.497937
0.497936
0.497932
0.497929
0.497928
0.497924
0.497927
0.497926
0.497929
0.49793
0.497936
0.497942
0.497947
0.497949
0.497957
0.497965
0.497973
0.497981
0.497989
0.497997
0.498008
0.498018
0.498027
0.498035
0.498048
0.498056
0.498067
0.498078
0.498091
0.4981
0.49811
0.498118
0.498129
0.498141
0.498145
0.498151
0.498156
0.498159
0.49816
0.49816
0.498158
0.498161
0.49816
0.49816
0.498156
0.498152
0.498155
0.498151
0.49815
0.498148
0.498138
0.498138
0.498131
0.498122
0.498118
0.498106
0.498096
0.498087
0.49808
0.498081
0.498071
0.498069
0.498059
0.498054
0.498044
0.498044
0.498037
0.498039
0.498045
0.498045
0.498051
0.498051
0.498058
0.498065
0.498069
0.498086
0.498093
0.498096
0.49809
0.498099
0.498099
0.498106
0.498113
0.498122
0.498123
0.498123
0.498127
0.498131
0.498138
0.498143
0.498144
0.498141
0.498133
0.498125
0.49812
0.498121
0.498123
0.498118
0.49811
0.498109
0.498099
0.49809
0.498082
0.498072
0.498061
0.49806
0.498066
0.498069
0.498072
0.498074
0.498067
0.49806
0.498059
0.498062
0.498062
0.498065
0.498068
0.498064
0.498061
0.498061
0.498065
0.498068
0.498065
0.498062
0.498056
0.498055
0.498062
0.498059
0.49806
0.49806
0.498049
0.498041
0.498023
0.498024
0.498023
0.498015
0.498004
0.498003
0.497995
0.497991
0.49799
0.497996
0.497995
0.497985
0.497985
0.497984
0.497984
0.497986
0.497992
0.497995
0.497988
0.49799
0.497987
0.497987
0.497992
0.497992
0.498003
0.498013
0.498015
0.498026
0.498038
0.498043
0.498062
0.498077
0.498096
0.498112
0.498125
0.498135
0.498145
0.498155
0.498167
0.498186
0.498209
0.498227
0.498247
0.498262
0.498279
0.498289
0.498305
0.498325
0.498339
0.498349
0.498362
0.498369
0.498373
0.498384
0.498393
0.498407
0.498414
0.498422
0.498427
0.498428
0.498426
0.49843
0.498441
0.498446
0.498458
0.498462
0.498463
0.498467
0.498465
0.49847
0.498482
0.498484
0.498495
0.498498
0.498506
0.498508
0.498508
0.498513
0.498524
0.498527
0.498533
0.498541
0.498547
0.498554
0.498555
0.498561
0.498571
0.498583
0.498592
0.498602
0.498607
0.498615
0.498619
0.498622
0.498636
0.498643
0.498657
0.498662
0.498671
0.498674
0.498679
0.498679
0.498697
0.498707
0.498719
0.498732
0.498744
0.49876
0.498762
0.498777
0.498793
0.498807
0.498825
0.498843
0.498861
0.49888
0.498896
0.498912
0.498931
0.49895
0.498966
0.498988
0.499015
0.499033
0.499058
0.499086
0.499118
0.499179
0.499204
0.499231
0.499246
0.499273
0.499296
0.499317
0.499362
0.499383
0.499406
0.499448
0.499472
0.499489
0.499511
0.499521
0.499549
0.499573
0.499606
0.499624
0.499635
0.49965
0.499669
0.499689
0.499706
0.499713
0.499731
0.499742
0.499757
0.49977
0.499789
0.499801
0.499807
0.499822
0.499834
0.499849
0.499864
0.499884
0.499896
0.499915
0.499927
0.499933
0.499946
0.499953
0.499962
0.499971
0.499977
0.499993
0.500011
0.500024
0.50003
0.500046
0.500056
0.500062
0.500075
0.500088
0.500103
0.500117
0.500126
0.500134
0.500144
0.500147
0.500154
0.50016
0.500159
0.500175
0.500185
0.500197
0.500208
0.500224
0.500234
0.500245
0.500263
0.500282
0.500291
0.500308
0.50032
0.50033
0.500335
0.500342
0.500348
0.500351
0.500359
0.500365
0.500373
0.500382
0.500393
0.500398
0.500399
0.500404
0.50041
0.500412
0.500418
0.500428
0.500435
0.500437
0.500442
0.500446
0.500454
0.500456
0.500452
0.500453
0.500452
0.500451
0.500449
0.500454
0.500454
0.500452
0.500453
0.500456
0.500456
0.500463
0.500466
0.500477
0.500483
0.500489
0.500498
0.500504
0.500513
0.500527
0.500531
0.500536
0.500547
0.500547
0.500555
0.50056
0.500559
0.500573
0.500575
0.500577
0.500588
0.500597
0.500607
0.500616
0.500626
0.500637
0.500651
0.500661
0.500673
0.500688
0.5007
0.500712
0.500717
0.500732
0.500746
0.500761
0.500773
0.500792
0.500812
0.500835
0.500852
0.500866
0.500883
0.5009
0.500916
0.500934
0.500948
0.500971
0.500994
0.501011
0.501031
0.501049
0.501063
0.501078
0.501104
0.501129
0.501158
0.501178
0.501198
0.501221
0.501236
0.501252
0.501275
0.501297
0.50132
0.501341
0.501364
0.501384
0.501407
0.501423
0.501443
0.501465
0.501493
0.501517
0.501548
0.50157
0.501595
0.501617
0.501642
0.501668
0.501696
0.501724
0.501752
0.501773
0.501795
0.50182
0.501845
0.501864
0.501903
0.501926
0.501954
0.50198
0.502004
0.50203
0.502055
0.502081
0.502107
0.502125
0.502151
0.502175
0.502199
0.502223
0.502249
0.502264
0.502287
0.502304
0.502323
0.502344
0.502373
0.502387
0.502416
0.502435
0.502453
0.502465
0.502476
0.502482
0.502496
0.502509
0.502524
0.50254
0.50255
0.502571
0.502583
0.502596
0.502607
0.502616
0.502626
0.502645
0.50266
0.502676
0.502689
0.502705
0.502721
0.502732
0.502744
0.502759
0.50277
0.502778
0.502798
0.502816
0.502839
0.502858
0.502881
0.502906
0.502927
0.502952
0.502976
0.502996
0.503017
0.503034
0.503059
0.503086
0.503108
0.503127
0.503146
0.503165
0.503181
0.503202
0.503224
0.503246
0.503262
0.503282
0.503298
0.50332
0.503341
0.503364
0.503382
0.503407
0.503424
0.503443
0.503464
0.503484
0.503503
0.503524
0.503546
0.503564
0.503583
0.503601
0.503618
0.503636
0.503651
0.503671
0.503689
0.50371
0.503725
0.503743
0.50376
0.503776
0.503796
0.503814
0.503831
0.503846
0.50386
0.50388
0.503895
0.50391
0.503927
0.503945
0.503966
0.503981
0.503998
0.504013
0.50403
0.504039
0.50405
0.504061
0.504072
0.50408
0.50409
0.504097
0.504105
0.504113
0.504123
0.50413
0.504134
0.504142
0.504146
0.504152
0.50415
0.504153
0.504153
0.504148
0.504151
0.504148
0.504144
0.504135
0.504126
0.504121
0.504112
0.504099
0.504089
0.504076
0.504064
0.504047
0.504031
0.504015
0.503994
0.503975
0.503954
0.503936
0.503914
0.503895
0.503875
0.50385
0.503826
0.503803
0.503779
0.503757
0.503737
0.503717
0.503692
0.503671
0.503647
0.503628
0.503608
0.503586
0.503566
0.503546
0.503526
0.5035
0.50348
0.503462
0.503445
0.50343
0.503413
0.503393
0.503378
0.503361
0.503345
0.503328
0.503314
0.5033
0.503285
0.503273
0.503262
0.503249
0.503234
0.503226
0.503214
0.503205
0.503194
0.503183
0.503175
0.503166
0.503159
0.503148
0.503135
0.503125
0.503116
0.503106
0.50309
0.503077
0.503057
0.503041
0.503027
0.50301
0.502993
0.502978
0.502963
0.502944
0.502926
0.502907
0.502888
0.502867
0.502843
0.502821
0.502796
0.502772
0.502749
0.502719
0.502685
0.502653
0.502628
0.502602
0.502573
0.502545
0.502514
0.502485
0.502455
0.502425
0.502396
0.502362
0.502325
0.502285
0.502247
0.502205
0.502151
0.502107
0.502052
0.502006
0.501949
0.501896
0.501844
0.501799
0.501759
0.501712
0.501659
0.501609
0.501566
0.501522
0.501485
0.501445
0.501408
0.501373
0.501336
0.5013
0.501274
0.501238
0.501204
0.501174
0.501148
0.501122
0.501084
0.501067
0.501052
0.501045
0.501035
0.501029
0.501027
0.501025
0.501024
0.501025
0.501023
0.501025
0.501024
0.501025
0.501024
0.501023
0.501025
0.501025
0.501024
0.501025
0.501025
0.501027
0.501027
0.501029
0.501028
0.501028
0.501025
0.501025
0.501025
0.501024
0.501022
0.501022
0.501022
0.501019
0.501019
0.501019
0.501017
0.501017
0.501014
0.501014
0.501018
0.501015
0.501013
0.501013
0.50101
0.501011
0.501011
0.501011
0.501011
0.501011
0.501015
0.501015
0.501015
0.501012
0.501012
0.501013
0.501013
0.501013
0.501014
0.501014
0.501014
0.501015
0.501015
0.501015
0.501018
0.501015
0.501016
0.501019
0.501019
0.501022
0.501022
0.501025
0.501026
0.501026
0.501029
0.50103
0.501031
0.501034
0.501035
0.501036
0.501037
0.501038
0.501036
0.501037
0.501038
0.501039
0.50104
0.501041
0.501042
0.501047
0.50105
0.501051
0.501052
0.501053
0.501054
0.501055
0.501056
0.501057
0.501058
0.501059
0.50106
0.501061
0.501062
0.501063
0.501064
0.501065
0.501063
0.501064
0.501065
0.501067
0.501068
0.501066
0.501067
0.501071
0.501072
0.50107
0.501069
0.501067
0.501069
0.501072
0.501071
0.501072
0.501076
0.501075
0.501079
0.501077
0.501081
0.50108
0.501084
0.501085
0.501086
0.501084
0.501085
0.501086
0.501087
0.50109
0.501088
0.501085
0.501085
0.501084
0.501081
0.501077
0.501073
0.501072
0.501067
0.501065
0.501064
0.501064
0.501065
0.50106
0.501058
0.501056
0.501053
0.501046
0.501041
0.501036
0.501032
0.501028
0.501024
0.501018
0.501012
0.501008
0.501004
0.501003
0.501007
0.501005
0.501006
0.501007
0.501007
0.501008
0.501013
0.501016
0.501018
0.501022
0.501025
0.501023
0.501026
0.501032
0.501039
0.501045
0.501055
0.501057
0.501068
0.501078
0.501089
0.501098
0.501113
0.501125
0.501134
0.501151
0.50116
0.501173
0.501189
0.501204
0.50122
0.501238
0.501261
0.501283
0.501299
0.501324
0.501343
0.501369
0.501389
0.501411
0.50144
0.501467
0.501492
0.501518
0.501544
0.501573
0.501599
0.501639
0.501678
0.501711
0.501746
0.501787
0.501828
0.50187
0.501905
0.501947
0.501989
0.502025
0.50206
0.502097
0.502127
0.502164
0.502205
0.502246
0.502287
0.502334
0.502377
0.502423
0.502463
0.502508
0.502553
0.502596
0.502643
0.502684
0.50273
0.502771
0.502823
0.502866
0.502908
0.502945
0.502982
0.503012
0.503042
0.503079
0.503115
0.503151
0.503178
0.503202
0.503235
0.503268
0.503298
0.50333
0.503354
0.50338
0.503406
0.50343
0.503451
0.503463
0.503476
0.50349
0.503504
0.503525
0.503541
0.503556
0.503573
0.503583
0.503589
0.5036
0.503603
0.503601
0.503608
0.503611
0.503616
0.503616
0.50362
0.50362
0.503616
0.503621
0.503621
0.503616
0.503598
0.503591
0.503568
0.503553
0.503544
0.503528
0.503508
0.503482
0.503457
0.503432
0.503413
0.503388
0.50336
0.503324
0.503289
0.503261
0.503231
0.503203
0.503172
0.503129
0.503099
0.503075
0.503047
0.503017
0.502986
0.502954
0.502924
0.5029
0.502871
0.502847
0.502809
0.502781
0.502753
0.502727
0.502698
0.502665
0.502634
0.502608
0.502584
0.502557
0.502531
0.502496
0.502466
0.502432
0.502409
0.502376
0.502351
0.502327
0.502301
0.502286
0.502267
0.502241
0.502218
0.502194
0.502184
0.502173
0.502157
0.502137
0.502118
0.502106
0.502096
0.502079
0.502068
0.502052
0.502044
0.502038
0.50203
0.502019
0.502018
0.502027
0.502025
0.502023
0.502022
0.502017
0.502023
0.50202
0.502021
0.502024
0.502027
0.502037
0.502049
0.502054
0.502057
0.502054
0.502056
0.502064
0.502073
0.502077
0.502083
0.502087
0.502095
0.502101
0.502122
0.502137
0.502145
0.502147
0.502139
0.502134
0.502137
0.502137
0.502134
0.502126
0.502128
0.502131
0.502126
0.502118
0.50211
0.502101
0.502088
0.502073
0.502062
0.502044
0.502032
0.502016
0.502005
0.50199
0.501968
0.501958
0.501933
0.501882
0.501859
0.501849
0.501832
0.501806
0.501781
0.50175
0.501732
0.501695
0.501676
0.501652
0.501637
0.501623
0.501598
0.501543
0.501522
0.5015
0.501483
0.501461
0.501415
0.501404
0.501381
0.501372
0.501355
0.501338
0.501327
0.501309
0.501303
0.501294
0.501285
0.501275
0.501271
0.501257
0.501245
0.501244
0.501223
0.501214
0.501205
0.501188
0.501184
0.501172
0.501166
0.501158
0.501144
0.501138
0.501135
0.501138
0.501133
0.501124
0.501105
0.501092
0.501083
0.501077
0.501075
0.501063
0.501051
0.501046
0.501041
0.501039
0.501035
0.501027
0.501009
0.500998
0.500993
0.500995
0.500988
0.50098
0.50097
0.500964
0.50096
0.500952
0.500933
0.500903
0.5009
0.500894
0.500886
0.500874
0.500863
0.500865
0.500863
0.500859
0.500844
0.500837
0.500833
0.500829
0.500821
0.50082
0.50081
0.50081
0.500825
0.500825
0.500828
0.500822
0.500808
0.500818
0.500818
0.500824
0.500834
0.500841
0.500857
0.500877
0.500877
0.500884
0.500885
0.500889
0.500903
0.500913
0.500917
0.500925
0.500925
0.500943
0.500951
0.500959
0.500964
0.500966
0.500971
0.50098
0.500985
0.500988
0.500993
0.500993
0.500999
0.501002
0.501008
0.501014
0.501021
0.501031
0.501041
0.501039
0.501036
0.50104
0.50105
0.501064
0.501078
0.501077
0.501082
0.501083
0.501088
0.501106
0.501117
0.50112
0.501128
0.501134
0.501149
0.501165
0.501173
0.501166
0.501168
0.501161
0.501169
0.501179
0.501184
0.501184
0.501186
0.501183
0.501183
0.501195
0.501196
0.501193
0.501193
0.501181
0.501172
0.501169
0.501167
0.501158
0.501156
0.501143
0.501128
0.501123
0.501113
0.501105
0.501094
0.501083
0.501072
0.501064
0.501047
0.501039
0.501019
0.501007
0.500995
0.500979
0.500967
0.500956
0.500941
0.500923
0.500908
0.500887
0.500875
0.50087
0.500857
0.500846
0.500838
0.500821
0.500813
0.500793
0.500776
0.500764
0.500751
0.500739
0.500726
0.500715
0.500696
0.500686
0.500666
0.500643
0.500621
0.500593
0.500573
0.500546
0.500512
0.500474
0.500405
0.500371
0.500335
0.500311
0.500283
0.500256
0.500225
0.500187
0.500155
0.50012
0.500085
0.500051
0.500011
0.499976
0.499937
0.499893
0.499853
0.499818
0.499779
0.499726
0.499672
0.499616
0.499566
0.499519
0.499475
0.499425
0.499382
0.499326
0.499272
0.499223
0.499154
0.49909
0.499035
0.498981
0.498914
0.498862
0.498815
0.498765
0.498714
0.498679
0.498646
0.498615
0.498583
0.498551
0.498518
0.498489
0.498461
0.498432
0.498404
0.49838
0.498358
0.498336
0.498317
0.498294
0.498273
0.498257
0.498237
0.49822
0.498202
0.498189
0.498185
0.498176
0.498173
0.498163
0.49815
0.498141
0.498135
0.49812
0.49811
0.498098
0.498079
0.498063
0.498051
0.498034
0.498021
0.498003
0.497996
0.497984
0.497971
0.497961
0.497948
0.497932
0.49792
0.49791
0.497898
0.497889
0.497879
0.497863
0.497848
0.497837
0.497824
0.497808
0.497794
0.497775
0.497761
0.497745
0.497732
0.497715
0.497701
0.497685
0.49767
0.497653
0.497638
0.49764
0.497642
0.497644
0.497645
0.497647
0.497649
0.497651
0.497653
0.497654
0.497656
0.497658
0.497659
0.497661
0.497663
0.497664
0.497666
0.497668
0.497669
0.497671
0.497673
0.497674
0.497676
0.497677
0.497679
0.49768
0.497682
0.497683
0.497684
0.497685
0.497687
0.497688
0.497689
0.49769
0.497691
0.497693
0.497694
0.497695
0.497696
0.497697
0.497698
0.497699
0.4977
0.497702
0.497703
0.497704
0.497705
0.497706
0.497707
0.497708
0.497709
0.49771
0.497712
0.497713
0.497714
0.497715
0.497716
0.497717
0.497718
0.497719
0.49772
0.497721
0.497722
0.497723
0.497724
0.497725
0.497726
0.497727
0.497728
0.497729
0.49773
0.49773
0.497731
0.497732
0.497732
0.497733
0.497734
0.497734
0.497735
0.497735
0.497736
0.497736
0.497736
0.497737
0.497737
0.497737
0.497737
0.497737
0.497738
0.497738
0.497738
0.497738
0.497738
0.497738
0.497738
0.497738
0.497738
0.497738
0.497738
0.497738
0.497738
0.497738
0.497739
0.497739
0.497739
0.497739
0.497739
0.497739
0.49774
0.49774
0.49774
0.49774
0.497741
0.497741
0.497742
0.497742
0.497742
0.497743
0.497743
0.497743
0.497744
0.497744
0.497745
0.497745
0.497745
0.497746
0.497746
0.497746
0.497747
0.497747
0.497747
0.497748
0.497748
0.497749
0.497749
0.497749
0.49775
0.49775
0.497751
0.497751
0.497751
0.497752
0.497752
0.497752
0.497753
0.497753
0.497754
0.497754
0.497754
0.497755
0.497755
0.497756
0.497756
0.497757
0.497757
0.497758
0.497758
0.497759
0.497759
0.49776
0.49776
0.497761
0.497761
0.497762
0.497762
0.497763
0.497763
0.497764
0.497765
0.497765
0.497766
0.497766
0.497767
0.497767
0.497768
0.497768
0.497769
0.497769
0.49777
0.49777
0.497771
0.497771
0.497772
0.497772
0.497773
0.497773
0.497773
0.497774
0.497774
0.497774
0.497775
0.497775
0.497775
0.497776
0.497776
0.497776
0.497777
0.497777
0.497777
0.497777
0.497778
0.497778
0.497778
0.497779
0.497779
0.497779
0.49778
0.49778
0.497781
0.497781
0.497781
0.497782
0.497782
0.497783
0.497783
0.497783
0.497784
0.497784
0.497785
0.497785
0.497785
0.497786
0.497786
0.497787
0.497787
0.497787
0.497788
0.497788
0.497789
0.497789
0.49779
0.49779
0.497791
0.497791
0.497792
0.497792
0.497793
0.497793
0.497794
0.497795
0.497795
0.497796
0.497796
0.497797
0.497797
0.497798
0.497798
0.497799
0.4978
0.4978
0.497801
0.497801
0.497802
0.497802
0.497803
0.497804
0.497804
0.497805
0.497805
0.497806
0.497806
0.497807
0.497807
0.497808
0.497808
0.497809
0.497809
0.49781
0.49781
0.497811
0.497811
0.497811
0.497812
0.497812
0.497812
0.497813
0.497813
0.497813
0.497814
0.497814
0.497814
0.497814
0.497815
0.497815
0.497815
0.497816
0.497816
0.497816
0.497816
0.497817
0.497817
0.497817
0.497818
0.497818
0.497818
0.497819
0.497819
0.49782
0.497821
0.497821
0.497822
0.497822
0.497823
0.497824
0.497824
0.497825
0.497826
0.497826
0.497827
0.497827
0.497828
0.497829
0.497829
0.49783
0.497831
0.497831
0.497832
0.497833
0.497833
0.497834
0.497835
0.497835
0.497836
0.497836
0.497837
0.497837
0.497838
0.497839
0.497839
0.49784
0.49784
0.497841
0.497841
0.497842
0.497842
0.497842
0.497843
0.497843
0.497844
0.497844
0.497844
0.497845
0.497845
0.497845
0.497846
0.497846
0.497846
0.497846
0.497847
0.497847
0.497847
0.497848
0.497848
0.497848
0.497848
0.497849
0.497849
0.497849
0.497849
0.497849
0.49785
0.49785
0.49785
0.49785
0.49785
0.49785
0.497851
0.497851
0.497851
0.497851
0.497851
0.497851
0.497852
0.497852
0.497852
0.497852
0.497852
0.497852
0.497853
0.497853
0.497853
0.497853
0.497853
0.497853
0.497853
0.497853
0.497853
0.497853
0.497853
0.497853
0.497853
0.497853
0.497853
0.497853
0.497853
0.497853
0.497853
0.497853
0.497853
0.497853
0.497853
0.497853
0.497853
0.497853
0.497853
0.497853
0.497853
0.497853
0.497853
0.497853
0.497853
0.497853
0.497853
0.497853
0.497853
0.497853
0.497853
0.497853
0.497853
0.497853
0.497853
0.497854
0.497854
0.497854
0.497854
0.497854
0.497854
0.497854
0.497855
0.497855
0.497855
0.497855
0.497855
0.497855
0.497856
0.497856
0.497856
0.497856
0.497856
0.497857
0.497857
0.497857
0.497857
0.497857
0.497857
0.497858
0.497858
0.497858
0.497858
0.497858
0.497858
0.497858
0.497858
0.497858
0.497859
0.497859
0.497859
0.497859
0.497859
0.497859
0.497859
0.497859
0.497859
0.497859
0.497859
0.497859
0.49786
0.49786
0.49786
0.49786
0.49786
0.49786
0.49786
0.49786
0.49786
0.49786
0.49786
0.497861
0.497861
0.497861
0.497861
0.497861
0.497861
0.497861
0.497861
0.497861
0.497862
0.497862
0.497862
0.497862
0.497862
0.497862
0.497862
0.497862
0.497862
0.497862
0.497862
0.497862
0.497862
0.497863
0.497863
0.497863
0.497863
0.497863
0.497863
0.497863
0.497863
0.497863
0.497863
0.497863
0.497862
0.497862
0.497862
0.497862
0.497862
0.497862
0.497862
0.497862
0.497862
0.497862
0.497862
0.497862
0.497861
0.497861
0.497861
0.497861
0.497861
0.497861
0.497861
0.497861
0.497861
0.497861
0.49786
0.49786
0.49786
0.49786
0.49786
0.49786
0.49786
0.49786
0.49786
0.49786
0.49786
0.49786
0.49786
0.49786
0.49786
0.49786
0.49786
0.49786
0.49786
0.49786
0.49786
0.49786
0.49786
0.49786
0.49786
0.49786
0.49786
0.49786
0.49786
0.49786
0.497859
0.497859
0.497859
0.497859
0.497859
0.497859
0.497859
0.497859
0.497858
0.497858
0.497858
0.497858
0.497858
0.497858
0.497858
0.497857
0.497857
0.497857
0.497857
0.497857
0.497856
0.497856
0.497856
0.497856
0.497855
0.497855
0.497855
0.497854
0.497854
0.497854
0.497853
0.497853
0.497853
0.497853
0.497852
0.497852
0.497852
0.497851
0.497851
0.497851
0.497851
0.49785
0.49785
0.49785
0.497849
0.497849
0.497849
0.497848
0.497848
0.497848
0.497848
0.497847
0.497847
0.497847
0.497847
0.497847
0.497847
0.497846
0.497846
0.497846
0.497846
0.497846
0.497846
0.497845
0.497845
0.497845
0.497845
0.497845
0.497844
0.497844
0.497844
0.497844
0.497843
0.497843
0.497843
0.497842
0.497842
0.497842
0.497841
0.497841
0.497841
0.49784
0.49784
0.49784
0.497839
0.497839
0.497839
0.497838
0.497838
0.497838
0.497837
0.497837
0.497837
0.497836
0.497836
0.497836
0.497835
0.497835
0.497835
0.497834
0.497834
0.497834
0.497834
0.497833
0.497833
0.497833
0.497833
0.497833
0.497833
0.497832
0.497832
0.497832
0.497832
0.497832
0.497832
0.497832
0.497832
0.497832
0.497832
0.497832
0.497832
