0.487933
0.487933
0.487933
0.487933
0.487933
0.487933
0.487933
0.487933
0.487933
0.487933
0.487933
0.487933
0.487933
0.487933
0.487933
0.487933
0.487933
0.487934
0.487934
0.487934
0.487934
0.487934
0.487934
0.487935
0.487935
0.487935
0.487935
0.487935
0.487936
0.487936
0.487936
0.487936
0.487937
0.487937
0.487937
0.487937
0.487937
0.487938
0.487938
0.487938
0.487938
0.487938
0.487938
0.487939
0.487939
0.487939
0.487939
0.487939
0.48794
0.48794
0.48794
0.48794
0.487941
0.487941
0.487941
0.487941
0.487942
0.487942
0.487942
0.487943
0.487943
0.487943
0.487943
0.487944
0.487944
0.487944
0.487945
0.487945
0.487946
0.487946
0.487947
0.487947
0.487947
0.487948
0.487948
0.487949
0.487949
0.48795
0.48795
0.487951
0.487951
0.487952
0.487953
0.487953
0.487954
0.487954
0.487955
0.487956
0.487956
0.487957
0.487958
0.487958
0.487959
0.48796
0.48796
0.487961
0.487962
0.487962
0.487963
0.487964
0.487965
0.487965
0.487966
0.487967
0.487968
0.487968
0.487969
0.48797
0.487971
0.487972
0.487973
0.487973
0.487974
0.487975
0.487976
0.487977
0.487978
0.487979
0.487979
0.48798
0.487981
0.487982
0.487983
0.487984
0.487985
0.487986
0.487986
0.487987
0.487988
0.487989
0.48799
0.487991
0.487992
0.487993
0.487993
0.487994
0.487995
0.487996
0.487997
0.487998
0.487999
0.488
0.488001
0.488002
0.488003
0.488004
0.488005
0.488005
0.488006
0.488007
0.488008
0.488009
0.48801
0.488011
0.488012
0.488013
0.488014
0.488016
0.488017
0.488018
0.488019
0.48802
0.488021
0.488022
0.488023
0.488024
0.488025
0.488027
0.488028
0.488029
0.48803
0.488031
0.488032
0.488034
0.488035
0.488036
0.488037
0.488039
0.48804
0.488041
0.488042
0.488044
0.488045
0.488046
0.488048
0.488049
0.48805
0.488052
0.488053
0.488054
0.488056
0.488057
0.488058
0.48806
0.488061
0.488063
0.488064
0.488065
0.488067
0.488068
0.48807
0.488071
0.488072
0.488074
0.488075
0.488077
0.488078
0.488079
0.488081
0.488082
0.488083
0.488085
0.488086
0.488087
0.488089
0.48809
0.488091
0.488093
0.488094
0.488095
0.488097
0.488098
0.488099
0.488101
0.488102
0.488103
0.488104
0.488106
0.488107
0.488108
0.48811
0.488111
0.488112
0.488113
0.488115
0.488116
0.488117
0.488118
0.48812
0.488121
0.488122
0.488123
0.488125
0.488126
0.488127
0.488129
0.48813
0.488131
0.488133
0.488134
0.488135
0.488136
0.488138
0.488139
0.48814
0.488142
0.488143
0.488144
0.488145
0.488147
0.488148
0.488149
0.488151
0.488152
0.488153
0.488154
0.488156
0.488157
0.488158
0.48816
0.488161
0.488162
0.488164
0.488165
0.488166
0.488168
0.488169
0.488171
0.488172
0.488174
0.488175
0.488176
0.488178
0.488179
0.488181
0.488182
0.488184
0.488185
0.488187
0.488188
0.48819
0.488191
0.488193
0.488195
0.488196
0.488198
0.488199
0.488201
0.488202
0.488204
0.488205
0.488207
0.488209
0.48821
0.488212
0.488213
0.488215
0.488216
0.488218
0.48822
0.488221
0.488223
0.488224
0.488226
0.488228
0.488229
0.488231
0.488233
0.488234
0.488236
0.488238
0.488239
0.488241
0.488242
0.488244
0.488246
0.488247
0.488249
0.488251
0.488252
0.488254
0.488255
0.488257
0.488259
0.48826
0.488262
0.488263
0.488265
0.488266
0.488268
0.48827
0.488271
0.488273
0.488274
0.488275
0.488277
0.488278
0.48828
0.488281
0.488283
0.488284
0.488285
0.488287
0.488288
0.48829
0.488291
0.488292
0.488294
0.488295
0.488296
0.488298
0.488299
0.4883
0.488302
0.488303
0.488304
0.488305
0.488307
0.488308
0.488309
0.48831
0.488311
0.488313
0.488314
0.488315
0.488316
0.488317
0.488318
0.488319
0.488321
0.488322
0.488323
0.488324
0.488325
0.488326
0.488327
0.488328
0.488329
0.48833
0.488331
0.488332
0.488333
0.488334
0.488334
0.488335
0.488336
0.488337
0.488338
0.488339
0.488339
0.48834
0.488341
0.488341
0.488342
0.488343
0.488344
0.488344
0.488345
0.488345
0.488346
0.488346
0.488347
0.488347
0.488348
0.488348
0.488349
0.488349
0.48835
0.48835
0.48835
0.488351
0.488351
0.488351
0.488352
0.488352
0.488352
0.488352
0.488353
0.488353
0.488353
0.488353
0.488354
0.488354
0.488354
0.488354
0.488355
0.488355
0.488355
0.488355
0.488355
0.488356
0.488356
0.488356
0.488356
0.488357
0.488357
0.488357
0.488357
0.488357
0.488358
0.488358
0.488358
0.488358
0.488358
0.488358
0.488358
0.488358
0.488359
0.488359
0.488359
0.488359
0.488359
0.488359
0.488359
0.488359
0.488359
0.488359
0.488359
0.488359
0.488359
0.488359
0.488359
0.488358
0.488358
0.488358
0.488358
0.488358
0.488357
0.488357
0.488357
0.488357
0.488356
0.488356
0.488356
0.488355
0.488355
0.488355
0.488354
0.488354
0.488353
0.488353
0.488352
0.488352
0.488351
0.488351
0.48835
0.48835
0.488349
0.488348
0.488348
0.488347
0.488346
0.488346
0.488345
0.488344
0.488344
0.488343
0.488342
0.488341
0.488341
0.48834
0.488339
0.488338
0.488337
0.488336
0.488336
0.488335
0.488334
0.488333
0.488332
0.488331
0.488331
0.48833
0.488329
0.488328
0.488327
0.488326
0.488326
0.488325
0.488324
0.488323
0.488322
0.488322
0.488321
0.48832
0.48832
0.488319
0.488318
0.488318
0.488317
0.488317
0.488316
0.488315
0.488315
0.488314
0.488313
0.488313
0.488312
0.488311
0.488311
0.48831
0.48831
0.488309
0.488308
0.488308
0.488307
0.488307
0.488306
0.488306
0.488305
0.488304
0.488304
0.488304
0.488303
0.488303
0.488302
0.488302
0.488301
0.488301
0.4883
0.4883
0.4883
0.488299
0.488299
0.488299
0.488298
0.488298
0.488297
0.488297
0.488297
0.488296
0.488296
0.488296
0.488296
0.488295
0.488295
0.488295
0.488295
0.488294
0.488294
0.488294
0.488294
0.488294
0.488294
0.488294
0.488294
0.488294
0.488294
0.488294
0.488294
0.488294
0.488294
0.488294
0.488294
0.488294
0.488294
0.488294
0.488294
0.488294
0.488295
0.488295
0.488295
0.488295
0.488296
0.488296
0.488296
0.488296
0.488297
0.488297
0.488297
0.488298
0.488298
0.488298
0.488299
0.488299
0.488299
0.4883
0.4883
0.4883
0.488301
0.488301
0.488301
0.488302
0.488302
0.488303
0.488303
0.488303
0.488304
0.488304
0.488304
0.488305
0.488305
0.488305
0.488306
0.488306
0.488306
0.488307
0.488307
0.488307
0.488308
0.488308
0.488309
0.488309
0.488309
0.48831
0.48831
0.488311
0.488311
0.488311
0.488312
0.488312
0.488313
0.488313
0.488313
0.488314
0.488314
0.488315
0.488315
0.488316
0.488316
0.488317
0.488317
0.488318
0.488318
0.488319
0.488319
0.48832
0.48832
0.488321
0.488321
0.488322
0.488323
0.488323
0.488324
0.488324
0.488325
0.488326
0.488327
0.488327
0.488328
0.488329
0.488329
0.48833
0.488331
0.488331
0.488332
0.488333
0.488334
0.488334
0.488335
0.488336
0.488336
0.488337
0.488338
0.488338
0.488339
0.48834
0.48834
0.488341
0.488342
0.488342
0.488343
0.488344
0.488344
0.488345
0.488346
0.488346
0.488347
0.488348
0.488348
0.488349
0.48835
0.48835
0.488351
0.488352
0.488352
0.488353
0.488354
0.488354
0.488355
0.488355
0.488356
0.488357
0.488357
0.488358
0.488358
0.488359
0.48836
0.48836
0.488361
0.488361
0.488362
0.488362
0.488363
0.488363
0.488364
0.488364
0.488364
0.488365
0.488365
0.488366
0.488366
0.488367
0.488367
0.488367
0.488368
0.488368
0.488368
0.488369
0.488369
0.488369
0.48837
0.48837
0.48837
0.488371
0.488371
0.488371
0.488372
0.488372
0.488372
0.488373
0.488373
0.488373
0.488374
0.488374
0.488374
0.488375
0.488375
0.488375
0.488376
0.488376
0.488376
0.488377
0.488377
0.488378
0.488378
0.488378
0.488379
0.488379
0.488379
0.48838
0.48838
0.48838
0.488381
0.488381
0.488381
0.488381
0.488382
0.488382
0.488382
0.488383
0.488383
0.488383
0.488384
0.488384
0.488385
0.488385
0.488385
0.488386
0.488386
0.488386
0.488387
0.488387
0.488387
0.488387
0.488388
0.488388
0.488388
0.488389
0.488389
0.488389
0.488389
0.48839
0.48839
0.48839
0.48839
0.48839
0.488391
0.488391
0.488391
0.488391
0.488391
0.488391
0.488392
0.488392
0.488392
0.488392
0.488392
0.488392
0.488392
0.488392
0.488392
0.488393
0.488393
0.488393
0.488393
0.488393
0.488393
0.488393
0.488393
0.488393
0.488393
0.488393
0.488393
0.488392
0.488392
0.488392
0.488392
0.488392
0.488392
0.488392
0.488392
0.488392
0.488392
0.488392
0.488392
0.488392
0.488392
0.488392
0.488392
0.488392
0.488392
0.488392
0.488392
0.488392
0.488392
0.488392
0.488392
0.488392
0.488391
0.488391
0.488391
0.488391
0.488391
0.488391
0.488391
0.488391
0.488391
0.488391
0.488391
0.488391
0.488391
0.488391
0.488391
0.488391
0.488391
0.488391
0.488391
0.488391
0.488391
0.488391
0.488391
0.488391
0.488391
0.488391
0.488391
0.488391
0.488391
0.488391
0.488391
0.488391
0.488391
0.488391
0.488392
0.488392
0.488392
0.488392
0.488392
0.488392
0.488392
0.488392
0.488392
0.488392
0.488392
0.488392
0.488393
0.488393
0.488393
0.488393
0.488393
0.488393
0.488394
0.488394
0.488394
0.488394
0.488394
0.488395
0.488395
0.488395
0.488395
0.488396
0.488396
0.488396
0.488396
0.488396
0.488397
0.488397
0.488397
0.488397
0.488397
0.488397
0.488398
0.488398
0.488398
0.488398
0.488398
0.488398
0.488398
0.488398
0.488398
0.488398
0.488399
0.488399
0.488399
0.488399
0.488399
0.488399
0.488399
0.488399
0.4884
0.4884
0.4884
0.4884
0.4884
0.4884
0.488401
0.488401
0.488401
0.488401
0.488401
0.488402
0.488402
0.488402
0.488402
0.488402
0.488402
0.488403
0.488403
0.488403
0.488403
0.488403
0.488403
0.488403
0.488403
0.488404
0.488404
0.488404
0.488404
0.488404
0.488404
0.488404
0.488404
0.488404
0.488404
0.488404
0.488404
0.488404
0.488404
0.488404
0.488404
0.488404
0.488404
0.488404
0.488404
0.488404
0.488404
0.488404
0.488404
0.488404
0.488404
0.488404
0.488404
0.488404
0.488403
0.488403
0.488403
0.488403
0.488403
0.488403
0.488402
0.488402
0.488402
0.488402
0.488402
0.488401
0.488401
0.488401
0.488401
0.488401
0.4884
0.4884
0.4884
0.4884
0.4884
0.488399
0.488399
0.488399
0.488399
0.488398
0.488398
0.488398
0.488398
0.488397
0.488397
0.488397
0.488397
0.488396
0.488396
0.488396
0.488396
0.488396
0.488395
0.488395
0.488395
0.488395
0.488394
0.488394
0.488394
0.488393
0.488393
0.488393
0.488393
0.488392
0.488392
0.488392
0.488392
0.488392
0.488391
0.488391
0.488391
0.488391
0.48839
0.48839
0.48839
0.48839
0.488389
0.488389
0.488389
0.488388
0.488388
0.488388
0.488387
0.488387
0.488387
0.488386
0.488386
0.488386
0.488385
0.488385
0.488385
0.488384
0.488384
0.488383
0.488383
0.488383
0.488382
0.488382
0.488382
0.488381
0.488381
0.48838
0.48838
0.48838
0.488379
0.488379
0.488379
0.488378
0.488378
0.488377
0.488377
0.488377
0.488376
0.488376
0.488375
0.488375
0.488374
0.488374
0.488374
0.488373
0.488373
0.488372
0.488372
0.488371
0.488371
0.488371
0.48837
0.48837
0.48837
0.488369
0.488369
0.488369
0.488368
0.488368
0.488368
0.488367
0.488367
0.488367
0.488366
0.488366
0.488366
0.488365
0.488365
0.488365
0.488364
0.488364
0.488364
0.488363
0.488363
0.488363
0.488362
0.488362
0.488362
0.488361
0.488361
0.488361
0.48836
0.48836
0.488359
0.488359
0.488359
0.488358
0.488358
0.488358
0.488357
0.488357
0.488356
0.488356
0.488356
0.488355
0.488355
0.488355
0.488354
0.488354
0.488354
0.488353
0.488353
0.488353
0.488353
0.488352
0.488352
0.488352
0.488352
0.488352
0.488351
0.488351
0.488351
0.488351
0.488351
0.488351
0.488351
0.488351
0.48835
0.48835
0.48835
0.48835
0.48835
0.48835
0.48835
0.48835
0.48835
0.48835
0.48835
0.48835
0.48835
0.48835
0.488351
0.488351
0.488351
0.488351
0.488351
0.488351
0.488352
0.488352
0.488352
0.488352
0.488353
0.488353
0.488353
0.488354
0.488354
0.488354
0.488354
0.488355
0.488355
0.488355
0.488356
0.488356
0.488356
0.488357
0.488357
0.488357
0.488358
0.488358
0.488358
0.488359
0.488359
0.488359
0.48836
0.48836
0.48836
0.48836
0.488361
0.488361
0.488361
0.488362
0.488362
0.488362
0.488362
0.488363
0.488363
0.488363
0.488363
0.488364
0.488364
0.488364
0.488365
0.488365
0.488365
0.488365
0.488366
0.488366
0.488366
0.488367
0.488367
0.488367
0.488367
0.488368
0.488368
0.488368
0.488368
0.488369
0.488369
0.488369
0.488369
0.488369
0.488369
0.48837
0.48837
0.48837
0.48837
0.48837
0.488371
0.488371
0.488371
0.488371
0.488372
0.488372
0.488372
0.488372
0.488372
0.488373
0.488373
0.488373
0.488373
0.488373
0.488373
0.488373
0.488373
0.488373
0.488373
0.488373
0.488373
0.488373
0.488373
0.488373
0.488373
0.488373
0.488373
0.488373
0.488373
0.488373
0.488373
0.488373
0.488373
0.488373
0.488373
0.488373
0.488373
0.488373
0.488372
0.488372
0.488372
0.488372
0.488372
0.488372
0.488372
0.488372
0.488372
0.488372
0.488372
0.488372
0.488372
0.488372
0.488372
0.488372
0.488372
0.488372
0.488372
0.488372
0.488372
0.488371
0.488371
0.488371
0.488371
0.488371
0.488371
0.488371
0.488371
0.488371
0.488371
0.48837
0.48837
0.48837
0.48837
0.48837
0.48837
0.48837
0.48837
0.48837
0.48837
0.48837
0.48837
0.48837
0.48837
0.48837
0.48837
0.48837
0.48837
0.48837
0.488355
0.48834
0.488327
0.488314
0.488302
0.488289
0.488276
0.488266
0.488256
0.488242
0.488231
0.48822
0.488206
0.488195
0.488185
0.488168
0.488154
0.488143
0.488126
0.48811
0.488094
0.48808
0.488058
0.488043
0.488023
0.488002
0.487983
0.487965
0.487946
0.487927
0.487908
0.487889
0.48787
0.487851
0.487832
0.487813
0.487794
0.487777
0.487757
0.487735
0.487715
0.487693
0.48767
0.487647
0.48762
0.487595
0.487569
0.487541
0.487444
0.487413
0.487381
0.487347
0.487312
0.487281
0.487247
0.487215
0.48718
0.487145
0.48711
0.487078
0.487044
0.487003
0.486969
0.486931
0.486893
0.486854
0.486817
0.486779
0.486736
0.486691
0.486642
0.486593
0.486536
0.486478
0.486421
0.486358
0.486294
0.486229
0.486158
0.48609
0.486013
0.485937
0.485857
0.48578
0.485695
0.485606
0.485518
0.48543
0.485338
0.485247
0.485147
0.485046
0.484939
0.484832
0.484722
0.484615
0.484505
0.484395
0.484278
0.484156
0.483858
0.483685
0.483551
0.483414
0.48328
0.483136
0.482989
0.482851
0.482671
0.482484
0.482296
0.482116
0.481765
0.481598
0.481392
0.481199
0.481033
0.480855
0.480679
0.480497
0.48032
0.480141
0.479951
0.479759
0.479566
0.479397
0.479204
0.479001
0.478799
0.478602
0.478399
0.478186
0.477969
0.477759
0.477553
0.477301
0.477045
0.476797
0.476569
0.476334
0.476105
0.475876
0.475644
0.475414
0.47519
0.474957
0.47471
0.474456
0.474219
0.473971
0.473717
0.473469
0.473218
0.47296
0.472695
0.472465
0.472206
0.471945
0.471685
0.471425
0.471158
0.470884
0.47062
0.470351
0.470085
0.469826
0.469552
0.469273
0.469031
0.46877
0.468495
0.468222
0.467952
0.467691
0.467414
0.467134
0.466859
0.46658
0.466304
0.466031
0.465754
0.465468
0.4652
0.464932
0.464654
0.464378
0.464103
0.46383
0.463558
0.463295
0.463022
0.462755
0.462505
0.462247
0.46199
0.461725
0.461479
0.46123
0.460977
0.460724
0.460479
0.460229
0.459987
0.459752
0.45952
0.459278
0.459046
0.458809
0.458581
0.458359
0.458132
0.457919
0.457706
0.457493
0.457276
0.457062
0.456852
0.456647
0.456449
0.456244
0.456046
0.455846
0.455658
0.455473
0.455281
0.455094
0.454908
0.454735
0.454562
0.454388
0.454203
0.454036
0.453864
0.453707
0.453541
0.453378
0.453209
0.453049
0.452887
0.452734
0.45258
0.452426
0.452277
0.452124
0.451975
0.451825
0.451677
0.451545
0.451405
0.45126
0.451112
0.450955
0.450804
0.450645
0.450497
0.450355
0.450205
0.450051
0.449898
0.449743
0.44958
0.449424
0.449272
0.449112
0.448957
0.448794
0.448635
0.44847
0.448311
0.448165
0.448023
0.447884
0.44775
0.447619
0.4475
0.44738
0.447261
0.447152
0.447038
0.446921
0.446809
0.446689
0.446567
0.446443
0.446324
0.446195
0.446069
0.445943
0.44582
0.445678
0.445538
0.445397
0.445259
0.445147
0.445035
0.444928
0.444812
0.4447
0.444586
0.444469
0.444345
0.444218
0.444081
0.443951
0.443819
0.443685
0.443547
0.443411
0.443283
0.443149
0.443017
0.442887
0.442758
0.44263
0.442497
0.442376
0.442247
0.442116
0.441984
0.441851
0.441726
0.441565
0.441262
0.441125
0.440987
0.440846
0.440718
0.440581
0.440439
0.440293
0.44015
0.44002
0.43987
0.439743
0.43962
0.439475
0.439344
0.439208
0.439063
0.438913
0.43876
0.43861
0.438472
0.438324
0.438177
0.438012
0.437805
0.437614
0.43742
0.437225
0.437042
0.436854
0.43667
0.436481
0.436299
0.436145
0.435994
0.435839
0.435683
0.435532
0.435386
0.435225
0.435081
0.434927
0.43478
0.434628
0.434466
0.434312
0.434158
0.433996
0.433843
0.433691
0.433538
0.433385
0.433234
0.433081
0.43293
0.432746
0.432561
0.432232
0.43208
0.431886
0.431712
0.431533
0.431356
0.431216
0.431072
0.430931
0.430787
0.430645
0.430506
0.430368
0.430227
0.430084
0.429946
0.429806
0.429663
0.42952
0.429379
0.429235
0.429086
0.428937
0.428786
0.428634
0.428485
0.428335
0.428188
0.428041
0.427887
0.427734
0.427583
0.427426
0.427264
0.427098
0.426939
0.426771
0.426618
0.426453
0.426292
0.426131
0.425966
0.425803
0.425639
0.425468
0.425303
0.425137
0.424968
0.424791
0.424616
0.424442
0.424272
0.424106
0.42394
0.423764
0.423596
0.42341
0.423238
0.423057
0.422886
0.422698
0.422511
0.422317
0.42213
0.421951
0.421765
0.421584
0.421399
0.421208
0.42102
0.420834
0.420651
0.420468
0.420284
0.420093
0.419905
0.419722
0.419537
0.41936
0.419181
0.419012
0.418845
0.418675
0.418518
0.418353
0.418181
0.418002
0.417832
0.41767
0.417532
0.417372
0.417238
0.417085
0.416935
0.416806
0.416664
0.416519
0.416378
0.416233
0.416093
0.415955
0.415825
0.415695
0.41557
0.415444
0.415325
0.415201
0.415082
0.414974
0.414873
0.414769
0.414666
0.414568
0.41447
0.414379
0.414285
0.414212
0.414138
0.414072
0.414009
0.413919
0.413844
0.413758
0.413691
0.413613
0.413539
0.413461
0.413397
0.413338
0.413278
0.413226
0.413169
0.41311
0.413049
0.41299
0.412939
0.412887
0.412837
0.412792
0.412767
0.412736
0.412696
0.412654
0.41263
0.412604
0.412568
0.412539
0.412505
0.412475
0.412443
0.412415
0.412391
0.412377
0.412354
0.412339
0.412319
0.412305
0.412292
0.412274
0.412266
0.412262
0.412256
0.412259
0.412266
0.412287
0.41231
0.412325
0.412342
0.412364
0.412385
0.412406
0.412429
0.412424
0.412434
0.412448
0.412476
0.412506
0.412516
0.412524
0.412548
0.412549
0.412587
0.412628
0.412647
0.412667
0.412681
0.412724
0.412756
0.412797
0.412847
0.41288
0.412919
0.412957
0.413002
0.413043
0.413087
0.413134
0.413176
0.413225
0.413279
0.413333
0.413377
0.413424
0.413436
0.413462
0.413482
0.413511
0.413537
0.413591
0.413645
0.413699
0.413755
0.413812
0.413868
0.413816
0.413869
0.413905
0.413935
0.413988
0.414038
0.414087
0.414134
0.41418
0.414224
0.414261
0.414307
0.414345
0.414379
0.414411
0.414436
0.414459
0.414479
0.41449
0.414506
0.414517
0.41453
0.414536
0.414543
0.414543
0.414545
0.414546
0.414541
0.414542
0.414539
0.414527
0.414511
0.414492
0.414478
0.414458
0.414439
0.41442
0.414391
0.414364
0.414345
0.414319
0.414293
0.414259
0.414229
0.414196
0.414165
0.414129
0.414089
0.414051
0.414018
0.413985
0.41396
0.413907
0.413851
0.413791
0.413732
0.413684
0.413621
0.413555
0.413509
0.413431
0.413349
0.413272
0.413214
0.41313
0.413035
0.412941
0.41285
0.412757
0.412671
0.41258
0.412485
0.412387
0.41229
0.412199
0.412109
0.41202
0.411929
0.411847
0.41176
0.41168
0.411603
0.411528
0.41146
0.411373
0.411294
0.411236
0.411168
0.411084
0.410992
0.410913
0.410834
0.410746
0.410657
0.410569
0.410483
0.410393
0.410303
0.410216
0.41013
0.410032
0.409942
0.409857
0.409768
0.409671
0.409582
0.409491
0.409401
0.409305
0.409169
0.409051
0.408923
0.408807
0.408727
0.408641
0.408512
0.408387
0.408274
0.408154
0.408047
0.407974
0.407891
0.407829
0.407732
0.407643
0.407557
0.40747
0.407372
0.40728
0.407185
0.407093
0.406996
0.40689
0.406781
0.406684
0.406585
0.406471
0.406361
0.406255
0.406148
0.406029
0.405909
0.405813
0.4057
0.405578
0.405459
0.405343
0.40523
0.405103
0.404976
0.404858
0.404764
0.404653
0.404546
0.404404
0.404277
0.404174
0.404043
0.403923
0.403798
0.403679
0.403545
0.403416
0.403295
0.403181
0.403061
0.402934
0.402804
0.402682
0.402563
0.40244
0.402326
0.402211
0.402097
0.401972
0.401852
0.401733
0.40162
0.401504
0.401377
0.401278
0.401178
0.401056
0.400945
0.400822
0.400707
0.400586
0.40046
0.400328
0.400195
0.400057
0.399939
0.39982
0.399708
0.399588
0.399449
0.399323
0.399197
0.399057
0.398919
0.398811
0.398706
0.398572
0.398434
0.398288
0.398158
0.397958
0.397768
0.397579
0.397404
0.397238
0.397095
0.396952
0.396808
0.396664
0.396519
0.396363
0.396182
0.395995
0.395803
0.395622
0.395438
0.395248
0.395051
0.394885
0.394725
0.394605
0.394457
0.394321
0.394183
0.394049
0.3939
0.39376
0.393617
0.393481
0.393345
0.393198
0.39305
0.392914
0.392712
0.392514
0.392323
0.392138
0.391954
0.391757
0.391566
0.391389
0.391186
0.390988
0.390586
0.390447
0.390292
0.390147
0.389994
0.38983
0.389672
0.389514
0.389368
0.389229
0.389063
0.388879
0.388714
0.388559
0.388392
0.388238
0.38809
0.387946
0.387785
0.387628
0.387492
0.38736
0.387229
0.387095
0.386952
0.386822
0.386702
0.386581
0.386467
0.386359
0.386245
0.386137
0.38603
0.385916
0.385815
0.385713
0.385611
0.385521
0.385418
0.385322
0.385223
0.385131
0.385039
0.384946
0.384853
0.38476
0.384674
0.384585
0.384491
0.38439
0.384283
0.384193
0.38409
0.384008
0.383916
0.383826
0.383695
0.383558
0.383427
0.383301
0.383224
0.383123
0.383016
0.382922
0.382828
0.382754
0.382658
0.382563
0.382455
0.382352
0.382249
0.382154
0.382051
0.381948
0.381839
0.381735
0.381632
0.381535
0.381432
0.381327
0.381221
0.381118
0.381014
0.380903
0.380793
0.380675
0.380564
0.380462
0.380353
0.380236
0.380113
0.379983
0.379865
0.379744
0.379621
0.37949
0.379347
0.379217
0.37908
0.37895
0.378812
0.378641
0.378449
0.378305
0.378169
0.378019
0.377882
0.377732
0.377588
0.37744
0.377282
0.377126
0.376961
0.37682
0.376664
0.376502
0.37634
0.376185
0.376039
0.375876
0.375714
0.375545
0.3754
0.375246
0.375073
0.374912
0.374752
0.374598
0.374431
0.374269
0.374103
0.373949
0.373798
0.373628
0.373464
0.373327
0.373197
0.373059
0.372907
0.372733
0.372588
0.372451
0.372309
0.372173
0.372045
0.371924
0.371806
0.371671
0.371546
0.371427
0.371322
0.371226
0.371124
0.37102
0.37093
0.370854
0.370765
0.370693
0.370611
0.370545
0.370478
0.370419
0.370369
0.370337
0.370304
0.370263
0.370218
0.370188
0.370171
0.370146
0.370131
0.370126
0.370108
0.370112
0.370115
0.370118
0.370129
0.370139
0.370149
0.370155
0.370179
0.37019
0.370209
0.370234
0.370252
0.370277
0.370297
0.370317
0.370335
0.370361
0.3704
0.370443
0.370487
0.370537
0.370581
0.370638
0.370692
0.37074
0.370789
0.370843
0.370905
0.370952
0.371004
0.371056
0.371109
0.371161
0.371219
0.371268
0.371312
0.371361
0.371417
0.371469
0.371527
0.37158
0.371637
0.371687
0.371736
0.37179
0.371837
0.371889
0.371934
0.371985
0.372027
0.372069
0.37211
0.37215
0.372191
0.372231
0.372269
0.372306
0.372342
0.372379
0.372415
0.372442
0.372477
0.372496
0.372513
0.372547
0.372571
0.372595
0.372611
0.372613
0.372619
0.372626
0.372624
0.372622
0.372619
0.372598
0.37258
0.37256
0.372547
0.372525
0.372512
0.372482
0.372452
0.372414
0.372374
0.372328
0.372264
0.372209
0.372153
0.372098
0.372035
0.371979
0.371925
0.371862
0.371807
0.371745
0.371684
0.371622
0.371566
0.371506
0.371458
0.371412
0.371363
0.371316
0.371275
0.371235
0.371194
0.371153
0.37111
0.371077
0.371041
0.371004
0.370976
0.370946
0.370922
0.370899
0.370882
0.370858
0.37084
0.370821
0.370802
0.370782
0.370761
0.370748
0.370734
0.370728
0.370727
0.370725
0.370731
0.370736
0.370741
0.370753
0.370764
0.370774
0.370792
0.370808
0.370824
0.370848
0.370878
0.370902
0.370931
0.370962
0.370998
0.371026
0.371063
0.371097
0.371141
0.371182
0.371223
0.371264
0.371301
0.371347
0.371385
0.371429
0.371472
0.371523
0.371566
0.371617
0.37166
0.371709
0.371758
0.3718
0.371849
0.371897
0.371944
0.371991
0.372038
0.372081
0.372119
0.372154
0.372189
0.372217
0.372242
0.372268
0.372286
0.372303
0.37231
0.372316
0.372324
0.372331
0.372328
0.372335
0.372333
0.372331
0.372338
0.372338
0.372343
0.372341
0.372346
0.372343
0.372341
0.372347
0.372343
0.37234
0.372335
0.37233
0.372325
0.372318
0.37232
0.372313
0.372303
0.372295
0.372288
0.372279
0.37227
0.372259
0.372257
0.372247
0.372243
0.372233
0.372229
0.372225
0.372213
0.372209
0.372207
0.372194
0.37219
0.372177
0.372173
0.372161
0.372148
0.372144
0.37213
0.372118
0.372104
0.372082
0.372052
0.372022
0.371992
0.371961
0.371931
0.371894
0.371846
0.371808
0.37176
0.371712
0.371658
0.371602
0.371545
0.37149
0.371429
0.371374
0.371311
0.37126
0.371199
0.371146
0.371077
0.371026
0.370968
0.3709
0.370826
0.370759
0.370692
0.370619
0.370553
0.370487
0.370422
0.370363
0.370306
0.370239
0.370181
0.370124
0.370067
0.370003
0.369928
0.369873
0.369809
0.369746
0.369684
0.369613
0.369558
0.369487
0.369426
0.369364
0.369304
0.369236
0.369177
0.369118
0.369066
0.369007
0.368956
0.368906
0.368855
0.368806
0.368765
0.368722
0.368681
0.368618
0.36858
0.368543
0.368518
0.368517
0.368523
0.368536
0.368557
0.368593
0.368631
0.368669
0.368706
0.368734
0.368765
0.368797
0.368828
0.368857
0.368895
0.368925
0.368956
0.368993
0.369032
0.369062
0.369094
0.369134
0.369166
0.369199
0.369224
0.369249
0.369274
0.369291
0.369307
0.369316
0.369323
0.369332
0.369331
0.369323
0.369315
0.369309
0.369296
0.369282
0.369268
0.369247
0.369232
0.369222
0.369212
0.369202
0.369195
0.369197
0.369192
0.369195
0.369192
0.369199
0.369204
0.369205
0.369213
0.369214
0.369222
0.369223
0.36923
0.369228
0.369228
0.369227
0.369223
0.369214
0.369205
0.369188
0.369163
0.369139
0.369115
0.369074
0.36905
0.369012
0.368987
0.368955
0.368925
0.368893
0.368871
0.368841
0.368822
0.368801
0.368789
0.368777
0.368766
0.368763
0.368768
0.368766
0.36877
0.368775
0.368779
0.368782
0.368778
0.36878
0.368771
0.368767
0.368761
0.368755
0.36874
0.368734
0.368729
0.368714
0.368715
0.368715
0.368715
0.368714
0.36872
0.368733
0.368744
0.368758
0.368769
0.368788
0.368803
0.368822
0.368836
0.36885
0.36887
0.368881
0.368892
0.368908
0.368924
0.36894
0.368962
0.368981
0.369002
0.369023
0.369042
0.36906
0.369087
0.369106
0.369123
0.369144
0.369162
0.369182
0.369202
0.369222
0.36924
0.369269
0.369293
0.369318
0.369335
0.369359
0.369377
0.369405
0.369416
0.369435
0.369455
0.369474
0.369485
0.369498
0.369506
0.369526
0.369537
0.369555
0.369572
0.369589
0.369606
0.369623
0.369647
0.369664
0.369689
0.369713
0.369739
0.369765
0.369798
0.369833
0.369876
0.369917
0.36996
0.370011
0.370062
0.370112
0.370181
0.370241
0.370309
0.370379
0.370457
0.370534
0.370621
0.370698
0.370786
0.370871
0.370983
0.371102
0.371203
0.371319
0.371426
0.371532
0.371646
0.371749
0.371867
0.371995
0.372123
0.37225
0.372383
0.372524
0.372656
0.372814
0.372969
0.373127
0.373299
0.373463
0.373643
0.373833
0.374036
0.374249
0.374455
0.374639
0.374835
0.375021
0.375213
0.375382
0.375567
0.375758
0.375957
0.376141
0.376345
0.376549
0.376754
0.376957
0.377178
0.377388
0.377598
0.377799
0.378017
0.378242
0.378466
0.378692
0.378916
0.379164
0.379443
0.379714
0.379995
0.380303
0.380549
0.380769
0.38103
0.381266
0.38151
0.381768
0.382036
0.382292
0.382526
0.382774
0.383048
0.383318
0.383596
0.383858
0.384119
0.38438
0.384648
0.384908
0.385167
0.385442
0.385716
0.385982
0.386248
0.386513
0.386784
0.387064
0.387326
0.387589
0.387843
0.388105
0.388357
0.388616
0.388884
0.389144
0.389401
0.389643
0.389899
0.390164
0.390432
0.390693
0.390948
0.391216
0.39149
0.391757
0.39203
0.392333
0.392613
0.392859
0.393123
0.3934
0.393691
0.393973
0.394248
0.394536
0.394823
0.395103
0.39538
0.395675
0.395974
0.396258
0.396533
0.396827
0.397124
0.397404
0.397697
0.397998
0.398291
0.398575
0.398871
0.399182
0.399469
0.399758
0.400059
0.400359
0.400651
0.400945
0.401257
0.401548
0.401845
0.402152
0.40247
0.402753
0.403052
0.403365
0.403659
0.403954
0.404257
0.404572
0.40487
0.40517
0.405468
0.405751
0.406051
0.406354
0.406637
0.406935
0.407223
0.407508
0.407782
0.408067
0.408347
0.408578
0.408825
0.409101
0.409355
0.409621
0.409891
0.410181
0.410436
0.410695
0.410951
0.411206
0.411458
0.411819
0.412135
0.412418
0.412776
0.413083
0.413392
0.413695
0.41396
0.414276
0.414513
0.414765
0.415068
0.415375
0.415621
0.415913
0.416144
0.416398
0.4167
0.416976
0.417206
0.417489
0.417743
0.417958
0.418247
0.418544
0.418826
0.419099
0.419354
0.419543
0.419806
0.420165
0.420459
0.420719
0.421001
0.421219
0.42144
0.421649
0.421858
0.422072
0.422272
0.422479
0.42269
0.422881
0.423084
0.423295
0.423491
0.423673
0.423865
0.424055
0.424231
0.424415
0.424601
0.42478
0.424957
0.425126
0.425296
0.42547
0.425638
0.425799
0.425972
0.426135
0.426284
0.426454
0.426605
0.426757
0.426921
0.427056
0.427194
0.427341
0.427484
0.427606
0.427729
0.427848
0.427965
0.428085
0.428198
0.428308
0.428421
0.42854
0.428644
0.42875
0.428861
0.428971
0.42909
0.429204
0.4293
0.429416
0.429537
0.429646
0.42976
0.429881
0.429998
0.430131
0.430247
0.430341
0.430462
0.430595
0.430706
0.430828
0.430957
0.431071
0.431202
0.431329
0.431454
0.431583
0.431716
0.431838
0.431972
0.432099
0.432194
0.432299
0.432425
0.432553
0.432687
0.432807
0.43294
0.433081
0.433212
0.433357
0.433504
0.433638
0.433781
0.433923
0.434067
0.434219
0.434365
0.434518
0.434668
0.434821
0.435093
0.435338
0.435551
0.435836
0.436099
0.43674
0.436895
0.437235
0.437438
0.437605
0.437813
0.438029
0.438234
0.438454
0.438676
0.438888
0.439116
0.439327
0.439544
0.439736
0.439951
0.440156
0.440367
0.440577
0.440796
0.440991
0.441181
0.441386
0.441593
0.441802
0.441997
0.442211
0.442397
0.442586
0.442771
0.442963
0.443161
0.443357
0.443556
0.44374
0.443936
0.444119
0.444325
0.444519
0.444729
0.444926
0.445107
0.445292
0.445474
0.44567
0.445866
0.446054
0.446232
0.446415
0.446594
0.446768
0.44693
0.447109
0.447272
0.447445
0.447604
0.447764
0.447933
0.448086
0.448243
0.448393
0.448546
0.448692
0.448842
0.448985
0.449126
0.449266
0.449407
0.449551
0.449682
0.449821
0.449953
0.450084
0.4502
0.450335
0.450457
0.450567
0.450696
0.450825
0.45096
0.451103
0.451252
0.451411
0.451566
0.451722
0.451871
0.452015
0.452149
0.452268
0.452367
0.452459
0.452552
0.452636
0.452707
0.452767
0.452826
0.452897
0.45296
0.453018
0.453073
0.453128
0.453172
0.45321
0.453236
0.453261
0.453281
0.453296
0.4533
0.453294
0.453287
0.453262
0.453235
0.453202
0.453169
0.453132
0.453095
0.453054
0.453013
0.452966
0.452918
0.452866
0.452815
0.452767
0.452713
0.452657
0.4526
0.452544
0.452481
0.452421
0.452365
0.452294
0.452222
0.452157
0.452087
0.452013
0.451935
0.451863
0.451787
0.451707
0.451628
0.451552
0.451476
0.4514
0.451321
0.451247
0.451176
0.4511
0.451031
0.45096
0.450887
0.450815
0.450742
0.450669
0.45059
0.450518
0.450438
0.450361
0.450284
0.450211
0.45013
0.450051
0.449971
0.449891
0.44981
0.449733
0.44965
0.449568
0.449491
0.449409
0.44933
0.449249
0.449175
0.449096
0.44902
0.448939
0.448854
0.44877
0.448686
0.448593
0.448507
0.448415
0.448328
0.448237
0.448144
0.448053
0.447961
0.447866
0.447776
0.447687
0.447593
0.4475
0.447406
0.447313
0.447221
0.447129
0.447038
0.446947
0.446856
0.446766
0.446676
0.446587
0.446499
0.44641
0.446322
0.446235
0.446148
0.446062
0.445976
0.44589
0.445805
0.44572
0.445636
0.445552
0.445469
0.445386
0.445303
0.44522
0.445139
0.445057
0.444976
0.444896
0.444816
0.444736
0.444657
0.444579
0.444501
0.444423
0.444346
0.444269
0.444193
0.444117
0.444041
0.443966
0.443891
0.443817
0.443743
0.44367
0.443597
0.443524
0.443452
0.44338
0.443309
0.443238
0.443167
0.443097
0.443027
0.442958
0.442889
0.442821
0.442752
0.442685
0.442617
0.44255
0.442483
0.442417
0.442351
0.442286
0.44222
0.442155
0.442091
0.442027
0.441963
0.441899
0.441836
0.441773
0.44171
0.441648
0.441586
0.441525
0.441463
0.441402
0.441342
0.441282
0.441222
0.441162
0.441103
0.441044
0.440986
0.440928
0.44087
0.440813
0.440755
0.440699
0.440642
0.440586
0.44053
0.440475
0.44042
0.440365
0.44031
0.440256
0.440202
0.440149
0.440096
0.440043
0.43999
0.439938
0.439887
0.439835
0.439784
0.439733
0.439683
0.439633
0.439583
0.439533
0.439484
0.439435
0.439387
0.439339
0.439291
0.439243
0.439196
0.439148
0.439102
0.439055
0.439009
0.438963
0.438917
0.438872
0.438827
0.438782
0.438738
0.438694
0.43865
0.438606
0.438563
0.43852
0.438477
0.438434
0.438392
0.43835
0.438308
0.438267
0.438226
0.438185
0.438144
0.438104
0.438064
0.438024
0.437984
0.437945
0.437906
0.437867
0.437828
0.43779
0.437752
0.437714
0.437676
0.437638
0.437601
0.437564
0.437527
0.437491
0.437454
0.437418
0.437382
0.437347
0.437311
0.437276
0.437241
0.437206
0.437172
0.437137
0.437103
0.43707
0.437036
0.437003
0.43697
0.436937
0.436904
0.436872
0.436839
0.436807
0.436776
0.436744
0.436713
0.436681
0.43665
0.43662
0.436589
0.436559
0.436529
0.436499
0.436263
0.435961
0.435692
0.435443
0.435193
0.434924
0.434648
0.434378
0.434099
0.433809
0.433526
0.433249
0.432943
0.432665
0.432375
0.432085
0.431774
0.431483
0.431142
0.430844
0.43057
0.430277
0.429985
0.429702
0.429457
0.429226
0.428986
0.42876
0.428541
0.428293
0.428034
0.427782
0.427513
0.42724
0.426948
0.426657
0.426363
0.426065
0.425761
0.42538
0.425047
0.424668
0.424381
0.424096
0.423761
0.423157
0.422898
0.42261
0.422313
0.422019
0.421704
0.421396
0.421089
0.42079
0.420466
0.420136
0.419799
0.419469
0.419149
0.418825
0.418531
0.418233
0.417939
0.41765
0.417367
0.417072
0.416749
0.416423
0.416014
0.415638
0.415287
0.414901
0.414463
0.414113
0.41373
0.413336
0.41301
0.41268
0.412363
0.412043
0.411728
0.41139
0.41106
0.410751
0.410447
0.410139
0.409828
0.40953
0.409232
0.408944
0.408656
0.408365
0.408073
0.407782
0.407501
0.407223
0.406944
0.406665
0.406396
0.406134
0.405866
0.405604
0.405347
0.405094
0.40484
0.404596
0.40436
0.404132
0.403901
0.403669
0.403431
0.403209
0.402999
0.402784
0.402575
0.40238
0.402188
0.402008
0.401825
0.401652
0.401474
0.401307
0.401147
0.400988
0.400836
0.400678
0.400527
0.400373
0.400222
0.400067
0.399929
0.399781
0.399647
0.399516
0.399381
0.399254
0.399122
0.398991
0.398867
0.398749
0.39862
0.398504
0.398377
0.398257
0.398142
0.398025
0.397909
0.397801
0.397693
0.397587
0.397486
0.39738
0.39727
0.397159
0.397043
0.39693
0.39682
0.396711
0.396605
0.396502
0.396396
0.396292
0.396184
0.396091
0.395995
0.395881
0.395774
0.395667
0.395562
0.395457
0.395356
0.395251
0.395157
0.395061
0.394961
0.394862
0.394758
0.394643
0.394537
0.394436
0.394333
0.394237
0.394137
0.394037
0.393939
0.393842
0.393755
0.393663
0.393569
0.393477
0.393383
0.393285
0.393187
0.393118
0.393023
0.392967
0.392874
0.392779
0.392685
0.392592
0.392534
0.392484
0.392426
0.392357
0.392272
0.392188
0.392107
0.392039
0.391966
0.391879
0.391783
0.391703
0.391618
0.391548
0.391467
0.391389
0.391327
0.391248
0.391192
0.391117
0.391066
0.391012
0.390863
0.390749
0.390652
0.390536
0.390412
0.390346
0.390274
0.390199
0.390128
0.390049
0.38997
0.389831
0.389726
0.389615
0.389516
0.389445
0.389374
0.389312
0.389253
0.389194
0.389108
0.389021
0.388886
0.388806
0.388705
0.388654
0.3886
0.388543
0.388492
0.388376
0.388308
0.388225
0.388143
0.388055
0.388007
0.387964
0.387919
0.387877
0.387834
0.387797
0.387757
0.387724
0.387687
0.387656
0.387618
0.387582
0.38755
0.387524
0.387498
0.387468
0.387446
0.387421
0.387399
0.387355
0.387312
0.387249
0.38718
0.387154
0.387132
0.387103
0.387077
0.387045
0.387016
0.386984
0.386951
0.386918
0.386882
0.386838
0.386804
0.386777
0.386752
0.386708
0.386662
0.386606
0.386551
0.386501
0.386445
0.386398
0.386341
0.386288
0.386232
0.386166
0.386105
0.386053
0.386003
0.385942
0.385881
0.385818
0.38576
0.385703
0.385649
0.38559
0.385533
0.385477
0.385408
0.385345
0.385284
0.385222
0.38515
0.385078
0.385017
0.38495
0.384882
0.384815
0.384749
0.384668
0.384579
0.384503
0.38443
0.384343
0.384251
0.38417
0.38409
0.383998
0.383914
0.383826
0.383731
0.383636
0.383545
0.383447
0.383352
0.383261
0.383166
0.383069
0.382974
0.382873
0.382779
0.38269
0.382591
0.382498
0.382406
0.382307
0.382203
0.382105
0.382009
0.381905
0.381799
0.381703
0.381593
0.381482
0.381375
0.381288
0.381195
0.38108
0.380957
0.380853
0.380753
0.380625
0.380484
0.380351
0.38021
0.380054
0.379902
0.379751
0.379591
0.379441
0.379271
0.379112
0.378968
0.378791
0.378604
0.378426
0.37824
0.378067
0.377876
0.377686
0.377507
0.377303
0.37711
0.376916
0.376726
0.37653
0.376323
0.376123
0.375956
0.375781
0.37558
0.375377
0.375173
0.374959
0.374732
0.374518
0.374308
0.37407
0.373854
0.373619
0.373398
0.373164
0.372961
0.372763
0.372518
0.372285
0.372049
0.371803
0.371553
0.371299
0.371057
0.370807
0.370556
0.370302
0.370032
0.369781
0.369525
0.36926
0.369009
0.368741
0.368478
0.368218
0.367944
0.367689
0.367416
0.367151
0.366893
0.366616
0.366358
0.366096
0.365828
0.365576
0.365304
0.365051
0.364795
0.364533
0.364293
0.364065
0.363793
0.363544
0.363295
0.363049
0.36282
0.362567
0.362362
0.36218
0.361949
0.361714
0.361493
0.361277
0.361065
0.360853
0.360637
0.360417
0.360208
0.36001
0.359793
0.359613
0.359446
0.359277
0.359075
0.358913
0.358742
0.358525
0.358347
0.358154
0.357983
0.357791
0.357591
0.357416
0.357242
0.356974
0.356751
0.356561
0.356337
0.35617
0.356019
0.355871
0.355726
0.355585
0.355457
0.355338
0.355224
0.355043
0.354918
0.354765
0.354673
0.354591
0.354444
0.354335
0.354221
0.354133
0.354058
0.353983
0.353906
0.353836
0.35371
0.353603
0.353502
0.353374
0.353258
0.353129
0.353019
0.352902
0.352757
0.352636
0.35228
0.352178
0.352058
0.351763
0.35168
0.351563
0.351453
0.351128
0.351062
0.350982
0.350908
0.350829
0.350742
0.350629
0.350501
0.350395
0.350282
0.350188
0.350104
0.350012
0.349921
0.349779
0.349646
0.349492
0.349367
0.349207
0.349062
0.34866
0.348551
0.348443
0.348333
0.34821
0.348097
0.347992
0.347886
0.347804
0.347685
0.347558
0.347433
0.347316
0.347204
0.347088
0.346971
0.346862
0.346755
0.346648
0.346525
0.346404
0.346296
0.346189
0.346086
0.345972
0.345846
0.345731
0.345632
0.345518
0.345413
0.345316
0.345212
0.345116
0.345004
0.344891
0.344788
0.344683
0.344587
0.344482
0.344378
0.34428
0.344176
0.344088
0.343992
0.343897
0.343808
0.34371
0.34362
0.343514
0.34339
0.343291
0.343192
0.343101
0.343026
0.342919
0.342819
0.342711
0.342626
0.34254
0.342445
0.342352
0.342258
0.342178
0.342099
0.342018
0.341929
0.341846
0.341763
0.341696
0.341627
0.34155
0.341474
0.341402
0.341327
0.341271
0.341205
0.341145
0.341071
0.341011
0.340951
0.340882
0.34082
0.340751
0.340687
0.340622
0.340558
0.340501
0.340435
0.340367
0.340299
0.340252
0.340213
0.340182
0.340189
0.340216
0.340277
0.340354
0.340454
0.340573
0.340706
0.340849
0.340999
0.341152
0.341302
0.341446
0.341591
0.34173
0.341855
0.341971
0.342087
0.342189
0.342282
0.342369
0.342447
0.342523
0.34259
0.342659
0.342726
0.342785
0.342845
0.342914
0.342984
0.343053
0.343138
0.343221
0.343317
0.343421
0.343525
0.343638
0.343751
0.343858
0.343966
0.34406
0.344154
0.344242
0.344332
0.344405
0.344478
0.34455
0.344616
0.344673
0.344745
0.344809
0.344871
0.344941
0.34501
0.345079
0.345148
0.345217
0.345284
0.345347
0.345415
0.345475
0.345537
0.345599
0.345662
0.345717
0.345771
0.345827
0.345892
0.345953
0.346015
0.346082
0.346148
0.346222
0.346296
0.346374
0.34645
0.346531
0.346609
0.346688
0.346772
0.346846
0.346919
0.346993
0.347063
0.34714
0.347209
0.347283
0.347347
0.34743
0.347501
0.347579
0.34765
0.347735
0.34781
0.347895
0.347978
0.348059
0.348141
0.348222
0.34831
0.34839
0.348467
0.348554
0.348631
0.348706
0.348782
0.348855
0.348929
0.349001
0.349072
0.349142
0.349211
0.349279
0.349349
0.349408
0.349468
0.349535
0.349595
0.349653
0.34972
0.349786
0.349861
0.349933
0.350013
0.350098
0.350186
0.350279
0.350372
0.350466
0.350568
0.350668
0.350779
0.350885
0.350994
0.351109
0.351222
0.351333
0.351454
0.351571
0.351687
0.351804
0.35192
0.352043
0.352163
0.352284
0.352411
0.352527
0.35266
0.352783
0.352914
0.353034
0.353171
0.353312
0.353447
0.353586
0.353744
0.353906
0.354071
0.354233
0.354404
0.354573
0.354732
0.354891
0.355074
0.355263
0.35546
0.355665
0.355868
0.35608
0.356299
0.356489
0.356688
0.356928
0.35715
0.357386
0.357622
0.357865
0.358097
0.358328
0.358558
0.358813
0.359048
0.359317
0.359593
0.359853
0.360112
0.360385
0.360658
0.360936
0.361209
0.361477
0.361768
0.362061
0.362326
0.362609
0.362906
0.363208
0.363519
0.363813
0.364098
0.364389
0.364697
0.364994
0.365296
0.365607
0.365915
0.366221
0.366533
0.366852
0.367179
0.367488
0.367803
0.368117
0.368437
0.368762
0.369103
0.369435
0.369743
0.370088
0.370399
0.370694
0.371029
0.371368
0.371723
0.372069
0.372438
0.372795
0.373106
0.373445
0.373807
0.37416
0.374501
0.374818
0.375134
0.37544
0.375759
0.376083
0.376382
0.376702
0.377021
0.377323
0.377632
0.377952
0.378304
0.378607
0.378923
0.379275
0.379582
0.379932
0.380288
0.380636
0.380987
0.381338
0.381677
0.382038
0.38239
0.382729
0.383076
0.383423
0.383763
0.384065
0.384375
0.384673
0.384976
0.385265
0.385565
0.385871
0.386167
0.38647
0.386814
0.3871
0.387398
0.387746
0.388023
0.388327
0.38866
0.388936
0.38928
0.389626
0.389944
0.390264
0.390585
0.390906
0.391229
0.391585
0.391953
0.392355
0.392737
0.393044
0.393345
0.393652
0.393926
0.394218
0.394521
0.394793
0.395082
0.395362
0.395673
0.39596
0.396206
0.396495
0.396729
0.396967
0.397205
0.397476
0.397698
0.39802
0.398237
0.398505
0.398762
0.399017
0.39929
0.399529
0.39978
0.400035
0.400266
0.400635
0.40094
0.40161
0.401827
0.402134
0.402417
0.402669
0.402835
0.403112
0.403406
0.40368
0.40396
0.404152
0.404356
0.404622
0.405318
0.40547
0.40566
0.405837
0.406039
0.406219
0.406398
0.406601
0.406786
0.406963
0.407143
0.407324
0.407503
0.407676
0.40794
0.40819
0.408437
0.408692
0.409374
0.409517
0.409778
0.410037
0.410222
0.410403
0.410606
0.410761
0.410943
0.411168
0.411424
0.411652
0.411924
0.412197
0.412471
0.412741
0.413014
0.413282
0.413562
0.413742
0.413939
0.414134
0.414319
0.414517
0.414708
0.414905
0.415101
0.415288
0.415473
0.415664
0.415864
0.416058
0.416253
0.41645
0.416647
0.416843
0.41705
0.417242
0.417449
0.417647
0.417856
0.418054
0.418264
0.418461
0.418652
0.418844
0.419037
0.419229
0.41943
0.419619
0.419771
0.41992
0.420115
0.420294
0.420475
0.420665
0.420846
0.421029
0.421221
0.421395
0.421554
0.421738
0.421913
0.422097
0.42227
0.422448
0.422618
0.422803
0.42297
0.423145
0.423307
0.423476
0.423632
0.423799
0.423928
0.42409
0.424217
0.424376
0.424543
0.42469
0.424849
0.425006
0.425165
0.425288
0.425442
0.42556
0.425715
0.425879
0.426035
0.426192
0.426341
0.426493
0.426648
0.426799
0.426952
0.42711
0.427243
0.427396
0.427536
0.427686
0.427827
0.427975
0.428115
0.42826
0.428401
0.428545
0.428665
0.428792
0.42892
0.429038
0.429168
0.429301
0.429413
0.429541
0.429677
0.429811
0.429948
0.430097
0.430265
0.430442
0.430617
0.430785
0.43096
0.431134
0.431307
0.431467
0.431608
0.431736
0.431861
0.431972
0.432077
0.432167
0.432252
0.432338
0.43242
0.432496
0.432573
0.432652
0.432724
0.432795
0.432862
0.432917
0.432969
0.433016
0.433072
0.433127
0.433171
0.433208
0.433248
0.433277
0.433313
0.433354
0.433384
0.433415
0.433449
0.433479
0.433503
0.433529
0.433561
0.433586
0.433611
0.433634
0.433661
0.433679
0.433709
0.433733
0.433754
0.43379
0.433828
0.433865
0.433908
0.433943
0.433973
0.434014
0.434055
0.434102
0.434156
0.43421
0.434274
0.434336
0.434407
0.434482
0.434567
0.434666
0.434768
0.434887
0.435003
0.43514
0.435323
0.435507
0.435701
0.435912
0.436118
0.436278
0.436436
0.43659
0.436744
0.436973
0.437193
0.437415
0.437624
0.437826
0.438039
0.438245
0.438446
0.438644
0.438785
0.438921
0.439054
0.439192
0.43933
0.439458
0.439601
0.439744
0.439879
0.439995
0.440117
0.440242
0.440375
0.440493
0.44067
0.440847
0.441015
0.441177
0.44135
0.441474
0.441595
0.44172
0.441835
0.441948
0.442072
0.442195
0.442309
0.442417
0.442523
0.442632
0.442728
0.442832
0.442925
0.443017
0.44311
0.443194
0.443285
0.443368
0.443447
0.443526
0.443597
0.443663
0.443717
0.443758
0.443811
0.443863
0.443911
0.443956
0.443988
0.444025
0.44406
0.444089
0.444125
0.444155
0.444188
0.444219
0.44425
0.444263
0.444269
0.444268
0.444246
0.444209
0.444164
0.444103
0.444033
0.443959
0.443872
0.443777
0.443679
0.443581
0.443475
0.443365
0.44325
0.443131
0.443011
0.44288
0.442754
0.44262
0.442538
0.442457
0.442376
0.442296
0.442216
0.442137
0.442059
0.44198
0.441902
0.441825
0.441748
0.441671
0.441595
0.44152
0.441445
0.44137
0.441295
0.441221
0.441148
0.441075
0.441002
0.44093
0.440858
0.440787
0.440716
0.440645
0.440575
0.440506
0.440437
0.440368
0.4403
0.440232
0.440164
0.440097
0.44003
0.439964
0.439898
0.439832
0.439767
0.439702
0.439637
0.439573
0.439509
0.439446
0.439383
0.43932
0.439257
0.439195
0.439133
0.439072
0.439011
0.43895
0.438889
0.438829
0.43877
0.43871
0.438651
0.438593
0.438534
0.438476
0.438418
0.438361
0.438304
0.438247
0.438191
0.438135
0.43808
0.438024
0.437969
0.437915
0.43786
0.437806
0.437752
0.437699
0.437646
0.437593
0.43754
0.437488
0.437436
0.437384
0.437332
0.437281
0.43723
0.43718
0.437129
0.437079
0.437029
0.43698
0.43693
0.436881
0.436832
0.436784
0.436736
0.436688
0.43664
0.436593
0.436545
0.436498
0.436452
0.436405
0.436359
0.436313
0.436268
0.436222
0.436177
0.436132
0.436088
0.436043
0.435999
0.435956
0.435912
0.435869
0.435826
0.435783
0.435741
0.435698
0.435656
0.435615
0.435573
0.435532
0.435491
0.43545
0.43541
0.43537
0.43533
0.43529
0.435251
0.435212
0.435173
0.435134
0.435095
0.435057
0.435019
0.434981
0.434943
0.434905
0.434868
0.43483
0.434793
0.434756
0.43472
0.434683
0.434647
0.434611
0.434575
0.43454
0.434504
0.434469
0.434434
0.4344
0.434365
0.434331
0.434297
0.434263
0.434229
0.434196
0.434162
0.434129
0.434096
0.434064
0.434032
0.434
0.433968
0.433936
0.433905
0.433874
0.433842
0.433812
0.433781
0.43375
0.43372
0.43369
0.433659
0.43363
0.4336
0.43357
0.433541
0.433512
0.433483
0.433454
0.433425
0.433397
0.433368
0.43334
0.433312
0.433284
0.433257
0.433229
0.433202
0.433175
0.433148
0.433121
0.433095
0.433069
0.433042
0.433016
0.432991
0.432965
0.432939
0.432914
0.432889
0.432864
0.432839
0.432814
0.43279
0.432765
0.432741
0.432717
0.432693
0.43267
0.432646
0.432622
0.432599
0.432576
0.432553
0.43253
0.432507
0.432485
0.432462
0.43244
0.432418
0.432396
0.432374
0.432352
0.432331
0.432309
0.432288
0.432267
0.432246
0.432225
0.432204
0.432184
0.432163
0.432143
0.432123
0.432103
0.432083
0.432063
0.432043
0.432024
0.432004
0.431985
0.431966
0.431947
0.431928
0.431909
0.43189
0.431872
0.431853
0.431835
0.431817
0.431799
0.431781
0.431763
0.431746
0.431728
0.431711
0.431694
0.431677
0.43166
0.431643
0.431626
0.431609
0.431593
0.431576
0.43156
0.431544
0.431528
0.431512
0.431496
0.431481
0.431465
0.43145
0.431434
0.431419
0.431404
0.431389
0.431374
0.431359
0.431345
0.43133
0.431316
0.431301
0.431287
0.431273
0.431259
0.431245
0.431231
0.431218
0.431204
0.431191
0.431177
0.431164
0.431151
0.431138
0.431125
0.431112
0.4311
0.431087
0.431075
0.431062
0.43105
0.431038
0.431025
0.431013
0.431001
0.43099
0.430978
0.430966
0.430955
0.430943
0.430932
0.43092
0.430909
0.430898
0.430887
0.430876
0.430865
0.430854
0.430844
0.430833
0.430822
0.430812
0.430801
0.430791
0.430781
0.43077
0.43076
0.43075
0.43074
0.43073
0.43072
0.43071
0.430701
0.430691
0.430681
0.430672
0.430662
0.430653
0.430643
0.430634
0.430625
0.430615
0.430606
0.430597
0.430588
0.430579
0.43057
0.430561
0.430552
0.430544
0.430535
0.430526
0.430518
0.430509
0.4305
0.430492
0.430483
0.430475
0.430467
0.430458
0.43045
0.430442
0.430434
0.430426
0.430418
0.43041
0.430402
0.430394
0.430386
0.430379
0.430371
0.430364
0.430356
0.430348
0.430341
0.430334
0.430326
0.430319
0.430312
0.430305
0.430298
0.430291
0.430284
0.430277
0.430271
0.430264
0.430257
0.43025
0.430244
0.430237
0.430231
0.430224
0.430218
0.430212
0.430205
0.430199
0.430193
0.430187
0.430181
0.430174
0.430168
0.430162
0.430156
0.43015
0.430144
0.430138
0.430132
0.430126
0.430121
0.430115
0.430109
0.430103
0.430098
0.430092
0.430086
0.430081
0.430075
0.43007
0.430065
0.430059
0.430054
0.430049
0.430043
0.430038
0.430033
0.430028
0.430023
0.430018
0.430013
0.430008
0.430003
0.429999
0.429994
0.429989
0.429984
0.42998
0.429975
0.429971
0.429966
0.429962
0.429957
0.429953
0.429949
0.429944
0.42994
0.429936
0.429932
0.429928
0.429924
0.42992
0.429916
0.429912
0.429908
0.429904
0.429901
0.429897
0.429893
0.429889
0.429886
0.429882
0.429879
0.429875
0.429872
0.429868
0.429865
0.429862
0.429858
0.429855
0.429852
0.429849
0.429845
0.429842
0.429839
0.429836
0.429833
0.42983
0.429827
0.429824
0.429821
0.429818
0.429815
0.429812
0.429809
0.429807
0.429804
0.429801
0.429798
0.429796
0.429793
0.429791
0.429788
0.429785
0.429783
0.42978
0.429778
0.429776
0.429773
0.429771
0.429768
0.429766
0.429764
0.429762
0.429759
0.429757
0.429755
0.429753
0.42975
0.429748
0.429746
0.429744
0.429742
0.42974
0.429738
0.429736
0.429733
0.429731
0.429729
0.429727
0.429726
0.429724
0.429722
0.42972
0.429718
0.429716
0.429714
0.429712
0.42971
0.429709
0.429707
0.429705
0.429703
0.429701
0.4297
0.429698
0.429696
0.429694
0.429693
0.429691
0.429689
0.429687
0.429686
0.429684
0.429682
0.429681
0.429679
0.429678
0.429676
0.429674
0.429673
0.429671
0.42967
0.429668
0.429667
0.429665
0.429664
0.429662
0.429661
0.429659
0.429658
0.429656
0.429655
0.429653
0.429652
0.42965
0.429649
0.429647
0.429646
0.429645
0.429643
0.429642
0.42964
0.429639
0.429638
0.429636
0.429635
0.429634
0.429632
0.429631
0.42963
0.429629
0.429627
0.429626
0.429625
0.429624
0.429623
0.429621
0.42962
0.429619
0.429618
0.429617
0.429616
0.429615
0.429613
0.429612
0.429611
0.42961
0.429609
0.429608
0.429607
0.429606
0.429606
0.429605
0.429604
0.429603
0.429602
0.429601
0.4296
0.429599
0.429598
0.429597
0.429597
0.429596
0.429595
0.429594
0.429593
0.429592
0.429592
0.429591
0.42959
0.429589
0.429588
0.429588
0.429587
0.429586
0.429585
0.429585
0.429584
0.429583
0.429583
0.429582
0.429582
0.429581
0.42958
0.42958
0.429579
0.429578
0.429578
0.429577
0.429576
0.429576
0.429575
0.429575
0.429574
0.429573
0.429573
0.429572
0.429572
0.429571
0.429571
0.42957
0.42957
0.429569
0.429569
0.429568
0.429567
0.429567
0.429566
0.429566
0.429565
0.429565
0.429564
0.429563
0.429563
0.429562
0.429562
0.429561
0.42956
0.42956
0.429559
0.429559
0.429558
0.429558
0.429557
0.429557
0.429556
0.429556
0.429555
0.429555
0.429554
0.429554
0.429553
0.429553
0.429552
0.429552
0.429552
0.429551
0.429551
0.42955
0.42955
0.42955
0.429549
0.429549
0.429549
0.429548
0.429548
0.429547
0.429547
0.429546
0.429546
0.429545
0.429545
0.429544
0.429544
0.429543
0.429543
0.429543
0.429542
0.429542
0.429541
0.429541
0.42954
0.42954
0.429539
0.429539
0.429538
0.429538
0.429537
0.429537
0.429536
0.429536
0.429535
0.429535
0.429534
0.429534
0.429533
0.429533
0.429532
0.429532
0.429531
0.429531
0.429531
0.42953
0.42953
0.429529
0.429529
0.429528
0.429528
0.429527
0.429527
0.429526
0.429526
0.429525
0.429525
0.429524
0.429524
0.429523
0.429523
0.429522
0.429522
0.429521
0.429521
0.42952
0.42952
0.429519
0.429519
0.429518
0.429518
0.429517
0.429517
0.429516
0.429516
0.429515
0.429515
0.429514
0.429514
0.429513
0.429513
0.429512
0.429512
0.429512
0.429511
0.429511
0.42951
0.42951
0.429509
0.429509
0.429508
0.429508
0.429508
0.429507
0.429507
0.429506
0.429506
0.429506
0.429505
0.429505
0.429505
0.429504
0.429504
0.429503
0.429503
0.429503
0.429502
0.429502
0.429502
0.429501
0.429501
0.429501
0.4295
0.4295
0.4295
0.4295
0.429499
0.429499
0.429499
