0.487919
0.487919
0.487919
0.487919
0.487919
0.487919
0.487918
0.487918
0.487918
0.487918
0.487918
0.487918
0.487917
0.487917
0.487917
0.487917
0.487916
0.487916
0.487916
0.487915
0.487915
0.487915
0.487914
0.487914
0.487914
0.487913
0.487913
0.487913
0.487912
0.487912
0.487911
0.487911
0.487911
0.48791
0.48791
0.487909
0.487909
0.487908
0.487908
0.487908
0.487907
0.487907
0.487906
0.487906
0.487905
0.487905
0.487904
0.487904
0.487904
0.487903
0.487903
0.487902
0.487902
0.487901
0.487901
0.4879
0.4879
0.487899
0.487899
0.487898
0.487898
0.487897
0.487897
0.487896
0.487896
0.487895
0.487895
0.487894
0.487894
0.487893
0.487892
0.487892
0.487891
0.487891
0.48789
0.487889
0.487889
0.487888
0.487887
0.487887
0.487886
0.487885
0.487885
0.487884
0.487883
0.487882
0.487882
0.487881
0.48788
0.487879
0.487878
0.487877
0.487876
0.487875
0.487875
0.487874
0.487873
0.487872
0.487871
0.48787
0.487869
0.487868
0.487867
0.487866
0.487865
0.487864
0.487863
0.487862
0.487861
0.48786
0.487859
0.487858
0.487857
0.487856
0.487855
0.487854
0.487853
0.487852
0.487851
0.48785
0.487849
0.487848
0.487847
0.487847
0.487846
0.487845
0.487844
0.487843
0.487842
0.487842
0.487841
0.48784
0.487839
0.487838
0.487837
0.487837
0.487836
0.487835
0.487834
0.487833
0.487833
0.487832
0.487831
0.48783
0.48783
0.487829
0.487828
0.487827
0.487827
0.487826
0.487826
0.487825
0.487824
0.487824
0.487823
0.487823
0.487822
0.487822
0.487821
0.487821
0.48782
0.48782
0.487819
0.487819
0.487819
0.487818
0.487818
0.487818
0.487817
0.487817
0.487817
0.487817
0.487816
0.487816
0.487816
0.487816
0.487815
0.487815
0.487815
0.487815
0.487815
0.487815
0.487815
0.487815
0.487815
0.487815
0.487815
0.487815
0.487815
0.487815
0.487815
0.487815
0.487815
0.487815
0.487815
0.487815
0.487815
0.487815
0.487815
0.487815
0.487815
0.487815
0.487816
0.487816
0.487816
0.487816
0.487817
0.487817
0.487817
0.487818
0.487818
0.487818
0.487819
0.487819
0.48782
0.48782
0.487821
0.487821
0.487822
0.487822
0.487823
0.487823
0.487824
0.487825
0.487826
0.487826
0.487827
0.487828
0.487829
0.487829
0.48783
0.487831
0.487832
0.487833
0.487834
0.487835
0.487836
0.487837
0.487838
0.487839
0.48784
0.487841
0.487842
0.487843
0.487844
0.487845
0.487846
0.487847
0.487848
0.487849
0.48785
0.487851
0.487852
0.487854
0.487855
0.487856
0.487857
0.487858
0.487859
0.48786
0.487861
0.487862
0.487863
0.487864
0.487865
0.487866
0.487868
0.487869
0.48787
0.487871
0.487872
0.487873
0.487874
0.487875
0.487876
0.487877
0.487879
0.48788
0.487881
0.487882
0.487883
0.487884
0.487885
0.487886
0.487887
0.487888
0.487889
0.487891
0.487892
0.487893
0.487894
0.487895
0.487895
0.487896
0.487897
0.487898
0.487899
0.4879
0.487902
0.487903
0.487904
0.487905
0.487906
0.487907
0.487908
0.487909
0.48791
0.487911
0.487912
0.487913
0.487914
0.487915
0.487916
0.487917
0.487918
0.487919
0.48792
0.487921
0.487922
0.487923
0.487924
0.487925
0.487926
0.487927
0.487928
0.487929
0.48793
0.487931
0.487932
0.487933
0.487934
0.487934
0.487935
0.487936
0.487937
0.487938
0.487939
0.48794
0.48794
0.487941
0.487942
0.487943
0.487944
0.487945
0.487946
0.487947
0.487948
0.487949
0.48795
0.48795
0.487951
0.487952
0.487953
0.487954
0.487955
0.487956
0.487956
0.487957
0.487958
0.487959
0.48796
0.487961
0.487962
0.487963
0.487964
0.487965
0.487966
0.487967
0.487968
0.487969
0.48797
0.487971
0.487972
0.487972
0.487973
0.487974
0.487975
0.487976
0.487977
0.487978
0.487979
0.487979
0.48798
0.487981
0.487982
0.487983
0.487984
0.487984
0.487985
0.487986
0.487987
0.487987
0.487988
0.487989
0.48799
0.48799
0.487991
0.487992
0.487992
0.487993
0.487994
0.487995
0.487995
0.487996
0.487997
0.487997
0.487998
0.487999
0.487999
0.488
0.488001
0.488002
0.488002
0.488003
0.488004
0.488004
0.488005
0.488006
0.488006
0.488007
0.488008
0.488008
0.488009
0.488009
0.48801
0.488011
0.488011
0.488012
0.488012
0.488013
0.488014
0.488014
0.488015
0.488015
0.488016
0.488016
0.488017
0.488017
0.488018
0.488018
0.488019
0.488019
0.48802
0.48802
0.488021
0.488021
0.488022
0.488022
0.488023
0.488023
0.488023
0.488024
0.488024
0.488024
0.488025
0.488025
0.488026
0.488026
0.488026
0.488027
0.488027
0.488028
0.488028
0.488029
0.488029
0.488029
0.48803
0.48803
0.488031
0.488031
0.488031
0.488032
0.488032
0.488032
0.488033
0.488033
0.488033
0.488034
0.488034
0.488034
0.488034
0.488035
0.488035
0.488035
0.488035
0.488036
0.488036
0.488036
0.488036
0.488037
0.488037
0.488037
0.488037
0.488037
0.488037
0.488037
0.488037
0.488037
0.488037
0.488037
0.488037
0.488037
0.488037
0.488037
0.488037
0.488037
0.488037
0.488037
0.488037
0.488037
0.488037
0.488037
0.488037
0.488037
0.488036
0.488036
0.488036
0.488036
0.488036
0.488036
0.488036
0.488036
0.488036
0.488036
0.488036
0.488035
0.488035
0.488035
0.488035
0.488035
0.488035
0.488035
0.488035
0.488035
0.488034
0.488034
0.488034
0.488034
0.488034
0.488034
0.488033
0.488033
0.488033
0.488033
0.488032
0.488032
0.488032
0.488032
0.488032
0.488031
0.488031
0.488031
0.488031
0.48803
0.48803
0.48803
0.48803
0.48803
0.488029
0.488029
0.488029
0.488029
0.488029
0.488028
0.488028
0.488028
0.488028
0.488028
0.488028
0.488028
0.488028
0.488027
0.488027
0.488027
0.488027
0.488027
0.488027
0.488027
0.488027
0.488027
0.488027
0.488027
0.488026
0.488026
0.488026
0.488026
0.488026
0.488026
0.488026
0.488025
0.488025
0.488025
0.488025
0.488025
0.488025
0.488025
0.488024
0.488024
0.488024
0.488024
0.488024
0.488024
0.488024
0.488024
0.488024
0.488023
0.488023
0.488023
0.488023
0.488023
0.488022
0.488022
0.488022
0.488022
0.488021
0.488021
0.488021
0.488021
0.48802
0.48802
0.48802
0.48802
0.488019
0.488019
0.488019
0.488018
0.488018
0.488018
0.488017
0.488017
0.488017
0.488016
0.488016
0.488016
0.488015
0.488015
0.488014
0.488014
0.488013
0.488013
0.488013
0.488012
0.488012
0.488011
0.488011
0.488011
0.48801
0.48801
0.48801
0.488009
0.488009
0.488009
0.488008
0.488008
0.488008
0.488007
0.488007
0.488007
0.488007
0.488007
0.488006
0.488006
0.488006
0.488006
0.488006
0.488005
0.488005
0.488005
0.488005
0.488005
0.488005
0.488004
0.488004
0.488004
0.488004
0.488003
0.488003
0.488003
0.488003
0.488003
0.488002
0.488002
0.488002
0.488002
0.488002
0.488002
0.488002
0.488002
0.488001
0.488001
0.488001
0.488001
0.488001
0.488001
0.488001
0.488001
0.488
0.488
0.488
0.488
0.488
0.488
0.488
0.488
0.488
0.488
0.488
0.488
0.488
0.488
0.488
0.487999
0.487999
0.487999
0.487999
0.487999
0.487999
0.487999
0.487999
0.487999
0.487999
0.487999
0.487999
0.487999
0.487999
0.487999
0.487999
0.487999
0.487999
0.487999
0.487999
0.487999
0.487999
0.487999
0.487999
0.487999
0.487999
0.487999
0.487999
0.487999
0.487998
0.487998
0.487998
0.487998
0.487998
0.487997
0.487997
0.487997
0.487997
0.487997
0.487996
0.487996
0.487996
0.487995
0.487995
0.487995
0.487994
0.487994
0.487994
0.487994
0.487993
0.487993
0.487993
0.487992
0.487992
0.487992
0.487991
0.487991
0.48799
0.48799
0.48799
0.487989
0.487989
0.487989
0.487988
0.487988
0.487987
0.487987
0.487986
0.487986
0.487986
0.487985
0.487985
0.487984
0.487984
0.487984
0.487983
0.487983
0.487982
0.487982
0.487981
0.487981
0.48798
0.48798
0.487979
0.487979
0.487978
0.487978
0.487977
0.487976
0.487976
0.487975
0.487975
0.487974
0.487973
0.487973
0.487972
0.487971
0.487971
0.48797
0.487969
0.487969
0.487968
0.487967
0.487967
0.487966
0.487965
0.487964
0.487964
0.487963
0.487962
0.487962
0.487961
0.48796
0.48796
0.487959
0.487958
0.487957
0.487957
0.487956
0.487956
0.487955
0.487954
0.487954
0.487953
0.487953
0.487952
0.487951
0.487951
0.48795
0.48795
0.487949
0.487948
0.487948
0.487947
0.487947
0.487946
0.487946
0.487945
0.487944
0.487944
0.487943
0.487943
0.487942
0.487942
0.487941
0.487941
0.48794
0.487939
0.487939
0.487938
0.487938
0.487937
0.487937
0.487936
0.487936
0.487935
0.487935
0.487934
0.487934
0.487933
0.487933
0.487932
0.487932
0.487932
0.487931
0.487931
0.487931
0.48793
0.48793
0.48793
0.48793
0.487929
0.487929
0.487929
0.487928
0.487928
0.487928
0.487928
0.487927
0.487927
0.487927
0.487927
0.487926
0.487926
0.487926
0.487926
0.487926
0.487926
0.487925
0.487925
0.487925
0.487925
0.487925
0.487925
0.487925
0.487925
0.487925
0.487925
0.487925
0.487925
0.487925
0.487925
0.487925
0.487925
0.487925
0.487925
0.487925
0.487925
0.487925
0.487925
0.487925
0.487925
0.487926
0.487926
0.487926
0.487926
0.487926
0.487926
0.487927
0.487927
0.487927
0.487927
0.487927
0.487928
0.487928
0.487928
0.487928
0.487929
0.487929
0.487929
0.487929
0.48793
0.48793
0.48793
0.48793
0.487931
0.487931
0.487931
0.487932
0.487932
0.487932
0.487933
0.487933
0.487933
0.487934
0.487934
0.487935
0.487935
0.487936
0.487936
0.487937
0.487938
0.487938
0.487939
0.487939
0.48794
0.48794
0.487941
0.487942
0.487942
0.487943
0.487943
0.487944
0.487945
0.487945
0.487946
0.487947
0.487947
0.487948
0.487949
0.48795
0.48795
0.487951
0.487952
0.487952
0.487953
0.487954
0.487955
0.487955
0.487956
0.487957
0.487957
0.487958
0.487959
0.48796
0.48796
0.487961
0.487962
0.487963
0.487964
0.487964
0.487965
0.487966
0.487967
0.487968
0.487968
0.487969
0.48797
0.487971
0.487972
0.487973
0.487973
0.487974
0.487975
0.487976
0.487977
0.487978
0.487978
0.487979
0.48798
0.487981
0.487982
0.487983
0.487984
0.487985
0.487986
0.487987
0.487988
0.487989
0.487989
0.48799
0.487991
0.487992
0.487993
0.487994
0.487995
0.487996
0.487997
0.487997
0.487998
0.487999
0.488
0.488001
0.488001
0.488002
0.488003
0.488003
0.488004
0.488005
0.488005
0.488006
0.488007
0.488007
0.488008
0.488008
0.488009
0.488009
0.48801
0.48801
0.488011
0.488011
0.488012
0.488012
0.488013
0.488013
0.488014
0.488014
0.488015
0.488015
0.488015
0.488016
0.488016
0.488017
0.488017
0.488018
0.488018
0.488018
0.488019
0.488019
0.48802
0.48802
0.488021
0.488021
0.488021
0.488022
0.488022
0.488023
0.488023
0.488023
0.488024
0.488024
0.488025
0.488025
0.488025
0.488026
0.488026
0.488027
0.488027
0.488028
0.488028
0.488028
0.488029
0.488029
0.48803
0.48803
0.488031
0.488031
0.488032
0.488032
0.488033
0.488033
0.488034
0.488034
0.488035
0.488035
0.488036
0.488036
0.488037
0.488037
0.488038
0.488039
0.488039
0.48804
0.48804
0.488041
0.488041
0.488042
0.488042
0.488043
0.488044
0.488044
0.488045
0.488045
0.488046
0.488047
0.488047
0.488048
0.488048
0.488049
0.488049
0.48805
0.48805
0.488051
0.488052
0.488052
0.488053
0.488053
0.488053
0.488054
0.488054
0.488055
0.488055
0.488056
0.488056
0.488056
0.488057
0.488057
0.488058
0.488058
0.488058
0.488059
0.488059
0.488059
0.48806
0.48806
0.48806
0.488061
0.488061
0.488061
0.488061
0.488062
0.488062
0.488062
0.488062
0.488063
0.488063
0.488063
0.488063
0.488064
0.488064
0.488064
0.488064
0.488064
0.488065
0.488065
0.488065
0.488065
0.488065
0.488066
0.488066
0.488066
0.488066
0.488066
0.488066
0.488067
0.488067
0.488067
0.488067
0.488067
0.488068
0.488068
0.488068
0.488068
0.488068
0.488069
0.488069
0.488069
0.488069
0.488069
0.488069
0.488069
0.48807
0.48807
0.48807
0.48807
0.48807
0.48807
0.48807
0.48807
0.48807
0.48807
0.48807
0.48807
0.48807
0.48807
0.48807
0.48807
0.48807
0.48807
0.48807
0.48807
0.48807
0.48807
0.48807
0.48807
0.48807
0.48807
0.48807
0.48807
0.48807
0.48807
0.48807
0.48807
0.48807
0.48807
0.48807
0.48807
0.48807
0.48807
0.48807
0.48807
0.48807
0.48807
0.48807
0.48807
0.48807
0.48807
0.48807
0.48807
0.48807
0.48807
0.48807
0.48807
0.48807
0.48807
0.48807
0.48807
0.48807
0.48807
0.48807
0.48807
0.48807
0.48807
0.48807
0.48807
0.48807
0.48807
0.48807
0.48807
0.48807
0.48807
0.48807
0.48807
0.48807
0.48807
0.48807
0.48807
0.48807
0.48807
0.48807
0.48807
0.48807
0.48807
0.48807
0.48807
0.48807
0.48807
0.48807
0.48807
0.48807
0.48807
0.48807
0.48807
0.48807
0.48807
0.48807
0.48807
0.48807
0.488069
0.488069
0.488069
0.488069
0.488069
0.488069
0.488069
0.488069
0.488069
0.488069
0.488069
0.48807
0.48807
0.48807
0.48807
0.48807
0.48807
0.48807
0.48807
0.48807
0.48807
0.48807
0.48807
0.48807
0.48807
0.48807
0.48807
0.48807
0.48807
0.48807
0.48807
0.48807
0.48807
0.48807
0.48807
0.48807
0.48807
0.48807
0.48807
0.48807
0.48807
0.48807
0.48807
0.48807
0.48807
0.48807
0.48807
0.48807
0.488069
0.488069
0.488069
0.488069
0.488069
0.488069
0.488069
0.488069
0.488069
0.488069
0.488069
0.488069
0.488069
0.488069
0.488069
0.488069
0.488069
0.488069
0.488069
0.488069
0.488069
0.488069
0.488069
0.488069
0.488069
0.488069
0.488069
0.488069
0.488069
0.488069
0.488069
0.488069
0.488069
0.488069
0.48807
0.48807
0.48807
0.48807
0.48807
0.48807
0.48807
0.48807
0.488071
0.488071
0.488071
0.488071
0.488071
0.488071
0.488072
0.488072
0.488072
0.488072
0.488072
0.488072
0.488073
0.488073
0.488073
0.488073
0.488073
0.488074
0.488074
0.488074
0.488074
0.488074
0.488074
0.488075
0.488075
0.488075
0.488075
0.488076
0.488076
0.488076
0.488077
0.488077
0.488077
0.488078
0.488078
0.488078
0.488078
0.488079
0.488079
0.488079
0.48808
0.48808
0.48808
0.488081
0.488081
0.488081
0.488082
0.488082
0.488082
0.488082
0.488083
0.488083
0.488083
0.488083
0.488084
0.488084
0.488084
0.488084
0.488085
0.488085
0.488085
0.488085
0.488085
0.488086
0.488086
0.488086
0.488086
0.488086
0.488086
0.488087
0.488087
0.488087
0.488087
0.488087
0.488087
0.488087
0.488088
0.488088
0.488088
0.488088
0.488088
0.488088
0.488089
0.488089
0.488089
0.488089
0.488089
0.488089
0.48809
0.48809
0.48809
0.48809
0.48809
0.48809
0.488091
0.488091
0.488091
0.488091
0.488092
0.488092
0.488092
0.488092
0.488093
0.488093
0.488093
0.488093
0.488093
0.488094
0.488094
0.488094
0.488094
0.488094
0.488095
0.488095
0.488095
0.488095
0.488095
0.488095
0.488096
0.488096
0.488096
0.488096
0.488096
0.488096
0.488096
0.488096
0.488096
0.488096
0.488096
0.488096
0.488096
0.488096
0.488096
0.488096
0.488096
0.488096
0.488096
0.488096
0.488096
0.488096
0.488096
0.488096
0.488096
0.488096
0.488096
0.488096
0.488096
0.488096
0.488096
0.488096
0.488096
0.488096
0.488095
0.488095
0.488095
0.488095
0.488095
0.488095
0.488095
0.488095
0.488095
0.488095
0.488094
0.488094
0.488094
0.488094
0.488094
0.488094
0.488094
0.488094
0.488094
0.488094
0.488093
0.488093
0.488093
0.488093
0.488093
0.488093
0.488093
0.488093
0.488093
0.488093
0.488093
0.488093
0.488093
0.488093
0.488092
0.488092
0.488092
0.488092
0.488092
0.488092
0.488092
0.488092
0.488092
0.488092
0.488092
0.488092
0.488092
0.488092
0.488092
0.488092
0.488092
0.488092
0.488092
0.488091
0.488091
0.488091
0.488091
0.488091
0.488091
0.48809
0.48809
0.48809
0.48809
0.48809
0.48809
0.488089
0.488089
0.488089
0.488089
0.488089
0.488088
0.488088
0.488088
0.488088
0.488087
0.488087
0.488087
0.488087
0.488087
0.488087
0.488086
0.488086
0.488086
0.488086
0.488086
0.488086
0.488086
0.488086
0.488085
0.488085
0.488085
0.488085
0.488085
0.488085
0.488085
0.488085
0.488085
0.488085
0.488085
0.488085
0.488085
0.488085
0.488085
0.488085
0.488085
0.488085
0.488085
0.488085
0.488085
0.488085
0.488085
0.488085
0.488085
0.488085
0.488085
0.488085
0.488085
0.488085
0.488085
0.488084
0.488084
0.488084
0.488084
0.488084
0.488084
0.488084
0.488083
0.488083
0.488083
0.488083
0.488082
0.488082
0.488082
0.488082
0.488082
0.488081
0.488081
0.488081
0.48808
0.48808
0.48808
0.48808
0.488079
0.488079
0.488079
0.488078
0.488078
0.488077
0.488077
0.488077
0.488076
0.488076
0.488075
0.488075
0.488075
0.488074
0.488074
0.488074
0.488073
0.488073
0.488073
0.488072
0.488072
0.488072
0.488071
0.488071
0.488071
0.48807
0.48807
0.48807
0.488069
0.488069
0.488069
0.488068
0.488068
0.488068
0.488067
0.488067
0.488067
0.488066
0.488066
0.488066
0.488066
0.488065
0.488065
0.488065
0.488064
0.488064
0.488064
0.488064
0.488063
0.488063
0.488063
0.488062
0.488062
0.488062
0.488061
0.488061
0.488061
0.48806
0.48806
0.488059
0.488059
0.488059
0.488058
0.488058
0.488057
0.488057
0.488057
0.488056
0.488056
0.488055
0.488055
0.488054
0.488054
0.488053
0.488053
0.488052
0.488052
0.488051
0.488051
0.48805
0.48805
0.488049
0.488049
0.488048
0.488048
0.488048
0.488047
0.488047
0.488046
0.488046
0.488045
0.488045
0.488044
0.488044
0.488044
0.488043
0.488043
0.488042
0.488042
0.488041
0.488041
0.488041
0.48804
0.48804
0.488039
0.488039
0.488039
0.488038
0.488038
0.488038
0.488038
0.488037
0.488037
0.488037
0.488036
0.488036
0.488036
0.488035
0.488035
0.488035
0.488035
0.488034
0.488034
0.488034
0.488033
0.488033
0.488033
0.488033
0.488032
0.488032
0.488032
0.488031
0.488031
0.488031
0.488031
0.488031
0.48803
0.48803
0.48803
0.48803
0.488029
0.488029
0.488029
0.488029
0.488029
0.488028
0.488028
0.488028
0.488028
0.488028
0.488027
0.488027
0.488027
0.488027
0.488027
0.488026
0.488026
0.488026
0.488026
0.488026
0.488026
0.488026
0.488026
0.488026
0.488025
0.488025
0.488025
0.488025
0.488025
0.488025
0.488025
0.488025
0.488025
0.488024
0.488024
0.488024
0.488024
0.488024
0.488024
0.488024
0.488024
0.488023
0.488023
0.488023
0.488023
0.488023
0.488023
0.488023
0.488023
0.488023
0.488023
0.488023
0.488023
0.488023
0.488023
0.488023
0.488023
0.488023
0.488023
0.488023
0.488023
0.488023
0.488023
0.488022
0.488022
0.488022
0.488022
0.488022
0.488022
0.488022
0.488022
0.488021
0.488021
0.488021
0.488021
0.488021
0.488021
0.488021
0.48802
0.48802
0.48802
0.48802
0.488019
0.488019
0.488019
0.488019
0.488018
0.488018
0.488018
0.488018
0.488017
0.488017
0.488017
0.488016
0.488016
0.488016
0.488015
0.488015
0.488015
0.488015
0.488014
0.488014
0.488014
0.488014
0.488013
0.488013
0.488013
0.488013
0.488012
0.488012
0.488012
0.488012
0.488012
0.488011
0.488011
0.488011
0.488011
0.488011
0.48801
0.48801
0.48801
0.48801
0.48801
0.48801
0.488009
0.488009
0.488009
0.488009
0.488009
0.488008
0.488008
0.488008
0.488008
0.488007
0.488007
0.488007
0.488006
0.488006
0.488006
0.488005
0.488005
0.488005
0.488004
0.488004
0.488004
0.488003
0.488003
0.488003
0.488002
0.488002
0.488002
0.488001
0.488001
0.488001
0.488
0.488
0.487999
0.487999
0.487999
0.487998
0.487998
0.487998
0.487997
0.487997
0.487997
0.487996
0.487996
0.487996
0.487996
0.487995
0.487995
0.487995
0.487994
0.487994
0.487993
0.487993
0.487993
0.487992
0.487992
0.487992
0.487991
0.487991
0.487991
0.48799
0.48799
0.48799
0.487989
0.487989
0.487989
0.487988
0.487988
0.487987
0.487987
0.487987
0.487986
0.487986
0.487986
0.487985
0.487985
0.487985
0.487984
0.487984
0.487984
0.487984
0.487983
0.487983
0.487983
0.487983
0.487983
0.487982
0.487982
0.487982
0.487982
0.487982
0.487982
0.487982
0.487982
0.487981
0.487981
0.487981
0.487981
0.487981
0.487981
0.487981
0.487981
0.487981
0.487981
0.487981
0.487981
0.487981
0.487981
0.487981
0.487981
0.487981
0.487981
0.487981
0.487981
0.487981
0.487981
0.487981
0.48798
0.48798
0.48798
0.48798
0.48798
0.48798
0.487981
0.487981
0.487981
0.487981
0.487981
0.487981
0.487981
0.487981
0.487981
0.487981
0.487981
0.487981
0.487981
0.487981
0.487981
0.487981
0.487982
0.487982
0.487982
0.487982
0.487982
0.487982
0.487982
0.487982
0.487982
0.487982
0.487982
0.487982
0.487982
0.487982
0.487983
0.487983
0.487983
0.487983
0.487983
0.487983
0.487983
0.487984
0.487984
0.487984
0.487984
0.487984
0.487984
0.487985
0.487985
0.487985
0.487985
0.487985
0.487985
0.487986
0.487986
0.487986
0.487986
0.487986
0.487986
0.487987
0.487987
0.487987
0.487987
0.487987
0.487987
0.487987
0.487987
0.487987
0.487987
0.487987
0.487987
0.487987
0.487988
0.487988
0.487988
0.487988
0.487988
0.487988
0.487988
0.487988
0.487989
0.487989
0.487989
0.487989
0.487989
0.487989
0.487989
0.487989
0.487989
0.487989
0.487989
0.487989
0.487989
0.487989
0.487989
0.487989
0.487989
0.487989
0.487989
0.487989
0.487989
0.487989
0.487989
0.487989
0.487989
0.487989
0.487988
0.487988
0.487988
0.487988
0.487988
0.487988
0.487988
0.487988
0.487988
0.487988
0.487987
0.487987
0.487987
0.487987
0.487987
0.487986
0.487986
0.487986
0.487986
0.487985
0.487985
0.487985
0.487985
0.487984
0.487984
0.487984
0.487984
0.487984
0.487983
0.487983
0.487983
0.487983
0.487982
0.487982
0.487982
0.487982
0.487981
0.487981
0.487981
0.48798
0.48798
0.48798
0.487979
0.487979
0.487979
0.487979
0.487978
0.487978
0.487978
0.487977
0.487977
0.487977
0.487976
0.487976
0.487976
0.487976
0.487976
0.487975
0.487975
0.487975
0.487974
0.487974
0.487974
0.487973
0.487973
0.487973
0.487973
0.487972
0.487972
0.487972
0.487971
0.487971
0.487971
0.48797
0.48797
0.48797
0.48797
0.48797
0.487969
0.487969
0.487969
0.487969
0.487969
0.487968
0.487968
0.487968
0.487968
0.487968
0.487967
0.487967
0.487967
0.487967
0.487966
0.487966
0.487966
0.487965
0.487965
0.487965
0.487965
0.487964
0.487964
0.487964
0.487964
0.487964
0.487963
0.487963
0.487963
0.487963
0.487962
0.487962
0.487962
0.487962
0.487961
0.487961
0.487961
0.48796
0.48796
0.48796
0.48796
0.487959
0.487959
0.487959
0.487959
0.487958
0.487958
0.487958
0.487957
0.487957
0.487957
0.487956
0.487956
0.487956
0.487955
0.487955
0.487955
0.487954
0.487954
0.487954
0.487953
0.487953
0.487953
0.487952
0.487952
0.487952
0.487951
0.487951
0.487951
0.48795
0.48795
0.48795
0.48795
0.487949
0.487949
0.487949
0.487949
0.487948
0.487948
0.487948
0.487948
0.487947
0.487947
0.487947
0.487947
0.487947
0.487946
0.487946
0.487946
0.487946
0.487946
0.487946
0.487945
0.487945
0.487945
0.487945
0.487945
0.487945
0.487945
0.487945
0.487945
0.487945
0.487945
0.487945
0.487945
0.487945
0.487945
0.487945
0.487945
0.487945
0.487945
0.487945
0.487945
0.487945
0.487945
0.487945
0.487945
0.487946
0.487946
0.487946
0.487946
0.487946
0.487947
0.487947
0.487947
0.487947
0.487947
0.487948
0.487948
0.487948
0.487948
0.487949
0.487949
0.487949
0.48795
0.48795
0.48795
0.48795
0.48795
0.487951
0.487951
0.487951
0.487951
0.487951
0.487952
0.487952
0.487952
0.487952
0.487952
0.487952
0.487952
0.487952
0.487953
0.487953
0.487953
0.487953
0.487953
0.487953
0.487953
0.487954
0.487954
0.487954
0.487954
0.487954
0.487954
0.487954
0.487955
0.487955
0.487955
0.487955
0.487955
0.487955
0.487956
0.487956
0.487956
0.487956
0.487957
0.487957
0.487957
0.487957
0.487958
0.487958
0.487958
0.487958
0.487959
0.487959
0.487959
0.487959
0.48796
0.48796
0.48796
0.48796
0.48796
0.48796
0.48796
0.48796
0.48796
0.48796
0.487961
0.487961
0.487961
0.487961
0.48796
0.48796
0.48796
0.48796
0.48796
0.48796
0.48796
0.48796
0.48796
0.48796
0.48796
0.48796
0.48796
0.48796
0.48796
0.48796
0.48796
0.487959
0.487959
0.487959
0.487959
0.487959
0.487959
0.487959
0.487959
0.487959
0.487959
0.487958
0.487958
0.487958
0.487958
0.487958
0.487958
0.487957
0.487957
0.487957
0.487957
0.487957
0.487956
0.487956
0.487956
0.487956
0.487955
0.487955
0.487955
0.487955
0.487954
0.487954
0.487954
0.487953
0.487953
0.487953
0.487952
0.487952
0.487952
0.487951
0.487951
0.487951
0.487951
0.48795
0.48795
0.48795
0.487949
0.487949
0.487949
0.487949
0.487948
0.487948
0.487948
0.487947
0.487947
0.487947
0.487946
0.487946
0.487946
0.487946
0.487945
0.487945
0.487945
0.487944
0.487944
0.487944
0.487943
0.487943
0.487943
0.487942
0.487942
0.487942
0.487941
0.487941
0.487941
0.48794
0.48794
0.48794
0.487939
0.487939
0.487938
0.487938
0.487938
0.487937
0.487937
0.487936
0.487936
0.487935
0.487934
0.487934
0.487933
0.487933
0.487932
0.487931
0.487931
0.48793
0.48793
0.487929
0.487928
0.487928
0.487927
0.487926
0.487926
0.487925
0.487924
0.487924
0.487923
0.487922
0.487922
0.487921
0.48792
0.48792
0.487919
0.487918
0.487918
0.487917
0.487916
0.487915
0.487915
0.487914
0.487913
0.487913
0.487912
0.487911
0.48791
0.48791
0.487909
0.487908
0.487908
0.487907
0.487906
0.487906
0.487905
0.487904
0.487904
0.487903
0.487902
0.487902
0.487901
0.487901
0.4879
0.487899
0.487899
0.487898
0.487898
0.487897
0.487897
0.487896
0.487895
0.487895
0.487894
0.487894
0.487893
0.487893
0.487892
0.487892
0.487892
0.487891
0.487891
0.48789
0.48789
0.487889
0.487889
0.487889
0.487888
0.487888
0.487887
0.487887
0.487887
0.487886
0.487886
0.487885
0.487885
0.487885
0.487884
0.487884
0.487884
0.487883
0.487883
0.487883
0.487882
0.487882
0.487882
0.487882
0.487881
0.487881
0.487881
0.48788
0.48788
0.48788
0.487879
0.487879
0.487879
0.487878
0.487878
0.487878
0.487877
0.487877
0.487877
0.487876
0.487876
0.487876
0.487875
0.487875
0.487875
0.487875
0.487874
0.487874
0.487874
0.487873
0.487873
0.487873
0.487873
0.487872
0.487872
0.487872
0.487871
0.487871
0.487871
0.487871
0.48787
0.48787
0.48787
0.487869
0.487869
0.487869
0.487868
0.487868
0.487867
0.487867
0.487867
0.487866
0.487866
0.487865
0.487865
0.487864
0.487864
0.487863
0.487863
0.487862
0.487862
0.487861
0.487861
0.48786
0.48786
0.487859
0.487859
0.487858
0.487858
0.487857
0.487856
0.487856
0.487855
0.487855
0.487854
0.487854
0.487853
0.487853
0.487852
0.487851
0.487851
0.48785
0.48785
0.487849
0.487849
0.487848
0.487848
0.487847
0.487846
0.487846
0.487845
0.487845
0.487844
0.487844
0.487843
0.487843
0.487842
0.487842
0.487841
0.48784
0.48784
0.487839
0.487839
0.487838
0.487838
0.487837
0.487837
0.487836
0.487836
0.487835
0.487834
0.487834
0.487833
0.487833
0.487832
0.487832
0.487831
0.487831
0.48783
0.48783
0.487829
0.487828
0.487828
0.487827
0.487827
0.487826
0.487826
0.487825
0.487825
0.487824
0.487824
0.487823
0.487823
0.487823
0.487822
0.487822
0.487822
0.487821
0.487821
0.487821
0.48782
0.48782
0.48782
0.487819
0.487819
0.487819
0.487819
0.487818
0.487818
0.487818
0.487818
0.487817
0.487817
0.487817
0.487817
0.487816
0.487816
0.487816
0.487816
0.487815
0.487815
0.487815
0.487815
0.487814
0.487814
0.487814
0.487814
0.487814
0.487813
0.487813
0.487813
0.487813
0.487812
0.487812
0.487812
0.487812
0.487811
0.487811
0.487811
0.48781
0.48781
0.48781
0.487809
0.487809
0.487809
0.487809
0.487808
0.487808
0.487808
0.487808
0.487807
0.487807
0.487807
0.487807
0.487806
0.487806
0.487805
0.487805
0.487805
0.487804
0.487804
0.487803
0.487803
0.487802
0.487802
0.487801
0.487801
0.4878
0.487799
0.487799
0.487798
0.487797
0.487797
0.487796
0.487795
0.487795
0.487794
0.487793
0.487792
0.487792
0.487791
0.48779
0.487789
0.487788
0.487787
0.487787
0.487786
0.487785
0.487784
0.487783
0.487782
0.487781
0.48778
0.48778
0.487779
0.487778
0.487777
0.487776
0.487776
0.487775
0.487774
0.487773
0.487772
0.487772
0.487771
0.48777
0.487769
0.487769
0.487768
0.487767
0.487766
0.487765
0.487765
0.487764
0.487763
0.487762
0.487762
0.487761
0.48776
0.487759
0.487759
0.487758
0.487758
0.487757
0.487756
0.487756
0.487755
0.487755
0.487754
0.487753
0.487753
0.487752
0.487752
0.487751
0.487751
0.48775
0.48775
0.487749
0.487749
0.487749
0.487748
0.487748
0.487747
0.487747
0.487747
0.487746
0.487746
0.487746
0.487746
0.487745
0.487745
0.487745
0.487744
0.487744
0.487744
0.487744
0.487744
0.487743
0.487743
0.487743
0.487743
0.487743
0.487743
0.487743
0.487743
0.487743
0.487743
0.487743
0.487742
0.487742
0.487742
0.487742
0.487743
0.487743
0.487743
0.487743
0.487743
0.487743
0.487743
0.487743
0.487743
0.487743
0.487743
0.487743
0.487744
0.487744
0.487744
0.487744
0.487744
0.487744
0.487744
0.487744
0.487745
0.487745
0.487745
0.487745
0.487746
0.487746
0.487746
0.487746
0.487747
0.487747
0.487747
0.487748
0.487748
0.487749
0.487749
0.487749
0.48775
0.48775
0.487751
0.487751
0.487752
0.487752
0.487752
0.487753
0.487753
0.487754
0.487754
0.487755
0.487755
0.487756
0.487756
0.487757
0.487757
0.487758
0.487759
0.487759
0.48776
0.48776
0.487761
0.487761
0.487762
0.487762
0.487763
0.487764
0.487764
0.487765
0.487765
0.487766
0.487766
0.487767
0.487767
0.487768
0.487769
0.487769
0.48777
0.48777
0.487771
0.487771
0.487772
0.487773
0.487773
0.487774
0.487774
0.487775
0.487775
0.487776
0.487776
0.487777
0.487777
0.487778
0.487778
0.487779
0.48778
0.48778
0.487781
0.487781
0.487782
0.487782
0.487775
0.487768
0.487756
0.48775
0.487739
0.487733
0.487724
0.487715
0.487709
0.487704
0.487695
0.487691
0.487683
0.487677
0.487673
0.487667
0.487665
0.487659
0.487652
0.487646
0.487641
0.487637
0.487636
0.487629
0.487625
0.487618
0.487613
0.487609
0.487605
0.487597
0.487592
0.487587
0.487579
0.487576
0.487567
0.487561
0.487554
0.487549
0.487541
0.487537
0.48753
0.487524
0.487522
0.487516
0.487517
0.487515
0.487516
0.487514
0.487519
0.487522
0.48753
0.487535
0.487543
0.487555
0.487563
0.487573
0.487578
0.487588
0.487603
0.487612
0.487624
0.487637
0.487649
0.487664
0.487676
0.487691
0.487705
0.487723
0.487742
0.487759
0.487774
0.487792
0.487809
0.487826
0.487848
0.487872
0.487894
0.487919
0.487942
0.487972
0.487998
0.48803
0.488058
0.488087
0.488125
0.488163
0.488228
0.488261
0.48829
0.488322
0.48835
0.488382
0.488418
0.488456
0.488487
0.488523
0.488565
0.488606
0.488644
0.488692
0.48874
0.488784
0.488827
0.488874
0.488964
0.489015
0.489055
0.4891
0.489144
0.489185
0.489222
0.489265
0.489312
0.489385
0.489426
0.489476
0.489518
0.489562
0.489607
0.48965
0.489691
0.489731
0.489767
0.489809
0.489844
0.489879
0.489907
0.489942
0.489979
0.490013
0.490046
0.490084
0.490131
0.490172
0.490217
0.490264
0.490309
0.490359
0.490409
0.490456
0.490497
0.49054
0.49058
0.490618
0.490659
0.4907
0.490735
0.49078
0.490819
0.490862
0.490903
0.49094
0.490983
0.491023
0.491061
0.491102
0.491142
0.491185
0.491223
0.491265
0.491308
0.491346
0.491388
0.491431
0.491471
0.491511
0.491549
0.491587
0.491619
0.491653
0.491697
0.491734
0.491784
0.491829
0.491876
0.491909
0.491946
0.491979
0.492012
0.492044
0.492074
0.492106
0.492135
0.492167
0.492196
0.492225
0.492251
0.49228
0.492302
0.492325
0.492353
0.492379
0.492407
0.492433
0.492461
0.492481
0.492512
0.492538
0.492569
0.492596
0.49263
0.492655
0.492683
0.49271
0.492732
0.492755
0.49278
0.4928
0.492822
0.492838
0.492858
0.492872
0.492888
0.492898
0.492915
0.492928
0.492944
0.492956
0.492975
0.492988
0.493
0.49301
0.493022
0.493026
0.493038
0.493048
0.493051
0.493058
0.493065
0.493074
0.493084
0.493094
0.493106
0.49312
0.493127
0.493139
0.493152
0.493163
0.493175
0.49319
0.493198
0.49321
0.493221
0.493236
0.493253
0.493266
0.493282
0.493294
0.493305
0.493319
0.493336
0.49335
0.493363
0.493386
0.493405
0.493429
0.493449
0.493468
0.493495
0.493519
0.493541
0.493557
0.493579
0.4936
0.493618
0.493639
0.493663
0.493686
0.49371
0.493733
0.493759
0.493783
0.493807
0.493827
0.493847
0.493867
0.493881
0.493901
0.493921
0.493938
0.493956
0.493977
0.494
0.494018
0.494038
0.494053
0.494067
0.494084
0.494098
0.494116
0.494134
0.494147
0.494169
0.494183
0.494196
0.494204
0.494215
0.494225
0.494229
0.494243
0.494252
0.494258
0.494274
0.494288
0.494302
0.494313
0.494325
0.494329
0.494337
0.494343
0.494343
0.494346
0.494351
0.494362
0.494372
0.494377
0.494379
0.494371
0.494372
0.49437
0.494374
0.494373
0.494374
0.494373
0.494371
0.494365
0.494359
0.49435
0.494343
0.49434
0.494333
0.49433
0.494322
0.494314
0.494297
0.494283
0.494269
0.494255
0.494254
0.494239
0.494221
0.494203
0.49418
0.494165
0.494143
0.494118
0.494093
0.494066
0.49404
0.49402
0.493997
0.493975
0.493952
0.493933
0.493903
0.493868
0.493828
0.493791
0.493763
0.493732
0.493703
0.493668
0.493632
0.493594
0.493555
0.493523
0.493491
0.493461
0.493436
0.493401
0.493364
0.49334
0.493307
0.493276
0.493244
0.493217
0.493177
0.493137
0.493103
0.493066
0.493028
0.493002
0.492969
0.49294
0.492906
0.492871
0.492838
0.492798
0.492768
0.492743
0.492714
0.492685
0.492655
0.492622
0.492588
0.492556
0.492516
0.492489
0.492448
0.492418
0.492384
0.492349
0.492325
0.492297
0.492279
0.492263
0.492249
0.492226
0.492212
0.49219
0.492178
0.492159
0.492146
0.492131
0.492126
0.492112
0.492104
0.492102
0.492097
0.492096
0.492095
0.492093
0.492095
0.492093
0.492098
0.492098
0.492102
0.492106
0.492113
0.492122
0.492131
0.49214
0.492144
0.492155
0.492165
0.49217
0.492184
0.492198
0.492206
0.492217
0.492227
0.49224
0.49225
0.49226
0.492273
0.492279
0.492292
0.492302
0.492317
0.492326
0.49234
0.49235
0.49235
0.492366
0.492377
0.492394
0.492395
0.492398
0.492399
0.492411
0.492412
0.492413
0.492413
0.492413
0.492412
0.49241
0.492408
0.492408
0.492407
0.492415
0.492418
0.492419
0.492427
0.492431
0.492433
0.492442
0.492452
0.492455
0.492465
0.492471
0.492479
0.492491
0.492499
0.492507
0.492518
0.492531
0.492541
0.492543
0.492556
0.492566
0.492582
0.492595
0.492605
0.492618
0.492636
0.492649
0.492665
0.492681
0.492702
0.492715
0.492736
0.492751
0.492767
0.492782
0.492801
0.492816
0.492828
0.492849
0.492864
0.492876
0.492892
0.492906
0.492925
0.49294
0.492964
0.492976
0.492991
0.493015
0.493034
0.493048
0.493068
0.493089
0.493109
0.493133
0.493152
0.493179
0.493199
0.493225
0.493246
0.493266
0.493287
0.493312
0.493329
0.49335
0.493372
0.493392
0.493413
0.493433
0.493454
0.493471
0.493494
0.493526
0.493547
0.493574
0.493601
0.493628
0.493648
0.493672
0.493704
0.493725
0.493745
0.493766
0.49379
0.493816
0.493839
0.493863
0.493887
0.493908
0.493924
0.493951
0.493968
0.493987
0.494011
0.49403
0.494048
0.494066
0.494084
0.4941
0.494124
0.494143
0.494165
0.494181
0.494208
0.49423
0.494241
0.49426
0.494282
0.4943
0.494322
0.494333
0.494352
0.494366
0.494388
0.494402
0.494416
0.494436
0.494452
0.494473
0.494497
0.494503
0.494523
0.494537
0.494547
0.494556
0.494574
0.494576
0.494587
0.494592
0.494598
0.494603
0.494609
0.494616
0.494621
0.494621
0.49463
0.49463
0.49463
0.494635
0.494641
0.494637
0.494632
0.494632
0.494632
0.49463
0.49463
0.494629
0.494623
0.494614
0.494613
0.494604
0.494601
0.494598
0.494597
0.494595
0.494592
0.494586
0.494588
0.494585
0.494576
0.494578
0.494578
0.494577
0.494573
0.494579
0.494583
0.494584
0.494588
0.494589
0.494598
0.494602
0.494609
0.49461
0.494613
0.494614
0.494621
0.49462
0.494623
0.494625
0.494629
0.494628
0.494639
0.494648
0.494649
0.494655
0.49466
0.494659
0.494665
0.494669
0.494681
0.494689
0.494697
0.494699
0.494699
0.494707
0.494718
0.49472
0.494728
0.494733
0.494732
0.494739
0.494738
0.494737
0.494745
0.494752
0.494755
0.494756
0.494763
0.494762
0.494767
0.494775
0.494777
0.494785
0.494792
0.494797
0.494802
0.494804
0.494807
0.494811
0.494816
0.494824
0.494824
0.494826
0.494829
0.494834
0.494833
0.494832
0.494835
0.494843
0.494845
0.494855
0.494863
0.494865
0.494868
0.49487
0.494879
0.494881
0.494887
0.494889
0.494893
0.494898
0.494898
0.494906
0.494906
0.494906
0.494915
0.494916
0.494923
0.494919
0.49493
0.494943
0.494947
0.494954
0.494961
0.494969
0.494979
0.494995
0.495003
0.495008
0.495016
0.495027
0.49503
0.495041
0.495053
0.495059
0.495065
0.495071
0.495077
0.49508
0.495092
0.495095
0.495102
0.495108
0.495108
0.495112
0.495121
0.495127
0.495128
0.495134
0.495139
0.495142
0.495148
0.495152
0.495151
0.495152
0.495158
0.495166
0.495171
0.495174
0.495182
0.495187
0.495195
0.495203
0.495211
0.495222
0.495225
0.495243
0.495247
0.49525
0.495258
0.495261
0.495258
0.495261
0.495266
0.495269
0.495266
0.495275
0.495275
0.495286
0.495286
0.495295
0.495295
0.495299
0.495302
0.495303
0.495306
0.49531
0.495314
0.495314
0.495317
0.495324
0.495325
0.495326
0.495333
0.495338
0.495346
0.495357
0.495364
0.495373
0.495374
0.495379
0.495381
0.49539
0.495396
0.495392
0.495397
0.4954
0.495403
0.495408
0.495412
0.495425
0.495437
0.495445
0.495452
0.49546
0.495473
0.495476
0.495487
0.495491
0.495497
0.495501
0.49551
0.49551
0.495516
0.495525
0.495525
0.495535
0.495542
0.495547
0.495553
0.495557
0.495566
0.495572
0.495573
0.49558
0.495594
0.495598
0.495596
0.495606
0.495608
0.495612
0.495611
0.495608
0.495609
0.49561
0.495604
0.495609
0.495607
0.495609
0.495608
0.495615
0.495617
0.495618
0.495622
0.495633
0.495636
0.495652
0.495657
0.495659
0.495658
0.495668
0.495682
0.495678
0.495688
0.495691
0.495693
0.495699
0.495712
0.495717
0.495722
0.495734
0.49575
0.495772
0.495783
0.495799
0.49582
0.495835
0.49586
0.495872
0.495897
0.495912
0.495934
0.495955
0.49598
0.495998
0.496013
0.49604
0.496062
0.496085
0.496123
0.496149
0.49618
0.496216
0.496244
0.496287
0.496325
0.496368
0.496403
0.496451
0.49649
0.496532
0.49657
0.496605
0.496646
0.496691
0.496742
0.496795
0.496843
0.496895
0.49694
0.496995
0.49705
0.497095
0.497142
0.497202
0.497257
0.497297
0.497351
0.497392
0.497443
0.497483
0.497534
0.497571
0.49761
0.497647
0.49769
0.497726
0.497759
0.497784
0.497817
0.497849
0.497888
0.497923
0.49795
0.497971
0.498003
0.49803
0.498055
0.49809
0.498119
0.498157
0.498191
0.49822
0.498251
0.498279
0.49831
0.498335
0.498366
0.498389
0.498416
0.498433
0.498457
0.498474
0.49849
0.498513
0.498536
0.498549
0.498572
0.498594
0.498607
0.498622
0.498641
0.498653
0.498664
0.498682
0.498693
0.498707
0.498718
0.498735
0.49875
0.498756
0.49877
0.49878
0.498797
0.498803
0.498823
0.498833
0.498849
0.498855
0.498871
0.49888
0.498885
0.498901
0.498903
0.498918
0.498923
0.498931
0.498932
0.498934
0.498945
0.498949
0.498954
0.498961
0.498966
0.498973
0.498981
0.498988
0.498995
0.499003
0.49901
0.499021
0.499034
0.499038
0.499045
0.499048
0.499055
0.499058
0.49906
0.499063
0.499059
0.499059
0.499061
0.499063
0.499061
0.499056
0.499051
0.499042
0.499043
0.499034
0.499035
0.499026
0.49903
0.499021
0.499025
0.499015
0.49901
0.499012
0.49901
0.499001
0.499
0.498997
0.498991
0.498987
0.498981
0.498985
0.498989
0.498989
0.498978
0.498981
0.498985
0.498983
0.49899
0.498992
0.498984
0.49899
0.498989
0.498985
0.498995
0.498997
0.498996
0.498995
0.498994
0.498991
0.498991
0.498991
0.498991
0.498991
0.498991
0.498991
0.498991
0.498997
0.498995
0.499002
0.498993
0.499002
0.49899
0.498977
0.49896
0.49895
0.498915
0.49889
0.498873
0.49886
0.498823
0.498809
0.498796
0.498768
0.49875
0.498732
0.498721
0.4987
0.498689
0.498669
0.498645
0.498629
0.498602
0.49859
0.498564
0.498547
0.498517
0.498504
0.498487
0.498469
0.498449
0.498428
0.49841
0.498386
0.498365
0.498344
0.498318
0.498287
0.498251
0.498219
0.498194
0.498169
0.498147
0.498119
0.49808
0.498055
0.498033
0.498019
0.497997
0.497987
0.497962
0.497955
0.497944
0.49793
0.497915
0.497904
0.497883
0.497865
0.497851
0.49783
0.497813
0.497784
0.49777
0.497749
0.497732
0.497717
0.4977
0.497682
0.497676
0.497658
0.497648
0.497637
0.49762
0.497613
0.497603
0.497586
0.497583
0.497573
0.49756
0.497543
0.49754
0.497527
0.49751
0.497505
0.497495
0.49749
0.497491
0.497478
0.497469
0.497452
0.497447
0.49743
0.497417
0.497397
0.497377
0.497364
0.497351
0.497331
0.49731
0.497294
0.497278
0.497273
0.49726
0.49724
0.497225
0.49722
0.497204
0.497182
0.49717
0.497155
0.497129
0.497118
0.497103
0.497092
0.497078
0.497067
0.497056
0.497046
0.497039
0.497022
0.497015
0.497
0.496993
0.496979
0.496969
0.496951
0.49694
0.496933
0.496915
0.496901
0.496901
0.496894
0.49688
0.496876
0.496869
0.496862
0.496848
0.496848
0.496831
0.496817
0.496811
0.496796
0.496772
0.496766
0.496756
0.496738
0.496729
0.496719
0.496716
0.496718
0.496719
0.496716
0.49671
0.496718
0.496727
0.496728
0.496722
0.496727
0.49671
0.496707
0.496701
0.496691
0.496689
0.49668
0.496681
0.496683
0.496681
0.496668
0.496674
0.496672
0.496675
0.496662
0.496653
0.496648
0.49664
0.496638
0.496622
0.496621
0.496616
0.4966
0.496583
0.49657
0.496547
0.496523
0.4965
0.496478
0.496455
0.496424
0.496405
0.496381
0.496357
0.496327
0.496293
0.496263
0.496229
0.496199
0.49617
0.496155
0.496133
0.496104
0.496087
0.496047
0.496021
0.495999
0.495973
0.495947
0.495928
0.495899
0.495876
0.495839
0.495805
0.495772
0.495741
0.495708
0.495689
0.495659
0.495628
0.495602
0.495571
0.495548
0.495517
0.495487
0.495456
0.495437
0.495413
0.495386
0.495359
0.495332
0.495304
0.495277
0.495254
0.49522
0.495182
0.495147
0.49512
0.495092
0.495072
0.495045
0.495029
0.495013
0.494985
0.494973
0.49496
0.494933
0.494913
0.494885
0.494854
0.494846
0.494822
0.494802
0.494783
0.49477
0.494759
0.494747
0.494738
0.494726
0.494722
0.494721
0.494709
0.494705
0.494693
0.494685
0.494681
0.494669
0.494668
0.494664
0.494664
0.494663
0.494663
0.49467
0.494677
0.494676
0.494676
0.494683
0.494682
0.494692
0.494691
0.494702
0.494701
0.494704
0.49471
0.494721
0.494732
0.494742
0.494749
0.494763
0.494777
0.494784
0.494798
0.494813
0.494827
0.494841
0.494867
0.494886
0.4949
0.494914
0.494936
0.494954
0.494968
0.49499
0.495012
0.495023
0.495037
0.495055
0.495069
0.495079
0.495082
0.495092
0.495106
0.495112
0.495122
0.495128
0.495138
0.495144
0.495147
0.495157
0.495167
0.495169
0.495183
0.495201
0.495211
0.495228
0.495238
0.495252
0.495262
0.495268
0.495286
0.495299
0.495313
0.49533
0.495336
0.495338
0.495347
0.495353
0.495354
0.495356
0.495365
0.495366
0.495375
0.495381
0.495382
0.495383
0.495392
0.495401
0.495413
0.495418
0.495427
0.495439
0.495451
0.495471
0.49548
0.495492
0.495512
0.495528
0.495544
0.49556
0.495572
0.495584
0.495604
0.495608
0.49562
0.495632
0.495648
0.495668
0.49568
0.495696
0.495711
0.495728
0.495739
0.495759
0.495782
0.495798
0.495833
0.495852
0.495872
0.495903
0.495922
0.495937
0.495967
0.495983
0.496005
0.496032
0.496058
0.496073
0.496087
0.496121
0.496147
0.496168
0.49619
0.496203
0.49622
0.496237
0.49625
0.49627
0.496271
0.496272
0.496288
0.496304
0.496309
0.496309
0.496324
0.496324
0.496335
0.496338
0.496345
0.49636
0.496371
0.496378
0.496384
0.496398
0.496409
0.496415
0.49644
0.496465
0.496482
0.496495
0.496501
0.496521
0.49653
0.496515
0.496512
0.496512
0.496498
0.496501
0.496501
0.4965
0.4965
0.496499
0.496494
0.496501
0.496493
0.496484
0.496483
0.496482
0.496481
0.496476
0.496469
0.496452
0.496432
0.496418
0.496392
0.496366
0.496371
0.496365
0.496351
0.496364
0.49635
0.496343
0.496337
0.496326
0.496312
0.496285
0.496285
0.496273
0.496273
0.496268
0.496241
0.496229
0.496206
0.496207
0.496195
0.49618
0.496173
0.496161
0.496139
0.496115
0.496074
0.496044
0.496025
0.496001
0.495986
0.495963
0.495947
0.495932
0.495916
0.495901
0.495874
0.495855
0.495824
0.495805
0.49579
0.495774
0.495759
0.495744
0.495725
0.495709
0.495703
0.495688
0.495673
0.495665
0.495658
0.495647
0.495651
0.495651
0.495641
0.495645
0.495638
0.49564
0.495623
0.49562
0.495603
0.495579
0.49558
0.495564
0.49557
0.495565
0.495575
0.495577
0.49559
0.4956
0.495622
0.495633
0.495651
0.495669
0.495683
0.495708
0.495726
0.495751
0.495765
0.495782
0.495796
0.49581
0.495831
0.495844
0.495866
0.495883
0.495897
0.495914
0.495939
0.495964
0.495981
0.496003
0.496025
0.496051
0.496074
0.496104
0.496127
0.496138
0.496168
0.496206
0.496229
0.496263
0.496294
0.496328
0.496366
0.4964
0.49643
0.496469
0.496499
0.496534
0.496564
0.496602
0.496633
0.496671
0.496709
0.496732
0.496759
0.496797
0.496825
0.496852
0.496879
0.49691
0.496934
0.496965
0.496996
0.497023
0.49705
0.497077
0.497104
0.497134
0.497157
0.497184
0.497203
0.497226
0.497253
0.497276
0.497294
0.497324
0.497339
0.497358
0.497376
0.497398
0.497417
0.497431
0.497446
0.497456
0.497474
0.497478
0.49748
0.497487
0.49749
0.497489
0.497492
0.497491
0.49748
0.497475
0.497463
0.497459
0.497447
0.497428
0.497413
0.497394
0.497372
0.497338
0.497316
0.497283
0.497257
0.497221
0.497184
0.497148
0.497104
0.497068
0.49702
0.496984
0.49694
0.4969
0.496856
0.496812
0.496768
0.496728
0.496684
0.496646
0.496606
0.496568
0.496527
0.49649
0.496441
0.496403
0.496365
0.496338
0.496297
0.496262
0.496224
0.496189
0.496146
0.496104
0.496077
0.496042
0.496019
0.495988
0.495958
0.495923
0.495881
0.495847
0.495817
0.495787
0.495764
0.495731
0.495705
0.495674
0.495648
0.495622
0.495603
0.49558
0.495557
0.495542
0.495515
0.495504
0.495488
0.495468
0.49545
0.495438
0.495436
0.495428
0.495424
0.495426
0.495429
0.495436
0.495439
0.495446
0.495457
0.495468
0.495472
0.495482
0.495501
0.495515
0.495541
0.495559
0.495581
0.495607
0.495633
0.495663
0.495692
0.495721
0.495755
0.495781
0.495814
0.495845
0.495875
0.495908
0.495946
0.495976
0.496017
0.496052
0.496086
0.496128
0.496158
0.4962
0.496235
0.496277
0.496319
0.496357
0.496396
0.496434
0.496484
0.496522
0.496572
0.496615
0.496664
0.496707
0.496753
0.496796
0.496836
0.496871
0.496918
0.496953
0.496996
0.497039
0.497078
0.497121
0.497168
0.497211
0.497258
0.497291
0.497335
0.497379
0.497431
0.497472
0.49752
0.497561
0.497594
0.497635
0.497669
0.497714
0.497751
0.497782
0.497815
0.497856
0.497902
0.497935
0.497981
0.498018
0.498056
0.498091
0.498136
0.498178
0.498213
0.498251
0.498282
0.498309
0.498332
0.498374
0.498397
0.498417
0.498445
0.498472
0.4985
0.498527
0.498559
0.498586
0.498607
0.498627
0.498652
0.498665
0.498686
0.498703
0.498706
0.498712
0.498723
0.498733
0.498736
0.498747
0.498743
0.498758
0.498768
0.498786
0.498793
0.498793
0.49881
0.498817
0.498821
0.498817
0.498828
0.498824
0.498821
0.49882
0.498805
0.498794
0.498794
0.498787
0.498772
0.498757
0.498735
0.498725
0.498711
0.498693
0.498664
0.498642
0.498617
0.498591
0.498563
0.498541
0.498516
0.498491
0.498465
0.498457
0.498431
0.498405
0.49838
0.498346
0.498309
0.498276
0.498246
0.498223
0.498199
0.498176
0.498157
0.498134
0.498107
0.49808
0.49806
0.498032
0.498017
0.497977
0.497935
0.497904
0.497863
0.497833
0.497799
0.497789
0.497764
0.497736
0.497701
0.497661
0.497655
0.49763
0.497597
0.497568
0.497532
0.497495
0.497457
0.497427
0.497408
0.497389
0.497371
0.497347
0.497332
0.497313
0.497296
0.497276
0.497263
0.497265
0.497266
0.49726
0.497258
0.497259
0.49726
0.497276
0.497272
0.497283
0.497283
0.497274
0.497266
0.497255
0.497254
0.497254
0.49726
0.49727
0.49728
0.497281
0.497275
0.49728
0.497289
0.49729
0.497302
0.497318
0.49733
0.497322
0.497326
0.497333
0.497336
0.497343
0.497349
0.497356
0.497347
0.497356
0.497358
0.49736
0.497358
0.49736
0.497357
0.497343
0.497333
0.497306
0.497292
0.497273
0.497251
0.497232
0.497209
0.497167
0.49714
0.497075
0.49704
0.497001
0.496946
0.496895
0.496836
0.496792
0.496745
0.496705
0.496661
0.496602
0.496546
0.496491
0.496435
0.496394
0.496342
0.496302
0.496253
0.496193
0.496125
0.496073
0.496017
0.495964
0.495923
0.495866
0.495817
0.495768
0.495714
0.495653
0.4956
0.495551
0.495486
0.495421
0.495352
0.495295
0.495226
0.495176
0.495118
0.495057
0.494995
0.494922
0.494857
0.494788
0.49473
0.494677
0.494619
0.494562
0.494504
0.494439
0.494389
0.494346
0.494289
0.494242
0.4942
0.494154
0.494115
0.494057
0.494019
0.493988
0.493946
0.493923
0.493896
0.493854
0.49383
0.493795
0.493772
0.493737
0.493706
0.493682
0.493662
0.493635
0.493623
0.493614
0.493595
0.493579
0.493571
0.49354
0.493528
0.493519
0.493503
0.493506
0.493501
0.493493
0.493492
0.493483
0.493497
0.493514
0.493516
0.493518
0.493513
0.493508
0.493503
0.493512
0.493525
0.493538
0.493561
0.493577
0.493596
0.493602
0.49361
0.493604
0.493616
0.493627
0.493638
0.493639
0.493643
0.493655
0.493662
0.493669
0.493687
0.493694
0.493712
0.493728
0.49375
0.493764
0.493789
0.493795
0.493809
0.493826
0.493824
0.493833
0.493839
0.493841
0.493853
0.493855
0.493867
0.493887
0.493906
0.493926
0.493945
0.493943
0.493951
0.493956
0.493993
0.494018
0.494047
0.494073
0.4941
0.494102
0.494131
0.494152
0.494191
0.494223
0.494254
0.494293
0.494345
0.494384
0.494422
0.494441
0.494471
0.4945
0.494538
0.494582
0.494622
0.494649
0.494679
0.494708
0.494741
0.49479
0.494833
0.494872
0.494933
0.494985
0.495047
0.495085
0.49513
0.49519
0.49524
0.495294
0.495348
0.495405
0.495468
0.495538
0.495587
0.495637
0.495702
0.495778
0.495833
0.495885
0.495924
0.495968
0.496016
0.49605
0.496097
0.496135
0.496186
0.496243
0.49629
0.49633
0.496367
0.496413
0.496463
0.496515
0.496574
0.496613
0.49666
0.496699
0.496744
0.496789
0.496834
0.49688
0.496918
0.496965
0.497013
0.497066
0.497113
0.497164
0.497227
0.497274
0.497323
0.49736
0.497415
0.497473
0.497525
0.49758
0.497632
0.497685
0.497746
0.497788
0.497832
0.497886
0.49794
0.49801
0.49805
0.498099
0.498141
0.498196
0.498251
0.4983
0.498336
0.498383
0.498427
0.498482
0.498549
0.498601
0.498659
0.49869
0.498732
0.49877
0.498817
0.49885
0.498896
0.49893
0.498976
0.499026
0.499071
0.499118
0.499149
0.499194
0.499238
0.499286
0.499319
0.499358
0.499401
0.499438
0.499493
0.499526
0.499572
0.499612
0.49965
0.499693
0.499736
0.499764
0.499798
0.499826
0.499867
0.499906
0.499949
0.499986
0.500012
0.500035
0.500072
0.500102
0.500131
0.500158
0.500178
0.500208
0.500243
0.500275
0.500304
0.500325
0.500351
0.500374
0.500396
0.500429
0.500464
0.500493
0.500522
0.50054
0.500568
0.500596
0.500627
0.500658
0.500676
0.500708
0.500739
0.500773
0.500801
0.500838
0.500861
0.500878
0.500893
0.500917
0.500933
0.500958
0.500979
0.500996
0.501008
0.501024
0.50104
0.501056
0.501069
0.501085
0.501096
0.501102
0.501117
0.501138
0.501164
0.501178
0.501192
0.501209
0.501224
0.501237
0.50126
0.501281
0.501303
0.501323
0.501334
0.501354
0.501369
0.501379
0.501381
0.501395
0.501395
0.50139
0.501393
0.501396
0.501402
0.501406
0.501405
0.501401
0.501397
0.501385
0.501383
0.501378
0.501383
0.501379
0.501389
0.501381
0.501378
0.501371
0.501365
0.501356
0.501351
0.501349
0.501343
0.501347
0.501347
0.501347
0.501353
0.501361
0.50136
0.501376
0.501384
0.501406
0.501421
0.501441
0.501456
0.501474
0.501497
0.501516
0.501532
0.50154
0.501558
0.501573
0.501599
0.501631
0.501656
0.501679
0.501709
0.501736
0.501773
0.501805
0.501832
0.501853
0.501878
0.501908
0.501943
0.501983
0.502025
0.502057
0.502091
0.502124
0.502152
0.50218
0.50221
0.502241
0.502265
0.502296
0.50233
0.502357
0.502383
0.502407
0.502428
0.50245
0.502475
0.502489
0.502515
0.502537
0.502562
0.502583
0.50261
0.502636
0.502664
0.502692
0.502721
0.502738
0.502764
0.502791
0.502824
0.502843
0.502859
0.502869
0.502883
0.502905
0.502926
0.502936
0.50296
0.502982
0.502997
0.502993
0.502996
0.502999
0.503008
0.503025
0.503035
0.503041
0.503054
0.503061
0.503071
0.503076
0.503082
0.503082
0.503097
0.503096
0.503101
0.503116
0.503131
0.503149
0.503164
0.503181
0.503192
0.503209
0.50322
0.503243
0.503266
0.503283
0.503292
0.503311
0.503326
0.503341
0.503357
0.503371
0.503374
0.50338
0.503385
0.503393
0.503389
0.503382
0.503385
0.503386
0.503385
0.503374
0.503362
0.503344
0.503324
0.503306
0.503289
0.503272
0.503254
0.503234
0.503217
0.503194
0.503172
0.503146
0.50311
0.503068
0.50301
0.502946
0.502874
0.502772
0.502664
0.502543
0.502412
0.502278
0.502152
0.502007
0.501865
0.501723
0.501578
0.501434
0.501291
0.501149
0.501006
0.500857
0.500706
0.500546
0.500392
0.500233
0.500077
0.499924
0.499772
0.499628
0.499482
0.49934
0.499202
0.499071
0.498942
0.498826
0.498721
0.498616
0.498525
0.498438
0.498364
0.498294
0.498229
0.498177
0.498128
0.498092
0.498062
0.498043
0.498032
0.498023
0.498021
0.498022
0.498028
0.498035
0.498044
0.498056
0.498069
0.498083
0.4981
0.49812
0.49814
0.49816
0.498179
0.498201
0.498223
0.498244
0.498263
0.498284
0.498299
0.498317
0.498333
0.498345
0.498355
0.498362
0.498369
0.498377
0.498384
0.498386
0.498388
0.49839
0.498389
0.498388
0.498387
0.498384
0.49838
0.498376
0.498369
0.49837
0.498364
0.49836
0.498356
0.498354
0.498356
0.498358
0.49836
0.498362
0.498364
0.498366
0.498368
0.498369
0.498371
0.498373
0.498375
0.498376
0.498378
0.498379
0.498381
0.498382
0.498384
0.498385
0.498386
0.498388
0.498389
0.49839
0.498391
0.498392
0.498394
0.498395
0.498396
0.498397
0.498398
0.498398
0.498399
0.4984
0.498401
0.498401
0.498402
0.498402
0.498403
0.498403
0.498404
0.498404
0.498405
0.498405
0.498405
0.498406
0.498406
0.498406
0.498406
0.498406
0.498406
0.498406
0.498406
0.498406
0.498407
0.498407
0.498407
0.498407
0.498407
0.498407
0.498407
0.498407
0.498407
0.498407
0.498407
0.498407
0.498406
0.498406
0.498406
0.498406
0.498406
0.498406
0.498406
0.498406
0.498405
0.498405
0.498405
0.498405
0.498405
0.498405
0.498405
0.498404
0.498404
0.498404
0.498404
0.498404
0.498404
0.498404
0.498404
0.498404
0.498404
0.498404
0.498404
0.498404
0.498404
0.498404
0.498404
0.498404
0.498404
0.498404
0.498404
0.498404
0.498404
0.498404
0.498404
0.498405
0.498405
0.498405
0.498405
0.498406
0.498406
0.498406
0.498407
0.498407
0.498407
0.498407
0.498408
0.498408
0.498408
0.498409
0.498409
0.498409
0.49841
0.49841
0.49841
0.498411
0.498411
0.498412
0.498412
0.498412
0.498413
0.498413
0.498413
0.498414
0.498414
0.498414
0.498415
0.498415
0.498415
0.498416
0.498416
0.498416
0.498417
0.498417
0.498417
0.498418
0.498418
0.498418
0.498419
0.498419
0.498419
0.49842
0.49842
0.498421
0.498421
0.498421
0.498422
0.498422
0.498422
0.498422
0.498423
0.498423
0.498423
0.498424
0.498424
0.498424
0.498425
0.498425
0.498425
0.498425
0.498426
0.498426
0.498426
0.498427
0.498427
0.498427
0.498428
0.498428
0.498428
0.498429
0.498429
0.498429
0.49843
0.49843
0.49843
0.498431
0.498431
0.498431
0.498432
0.498432
0.498432
0.498433
0.498433
0.498433
0.498434
0.498434
0.498434
0.498435
0.498435
0.498435
0.498436
0.498436
0.498436
0.498436
0.498437
0.498437
0.498437
0.498438
0.498438
0.498438
0.498438
0.498439
0.498439
0.498439
0.49844
0.49844
0.49844
0.498441
0.498441
0.498441
0.498442
0.498442
0.498442
0.498442
0.498443
0.498443
0.498443
0.498444
0.498444
0.498444
0.498444
0.498445
0.498445
0.498445
0.498446
0.498446
0.498446
0.498447
0.498447
0.498447
0.498448
0.498448
0.498448
0.498449
0.498449
0.49845
0.49845
0.49845
0.498451
0.498451
0.498452
0.498452
0.498452
0.498453
0.498453
0.498454
0.498454
0.498454
0.498455
0.498455
0.498455
0.498456
0.498456
0.498456
0.498457
0.498457
0.498458
0.498458
0.498458
0.498459
0.498459
0.498459
0.49846
0.49846
0.498461
0.498461
0.498461
0.498462
0.498462
0.498463
0.498463
0.498463
0.498464
0.498464
0.498465
0.498465
0.498465
0.498466
0.498466
0.498467
0.498467
0.498468
0.498468
0.498469
0.498469
0.49847
0.49847
0.498471
0.498471
0.498472
0.498472
0.498473
0.498474
0.498474
0.498475
0.498475
0.498476
0.498476
0.498477
0.498477
0.498478
0.498478
0.498478
0.498479
0.498479
0.49848
0.49848
0.49848
0.498481
0.498481
0.498482
0.498482
0.498482
0.498482
0.498483
0.498483
0.498483
0.498484
0.498484
0.498484
0.498484
0.498484
0.498485
0.498485
0.498485
0.498485
0.498485
0.498485
0.498486
0.498486
0.498486
0.498486
0.498486
0.498486
0.498486
0.498486
0.498486
0.498486
0.498486
0.498486
0.498486
0.498486
0.498486
0.498486
0.498486
0.498486
0.498486
0.498486
0.498486
0.498486
0.498486
0.498486
0.498486
0.498486
0.498486
0.498486
0.498486
0.498486
0.498485
0.498485
0.498485
0.498485
0.498485
0.498485
0.498485
0.498485
0.498485
0.498484
0.498484
0.498484
0.498484
0.498484
0.498484
0.498484
0.498483
0.498483
0.498483
0.498483
0.498483
0.498483
0.498482
0.498482
0.498482
0.498482
0.498482
0.498481
0.498481
0.498481
0.498481
0.49848
0.49848
0.49848
0.49848
0.49848
0.498479
0.498479
0.498479
0.498479
0.498479
0.498479
0.498478
0.498478
0.498478
0.498478
0.498478
0.498478
0.498477
0.498477
0.498477
0.498477
0.498477
0.498477
0.498477
0.498477
0.498477
0.498476
0.498476
0.498476
0.498476
0.498476
0.498476
0.498476
0.498476
0.498477
0.498477
0.498477
0.498477
0.498477
0.498477
0.498477
0.498477
0.498477
0.498477
0.498477
0.498477
0.498477
0.498477
0.498477
0.498477
0.498477
0.498477
0.498477
0.498477
0.498477
0.498477
0.498477
0.498477
0.498477
0.498477
0.498477
0.498477
0.498477
0.498477
0.498477
0.498477
0.498477
0.498477
0.498477
0.498477
0.498477
0.498477
0.498477
0.498477
0.498477
0.498477
0.498477
0.498477
0.498477
0.498477
0.498477
0.498477
0.498478
0.498478
0.498478
0.498478
0.498478
0.498478
0.498478
0.498478
0.498479
0.498479
0.498479
0.498479
0.498479
0.498479
0.498479
0.498479
0.49848
0.49848
0.49848
0.49848
0.49848
0.49848
0.49848
0.49848
0.49848
0.49848
0.49848
0.49848
0.49848
0.49848
0.49848
0.49848
0.49848
0.49848
0.49848
0.49848
0.49848
0.49848
0.498479
0.498479
0.498479
0.498479
0.498479
0.498479
0.498479
0.498478
0.498478
0.498478
0.498478
0.498478
0.498478
0.498477
0.498477
0.498477
0.498476
0.498476
0.498476
0.498476
0.498475
0.498475
0.498475
0.498475
0.498474
0.498474
0.498474
0.498473
0.498473
0.498473
0.498472
0.498472
0.498472
0.498472
0.498472
0.498472
0.498471
0.498471
0.498471
0.498471
0.498471
0.498471
0.498471
0.498471
0.49847
0.49847
0.49847
0.49847
0.49847
0.49847
0.49847
0.49847
0.49847
0.49847
0.49847
0.49847
0.49847
0.49847
0.49847
0.49847
0.49847
0.49847
0.498469
0.498469
0.498469
0.498469
0.498469
0.498469
0.498469
0.498469
0.498469
0.498469
0.498469
0.498468
0.498468
0.498468
0.498468
0.498468
0.498468
0.498468
0.498467
0.498467
0.498467
0.498467
0.498467
0.498467
0.498467
0.498467
0.498467
0.498466
0.498466
0.498466
0.498466
0.498466
0.498466
0.498466
0.498466
0.498466
0.498465
0.498465
0.498465
0.498465
0.498465
0.498465
0.498464
0.498464
0.498464
0.498464
0.498464
0.498464
0.498463
0.498463
0.498463
0.498463
0.498463
0.498463
0.498463
0.498463
0.498463
0.498463
0.498462
0.498462
0.498462
0.498462
0.498462
0.498462
0.498462
0.498462
0.498462
0.498462
0.498462
0.498462
0.498462
0.498461
0.498461
0.498461
0.498461
0.498461
0.498461
0.498461
0.498461
0.498461
