0.487876
0.487876
0.487876
0.487876
0.487876
0.487876
0.487876
0.487876
0.487876
0.487876
0.487876
0.487876
0.487876
0.487876
0.487875
0.487875
0.487875
0.487875
0.487875
0.487875
0.487874
0.487874
0.487874
0.487874
0.487873
0.487873
0.487873
0.487872
0.487872
0.487872
0.487871
0.487871
0.487871
0.48787
0.48787
0.48787
0.487869
0.487869
0.487869
0.487868
0.487868
0.487867
0.487867
0.487867
0.487866
0.487866
0.487865
0.487865
0.487864
0.487863
0.487863
0.487862
0.487862
0.487861
0.48786
0.48786
0.487859
0.487858
0.487857
0.487857
0.487856
0.487855
0.487854
0.487854
0.487853
0.487852
0.487851
0.487851
0.48785
0.487849
0.487848
0.487848
0.487847
0.487846
0.487846
0.487845
0.487844
0.487844
0.487843
0.487842
0.487842
0.487841
0.48784
0.48784
0.487839
0.487838
0.487838
0.487837
0.487836
0.487836
0.487835
0.487834
0.487834
0.487833
0.487832
0.487832
0.487831
0.48783
0.48783
0.487829
0.487828
0.487828
0.487827
0.487826
0.487826
0.487825
0.487824
0.487824
0.487823
0.487822
0.487821
0.487821
0.48782
0.487819
0.487818
0.487818
0.487817
0.487816
0.487815
0.487815
0.487814
0.487813
0.487812
0.487812
0.487811
0.48781
0.487809
0.487808
0.487808
0.487807
0.487806
0.487805
0.487804
0.487803
0.487803
0.487802
0.487801
0.4878
0.487799
0.487799
0.487798
0.487797
0.487796
0.487796
0.487795
0.487794
0.487794
0.487793
0.487792
0.487791
0.487791
0.48779
0.487789
0.487789
0.487788
0.487788
0.487787
0.487786
0.487786
0.487785
0.487784
0.487784
0.487783
0.487783
0.487782
0.487781
0.487781
0.48778
0.487779
0.487778
0.487778
0.487777
0.487776
0.487776
0.487775
0.487774
0.487774
0.487773
0.487772
0.487772
0.487771
0.48777
0.487769
0.487769
0.487768
0.487767
0.487767
0.487766
0.487765
0.487764
0.487764
0.487763
0.487762
0.487761
0.48776
0.48776
0.487759
0.487758
0.487757
0.487757
0.487756
0.487755
0.487754
0.487753
0.487752
0.487752
0.487751
0.48775
0.487749
0.487749
0.487748
0.487747
0.487746
0.487746
0.487745
0.487744
0.487743
0.487742
0.487742
0.487741
0.48774
0.48774
0.487739
0.487738
0.487737
0.487737
0.487736
0.487735
0.487735
0.487734
0.487733
0.487733
0.487732
0.487732
0.487731
0.48773
0.48773
0.487729
0.487729
0.487728
0.487728
0.487727
0.487726
0.487726
0.487725
0.487725
0.487724
0.487723
0.487723
0.487722
0.487722
0.487721
0.48772
0.48772
0.487719
0.487719
0.487718
0.487717
0.487717
0.487716
0.487715
0.487715
0.487714
0.487714
0.487713
0.487713
0.487712
0.487711
0.487711
0.48771
0.48771
0.487709
0.487709
0.487708
0.487707
0.487707
0.487706
0.487706
0.487705
0.487705
0.487704
0.487704
0.487703
0.487703
0.487702
0.487702
0.487701
0.487701
0.4877
0.4877
0.487699
0.487699
0.487698
0.487698
0.487698
0.487697
0.487697
0.487696
0.487696
0.487696
0.487695
0.487695
0.487695
0.487695
0.487694
0.487694
0.487694
0.487693
0.487693
0.487693
0.487692
0.487692
0.487692
0.487691
0.487691
0.48769
0.48769
0.48769
0.487689
0.487689
0.487689
0.487688
0.487688
0.487688
0.487687
0.487687
0.487687
0.487686
0.487686
0.487686
0.487685
0.487685
0.487685
0.487684
0.487684
0.487684
0.487683
0.487683
0.487683
0.487682
0.487682
0.487682
0.487681
0.487681
0.487681
0.48768
0.48768
0.48768
0.487679
0.487679
0.487679
0.487678
0.487678
0.487677
0.487677
0.487677
0.487676
0.487676
0.487676
0.487675
0.487675
0.487674
0.487674
0.487674
0.487673
0.487673
0.487673
0.487672
0.487672
0.487672
0.487671
0.487671
0.48767
0.48767
0.48767
0.487669
0.487669
0.487669
0.487669
0.487668
0.487668
0.487668
0.487667
0.487667
0.487667
0.487667
0.487666
0.487666
0.487666
0.487666
0.487666
0.487666
0.487666
0.487666
0.487666
0.487665
0.487665
0.487665
0.487665
0.487665
0.487665
0.487665
0.487665
0.487664
0.487664
0.487664
0.487664
0.487664
0.487664
0.487663
0.487663
0.487663
0.487663
0.487662
0.487662
0.487662
0.487662
0.487662
0.487661
0.487661
0.487661
0.487661
0.48766
0.48766
0.48766
0.48766
0.48766
0.487659
0.487659
0.487659
0.487659
0.487659
0.487658
0.487658
0.487658
0.487658
0.487658
0.487657
0.487657
0.487657
0.487657
0.487656
0.487656
0.487656
0.487656
0.487656
0.487655
0.487655
0.487655
0.487655
0.487655
0.487654
0.487654
0.487654
0.487654
0.487654
0.487654
0.487653
0.487653
0.487653
0.487653
0.487653
0.487652
0.487652
0.487652
0.487652
0.487652
0.487652
0.487652
0.487652
0.487652
0.487651
0.487651
0.487651
0.487651
0.487651
0.487651
0.487651
0.487651
0.487651
0.487651
0.487651
0.487651
0.487651
0.487651
0.487651
0.487651
0.487651
0.487651
0.48765
0.48765
0.48765
0.48765
0.48765
0.48765
0.48765
0.48765
0.48765
0.48765
0.48765
0.48765
0.48765
0.48765
0.48765
0.48765
0.48765
0.48765
0.48765
0.487651
0.487651
0.487651
0.487651
0.487651
0.487651
0.487651
0.487652
0.487652
0.487652
0.487652
0.487652
0.487652
0.487652
0.487652
0.487653
0.487653
0.487653
0.487653
0.487653
0.487653
0.487653
0.487653
0.487654
0.487654
0.487654
0.487654
0.487654
0.487654
0.487655
0.487655
0.487655
0.487655
0.487655
0.487655
0.487655
0.487656
0.487656
0.487656
0.487656
0.487656
0.487656
0.487656
0.487657
0.487657
0.487657
0.487657
0.487657
0.487658
0.487658
0.487658
0.487658
0.487659
0.487659
0.487659
0.487659
0.48766
0.48766
0.48766
0.487661
0.487661
0.487661
0.487662
0.487662
0.487662
0.487663
0.487663
0.487664
0.487664
0.487664
0.487665
0.487665
0.487666
0.487666
0.487667
0.487667
0.487668
0.487668
0.487669
0.487669
0.48767
0.48767
0.487671
0.487671
0.487672
0.487672
0.487673
0.487673
0.487674
0.487675
0.487675
0.487676
0.487677
0.487677
0.487678
0.487678
0.487679
0.48768
0.48768
0.487681
0.487682
0.487682
0.487683
0.487683
0.487684
0.487685
0.487685
0.487686
0.487687
0.487687
0.487688
0.487688
0.487689
0.487689
0.48769
0.48769
0.487691
0.487691
0.487692
0.487692
0.487693
0.487693
0.487694
0.487694
0.487695
0.487695
0.487696
0.487696
0.487697
0.487697
0.487697
0.487698
0.487698
0.487699
0.487699
0.4877
0.4877
0.487701
0.487701
0.487702
0.487702
0.487702
0.487703
0.487703
0.487704
0.487704
0.487705
0.487705
0.487706
0.487706
0.487707
0.487707
0.487708
0.487708
0.487709
0.487709
0.48771
0.48771
0.487711
0.487711
0.487711
0.487712
0.487712
0.487713
0.487713
0.487714
0.487714
0.487715
0.487715
0.487716
0.487716
0.487717
0.487717
0.487718
0.487718
0.487719
0.487719
0.48772
0.48772
0.487721
0.487721
0.487722
0.487722
0.487723
0.487723
0.487724
0.487724
0.487724
0.487725
0.487725
0.487726
0.487726
0.487727
0.487727
0.487727
0.487728
0.487728
0.487729
0.487729
0.487729
0.48773
0.48773
0.48773
0.487731
0.487731
0.487732
0.487732
0.487732
0.487733
0.487733
0.487734
0.487734
0.487735
0.487735
0.487736
0.487736
0.487737
0.487737
0.487738
0.487739
0.487739
0.48774
0.48774
0.487741
0.487742
0.487742
0.487743
0.487743
0.487744
0.487744
0.487745
0.487746
0.487746
0.487747
0.487747
0.487748
0.487749
0.487749
0.48775
0.48775
0.487751
0.487752
0.487752
0.487753
0.487753
0.487754
0.487755
0.487755
0.487756
0.487757
0.487757
0.487758
0.487759
0.487759
0.48776
0.487761
0.487761
0.487762
0.487763
0.487763
0.487764
0.487765
0.487765
0.487766
0.487766
0.487767
0.487768
0.487768
0.487769
0.487769
0.48777
0.487771
0.487771
0.487772
0.487772
0.487773
0.487774
0.487774
0.487775
0.487775
0.487776
0.487776
0.487777
0.487778
0.487778
0.487779
0.487779
0.48778
0.48778
0.487781
0.487782
0.487782
0.487783
0.487783
0.487784
0.487784
0.487785
0.487785
0.487786
0.487786
0.487787
0.487787
0.487788
0.487788
0.487789
0.48779
0.48779
0.487791
0.487791
0.487792
0.487792
0.487793
0.487793
0.487794
0.487794
0.487795
0.487795
0.487796
0.487796
0.487797
0.487797
0.487798
0.487798
0.487799
0.487799
0.4878
0.4878
0.487801
0.487801
0.487802
0.487802
0.487802
0.487803
0.487803
0.487803
0.487804
0.487804
0.487805
0.487805
0.487805
0.487806
0.487806
0.487807
0.487807
0.487808
0.487808
0.487809
0.487809
0.48781
0.48781
0.487811
0.487811
0.487812
0.487813
0.487813
0.487814
0.487814
0.487815
0.487815
0.487816
0.487816
0.487817
0.487817
0.487818
0.487818
0.487819
0.487819
0.48782
0.48782
0.487821
0.487821
0.487822
0.487822
0.487822
0.487823
0.487823
0.487824
0.487824
0.487825
0.487825
0.487826
0.487826
0.487826
0.487827
0.487827
0.487828
0.487828
0.487828
0.487828
0.487829
0.487829
0.487829
0.48783
0.48783
0.48783
0.487831
0.487831
0.487831
0.487831
0.487832
0.487832
0.487832
0.487832
0.487833
0.487833
0.487833
0.487833
0.487834
0.487834
0.487834
0.487834
0.487835
0.487835
0.487835
0.487836
0.487836
0.487836
0.487837
0.487837
0.487837
0.487837
0.487838
0.487838
0.487838
0.487839
0.487839
0.487839
0.487839
0.48784
0.48784
0.48784
0.48784
0.487841
0.487841
0.487841
0.487841
0.487841
0.487842
0.487842
0.487842
0.487842
0.487842
0.487842
0.487843
0.487843
0.487843
0.487843
0.487843
0.487844
0.487844
0.487844
0.487844
0.487844
0.487844
0.487845
0.487845
0.487845
0.487845
0.487845
0.487845
0.487845
0.487846
0.487846
0.487846
0.487846
0.487846
0.487846
0.487846
0.487846
0.487846
0.487846
0.487846
0.487846
0.487846
0.487847
0.487847
0.487847
0.487847
0.487847
0.487847
0.487847
0.487847
0.487847
0.487847
0.487847
0.487847
0.487847
0.487847
0.487847
0.487847
0.487847
0.487847
0.487847
0.487847
0.487847
0.487847
0.487847
0.487847
0.487847
0.487847
0.487847
0.487847
0.487847
0.487847
0.487847
0.487847
0.487847
0.487847
0.487847
0.487847
0.487847
0.487847
0.487847
0.487847
0.487847
0.487847
0.487847
0.487847
0.487847
0.487847
0.487847
0.487847
0.487847
0.487847
0.487847
0.487847
0.487847
0.487847
0.487847
0.487847
0.487847
0.487847
0.487847
0.487847
0.487847
0.487847
0.487847
0.487847
0.487847
0.487847
0.487847
0.487847
0.487848
0.487848
0.487848
0.487848
0.487848
0.487848
0.487848
0.487848
0.487849
0.487849
0.487849
0.487849
0.487849
0.487849
0.48785
0.48785
0.48785
0.48785
0.48785
0.487851
0.487851
0.487851
0.487851
0.487851
0.487852
0.487852
0.487852
0.487852
0.487852
0.487853
0.487853
0.487853
0.487853
0.487854
0.487854
0.487854
0.487854
0.487855
0.487855
0.487855
0.487855
0.487856
0.487856
0.487856
0.487857
0.487857
0.487857
0.487857
0.487857
0.487858
0.487858
0.487858
0.487858
0.487859
0.487859
0.487859
0.487859
0.487859
0.48786
0.48786
0.48786
0.48786
0.48786
0.487861
0.487861
0.487861
0.487862
0.487862
0.487862
0.487862
0.487863
0.487863
0.487863
0.487863
0.487864
0.487864
0.487864
0.487865
0.487865
0.487865
0.487865
0.487866
0.487866
0.487866
0.487866
0.487867
0.487867
0.487867
0.487867
0.487868
0.487868
0.487868
0.487869
0.487869
0.487869
0.48787
0.48787
0.48787
0.487871
0.487871
0.487872
0.487872
0.487872
0.487873
0.487873
0.487873
0.487874
0.487874
0.487874
0.487874
0.487875
0.487875
0.487875
0.487876
0.487876
0.487876
0.487876
0.487877
0.487877
0.487877
0.487877
0.487878
0.487878
0.487878
0.487878
0.487879
0.487879
0.487879
0.487879
0.48788
0.48788
0.48788
0.48788
0.487881
0.487881
0.487881
0.487882
0.487882
0.487882
0.487882
0.487883
0.487883
0.487883
0.487883
0.487883
0.487883
0.487884
0.487884
0.487884
0.487884
0.487884
0.487885
0.487885
0.487885
0.487885
0.487885
0.487886
0.487886
0.487886
0.487886
0.487887
0.487887
0.487887
0.487887
0.487887
0.487888
0.487888
0.487888
0.487889
0.487889
0.487889
0.487889
0.48789
0.48789
0.48789
0.487891
0.487891
0.487891
0.487891
0.487892
0.487892
0.487892
0.487892
0.487893
0.487893
0.487893
0.487893
0.487894
0.487894
0.487894
0.487894
0.487895
0.487895
0.487895
0.487895
0.487895
0.487896
0.487896
0.487896
0.487896
0.487896
0.487896
0.487896
0.487897
0.487897
0.487897
0.487897
0.487897
0.487897
0.487897
0.487897
0.487897
0.487897
0.487897
0.487897
0.487897
0.487897
0.487897
0.487896
0.487896
0.487896
0.487896
0.487896
0.487896
0.487896
0.487896
0.487896
0.487896
0.487896
0.487896
0.487896
0.487896
0.487896
0.487896
0.487896
0.487896
0.487896
0.487896
0.487896
0.487896
0.487896
0.487897
0.487897
0.487897
0.487897
0.487897
0.487897
0.487897
0.487898
0.487898
0.487898
0.487898
0.487898
0.487899
0.487899
0.487899
0.487899
0.487899
0.487899
0.4879
0.4879
0.4879
0.4879
0.4879
0.4879
0.487901
0.487901
0.487901
0.487901
0.487901
0.487901
0.487902
0.487902
0.487902
0.487902
0.487902
0.487902
0.487902
0.487902
0.487903
0.487903
0.487903
0.487903
0.487903
0.487903
0.487903
0.487903
0.487903
0.487903
0.487903
0.487903
0.487903
0.487903
0.487903
0.487903
0.487903
0.487903
0.487903
0.487903
0.487904
0.487904
0.487904
0.487904
0.487904
0.487904
0.487903
0.487903
0.487903
0.487903
0.487903
0.487903
0.487903
0.487903
0.487903
0.487903
0.487903
0.487903
0.487903
0.487903
0.487903
0.487903
0.487903
0.487903
0.487903
0.487903
0.487902
0.487902
0.487902
0.487902
0.487902
0.487902
0.487902
0.487902
0.487901
0.487901
0.487901
0.487901
0.487901
0.487901
0.487901
0.487901
0.487901
0.487901
0.487901
0.487901
0.487901
0.4879
0.4879
0.4879
0.4879
0.4879
0.4879
0.4879
0.4879
0.4879
0.4879
0.4879
0.4879
0.4879
0.4879
0.4879
0.4879
0.4879
0.4879
0.4879
0.4879
0.4879
0.4879
0.4879
0.4879
0.4879
0.4879
0.4879
0.4879
0.4879
0.4879
0.4879
0.4879
0.487901
0.487901
0.487901
0.487901
0.487901
0.487901
0.487901
0.487902
0.487902
0.487902
0.487902
0.487902
0.487902
0.487903
0.487903
0.487903
0.487903
0.487904
0.487904
0.487904
0.487904
0.487904
0.487905
0.487905
0.487905
0.487906
0.487906
0.487906
0.487906
0.487907
0.487907
0.487907
0.487907
0.487908
0.487908
0.487908
0.487909
0.487909
0.487909
0.48791
0.48791
0.48791
0.487911
0.487911
0.487911
0.487912
0.487912
0.487912
0.487912
0.487913
0.487913
0.487913
0.487913
0.487914
0.487914
0.487914
0.487914
0.487914
0.487915
0.487915
0.487915
0.487915
0.487915
0.487915
0.487916
0.487916
0.487916
0.487916
0.487916
0.487916
0.487917
0.487917
0.487917
0.487917
0.487917
0.487918
0.487918
0.487918
0.487918
0.487918
0.487918
0.487918
0.487918
0.487919
0.487919
0.487919
0.487919
0.487919
0.487919
0.487919
0.487919
0.487919
0.48792
0.48792
0.48792
0.48792
0.48792
0.48792
0.487921
0.487921
0.487921
0.487921
0.487921
0.487922
0.487922
0.487922
0.487923
0.487923
0.487923
0.487924
0.487924
0.487924
0.487925
0.487925
0.487926
0.487926
0.487927
0.487927
0.487928
0.487928
0.487929
0.487929
0.48793
0.48793
0.487931
0.487931
0.487932
0.487932
0.487933
0.487933
0.487934
0.487934
0.487935
0.487935
0.487936
0.487936
0.487937
0.487938
0.487938
0.487939
0.487939
0.48794
0.487941
0.487941
0.487942
0.487943
0.487944
0.487944
0.487945
0.487946
0.487947
0.487947
0.487948
0.487949
0.48795
0.487951
0.487952
0.487953
0.487953
0.487954
0.487955
0.487956
0.487957
0.487958
0.487959
0.48796
0.487961
0.487962
0.487963
0.487964
0.487965
0.487966
0.487967
0.487968
0.487969
0.48797
0.487971
0.487972
0.487973
0.487974
0.487975
0.487976
0.487977
0.487978
0.487979
0.48798
0.487981
0.487982
0.487983
0.487984
0.487985
0.487987
0.487988
0.487989
0.48799
0.487991
0.487992
0.487993
0.487994
0.487996
0.487997
0.487998
0.487999
0.488
0.488001
0.488002
0.488004
0.488005
0.488006
0.488007
0.488008
0.488009
0.48801
0.488011
0.488013
0.488014
0.488015
0.488016
0.488017
0.488018
0.488019
0.48802
0.488021
0.488022
0.488023
0.488024
0.488026
0.488027
0.488028
0.488029
0.48803
0.488031
0.488032
0.488033
0.488034
0.488035
0.488036
0.488037
0.488038
0.488039
0.48804
0.488041
0.488042
0.488043
0.488044
0.488044
0.488045
0.488046
0.488047
0.488048
0.488049
0.48805
0.48805
0.488051
0.488052
0.488053
0.488054
0.488054
0.488055
0.488056
0.488056
0.488057
0.488058
0.488059
0.488059
0.48806
0.488061
0.488061
0.488062
0.488062
0.488063
0.488064
0.488064
0.488065
0.488065
0.488066
0.488067
0.488067
0.488068
0.488068
0.488069
0.48807
0.48807
0.488071
0.488071
0.488072
0.488072
0.488073
0.488073
0.488074
0.488074
0.488075
0.488075
0.488076
0.488076
0.488077
0.488077
0.488078
0.488078
0.488078
0.488079
0.488079
0.48808
0.48808
0.48808
0.488081
0.488081
0.488081
0.488081
0.488082
0.488082
0.488082
0.488082
0.488083
0.488083
0.488083
0.488083
0.488083
0.488083
0.488083
0.488083
0.488083
0.488083
0.488084
0.488084
0.488084
0.488084
0.488083
0.488083
0.488083
0.488083
0.488083
0.488083
0.488083
0.488083
0.488083
0.488083
0.488082
0.488082
0.488082
0.488082
0.488082
0.488081
0.488081
0.488081
0.48808
0.48808
0.48808
0.488079
0.488079
0.488079
0.488078
0.488078
0.488078
0.488077
0.488077
0.488076
0.488076
0.488076
0.488075
0.488075
0.488074
0.488074
0.488074
0.488073
0.488073
0.488072
0.488072
0.488072
0.488071
0.488071
0.48807
0.48807
0.48807
0.488069
0.488069
0.488069
0.488068
0.488068
0.488068
0.488067
0.488067
0.488067
0.488067
0.488066
0.488066
0.488066
0.488066
0.488065
0.488065
0.488065
0.488065
0.488065
0.488065
0.488065
0.488065
0.488064
0.488064
0.488064
0.488064
0.488064
0.488064
0.488064
0.488064
0.488064
0.488064
0.488064
0.488064
0.488064
0.488064
0.488064
0.488064
0.488064
0.488064
0.488064
0.488064
0.488065
0.488065
0.488065
0.488065
0.488065
0.488065
0.488066
0.488066
0.488066
0.488066
0.488066
0.488066
0.488067
0.488067
0.488067
0.488067
0.488067
0.488067
0.488067
0.488067
0.488067
0.488067
0.488067
0.488068
0.488068
0.488068
0.488068
0.488068
0.488068
0.488068
0.488068
0.488068
0.488068
0.488068
0.488068
0.488069
0.488069
0.488069
0.488069
0.488069
0.488069
0.488069
0.488069
0.488069
0.488069
0.488069
0.488069
0.488069
0.488069
0.488069
0.488069
0.488069
0.488069
0.488069
0.488069
0.488069
0.488069
0.488069
0.488069
0.488069
0.488069
0.488068
0.488068
0.488068
0.488068
0.488068
0.488068
0.488068
0.488068
0.488068
0.488068
0.488068
0.488067
0.488067
0.488067
0.488067
0.488067
0.488067
0.488067
0.488067
0.488067
0.488067
0.488067
0.488067
0.488067
0.488067
0.488067
0.488067
0.488067
0.488067
0.488067
0.488067
0.488067
0.488067
0.488067
0.488067
0.488067
0.488068
0.488068
0.488068
0.488068
0.488068
0.488068
0.488068
0.488069
0.488069
0.488069
0.488069
0.488069
0.488069
0.48807
0.48807
0.48807
0.48807
0.488071
0.488071
0.488071
0.488072
0.488072
0.488072
0.488072
0.488073
0.488073
0.488073
0.488074
0.488074
0.488074
0.488075
0.488075
0.488075
0.488076
0.488076
0.488076
0.488076
0.488077
0.488077
0.488077
0.488077
0.488078
0.488078
0.488078
0.488078
0.488079
0.488079
0.488079
0.488079
0.48808
0.48808
0.48808
0.48808
0.48808
0.48808
0.488081
0.488081
0.488081
0.488081
0.488081
0.488081
0.488081
0.488081
0.488081
0.488081
0.488082
0.488082
0.488082
0.488082
0.488082
0.488082
0.488082
0.488082
0.488082
0.488082
0.488082
0.488082
0.488082
0.488082
0.488083
0.488083
0.488083
0.488083
0.488083
0.488083
0.488083
0.488083
0.488083
0.488083
0.488083
0.488083
0.488083
0.488083
0.488083
0.488083
0.488083
0.488084
0.488084
0.488084
0.488084
0.488084
0.488084
0.488084
0.488084
0.488084
0.488084
0.488084
0.488084
0.488084
0.488084
0.488084
0.488084
0.488084
0.488084
0.488084
0.488084
0.488084
0.488085
0.488085
0.488085
0.488085
0.488085
0.488085
0.488085
0.488086
0.488086
0.488086
0.488086
0.488087
0.488087
0.488087
0.488087
0.488088
0.488088
0.488088
0.488089
0.488089
0.488089
0.488089
0.48809
0.48809
0.48809
0.488091
0.488091
0.488091
0.488091
0.488092
0.488092
0.488092
0.488093
0.488093
0.488093
0.488093
0.488094
0.488094
0.488094
0.488094
0.488094
0.488095
0.488095
0.488095
0.488095
0.488095
0.488095
0.488096
0.488096
0.488096
0.488096
0.488096
0.488096
0.488097
0.488097
0.488097
0.488097
0.488097
0.488098
0.488098
0.488098
0.488098
0.488098
0.488098
0.488098
0.488099
0.488099
0.488099
0.488099
0.488099
0.488099
0.4881
0.4881
0.4881
0.4881
0.4881
0.488101
0.488101
0.488101
0.488101
0.488101
0.488102
0.488102
0.488102
0.488102
0.488102
0.488102
0.488102
0.488102
0.488102
0.488102
0.488102
0.488102
0.488102
0.488102
0.488102
0.488102
0.488102
0.488102
0.488102
0.488102
0.488102
0.488102
0.488102
0.488102
0.488101
0.488101
0.488101
0.488101
0.488101
0.488101
0.488101
0.4881
0.4881
0.4881
0.4881
0.4881
0.4881
0.4881
0.4881
0.4881
0.488099
0.488099
0.488099
0.488099
0.488099
0.488099
0.488099
0.488099
0.488099
0.488099
0.488099
0.488099
0.488099
0.488099
0.488099
0.488099
0.488099
0.488099
0.488099
0.488099
0.488099
0.488099
0.488099
0.488099
0.488099
0.488098
0.488098
0.488098
0.488098
0.488098
0.488098
0.488098
0.488098
0.488097
0.488097
0.488097
0.488097
0.488097
0.488097
0.488097
0.488096
0.488096
0.488096
0.488096
0.488096
0.488096
0.488096
0.488095
0.488095
0.488095
0.488095
0.488095
0.488094
0.488094
0.488094
0.488094
0.488093
0.488093
0.488093
0.488093
0.488092
0.488092
0.488092
0.488092
0.488092
0.488091
0.488091
0.488091
0.488091
0.488091
0.48809
0.48809
0.48809
0.48809
0.48809
0.488089
0.488089
0.488089
0.488089
0.488089
0.488088
0.488088
0.488088
0.488088
0.488087
0.488087
0.488087
0.488087
0.488086
0.488086
0.488086
0.488086
0.488085
0.488085
0.488085
0.488085
0.488084
0.488084
0.488084
0.488084
0.488083
0.488083
0.488083
0.488083
0.488083
0.488083
0.488083
0.488082
0.488082
0.488082
0.488082
0.488082
0.488082
0.488082
0.488082
0.488082
0.488082
0.488082
0.488082
0.488082
0.488082
0.488082
0.488082
0.488082
0.488082
0.488082
0.488082
0.488082
0.488082
0.488083
0.488083
0.488083
0.488083
0.488084
0.488084
0.488084
0.488084
0.488085
0.488085
0.488085
0.488086
0.488086
0.488087
0.488087
0.488087
0.488088
0.488088
0.488089
0.488089
0.488089
0.48809
0.48809
0.48809
0.488091
0.488091
0.488091
0.488092
0.488092
0.488092
0.488093
0.488093
0.488093
0.488094
0.488094
0.488094
0.488095
0.488095
0.488095
0.488096
0.488096
0.488096
0.488096
0.488097
0.488097
0.488097
0.488097
0.488098
0.488098
0.488098
0.488098
0.488098
0.488099
0.488099
0.488099
0.488099
0.4881
0.4881
0.4881
0.4881
0.488101
0.488101
0.488101
0.488101
0.488101
0.488101
0.488102
0.488102
0.488102
0.488102
0.488102
0.488102
0.488102
0.488102
0.488102
0.488102
0.488101
0.488101
0.488101
0.488101
0.4881
0.4881
0.4881
0.4881
0.488099
0.488099
0.488099
0.488098
0.488098
0.488097
0.488097
0.488097
0.488096
0.488096
0.488096
0.488095
0.488095
0.488094
0.488094
0.488094
0.488093
0.488093
0.488092
0.488092
0.488091
0.488091
0.488091
0.48809
0.48809
0.48809
0.488089
0.488089
0.488089
0.488088
0.488088
0.488088
0.488087
0.488087
0.488087
0.488087
0.488086
0.488086
0.488086
0.488086
0.488086
0.488085
0.488085
0.488085
0.488085
0.488084
0.488084
0.488084
0.488084
0.488084
0.488083
0.488083
0.488083
0.488083
0.488083
0.488083
0.488082
0.488082
0.488082
0.488082
0.488082
0.488082
0.488082
0.488082
0.488082
0.488082
0.488082
0.488081
0.488081
0.488081
0.488081
0.488081
0.488081
0.488081
0.488081
0.488081
0.488081
0.488081
0.488081
0.488081
0.488081
0.488081
0.488081
0.488081
0.48808
0.48808
0.48808
0.48808
0.48808
0.48808
0.48808
0.48808
0.48808
0.488079
0.488079
0.488079
0.488079
0.488079
0.488079
0.488078
0.488078
0.488078
0.488078
0.488078
0.488078
0.488078
0.488077
0.488077
0.488077
0.488077
0.488077
0.488077
0.488077
0.488077
0.488076
0.488076
0.488076
0.488076
0.488076
0.488076
0.488076
0.488076
0.488076
0.488076
0.488076
0.488076
0.488076
0.488075
0.488075
0.488075
0.488075
0.488075
0.488075
0.488075
0.488075
0.488075
0.488075
0.488075
0.488075
0.488076
0.488076
0.488076
0.488076
0.488076
0.488076
0.488076
0.488076
0.488076
0.488076
0.488076
0.488076
0.488076
0.488076
0.488076
0.488076
0.488076
0.488076
0.488076
0.488076
0.488076
0.488076
0.488076
0.488076
0.488076
0.488076
0.488076
0.488076
0.488076
0.488076
0.488076
0.488076
0.488075
0.488075
0.488075
0.488075
0.488075
0.488075
0.488075
0.488075
0.488075
0.488075
0.488074
0.488074
0.488074
0.488074
0.488074
0.488074
0.488074
0.488074
0.488074
0.488074
0.488073
0.488073
0.488073
0.488073
0.488073
0.488073
0.488073
0.488073
0.488073
0.488073
0.488073
0.488073
0.488073
0.488073
0.488073
0.488073
0.488073
0.488073
0.488074
0.488074
0.488074
0.488074
0.488074
0.488074
0.488074
0.488074
0.488075
0.488075
0.488075
0.488075
0.488075
0.488076
0.488076
0.488076
0.488076
0.488076
0.488077
0.488077
0.488077
0.488078
0.488078
0.488078
0.488078
0.488079
0.488079
0.488079
0.48808
0.48808
0.48808
0.48808
0.488081
0.488081
0.488081
0.488082
0.488082
0.488082
0.488083
0.488083
0.488083
0.488084
0.488084
0.488084
0.488085
0.488085
0.488086
0.488086
0.488086
0.488087
0.488087
0.488088
0.488088
0.488088
0.488089
0.488089
0.488089
0.48809
0.48809
0.488091
0.488091
0.488092
0.488092
0.488092
0.488093
0.488093
0.488094
0.488094
0.488095
0.488095
0.488095
0.488096
0.488096
0.488097
0.488097
0.488098
0.488098
0.488098
0.488099
0.488099
0.4881
0.4881
0.488101
0.488101
0.488054
0.488012
0.487969
0.487927
0.487885
0.487848
0.487806
0.487769
0.487726
0.487695
0.487658
0.487615
0.487589
0.487551
0.487521
0.487494
0.487457
0.487431
0.487398
0.487365
0.487344
0.487311
0.487281
0.487254
0.487227
0.487194
0.487157
0.48713
0.487098
0.487067
0.487036
0.487004
0.486977
0.486945
0.486918
0.486896
0.48687
0.486844
0.486817
0.486781
0.486756
0.486727
0.486695
0.48668
0.486659
0.486639
0.486616
0.486596
0.486582
0.486561
0.486547
0.486527
0.486515
0.486505
0.486491
0.486477
0.486462
0.486454
0.486446
0.486438
0.486433
0.486422
0.486421
0.48641
0.486407
0.486402
0.486403
0.486393
0.486389
0.486383
0.486389
0.486396
0.486397
0.486404
0.486418
0.486425
0.486433
0.486453
0.486461
0.486483
0.486501
0.486516
0.486529
0.486547
0.486564
0.486581
0.486608
0.486631
0.48666
0.486699
0.486719
0.486742
0.486764
0.486792
0.486791
0.486819
0.486831
0.486848
0.486875
0.486911
0.486927
0.486958
0.486989
0.48701
0.487039
0.487077
0.487097
0.487124
0.487152
0.487165
0.487193
0.487213
0.487237
0.48725
0.487274
0.487297
0.487329
0.48736
0.487399
0.487427
0.487451
0.487478
0.487505
0.487529
0.487553
0.487583
0.487613
0.487642
0.487671
0.487706
0.487747
0.487787
0.487828
0.487868
0.487898
0.48794
0.487977
0.488022
0.48808
0.488128
0.488161
0.488209
0.488254
0.488308
0.488349
0.488399
0.488443
0.48848
0.488532
0.488575
0.488609
0.488639
0.488688
0.488732
0.488803
0.48885
0.488884
0.488914
0.48894
0.488984
0.489036
0.48907
0.489108
0.489137
0.489179
0.489221
0.489257
0.48929
0.48932
0.489353
0.489392
0.489427
0.489458
0.489479
0.489511
0.489586
0.48961
0.489634
0.489652
0.489682
0.489718
0.489757
0.489787
0.489812
0.489836
0.489873
0.489921
0.489954
0.489993
0.490033
0.490065
0.490097
0.490146
0.490203
0.490251
0.490297
0.490322
0.490363
0.49041
0.490458
0.490503
0.490562
0.49061
0.49065
0.490697
0.490739
0.490794
0.490834
0.490912
0.490937
0.490979
0.491018
0.491058
0.491145
0.491185
0.491219
0.491248
0.491283
0.491312
0.491376
0.491403
0.491441
0.49148
0.491516
0.491577
0.491605
0.491635
0.491669
0.491697
0.491726
0.491757
0.491826
0.49186
0.49189
0.491934
0.491964
0.492003
0.492042
0.492083
0.492114
0.49215
0.492192
0.492231
0.492264
0.492298
0.492332
0.492371
0.492405
0.492441
0.492485
0.492529
0.492559
0.492599
0.49264
0.492676
0.492712
0.492741
0.492778
0.492814
0.492847
0.492884
0.49292
0.492989
0.49302
0.493058
0.493094
0.493135
0.493168
0.493236
0.493268
0.493302
0.493335
0.493366
0.493398
0.493431
0.493466
0.493488
0.493519
0.493545
0.493568
0.493593
0.493607
0.493624
0.493647
0.493679
0.493695
0.493713
0.493737
0.493752
0.493767
0.493779
0.493795
0.493814
0.493829
0.493842
0.493865
0.493886
0.493901
0.493918
0.49393
0.493934
0.493944
0.493948
0.49396
0.493963
0.493973
0.493981
0.493982
0.493983
0.493989
0.493986
0.49399
0.49399
0.493994
0.493993
0.493989
0.493993
0.493991
0.49399
0.493991
0.493992
0.493996
0.494007
0.49401
0.494013
0.494013
0.494015
0.494013
0.49401
0.494008
0.494008
0.494014
0.494015
0.494016
0.494017
0.494012
0.49401
0.494012
0.494012
0.494024
0.494028
0.494037
0.494047
0.494049
0.494056
0.494053
0.494052
0.494054
0.494065
0.494071
0.494077
0.494084
0.494092
0.494108
0.494116
0.494123
0.494142
0.49417
0.494182
0.494196
0.494204
0.494207
0.494216
0.494215
0.494226
0.494237
0.494251
0.494267
0.494278
0.494293
0.494301
0.494311
0.494322
0.494334
0.494349
0.494361
0.494361
0.494376
0.494382
0.49439
0.494404
0.49442
0.494433
0.494447
0.494454
0.494471
0.49448
0.494496
0.494512
0.494531
0.494544
0.494553
0.494569
0.494592
0.494605
0.49462
0.494634
0.494651
0.494654
0.494675
0.494696
0.494713
0.49473
0.494758
0.494771
0.494786
0.494802
0.494823
0.494838
0.494855
0.494866
0.494878
0.494901
0.494916
0.494936
0.494949
0.494955
0.49496
0.49497
0.494982
0.49499
0.495001
0.495011
0.495024
0.495036
0.495053
0.495066
0.495075
0.495087
0.495094
0.49511
0.495129
0.495149
0.49517
0.495185
0.495199
0.495214
0.495242
0.495254
0.495277
0.495321
0.495344
0.495367
0.495387
0.495411
0.495437
0.49546
0.495488
0.495516
0.495543
0.495568
0.495592
0.495623
0.495659
0.495688
0.495717
0.495753
0.495786
0.495818
0.495857
0.495896
0.495931
0.495971
0.496002
0.496036
0.496068
0.496111
0.496159
0.496198
0.496243
0.496294
0.496336
0.496386
0.496422
0.496465
0.496502
0.496543
0.496596
0.496643
0.496691
0.496738
0.496793
0.496843
0.496901
0.496951
0.497
0.497054
0.497107
0.497158
0.497211
0.497264
0.497327
0.497385
0.497441
0.497496
0.497551
0.497595
0.497646
0.497691
0.497741
0.497785
0.497829
0.49788
0.49793
0.497976
0.498022
0.498071
0.498112
0.49816
0.498204
0.498249
0.498285
0.498331
0.498378
0.498419
0.498453
0.498481
0.498509
0.49854
0.498567
0.498597
0.498626
0.498654
0.498683
0.498704
0.498724
0.498745
0.498765
0.498787
0.498815
0.498835
0.498857
0.498872
0.498885
0.498897
0.498906
0.498921
0.498938
0.498946
0.498954
0.498963
0.498967
0.49897
0.498978
0.498978
0.498985
0.498992
0.498996
0.498995
0.498991
0.498986
0.498981
0.498979
0.498976
0.498973
0.498973
0.498974
0.498965
0.49896
0.498953
0.498953
0.498947
0.498946
0.498939
0.498938
0.498929
0.498926
0.498923
0.498919
0.498919
0.498919
0.498918
0.498921
0.498921
0.49892
0.498921
0.498918
0.498922
0.498925
0.498928
0.498941
0.498947
0.49895
0.498954
0.498963
0.498964
0.498967
0.498968
0.49898
0.498989
0.499001
0.499013
0.499024
0.49904
0.499052
0.499064
0.499076
0.49909
0.499111
0.49912
0.499141
0.499156
0.499171
0.499191
0.499205
0.499228
0.49924
0.499254
0.499275
0.499292
0.499309
0.499327
0.49935
0.499374
0.499394
0.499418
0.499435
0.499459
0.499477
0.499499
0.499526
0.499549
0.499576
0.499606
0.499633
0.49966
0.49969
0.499723
0.499753
0.499783
0.499816
0.499844
0.499871
0.499907
0.499939
0.49997
0.500003
0.500032
0.50006
0.50009
0.500123
0.500154
0.500187
0.500216
0.500243
0.500271
0.5003
0.500334
0.500366
0.500399
0.500434
0.500466
0.500491
0.500526
0.500565
0.500601
0.500637
0.50067
0.500706
0.500742
0.500777
0.500814
0.500846
0.50087
0.500901
0.500934
0.500971
0.501011
0.501045
0.501076
0.501099
0.501131
0.50119
0.501222
0.501248
0.501276
0.501345
0.501373
0.501414
0.501443
0.5015
0.501523
0.501566
0.501592
0.501631
0.501669
0.501702
0.501735
0.501764
0.501791
0.501822
0.501843
0.501868
0.501893
0.501911
0.501933
0.501958
0.501984
0.502009
0.502066
0.502092
0.502123
0.502148
0.502179
0.502207
0.502232
0.502256
0.502281
0.502308
0.50233
0.502357
0.502379
0.502404
0.502429
0.502454
0.502479
0.502501
0.502523
0.502548
0.502576
0.502602
0.50263
0.502661
0.50269
0.502718
0.502741
0.502771
0.502799
0.502824
0.502844
0.502869
0.502891
0.502907
0.502933
0.502956
0.502976
0.502999
0.503028
0.503054
0.503083
0.503106
0.503132
0.503161
0.50319
0.503226
0.503255
0.503284
0.503316
0.503347
0.503379
0.50341
0.503439
0.503472
0.503507
0.503538
0.503567
0.503599
0.50363
0.503665
0.503691
0.503719
0.503752
0.503786
0.503824
0.503856
0.50389
0.503922
0.503954
0.503989
0.504024
0.50406
0.504095
0.504127
0.504163
0.504198
0.504231
0.504264
0.504297
0.504327
0.504364
0.504404
0.50444
0.504483
0.50452
0.504557
0.504594
0.504631
0.504672
0.504707
0.504741
0.504776
0.504811
0.50485
0.504885
0.504935
0.504976
0.505015
0.505059
0.505098
0.505137
0.505173
0.505213
0.505248
0.505291
0.505328
0.505357
0.5054
0.505439
0.505482
0.505523
0.505559
0.5056
0.505631
0.505663
0.505701
0.505743
0.505776
0.505817
0.50586
0.505886
0.505924
0.505965
0.506002
0.506035
0.506075
0.506112
0.506139
0.506176
0.506213
0.506249
0.506289
0.506329
0.506359
0.506393
0.50643
0.506463
0.506503
0.50654
0.506579
0.506624
0.506657
0.5067
0.506743
0.506782
0.506817
0.506857
0.506894
0.506927
0.506959
0.507005
0.507048
0.507099
0.507156
0.507214
0.507257
0.507302
0.507348
0.507393
0.507442
0.507481
0.507529
0.507577
0.50763
0.507677
0.507718
0.507772
0.507823
0.507875
0.507925
0.507968
0.508014
0.508057
0.508093
0.508129
0.508165
0.508204
0.508245
0.508288
0.508333
0.508389
0.508436
0.508482
0.508524
0.508564
0.508598
0.508639
0.508676
0.508723
0.508775
0.508827
0.508873
0.508923
0.508966
0.509009
0.509055
0.509102
0.509148
0.509186
0.509251
0.509297
0.509344
0.509383
0.509426
0.509461
0.509496
0.509536
0.509571
0.509605
0.509645
0.509681
0.50972
0.509753
0.509789
0.509828
0.50986
0.509889
0.509931
0.509967
0.510003
0.510038
0.510073
0.510108
0.51014
0.510172
0.510199
0.510234
0.510255
0.51028
0.510314
0.510342
0.510367
0.510394
0.510425
0.510457
0.510484
0.51051
0.51053
0.510555
0.510583
0.510608
0.510636
0.510654
0.510676
0.510698
0.510713
0.510735
0.510753
0.510772
0.510787
0.510802
0.510824
0.510842
0.51086
0.510875
0.510897
0.510912
0.510934
0.510954
0.510969
0.510989
0.511006
0.51103
0.511051
0.511075
0.511094
0.511115
0.511135
0.511158
0.511172
0.511188
0.511208
0.511225
0.511245
0.511272
0.511296
0.511313
0.511337
0.511355
0.511376
0.511394
0.511412
0.511423
0.511441
0.511459
0.511481
0.511496
0.511518
0.511535
0.511556
0.511571
0.511589
0.511607
0.511625
0.511642
0.511664
0.511685
0.511703
0.51172
0.511742
0.511763
0.511785
0.511809
0.511828
0.511856
0.511875
0.511894
0.511912
0.511934
0.511951
0.51197
0.511989
0.512012
0.512036
0.512052
0.512069
0.512091
0.512108
0.512127
0.512144
0.51216
0.512181
0.512203
0.512216
0.512232
0.512249
0.512265
0.512281
0.512296
0.512309
0.512322
0.512337
0.512355
0.512374
0.512384
0.5124
0.51241
0.512425
0.512441
0.512447
0.512463
0.512468
0.512484
0.512493
0.512501
0.512516
0.512528
0.512539
0.51255
0.51256
0.512571
0.512586
0.512603
0.512614
0.512629
0.512646
0.512654
0.512671
0.512685
0.512703
0.512715
0.512725
0.51274
0.512749
0.512767
0.51278
0.512792
0.512799
0.512807
0.512817
0.512824
0.512834
0.512834
0.512838
0.512842
0.512846
0.512857
0.512871
0.512875
0.512879
0.51289
0.512901
0.512908
0.512912
0.512913
0.512911
0.512916
0.512923
0.512928
0.512927
0.512933
0.51294
0.512939
0.512938
0.512939
0.512938
0.512935
0.51293
0.512931
0.512934
0.512929
0.512936
0.512935
0.512936
0.512928
0.512926
0.51291
0.512898
0.512887
0.512877
0.512864
0.512852
0.512843
0.512827
0.512818
0.512806
0.512787
0.512768
0.512752
0.512726
0.512706
0.51269
0.512674
0.512656
0.512632
0.512606
0.51259
0.512568
0.51254
0.512513
0.512488
0.512464
0.512439
0.512411
0.51239
0.512355
0.51233
0.512317
0.512294
0.512278
0.512261
0.512246
0.512233
0.512224
0.512192
0.512179
0.51215
0.512129
0.512112
0.512086
0.512069
0.512044
0.512025
0.512003
0.511982
0.51196
0.511939
0.511913
0.511892
0.511873
0.511855
0.511834
0.511808
0.511782
0.511761
0.511741
0.511716
0.511694
0.511683
0.511657
0.511631
0.51161
0.511584
0.511564
0.511543
0.511513
0.511495
0.511469
0.511449
0.511431
0.511407
0.511389
0.511361
0.511342
0.51132
0.511296
0.511282
0.511266
0.511246
0.511235
0.511209
0.511197
0.511173
0.511162
0.511142
0.511127
0.511115
0.511104
0.511091
0.511071
0.511062
0.511054
0.511037
0.511024
0.511007
0.51099
0.510977
0.510961
0.510949
0.510937
0.510922
0.510903
0.510889
0.510874
0.510868
0.510855
0.510842
0.510826
0.510806
0.510789
0.510774
0.510758
0.510749
0.51073
0.510722
0.510714
0.510701
0.510689
0.510681
0.510671
0.510658
0.51065
0.510642
0.51063
0.51062
0.510608
0.5106
0.510589
0.510581
0.510575
0.510571
0.510571
0.510565
0.510562
0.510555
0.510556
0.510558
0.51055
0.51055
0.510557
0.510562
0.510556
0.510552
0.510546
0.510542
0.510537
0.510542
0.510536
0.51053
0.510529
0.510527
0.510526
0.51052
0.510523
0.510526
0.510522
0.510525
0.510517
0.51052
0.51052
0.510528
0.510528
0.510531
0.510543
0.510548
0.510551
0.510553
0.510552
0.51055
0.510557
0.51056
0.510561
0.510573
0.51058
0.510583
0.510591
0.510585
0.510589
0.510597
0.510598
0.510599
0.510605
0.51061
0.510612
0.510615
0.510622
0.510621
0.510626
0.510621
0.510623
0.510616
0.51061
0.510612
0.510601
0.5106
0.510591
0.510581
0.510581
0.510567
0.510563
0.510553
0.510536
0.510527
0.510515
0.510501
0.510483
0.510478
0.510479
0.510464
0.510461
0.510442
0.510439
0.510423
0.510414
0.510405
0.510402
0.510405
0.51041
0.510402
0.510396
0.510384
0.510375
0.510372
0.510375
0.510367
0.510354
0.51035
0.51033
0.510324
0.51031
0.510313
0.510311
0.510283
0.510276
0.510264
0.510254
0.510241
0.510219
0.510204
0.510198
0.510179
0.510161
0.510143
0.510131
0.510114
0.510102
0.51008
0.510064
0.510049
0.510029
0.510009
0.509986
0.509973
0.50995
0.509928
0.509907
0.509889
0.509871
0.50985
0.509832
0.509814
0.509795
0.509777
0.509761
0.509749
0.509737
0.509721
0.50971
0.509699
0.50969
0.509681
0.509674
0.509669
0.509663
0.509656
0.50966
0.509661
0.509656
0.509661
0.509666
0.509673
0.509678
0.50969
0.5097
0.509707
0.509717
0.509722
0.509732
0.509741
0.509751
0.50976
0.50977
0.509786
0.509795
0.509809
0.509818
0.509827
0.509843
0.509852
0.509866
0.509875
0.509889
0.509898
0.509907
0.509915
0.509929
0.509936
0.509945
0.509958
0.509963
0.509972
0.509985
0.50999
0.510003
0.510012
0.510021
0.510025
0.510034
0.510044
0.510048
0.510058
0.510062
0.510071
0.510074
0.510078
0.510087
0.510087
0.510091
0.510095
0.510095
0.510099
0.510103
0.510105
0.510109
0.51011
0.510109
0.510111
0.51011
0.510111
0.510114
0.510111
0.510115
0.510116
0.510119
0.51012
0.510124
0.510127
0.510131
0.510134
0.510137
0.510145
0.510151
0.510154
0.510157
0.510156
0.510161
0.510164
0.510167
0.51017
0.510173
0.510178
0.510182
0.510184
0.510189
0.51019
0.510188
0.510198
0.510198
0.510196
0.510197
0.510199
0.510199
0.510195
0.510195
0.510198
0.5102
0.510198
0.510195
0.510197
0.510199
0.510197
0.510194
0.510189
0.51019
0.510184
0.510183
0.510184
0.510183
0.510182
0.51018
0.510184
0.510184
0.510185
0.510181
0.510181
0.510172
0.51017
0.510163
0.510161
0.510154
0.510152
0.510143
0.510136
0.510129
0.510122
0.510118
0.510108
0.510101
0.510091
0.510081
0.510062
0.510046
0.510031
0.510005
0.509989
0.509972
0.509951
0.509938
0.509915
0.509903
0.509889
0.50987
0.509853
0.509837
0.509816
0.509782
0.509764
0.509732
0.509709
0.509696
0.50968
0.509667
0.509654
0.509637
0.509624
0.50961
0.509589
0.509565
0.509547
0.509513
0.509504
0.509473
0.509462
0.509439
0.509415
0.509388
0.509359
0.509322
0.50931
0.509284
0.509269
0.509252
0.509246
0.509231
0.509207
0.509197
0.509186
0.509181
0.509168
0.509161
0.509156
0.509149
0.509129
0.509128
0.50916
0.509171
0.50917
0.509171
0.50918
0.509187
0.509203
0.509215
0.509227
0.509243
0.509267
0.509291
0.509287
0.509291
0.509303
0.509323
0.509356
0.509376
0.509398
0.509403
0.50942
0.509462
0.509496
0.509507
0.509522
0.509551
0.509576
0.509621
0.509655
0.509691
0.509713
0.509736
0.509767
0.509802
0.509829
0.509854
0.509888
0.509923
0.509954
0.509986
0.510011
0.51004
0.510068
0.510091
0.510121
0.510161
0.510184
0.510205
0.510221
0.510256
0.510289
0.510315
0.510337
0.510364
0.510388
0.510398
0.510411
0.510438
0.510459
0.510468
0.510478
0.510492
0.510513
0.510525
0.510546
0.510553
0.510562
0.510574
0.510571
0.510571
0.510574
0.510585
0.510597
0.510598
0.510594
0.510599
0.510598
0.510592
0.510592
0.51059
0.510589
0.510585
0.510581
0.510582
0.510588
0.510582
0.510576
0.510564
0.510559
0.510557
0.510557
0.510555
0.510545
0.510535
0.510526
0.51051
0.510492
0.510483
0.510473
0.510454
0.510442
0.510434
0.510439
0.51044
0.510429
0.510423
0.510407
0.510392
0.510379
0.510359
0.510347
0.510346
0.510337
0.510332
0.510331
0.510317
0.510305
0.510297
0.510282
0.510271
0.510252
0.510235
0.510229
0.510221
0.510219
0.510214
0.510201
0.510197
0.510179
0.510165
0.510148
0.510143
0.510134
0.51013
0.510114
0.510097
0.510082
0.510079
0.510078
0.510075
0.510067
0.510078
0.510079
0.510065
0.51006
0.510047
0.510039
0.510033
0.510036
0.510037
0.510031
0.51004
0.510046
0.510046
0.510054
0.510057
0.510059
0.510084
0.510093
0.510101
0.510105
0.510118
0.510125
0.510129
0.510133
0.510142
0.510147
0.510152
0.510164
0.510169
0.510182
0.510191
0.510201
0.510207
0.510216
0.510232
0.510241
0.510248
0.510255
0.510261
0.510271
0.510287
0.510293
0.510301
0.510306
0.510332
0.510344
0.510353
0.510351
0.510354
0.510375
0.510385
0.510396
0.510398
0.510406
0.510417
0.510431
0.510442
0.51046
0.510478
0.510503
0.510515
0.510535
0.510551
0.51056
0.510582
0.510604
0.510624
0.510627
0.510634
0.510651
0.510661
0.510674
0.510683
0.5107
0.510716
0.510726
0.510723
0.510738
0.510763
0.510787
0.510794
0.510796
0.510813
0.510818
0.510831
0.51083
0.510842
0.510854
0.510864
0.51087
0.510882
0.510892
0.510898
0.510902
0.510908
0.510918
0.510932
0.510936
0.51095
0.510971
0.510976
0.510977
0.510982
0.510997
0.511019
0.511027
0.511033
0.511056
0.511069
0.511085
0.511118
0.511148
0.511168
0.511172
0.511193
0.51122
0.511247
0.511271
0.511302
0.51133
0.511361
0.511395
0.511423
0.511448
0.511476
0.511521
0.511553
0.511582
0.511614
0.51166
0.511699
0.511728
0.511761
0.511794
0.511827
0.51186
0.511894
0.511931
0.511952
0.511982
0.512023
0.512051
0.512079
0.512104
0.512139
0.512174
0.512196
0.512232
0.512265
0.512297
0.512326
0.512362
0.512398
0.512421
0.512447
0.512484
0.51252
0.512546
0.512569
0.512596
0.512623
0.512649
0.512673
0.512696
0.512726
0.51276
0.512771
0.512775
0.512789
0.512804
0.512805
0.512813
0.512824
0.512835
0.512834
0.512822
0.512803
0.512791
0.512779
0.512764
0.512739
0.512704
0.512682
0.512657
0.512629
0.51259
0.512538
0.512499
0.512453
0.512405
0.512349
0.512287
0.512228
0.512169
0.512108
0.512048
0.511982
0.511925
0.511855
0.511783
0.511707
0.511618
0.511549
0.51147
0.511408
0.511332
0.511263
0.511179
0.511103
0.511023
0.510946
0.51087
0.510803
0.510729
0.510659
0.510584
0.51051
0.510445
0.510386
0.510323
0.510261
0.510214
0.510154
0.510099
0.510035
0.509977
0.509919
0.509868
0.509809
0.50975
0.509701
0.509657
0.509601
0.509543
0.5095
0.50944
0.509387
0.509337
0.509289
0.50923
0.509177
0.509121
0.509064
0.509004
0.508958
0.508906
0.508866
0.50883
0.50879
0.508754
0.508717
0.50868
0.508637
0.508597
0.508554
0.508525
0.508489
0.508462
0.508432
0.508396
0.508364
0.508325
0.50828
0.508231
0.50818
0.508124
0.508072
0.508024
0.507968
0.507909
0.50785
0.507786
0.507727
0.507664
0.507598
0.507529
0.507463
0.507399
0.507333
0.507266
0.507193
0.507132
0.507065
0.507001
0.506941
0.506873
0.506803
0.506723
0.506645
0.506561
0.506478
0.506393
0.506312
0.506235
0.506151
0.506078
0.506008
0.505941
0.505867
0.505797
0.50572
0.505652
0.505583
0.505512
0.505441
0.50537
0.505303
0.505243
0.505188
0.505128
0.505072
0.50501
0.504954
0.504895
0.504849
0.504812
0.504776
0.504738
0.504697
0.504672
0.504646
0.504622
0.504604
0.504583
0.504572
0.50456
0.504554
0.504549
0.504554
0.50456
0.504573
0.504589
0.504609
0.504625
0.504648
0.504671
0.5047
0.504719
0.504749
0.504779
0.504812
0.504848
0.504881
0.504929
0.504962
0.505006
0.505045
0.505089
0.50513
0.505166
0.505216
0.505254
0.505298
0.505346
0.505393
0.505434
0.505482
0.505528
0.505572
0.50561
0.505656
0.5057
0.505738
0.50578
0.505824
0.505859
0.505903
0.505948
0.50599
0.506034
0.50608
0.506124
0.506172
0.506216
0.506267
0.506318
0.506365
0.506416
0.506467
0.506514
0.506564
0.506615
0.506658
0.506695
0.506746
0.506786
0.506785
0.506784
0.506784
0.506783
0.506782
0.506781
0.50678
0.506779
0.506778
0.506778
0.506777
0.506776
0.506775
0.506774
0.506774
0.506773
0.506772
0.506771
0.506771
0.50677
0.506769
0.506768
0.506767
0.506767
0.506766
0.506765
0.506764
0.506764
0.506763
0.506762
0.506761
0.50676
0.506759
0.506759
0.506758
0.506757
0.506756
0.506755
0.506754
0.506754
0.506753
0.506752
0.506751
0.50675
0.506749
0.506748
0.506747
0.506747
0.506746
0.506745
0.506744
0.506743
0.506743
0.506742
0.506741
0.50674
0.506739
0.506739
0.506738
0.506737
0.506736
0.506735
0.506735
0.506734
0.506733
0.506732
0.506731
0.50673
0.506729
0.506728
0.506728
0.506727
0.506726
0.506725
0.506724
0.506723
0.506722
0.506721
0.50672
0.506719
0.506718
0.506717
0.506716
0.506715
0.506714
0.506713
0.506712
0.506711
0.50671
0.506709
0.506708
0.506707
0.506706
0.506705
0.506704
0.506703
0.506702
0.506701
0.5067
0.506699
0.506698
0.506697
0.506696
0.506695
0.506694
0.506693
0.506692
0.506691
0.50669
0.506689
0.506688
0.506687
0.506686
0.506685
0.506683
0.506682
0.506681
0.50668
0.506679
0.506678
0.506677
0.506676
0.506675
0.506674
0.506673
0.506672
0.506671
0.50667
0.506669
0.506668
0.506667
0.506666
0.506666
0.506665
0.506664
0.506663
0.506662
0.506661
0.506661
0.50666
0.506659
0.506659
0.506658
0.506657
0.506657
0.506656
0.506655
0.506655
0.506654
0.506654
0.506653
0.506653
0.506652
0.506652
0.506651
0.506651
0.50665
0.50665
0.506649
0.506649
0.506648
0.506648
0.506647
0.506647
0.506647
0.506646
0.506646
0.506645
0.506645
0.506645
0.506644
0.506644
0.506644
0.506643
0.506643
0.506643
0.506642
0.506642
0.506642
0.506641
0.506641
0.506641
0.50664
0.50664
0.50664
0.50664
0.506639
0.506639
0.506639
0.506639
0.506638
0.506638
0.506638
0.506638
0.506638
0.506638
0.506638
0.506638
0.506638
0.506638
0.506638
0.506638
0.506639
0.506639
0.506639
0.506639
0.506639
0.50664
0.50664
0.50664
0.506641
0.506641
0.506641
0.506641
0.506642
0.506642
0.506642
0.506643
0.506643
0.506643
0.506644
0.506644
0.506645
0.506645
0.506645
0.506646
0.506646
0.506646
0.506647
0.506647
0.506648
0.506648
0.506648
0.506649
0.506649
0.506649
0.50665
0.50665
0.506651
0.506651
0.506651
0.506652
0.506652
0.506652
0.506653
0.506653
0.506654
0.506654
0.506654
0.506655
0.506655
0.506655
0.506656
0.506656
0.506656
0.506657
0.506657
0.506657
0.506657
0.506658
0.506658
0.506658
0.506658
0.506659
0.506659
0.506659
0.506659
0.506659
0.50666
0.50666
0.50666
0.50666
0.506661
0.506661
0.506661
0.506661
0.506662
0.506662
0.506662
0.506662
0.506663
0.506663
0.506663
0.506664
0.506664
0.506664
0.506664
0.506665
0.506665
0.506665
0.506665
0.506666
0.506666
0.506666
0.506666
0.506667
0.506667
0.506667
0.506667
0.506667
0.506668
0.506668
0.506668
0.506668
0.506668
0.506669
0.506669
0.506669
0.506669
0.506669
0.506669
0.506669
0.506669
0.506669
0.506669
0.506669
0.506669
0.506669
0.506669
0.506669
0.506669
0.506669
0.506669
0.506669
0.506669
0.506669
0.506668
0.506668
0.506668
0.506668
0.506668
0.506667
0.506667
0.506667
0.506666
0.506666
0.506665
0.506665
0.506665
0.506664
0.506664
0.506663
0.506662
0.506662
0.506661
0.506661
0.50666
0.506659
0.506659
0.506658
0.506657
0.506656
0.506655
0.506654
0.506653
0.506653
0.506652
0.506651
0.50665
0.506649
0.506648
0.506647
0.506646
0.506645
0.506644
0.506643
0.506642
0.506641
0.50664
0.506639
0.506638
0.506637
0.506636
0.506635
0.506634
0.506633
0.506632
0.506631
0.50663
0.506629
0.506628
0.506627
0.506626
0.506625
0.506624
0.506623
0.506622
0.506621
0.50662
0.506619
0.506618
0.506617
0.506616
0.506615
0.506614
0.506613
0.506612
0.506611
0.50661
0.506609
0.506608
0.506607
0.506606
0.506605
0.506604
0.506603
0.506602
0.506601
0.5066
0.506599
0.506598
0.506597
0.506596
0.506595
0.506594
0.506593
0.506592
0.506591
0.50659
0.506589
0.506588
0.506587
0.506586
0.506585
0.506585
0.506584
0.506583
0.506582
0.506581
0.50658
0.506579
0.506578
0.506577
0.506577
0.506576
0.506575
0.506574
0.506573
0.506573
0.506572
0.506571
0.506571
0.50657
0.50657
0.506569
0.506568
0.506568
0.506567
0.506567
0.506566
0.506566
0.506565
0.506565
0.506564
0.506564
0.506564
0.506563
0.506563
0.506562
0.506562
0.506561
0.506561
0.506561
0.50656
0.50656
0.50656
0.50656
0.506559
0.506559
0.506559
0.506559
0.506558
0.506558
0.506558
0.506558
0.506558
0.506558
0.506558
0.506558
0.506558
0.506559
0.506559
0.506559
0.506559
0.506559
0.50656
0.50656
0.50656
0.506561
0.506561
0.506562
0.506562
0.506562
0.506563
0.506563
0.506564
0.506565
0.506565
0.506566
0.506566
0.506567
0.506568
0.506568
0.506569
0.50657
0.506571
0.506571
0.506572
0.506573
0.506574
0.506575
0.506576
0.506577
0.506577
0.506578
0.506579
0.50658
0.506581
0.506582
0.506583
0.506583
0.506584
0.506585
0.506586
0.506587
0.506588
0.506589
0.506589
0.50659
0.506591
0.506592
0.506593
0.506594
0.506594
0.506595
0.506596
0.506597
0.506597
0.506598
0.506599
0.5066
0.5066
0.506601
0.506602
0.506602
0.506603
0.506604
0.506604
0.506605
0.506605
0.506606
0.506607
0.506607
0.506608
0.506608
0.506609
0.506609
0.506609
0.50661
0.50661
0.50661
0.506611
0.506611
0.506611
0.506612
0.506612
0.506612
0.506612
0.506613
0.506613
0.506613
0.506613
0.506614
0.506614
0.506614
0.506615
0.506615
0.506615
0.506616
0.506616
0.506616
0.506616
0.506617
0.506617
0.506618
0.506618
0.506618
0.506619
0.506619
0.506619
0.50662
0.50662
0.50662
0.506621
0.506621
0.506621
0.506622
0.506622
0.506622
0.506623
0.506623
0.506623
0.506624
0.506624
0.506624
0.506625
0.506625
0.506626
0.506626
0.506627
0.506627
0.506628
0.506628
0.506629
0.506629
0.506629
0.50663
0.50663
0.50663
0.506631
0.506631
0.506632
0.506632
0.506632
0.506633
0.506633
0.506634
0.506634
0.506634
0.506635
0.506635
0.506636
0.506636
0.506636
0.506637
0.506637
0.506638
0.506638
0.506639
0.506639
0.50664
0.50664
0.506641
0.506641
0.506642
0.506642
0.506643
0.506643
0.506644
0.506645
0.506645
0.506646
0.506646
0.506647
0.506648
0.506648
0.506649
0.506649
0.50665
0.506651
0.506651
0.506652
0.506652
0.506653
0.506654
0.506654
0.506655
0.506656
0.506656
0.506657
0.506658
0.506658
0.506659
0.50666
0.50666
0.506661
0.506662
0.506662
0.506663
0.506664
0.506665
0.506665
0.506666
0.506667
0.506668
0.506668
0.506669
0.50667
0.506671
0.506672
0.506672
0.506673
0.506674
0.506675
0.506676
0.506677
0.506678
0.506678
0.506679
0.50668
0.506681
0.506682
0.506683
0.506684
0.506685
0.506686
0.506687
0.506688
0.506689
0.50669
0.506691
0.506692
0.506693
0.506694
0.506695
0.506696
0.506698
0.506699
0.5067
0.506701
0.506703
0.506704
0.506705
0.506707
0.506708
0.506709
0.50671
0.506712
0.506713
0.506714
0.506716
0.506717
0.506718
0.50672
0.506721
0.506722
0.506724
0.506725
0.506726
0.506728
0.506729
0.50673
0.506732
0.506733
0.506734
0.506736
0.506737
0.506738
0.50674
0.506741
0.506742
0.506743
0.506745
0.506746
0.506747
0.506748
0.506749
0.506751
0.506752
0.506753
0.506754
0.506755
0.506756
0.506757
0.506758
0.506759
0.50676
0.506761
0.506762
0.506763
0.506764
0.506765
0.506766
0.506767
0.506768
0.506769
0.50677
0.506771
0.506771
0.506772
0.506773
0.506774
0.506774
0.506775
0.506776
0.506777
0.506778
0.506778
0.506779
0.50678
0.50678
0.506781
0.506782
0.506782
0.506783
0.506784
0.506785
0.506785
0.506786
0.506787
0.506787
0.506788
0.506789
0.50679
0.50679
0.506791
0.506792
0.506792
0.506793
0.506793
0.506794
0.506795
0.506795
0.506796
0.506796
0.506797
0.506798
0.506798
0.506799
0.5068
0.5068
0.506801
0.506802
0.506802
0.506803
0.506804
0.506804
0.506805
0.506806
0.506806
0.506807
0.506807
0.506808
0.506809
0.506809
0.50681
0.506811
0.506811
0.506812
0.506813
0.506813
0.506814
0.506814
0.506815
0.506815
0.506816
0.506816
0.506817
0.506817
0.506817
0.506818
0.506818
0.506819
0.506819
0.506819
0.50682
0.50682
0.506821
0.506821
0.506821
0.506822
0.506822
0.506823
0.506823
0.506823
0.506824
0.506824
0.506825
0.506825
0.506825
0.506826
0.506826
0.506827
0.506827
0.506827
0.506828
0.506828
0.506828
0.506829
0.506829
0.506829
0.50683
0.50683
0.50683
0.506831
0.506831
0.506831
0.506831
0.506832
0.506832
0.506832
0.506832
0.506832
0.506833
0.506833
0.506833
0.506833
0.506833
0.506833
0.506833
0.506833
0.506833
0.506833
0.506833
0.506833
0.506833
0.506833
0.506833
0.506833
0.506833
0.506833
0.506833
0.506833
0.506833
0.506833
0.506833
0.506833
0.506833
0.506833
0.506833
0.506833
0.506833
0.506833
0.506833
0.506833
0.506833
0.506843
0.506853
0.506857
0.506864
0.50687
0.506873
0.50688
0.506884
0.506891
0.506891
0.506888
0.506891
0.506891
0.506892
0.506892
0.506892
0.506893
0.506897
0.5069
0.506903
0.506906
0.506906
0.506909
0.506916
0.506919
0.506916
0.506916
0.506919
0.506915
0.506915
0.506908
0.506905
0.506898
0.506892
0.506879
0.506869
0.506856
0.506856
0.506844
0.506827
0.506815
0.506805
0.506786
0.506769
0.506748
0.506727
0.506702
0.506685
0.506663
0.506639
0.506622
0.5066
0.506579
0.506561
0.506536
0.506522
0.506503
0.506481
0.506459
0.506437
0.506417
0.506394
0.506371
0.506348
0.506326
0.506312
0.506289
0.506268
0.506248
0.506228
0.506204
0.506183
0.506158
0.506134
0.50611
0.506088
0.506064
0.506039
0.506018
0.506
0.505975
0.505946
0.505921
0.505896
0.50587
0.505844
0.505822
0.505791
0.505769
0.50574
0.505708
0.505679
0.505649
0.505617
0.505584
0.505558
0.505531
0.505502
0.505466
0.505434
0.505406
0.505373
0.505334
0.505302
0.505273
0.505243
0.505216
0.505193
0.505162
0.505129
0.505096
0.505066
0.505045
0.50502
0.504994
0.504972
0.504945
0.50492
0.504897
0.504873
0.504856
0.504837
0.50482
0.504801
0.50478
0.504753
0.504731
0.504713
0.504696
0.504674
0.504662
0.504646
0.504629
0.504606
0.50458
0.504557
0.504526
0.504505
0.504484
0.504461
0.504443
0.504418
0.504392
0.504366
0.504343
0.504327
0.504302
0.504282
0.504263
0.504239
0.504217
0.504194
0.504175
0.504153
0.504134
0.50411
0.504093
0.504069
0.504049
0.504036
0.504021
0.504009
0.503995
0.503976
0.503965
0.503947
0.50393
0.503925
0.503913
0.503911
0.503896
0.503884
0.503876
0.503863
0.503853
0.503841
0.503829
0.503823
0.503816
0.503806
0.503801
0.503792
0.503786
0.503779
0.50377
0.503767
0.503757
0.503753
0.503735
0.503726
0.503717
0.503712
0.503716
0.503714
0.503711
0.503702
0.503695
0.503686
0.503675
0.503665
0.503663
0.503661
0.503657
0.50366
0.503662
0.503663
0.503673
0.503681
0.503684
0.503686
0.503693
0.5037
0.503704
0.503711
0.503718
0.503727
0.503737
0.503749
0.50376
0.503779
0.503798
0.503826
0.503854
0.503894
0.503935
0.503978
0.50402
0.504058
0.504098
0.504138
0.504173
0.504199
0.504227
0.504247
0.504263
0.504275
0.504286
0.504301
0.504311
0.504319
0.50433
0.504338
0.504348
0.504355
0.504367
0.504375
0.50438
0.504387
0.504393
0.504402
0.504404
0.504409
0.50441
0.504411
0.504414
0.50442
0.504423
0.504428
0.504433
0.50444
0.504443
0.504453
0.504462
0.504475
0.504485
0.504498
0.504508
0.504523
0.504538
0.504549
0.50456
0.504571
0.504581
0.504597
0.504613
0.504627
0.50464
0.50465
0.504661
0.504673
0.504686
0.504699
0.504713
0.50472
0.504729
0.504742
0.504759
0.504772
0.504785
0.504795
0.504804
0.504811
0.504824
0.504834
0.504848
0.504858
0.504869
0.504876
0.504881
0.504892
0.504902
0.504906
0.504918
0.504922
0.504927
0.504935
0.504943
0.504944
0.50495
0.504951
0.504958
0.504964
0.504961
0.504964
0.504967
0.50497
0.504967
0.504967
0.50496
0.504944
0.504933
0.50493
0.504923
0.504918
0.504915
0.504906
0.504903
0.5049
0.504894
0.504894
0.504889
0.504885
0.50488
0.504877
0.504875
0.504871
0.504872
0.504873
0.504862
0.50486
0.504854
0.504845
0.504831
0.504818
0.504815
0.504801
0.504788
0.504782
0.504778
0.504769
0.504762
0.50475
0.50474
0.504727
0.504721
0.504708
0.504694
0.504682
0.504673
0.504666
0.504657
0.504652
0.504648
0.504643
0.504634
0.504628
0.504622
0.504613
0.504609
0.504606
0.504609
0.5046
0.5046
0.504596
0.504593
0.504586
0.504579
0.504569
0.50456
0.50456
0.504561
0.504565
0.504564
0.50457
0.504571
0.504565
0.504559
0.504555
0.504542
0.504534
0.504535
0.504535
0.50453
0.504531
0.504528
0.504527
0.504521
0.504516
0.504513
0.504507
0.504507
0.504506
0.50451
0.504508
0.504508
0.504506
0.504504
0.504495
0.50448
0.504471
0.504464
0.504461
0.504457
0.504452
0.504444
0.504442
0.504431
0.50442
0.504406
0.504399
0.504391
0.504384
0.504371
0.504357
0.504344
0.50433
0.504313
0.504297
0.504287
0.504277
0.504267
0.504257
0.504251
0.504244
0.504231
0.504215
0.504202
0.504189
0.504179
0.50417
0.504155
0.504146
0.504131
0.504119
0.504105
0.504092
0.504075
0.504059
0.504052
0.504038
0.504028
0.504018
0.504006
0.503989
0.503973
0.503956
0.50394
0.503929
0.503919
0.503903
0.503892
0.503876
0.503866
0.503853
0.503844
0.503837
0.503828
0.503823
0.503816
0.503819
0.503812
0.503809
0.503806
0.503802
0.503796
0.503786
0.503786
0.503785
0.503785
0.503778
0.503775
0.503782
0.503772
0.503765
0.503762
0.503765
0.503761
0.50376
0.50376
0.503762
0.503765
0.503767
0.503773
0.503778
0.503783
0.503786
0.503791
0.503799
0.503807
0.503816
0.503827
0.503831
0.503838
0.503845
0.503853
0.503858
0.503869
0.503877
0.503884
0.50389
0.503898
0.503905
0.503909
0.503909
0.50392
0.503927
0.503933
0.503939
0.503943
0.503952
0.503956
0.503962
0.503976
0.503983
0.503986
0.503993
0.504003
0.504006
0.504013
0.504016
0.504019
0.504022
0.504025
0.504028
0.504031
0.504031
0.50403
0.50403
0.504033
0.504036
0.504039
0.504038
0.504035
0.504038
0.504041
0.504044
0.504044
0.504047
0.50405
0.504053
0.504059
0.504062
0.504065
0.504072
0.504078
0.504084
0.50409
0.5041
0.504106
0.504113
0.504125
0.504128
0.504137
0.50414
0.504146
0.504154
0.504161
0.504172
0.504175
0.504181
0.504191
0.504203
0.504209
0.504218
0.504224
0.504233
0.504236
0.504245
0.504251
0.504261
0.504264
0.504267
0.504271
0.504273
0.504276
0.504275
0.504281
0.504283
0.504286
0.504288
0.504294
0.504302
0.504308
0.504314
0.50432
0.504329
0.504332
0.504331
0.504331
0.50433
0.504336
0.504338
0.504341
0.504343
0.504348
0.504353
0.504358
0.504364
0.504369
0.504378
0.504383
0.504385
0.504387
0.504394
0.504399
0.504397
0.504399
0.5044
0.504402
0.504409
0.504407
0.504418
0.504423
0.504424
0.504422
0.50442
0.504421
0.504419
0.504416
0.504414
0.504415
0.504415
0.504416
0.50442
0.504424
0.504425
0.504423
0.504423
0.50442
0.504421
0.504418
0.504414
0.504418
0.504419
0.504416
0.504416
0.504414
0.504408
0.504393
0.504391
0.504382
0.50437
0.504364
0.504359
0.50435
0.50435
0.504349
0.504342
0.504337
0.504329
0.504327
0.504322
0.504317
0.50431
0.504309
0.5043
0.504304
0.504299
0.504294
0.504293
0.50429
0.504285
0.50428
0.504272
0.504269
0.504264
0.504256
0.50425
0.504242
0.504234
0.504226
0.504218
0.504213
0.504207
0.504203
0.504192
0.504181
0.504177
0.504169
0.504161
0.504156
0.504149
0.504141
0.504137
0.50413
0.504116
0.504109
0.504104
0.5041
0.504093
0.504096
0.504092
0.504088
0.504075
0.504065
0.504051
0.504047
0.504037
0.504028
0.504024
0.504016
0.50401
0.504006
0.503994
0.503983
0.503967
0.503956
0.50395
0.503946
0.503937
0.503936
0.503929
0.503928
0.503924
0.503912
0.503908
0.503899
0.503898
0.5039
0.503899
0.5039
0.503905
0.503909
0.503909
0.503912
0.503911
0.503904
0.503903
0.503904
0.503908
0.503905
0.503903
0.503903
0.503895
0.503902
0.503902
0.5039
0.5039
0.5039
0.503901
0.503904
0.503904
0.503911
0.503914
0.503916
0.503922
0.503931
0.503937
0.503941
0.50395
0.503955
0.503962
0.503971
0.503977
0.503983
0.503989
0.503996
0.504006
0.504011
0.504018
0.50402
0.504025
0.504027
0.504034
0.504037
0.504042
0.504047
0.504051
0.504053
0.504052
0.504057
0.50406
0.504055
0.504055
0.504061
0.504061
0.50406
0.504059
0.50406
0.50406
0.504059
0.504061
0.504061
0.504063
0.504072
0.504075
0.504078
0.504082
0.504081
0.504087
0.504093
0.504099
0.504107
0.504112
0.504114
0.504119
0.504124
0.504135
0.504137
0.504148
0.50415
0.504159
0.504164
0.504169
0.50418
0.504185
0.504187
0.504196
0.504205
0.504211
0.504209
0.504219
0.504232
0.504243
0.504255
0.504264
0.504273
0.504292
0.504311
0.50433
0.504346
0.504352
0.50436
0.50438
0.504393
0.504412
0.504428
0.504442
0.504454
0.504474
0.504487
0.504502
0.504515
0.504526
0.504541
0.504552
0.504567
0.504583
0.504599
0.504611
0.504627
0.504639
0.504648
0.504664
0.504673
0.504686
0.504693
0.504698
0.504709
0.504722
0.504731
0.504742
0.50475
0.504761
0.504769
0.504777
0.504787
0.504797
0.504797
0.504805
0.504817
0.504819
0.504828
0.504828
0.504833
0.504833
0.504839
0.504836
0.504845
0.504844
0.504853
0.504866
0.504876
0.504885
0.504892
0.504905
0.504915
0.504928
0.504934
0.50495
0.50496
0.504976
0.504986
0.504996
0.505003
0.505013
0.505023
0.505032
0.505043
0.505052
0.505073
0.505087
0.505096
0.50511
0.505124
0.505135
0.505143
0.505154
0.505162
0.505172
0.505186
0.505205
0.505212
0.505227
0.505239
0.505248
0.505251
0.505261
0.505271
0.505284
0.505296
0.505314
0.505327
0.505346
0.505356
0.505368
0.505377
0.50539
0.505407
0.505417
0.505431
0.50545
0.505469
0.505482
0.505499
0.50551
0.505521
0.505538
0.505552
0.505563
0.505581
0.505597
0.505611
0.505627
0.505641
0.505661
0.505677
0.505691
0.50571
0.505723
0.505742
0.505756
0.505778
0.505794
0.505811
0.505834
0.505851
0.505865
0.505874
0.505891
0.505902
0.505909
0.505926
0.505942
0.505963
0.505983
0.505998
0.506015
0.506033
0.50605
0.506064
0.506075
0.506092
0.506107
0.506131
0.506151
0.506165
0.506189
0.506209
0.506223
0.506244
0.506261
0.506278
0.506296
0.506321
0.506341
0.506369
0.506395
0.506415
0.506432
0.506455
0.506471
0.506492
0.506515
0.506532
0.506555
0.506575
0.5066
0.506625
0.50665
0.506675
0.506702
0.506726
0.506755
0.506778
0.506801
0.506831
0.506854
0.506874
0.5069
0.50692
0.506939
0.506963
0.50699
0.507025
0.507067
0.507101
0.507139
0.507172
0.507206
0.507242
0.507279
0.507312
0.507341
0.507374
0.50745
0.507489
0.507531
0.507621
0.507661
0.507704
0.507745
0.507785
0.507827
0.50787
0.507918
0.50796
0.508005
0.508045
0.508086
0.508132
0.508169
0.508204
0.508234
0.508269
0.508307
0.508346
0.50838
0.508413
0.508446
0.50848
0.508518
0.508548
0.508585
0.508618
0.508654
0.50869
0.508723
0.508762
0.508797
0.508833
0.508866
0.508898
0.508934
0.508962
0.508991
0.509023
0.509051
0.509075
0.509102
0.509137
0.509168
0.509195
0.509225
0.509258
0.509288
0.509322
0.509354
0.509383
0.509413
0.509442
0.509469
0.509495
0.509522
0.509551
0.509578
0.509601
0.509623
0.509649
0.50967
0.509693
0.509708
0.509725
0.50974
0.509758
0.509772
0.509784
0.509793
0.509804
0.509813
0.509821
0.509826
0.509831
0.509835
0.509842
0.509847
0.509851
0.509861
0.509867
0.509874
0.509884
0.509893
0.509905
0.509912
0.509921
0.509933
0.509939
0.509948
0.509951
0.509956
0.509959
0.509956
0.509955
0.509948
0.509944
0.509937
0.50993
0.509924
0.509911
0.509904
0.509892
0.509884
0.509878
0.509868
0.509856
0.509849
0.50984
0.509833
0.509823
0.509817
0.509813
0.509813
0.509812
0.509814
0.509813
0.509818
0.509821
0.509824
0.509829
0.509837
0.509839
0.509843
0.509848
0.509853
0.509859
0.509864
0.509866
0.50987
0.509877
0.509879
0.509886
0.509888
0.509892
0.509896
0.509898
0.509904
0.50991
0.509914
0.509921
0.509926
0.509934
0.509939
0.509946
0.509949
0.509962
0.509965
0.509978
0.509987
0.509995
0.510004
0.510013
0.510025
0.510031
0.510044
0.51005
0.510058
0.510064
0.510074
0.510081
0.510089
0.510097
0.510101
0.510107
0.510118
0.510124
0.510135
0.510147
0.510159
0.51017
0.510183
0.510192
0.510207
0.51022
0.510232
0.510248
0.51026
0.510276
0.510291
0.510306
0.510322
0.510337
0.510354
0.51037
0.510389
0.510403
0.51042
0.510431
0.510443
0.510456
0.510465
0.510474
0.51048
0.51049
0.510501
0.510507
0.510514
0.510519
0.510527
0.510532
0.510535
0.510543
0.510545
0.510549
0.51055
0.510554
0.510558
0.510557
0.510558
0.51056
0.510555
0.51056
0.510561
0.510562
0.510564
0.510565
0.510561
0.510557
0.510557
0.510556
0.510551
0.510545
0.51054
0.510513
0.510505
0.510494
0.510487
0.51048
0.510475
0.510463
0.510459
0.510452
0.510446
0.510432
0.510427
0.510413
0.510407
0.510397
0.510383
0.510369
0.51035
0.510332
0.510317
0.510303
0.510284
0.510266
0.510244
0.510225
0.510204
0.510184
0.510161
0.510137
0.510113
0.510088
0.510071
0.510044
0.510022
0.509999
0.509975
0.509943
0.509918
0.509889
0.509859
0.509831
0.509796
0.50976
0.509723
0.509697
0.509661
0.509627
0.509584
0.509546
0.509507
0.509469
0.509435
0.509397
0.509365
0.50932
0.509275
0.509237
0.509199
0.509157
0.509119
0.509081
0.509043
0.509006
0.508973
0.508939
0.508905
0.508875
0.508845
0.508816
0.508783
0.508759
0.508726
0.508696
0.508666
0.508639
0.508607
0.508579
0.508554
0.508524
0.508493
0.508459
0.50843
0.508397
0.508361
0.508326
0.508293
0.508263
0.50823
0.508194
0.508157
0.508123
0.508087
0.508054
0.508016
0.507972
0.507925
0.507882
0.507834
0.507792
0.507746
0.507705
0.50766
0.507615
0.507576
0.507526
0.507481
0.507438
0.50739
0.507345
0.507298
0.507247
0.507204
0.507156
0.507107
0.507059
0.50701
0.506959
0.506905
0.506853
0.506797
0.506745
0.506689
0.506633
0.506582
0.506532
0.506478
0.506435
0.506392
0.506352
0.506314
0.506274
0.506236
0.506199
0.506167
0.506141
0.506114
0.506088
0.506067
0.506052
0.506036
0.506027
0.506017
0.50601
0.506008
0.506005
0.506006
0.50601
0.506018
0.506024
0.50603
0.506041
0.506049
0.506063
0.506071
0.506085
0.506099
0.506103
0.506114
0.506121
0.506131
0.506138
0.506141
0.506148
0.506148
0.506155
0.506155
0.506155
0.506158
0.506158
0.506156
0.50615
0.506148
0.506141
0.506135
0.506133
0.506124
0.506118
0.506118
0.506112
0.506106
0.5061
0.506096
0.50609
0.506086
0.506078
0.506073
0.506069
0.506064
0.506062
0.50606
0.506058
0.506055
0.506056
0.506053
0.506057
0.506054
0.506059
0.506063
0.506064
0.506068
0.50607
0.506071
0.506077
0.506084
0.506088
0.506094
0.506104
0.506113
0.506124
0.506137
0.506146
0.506155
0.506163
0.506177
0.506188
0.506201
0.506214
0.50623
0.506247
0.506267
0.506283
0.506304
0.506321
0.506341
0.506357
0.506379
0.5064
0.506422
0.506446
0.506479
0.506503
0.506531
0.506556
0.506577
0.506604
0.506631
0.506657
0.506685
0.506717
0.506742
0.50677
0.506804
0.506835
0.506868
0.506901
0.506931
0.506965
0.506995
0.507026
0.507054
0.507088
0.507118
0.50716
0.507196
0.507234
0.507275
0.507304
0.507337
0.50737
0.507411
0.507445
0.507481
0.507513
0.507554
0.507592
0.507632
0.507669
0.507702
0.507739
0.507773
0.507808
0.507842
0.507877
0.507909
0.507944
0.507976
0.508017
0.508051
0.508082
0.508123
0.508158
0.508193
0.508221
0.50825
0.508273
0.508298
0.508322
0.508351
0.50838
0.508411
0.508434
0.508444
0.508469
0.508489
0.50851
0.508533
0.508577
0.508594
0.508614
0.508634
0.508658
0.508681
0.508697
0.508708
0.508718
0.508736
0.508748
0.508758
0.508766
0.508777
0.508778
0.508782
0.508781
0.508778
0.508767
0.508766
0.50877
0.508778
0.508779
0.508769
0.508751
0.508737
0.508721
0.508708
0.508703
0.508693
0.508675
0.508649
0.508625
0.508603
0.508588
0.508565
0.508537
0.50851
0.508492
0.508472
0.508445
0.508418
0.50839
0.508368
0.508353
0.508326
0.508291
0.508266
0.508265
0.508273
0.508265
0.508264
0.508279
0.508299
0.508314
0.508332
0.508337
0.508351
0.508375
0.508385
0.508382
0.508383
0.508387
0.508375
0.508353
0.508332
0.508313
0.508293
0.50827
0.508244
0.508229
0.50822
0.508193
0.508173
0.50815
0.508129
0.508096
0.508066
0.50804
0.508011
0.507968
0.507912
0.507864
0.507817
0.507768
0.507711
0.507647
0.507588
0.507523
0.507464
0.507395
0.507336
0.507274
0.507204
0.507131
0.50706
0.507013
0.506946
0.506878
0.506805
0.50674
0.506676
0.506612
0.506543
0.506485
0.506422
0.506346
0.506273
0.506217
0.506153
0.506092
0.50603
0.505978
0.505919
0.505858
0.505797
0.505745
0.505706
0.505681
0.505625
0.50558
0.505536
0.505493
0.505454
0.505431
0.505406
0.505377
0.505346
0.505333
0.50531
0.50529
0.505284
0.505283
0.505277
0.505282
0.505285
0.505283
0.505298
0.505323
0.505334
0.505356
0.505383
0.505432
0.505459
0.505495
0.505527
0.505548
0.50559
0.505629
0.505659
0.505702
0.505746
0.505784
0.505841
0.505877
0.50592
0.505965
0.506005
0.506054
0.506112
0.506148
0.506198
0.506237
0.506289
0.506358
0.506412
0.506461
0.506533
0.506581
0.506634
0.506682
0.506734
0.50679
0.506831
0.50689
0.506953
0.506999
0.507066
0.507123
0.507171
0.507202
0.507241
0.507293
0.507343
0.507375
0.507419
0.507459
0.507492
0.507529
0.507584
0.507621
0.507662
0.507704
0.50775
0.507782
0.507829
0.507868
0.507906
0.507947
0.50799
0.508022
0.508064
0.508099
0.508133
0.508166
0.508208
0.508234
0.508271
0.508328
0.508368
0.508399
0.508436
0.508467
0.508501
0.508546
0.508595
0.508622
0.508656
0.508698
0.50873
0.508763
0.508809
0.508849
0.508873
0.508913
0.50896
0.509003
0.509047
0.509095
0.509141
0.509171
0.509214
0.509261
0.509315
0.509379
0.509426
0.50948
0.509532
0.509597
0.509652
0.509706
0.509776
0.509849
0.509917
0.50997
0.510023
0.510089
0.510149
0.510217
0.510284
0.510345
0.51041
0.510475
0.510538
0.510596
0.510652
0.510712
0.510774
0.510823
0.510876
0.510936
0.510985
0.511035
0.511081
0.51112
0.511165
0.511208
0.511251
0.511299
0.511332
0.511366
0.511413
0.511455
0.511493
0.511522
0.511552
0.511597
0.511637
0.51167
0.511703
0.511742
0.511779
0.511823
0.511853
0.511882
0.511927
0.511958
0.511992
0.512026
0.512059
0.512097
0.51213
0.51216
0.512189
0.512215
0.512251
0.512286
0.512311
0.512335
0.512362
0.512385
0.512412
0.512444
0.51247
0.512491
0.512521
0.512545
0.512572
0.512595
0.512615
0.512643
0.512658
0.512679
0.512697
0.512728
0.512744
0.512765
0.512789
0.512815
0.512835
0.512859
0.51288
0.512901
0.512926
0.512949
0.512968
0.512973
0.512978
0.512983
0.512988
0.512993
0.512998
0.513003
0.513008
0.513013
0.513018
0.513023
0.513028
0.513032
0.513037
0.513042
0.513047
0.513051
0.513056
0.51306
0.513065
0.513069
0.513074
0.513078
0.513083
0.513087
0.513092
0.513096
0.5131
0.513105
0.513109
0.513113
0.513118
0.513122
0.513127
0.513131
0.513135
0.51314
0.513144
0.513148
0.513153
0.513157
0.513161
0.513166
0.51317
0.513174
0.513179
0.513183
0.513187
0.513191
0.513196
0.5132
0.513204
0.513209
0.513213
0.513217
0.513221
0.513226
0.51323
0.513234
0.513238
0.513242
0.513246
0.51325
0.513254
0.513258
0.513262
0.513265
0.513269
0.513273
0.513276
0.51328
0.513284
0.513287
0.513291
0.513294
0.513297
0.513301
0.513304
0.513307
0.51331
0.513313
0.513316
0.513319
0.513322
0.513325
0.513328
0.513331
0.513334
0.513336
0.513339
0.513341
0.513344
0.513346
0.513349
0.513351
0.513354
0.513356
0.513358
0.51336
0.513362
0.513365
0.513367
0.513369
0.513371
0.513373
0.513375
0.513377
0.513379
0.513381
0.513383
0.513385
0.513386
0.513388
0.51339
0.513392
0.513394
0.513395
0.513397
0.513399
0.5134
0.513402
0.513404
0.513405
0.513407
0.513409
0.51341
0.513412
0.513413
0.513415
0.513416
0.513418
0.513419
0.513421
0.513422
0.513424
0.513425
0.513427
0.513428
0.51343
0.513431
0.513433
0.513434
0.513436
0.513438
0.51344
0.513441
0.513443
0.513445
0.513447
0.513448
0.51345
0.513452
0.513454
0.513456
0.513457
0.513459
0.513461
0.513463
0.513464
0.513466
0.513468
0.51347
0.513471
0.513473
0.513475
0.513477
0.513478
0.51348
0.513481
0.513483
0.513485
0.513486
0.513488
0.51349
0.513491
0.513493
0.513494
0.513496
0.513498
0.513499
0.513501
0.513502
0.513504
0.513506
0.513507
0.513509
0.513511
0.513512
0.513514
0.513515
0.513517
0.513518
0.51352
0.513522
0.513523
0.513525
0.513526
0.513528
0.513529
0.513531
0.513532
0.513534
0.513535
0.513536
0.513538
0.513539
0.51354
0.513542
0.513543
0.513544
0.513546
0.513547
0.513548
0.51355
0.513551
0.513552
0.513553
0.513555
0.513556
0.513557
0.513558
0.51356
0.513561
0.513562
0.513563
0.513565
0.513566
0.513567
0.513569
0.51357
0.513571
0.513573
0.513574
0.513575
0.513577
0.513578
0.51358
0.513581
0.513582
0.513584
0.513585
0.513587
0.513588
0.51359
0.513591
0.513592
0.513594
0.513595
0.513597
0.513598
0.513599
0.513601
0.513602
0.513604
0.513605
0.513607
0.513608
0.513609
0.513611
0.513612
0.513614
0.513615
0.513616
0.513618
0.513619
0.513621
0.513622
0.513623
0.513624
0.513626
0.513627
0.513628
0.51363
0.513631
0.513632
0.513634
0.513635
0.513636
0.513637
0.513639
0.51364
0.513641
0.513642
0.513643
0.513644
0.513645
0.513646
0.513647
0.513648
0.513649
0.51365
0.513651
0.513652
0.513653
0.513654
0.513654
0.513655
0.513656
0.513657
0.513658
0.513659
0.51366
0.51366
0.513661
0.513662
0.513663
0.513664
0.513665
0.513666
0.513667
0.513667
0.513668
0.513669
0.51367
0.513671
0.513672
0.513673
0.513674
0.513674
0.513675
0.513676
0.513677
0.513678
0.513679
0.51368
0.51368
0.513681
0.513682
0.513683
0.513684
0.513685
0.513686
0.513687
0.513688
0.513688
0.513689
0.51369
0.513691
0.513692
0.513693
0.513693
0.513694
0.513695
0.513696
0.513696
0.513697
0.513698
0.513699
0.513699
0.5137
0.513701
0.513702
0.513702
0.513703
0.513704
0.513704
0.513705
0.513706
0.513706
0.513707
0.513707
0.513708
0.513709
0.513709
0.51371
0.513711
0.513711
0.513712
0.513713
0.513713
0.513714
0.513715
0.513715
0.513716
0.513717
0.513717
0.513718
0.513719
0.51372
0.51372
0.513721
0.513722
0.513723
0.513723
0.513724
0.513725
0.513726
0.513726
0.513727
0.513728
0.513729
0.513729
0.51373
0.513731
0.513732
0.513733
0.513733
0.513734
0.513735
0.513736
0.513736
0.513737
0.513738
0.513739
0.513739
0.51374
0.513741
0.513741
0.513742
0.513742
0.513743
0.513744
0.513744
0.513745
0.513745
0.513746
0.513746
0.513747
0.513747
0.513748
0.513748
0.513749
0.513749
0.51375
0.513751
0.513751
0.513752
0.513753
0.513754
0.513754
0.513755
0.513756
0.513757
0.513758
0.513758
0.513759
0.51376
0.513761
0.513761
0.513762
0.513763
0.513764
0.513764
0.513765
0.513766
0.513767
0.513768
0.513768
0.513769
0.51377
0.513771
0.513772
0.513772
0.513773
0.513774
0.513775
0.513775
0.513776
0.513777
0.513778
0.513778
0.513779
0.51378
0.513781
0.513781
0.513782
0.513783
0.513784
0.513784
0.513785
0.513786
0.513787
0.513787
0.513788
0.513789
0.51379
0.51379
0.513791
0.513792
0.513792
0.513793
0.513793
0.513794
0.513794
0.513794
0.513795
0.513795
0.513795
0.513795
0.513796
0.513796
0.513796
0.513796
0.513796
0.513797
0.513797
0.513797
0.513797
0.513797
0.513797
0.513798
0.513798
0.513798
0.513798
0.513798
0.513798
0.513798
0.513798
0.513798
0.513798
0.513798
0.513798
0.513798
0.513798
0.513798
0.513798
0.513798
0.513799
0.513799
0.513799
0.513799
0.513799
0.513799
0.513799
0.513799
0.513799
0.513799
0.513799
0.513799
0.513799
0.513799
0.513799
0.513799
0.5138
0.5138
0.5138
0.513801
0.513801
0.513801
0.513802
0.513802
0.513802
0.513802
0.513802
0.513803
0.513803
0.513803
0.513803
0.513803
0.513804
0.513804
0.513804
0.513804
0.513805
0.513805
0.513805
0.513806
0.513806
0.513806
0.513807
0.513807
0.513807
0.513807
0.513808
0.513808
0.513808
0.513809
0.513809
0.513809
0.513809
0.51381
0.51381
0.51381
0.51381
0.513811
0.513811
0.513811
0.513811
0.513812
0.513812
0.513812
0.513812
0.513813
0.513813
0.513813
0.513813
0.513814
0.513814
0.513814
0.513814
0.513814
0.513814
0.513815
0.513815
0.513815
0.513815
0.513815
0.513815
0.513815
0.513815
0.513815
0.513815
0.513815
0.513815
0.513815
0.513815
0.513815
0.513815
0.513816
0.513816
0.513816
0.513816
0.513816
0.513816
0.513816
0.513816
0.513816
0.513816
0.513816
0.513816
0.513816
0.513816
0.513817
0.513817
0.513817
0.513817
0.513817
0.513817
0.513817
0.513817
0.513818
0.513818
0.513818
0.513818
0.513818
0.513819
0.513819
0.513819
0.513819
0.513819
0.51382
0.51382
0.51382
0.51382
0.513821
0.513821
0.513821
0.513822
0.513822
0.513822
0.513822
0.513823
0.513823
0.513823
0.513824
0.513824
0.513824
0.513825
0.513825
0.513825
0.513826
0.513826
0.513827
0.513827
0.513827
0.513828
0.513828
0.513828
0.513829
0.513829
0.513829
0.51383
0.51383
0.51383
0.513831
0.513831
0.513831
0.513832
0.513832
0.513832
0.513833
0.513833
0.513833
0.513834
0.513834
0.513834
0.513834
0.513835
0.513835
0.513835
0.513835
0.513836
0.513836
0.513836
0.513836
0.513836
0.513836
0.513836
0.513837
0.513837
0.513837
0.513837
0.513837
0.513837
0.513837
0.513837
0.513837
0.513837
0.513837
0.513837
0.513837
0.513837
0.513837
0.513837
0.513837
0.513837
0.513837
0.513837
0.513837
0.513837
0.513837
0.513837
0.513837
0.513837
0.513837
0.513837
0.513837
0.513837
0.513837
0.513837
0.513836
0.513836
0.513836
0.513836
0.513836
0.513836
0.513836
0.513848
0.513858
0.513863
0.513872
0.513882
0.513892
0.513904
0.513914
0.513919
0.513931
0.513945
0.513955
0.513976
0.513995
0.514009
0.514026
0.51404
0.514057
0.514065
0.514076
0.51409
0.514101
0.514119
0.514136
0.514149
0.514169
0.514211
0.514227
0.514252
0.514278
0.514295
0.514307
0.514334
0.514357
0.514373
0.514392
0.514415
0.514437
0.514449
0.514468
0.51447
0.514492
0.514507
0.514516
0.514531
0.514549
0.514568
0.51459
0.514605
0.51463
0.514645
0.51466
0.514679
0.514693
0.514702
0.514712
0.51472
0.514736
0.514745
0.514757
0.514776
0.514791
0.514807
0.514825
0.514837
0.514855
0.514867
0.514887
0.514904
0.514924
0.514944
0.514966
0.514985
0.515006
0.515028
0.51505
0.515078
0.515096
0.515121
0.515142
0.515164
0.515179
0.5152
0.515219
0.51524
0.515268
0.515294
0.515321
0.515346
0.515371
0.515399
0.51542
0.515448
0.515466
0.515485
0.515512
0.515531
0.515552
0.515573
0.515595
0.515619
0.515641
0.515669
0.515691
0.515716
0.515737
0.515762
0.515781
0.515799
0.515815
0.515827
0.515839
0.515848
0.515853
0.515861
0.51587
0.515881
0.51589
0.515898
0.515906
0.515917
0.515925
0.515926
0.515928
0.515932
0.51594
0.515938
0.515943
0.515944
0.515948
0.515953
0.515958
0.515962
0.515973
0.515984
0.515996
0.516004
0.516011
0.516022
0.51603
0.516034
0.516042
0.516044
0.516051
0.516055
0.516063
0.516067
0.516073
0.516077
0.516081
0.516085
0.516088
0.516087
0.516085
0.516084
0.516079
0.516075
0.516072
0.516069
0.516059
0.516059
0.516056
0.516052
0.516042
0.516033
0.516025
0.516018
0.516005
0.515992
0.515982
0.515972
0.515956
0.51595
0.515934
0.515921
0.515906
0.515892
0.515872
0.515856
0.515836
0.51582
0.515801
0.515785
0.515768
0.515755
0.515735
0.515708
0.515683
0.51566
0.515631
0.515604
0.515573
0.515539
0.515514
0.515477
0.515425
0.515402
0.51538
0.515354
0.515322
0.515291
0.51526
0.515229
0.515203
0.515178
0.515163
0.515135
0.515107
0.515082
0.515054
0.515007
0.514974
0.514938
0.514908
0.514873
0.514849
0.514825
0.514797
0.514773
0.514742
0.514722
0.514698
0.514674
0.514647
0.514623
0.514602
0.514576
0.514552
0.514532
0.514516
0.514488
0.514468
0.51444
0.514405
0.514377
0.514342
0.514315
0.514285
0.514262
0.514232
0.514212
0.514185
0.514158
0.514131
0.514104
0.51407
0.514039
0.514015
0.513985
0.513957
0.513933
0.513899
0.513865
0.513834
0.513797
0.513766
0.513739
0.513706
0.513672
0.513635
0.513601
0.51356
0.513516
0.513481
0.51344
0.513399
0.513369
0.513327
0.513293
0.513251
0.513209
0.51317
0.513125
0.513085
0.513046
0.513008
0.512969
0.51293
0.512889
0.512843
0.5128
0.512758
0.512716
0.512677
0.512642
0.512606
0.512574
0.512534
0.512491
0.512449
0.512405
0.512369
0.512333
0.512297
0.512262
0.512222
0.512181
0.512148
0.512109
0.512073
0.512049
0.512018
0.511989
0.511953
0.511913
0.511879
0.511839
0.511811
0.511782
0.511752
0.511723
0.511695
0.511662
0.511632
0.511601
0.511577
0.511558
0.511528
0.511509
0.511485
0.511457
0.511426
0.511396
0.511371
0.511344
0.511326
0.511304
0.511285
0.511266
0.511243
0.511228
0.511216
0.511202
0.511192
0.511176
0.511157
0.51114
0.51112
0.511104
0.511093
0.511076
0.511062
0.511048
0.511031
0.511016
0.510996
0.510979
0.510971
0.510956
0.510944
0.510929
0.510909
0.51089
0.510858
0.510842
0.510817
0.510805
0.510786
0.510767
0.510748
0.510727
0.510711
0.510677
0.510666
0.510646
0.510633
0.510617
0.510603
0.510594
0.510582
0.510569
0.510553
0.510536
0.51052
0.510507
0.510491
0.510477
0.510464
0.510458
0.510437
0.510425
0.510412
0.510392
0.510376
0.510368
0.510355
0.510348
0.510337
0.510333
0.510318
0.510311
0.510295
0.510286
0.510278
0.510272
0.510262
0.510252
0.510242
0.510228
0.510221
0.510211
0.510208
0.510205
0.5102
0.510194
0.510182
0.510173
0.510163
0.510147
0.510139
0.510132
0.510129
0.510113
0.510108
0.510095
0.510081
0.510065
0.510056
0.510041
0.510032
0.510017
0.510006
0.509998
0.509984
0.509976
0.509965
0.509962
0.509951
0.509941
0.509931
0.509924
0.509917
0.50991
0.509909
0.509909
0.50991
0.509917
0.509918
0.509923
0.509916
0.509913
0.509913
0.509908
0.509905
0.509909
0.509916
0.509916
0.509924
0.509931
0.509931
0.509937
0.509944
0.509951
0.509953
0.50996
0.509975
0.509989
0.510002
0.510021
0.510031
0.51004
0.510053
0.510066
0.510079
0.510094
0.510112
0.510129
0.510142
0.510158
0.51017
0.510179
0.510195
0.51021
0.510223
0.51024
0.510271
0.510301
0.510337
0.510381
0.510433
0.510477
0.51052
0.510558
0.510598
0.510638
0.510671
0.510698
0.510723
0.510729
0.510739
0.510756
0.510767
0.510772
0.510785
0.510795
0.51081
0.510823
0.510843
0.51086
0.510875
0.510892
0.510907
0.510913
0.51092
0.510927
0.51093
0.510928
0.51093
0.510927
0.510924
0.51092
0.510921
0.510916
0.510915
0.510921
0.510927
0.510927
0.510936
0.510939
0.510943
0.510951
0.510952
0.510954
0.510957
0.510963
0.510968
0.510971
0.510973
0.510981
0.510985
0.510988
0.510998
0.511008
0.511019
0.511026
0.511033
0.511042
0.511056
0.511064
0.511075
0.511092
0.5111
0.511117
0.511136
0.51115
0.511164
0.511179
0.51119
0.511198
0.511193
0.511199
0.511214
0.511213
0.511219
0.511225
0.511228
0.511238
0.511243
0.51125
0.511253
0.511267
0.511274
0.511284
0.511295
0.511306
0.511316
0.511334
0.511352
0.511365
0.511386
0.511404
0.511419
0.511436
0.511454
0.511473
0.511486
0.511504
0.511518
0.511533
0.511543
0.511549
0.511565
0.511574
0.511586
0.511599
0.511609
0.511617
0.511633
0.511643
0.511654
0.511667
0.511676
0.511687
0.511699
0.511706
0.511717
0.511727
0.511741
0.511754
0.511771
0.511785
0.511798
0.511818
0.511831
0.51185
0.511862
0.511875
0.511891
0.511902
0.51191
0.511919
0.511931
0.511939
0.511951
0.511955
0.511963
0.511974
0.511981
0.511989
0.511986
0.512
0.512007
0.51201
0.512016
0.512023
0.512029
0.512042
0.512052
0.512061
0.512067
0.512073
0.512081
0.51209
0.512095
0.512103
0.512111
0.512113
0.512117
0.512125
0.51213
0.512137
0.512148
0.512156
0.512167
0.512177
0.512188
0.512199
0.512205
0.512219
0.512233
0.51225
0.512266
0.512281
0.512298
0.512311
0.512327
0.512345
0.51236
0.512372
0.512386
0.5124
0.512418
0.512432
0.512442
0.512456
0.512469
0.512484
0.512494
0.512511
0.512522
0.512538
0.512549
0.512565
0.512578
0.512594
0.512609
0.512618
0.512634
0.512649
0.512661
0.512677
0.512691
0.512705
0.512722
0.512738
0.512761
0.512787
0.51281
0.512833
0.512854
0.51288
0.512909
0.512928
0.512953
0.512982
0.513009
0.513034
0.513064
0.513098
0.513124
0.51315
0.51318
0.513213
0.513239
0.513269
0.513298
0.513327
0.513359
0.513388
0.513426
0.513461
0.5135
0.513538
0.513576
0.513617
0.513657
0.513696
0.513733
0.513773
0.513812
0.513848
0.513888
0.513935
0.513975
0.514013
0.514056
0.514096
0.514132
0.514172
0.514208
0.514244
0.514287
0.514323
0.514359
0.514402
0.514444
0.514482
0.514525
0.514557
0.514598
0.514641
0.51468
0.514715
0.514756
0.514797
0.514833
0.514868
0.514904
0.514939
0.514977
0.515012
0.515053
0.515094
0.515126
0.515158
0.515195
0.515234
0.515278
0.515313
0.515349
0.515392
0.515424
0.515459
0.515495
0.515528
0.51556
0.515592
0.515623
0.51565
0.515679
0.515712
0.515741
0.515768
0.515799
0.515828
0.515857
0.515885
0.515905
0.515929
0.51595
0.515969
0.515995
0.516023
0.516041
0.516068
0.51609
0.516106
0.516121
0.516133
0.516145
0.516158
0.516177
0.51619
0.516209
0.516229
0.516249
0.51626
0.516276
0.516296
0.516307
0.516331
0.516343
0.516363
0.516382
0.516394
0.516411
0.516423
0.516436
0.516455
0.516475
0.516489
0.516505
0.516522
0.516535
0.51655
0.516563
0.516577
0.51659
0.516607
0.516617
0.516623
0.516633
0.516641
0.516651
0.51666
0.516669
0.516679
0.516692
0.516702
0.516712
0.516717
0.516731
0.516738
0.516741
0.516752
0.516765
0.516774
0.516784
0.516801
0.516813
0.516817
0.516829
0.516843
0.516845
0.516844
0.516845
0.516847
0.516851
0.516851
0.516853
0.516856
0.516861
0.516867
0.516877
0.516883
0.516887
0.51689
0.516896
0.5169
0.516909
0.516912
0.516916
0.516923
0.51693
0.516937
0.516937
0.516941
0.516941
0.516938
0.516932
0.516939
0.51694
0.516944
0.516951
0.516958
0.516973
0.51698
0.516994
0.517005
0.517009
0.51702
0.517032
0.51704
0.51705
0.517058
0.517065
0.51707
0.517081
0.517091
0.517098
0.517107
0.517114
0.517122
0.517126
0.517134
0.517138
0.517139
0.517154
0.517161
0.517163
0.517171
0.517174
0.517178
0.517183
0.517185
0.517194
0.517199
0.5172
0.517222
0.51723
0.517235
0.517247
0.517256
0.517264
0.517273
0.517288
0.517299
0.517309
0.517324
0.517335
0.517352
0.517366
0.51738
0.517396
0.517413
0.517436
0.517456
0.517476
0.517499
0.517524
0.517548
0.517576
0.517601
0.517627
0.517652
0.517684
0.517725
0.517753
0.517779
0.51781
0.517842
0.51787
0.517898
0.517932
0.517957
0.517992
0.518032
0.518057
0.518091
0.518126
0.518163
0.518198
0.518235
0.518268
0.518307
0.518348
0.518381
0.518415
0.518456
0.51849
0.518525
0.518563
0.518603
0.518644
0.518685
0.518729
0.518776
0.518813
0.518854
0.518897
0.518945
0.518987
0.519027
0.519075
0.519119
0.519162
0.519208
0.519248
0.519295
0.519342
0.519386
0.519435
0.51948
0.519525
0.51957
0.519619
0.519666
0.519716
0.519758
0.519805
0.519848
0.519886
0.519933
0.51998
0.520027
0.520077
0.520121
0.520168
0.520215
0.520259
0.520306
0.52035
0.520397
0.520441
0.520481
0.520522
0.520565
0.520614
0.520658
0.520705
0.52075
0.520791
0.52083
0.520877
0.520923
0.520963
0.521015
0.521059
0.521096
0.521126
0.521166
0.5212
0.521235
0.521272
0.521302
0.52133
0.521365
0.521402
0.521436
0.521476
0.521506
0.521537
0.521564
0.521597
0.52163
0.521672
0.521711
0.521745
0.52178
0.521814
0.52185
0.521875
0.521907
0.521941
0.521988
0.522039
0.522084
0.522128
0.52216
0.522193
0.522226
0.522261
0.522294
0.522326
0.522359
0.522385
0.522418
0.522443
0.522467
0.522496
0.522517
0.522547
0.52258
0.522606
0.522632
0.522652
0.522669
0.522677
0.522697
0.522714
0.522733
0.522757
0.522782
0.522803
0.52283
0.522854
0.522877
0.522896
0.52291
0.522925
0.522939
0.522948
0.522953
0.522966
0.522969
0.522967
0.52297
0.522972
0.522976
0.52298
0.522977
0.522977
0.52298
0.522977
0.522968
0.522963
0.52296
0.522953
0.522943
0.522937
0.522927
0.522918
0.522908
0.522893
0.522882
0.52286
0.522837
0.522808
0.522783
0.522757
0.522726
0.522694
0.522665
0.522633
0.522601
0.522565
0.52253
0.522496
0.522463
0.522429
0.522394
0.52236
0.522328
0.522294
0.522263
0.522232
0.522203
0.522175
0.522148
0.522122
0.522098
0.522072
0.522047
0.522021
0.521995
0.521967
0.521944
0.521919
0.52189
0.521864
0.521835
0.521813
0.521787
0.52176
0.521738
0.521718
0.521698
0.521681
0.521663
0.521646
0.521636
0.521626
0.521611
0.521601
0.521592
0.521587
0.521582
0.521578
0.521575
0.521577
0.521576
0.521578
0.521583
0.521588
0.521596
0.521601
0.521609
0.521614
0.521626
0.521631
0.521642
0.521652
0.521664
0.521677
0.521686
0.521699
0.521707
0.521725
0.521742
0.521758
0.521773
0.521789
0.521802
0.521815
0.521824
0.521834
0.521847
0.521857
0.521866
0.521871
0.521884
0.52189
0.521895
0.521901
0.521906
0.521908
0.521913
0.521919
0.521924
0.521924
0.521928
0.521936
0.521937
0.52194
0.521944
0.521946
0.521947
0.52195
0.521954
0.521959
0.521966
0.521967
0.521972
0.521979
0.521985
0.52199
0.521996
0.522004
0.522013
0.522024
0.522033
0.522046
0.522059
0.522074
0.522089
0.522109
0.522126
0.522143
0.522164
0.522187
0.522206
0.522233
0.522253
0.522274
0.522294
0.522311
0.522328
0.522345
0.522362
0.522385
0.52241
0.522431
0.522455
0.522477
0.5225
0.522514
0.522534
0.52256
0.522583
0.522608
0.522625
0.522648
0.522671
0.52269
0.52271
0.522739
0.522759
0.522784
0.522808
0.522833
0.522848
0.522862
0.522881
0.522902
0.522928
0.522949
0.522962
0.522983
0.523002
0.523025
0.523046
0.523056
0.523077
0.523096
0.523116
0.523127
0.523138
0.523162
0.523181
0.523203
0.523213
0.523239
0.523256
0.523274
0.523295
0.523336
0.523374
0.523397
0.523433
0.523462
0.523495
0.523529
0.523562
0.52359
0.523628
0.523658
0.523665
0.523677
0.523706
0.523736
0.523736
0.523743
0.52376
0.52377
0.523782
0.523796
0.523812
0.52381
0.523826
0.523836
0.523853
0.52386
0.523883
0.523884
0.523893
0.523903
0.523914
0.523924
0.523941
0.523948
0.523946
0.523954
0.523957
0.523955
0.52397
0.52397
0.523958
0.523958
0.523964
0.523962
0.523956
0.523958
0.523958
0.523961
0.52396
0.523946
0.523945
0.523954
0.523955
0.523958
0.523967
0.523965
0.523954
0.523963
0.523974
0.523971
0.523984
0.523992
0.523985
0.523996
0.524001
0.524012
0.524042
0.524055
0.524055
0.524061
0.524078
0.524081
0.524098
0.524114
0.52413
0.524149
0.524164
0.524177
0.524203
0.524214
0.524223
0.524245
0.524268
0.524278
0.524299
0.524309
0.524315
0.524325
0.524357
0.524384
0.524378
0.524378
0.524393
0.524401
0.524411
0.524433
0.524454
0.524462
0.524464
0.52447
0.524475
0.524479
0.524494
0.524508
0.524508
0.524508
0.524517
0.52452
0.52452
0.524519
0.524529
0.52453
0.524521
0.524515
0.524514
0.524504
0.524485
0.524476
0.524474
0.524465
0.524443
0.524414
0.524404
0.52439
0.52437
0.524352
0.524341
0.524315
0.524294
0.524275
0.524264
0.524242
0.524209
0.524183
0.524161
0.524141
0.524105
0.524078
0.524052
0.524025
0.523996
0.52396
0.523926
0.523886
0.523857
0.523817
0.523783
0.523754
0.523721
0.523677
0.523636
0.523605
0.523563
0.523518
0.523473
0.523435
0.523394
0.523345
0.523295
0.523257
0.523218
0.523196
0.523156
0.523114
0.523078
0.523042
0.523009
0.522971
0.522949
0.522923
0.522897
0.522867
0.522848
0.52283
0.522803
0.522781
0.522778
0.522771
0.522763
0.522755
0.522748
0.52274
0.522732
0.522725
0.522717
0.522709
0.522701
0.522694
0.522686
0.522679
0.522671
0.522664
0.522656
0.522649
0.522641
0.522634
0.522626
0.522619
0.522611
0.522604
0.522597
0.522589
0.522582
0.522575
0.522568
0.52256
0.522553
0.522546
0.522539
0.522532
0.522525
0.522517
0.52251
0.522503
0.522496
0.522489
0.522482
0.522475
0.522468
0.522461
0.522454
0.522447
0.52244
0.522432
0.522425
0.522418
0.522411
0.522404
0.522397
0.52239
0.522383
0.522375
0.522368
0.522361
0.522354
0.522347
0.522339
0.522332
0.522325
0.522318
0.52231
0.522303
0.522296
0.522288
0.522281
0.522274
0.522266
0.522259
0.522252
0.522244
0.522237
0.52223
0.522222
0.522215
0.522208
0.522201
0.522194
0.522187
0.52218
0.522173
0.522166
0.522159
0.522152
0.522145
0.522138
0.522131
0.522124
0.522117
0.522111
0.522104
0.522097
0.52209
0.522084
0.522077
0.52207
0.522064
0.522057
0.522051
0.522044
0.522038
0.522031
0.522025
0.522018
0.522012
0.522005
0.521999
0.521993
0.521986
0.52198
0.521974
0.521968
0.521961
0.521955
0.521949
0.521943
0.521937
0.521931
0.521925
0.521919
0.521914
0.521908
0.521902
0.521896
0.52189
0.521884
0.521879
0.521873
0.521867
0.521862
0.521856
0.52185
0.521845
0.521839
0.521834
0.521828
0.521823
0.521817
0.521812
0.521806
0.521801
0.521795
0.52179
0.521784
0.521779
0.521773
0.521768
0.521763
0.521757
0.521752
0.521747
0.521742
0.521737
0.521732
0.521727
0.521722
0.521717
0.521712
0.521707
0.521702
0.521697
0.521692
0.521688
0.521683
0.521678
0.521673
0.521668
0.521664
0.521659
0.521654
0.521649
0.521644
0.52164
0.521635
0.52163
0.521626
0.521621
0.521616
0.521612
0.521607
0.521602
0.521598
0.521593
0.521589
0.521584
0.521579
0.521575
0.52157
0.521566
0.521561
0.521557
0.521552
0.521548
0.521543
0.521539
0.521534
0.52153
0.521525
0.521521
0.521516
0.521512
0.521507
0.521503
0.521499
0.521494
0.52149
0.521486
0.521481
0.521477
0.521473
0.521469
0.521465
0.521461
0.521457
0.521453
0.521449
0.521445
0.521441
0.521438
0.521434
0.52143
0.521427
0.521423
0.52142
0.521417
0.521413
0.52141
0.521407
0.521404
0.521401
0.521398
0.521395
0.521392
0.521389
0.521386
0.521384
0.521381
0.521379
0.521376
0.521374
0.521372
0.52137
0.521367
0.521366
0.521364
0.521362
0.52136
0.521359
0.521357
0.521356
0.521354
0.521353
0.521352
0.52135
0.521349
0.521348
0.521347
0.521347
0.521346
0.521345
0.521344
0.521344
0.521343
0.521342
0.521342
0.521341
0.521341
0.52134
0.521339
0.521339
0.521338
0.521337
0.521336
0.521336
0.521335
0.521334
0.521333
0.521332
0.521331
0.52133
0.521328
0.521327
0.521326
0.521324
0.521322
0.52132
0.521318
0.521316
0.521314
0.521311
0.521309
0.521307
0.521305
0.521302
0.5213
0.521297
0.521294
0.521292
0.521289
0.521286
0.521283
0.52128
0.521277
0.521274
0.521271
0.521268
0.521265
0.521262
0.521258
0.521255
0.521251
0.521248
0.521244
0.521241
0.521237
0.521233
0.52123
0.521226
0.521222
0.521218
0.521214
0.52121
0.521205
0.521201
0.521197
0.521192
0.521188
0.521183
0.521179
0.521174
0.521169
0.521165
0.52116
0.521155
0.52115
0.521145
0.52114
0.521135
0.52113
0.521124
0.521119
0.521114
0.521109
0.521104
0.521099
0.521094
0.521089
0.521084
0.521079
0.521074
0.521069
0.521063
0.521058
0.521053
0.521048
0.521043
0.521038
0.521033
0.521027
0.521022
0.521017
0.521012
0.521006
0.521001
0.520996
0.520991
0.520985
0.52098
0.520975
0.52097
0.520965
0.520959
0.520954
0.520949
0.520944
0.520939
0.520934
0.520929
0.520924
0.520919
0.520914
0.520909
0.520905
0.5209
0.520895
0.520891
0.520886
0.520882
0.520877
0.520873
0.520868
0.520864
0.52086
0.520856
0.520852
0.520848
0.520844
0.52084
0.520836
0.520832
0.520829
0.520825
0.520821
0.520818
0.520814
0.520811
0.520808
0.520804
0.520801
0.520798
0.520794
0.520791
0.520788
0.520785
0.520782
0.520779
0.520776
0.520774
0.520771
0.520768
0.520765
0.520763
0.52076
0.520758
0.520755
0.520753
0.520751
0.520748
0.520746
0.520744
0.520742
0.52074
0.520738
0.520736
0.520734
0.520732
0.52073
0.520728
0.520726
0.520724
0.520722
0.520721
0.520719
0.520717
0.520715
0.520714
0.520712
0.52071
0.520709
0.520707
0.520706
0.520704
0.520703
0.520701
0.5207
0.520699
0.520697
0.520696
0.520695
0.520693
0.520692
0.520691
0.52069
0.520689
0.520688
0.520687
0.520685
0.520684
0.520683
0.520682
0.520681
0.52068
0.520679
0.520679
0.520678
0.520677
0.520676
0.520675
0.520674
0.520673
0.520673
0.520672
0.520671
0.520671
0.52067
0.520669
0.520669
0.520668
0.520667
0.520667
0.520666
0.520665
0.520665
0.520664
0.520664
0.520663
0.520663
0.520662
0.520662
0.520661
0.520661
0.52066
0.52066
0.52066
0.52066
0.52066
0.52066
0.52066
0.52066
0.52066
0.52066
0.52066
0.52066
0.52066
0.52066
0.52066
0.520661
0.520661
0.520661
0.520661
0.520661
0.520661
0.520662
0.520662
0.520662
0.520663
0.520663
0.520664
0.520664
0.520665
0.520665
0.520666
0.520667
0.520668
0.520669
0.52067
0.520671
0.520672
0.520673
0.520674
0.520675
0.520677
0.520678
0.520679
0.520681
0.520682
0.520684
0.520685
0.520687
0.520688
0.520689
0.520691
0.520692
0.520694
0.520695
0.520696
0.520698
0.520699
0.520701
0.520702
0.520704
0.520706
0.520707
0.520709
0.520711
0.520712
0.520714
0.520716
0.520717
0.520719
0.520721
0.520723
0.520724
0.520726
0.520728
0.52073
0.520732
0.520733
0.520735
0.520737
0.520739
0.520741
0.520743
0.520745
0.520746
0.520748
0.52075
0.520752
0.520754
0.520756
0.520758
0.52076
0.520762
0.520764
0.520766
0.520768
0.52077
0.520771
0.520773
0.520775
0.520777
0.520779
0.520781
0.520783
0.520784
0.520786
0.520788
0.520789
0.520791
0.520792
0.520794
0.520795
0.520797
0.520798
0.5208
0.520801
0.520802
0.520804
0.520805
0.520806
0.520808
0.520809
0.52081
0.520811
0.520812
0.520814
0.520815
0.520816
0.520817
0.520818
0.52082
0.520821
0.520822
0.520823
0.520824
0.520826
0.520827
0.520828
0.520829
0.52083
0.520831
0.520833
0.520834
0.520835
0.520836
0.520837
0.520838
0.520839
0.52084
0.520841
0.520842
0.520843
0.520844
0.520845
0.520846
0.520847
0.520848
0.520849
0.52085
0.520851
0.520851
0.520852
0.520853
0.520854
0.520855
0.520856
0.520857
0.520857
0.520858
0.520859
0.52086
0.52086
0.520861
0.520862
0.520862
0.520863
0.520863
0.520863
0.520864
0.520864
0.520864
0.520864
0.520865
0.520865
0.520865
0.520865
0.520864
0.520864
0.520864
0.520864
0.520863
0.520863
0.520862
0.520862
0.520861
0.520861
0.52086
0.520859
0.520858
0.520857
0.520857
0.520856
0.520855
0.520853
0.520852
0.520851
0.52085
0.520849
0.520847
0.520846
0.520844
0.520843
0.520841
0.52084
0.520838
0.520835
0.520833
0.520831
0.520829
0.520827
0.520824
0.520822
0.52082
0.520817
0.520815
0.520812
0.52081
0.520807
0.520805
0.520802
0.520799
0.520797
0.520794
0.520791
0.520788
0.520786
0.520783
0.52078
0.520777
0.520775
0.520772
0.520769
0.520766
0.520764
0.520761
0.520758
0.520756
0.520753
0.52075
0.520747
0.520745
0.520742
0.520739
0.520737
0.520734
0.520731
0.520729
0.520726
0.520723
0.520721
0.520718
0.520715
0.520713
0.52071
0.520707
0.520704
0.520701
0.520699
0.520696
0.520693
0.52069
0.520687
0.520684
0.520681
0.520678
0.520675
0.520672
0.520668
0.520665
0.520662
0.520659
0.520656
0.520652
0.520649
0.520646
0.520643
0.520639
0.520636
0.520633
0.52063
0.520627
0.520623
0.52062
0.520617
0.520613
0.52061
0.520607
0.520604
0.5206
0.520597
0.520594
0.520591
0.520588
0.520585
0.520581
0.520578
0.520575
0.520572
0.520569
0.520566
0.520563
0.52056
0.520557
0.520554
0.520551
0.520548
0.520545
0.520542
0.520539
0.520536
0.520533
0.52053
0.520527
0.520524
0.520521
0.520519
0.520516
0.520513
0.52051
0.520507
0.520505
0.520502
0.520499
0.520497
0.520494
0.520492
0.520489
0.520487
0.520485
0.520482
0.52048
0.520478
0.520476
0.520474
0.520472
0.52047
0.520469
0.520467
0.520466
0.520464
0.520463
0.520462
0.52046
0.520459
0.520459
0.520458
0.520457
0.520456
0.520456
0.520455
0.520455
0.520454
0.520454
0.520454
0.520454
0.520454
0.520454
0.520454
0.520454
0.520454
0.520454
0.520454
0.520454
0.520454
0.520454
0.520455
0.520455
0.520455
0.520455
0.520456
0.520457
0.520457
0.520458
0.520459
0.520459
0.52046
0.52046
0.520461
0.520462
0.520462
0.520463
0.520463
0.520464
0.520465
0.520465
0.520466
0.520466
0.520467
0.520467
0.520468
0.520468
0.520468
0.520469
0.520469
0.520469
0.52047
0.52047
0.52047
0.52047
0.520471
0.520471
0.520471
0.520471
0.520471
0.520471
0.520471
0.52047
0.52047
0.52047
0.52047
0.520469
0.520469
0.520468
0.520467
0.520467
0.520466
0.520465
0.520464
0.520463
0.520462
0.52046
0.520459
0.520458
0.520457
0.520455
0.520454
0.520452
0.52045
0.520448
0.520446
0.520444
0.520442
0.52044
0.520438
0.520436
0.520433
0.520431
0.520428
0.520426
0.520423
0.52042
0.520418
0.520415
0.520412
0.520409
0.520406
0.520402
0.520399
0.520396
0.520392
0.520388
0.520385
0.520381
0.520377
0.520373
0.520369
0.520365
0.520361
