0.235403
0.235403
0.235403
0.235403
0.235403
0.235403
0.235403
0.235403
0.235402
0.235402
0.235402
0.235402
0.235402
0.235401
0.235401
0.235401
0.2354
0.2354
0.2354
0.235399
0.235399
0.235398
0.235398
0.235397
0.235397
0.235396
0.235396
0.235395
0.235394
0.235394
0.235393
0.235392
0.235392
0.235391
0.23539
0.23539
0.235389
0.235388
0.235387
0.235387
0.235386
0.235385
0.235385
0.235384
0.235383
0.235383
0.235382
0.235381
0.235381
0.23538
0.235379
0.235379
0.235378
0.235377
0.235377
0.235376
0.235375
0.235375
0.235374
0.235373
0.235372
0.235372
0.235371
0.23537
0.235369
0.235368
0.235368
0.235367
0.235366
0.235365
0.235365
0.235364
0.235363
0.235363
0.235362
0.235361
0.23536
0.23536
0.235359
0.235358
0.235357
0.235357
0.235356
0.235355
0.235354
0.235353
0.235353
0.235352
0.235351
0.23535
0.235349
0.235349
0.235348
0.235347
0.235346
0.235345
0.235345
0.235344
0.235343
0.235342
0.235341
0.23534
0.235339
0.235339
0.235338
0.235337
0.235336
0.235335
0.235334
0.235333
0.235332
0.235331
0.23533
0.235329
0.235328
0.235327
0.235326
0.235325
0.235324
0.235323
0.235322
0.235321
0.23532
0.23532
0.235319
0.235318
0.235317
0.235316
0.235315
0.235314
0.235313
0.235312
0.235311
0.23531
0.235309
0.235308
0.235307
0.235307
0.235306
0.235305
0.235304
0.235303
0.235302
0.235301
0.2353
0.235299
0.235299
0.235298
0.235297
0.235296
0.235295
0.235295
0.235294
0.235293
0.235292
0.235291
0.235291
0.23529
0.235289
0.235289
0.235288
0.235287
0.235286
0.235286
0.235285
0.235284
0.235284
0.235283
0.235282
0.235282
0.235281
0.23528
0.23528
0.235279
0.235278
0.235278
0.235277
0.235276
0.235276
0.235275
0.235274
0.235274
0.235273
0.235272
0.235272
0.235271
0.23527
0.23527
0.235269
0.235268
0.235267
0.235266
0.235266
0.235265
0.235264
0.235263
0.235263
0.235262
0.235261
0.235261
0.23526
0.235259
0.235258
0.235258
0.235257
0.235256
0.235256
0.235255
0.235254
0.235253
0.235253
0.235252
0.235251
0.23525
0.23525
0.235249
0.235248
0.235247
0.235247
0.235246
0.235245
0.235245
0.235244
0.235243
0.235242
0.235242
0.235241
0.23524
0.23524
0.235239
0.235238
0.235237
0.235236
0.235236
0.235235
0.235234
0.235233
0.235232
0.235232
0.235231
0.23523
0.235229
0.235228
0.235228
0.235227
0.235226
0.235225
0.235225
0.235224
0.235223
0.235222
0.235222
0.235221
0.23522
0.235219
0.235219
0.235218
0.235217
0.235217
0.235216
0.235215
0.235215
0.235214
0.235213
0.235213
0.235212
0.235212
0.235211
0.23521
0.23521
0.235209
0.235209
0.235208
0.235208
0.235207
0.235206
0.235206
0.235205
0.235205
0.235204
0.235204
0.235203
0.235203
0.235202
0.235202
0.235201
0.235201
0.2352
0.2352
0.235199
0.235199
0.235198
0.235198
0.235197
0.235197
0.235196
0.235196
0.235195
0.235195
0.235194
0.235194
0.235193
0.235193
0.235192
0.235192
0.235191
0.235191
0.23519
0.23519
0.235189
0.235189
0.235188
0.235188
0.235187
0.235187
0.235186
0.235186
0.235185
0.235185
0.235184
0.235184
0.235183
0.235183
0.235182
0.235181
0.235181
0.23518
0.23518
0.235179
0.235179
0.235178
0.235178
0.235177
0.235176
0.235176
0.235175
0.235175
0.235174
0.235173
0.235173
0.235172
0.235172
0.235171
0.235171
0.23517
0.235169
0.235169
0.235168
0.235168
0.235167
0.235167
0.235166
0.235166
0.235165
0.235165
0.235164
0.235163
0.235163
0.235162
0.235162
0.235161
0.235161
0.23516
0.23516
0.235159
0.235158
0.235158
0.235157
0.235157
0.235156
0.235155
0.235155
0.235154
0.235153
0.235152
0.235152
0.235151
0.23515
0.235149
0.235149
0.235148
0.235147
0.235146
0.235145
0.235145
0.235144
0.235143
0.235142
0.235142
0.235141
0.23514
0.235139
0.235139
0.235138
0.235137
0.235136
0.235136
0.235135
0.235134
0.235134
0.235133
0.235132
0.235132
0.235131
0.23513
0.23513
0.235129
0.235128
0.235128
0.235127
0.235127
0.235126
0.235126
0.235125
0.235125
0.235124
0.235123
0.235123
0.235122
0.235122
0.235121
0.235121
0.23512
0.23512
0.23512
0.235119
0.235119
0.235118
0.235118
0.235117
0.235117
0.235116
0.235116
0.235115
0.235115
0.235114
0.235114
0.235113
0.235113
0.235112
0.235112
0.235111
0.235111
0.23511
0.23511
0.235109
0.235109
0.235109
0.235108
0.235108
0.235107
0.235107
0.235106
0.235106
0.235105
0.235105
0.235105
0.235104
0.235104
0.235103
0.235103
0.235103
0.235102
0.235102
0.235101
0.235101
0.235101
0.2351
0.2351
0.235099
0.235099
0.235098
0.235098
0.235098
0.235097
0.235097
0.235096
0.235096
0.235096
0.235095
0.235095
0.235094
0.235094
0.235094
0.235093
0.235093
0.235093
0.235092
0.235092
0.235092
0.235092
0.235091
0.235091
0.235091
0.235091
0.23509
0.23509
0.23509
0.235089
0.235089
0.235089
0.235089
0.235088
0.235088
0.235088
0.235088
0.235088
0.235087
0.235087
0.235087
0.235087
0.235087
0.235087
0.235087
0.235086
0.235086
0.235086
0.235086
0.235086
0.235086
0.235086
0.235086
0.235086
0.235086
0.235086
0.235086
0.235086
0.235086
0.235086
0.235086
0.235086
0.235087
0.235087
0.235087
0.235087
0.235087
0.235087
0.235088
0.235088
0.235088
0.235088
0.235088
0.235089
0.235089
0.235089
0.23509
0.23509
0.23509
0.235091
0.235091
0.235091
0.235092
0.235092
0.235093
0.235093
0.235094
0.235094
0.235094
0.235095
0.235095
0.235096
0.235096
0.235097
0.235097
0.235098
0.235098
0.235099
0.235099
0.235099
0.2351
0.2351
0.235101
0.235101
0.235102
0.235102
0.235103
0.235103
0.235103
0.235104
0.235104
0.235105
0.235105
0.235105
0.235106
0.235106
0.235106
0.235106
0.235107
0.235107
0.235107
0.235107
0.235108
0.235108
0.235108
0.235108
0.235109
0.235109
0.235109
0.23511
0.23511
0.23511
0.23511
0.23511
0.235111
0.235111
0.235111
0.235111
0.235112
0.235112
0.235112
0.235112
0.235112
0.235112
0.235112
0.235113
0.235113
0.235113
0.235113
0.235113
0.235113
0.235113
0.235114
0.235114
0.235114
0.235114
0.235114
0.235114
0.235115
0.235115
0.235115
0.235115
0.235115
0.235115
0.235115
0.235115
0.235115
0.235115
0.235115
0.235115
0.235115
0.235115
0.235115
0.235115
0.235115
0.235115
0.235115
0.235115
0.235115
0.235115
0.235115
0.235115
0.235115
0.235115
0.235114
0.235114
0.235114
0.235114
0.235114
0.235114
0.235113
0.235113
0.235113
0.235113
0.235113
0.235113
0.235112
0.235112
0.235112
0.235112
0.235112
0.235112
0.235111
0.235111
0.235111
0.235111
0.235111
0.235111
0.23511
0.23511
0.23511
0.23511
0.23511
0.235109
0.235109
0.235109
0.235109
0.235109
0.235109
0.235109
0.235108
0.235108
0.235108
0.235108
0.235108
0.235108
0.235108
0.235107
0.235107
0.235107
0.235107
0.235107
0.235106
0.235106
0.235106
0.235106
0.235105
0.235105
0.235105
0.235105
0.235104
0.235104
0.235104
0.235104
0.235103
0.235103
0.235103
0.235102
0.235102
0.235102
0.235101
0.235101
0.235101
0.2351
0.2351
0.2351
0.235099
0.235099
0.235099
0.235098
0.235098
0.235098
0.235097
0.235097
0.235097
0.235096
0.235096
0.235096
0.235095
0.235095
0.235095
0.235095
0.235094
0.235094
0.235094
0.235093
0.235093
0.235093
0.235093
0.235092
0.235092
0.235092
0.235092
0.235091
0.235091
0.235091
0.235091
0.235091
0.23509
0.23509
0.23509
0.23509
0.23509
0.23509
0.23509
0.235089
0.235089
0.235089
0.235089
0.235089
0.235089
0.235089
0.235089
0.235089
0.235089
0.235088
0.235088
0.235088
0.235088
0.235088
0.235088
0.235088
0.235088
0.235088
0.235088
0.235088
0.235089
0.235089
0.235089
0.235089
0.235089
0.235089
0.23509
0.23509
0.23509
0.23509
0.235091
0.235091
0.235091
0.235092
0.235092
0.235092
0.235093
0.235093
0.235094
0.235094
0.235095
0.235095
0.235096
0.235097
0.235097
0.235098
0.235098
0.235099
0.235099
0.2351
0.2351
0.235101
0.235101
0.235102
0.235103
0.235103
0.235104
0.235104
0.235105
0.235105
0.235105
0.235106
0.235106
0.235107
0.235107
0.235108
0.235108
0.235109
0.235109
0.23511
0.23511
0.235111
0.235111
0.235112
0.235112
0.235112
0.235113
0.235113
0.235114
0.235114
0.235115
0.235115
0.235116
0.235116
0.235117
0.235117
0.235118
0.235118
0.235119
0.23512
0.23512
0.235121
0.235121
0.235122
0.235122
0.235123
0.235123
0.235124
0.235124
0.235125
0.235125
0.235126
0.235127
0.235127
0.235128
0.235128
0.235129
0.235129
0.235129
0.23513
0.23513
0.235131
0.235131
0.235132
0.235132
0.235133
0.235133
0.235134
0.235134
0.235135
0.235135
0.235135
0.235136
0.235136
0.235137
0.235137
0.235138
0.235138
0.235139
0.235139
0.235139
0.23514
0.23514
0.235141
0.235141
0.235141
0.235142
0.235142
0.235143
0.235143
0.235143
0.235144
0.235144
0.235145
0.235145
0.235145
0.235146
0.235146
0.235146
0.235147
0.235147
0.235147
0.235148
0.235148
0.235148
0.235149
0.235149
0.235149
0.23515
0.23515
0.23515
0.235151
0.235151
0.235151
0.235152
0.235152
0.235152
0.235153
0.235153
0.235153
0.235154
0.235154
0.235154
0.235155
0.235155
0.235155
0.235155
0.235156
0.235156
0.235156
0.235157
0.235157
0.235157
0.235157
0.235158
0.235158
0.235158
0.235158
0.235159
0.235159
0.235159
0.235159
0.235159
0.235159
0.23516
0.23516
0.23516
0.23516
0.23516
0.23516
0.23516
0.23516
0.23516
0.23516
0.23516
0.235161
0.235161
0.235161
0.235161
0.235161
0.235161
0.235161
0.235161
0.235162
0.235162
0.235162
0.235162
0.235162
0.235162
0.235163
0.235163
0.235163
0.235163
0.235163
0.235163
0.235163
0.235164
0.235164
0.235164
0.235164
0.235164
0.235165
0.235165
0.235165
0.235166
0.235166
0.235166
0.235167
0.235167
0.235167
0.235168
0.235168
0.235168
0.235169
0.235169
0.235169
0.23517
0.23517
0.23517
0.23517
0.235171
0.235171
0.235171
0.235171
0.235172
0.235172
0.235172
0.235172
0.235172
0.235172
0.235172
0.235172
0.235172
0.235172
0.235172
0.235172
0.235172
0.235172
0.235172
0.235172
0.235172
0.235172
0.235172
0.235172
0.235172
0.235172
0.235171
0.235171
0.235171
0.235171
0.235171
0.235171
0.235171
0.235171
0.23517
0.23517
0.23517
0.23517
0.23517
0.23517
0.23517
0.23517
0.23517
0.23517
0.23517
0.23517
0.235169
0.235169
0.235169
0.235169
0.235169
0.235169
0.235169
0.235169
0.235169
0.235168
0.235168
0.235168
0.235168
0.235168
0.235168
0.235168
0.235167
0.235167
0.235167
0.235167
0.235167
0.235167
0.235167
0.235167
0.235167
0.235167
0.235166
0.235166
0.235166
0.235166
0.235166
0.235167
0.235167
0.235167
0.235167
0.235167
0.235167
0.235167
0.235167
0.235167
0.235167
0.235167
0.235167
0.235167
0.235167
0.235166
0.235166
0.235166
0.235166
0.235166
0.235166
0.235166
0.235166
0.235166
0.235166
0.235165
0.235165
0.235165
0.235165
0.235165
0.235165
0.235164
0.235164
0.235164
0.235164
0.235164
0.235163
0.235163
0.235163
0.235163
0.235162
0.235162
0.235162
0.235161
0.235161
0.235161
0.235161
0.23516
0.23516
0.23516
0.23516
0.23516
0.235159
0.235159
0.235159
0.235159
0.235159
0.235159
0.235159
0.235159
0.235159
0.235158
0.235158
0.235158
0.235158
0.235158
0.235158
0.235158
0.235159
0.235159
0.235159
0.235159
0.235159
0.235159
0.235159
0.235159
0.235159
0.235159
0.235159
0.235159
0.235159
0.235159
0.235159
0.235159
0.235159
0.235159
0.235159
0.23516
0.23516
0.23516
0.23516
0.23516
0.23516
0.235161
0.235161
0.235161
0.235161
0.235162
0.235162
0.235162
0.235163
0.235163
0.235163
0.235164
0.235164
0.235164
0.235165
0.235165
0.235166
0.235166
0.235167
0.235167
0.235168
0.235168
0.235169
0.235169
0.23517
0.23517
0.235171
0.235172
0.235172
0.235173
0.235173
0.235174
0.235175
0.235175
0.235176
0.235176
0.235177
0.235177
0.235178
0.235179
0.235179
0.23518
0.235181
0.235181
0.235182
0.235182
0.235183
0.235184
0.235184
0.235185
0.235185
0.235186
0.235187
0.235187
0.235188
0.235188
0.235189
0.235189
0.23519
0.23519
0.235191
0.235191
0.235192
0.235192
0.235193
0.235194
0.235194
0.235194
0.235195
0.235195
0.235196
0.235196
0.235197
0.235197
0.235198
0.235198
0.235199
0.235199
0.2352
0.2352
0.2352
0.235201
0.235201
0.235201
0.235202
0.235202
0.235202
0.235203
0.235203
0.235203
0.235204
0.235204
0.235204
0.235204
0.235205
0.235205
0.235205
0.235205
0.235205
0.235205
0.235205
0.235205
0.235205
0.235205
0.235205
0.235205
0.235205
0.235205
0.235205
0.235205
0.235205
0.235205
0.235206
0.235206
0.235206
0.235206
0.235206
0.235206
0.235206
0.235206
0.235206
0.235205
0.235205
0.235205
0.235205
0.235205
0.235205
0.235205
0.235205
0.235205
0.235205
0.235205
0.235205
0.235205
0.235205
0.235204
0.235204
0.235204
0.235204
0.235204
0.235204
0.235204
0.235203
0.235203
0.235203
0.235203
0.235203
0.235203
0.235203
0.235202
0.235202
0.235202
0.235202
0.235202
0.235201
0.235201
0.235201
0.235201
0.235201
0.2352
0.2352
0.2352
0.2352
0.2352
0.235199
0.235199
0.235199
0.235199
0.235199
0.235198
0.235198
0.235198
0.235198
0.235198
0.235197
0.235197
0.235197
0.235197
0.235197
0.235197
0.235196
0.235196
0.235196
0.235196
0.235196
0.235196
0.235196
0.235196
0.235195
0.235195
0.235195
0.235195
0.235195
0.235195
0.235195
0.235195
0.235195
0.235195
0.235195
0.235195
0.235195
0.235194
0.235194
0.235194
0.235194
0.235194
0.235194
0.235194
0.235194
0.235194
0.235194
0.235194
0.235194
0.235194
0.235194
0.235194
0.235194
0.235194
0.235194
0.235194
0.235194
0.235194
0.235193
0.235193
0.235193
0.235193
0.235193
0.235193
0.235193
0.235193
0.235193
0.235193
0.235193
0.235192
0.235192
0.235192
0.235192
0.235192
0.235192
0.235192
0.235192
0.235192
0.235192
0.235192
0.235193
0.235193
0.235193
0.235193
0.235193
0.235193
0.235193
0.235193
0.235193
0.235193
0.235193
0.235193
0.235193
0.235193
0.235193
0.235193
0.235193
0.235193
0.235193
0.235193
0.235193
0.235193
0.235193
0.235193
0.235193
0.235193
0.235193
0.235193
0.235193
0.235193
0.235193
0.235193
0.235193
0.235192
0.235192
0.235192
0.235192
0.235192
0.235192
0.235192
0.235192
0.235192
0.235191
0.235191
0.235191
0.235191
0.23519
0.23519
0.23519
0.235189
0.235189
0.235189
0.235188
0.235188
0.235187
0.235187
0.235186
0.235186
0.235185
0.235185
0.235184
0.235183
0.235183
0.235182
0.235182
0.235181
0.23518
0.23518
0.235179
0.235179
0.235178
0.235177
0.235177
0.235176
0.235176
0.235175
0.235174
0.235174
0.235173
0.235173
0.235172
0.235172
0.235171
0.23517
0.23517
0.235169
0.235169
0.235168
0.235168
0.235167
0.235167
0.235166
0.235166
0.235165
0.235165
0.235164
0.235164
0.235164
0.235163
0.235163
0.235162
0.235162
0.235161
0.235161
0.23516
0.23516
0.235159
0.235159
0.235159
0.235158
0.235158
0.235157
0.235157
0.235156
0.235156
0.235155
0.235155
0.235155
0.235154
0.235154
0.235154
0.235153
0.235153
0.235153
0.235152
0.235152
0.235152
0.235152
0.235152
0.235151
0.235151
0.235151
0.235151
0.235151
0.23515
0.23515
0.23515
0.23515
0.23515
0.235151
0.235151
0.235151
0.235151
0.235148
0.235148
0.235146
0.235143
0.235141
0.235138
0.235135
0.235133
0.23513
0.235129
0.235125
0.235123
0.235119
0.235117
0.235116
0.235112
0.235112
0.235112
0.235117
0.235116
0.235119
0.235119
0.235122
0.235129
0.235129
0.235135
0.235137
0.235141
0.235144
0.235148
0.235152
0.235159
0.235164
0.23517
0.235177
0.235185
0.235193
0.235201
0.235209
0.23522
0.235225
0.235232
0.23524
0.235244
0.235249
0.235252
0.235255
0.235258
0.235261
0.235264
0.235266
0.235267
0.235273
0.235274
0.235277
0.23528
0.235283
0.235284
0.235287
0.23529
0.235292
0.235298
0.235301
0.235307
0.235308
0.235314
0.235321
0.235329
0.235336
0.235342
0.235349
0.235357
0.235366
0.235377
0.235389
0.2354
0.235408
0.235419
0.235431
0.23544
0.235448
0.235455
0.23546
0.235468
0.235472
0.235479
0.235482
0.235483
0.235487
0.235491
0.235494
0.235496
0.235503
0.235506
0.235511
0.235516
0.235523
0.23553
0.235534
0.23554
0.235544
0.235551
0.235555
0.235559
0.235564
0.235568
0.235575
0.235577
0.235586
0.23559
0.235596
0.235603
0.235609
0.235618
0.235625
0.235634
0.235643
0.235653
0.235667
0.235679
0.235694
0.235709
0.235728
0.235746
0.235766
0.235787
0.235807
0.235825
0.235842
0.235858
0.235872
0.235884
0.2359
0.235913
0.235925
0.235935
0.235947
0.235953
0.235964
0.235971
0.235979
0.235983
0.235995
0.236001
0.236007
0.236017
0.236023
0.236032
0.236042
0.236049
0.236059
0.236066
0.236075
0.236082
0.236089
0.236098
0.236105
0.236117
0.236124
0.236137
0.236147
0.236159
0.236169
0.236181
0.236193
0.236206
0.236216
0.236228
0.236242
0.236253
0.236267
0.23628
0.236296
0.23631
0.236325
0.236338
0.236356
0.23637
0.236384
0.236399
0.236414
0.236425
0.23644
0.236453
0.236466
0.236479
0.23649
0.236503
0.236517
0.236534
0.236547
0.236563
0.236579
0.236599
0.236618
0.236634
0.236656
0.236677
0.236698
0.236717
0.236735
0.236752
0.236773
0.236787
0.236803
0.236821
0.236837
0.236853
0.236871
0.236889
0.2369
0.236915
0.236931
0.236945
0.236958
0.23697
0.236984
0.236993
0.237008
0.23702
0.237031
0.237044
0.237055
0.237067
0.237083
0.237094
0.237105
0.237116
0.237128
0.237136
0.237147
0.237153
0.237164
0.237169
0.237177
0.237183
0.237186
0.237192
0.237195
0.237198
0.2372
0.237207
0.237207
0.237211
0.237212
0.237216
0.237217
0.237221
0.237223
0.237221
0.237225
0.237225
0.237226
0.237226
0.237225
0.237222
0.237223
0.237224
0.237222
0.237222
0.237223
0.237223
0.237223
0.237224
0.237224
0.237225
0.237225
0.237226
0.237226
0.237226
0.237226
0.237227
0.237225
0.237225
0.237223
0.237221
0.237218
0.237219
0.237213
0.237211
0.237211
0.237207
0.237207
0.237207
0.237207
0.237205
0.237205
0.237205
0.237209
0.237209
0.237209
0.237212
0.237212
0.237215
0.237218
0.237221
0.237224
0.237224
0.237227
0.237227
0.237229
0.237227
0.237227
0.237225
0.237223
0.237223
0.237221
0.237222
0.237221
0.23722
0.237217
0.237215
0.237218
0.237215
0.237214
0.237213
0.237211
0.237208
0.237208
0.237208
0.237202
0.2372
0.237194
0.237192
0.23719
0.237187
0.237183
0.237184
0.237185
0.237188
0.237187
0.237188
0.237188
0.237192
0.237191
0.237195
0.237196
0.237195
0.237196
0.237196
0.237195
0.237198
0.237193
0.237191
0.23719
0.237185
0.237178
0.237173
0.237166
0.237159
0.237149
0.237145
0.237134
0.237127
0.23712
0.237113
0.237111
0.237108
0.237106
0.237105
0.237104
0.237103
0.237102
0.237106
0.237105
0.237104
0.237101
0.2371
0.237102
0.237097
0.237094
0.237091
0.237088
0.237086
0.237083
0.237077
0.237076
0.237074
0.237073
0.237072
0.237071
0.237068
0.237066
0.237066
0.237067
0.237066
0.237067
0.237065
0.237063
0.237062
0.237061
0.237054
0.237053
0.237048
0.237043
0.237036
0.237027
0.23702
0.237011
0.237004
0.23699
0.236978
0.236967
0.236952
0.236939
0.236928
0.236914
0.236905
0.236891
0.236876
0.236866
0.236851
0.236839
0.23683
0.236815
0.236805
0.236793
0.236781
0.236769
0.236761
0.23675
0.236738
0.236726
0.236715
0.236707
0.236695
0.236686
0.236674
0.236665
0.236656
0.236645
0.236633
0.236621
0.236614
0.236602
0.23659
0.236581
0.236571
0.236562
0.236552
0.236549
0.236542
0.236536
0.236535
0.236532
0.236534
0.236535
0.236537
0.236539
0.23654
0.236541
0.236543
0.23655
0.236553
0.236555
0.236558
0.236565
0.236567
0.23657
0.236572
0.236575
0.236577
0.236578
0.236582
0.236583
0.236585
0.236586
0.236588
0.236589
0.23659
0.236592
0.236593
0.236594
0.236596
0.236597
0.236598
0.236597
0.236597
0.236598
0.236599
0.236595
0.236596
0.236597
0.236599
0.2366
0.236601
0.236602
0.2366
0.236599
0.2366
0.236604
0.236605
0.236606
0.236607
0.236608
0.23661
0.236614
0.236615
0.236615
0.236616
0.236614
0.236614
0.236613
0.236613
0.236611
0.236612
0.23661
0.236613
0.236611
0.236611
0.236611
0.236611
0.236609
0.236609
0.23661
0.23661
0.236605
0.236605
0.236605
0.236603
0.236603
0.236601
0.236599
0.236596
0.236593
0.236591
0.236589
0.236587
0.236582
0.236578
0.236572
0.236573
0.236568
0.236566
0.236562
0.236557
0.236556
0.236553
0.236548
0.236549
0.236549
0.236548
0.236548
0.236551
0.23655
0.236551
0.236551
0.236555
0.236553
0.236554
0.236555
0.236558
0.236559
0.236559
0.23656
0.236561
0.23656
0.236561
0.236561
0.236562
0.236563
0.236564
0.236563
0.236563
0.236564
0.236565
0.236564
0.236563
0.236563
0.236564
0.23656
0.236556
0.236555
0.23655
0.236549
0.236542
0.236538
0.236534
0.236527
0.236518
0.236512
0.236503
0.236494
0.236482
0.236474
0.236462
0.236452
0.23644
0.236426
0.236415
0.236403
0.236392
0.236381
0.236373
0.236361
0.236351
0.23634
0.236334
0.236327
0.236322
0.236316
0.236315
0.236313
0.236307
0.236308
0.236308
0.236309
0.236309
0.236313
0.236314
0.236318
0.236319
0.236323
0.236325
0.236326
0.236327
0.236326
0.236328
0.236323
0.23632
0.236319
0.236315
0.236312
0.236307
0.2363
0.236294
0.236287
0.23628
0.236271
0.236264
0.236259
0.236255
0.236248
0.236238
0.236234
0.236232
0.236222
0.236218
0.236216
0.236212
0.236204
0.236202
0.236198
0.236195
0.236193
0.236189
0.236187
0.236185
0.236183
0.236183
0.236181
0.236179
0.236177
0.236177
0.236179
0.236177
0.236177
0.23618
0.23618
0.236182
0.236182
0.236182
0.236183
0.236182
0.23618
0.23618
0.236175
0.236173
0.23617
0.236167
0.236165
0.236162
0.236157
0.236156
0.236154
0.236151
0.236148
0.236145
0.236143
0.236143
0.23614
0.23614
0.236142
0.236142
0.236142
0.236145
0.236145
0.236145
0.236147
0.236147
0.236149
0.236149
0.236155
0.236157
0.236157
0.236159
0.23616
0.23616
0.236162
0.236165
0.236165
0.236167
0.236167
0.236169
0.236169
0.236166
0.236166
0.236166
0.236166
0.236166
0.236164
0.236164
0.23616
0.236158
0.236158
0.236158
0.236158
0.236155
0.236155
0.236155
0.236158
0.236158
0.236158
0.236158
0.236161
0.236161
0.236161
0.236164
0.236167
0.236167
0.23617
0.23617
0.236173
0.236175
0.236175
0.236181
0.236181
0.236183
0.236186
0.236189
0.236191
0.236191
0.236194
0.236194
0.236196
0.236196
0.236197
0.236193
0.236194
0.236194
0.236194
0.236194
0.236189
0.236189
0.236189
0.236188
0.236188
0.236188
0.236188
0.236189
0.236192
0.236192
0.236194
0.236194
0.236194
0.236198
0.2362
0.236202
0.236205
0.236207
0.236209
0.236211
0.236213
0.236215
0.236214
0.236212
0.236214
0.236214
0.236216
0.236217
0.236215
0.236213
0.236213
0.236214
0.236214
0.236211
0.236212
0.236212
0.23621
0.236213
0.236214
0.236212
0.236211
0.236209
0.236204
0.236204
0.236202
0.236198
0.236197
0.2362
0.2362
0.2362
0.236204
0.236207
0.236208
0.236208
0.236213
0.236217
0.23622
0.236221
0.236225
0.236228
0.236232
0.236237
0.236238
0.236239
0.236241
0.236242
0.23624
0.236242
0.236241
0.23624
0.236239
0.236238
0.236236
0.236235
0.236227
0.236226
0.236226
0.23622
0.23622
0.236216
0.236215
0.23621
0.236212
0.236206
0.236206
0.2362
0.2362
0.236194
0.236192
0.236188
0.236182
0.236182
0.236178
0.236178
0.236177
0.236177
0.236178
0.236177
0.23618
0.236181
0.236181
0.23618
0.236183
0.236184
0.236184
0.236185
0.236184
0.236184
0.236189
0.23619
0.236191
0.236193
0.236195
0.236195
0.236191
0.236191
0.236191
0.236187
0.236187
0.236186
0.236186
0.236186
0.236186
0.236186
0.236186
0.23619
0.236189
0.236189
0.236189
0.236186
0.236186
0.236186
0.236184
0.236183
0.236181
0.236181
0.236181
0.236178
0.236178
0.236177
0.236177
0.236174
0.236174
0.236173
0.236173
0.236173
0.236172
0.236174
0.236174
0.236173
0.236173
0.236172
0.236172
0.236171
0.236169
0.236169
0.236168
0.236168
0.236167
0.236167
0.236166
0.236168
0.236166
0.236165
0.236165
0.236164
0.236164
0.236163
0.23616
0.236159
0.236156
0.236155
0.236154
0.236154
0.236153
0.236152
0.23615
0.236149
0.236148
0.236148
0.236147
0.236146
0.236146
0.236143
0.236143
0.236142
0.236141
0.236141
0.23614
0.236138
0.236137
0.236137
0.236136
0.236138
0.236137
0.236137
0.236136
0.236134
0.236133
0.236133
0.236132
0.236131
0.23613
0.236127
0.236127
0.236126
0.236123
0.236122
0.236122
0.236121
0.236124
0.236124
0.236123
0.236123
0.236123
0.236122
0.236122
0.236121
0.236121
0.236121
0.23612
0.236117
0.236116
0.236114
0.236114
0.236113
0.236113
0.236113
0.236112
0.236112
0.236112
0.236114
0.236117
0.236117
0.236116
0.236116
0.236122
0.236121
0.236121
0.236121
0.236124
0.236126
0.236125
0.236125
0.236125
0.236125
0.236125
0.236125
0.236121
0.236123
0.236123
0.236123
0.236123
0.236123
0.236123
0.236121
0.236123
0.236123
0.236126
0.236126
0.236128
0.236128
0.236131
0.236133
0.236136
0.236138
0.236139
0.236141
0.236144
0.236146
0.236149
0.236152
0.236152
0.236155
0.236155
0.236158
0.236159
0.236159
0.23616
0.236166
0.236166
0.236169
0.236169
0.23617
0.236168
0.236169
0.236169
0.23617
0.236176
0.236177
0.236178
0.23618
0.236184
0.236185
0.236189
0.23619
0.236189
0.23619
0.236194
0.236195
0.236194
0.236195
0.236194
0.236195
0.236197
0.236198
0.236197
0.236198
0.236197
0.236196
0.236198
0.236193
0.236192
0.236193
0.23619
0.236191
0.236193
0.236194
0.236195
0.236196
0.236198
0.236199
0.2362
0.236201
0.236203
0.236204
0.236205
0.236206
0.236207
0.236208
0.236209
0.23621
0.236211
0.236212
0.236213
0.236214
0.236214
0.236215
0.236216
0.236216
0.236217
0.236217
0.236218
0.236218
0.236219
0.236219
0.236219
0.23622
0.23622
0.23622
0.236221
0.236221
0.236221
0.236221
0.236222
0.236222
0.236222
0.236222
0.236222
0.236222
0.236222
0.236222
0.236222
0.236222
0.236222
0.236222
0.236222
0.236222
0.236222
0.236222
0.236222
0.236222
0.236222
0.236221
0.236221
0.236221
0.236221
0.236221
0.236221
0.236221
0.236221
0.236221
0.23622
0.23622
0.23622
0.23622
0.23622
0.23622
0.23622
0.23622
0.23622
0.23622
0.23622
0.236219
0.236219
0.236219
0.236219
0.236219
0.236219
0.236219
0.236218
0.236218
0.236218
0.236218
0.236218
0.236218
0.236217
0.236217
0.236217
0.236217
0.236216
0.236216
0.236216
0.236216
0.236215
0.236215
0.236215
0.236214
0.236214
0.236214
0.236214
0.236213
0.236213
0.236213
0.236212
0.236212
0.236212
0.236211
0.236211
0.236211
0.23621
0.23621
0.23621
0.236209
0.236209
0.236209
0.236208
0.236208
0.236208
0.236207
0.236207
0.236207
0.236206
0.236206
0.236206
0.236205
0.236205
0.236205
0.236204
0.236204
0.236203
0.236203
0.236203
0.236202
0.236202
0.236201
0.236201
0.2362
0.2362
0.236199
0.236199
0.236199
0.236198
0.236198
0.236197
0.236197
0.236196
0.236196
0.236195
0.236195
0.236194
0.236194
0.236193
0.236193
0.236192
0.236191
0.236191
0.23619
0.23619
0.236189
0.236189
0.236188
0.236187
0.236187
0.236186
0.236185
0.236185
0.236184
0.236184
0.236183
0.236182
0.236182
0.236181
0.23618
0.236179
0.236179
0.236178
0.236177
0.236176
0.236176
0.236175
0.236174
0.236173
0.236173
0.236172
0.236171
0.23617
0.236169
0.236168
0.236168
0.236167
0.236166
0.236165
0.236164
0.236163
0.236163
0.236162
0.236161
0.23616
0.236159
0.236159
0.236158
0.236157
0.236156
0.236155
0.236155
0.236154
0.236153
0.236152
0.236151
0.23615
0.236149
0.236148
0.236147
0.236146
0.236145
0.236145
0.236144
0.236143
0.236142
0.236141
0.23614
0.236139
0.236138
0.236137
0.236136
0.236135
0.236134
0.236133
0.236132
0.236131
0.23613
0.236128
0.236127
0.236126
0.236125
0.236124
0.236123
0.236122
0.236121
0.23612
0.236119
0.236118
0.236117
0.236117
0.236116
0.236115
0.236114
0.236113
0.236112
0.236111
0.23611
0.236109
0.236108
0.236107
0.236106
0.236106
0.236105
0.236104
0.236103
0.236102
0.236101
0.236101
0.2361
0.236099
0.236098
0.236098
0.236097
0.236096
0.236096
0.236095
0.236094
0.236094
0.236093
0.236092
0.236092
0.236091
0.236091
0.23609
0.236089
0.236089
0.236088
0.236088
0.236087
0.236087
0.236086
0.236086
0.236085
0.236085
0.236085
0.236084
0.236084
0.236083
0.236083
0.236083
0.236082
0.236082
0.236081
0.236081
0.236081
0.23608
0.23608
0.23608
0.236079
0.236079
0.236079
0.236078
0.236078
0.236078
0.236078
0.236077
0.236077
0.236077
0.236077
0.236076
0.236076
0.236076
0.236076
0.236076
0.236076
0.236076
0.236075
0.236075
0.236075
0.236075
0.236075
0.236076
0.236076
0.236076
0.236076
0.236076
0.236076
0.236076
0.236076
0.236076
0.236076
0.236077
0.236077
0.236077
0.236077
0.236077
0.236078
0.236078
0.236078
0.236078
0.236078
0.236079
0.236079
0.236079
0.236079
0.236079
0.236079
0.23608
0.23608
0.23608
0.23608
0.23608
0.236081
0.236081
0.236081
0.236081
0.236082
0.236082
0.236082
0.236083
0.236083
0.236083
0.236084
0.236084
0.236084
0.236084
0.236085
0.236085
0.236085
0.236086
0.236086
0.236086
0.236087
0.236087
0.236088
0.236088
0.236088
0.236089
0.236089
0.236089
0.236089
0.23609
0.23609
0.23609
0.236091
0.236091
0.236091
0.236092
0.236092
0.236092
0.236092
0.236093
0.236093
0.236093
0.236093
0.236094
0.236094
0.236094
0.236095
0.236095
0.236095
0.236095
0.236096
0.236096
0.236096
0.236096
0.236097
0.236097
0.236097
0.236098
0.236098
0.236098
0.236098
0.236099
0.236099
0.236099
0.236099
0.2361
0.2361
0.2361
0.2361
0.236101
0.236101
0.236101
0.236101
0.236102
0.236102
0.236102
0.236102
0.236102
0.236102
0.236102
0.236103
0.236103
0.236103
0.236103
0.236103
0.236103
0.236103
0.236103
0.236103
0.236103
0.236103
0.236103
0.236103
0.236103
0.236103
0.236103
0.236103
0.236103
0.236103
0.236103
0.236103
0.236103
0.236103
0.236104
0.236104
0.236104
0.236104
0.236104
0.236104
0.236104
0.236105
0.236105
0.236105
0.236105
0.236105
0.236105
0.236106
0.236106
0.236106
0.236106
0.236106
0.236106
0.236106
0.236106
0.236107
0.236107
0.236107
0.236107
0.236107
0.236107
0.236108
0.236108
0.236108
0.236108
0.236108
0.236108
0.236108
0.236108
0.236108
0.236109
0.236109
0.236109
0.236109
0.236109
0.236109
0.236109
0.236109
0.236109
0.236109
0.236109
0.236109
0.236109
0.236109
0.236109
0.23611
0.23611
0.23611
0.23611
0.23611
0.23611
0.23611
0.23611
0.23611
0.23611
0.23611
0.23611
0.236109
0.236109
0.236109
0.236109
0.236109
0.236109
0.236109
0.236109
0.236109
0.236109
0.236109
0.236109
0.236109
0.236109
0.236109
0.236109
0.236109
0.236109
0.236109
0.236109
0.236109
0.236109
0.236109
0.236109
0.236109
0.236108
0.236108
0.236108
0.236108
0.236108
0.236108
0.236108
0.236108
0.236109
0.236109
0.236109
0.236109
0.236109
0.236109
0.236109
0.236109
0.236109
0.236109
0.236109
0.236109
0.236109
0.236109
0.236109
0.236109
0.236109
0.236109
0.236109
0.236109
0.236109
0.236109
0.236109
0.236109
0.236109
0.236109
0.236109
0.236109
0.236109
0.236109
0.236109
0.236109
0.236109
0.236109
0.236109
0.236109
0.236109
0.236108
0.236108
0.236108
0.236108
0.236108
0.236107
0.236107
0.236107
0.236107
0.236106
0.236106
0.236106
0.236105
0.236105
0.236105
0.236104
0.236104
0.236104
0.236103
0.236103
0.236103
0.236102
0.236102
0.236101
0.236101
0.236101
0.2361
0.2361
0.2361
0.236099
0.236099
0.236099
0.236098
0.236098
0.236098
0.236098
0.236097
0.236097
0.236097
0.236096
0.236096
0.236096
0.236096
0.236095
0.236095
0.236095
0.236094
0.236094
0.236093
0.236093
0.236093
0.236092
0.236092
0.236091
0.236091
0.236091
0.23609
0.23609
0.236089
0.236089
0.236088
0.236088
0.236088
0.236087
0.236087
0.236086
0.236086
0.236085
0.236084
0.236084
0.236083
0.236083
0.236082
0.236082
0.236081
0.236081
0.23608
0.23608
0.23608
0.236079
0.236079
0.236078
0.236078
0.236077
0.236077
0.236077
0.236076
0.236076
0.236075
0.236075
0.236074
0.236074
0.236074
0.236073
0.236073
0.236072
0.236072
0.236071
0.236071
0.23607
0.23607
0.23607
0.236069
0.236069
0.236068
0.236068
0.236068
0.236067
0.236067
0.236067
0.236066
0.236066
0.236065
0.236065
0.236065
0.236064
0.236064
0.236063
0.236063
0.236063
0.236062
0.236062
0.236061
0.236061
0.236061
0.23606
0.23606
0.236059
0.236059
0.236059
0.236058
0.236058
0.236057
0.236057
0.236057
0.236056
0.236056
0.236055
0.236055
0.236055
0.236054
0.236054
0.236053
0.236053
0.236053
0.236052
0.236052
0.236051
0.236051
0.236051
0.23605
0.23605
0.23605
0.23605
0.236049
0.236049
0.236049
0.236048
0.236048
0.236048
0.236048
0.236047
0.236047
0.236047
0.236047
0.236046
0.236046
0.236046
0.236046
0.236045
0.236045
0.236045
0.236045
0.236045
0.236044
0.236044
0.236044
0.236044
0.236043
0.236043
0.236043
0.236043
0.236042
0.236042
0.236042
0.236042
0.236042
0.236041
0.236041
0.236041
0.236041
0.236041
0.23604
0.23604
0.23604
0.23604
0.23604
0.23604
0.23604
0.23604
0.23604
0.23604
0.23604
0.23604
0.23604
0.23604
0.23604
0.23604
0.23604
0.23604
0.23604
0.23604
0.23604
0.23604
0.23604
0.236039
0.236039
0.236039
0.236039
0.236039
0.236039
0.236038
0.236038
0.236038
0.236038
0.236038
0.236037
0.236037
0.236037
0.236037
0.236036
0.236036
0.236036
0.236035
0.236035
0.236034
0.236034
0.236034
0.236033
0.236033
0.236033
0.236033
0.236032
0.236032
0.236032
0.236031
0.236031
0.236031
0.23603
0.23603
0.23603
0.23603
0.236029
0.236029
0.236029
0.236029
0.236029
0.236028
0.236028
0.236028
0.236028
0.236028
0.236028
0.236028
0.236027
0.236027
0.236027
0.236027
0.236027
0.236027
0.236027
0.236027
0.236027
0.236027
0.236027
0.236027
0.236027
0.236027
0.236027
0.236027
0.236027
0.236027
0.236027
0.236027
0.236027
0.236027
0.236028
0.236028
0.236028
0.236028
0.236028
0.236028
0.236028
0.236028
0.236028
0.236028
0.236028
0.236028
0.236028
0.236028
0.236028
0.236028
0.236028
0.236028
0.236028
0.236028
0.236028
0.236028
0.236027
0.236027
0.236027
0.236027
0.236027
0.236027
0.236027
0.236027
0.236027
0.236027
0.236027
0.236026
0.236026
0.236026
0.236026
0.236026
0.236026
0.236026
0.236026
0.236026
0.236026
0.236026
0.236026
0.236026
0.236025
0.236025
0.236025
0.236025
0.236025
0.236025
0.236025
0.236025
0.236025
0.236025
0.236025
0.236025
0.236025
0.236025
0.236025
0.236025
0.236025
0.236025
0.236026
0.236026
0.236026
0.236026
0.236026
0.236026
0.236026
0.236026
0.236027
0.236027
0.236027
0.236027
0.236027
0.236027
0.236028
0.236028
0.236028
0.236028
0.236028
0.236029
0.236029
0.236029
0.236029
0.23603
0.23603
0.23603
0.236031
0.236031
0.236031
0.236032
0.236032
0.236032
0.236033
0.236033
0.236033
0.236033
0.236034
0.236034
0.236035
0.236035
0.236035
0.236036
0.236036
0.236036
0.236037
0.236037
0.236037
0.236038
0.236038
0.236039
0.236039
0.236039
0.23604
0.23604
0.23604
0.23604
0.236041
0.236041
0.236041
0.236041
0.236042
0.236042
0.236042
0.236042
0.236043
0.236043
0.236043
0.236043
0.236043
0.236044
0.236044
0.236044
0.236044
0.236044
0.236045
0.236045
0.236045
0.236045
0.236045
0.236045
0.236046
0.236046
0.236046
0.236046
0.236046
0.236046
0.236046
0.236047
0.236047
0.236047
0.236047
0.236047
0.236047
0.236047
0.236048
0.236048
0.236048
0.236048
0.236048
0.236048
0.236048
0.236048
0.236048
0.236048
0.236048
0.236048
0.236048
0.236048
0.236048
0.236048
0.236048
0.236048
0.236048
0.236048
0.236048
0.236048
0.236048
0.236048
0.236048
0.236048
0.236048
0.236048
0.236048
0.236049
0.236049
0.236049
0.236049
0.236049
0.236049
0.236049
0.236049
0.236049
0.236049
0.236049
0.236049
0.236049
0.236049
0.236049
0.23605
0.23605
0.23605
0.23605
0.23605
0.23605
0.23605
0.23605
0.236051
0.236051
0.236051
0.236051
0.236051
0.236051
0.236052
0.236052
0.236052
0.236052
0.236053
0.236053
0.236053
0.236053
0.236054
0.236054
0.236054
0.236054
0.236055
0.236055
0.236056
0.236056
0.236056
0.236057
0.236057
0.236057
0.236058
0.236058
0.236059
0.236059
0.236059
0.23606
0.23606
0.23606
0.236061
0.236061
0.236061
0.236062
0.236062
0.236062
0.236063
0.236063
0.236063
0.236063
0.236064
0.236064
0.236064
0.236065
0.236065
0.236065
0.236066
0.236066
0.236066
0.236067
0.236067
0.236067
0.236067
0.236068
0.236068
0.236068
0.236069
0.236069
0.236069
0.236069
0.23607
0.23607
0.23607
0.236071
0.236071
0.236071
0.236071
0.236072
0.236072
0.236072
0.236073
0.236073
0.236073
0.236073
0.236074
0.236074
0.236074
0.236074
0.236075
0.236075
0.236075
0.236076
0.236076
0.236077
0.236077
0.236078
0.236078
0.236079
0.236079
0.23608
0.23608
0.236081
0.236081
0.236082
0.236082
0.236083
0.236083
0.236084
0.236084
0.236085
0.236086
0.236086
0.236087
0.236087
0.236088
0.236088
0.236089
0.236089
0.23609
0.236091
0.236091
0.236092
0.236092
0.236093
0.236093
0.236094
0.236094
0.236095
0.236096
0.236096
0.236097
0.236097
0.236098
0.236098
0.236099
0.2361
0.2361
0.236101
0.236101
0.236102
0.236102
0.236103
0.236104
0.236104
0.236105
0.236106
0.236106
0.236107
0.236107
0.236108
0.236109
0.23611
0.23611
0.236111
0.236112
0.236112
0.236113
0.236114
0.236114
0.236115
0.236116
0.236116
0.236117
0.236118
0.236118
0.236119
0.23612
0.236121
0.236121
0.236122
0.236123
0.236123
0.236124
0.236125
0.236125
0.236126
0.236127
0.236127
0.236128
0.236128
0.236129
0.23613
0.23613
0.236131
0.236132
0.236132
0.236133
0.236134
0.236135
0.236135
0.236136
0.236137
0.236138
0.236138
0.236139
0.23614
0.236141
0.236142
0.236143
0.236144
0.236144
0.236145
0.236146
0.236147
0.236148
0.236149
0.23615
0.23615
0.236151
0.236152
0.236153
0.236154
0.236155
0.236156
0.236156
0.236157
0.236158
0.236159
0.23616
0.236161
0.236162
0.236162
0.236163
0.236164
0.236165
0.236166
0.236167
0.236168
0.236168
0.236169
0.23617
0.236171
0.236172
0.236173
0.236174
0.236175
0.236175
0.236176
0.236177
0.236178
0.236179
0.23618
0.236181
0.236182
0.236183
0.236184
0.236185
0.236185
0.236186
0.236187
0.236188
0.236189
0.23619
0.236191
0.236192
0.236193
0.236194
0.236195
0.236196
0.236196
0.236197
0.236198
0.236199
0.2362
0.236201
0.236202
0.236203
0.236204
0.236205
0.236206
0.236207
0.236208
0.236209
0.236211
0.236212
0.236213
0.236214
0.236215
0.236216
0.236217
0.236218
0.236219
0.23622
0.236221
0.236222
0.236224
0.236225
0.236226
0.236227
0.236228
0.236229
0.23623
0.236231
0.236232
0.236233
0.236234
0.236235
0.236236
0.236237
0.236238
0.236239
0.23624
0.236241
0.236242
0.236243
0.236244
0.236245
0.236247
0.236248
0.236249
0.23625
0.236251
0.236252
0.236253
0.236254
0.236255
0.236256
0.236257
0.236258
0.236259
0.23626
0.236261
0.236262
0.236263
0.236264
0.236264
0.236265
0.236266
0.236267
0.236267
0.236268
0.236269
0.236269
0.23627
0.23627
0.236271
0.236271
0.236272
0.236272
0.236273
0.236273
0.236274
0.236274
0.236275
0.236275
0.236276
0.236276
0.236276
0.236277
0.236277
0.236277
0.236277
0.236278
0.236278
0.236278
0.236278
0.236278
0.236278
0.236279
0.236279
0.236279
0.236279
0.236279
0.236279
0.236279
0.236279
0.236279
0.236279
0.236279
0.236279
0.236279
0.236279
0.236279
0.236279
0.236279
0.236279
0.236279
0.236279
0.236279
0.236278
0.236278
0.236278
0.236278
0.236278
0.236278
0.236277
0.236277
0.236277
0.236277
0.236277
0.236277
0.236276
0.236276
0.236276
0.236276
0.236276
0.236276
0.236276
0.236276
0.236276
0.236276
0.236276
0.236276
0.236276
0.236276
0.236276
0.236276
0.236276
0.236276
0.236276
0.236276
0.236276
0.236277
0.236277
0.236277
0.236277
0.236277
0.236277
0.236277
0.236277
0.236278
0.236278
0.236278
0.236278
0.236278
0.236278
0.236278
0.236279
0.236279
0.236279
0.236279
0.236279
0.236279
0.236279
0.236279
0.23628
0.23628
0.23628
0.23628
0.23628
0.23628
0.23628
0.23628
0.23628
0.23628
0.23628
0.23628
0.23628
0.23628
0.23628
0.236279
0.236279
0.236279
0.236279
0.236279
0.236279
0.236279
0.236278
0.236278
0.236278
0.236278
0.236278
0.236277
0.236277
0.236277
0.236277
0.236276
0.236276
0.236276
0.236276
0.236275
0.236275
0.236275
0.236274
0.236274
0.236274
0.236273
0.236273
0.236273
0.236272
0.236272
0.236272
0.236271
0.236271
0.236271
0.23627
0.23627
0.236269
0.236269
0.236269
0.236268
0.236268
0.236268
0.236267
0.236267
0.236267
0.236266
0.236266
0.236265
0.236265
0.236265
0.236264
0.236264
0.236263
0.236263
0.236263
0.236262
0.236262
0.236262
0.236261
0.236261
0.23626
0.23626
0.23626
0.23626
0.236259
0.236259
0.236259
0.236259
0.236258
0.236258
0.236258
0.236258
0.236258
0.236258
0.236257
0.236257
0.236257
0.236257
0.236257
0.236257
0.236257
0.236257
0.236257
0.236257
0.236257
0.236257
0.236257
0.236257
0.236257
0.236257
0.236257
0.236257
0.236257
0.236257
0.236257
0.236257
0.236257
0.236256
0.236256
0.236256
0.236256
0.236256
0.236256
0.236256
0.236256
0.236256
0.236256
0.236256
0.236256
0.236256
0.236256
0.236256
0.236256
0.236257
0.236257
0.236257
0.236257
0.236257
0.236257
0.236257
0.236258
0.236258
0.236258
0.236258
0.236258
0.236258
0.236259
0.236259
0.236259
0.236259
0.236259
0.23626
0.23626
0.23626
0.23626
0.236261
0.236261
0.236261
0.236262
0.236262
0.236262
0.236262
0.236263
0.236263
0.236263
0.236264
0.236264
0.236265
0.236265
0.236265
0.236266
0.236266
0.236266
0.236267
0.236267
0.236268
0.236268
0.236268
0.236269
0.236269
0.236269
0.236269
0.23627
0.23627
0.23627
0.236271
0.236271
0.236271
0.236271
0.236272
0.236272
0.236272
0.236273
0.236273
0.236273
0.236273
0.236274
0.236274
0.236274
0.236275
0.236275
0.236275
0.236276
0.236276
0.236276
0.236277
0.236277
0.236277
0.236277
0.236278
0.236278
0.236278
0.236279
0.236279
0.236279
0.236279
0.236279
0.23628
0.23628
0.23628
0.23628
0.236281
0.236281
0.236281
0.236281
0.236281
0.236281
0.236282
0.236282
0.236282
0.236282
0.236282
0.236282
0.236282
0.236282
0.236282
0.236282
0.236282
0.236282
0.236282
0.236282
0.236282
0.236282
0.236282
0.236281
0.236281
0.236281
0.236281
0.236281
0.236281
0.236281
0.236281
0.23628
0.23628
0.23628
0.23628
0.23628
0.23628
0.23628
0.236279
0.236279
0.236279
0.236279
0.236279
0.236278
0.236278
0.236278
0.236278
0.236278
0.236278
0.236277
0.236277
0.236277
0.236277
0.236277
0.236276
0.236276
0.236276
0.236276
0.236276
0.236276
0.236276
0.236275
0.236275
0.236275
0.236275
0.236275
0.236275
0.236275
0.236275
0.236275
0.236275
0.236274
0.236274
0.236274
0.236274
0.236274
0.236274
0.236274
0.236274
0.236274
0.236273
0.236273
0.236273
0.236273
0.236273
0.236273
0.236273
0.236273
0.236273
0.236273
0.236273
0.236273
0.236272
0.236272
0.236272
0.236272
0.236272
0.236272
0.236271
0.236271
0.236271
0.236271
0.23627
0.23627
0.23627
0.23627
0.236269
0.236269
0.236269
0.236269
0.236268
0.236268
0.236268
0.236268
0.236267
0.236267
0.236267
0.236267
0.236266
0.236266
0.236266
0.236266
0.236265
0.236265
0.236265
0.236265
0.236265
0.236264
0.236264
0.236264
0.236264
0.236263
0.236263
0.236263
0.236263
0.236263
0.236262
0.236262
0.236262
0.236261
0.236261
0.236261
0.236261
0.23626
0.23626
0.23626
0.23626
0.236259
0.236259
0.236259
0.236259
0.236258
0.236258
0.236258
0.236258
0.236257
0.236257
0.236257
0.236257
0.236256
0.236256
0.236256
0.236256
0.236255
0.236255
0.236255
0.236254
0.236254
0.236254
0.236253
0.236253
0.236253
0.236252
0.236252
0.236252
0.236252
0.236251
0.236251
0.236251
0.23625
0.23625
0.23625
0.236249
0.236249
0.236248
0.236248
0.236248
0.236247
0.236247
0.236246
0.236246
0.236246
0.236245
0.236245
0.236244
0.236244
0.236244
0.236243
0.236243
0.236242
0.236242
0.236241
0.236241
0.236241
0.23624
0.23624
0.236239
0.236239
0.236238
0.236238
0.236237
0.236237
0.236237
0.236236
0.236236
0.236235
0.236235
0.236235
0.236234
0.236234
0.236233
0.236233
0.236232
0.236232
0.236231
0.236231
0.236231
0.23623
0.236229
0.236229
0.236228
0.236228
0.236227
0.236227
0.236226
0.236226
0.236225
0.236225
0.236224
0.236224
0.236223
0.236222
0.236222
0.236221
0.236221
0.23622
0.23622
0.236219
0.236218
0.236218
0.236217
0.236217
0.236216
0.236216
0.236215
0.236215
0.236214
0.236214
0.236213
0.236213
0.236212
0.236211
0.236211
0.23621
0.23621
0.236209
0.236209
0.236208
0.236208
0.236207
0.236206
0.236206
0.236205
0.236205
0.236204
0.236203
0.236203
0.236202
0.236201
0.236201
0.2362
0.2362
0.236199
0.236198
0.236198
0.236197
0.236197
0.236196
0.236195
0.236195
0.236194
0.236193
0.236193
0.236192
0.236192
0.236191
0.23619
0.23619
0.236189
0.236188
0.236188
0.236187
0.236186
0.236186
0.236185
0.236184
0.236183
0.236183
0.236182
0.236181
0.236181
0.23618
0.236179
0.236178
0.236177
0.236177
0.236176
0.236175
0.236174
0.236173
0.236172
0.236171
0.23617
0.23617
0.236169
0.236168
0.236167
0.236166
0.236165
0.236164
0.236163
0.236162
0.236161
0.23616
0.236159
0.236158
0.236157
0.236156
0.236155
0.236154
0.236153
0.236152
0.236151
0.23615
0.236149
0.236148
0.236147
0.236146
0.236145
0.236144
0.236143
0.236142
0.236141
0.23614
0.236139
0.236138
0.236138
0.236137
0.236136
0.236135
0.236134
0.236133
0.236132
0.236131
0.23613
0.236129
0.236128
0.236127
0.236127
0.236126
0.236125
0.236124
0.236123
0.236122
0.236121
0.23612
0.236119
0.236118
0.236117
0.236117
0.236116
0.236115
0.236114
0.236113
0.236112
0.236111
0.236111
0.23611
0.236109
0.236108
0.236107
0.236106
0.236105
0.236105
0.236104
0.236103
0.236102
0.236101
0.236101
0.2361
0.236099
0.236098
0.236098
0.236097
0.236096
0.236095
0.236095
0.236094
0.236093
0.236093
0.236092
0.236091
0.236091
0.23609
0.236089
0.236089
0.236088
0.236087
0.236087
0.236086
0.236086
0.236085
0.236085
0.236084
0.236083
0.236083
0.236082
0.236082
0.236081
0.23608
0.23608
0.236079
0.236078
0.236078
0.236077
0.236077
0.236076
0.236075
0.236075
0.236074
0.236073
0.236073
0.236072
0.236072
0.236071
0.236071
0.23607
0.236069
0.236069
0.236068
0.236067
0.236067
0.236066
0.236066
0.236065
0.236064
0.236064
0.236063
0.236062
0.236061
0.236061
0.23606
0.236059
0.236059
0.236058
0.236057
0.236057
0.236056
0.236055
0.236055
0.236054
0.236053
0.236053
0.236052
0.236051
0.236051
0.23605
0.236049
0.236048
0.236048
0.236047
0.236047
0.236046
0.236046
0.236045
0.236044
0.236044
0.236043
0.236043
0.236042
0.236042
0.236042
0.236041
0.236041
0.23604
0.23604
0.236039
0.236039
0.236038
0.236038
0.236038
0.236037
0.236037
0.236037
0.236036
0.236036
0.236036
0.236035
0.236035
0.236035
0.236035
0.236034
0.236034
0.236034
0.236034
0.236034
0.236033
0.236033
0.236033
0.236033
0.236033
0.236033
0.236033
0.236032
0.236032
0.236032
0.236032
0.236032
0.236032
0.236032
0.236032
0.236032
0.236032
0.236031
0.236031
0.236031
0.236031
0.236031
0.236031
0.236031
0.236031
0.236031
0.236031
0.236031
0.236031
0.236031
0.236031
0.236031
0.236031
0.236031
0.236031
0.236031
0.236031
0.236032
0.236032
0.236032
0.236032
0.236032
0.236032
0.236032
0.236032
0.236032
0.236032
0.236032
0.236032
0.236032
0.236032
0.236032
0.236032
0.236032
0.236032
0.236032
0.236032
0.236032
0.236032
0.236032
0.236032
0.236032
0.236032
0.236032
0.236032
0.236032
0.236032
0.236032
0.236032
0.236032
0.236032
0.236032
0.236032
0.236032
0.236032
0.236032
0.236032
0.236032
0.236032
0.236032
0.236032
0.236032
0.236032
0.236032
0.236032
0.236032
0.236032
0.236032
0.236032
0.236033
0.236033
0.236033
0.236033
0.236033
0.236033
0.236033
0.236034
0.236034
0.236034
0.236034
0.236034
0.236035
0.236035
0.236035
0.236035
0.236035
0.236035
0.236036
0.236036
0.236036
0.236036
0.236036
0.236036
0.236037
0.236037
0.236037
0.236037
0.236037
0.236038
0.236038
0.236038
0.236038
0.236039
0.236039
0.236039
0.236039
0.23604
0.23604
0.23604
0.23604
0.236041
0.236041
0.236041
0.236041
0.236042
0.236042
0.236042
0.236043
0.236043
0.236043
0.236043
0.236044
0.236044
0.236044
0.236044
0.236045
0.236045
0.236045
0.236046
0.236046
0.236046
0.236046
0.236047
0.236047
0.236047
0.236048
0.236048
0.236048
0.236049
0.236049
0.236049
0.23605
0.23605
0.23605
0.236051
0.236051
0.236051
0.236052
0.236052
0.236052
0.236053
0.236053
0.236053
0.236054
0.236054
0.236054
0.236055
0.236055
0.236055
0.236056
0.236056
0.236056
0.236056
0.236057
0.236057
0.236057
0.236057
0.236057
0.236058
0.236058
0.236058
0.236058
0.236058
0.236059
0.236059
0.236059
0.236059
0.236059
0.236059
0.236059
0.23606
0.23606
0.23606
0.23606
0.23606
0.23606
0.23606
0.23606
0.23606
0.236061
0.236061
0.236061
0.236061
0.236061
0.236061
0.236061
0.236061
0.236062
0.236062
0.236062
0.236062
0.236062
0.236063
0.236063
0.236063
0.236063
0.236064
0.236064
0.236064
0.236064
0.236065
0.236065
0.236065
0.236065
0.236066
0.236066
0.236066
0.236066
0.236067
0.236067
0.236067
0.236067
0.236067
0.236068
0.236068
0.236068
0.236068
0.236068
0.236068
0.236069
0.236069
0.236069
0.236069
0.236069
0.23607
0.23607
0.23607
0.23607
0.236071
0.236071
0.236071
0.236071
0.236072
0.236072
0.236072
0.236072
0.236073
0.236073
0.236073
0.236074
0.236074
0.236074
0.236074
0.236074
0.236075
0.236075
0.236075
0.236075
0.236076
0.236076
0.236076
0.236076
0.236076
0.236077
0.236077
0.236077
0.236077
0.236077
0.236078
0.236078
0.236078
0.236078
0.236078
0.236078
0.236078
0.236079
0.236079
0.236079
0.236079
0.236079
0.236079
0.23608
0.23608
0.23608
0.23608
0.23608
0.236081
0.236081
0.236081
0.236081
0.236082
0.236082
0.236082
0.236082
0.236082
0.236083
0.236083
0.236083
0.236083
0.236084
0.236084
0.236084
0.236085
0.236085
0.236085
0.236086
0.236086
0.236086
0.236087
0.236087
0.236088
0.236088
0.236089
0.236089
0.23609
0.23609
0.23609
0.236091
0.236091
0.236092
0.236093
0.236093
0.236094
0.236094
0.236095
0.236096
0.236096
0.236097
0.236097
0.236098
0.236099
0.2361
0.2361
0.236101
0.236102
0.236103
0.236103
0.236104
0.236105
0.236106
0.236107
0.236108
0.236108
0.236109
0.23611
0.236111
0.236112
0.236113
0.236114
0.236115
0.236115
0.236116
0.236117
0.236118
0.236118
0.236119
0.23612
0.236121
0.236121
0.236122
0.236123
0.236124
0.236124
0.236125
0.236126
0.236127
0.236127
0.236128
0.236129
0.236129
0.23613
0.236131
0.236131
0.236132
0.236133
0.236133
0.236134
0.236135
0.236135
0.236136
0.236137
0.236137
0.236138
0.236139
0.236139
0.23614
0.23614
0.236141
0.236141
0.236142
0.236142
0.236143
0.236143
0.236144
0.236144
0.236145
0.236145
0.236145
0.236146
0.236146
0.236147
0.236147
0.236147
0.236148
0.236148
0.236148
0.236149
0.236149
0.236149
0.236149
0.236149
0.23615
0.23615
0.23615
0.23615
0.23615
0.23615
0.23615
0.23615
0.23615
0.23615
0.23615
0.23615
0.23615
0.23615
0.23615
0.23615
0.23615
0.23615
0.23615
0.23615
0.23615
0.23615
0.23615
0.23615
0.23615
0.23615
0.23615
0.236147
0.236145
0.236142
0.236142
0.236142
0.236139
0.236139
0.236142
0.236139
0.236139
0.236139
0.236139
0.236139
0.236138
0.236141
0.236141
0.23614
0.23614
0.23614
0.236139
0.236139
0.236139
0.236139
0.236138
0.236138
0.236138
0.236138
0.236135
0.236134
0.236134
0.236134
0.236134
0.236133
0.236131
0.23613
0.23613
0.23613
0.236129
0.236126
0.236126
0.236126
0.236126
0.236125
0.236125
0.236125
0.236127
0.236127
0.236126
0.236129
0.236128
0.23613
0.236132
0.236132
0.236132
0.236131
0.236133
0.236133
0.236133
0.236135
0.236135
0.236132
0.236134
0.236134
0.236134
0.236133
0.236136
0.236135
0.236137
0.236137
0.236134
0.236134
0.236136
0.236136
0.236135
0.236135
0.236135
0.236134
0.236134
0.236133
0.236133
0.236133
0.236132
0.236132
0.236132
0.236131
0.236131
0.236133
0.236133
0.236133
0.236132
0.236132
0.236135
0.236134
0.236137
0.236139
0.236142
0.236142
0.236144
0.236146
0.236149
0.236151
0.236154
0.236159
0.236161
0.236164
0.236169
0.236172
0.236175
0.236177
0.23618
0.23618
0.236183
0.236182
0.236186
0.236186
0.236186
0.236187
0.236187
0.23619
0.236191
0.236189
0.236194
0.236197
0.236197
0.2362
0.236203
0.236206
0.236208
0.236214
0.236217
0.236219
0.236222
0.236227
0.23623
0.236232
0.236232
0.236238
0.236241
0.236243
0.236249
0.236251
0.236254
0.23626
0.236262
0.236265
0.236271
0.236274
0.236276
0.236277
0.23628
0.236282
0.236285
0.236288
0.236294
0.236295
0.2363
0.236306
0.236309
0.236312
0.236321
0.236324
0.23633
0.236336
0.23634
0.236348
0.236355
0.236361
0.236365
0.23637
0.236376
0.236378
0.236385
0.23639
0.236392
0.236393
0.236403
0.236403
0.236407
0.236409
0.236411
0.236414
0.236417
0.236421
0.236424
0.236424
0.236422
0.236428
0.236431
0.236435
0.236438
0.236442
0.236445
0.236447
0.236451
0.236455
0.236451
0.236455
0.236459
0.236458
0.236457
0.23646
0.236464
0.236463
0.236464
0.236466
0.236469
0.236468
0.236473
0.236472
0.236479
0.236481
0.236488
0.23649
0.236494
0.236499
0.236501
0.236506
0.236513
0.236518
0.236525
0.236527
0.236534
0.236538
0.236548
0.236555
0.236564
0.236571
0.236578
0.236588
0.236595
0.236599
0.236606
0.236612
0.236617
0.236623
0.236627
0.236632
0.236636
0.236641
0.236643
0.236647
0.236651
0.236652
0.236656
0.23666
0.236666
0.23667
0.236676
0.236682
0.236691
0.236694
0.2367
0.236706
0.236714
0.23672
0.236731
0.236737
0.236745
0.236753
0.236761
0.236772
0.23678
0.236793
0.236801
0.236809
0.236819
0.236827
0.236835
0.236845
0.23685
0.236857
0.23686
0.236867
0.236869
0.236876
0.236878
0.236881
0.236883
0.236887
0.23689
0.236892
0.236895
0.236895
0.236897
0.236897
0.236897
0.236897
0.2369
0.2369
0.236903
0.236904
0.236907
0.236909
0.23691
0.236915
0.236916
0.236921
0.236926
0.236932
0.236938
0.236943
0.236948
0.236956
0.236961
0.236972
0.236977
0.236982
0.236987
0.236995
0.237003
0.237008
0.237014
0.23702
0.237029
0.237034
0.237043
0.237048
0.237057
0.237065
0.237071
0.237082
0.237091
0.237094
0.237108
0.237121
0.237135
0.237148
0.237162
0.237175
0.237188
0.237205
0.237218
0.237237
0.237251
0.237261
0.237278
0.237293
0.237306
0.237317
0.237327
0.237338
0.237345
0.237356
0.237364
0.237371
0.237378
0.237385
0.237391
0.237401
0.23741
0.237417
0.237426
0.237438
0.237448
0.23746
0.237466
0.237478
0.23749
0.237502
0.237512
0.237523
0.237533
0.237548
0.237562
0.237575
0.23759
0.237605
0.237622
0.237637
0.237649
0.237664
0.237676
0.237689
0.237701
0.23771
0.23772
0.237729
0.237739
0.237749
0.237755
0.237762
0.237771
0.237776
0.23778
0.237787
0.237794
0.237796
0.2378
0.237805
0.237809
0.237811
0.237814
0.237816
0.23782
0.237823
0.237827
0.237831
0.237835
0.237842
0.237844
0.237851
0.237855
0.237859
0.237866
0.237874
0.23788
0.237882
0.237889
0.237899
0.237904
0.237914
0.237924
0.237928
0.237939
0.237952
0.237962
0.237975
0.237982
0.237995
0.238006
0.238014
0.238021
0.238031
0.238042
0.238052
0.238063
0.238077
0.238088
0.2381
0.238114
0.238125
0.238138
0.238151
0.238162
0.238175
0.238189
0.238202
0.238215
0.238229
0.238245
0.238255
0.238269
0.238282
0.238293
0.238307
0.238315
0.238329
0.238341
0.238351
0.238365
0.238375
0.238391
0.238399
0.238414
0.238425
0.23844
0.238456
0.238471
0.238484
0.2385
0.238513
0.238525
0.238538
0.238557
0.238569
0.238587
0.238602
0.238617
0.238629
0.238645
0.238659
0.238674
0.238687
0.238704
0.238719
0.238731
0.238746
0.238759
0.238773
0.238786
0.238798
0.238807
0.238818
0.238827
0.238838
0.23885
0.238857
0.238865
0.238872
0.23888
0.238887
0.238897
0.238906
0.238917
0.238927
0.238936
0.238949
0.238964
0.238974
0.238992
0.239005
0.239019
0.239037
0.239052
0.239065
0.239082
0.239097
0.239113
0.239127
0.239143
0.239157
0.239175
0.239189
0.239202
0.239219
0.239232
0.239249
0.239264
0.239279
0.239296
0.239309
0.239323
0.239338
0.239354
0.239371
0.239386
0.239401
0.239419
0.239434
0.239449
0.239466
0.239481
0.239498
0.239513
0.23953
0.239545
0.23956
0.239578
0.239592
0.239607
0.23962
0.239635
0.239648
0.23966
0.239676
0.239686
0.239699
0.239711
0.239723
0.239735
0.239748
0.239762
0.239772
0.239784
0.239799
0.239813
0.239828
0.23984
0.23986
0.239874
0.239888
0.239909
0.239921
0.239937
0.239951
0.239966
0.239983
0.24
0.240014
0.24003
0.240045
0.240062
0.240079
0.240096
0.240111
0.240125
0.240145
0.240159
0.240171
0.240188
0.240205
0.240222
0.240234
0.240251
0.240266
0.24028
0.240297
0.240312
0.24033
0.240345
0.240361
0.240376
0.240394
0.240409
0.240422
0.240439
0.240457
0.240478
0.240493
0.24051
0.240525
0.24054
0.240556
0.240573
0.240585
0.240597
0.24061
0.240622
0.240634
0.240643
0.240657
0.240667
0.240681
0.240693
0.240708
0.240719
0.240734
0.240747
0.240762
0.240774
0.240787
0.240805
0.240817
0.24083
0.240848
0.24086
0.240877
0.240892
0.240907
0.240925
0.240942
0.24096
0.24098
0.241006
0.241024
0.241044
0.241065
0.241086
0.241109
0.24113
0.241156
0.241177
0.241201
0.241225
0.241246
0.241268
0.241291
0.241316
0.241337
0.241359
0.241374
0.241393
0.241411
0.241427
0.241445
0.241461
0.241476
0.241493
0.241506
0.241517
0.24153
0.241541
0.241551
0.241565
0.241575
0.241586
0.241597
0.241605
0.241616
0.241629
0.241643
0.241657
0.241668
0.241682
0.241695
0.24171
0.241721
0.241732
0.241749
0.241761
0.24178
0.241791
0.241811
0.241828
0.241844
0.241863
0.24188
0.241902
0.241918
0.24194
0.241957
0.241976
0.241999
0.242021
0.242041
0.242063
0.242083
0.242102
0.242116
0.242136
0.242155
0.242172
0.242186
0.242205
0.242222
0.242241
0.242257
0.242271
0.24229
0.242306
0.242322
0.242343
0.242359
0.242375
0.242396
0.242412
0.242431
0.242447
0.242466
0.242484
0.2425
0.242514
0.242532
0.242545
0.24256
0.242573
0.242591
0.242606
0.242622
0.242637
0.242648
0.242666
0.242684
0.242697
0.242712
0.242727
0.242745
0.242759
0.242774
0.242792
0.242807
0.242824
0.242842
0.242858
0.242876
0.242896
0.242915
0.242931
0.242954
0.242976
0.242996
0.243018
0.243038
0.243057
0.243081
0.243101
0.243121
0.243145
0.243167
0.243191
0.243212
0.243234
0.243258
0.243279
0.243304
0.243325
0.243349
0.24337
0.243394
0.243419
0.243439
0.243461
0.243482
0.243506
0.243533
0.243556
0.243583
0.243607
0.243631
0.243652
0.243679
0.243703
0.243726
0.243747
0.243774
0.243798
0.243825
0.243852
0.243881
0.243905
0.243929
0.243952
0.243973
0.244002
0.244028
0.244052
0.244077
0.244101
0.244126
0.24415
0.244173
0.244196
0.244219
0.244247
0.24427
0.244299
0.244321
0.244352
0.24438
0.244409
0.244437
0.244465
0.244496
0.244524
0.244555
0.244586
0.244614
0.244645
0.244673
0.244701
0.244729
0.244759
0.244784
0.244809
0.244837
0.244865
0.244889
0.244917
0.24494
0.244965
0.244988
0.24501
0.245033
0.245053
0.245075
0.245095
0.245118
0.245137
0.245154
0.245176
0.245196
0.245217
0.245233
0.245253
0.245272
0.245295
0.245316
0.245338
0.245358
0.245374
0.245387
0.24541
0.245432
0.245445
0.245465
0.245478
0.245494
0.24551
0.245523
0.245536
0.245554
0.245567
0.245579
0.245592
0.245605
0.245623
0.245638
0.245654
0.24567
0.245685
0.2457
0.245713
0.245729
0.245746
0.245759
0.245772
0.245786
0.245796
0.245809
0.245824
0.245833
0.245848
0.245859
0.245871
0.245882
0.245891
0.245902
0.245914
0.245924
0.245933
0.245943
0.245952
0.245962
0.24597
0.245978
0.245988
0.245996
0.246006
0.246016
0.246023
0.246034
0.246041
0.24605
0.246061
0.246065
0.246072
0.246079
0.246088
0.246092
0.246096
0.246103
0.246109
0.246113
0.246123
0.246129
0.246136
0.24614
0.246147
0.24615
0.246156
0.246165
0.246172
0.246176
0.246182
0.246186
0.246193
0.246196
0.2462
0.246202
0.246203
0.246208
0.246213
0.246217
0.246222
0.246221
0.246223
0.246228
0.246227
0.24623
0.246237
0.246243
0.246245
0.246253
0.246259
0.246264
0.246273
0.246284
0.246291
0.246297
0.246308
0.246318
0.246326
0.24634
0.246352
0.246362
0.246371
0.246384
0.246392
0.246404
0.246414
0.246425
0.246434
0.246445
0.246452
0.246466
0.246474
0.246483
0.246494
0.246505
0.246516
0.246523
0.246534
0.246545
0.246552
0.24656
0.246566
0.246574
0.246579
0.246587
0.246593
0.246598
0.246604
0.246611
0.246614
0.246623
0.246635
0.246641
0.24665
0.246658
0.246669
0.246678
0.246692
0.246689
0.246685
0.246681
0.246677
0.246674
0.24667
0.246666
0.246663
0.246659
0.246655
0.246652
0.246648
0.246645
0.246641
0.246637
0.246634
0.24663
0.246627
0.246624
0.24662
0.246617
0.246613
0.24661
0.246606
0.246603
0.2466
0.246596
0.246593
0.246589
0.246586
0.246583
0.246579
0.246576
0.246573
0.246569
0.246566
0.246563
0.246559
0.246556
0.246553
0.24655
0.246546
0.246543
0.24654
0.246537
0.246533
0.24653
0.246527
0.246524
0.246521
0.246518
0.246515
0.246512
0.246509
0.246506
0.246503
0.2465
0.246497
0.246494
0.246491
0.246488
0.246485
0.246482
0.246478
0.246475
0.246472
0.246469
0.246466
0.246463
0.24646
0.246457
0.246454
0.24645
0.246447
0.246444
0.246441
0.246438
0.246434
0.246431
0.246428
0.246425
0.246421
0.246418
0.246415
0.246412
0.246408
0.246405
0.246402
0.246398
0.246395
0.246392
0.246388
0.246385
0.246382
0.246378
0.246375
0.246372
0.246368
0.246365
0.246362
0.246358
0.246355
0.246352
0.246349
0.246345
0.246342
0.246339
0.246336
0.246333
0.24633
0.246327
0.246324
0.246321
0.246318
0.246315
0.246312
0.246309
0.246306
0.246303
0.2463
0.246298
0.246295
0.246292
0.246289
0.246287
0.246284
0.246281
0.246279
0.246276
0.246274
0.246271
0.246269
0.246267
0.246264
0.246262
0.24626
0.246258
0.246256
0.246254
0.246252
0.24625
0.246248
0.246246
0.246244
0.246242
0.246241
0.246239
0.246237
0.246236
0.246234
0.246232
0.246231
0.246229
0.246228
0.246227
0.246225
0.246224
0.246222
0.246221
0.24622
0.246219
0.246217
0.246216
0.246215
0.246214
0.246213
0.246212
0.246211
0.24621
0.246209
0.246208
0.246207
0.246206
0.246205
0.246204
0.246203
0.246202
0.246202
0.246201
0.2462
0.246199
0.246199
0.246198
0.246198
0.246197
0.246196
0.246196
0.246196
0.246195
0.246195
0.246194
0.246194
0.246194
0.246193
0.246193
0.246193
0.246193
0.246193
0.246193
0.246192
0.246192
0.246192
0.246192
0.246192
0.246206
0.246224
0.246241
0.246258
0.246275
0.246295
0.24631
0.24633
0.246347
0.246365
0.246382
0.246397
0.246418
0.246433
0.246448
0.246466
0.246481
0.246496
0.246507
0.246522
0.246533
0.246546
0.24656
0.246571
0.246583
0.246602
0.246617
0.246633
0.24665
0.246669
0.246689
0.246706
0.246725
0.246742
0.246758
0.246778
0.246794
0.246814
0.246831
0.246848
0.246866
0.246882
0.246897
0.246914
0.246928
0.246943
0.246958
0.246973
0.246985
0.246997
0.247015
0.24703
0.247045
0.247064
0.247074
0.247092
0.247107
0.247122
0.247137
0.247158
0.247173
0.24719
0.247207
0.247222
0.24724
0.247265
0.247282
0.247303
0.24732
0.247341
0.247358
0.247381
0.247398
0.247419
0.247437
0.247461
0.247479
0.2475
0.247519
0.247542
0.247561
0.247581
0.247597
0.247616
0.247634
0.247653
0.247671
0.24769
0.247708
0.247727
0.247745
0.247764
0.247781
0.2478
0.247818
0.247837
0.247858
0.247876
0.247895
0.247919
0.247941
0.247963
0.247985
0.248009
0.248027
0.24805
0.248068
0.248085
0.248107
0.248129
0.248146
0.248168
0.248188
0.24821
0.248227
0.248247
0.248269
0.248289
0.248309
0.248327
0.24835
0.248376
0.248399
0.248427
0.248451
0.248476
0.248502
0.248528
0.248553
0.248579
0.248605
0.248631
0.248655
0.248681
0.248706
0.248732
0.248754
0.248777
0.248805
0.248828
0.24885
0.248876
0.248898
0.248917
0.248937
0.248956
0.248974
0.248994
0.249016
0.249033
0.249055
0.249075
0.249093
0.249115
0.249134
0.249153
0.249172
0.249193
0.249212
0.249233
0.249254
0.249276
0.249295
0.249319
0.249335
0.249356
0.249378
0.249396
0.249418
0.249437
0.249459
0.249478
0.249499
0.249521
0.249539
0.24956
0.249578
0.249602
0.249626
0.249647
0.249668
0.249694
0.249715
0.249741
0.249762
0.249787
0.249808
0.249831
0.249856
0.249876
0.2499
0.249918
0.249935
0.249953
0.249973
0.249988
0.250003
0.250018
0.250033
0.250046
0.250061
0.250081
0.250096
0.250111
0.250129
0.250147
0.250167
0.250181
0.250201
0.250221
0.250244
0.250264
0.250283
0.250303
0.250323
0.250345
0.250362
0.250385
0.250401
0.250427
0.250444
0.250463
0.250489
0.250509
0.250528
0.250552
0.250571
0.250591
0.250607
0.250633
0.250649
0.25067
0.25069
0.250706
0.250723
0.250743
0.25076
0.250782
0.250798
0.25082
0.25084
0.25086
0.250885
0.250905
0.250925
0.250945
0.250966
0.250986
0.251006
0.251026
0.251042
0.251062
0.251081
0.251097
0.251114
0.25113
0.251149
0.251166
0.251183
0.251202
0.251228
0.251245
0.251267
0.251285
0.251311
0.251333
0.251354
0.251376
0.251397
0.251412
0.251429
0.251444
0.251459
0.25147
0.251482
0.251493
0.25151
0.251525
0.251536
0.251547
0.251562
0.251575
0.251586
0.251597
0.25161
0.251617
0.25163
0.251643
0.251656
0.251671
0.251684
0.251695
0.251704
0.251715
0.25173
0.251741
0.251752
0.251757
0.251768
0.251779
0.251786
0.251795
0.251809
0.251819
0.251828
0.251832
0.251842
0.251847
0.251854
0.251859
0.251862
0.251869
0.251879
0.251885
0.251892
0.251899
0.251909
0.251915
0.251921
0.251927
0.251938
0.251941
0.251946
0.251955
0.251958
0.251967
0.251976
0.25198
0.251983
0.251988
0.251991
0.251994
0.251996
0.252002
0.25201
0.252016
0.252022
0.25203
0.25204
0.252045
0.252051
0.252061
0.252071
0.252079
0.252087
0.252098
0.252116
0.252128
0.252136
0.252147
0.252158
0.25217
0.252182
0.252193
0.252205
0.252211
0.252222
0.252234
0.25224
0.252249
0.252258
0.252264
0.252274
0.252281
0.252292
0.252299
0.252307
0.252314
0.252323
0.252327
0.252337
0.252343
0.252349
0.252358
0.252365
0.252372
0.252382
0.252389
0.252393
0.252403
0.25241
0.252416
0.252425
0.252431
0.25244
0.25245
0.252458
0.252472
0.252482
0.252492
0.252503
0.25251
0.25252
0.252527
0.252536
0.25254
0.252553
0.25256
0.252566
0.252576
0.252579
0.252591
0.252599
0.252604
0.252606
0.252605
0.252604
0.252602
0.252597
0.252589
0.252577
0.252571
0.252555
0.25254
0.25253
0.252515
0.252499
0.252486
0.252471
0.252456
0.252443
0.252431
0.25242
0.252404
0.252389
0.25238
0.252367
0.252353
0.252344
0.252335
0.252329
0.25232
0.252314
0.252311
0.252305
0.252299
0.252293
0.252286
0.252284
0.252278
0.252275
0.252274
0.252271
0.252271
0.252268
0.252266
0.252266
0.252263
0.252264
0.252261
0.252262
0.252254
0.252251
0.252246
0.252243
0.252237
0.252231
0.252225
0.252217
0.252208
0.252198
0.252188
0.252179
0.252164
0.252154
0.252141
0.252129
0.252117
0.252098
0.252088
0.252076
0.252062
0.25205
0.25204
0.252027
0.252017
0.25201
0.251997
0.251987
0.25198
0.251971
0.251961
0.25195
0.251941
0.251932
0.251923
0.251911
0.251903
0.251897
0.251888
0.251879
0.251871
0.251862
0.251851
0.251843
0.251836
0.251827
0.251819
0.251811
0.251803
0.251794
0.251786
0.251778
0.25177
0.251762
0.251754
0.25175
0.251739
0.251731
0.251727
0.251717
0.251709
0.251705
0.251695
0.251688
0.251681
0.251674
0.251664
0.25166
0.251653
0.251645
0.251638
0.251635
0.251632
0.251625
0.251622
0.251616
0.251614
0.251611
0.251602
0.2516
0.251595
0.251593
0.251588
0.251584
0.251578
0.251574
0.251567
0.251563
0.251557
0.251551
0.251545
0.251536
0.251528
0.251517
0.251509
0.251496
0.251488
0.251476
0.251459
0.251447
0.251435
0.251421
0.251406
0.251391
0.251376
0.251361
0.251348
0.251334
0.251317
0.251299
0.251281
0.251267
0.251253
0.251233
0.251219
0.2512
0.251181
0.25116
0.251141
0.251126
0.251108
0.251088
0.251067
0.251051
0.251036
0.25102
0.251001
0.250984
0.250966
0.25095
0.250935
0.250923
0.250906
0.250891
0.250879
0.250865
0.250853
0.250838
0.250824
0.250813
0.250801
0.25079
0.250776
0.250767
0.250753
0.250742
0.250732
0.250723
0.250719
0.25071
0.250701
0.250695
0.250689
0.250685
0.250679
0.250679
0.250677
0.250678
0.250678
0.250675
0.250681
0.250681
0.250684
0.25069
0.25069
0.250699
0.250705
0.250711
0.250714
0.250719
0.250723
0.250726
0.250732
0.250732
0.250735
0.250741
0.250742
0.250741
0.250747
0.25075
0.250748
0.250751
0.250752
0.250751
0.250752
0.250752
0.250753
0.250748
0.250749
0.250746
0.250745
0.250743
0.250741
0.250741
0.250739
0.250734
0.250733
0.250736
0.250731
0.25073
0.25073
0.250728
0.250723
0.250722
0.25072
0.250719
0.250712
0.250711
0.250709
0.250707
0.250705
0.250704
0.250702
0.250703
0.250705
0.250703
0.250705
0.250707
0.250708
0.250707
0.250709
0.250707
0.250712
0.250714
0.250713
0.250712
0.250712
0.250711
0.250714
0.250716
0.250716
0.250716
0.250718
0.25072
0.25072
0.250718
0.25072
0.250716
0.250718
0.250717
0.250719
0.250718
0.250713
0.250714
0.250715
0.250713
0.250708
0.250706
0.250704
0.250703
0.250701
0.250702
0.250701
0.250701
0.250696
0.250696
0.250693
0.250696
0.250691
0.250691
0.250685
0.250683
0.250678
0.250676
0.250674
0.250672
0.25067
0.250663
0.250664
0.250662
0.25066
0.250658
0.250658
0.250653
0.250654
0.250649
0.250651
0.250649
0.250644
0.250643
0.250643
0.250641
0.250636
0.250634
0.250633
0.250631
0.250626
0.250624
0.250622
0.250619
0.250618
0.250613
0.250608
0.250606
0.250604
0.250601
0.250599
0.250595
0.250596
0.250593
0.250591
0.250586
0.250587
0.250586
0.25058
0.250581
0.25058
0.250578
0.250579
0.250573
0.250574
0.250572
0.250569
0.250567
0.250565
0.250561
0.250555
0.250553
0.250547
0.250545
0.25054
0.250537
0.250532
0.250526
0.250526
0.250523
0.25052
0.25052
0.250519
0.250519
0.250518
0.250518
0.250518
0.250517
0.250517
0.250516
0.250515
0.250513
0.250509
0.250508
0.250504
0.250505
0.250501
0.250492
0.250489
0.250483
0.250477
0.250468
0.250462
0.250459
0.250451
0.25044
0.250432
0.250425
0.250421
0.250413
0.250402
0.250397
0.250389
0.250382
0.250376
0.250369
0.250365
0.250356
0.250353
0.250345
0.250341
0.250337
0.25033
0.250327
0.250322
0.250318
0.250312
0.250312
0.250307
0.250304
0.250297
0.25029
0.250287
0.250281
0.250273
0.250267
0.250255
0.250244
0.250241
0.250229
0.250215
0.250201
0.25019
0.250175
0.250165
0.250154
0.250141
0.250123
0.25011
0.250089
0.250071
0.250053
0.250032
0.250008
0.249989
0.249965
0.249938
0.249911
0.249881
0.249857
0.24983
0.249806
0.249774
0.249752
0.249724
0.24969
0.24965
0.249612
0.249569
0.249515
0.249474
0.249431
0.249391
0.249358
0.249311
0.249267
0.249217
0.249167
0.249117
0.24907
0.24902
0.248968
0.248921
0.248869
0.248814
0.24876
0.248699
0.248645
0.248586
0.24853
0.248471
0.248415
0.248356
0.248308
0.24825
0.248196
0.24814
0.248086
0.248039
0.247977
0.24792
0.247873
0.247821
0.247769
0.247726
0.247676
0.247628
0.24758
0.247539
0.247494
0.247452
0.247414
0.24738
0.247342
0.247312
0.247279
0.247246
0.247214
0.247187
0.247166
0.247141
0.247122
0.247103
0.247083
0.247067
0.247054
0.247037
0.247021
0.247007
0.246994
0.246977
0.246967
0.246954
0.246937
0.246926
0.246919
0.246908
0.246901
0.246894
0.246886
0.246882
0.246871
0.24687
0.246865
0.246862
0.246861
0.246859
0.246857
0.246855
0.246855
0.246856
0.246854
0.246856
0.246859
0.246858
0.246864
0.246866
0.246869
0.246876
0.246884
0.246889
0.246893
0.246901
0.246907
0.246914
0.246923
0.246936
0.246944
0.246954
0.246967
0.24698
0.246995
0.24701
0.247025
0.24704
0.247056
0.247071
0.24709
0.247107
0.247126
0.247146
0.247165
0.247188
0.247206
0.247229
0.24725
0.247269
0.247289
0.247351
0.247366
0.247382
0.247394
0.247406
0.247415
0.247425
0.247428
0.247429
0.247436
0.247433
0.247435
0.247429
0.247428
0.247422
0.247416
0.247413
0.247407
0.247401
0.247395
0.24739
0.24738
0.247374
0.247365
0.247356
0.247353
0.24734
0.247334
0.247325
0.24732
0.247312
0.247303
0.247301
0.247292
0.247285
0.24728
0.247271
0.247265
0.247256
0.247246
0.247242
0.247234
0.247224
0.247208
0.247197
0.247184
0.247165
0.247148
0.247129
0.247111
0.247092
0.247067
0.247048
0.247027
0.247005
0.24698
0.24696
0.246939
0.246914
0.246891
0.246866
0.246848
0.246823
0.246792
0.246767
0.246738
0.246714
0.246688
0.246651
0.246623
0.246593
0.246567
0.246544
0.246519
0.246496
0.246471
0.246448
0.246423
0.246395
0.246366
0.246337
0.246313
0.246285
0.246261
0.246237
0.246206
0.246187
0.246159
0.246138
0.246113
0.246094
0.246066
0.246044
0.246019
0.246001
0.245977
0.245953
0.245929
0.245908
0.245882
0.245864
0.245839
0.245814
0.245789
0.245765
0.245736
0.245707
0.245679
0.24565
0.245622
0.245593
0.245565
0.245532
0.245501
0.245473
0.245446
0.245415
0.245388
0.245357
0.24532
0.245286
0.245256
0.245226
0.245195
0.245161
0.245131
0.245094
0.245051
0.245018
0.24498
0.244943
0.244909
0.244867
0.244826
0.244777
0.244735
0.244689
0.244646
0.244608
0.244564
0.244522
0.244471
0.244427
0.244387
0.244339
0.244302
0.244258
0.244224
0.244176
0.244135
0.244098
0.244057
0.244015
0.243981
0.243946
0.243911
0.243876
0.243839
0.243804
0.243772
0.243744
0.243715
0.243687
0.243666
0.243645
0.243627
0.243602
0.243588
0.24357
0.243556
0.243538
0.243523
0.243509
0.243501
0.243492
0.243488
0.243476
0.243468
0.24346
0.243463
0.243454
0.243453
0.243456
0.243456
0.243458
0.243459
0.24347
0.243471
0.243481
0.243488
0.243498
0.243505
0.243511
0.243521
0.243532
0.243536
0.243544
0.243555
0.243567
0.243574
0.24359
0.243598
0.243609
0.243621
0.243628
0.24364
0.243651
0.243661
0.243671
0.243682
0.24369
0.243701
0.243706
0.243714
0.243729
0.243737
0.243748
0.243759
0.243765
0.24378
0.243792
0.243804
0.243818
0.243834
0.243845
0.243857
0.24387
0.243887
0.243903
0.243924
0.243938
0.24396
0.243979
0.243995
0.244014
0.244036
0.244057
0.244075
0.244092
0.244113
0.244127
0.244144
0.244159
0.244172
0.244187
0.244199
0.24421
0.244227
0.244238
0.244246
0.244261
0.244268
0.244275
0.244291
0.244298
0.244309
0.244315
0.244326
0.244331
0.244342
0.24435
0.244361
0.244366
0.244378
0.244389
0.244396
0.244405
0.244417
0.244424
0.24444
0.244451
0.244462
0.244472
0.244483
0.2445
0.244509
0.244521
0.244534
0.244543
0.244554
0.24456
0.244573
0.244576
0.244589
0.244596
0.244606
0.244613
0.244618
0.244625
0.244624
0.244631
0.244636
0.244638
0.244642
0.244645
0.244644
0.244651
0.24465
0.244649
0.244652
0.244655
0.244655
0.244657
0.244657
0.244662
0.24467
0.244673
0.244677
0.244686
0.244694
0.244703
0.244711
0.244717
0.244726
0.244736
0.244742
0.244758
0.244767
0.244775
0.244785
0.244801
0.244809
0.244821
0.244831
0.244843
0.244851
0.244863
0.244871
0.244883
0.244891
0.244899
0.244907
0.244915
0.244922
0.244926
0.244934
0.244945
0.244947
0.244955
0.24496
0.244964
0.244969
0.244973
0.24497
0.244975
0.244977
0.244976
0.244978
0.244975
0.244977
0.244977
0.244974
0.244975
0.244977
0.244978
0.244979
0.24498
0.244982
0.244981
0.244982
0.244983
0.244985
0.244989
0.24499
0.244991
0.244993
0.244994
0.244995
0.244996
0.245002
0.245001
0.245002
0.245003
0.245004
0.245003
0.245004
0.245002
0.245001
0.245
0.244994
0.244993
0.244988
0.244983
0.244975
0.244974
0.244969
0.244971
0.244965
0.244964
0.244958
0.244956
0.244955
0.244953
0.244947
0.244945
0.244939
0.244936
0.244931
0.244928
0.244926
0.244924
0.244922
0.244916
0.244914
0.244907
0.244905
0.244899
0.244897
0.244891
0.244889
0.244882
0.24488
0.244876
0.244873
0.244871
0.244864
0.244862
0.24486
0.244857
0.244854
0.244852
0.244849
0.244843
0.244845
0.244839
0.244832
0.244834
0.244828
0.244829
0.244823
0.24482
0.244819
0.24482
0.244818
0.244816
0.244817
0.244815
0.244816
0.244814
0.244816
0.244818
0.24482
0.244821
0.244823
0.244825
0.24483
0.244828
0.24483
0.244834
0.244836
0.244838
0.244836
0.244836
0.244834
0.244836
0.244836
0.244838
0.244836
0.244837
0.244835
0.244837
0.244831
0.244835
0.24483
0.244832
0.24483
0.244828
0.244831
0.244829
0.244831
0.244834
0.244832
0.244834
0.244837
0.244839
0.244841
0.244844
0.244846
0.244848
0.244855
0.244857
0.24486
0.244862
0.244865
0.244867
0.24487
0.244872
0.244873
0.244876
0.244878
0.244881
0.244884
0.244886
0.244889
0.244892
0.244895
0.244897
0.2449
0.244898
0.244901
0.244904
0.244906
0.244909
0.244912
0.244914
0.244917
0.244922
0.244924
0.244927
0.244929
0.244932
0.24493
0.244933
0.244936
0.244938
0.244941
0.244944
0.244938
0.244941
0.244943
0.244946
0.244949
0.244951
0.244954
0.244956
0.244959
0.244961
0.244964
0.244967
0.244969
0.244972
0.244974
0.244977
0.244975
0.244978
0.24498
0.244983
0.244985
0.244983
0.244986
0.244988
0.244991
0.244989
0.244988
0.244986
0.244989
0.244991
0.24499
0.244989
0.244987
0.24499
0.244992
0.244991
0.24499
0.244988
0.244991
0.244994
0.244997
0.244995
0.244998
0.244993
0.244995
0.244994
0.244997
0.244993
0.244992
0.244991
0.244986
0.244988
0.244983
0.244986
0.24498
0.244979
0.244974
0.244976
0.244971
0.244967
0.244962
0.244961
0.24496
0.244952
0.244951
0.24495
0.244945
0.244942
0.244937
0.244939
0.244932
0.244931
0.24493
0.244929
0.24493
0.244924
0.244927
0.244926
0.244928
0.244927
0.24493
0.244928
0.244931
0.244934
0.244932
0.244935
0.244937
0.244939
0.244938
0.24494
0.244939
0.244937
0.244933
0.244932
0.244933
0.244927
0.244925
0.244921
0.244919
0.244911
0.244904
0.244896
0.244889
0.244885
0.244872
0.244865
0.244857
0.244848
0.244839
0.244834
0.244821
0.244816
0.244807
0.244802
0.244794
0.244789
0.244784
0.244778
0.244773
0.244772
0.244762
0.244759
0.244757
0.244752
0.24475
0.244748
0.244742
0.244741
0.244737
0.244734
0.244733
0.244732
0.244731
0.24473
0.244732
0.244728
0.244731
0.244734
0.244738
0.244733
0.244737
0.244744
0.244743
0.244746
0.244757
0.244763
0.244767
0.244775
0.244782
0.244789
0.244793
0.2448
0.244804
0.244807
0.244819
0.244821
0.24483
0.244836
0.244834
0.244843
0.244846
0.24485
0.244853
0.244859
0.244861
0.244861
0.244863
0.244865
0.244863
0.244864
0.24487
0.244877
0.24488
0.244882
0.244895
0.2449
0.244907
0.244915
0.244924
0.244934
0.244943
0.244951
0.244966
0.244972
0.244987
0.245003
0.245022
0.245042
0.245061
0.245087
0.245112
0.245134
0.245157
0.245186
0.245216
0.245246
0.245284
0.245322
0.245368
0.245411
0.24545
0.245493
0.245529
0.245571
0.245617
0.245671
0.24572
0.245766
0.245808
0.245849
0.245897
0.245941
0.245989
0.246032
0.246076
0.246117
0.246158
0.246198
0.246241
0.246281
0.246327
0.246359
0.246399
0.246436
0.246474
0.246516
0.246555
0.246599
0.246642
0.246688
0.246731
0.246777
0.246822
0.246857
0.246902
0.246937
0.246982
0.247024
0.247068
0.24711
0.247146
0.247191
0.247236
0.247281
0.247325
0.24737
0.247411
0.247453
0.247491
0.247532
0.247583
0.247618
0.247659
0.247693
0.247737
0.247782
0.247825
0.24787
0.2479
0.247941
0.247978
0.248018
0.248055
0.248095
0.248135
0.248173
0.248203
0.248236
0.248256
0.248285
0.248311
0.248336
0.248358
0.248385
0.248407
0.248429
0.248447
0.248469
0.248488
0.248507
0.248521
0.248534
0.248545
0.248558
0.248572
0.248583
0.248601
0.248612
0.248623
0.248629
0.248641
0.248643
0.248647
0.248648
0.248652
0.248655
0.248656
0.248657
0.248662
0.248663
0.248663
0.248661
0.248665
0.248669
0.248677
0.248681
0.248678
0.24868
0.248678
0.248685
0.248686
0.24869
0.248694
0.248692
0.248692
0.248693
0.248697
0.248696
0.248697
0.24869
0.248682
0.248677
0.248674
0.248667
0.248658
0.248656
0.248653
0.24865
0.248644
0.248642
0.248635
0.248634
0.248635
0.248636
0.248634
0.24864
0.248647
0.248657
0.248663
0.248676
0.248691
0.248702
0.248711
0.248724
0.248732
0.248738
0.248743
0.248749
0.248756
0.248762
0.248766
0.248773
0.248784
0.248793
0.248799
0.248806
0.248814
0.248822
0.24883
0.248834
0.248841
0.248845
0.248847
0.248851
0.248854
0.248856
0.248858
0.248859
0.248862
0.24886
0.248858
0.248857
0.248852
0.248849
0.248844
0.248836
0.248831
0.248823
0.24882
0.248808
0.248803
0.248793
0.248788
0.248779
0.248776
0.248768
0.248761
0.248754
0.248751
0.248745
0.248736
0.248726
0.248723
0.248716
0.248709
0.248706
0.248699
0.248698
0.248688
0.248681
0.24868
0.248673
0.248664
0.248659
0.248654
0.248644
0.248637
0.248628
0.248623
0.248616
0.248611
0.248607
0.248606
0.248596
0.248592
0.24859
0.248587
0.24858
0.248578
0.248567
0.248565
0.248562
0.24856
0.248553
0.248553
0.248553
0.248546
0.248544
0.248541
0.248539
0.248537
0.248532
0.248531
0.248531
0.248531
0.24853
0.24853
0.248529
0.24853
0.248525
0.248523
0.248522
0.248523
0.248517
0.248515
0.248509
0.248504
0.2485
0.248496
0.248493
0.248489
0.248485
0.24848
0.248476
0.248465
0.248466
0.248458
0.24846
0.248457
0.248454
0.248456
0.248455
0.248466
0.248475
0.248476
0.248487
0.248491
0.248494
0.248499
0.248501
0.248507
0.248505
0.248508
0.248507
0.248515
0.248523
0.248527
0.248537
0.248543
0.248552
0.248567
0.248581
0.248597
0.248614
0.248629
0.248653
0.248669
0.248688
0.248708
0.248728
0.248749
0.248771
0.248798
0.248825
0.248855
0.248883
0.248914
0.248946
0.248977
0.249006
0.249037
0.249068
0.249103
0.249143
0.249172
0.249207
0.249244
0.249278
0.249312
0.249355
0.249392
0.249426
0.249466
0.249503
0.24954
0.249577
0.249613
0.249647
0.249686
0.249722
0.249759
0.249798
0.249836
0.249865
0.249901
0.249937
0.249975
0.250008
0.250043
0.250077
0.250122
0.250156
0.250191
0.250218
0.250255
0.250282
0.250318
0.250354
0.250385
0.250422
0.250453
0.250482
0.250514
0.250543
0.250575
0.2506
0.250626
0.250656
0.25069
0.250718
0.250743
0.25077
0.250798
0.250828
0.250851
0.250874
0.250896
0.25092
0.250939
0.25097
0.250997
0.251023
0.251045
0.251069
0.251089
0.251109
0.251131
0.251155
0.25117
0.251182
0.251197
0.251208
0.251213
0.251217
0.251215
0.25121
0.251194
0.251179
0.251159
0.251125
0.251089
0.251051
0.251008
0.250958
0.250909
0.250859
0.250811
0.250758
0.250708
0.250653
0.250595
0.250538
0.250481
0.250418
0.250353
0.250291
0.250227
0.250163
0.2501
0.250039
0.249973
0.249916
0.249856
0.249801
0.249744
0.249687
0.249632
0.249575
0.249524
0.249475
0.249432
0.249382
0.249336
0.249289
0.249247
0.249206
0.24917
0.249133
0.249096
0.249063
0.249038
0.249009
0.248981
0.248958
0.248938
0.248914
0.248885
0.248864
0.248837
0.248816
0.248789
0.248765
0.24874
0.248719
0.248693
0.248668
0.248645
0.24862
0.24859
0.24856
0.248525
0.24849
0.248461
0.248427
0.248396
0.248357
0.248325
0.248289
0.24825
0.248209
0.248175
0.248133
0.24809
0.248046
0.248001
0.247954
0.247908
0.247861
0.247806
0.247759
0.247705
0.24766
0.247605
0.247549
0.247494
0.247437
0.247386
0.247328
0.247268
0.247214
0.24716
0.247103
0.247044
0.246996
0.246937
0.246881
0.246817
0.246755
0.246693
0.246619
0.246557
0.246494
0.246429
0.246368
0.246303
0.246241
0.246181
0.246118
0.246058
0.246004
0.245945
0.245889
0.245832
0.245779
0.245725
0.245665
0.245615
0.245565
0.245517
0.245467
0.245414
0.245367
0.245323
0.245274
0.245227
0.245178
0.245137
0.245094
0.245052
0.245016
0.244979
0.24494
0.244898
0.244858
0.244823
0.244786
0.244749
0.244707
0.244665
0.244619
0.244581
0.244542
0.244498
0.244465
0.244429
0.244387
0.244346
0.244306
0.244261
0.244222
0.244177
0.244133
0.244088
0.244043
0.243999
0.243953
0.243905
0.243854
0.243804
0.243753
0.243703
0.243647
0.2436
0.243546
0.243498
0.243438
0.243377
0.243322
0.243255
0.243195
0.243134
0.243079
0.243029
0.242974
0.242914
0.242856
0.242804
0.242748
0.242693
0.242644
0.242593
0.242547
0.242497
0.242444
0.242395
0.242347
0.242297
0.242253
0.242207
0.242159
0.242115
0.242066
0.242019
0.241971
0.24192
0.24187
0.241825
0.241781
0.241734
0.241682
0.24163
0.241587
0.241535
0.241483
0.24143
0.241378
0.241319
0.241263
0.241207
0.241145
0.241089
0.241036
0.240982
0.240926
0.240873
0.240817
0.240761
0.240704
0.240651
0.240601
0.240543
0.240489
0.240438
0.240389
0.240336
0.240288
0.240245
0.240197
0.240144
0.240098
0.240045
0.239997
0.239944
0.239891
0.239842
0.239788
0.239737
0.239685
0.239632
0.239586
0.239545
0.239499
0.239455
0.239406
0.239357
0.239315
0.239269
0.239215
0.239166
0.239125
0.239074
0.23903
0.238987
0.238944
0.238899
0.238853
0.238803
0.23876
0.23872
0.238683
0.238642
0.2386
0.238561
0.238513
0.238471
0.238422
0.238383
0.238336
0.238298
0.238256
0.238214
0.238173
0.238134
0.238102
0.238061
0.23802
0.23798
0.23794
0.237899
0.237865
0.237827
0.237792
0.237754
0.23772
0.237689
0.23766
0.237637
0.237609
0.237582
0.237554
0.237524
0.237494
0.237466
0.237436
0.23741
0.237378
0.237351
0.237328
0.237297
0.237274
0.237252
0.237226
0.2372
0.237178
0.237151
0.237127
0.237109
0.237085
0.237061
0.237035
0.237012
0.236984
0.236964
0.236938
0.236916
0.236886
0.236859
0.236834
0.236804
0.23678
0.236754
0.236725
0.236699
0.23667
0.236639
0.23661
0.23658
0.236549
0.236521
0.23649
0.236457
0.236424
0.236393
0.236358
0.236325
0.236293
0.236263
0.236231
0.236204
0.236174
0.236147
0.23612
0.236093
0.236066
0.236042
0.236015
0.235994
0.23597
0.235948
0.23593
0.235905
0.235889
0.23587
0.235849
0.235828
0.235807
0.235788
0.235772
0.235752
0.235739
0.235721
0.235706
0.23569
0.235675
0.235663
0.235647
0.235637
0.235627
0.235615
0.235605
0.235597
0.235587
0.235583
0.235575
0.235571
0.235569
0.235562
0.23556
0.23556
0.235556
0.235551
0.235551
0.235549
0.235552
0.235552
0.23555
0.235553
0.235552
0.235552
0.235552
0.235552
0.235552
0.235553
0.235553
0.235553
0.235553
0.235553
0.235554
0.235554
0.235554
0.235554
0.235555
0.235555
0.235555
0.235556
0.235556
0.235556
0.235557
0.235557
0.235558
0.235558
0.235558
0.235559
0.235559
0.23556
0.23556
0.23556
0.235561
0.235561
0.235562
0.235562
0.235563
0.235563
0.235563
0.235564
0.235564
0.235565
0.235565
0.235566
0.235566
0.235566
0.235567
0.235567
0.235567
0.235568
0.235568
0.235568
0.235569
0.235569
0.235569
0.235569
0.235569
0.235569
0.235568
0.235568
0.235568
0.235568
0.235568
0.235567
0.235567
0.235567
0.235566
0.235566
0.235566
0.235565
0.235565
0.235565
0.235564
0.235564
0.235563
0.235563
0.235562
0.235562
0.235561
0.235561
0.23556
0.23556
0.235559
0.235559
0.235559
0.235558
0.235558
0.235557
0.235557
0.235556
0.235556
0.235555
0.235555
0.235554
0.235554
0.235554
0.235553
0.235553
0.235553
0.235553
0.235552
0.235552
0.235551
0.235551
0.23555
0.23555
0.235549
0.235549
0.235549
0.235548
0.235548
0.235547
0.235547
0.235546
0.235546
0.235546
0.235545
0.235545
0.235545
0.235545
0.235544
0.235544
0.235544
0.235544
0.235544
0.235544
0.235544
0.235544
0.235544
0.235544
0.235544
0.235544
0.235544
0.235544
0.235544
0.235544
0.235545
0.235545
0.235545
0.235545
0.235545
0.235545
0.235546
0.235546
0.235546
0.235546
0.235546
0.235547
0.235547
0.235547
0.235547
0.235547
0.235547
0.235547
0.235548
0.235548
0.235548
0.235548
0.235548
0.235549
0.235549
0.235549
0.23555
0.23555
0.23555
0.235551
0.235551
0.235551
0.235552
0.235552
0.235552
0.235553
0.235553
0.235554
0.235554
0.235555
0.235555
0.235556
0.235556
0.235557
0.235557
0.235558
0.235559
0.235559
0.23556
0.235561
0.235561
0.235562
0.235562
0.235563
0.235564
0.235564
0.235565
0.235566
0.235566
0.235567
0.235568
0.235568
0.235569
0.235569
0.23557
0.235571
0.235571
0.235572
0.235573
0.235573
0.235574
0.235574
0.235575
0.235575
0.235576
0.235576
0.235577
0.235577
0.235578
0.235578
0.235579
0.235579
0.235579
0.23558
0.23558
0.235581
0.235581
0.235582
0.235582
0.235583
0.235583
0.235584
0.235584
0.235584
0.235585
0.235585
0.235586
0.235586
0.235587
0.235587
0.235587
0.235588
0.235588
0.235588
0.235589
0.235589
0.235589
0.235589
0.23559
0.23559
0.23559
0.23559
0.235591
0.235591
0.235591
0.235591
0.235592
0.235592
0.235592
0.235592
0.235593
0.235593
0.235593
0.235593
0.235593
0.235594
0.235594
0.235594
0.235594
0.235594
0.235594
0.235594
0.235595
0.235595
0.235595
0.235595
0.235595
0.235595
0.235596
0.235596
0.235596
0.235596
0.235596
0.235596
0.235596
0.235597
0.235597
0.235597
0.235597
0.235597
0.235597
0.235598
0.235598
0.235598
0.235598
0.235598
0.235598
0.235599
0.235599
0.235599
0.235599
0.235599
0.235599
0.2356
0.2356
0.2356
0.2356
0.2356
0.2356
0.2356
0.235601
0.235601
0.235601
0.235601
0.235601
0.235602
0.235602
0.235602
0.235602
0.235603
0.235603
0.235603
0.235603
0.235604
0.235604
0.235604
0.235604
0.235605
0.235605
0.235605
0.235605
0.235605
0.235606
0.235606
0.235606
0.235606
0.235606
0.235607
0.235607
0.235607
0.235607
0.235607
0.235608
0.235608
0.235608
0.235608
0.235608
0.235609
0.235609
0.235609
0.235609
0.235609
0.23561
0.23561
0.23561
0.23561
0.23561
0.235611
0.235611
0.235611
0.235611
0.235612
0.235612
0.235612
0.235612
0.235613
0.235613
0.235613
0.235613
0.235614
0.235614
0.235614
0.235613
0.235613
0.235613
0.235613
0.235613
0.235613
0.235613
0.235613
0.235613
0.235613
0.235613
0.235613
0.235612
0.235612
0.235612
0.235612
0.235612
0.235611
0.235611
0.235611
0.235611
0.23561
0.23561
0.23561
0.23561
0.23561
0.235609
0.235609
0.235609
0.235609
0.235609
0.235608
0.235608
0.235608
0.235608
0.235608
0.235608
0.235607
0.235607
0.235607
0.235607
0.235607
0.235607
0.235606
0.235606
0.235606
0.235606
0.235606
0.235606
0.235605
0.235605
0.235605
0.235605
0.235605
0.235604
0.235604
0.235604
0.235604
0.235604
0.235603
0.235603
0.235603
0.235603
0.235603
0.235602
0.235602
0.235602
0.235602
0.235602
0.235601
0.235601
0.235601
0.2356
0.2356
0.2356
0.235599
0.235599
0.235599
0.235598
0.235598
0.235598
0.235597
0.235597
0.235596
0.235596
0.235595
0.235595
0.235594
0.235594
0.235593
0.235593
0.235592
0.235591
0.235591
0.23559
0.23559
0.235589
0.235589
0.235589
0.235588
0.235588
0.235587
0.235587
0.235586
