0.254079
0.254079
0.254079
0.254079
0.254079
0.254079
0.254079
0.254079
0.254079
0.254079
0.254079
0.254079
0.254079
0.254079
0.254079
0.254079
0.254079
0.254079
0.254079
0.254079
0.254079
0.254079
0.254079
0.254079
0.254079
0.254079
0.254079
0.254079
0.254079
0.254079
0.254079
0.254079
0.254079
0.254079
0.254079
0.254079
0.25408
0.25408
0.25408
0.25408
0.25408
0.25408
0.25408
0.25408
0.25408
0.254081
0.254081
0.254081
0.254081
0.254081
0.254081
0.254081
0.254081
0.254082
0.254082
0.254082
0.254082
0.254082
0.254083
0.254083
0.254083
0.254083
0.254084
0.254084
0.254084
0.254085
0.254085
0.254085
0.254086
0.254086
0.254086
0.254086
0.254087
0.254087
0.254087
0.254088
0.254088
0.254088
0.254088
0.254089
0.254089
0.254089
0.25409
0.25409
0.25409
0.25409
0.254091
0.254091
0.254091
0.254091
0.254092
0.254092
0.254092
0.254092
0.254093
0.254093
0.254093
0.254093
0.254093
0.254094
0.254094
0.254094
0.254094
0.254094
0.254094
0.254095
0.254095
0.254095
0.254095
0.254095
0.254095
0.254095
0.254096
0.254096
0.254096
0.254096
0.254096
0.254096
0.254096
0.254096
0.254096
0.254097
0.254097
0.254097
0.254097
0.254097
0.254097
0.254097
0.254097
0.254097
0.254097
0.254097
0.254097
0.254097
0.254097
0.254097
0.254097
0.254097
0.254096
0.254096
0.254096
0.254096
0.254096
0.254096
0.254095
0.254095
0.254095
0.254095
0.254094
0.254094
0.254094
0.254094
0.254093
0.254093
0.254093
0.254093
0.254093
0.254093
0.254092
0.254092
0.254092
0.254092
0.254092
0.254092
0.254092
0.254092
0.254091
0.254091
0.254091
0.254091
0.254091
0.254091
0.254091
0.254091
0.25409
0.25409
0.25409
0.25409
0.25409
0.25409
0.25409
0.254089
0.254089
0.254089
0.254089
0.254089
0.254089
0.254089
0.254088
0.254088
0.254088
0.254088
0.254088
0.254088
0.254088
0.254088
0.254088
0.254088
0.254088
0.254088
0.254088
0.254088
0.254088
0.254088
0.254088
0.254088
0.254089
0.254089
0.254089
0.254089
0.254089
0.254089
0.254089
0.25409
0.25409
0.25409
0.25409
0.25409
0.254091
0.254091
0.254091
0.254091
0.254092
0.254092
0.254092
0.254092
0.254092
0.254093
0.254093
0.254093
0.254093
0.254093
0.254094
0.254094
0.254094
0.254094
0.254094
0.254095
0.254095
0.254095
0.254095
0.254096
0.254096
0.254096
0.254096
0.254096
0.254096
0.254097
0.254097
0.254097
0.254097
0.254097
0.254097
0.254097
0.254097
0.254097
0.254097
0.254097
0.254098
0.254098
0.254098
0.254098
0.254098
0.254098
0.254098
0.254098
0.254098
0.254098
0.254098
0.254098
0.254098
0.254099
0.254099
0.254099
0.254099
0.254099
0.254099
0.254099
0.2541
0.2541
0.2541
0.2541
0.2541
0.2541
0.2541
0.2541
0.2541
0.2541
0.2541
0.2541
0.2541
0.2541
0.2541
0.2541
0.254101
0.254101
0.254101
0.254101
0.254101
0.254101
0.254101
0.254101
0.2541
0.2541
0.2541
0.2541
0.2541
0.2541
0.2541
0.2541
0.2541
0.254099
0.254099
0.254099
0.254099
0.254099
0.254098
0.254098
0.254098
0.254098
0.254098
0.254098
0.254098
0.254097
0.254097
0.254097
0.254097
0.254097
0.254096
0.254096
0.254096
0.254096
0.254096
0.254095
0.254095
0.254095
0.254094
0.254094
0.254094
0.254094
0.254093
0.254093
0.254093
0.254092
0.254092
0.254092
0.254092
0.254091
0.254091
0.254091
0.254091
0.254091
0.254091
0.25409
0.25409
0.25409
0.25409
0.25409
0.25409
0.25409
0.254089
0.254089
0.254089
0.254089
0.254089
0.254089
0.254089
0.254089
0.254089
0.254089
0.254089
0.254089
0.254089
0.254088
0.254088
0.254088
0.254088
0.254089
0.254089
0.254089
0.254089
0.254089
0.254089
0.254089
0.254089
0.254089
0.254089
0.254089
0.254089
0.254089
0.254089
0.254089
0.25409
0.25409
0.25409
0.25409
0.25409
0.25409
0.25409
0.25409
0.25409
0.25409
0.25409
0.254091
0.254091
0.254091
0.254091
0.254091
0.254091
0.254091
0.254091
0.254091
0.254091
0.254092
0.254092
0.254092
0.254092
0.254092
0.254092
0.254092
0.254092
0.254092
0.254093
0.254093
0.254093
0.254093
0.254093
0.254093
0.254093
0.254093
0.254093
0.254093
0.254093
0.254093
0.254093
0.254094
0.254094
0.254094
0.254094
0.254094
0.254094
0.254095
0.254095
0.254095
0.254095
0.254095
0.254095
0.254096
0.254096
0.254096
0.254096
0.254096
0.254096
0.254097
0.254097
0.254097
0.254097
0.254097
0.254097
0.254097
0.254098
0.254098
0.254098
0.254098
0.254098
0.254098
0.254099
0.254099
0.254099
0.254099
0.254099
0.254099
0.254099
0.254099
0.254099
0.2541
0.2541
0.2541
0.2541
0.2541
0.2541
0.2541
0.2541
0.254101
0.254101
0.254101
0.254101
0.254101
0.254102
0.254102
0.254102
0.254102
0.254102
0.254102
0.254102
0.254102
0.254102
0.254103
0.254103
0.254103
0.254103
0.254103
0.254103
0.254103
0.254103
0.254103
0.254103
0.254103
0.254103
0.254103
0.254103
0.254104
0.254104
0.254104
0.254104
0.254104
0.254104
0.254104
0.254104
0.254104
0.254104
0.254104
0.254104
0.254104
0.254104
0.254104
0.254104
0.254104
0.254104
0.254103
0.254103
0.254103
0.254103
0.254103
0.254103
0.254103
0.254103
0.254102
0.254102
0.254102
0.254102
0.254102
0.254102
0.254102
0.254102
0.254101
0.254101
0.254101
0.254101
0.254101
0.254101
0.254101
0.2541
0.2541
0.2541
0.2541
0.2541
0.2541
0.2541
0.2541
0.2541
0.2541
0.2541
0.2541
0.2541
0.2541
0.254099
0.254099
0.254099
0.254099
0.254099
0.254099
0.254099
0.254099
0.254099
0.254099
0.254099
0.254099
0.254099
0.254099
0.254099
0.254099
0.254099
0.254099
0.254099
0.254099
0.254099
0.254099
0.254099
0.254099
0.254099
0.254099
0.254099
0.254099
0.254099
0.254099
0.254099
0.2541
0.2541
0.2541
0.2541
0.2541
0.2541
0.2541
0.2541
0.254101
0.254101
0.254101
0.254101
0.254102
0.254102
0.254102
0.254103
0.254103
0.254103
0.254104
0.254104
0.254104
0.254105
0.254105
0.254106
0.254106
0.254107
0.254107
0.254108
0.254108
0.254109
0.254109
0.25411
0.25411
0.254111
0.254112
0.254112
0.254113
0.254114
0.254114
0.254115
0.254115
0.254116
0.254117
0.254117
0.254118
0.254118
0.254119
0.25412
0.25412
0.254121
0.254122
0.254122
0.254123
0.254124
0.254124
0.254125
0.254125
0.254126
0.254127
0.254127
0.254128
0.254128
0.254129
0.254129
0.254129
0.25413
0.25413
0.254131
0.254131
0.254132
0.254132
0.254132
0.254133
0.254133
0.254133
0.254134
0.254134
0.254134
0.254135
0.254135
0.254135
0.254136
0.254136
0.254136
0.254137
0.254137
0.254137
0.254137
0.254138
0.254138
0.254138
0.254139
0.254139
0.254139
0.254139
0.25414
0.25414
0.25414
0.25414
0.25414
0.254141
0.254141
0.254141
0.254141
0.254142
0.254142
0.254142
0.254143
0.254143
0.254143
0.254143
0.254143
0.254144
0.254144
0.254144
0.254144
0.254144
0.254144
0.254144
0.254144
0.254144
0.254144
0.254145
0.254145
0.254145
0.254145
0.254145
0.254145
0.254145
0.254145
0.254145
0.254146
0.254146
0.254146
0.254146
0.254146
0.254146
0.254146
0.254146
0.254146
0.254146
0.254146
0.254146
0.254146
0.254146
0.254146
0.254146
0.254146
0.254146
0.254146
0.254146
0.254145
0.254145
0.254145
0.254145
0.254145
0.254145
0.254145
0.254145
0.254144
0.254144
0.254144
0.254144
0.254144
0.254144
0.254144
0.254144
0.254144
0.254143
0.254143
0.254143
0.254143
0.254143
0.254143
0.254143
0.254143
0.254143
0.254143
0.254143
0.254143
0.254143
0.254143
0.254143
0.254143
0.254143
0.254143
0.254143
0.254143
0.254143
0.254143
0.254143
0.254143
0.254143
0.254143
0.254143
0.254143
0.254143
0.254143
0.254143
0.254143
0.254143
0.254144
0.254144
0.254144
0.254144
0.254144
0.254144
0.254144
0.254144
0.254144
0.254144
0.254144
0.254144
0.254144
0.254144
0.254144
0.254144
0.254144
0.254144
0.254144
0.254144
0.254143
0.254143
0.254143
0.254143
0.254143
0.254143
0.254143
0.254143
0.254143
0.254143
0.254143
0.254143
0.254142
0.254142
0.254142
0.254142
0.254142
0.254142
0.254142
0.254142
0.254142
0.254142
0.254142
0.254142
0.254142
0.254142
0.254142
0.254142
0.254142
0.254266
0.254399
0.254512
0.254635
0.254736
0.254822
0.254907
0.254994
0.255081
0.255154
0.255235
0.255301
0.255346
0.255364
0.255363
0.255346
0.25531
0.255249
0.255171
0.255082
0.254999
0.254909
0.254807
0.254701
0.254599
0.254485
0.254366
0.254234
0.254123
0.253995
0.253864
0.253729
0.253598
0.253467
0.253339
0.253221
0.253109
0.253011
0.252913
0.25283
0.252748
0.252672
0.252602
0.252536
0.252471
0.252417
0.252365
0.252318
0.252274
0.252238
0.252207
0.252183
0.252161
0.252141
0.252125
0.252108
0.25209
0.252072
0.252055
0.252035
0.252011
0.251991
0.251968
0.251948
0.25193
0.251911
0.251893
0.251874
0.251855
0.251841
0.251826
0.251815
0.251804
0.251795
0.251791
0.251788
0.251784
0.251784
0.251784
0.251783
0.251784
0.251784
0.251783
0.251785
0.251784
0.25178
0.251779
0.251776
0.251772
0.251767
0.251763
0.25176
0.251754
0.251752
0.251749
0.251745
0.251745
0.251746
0.251749
0.251749
0.251754
0.251753
0.251755
0.251757
0.251759
0.251765
0.251766
0.251768
0.251775
0.251781
0.251788
0.2518
0.251812
0.251824
0.251843
0.251862
0.251881
0.251908
0.251934
0.251968
0.252004
0.252038
0.252074
0.252119
0.252169
0.252215
0.252263
0.252313
0.252363
0.252423
0.252485
0.252543
0.252606
0.252669
0.252727
0.252795
0.252869
0.252937
0.253002
0.253071
0.253146
0.253222
0.253297
0.253373
0.253453
0.253532
0.25361
0.253692
0.253771
0.253862
0.253949
0.25403
0.25411
0.2542
0.254291
0.254389
0.254483
0.254584
0.254684
0.254787
0.254885
0.254993
0.255093
0.255198
0.255303
0.255406
0.255508
0.255616
0.255729
0.255832
0.255935
0.256039
0.25614
0.256239
0.256343
0.256444
0.256546
0.25665
0.256751
0.256852
0.256951
0.257056
0.257157
0.257264
0.257363
0.25746
0.257563
0.257667
0.257769
0.257877
0.257982
0.258089
0.258197
0.258315
0.25843
0.258548
0.258672
0.258801
0.258933
0.259068
0.259201
0.25934
0.259483
0.259632
0.259784
0.25993
0.26008
0.260235
0.260388
0.260545
0.260711
0.26088
0.261049
0.261215
0.261384
0.261554
0.261727
0.261878
0.262041
0.262211
0.262393
0.26258
0.262764
0.262948
0.263139
0.263321
0.263506
0.263708
0.263904
0.264101
0.264306
0.264501
0.264698
0.264903
0.265112
0.265318
0.265525
0.265704
0.265908
0.266112
0.266319
0.266527
0.266734
0.266931
0.267129
0.267326
0.267524
0.267716
0.26789
0.268079
0.268261
0.268443
0.26862
0.268794
0.268974
0.26915
0.269319
0.26949
0.269664
0.269833
0.269996
0.270165
0.270332
0.270495
0.270656
0.270819
0.270978
0.271133
0.271283
0.271436
0.271589
0.271737
0.271887
0.272028
0.272175
0.27232
0.272465
0.272604
0.27274
0.27288
0.273019
0.27315
0.273285
0.27341
0.273544
0.273673
0.273802
0.273931
0.274054
0.274184
0.274297
0.274409
0.274521
0.274624
0.274731
0.274832
0.274935
0.275044
0.275155
0.275265
0.275378
0.275493
0.275606
0.275719
0.275841
0.275965
0.27609
0.276209
0.27634
0.276473
0.276603
0.276743
0.276872
0.277014
0.277166
0.277324
0.277464
0.277622
0.277783
0.277934
0.278091
0.278257
0.278419
0.278582
0.278742
0.278897
0.279025
0.279158
0.279286
0.279406
0.279521
0.279628
0.279719
0.279819
0.279905
0.27998
0.280052
0.280117
0.280173
0.280225
0.280271
0.280315
0.280314
0.280314
0.280313
0.280313
0.280312
0.280312
0.280311
0.280311
0.28031
0.28031
0.28031
0.280309
0.280309
0.280309
0.280309
0.280308
0.280308
0.280308
0.280308
0.280308
0.280309
0.280309
0.280309
0.280309
0.28031
0.28031
0.280311
0.280311
0.280312
0.280312
0.280312
0.280313
0.280314
0.280314
0.280314
0.280315
0.280315
0.280316
0.280316
0.280317
0.280318
0.280318
0.280319
0.28032
0.28032
0.280321
0.280322
0.280323
0.280324
0.280325
0.280326
0.280327
0.280328
0.280329
0.28033
0.280331
0.280332
0.280333
0.280334
0.280335
0.280336
0.280337
0.280338
0.280339
0.28034
0.280341
0.280342
0.280343
0.280344
0.280345
0.280346
0.280347
0.280348
0.280349
0.28035
0.280351
0.280352
0.280353
0.280354
0.280355
0.280356
0.280357
0.280357
0.280358
0.280359
0.28036
0.280361
0.280361
0.280362
0.280363
0.280364
0.280365
0.280365
0.280366
0.280367
0.280368
0.280368
0.280369
0.28037
0.28037
0.280371
0.280371
0.280372
0.280373
0.280373
0.280374
0.280374
0.280374
0.280375
0.280375
0.280376
0.280376
0.280376
0.280376
0.280377
0.280377
0.280377
0.280377
0.280377
0.280377
0.280377
0.280377
0.280377
0.280377
0.280377
0.280377
0.280376
0.280376
0.280376
0.280375
0.280375
0.280374
0.280374
0.280373
0.280373
0.280372
0.280371
0.280371
0.28037
0.280369
0.280368
0.280368
0.280367
0.280366
0.280365
0.280364
0.280363
0.280362
0.280361
0.28036
0.280359
0.280358
0.280357
0.280356
0.280355
0.280354
0.280353
0.280352
0.280351
0.28035
0.280349
0.280347
0.280346
0.280345
0.280344
0.280343
0.280342
0.280341
0.28034
0.280339
0.280338
0.280337
0.280336
0.280335
0.280334
0.280333
0.280332
0.280331
0.28033
0.280329
0.280328
0.280327
0.280327
0.280326
0.280325
0.280324
0.280323
0.280322
0.280321
0.28032
0.280319
0.280319
0.280318
0.280317
0.280316
0.280316
0.280315
0.280314
0.280314
0.280313
0.280313
0.280313
0.280312
0.280312
0.280312
0.280311
0.280311
0.280311
0.28031
0.28031
0.28031
0.28031
0.28031
0.280309
0.280309
0.280309
0.280309
0.280309
0.280309
0.280309
0.280309
0.280308
0.280308
0.280308
0.280308
0.280308
0.280308
0.280308
0.280308
0.280308
0.280308
0.280308
0.280308
0.280308
0.280308
0.280308
0.280308
0.280308
0.280308
0.280308
0.280308
0.280307
0.280307
0.280307
0.280307
0.280307
0.280307
0.280307
0.280307
0.280308
0.280308
0.280308
0.280308
0.280308
0.280308
0.280308
0.280308
0.280308
0.280308
0.280308
0.280308
0.280309
0.280309
0.280309
0.280309
0.280309
0.280309
0.28031
0.28031
0.28031
0.28031
0.28031
0.28031
0.28031
0.28031
0.280311
0.280311
0.280311
0.280311
0.280311
0.280311
0.280311
0.280311
0.280311
0.280311
0.280311
0.280311
0.280311
0.280311
0.280311
0.280311
0.280311
0.28031
0.28031
0.28031
0.28031
0.28031
0.28031
0.28031
0.280309
0.280309
0.280309
0.280309
0.280309
0.280308
0.280308
0.280308
0.280308
0.280307
0.280307
0.280307
0.280307
0.280307
0.280306
0.280306
0.280306
0.280305
0.280305
0.280305
0.280305
0.280304
0.280304
0.280304
0.280303
0.280303
0.280303
0.280303
0.280253
0.2802
0.280143
0.280084
0.280028
0.279966
0.279896
0.27982
0.279748
0.279671
0.279594
0.279512
0.279426
0.279336
0.27925
0.279161
0.279068
0.278974
0.278872
0.278768
0.278662
0.278549
0.278433
0.278314
0.278194
0.278071
0.277942
0.277806
0.277663
0.27752
0.277373
0.27722
0.277077
0.276921
0.276761
0.276597
0.276434
0.276266
0.276095
0.275932
0.275754
0.275577
0.275393
0.275208
0.275025
0.274853
0.274679
0.274513
0.274356
0.274213
0.274089
0.273971
0.273869
0.273775
0.273689
0.273603
0.273525
0.27345
0.273381
0.273309
0.273246
0.273183
0.273127
0.273071
0.273024
0.27298
0.272939
0.272902
0.272872
0.272845
0.272824
0.272809
0.2728
0.272789
0.272785
0.27278
0.272779
0.272776
0.272776
0.272774
0.272773
0.272777
0.27278
0.272781
0.272784
0.272789
0.2728
0.272808
0.272816
0.272827
0.272838
0.272849
0.27286
0.272868
0.272875
0.272882
0.272882
0.272886
0.272882
0.272879
0.272872
0.272865
0.272858
0.272855
0.272845
0.272833
0.272827
0.272816
0.272802
0.272792
0.27278
0.272767
0.272752
0.272742
0.272729
0.272721
0.272711
0.272704
0.272696
0.272689
0.272681
0.272675
0.272667
0.272659
0.272652
0.272637
0.272629
0.272613
0.272598
0.272584
0.272564
0.272546
0.272523
0.272497
0.272475
0.272444
0.272414
0.272376
0.272338
0.272293
0.272244
0.272189
0.272127
0.272058
0.271985
0.271908
0.271828
0.271742
0.271659
0.271567
0.271469
0.271381
0.271281
0.271184
0.271077
0.270965
0.270863
0.27075
0.270641
0.270534
0.270419
0.27031
0.270198
0.270083
0.269963
0.269843
0.269715
0.269588
0.269448
0.269315
0.269174
0.269027
0.26888
0.268737
0.26858
0.268415
0.268244
0.268074
0.267918
0.267734
0.267585
0.267395
0.267201
0.267014
0.266805
0.266613
0.26642
0.266216
0.265998
0.265771
0.265547
0.265326
0.265108
0.264882
0.264653
0.264419
0.264195
0.263966
0.263736
0.263501
0.263264
0.263031
0.262799
0.262563
0.262321
0.262073
0.261832
0.26159
0.261357
0.261113
0.260863
0.260615
0.260375
0.260123
0.259872
0.25962
0.259368
0.259129
0.258883
0.258633
0.258376
0.258112
0.25786
0.257614
0.257368
0.257122
0.256871
0.256617
0.256385
0.256142
0.255895
0.255649
0.255419
0.25518
0.254951
0.254736
0.254514
0.254322
0.254116
0.253914
0.25371
0.253511
0.253315
0.253116
0.252925
0.252745
0.252559
0.252385
0.252209
0.252035
0.251868
0.251702
0.25154
0.251381
0.251226
0.251067
0.25092
0.250776
0.250638
0.250492
0.250361
0.250227
0.250097
0.24998
0.24985
0.249726
0.249599
0.249482
0.249364
0.249242
0.249139
0.249029
0.248933
0.248828
0.248725
0.248627
0.248532
0.24844
0.24835
0.248257
0.248165
0.248077
0.247985
0.247897
0.247808
0.247722
0.247633
0.247544
0.247463
0.247377
0.247296
0.24721
0.247132
0.247049
0.246965
0.24688
0.246801
0.246719
0.246638
0.246562
0.246483
0.246406
0.246329
0.246252
0.246179
0.246103
0.246023
0.245946
0.245867
0.245794
0.245717
0.24564
0.245567
0.245488
0.245417
0.245343
0.245273
0.245205
0.245134
0.245066
0.245001
0.24493
0.244868
0.244805
0.244742
0.244674
0.244611
0.244546
0.244484
0.244422
0.24436
0.244301
0.244241
0.244179
0.244122
0.244066
0.244004
0.243948
0.243885
0.243825
0.243765
0.2437
0.243642
0.243579
0.243523
0.243462
0.243403
0.243343
0.24328
0.243223
0.24316
0.243101
0.243041
0.242979
0.242914
0.242851
0.242784
0.242725
0.242667
0.242605
0.242546
0.242488
0.242429
0.242368
0.24231
0.242252
0.242191
0.242136
0.242075
0.24201
0.241949
0.241891
0.241824
0.241759
0.241698
0.241636
0.241577
0.241519
0.241449
0.241377
0.241301
0.241226
0.241151
0.241076
0.241002
0.240924
0.240839
0.240753
0.240675
0.240598
0.240517
0.240446
0.240365
0.240282
0.240198
0.240115
0.240034
0.239949
0.239862
0.239773
0.239687
0.239601
0.239509
0.239426
0.239341
0.239262
0.239182
0.239099
0.239013
0.238928
0.238848
0.238772
0.238692
0.238606
0.238526
0.238443
0.238361
0.23828
0.238194
0.238112
0.238023
0.237936
0.237848
0.237759
0.237669
0.237586
0.237501
0.237416
0.237328
0.23724
0.237161
0.237082
0.236992
0.236901
0.236814
0.236724
0.236631
0.236538
0.236445
0.236349
0.236254
0.23617
0.236081
0.235981
0.235889
0.235798
0.235699
0.2356
0.235505
0.235409
0.235313
0.235217
0.235119
0.235026
0.234934
0.234842
0.234748
0.234653
0.234561
0.234461
0.234366
0.234266
0.234166
0.234069
0.233978
0.233881
0.233782
0.233691
0.233594
0.233495
0.233392
0.233293
0.233193
0.233094
0.232998
0.232902
0.232808
0.232712
0.232611
0.232513
0.232417
0.232321
0.232226
0.232134
0.232044
0.231952
0.231863
0.231779
0.231694
0.231602
0.231513
0.231427
0.231344
0.231251
0.231171
0.231086
0.231004
0.230921
0.23084
0.23076
0.230681
0.230602
0.23052
0.230447
0.230371
0.230295
0.230225
0.230155
0.230092
0.230023
0.229961
0.229897
0.229835
0.229772
0.22971
0.229654
0.2296
0.229546
0.229493
0.229443
0.22939
0.229346
0.229299
0.229258
0.229217
0.229176
0.229144
0.229109
0.229081
0.22905
0.229019
0.228991
0.228961
0.228935
0.228908
0.228882
0.228864
0.228835
0.228812
0.228786
0.228766
0.228744
0.228719
0.228694
0.22867
0.228648
0.228618
0.228595
0.228569
0.228542
0.228514
0.228483
0.228455
0.228424
0.228391
0.228356
0.22832
0.228282
0.228247
0.228213
0.228176
0.228147
0.22811
0.228071
0.228037
0.228001
0.227969
0.22794
0.227911
0.227887
0.227856
0.227825
0.227797
0.227767
0.227734
0.227698
0.227661
0.227626
0.227595
0.227563
0.22753
0.227491
0.227455
0.227419
0.227379
0.227342
0.227305
0.227271
0.227232
0.227196
0.227158
0.227117
0.227083
0.227042
0.227006
0.226966
0.226927
0.226885
0.22685
0.226815
0.226777
0.226739
0.226702
0.226664
0.226625
0.226582
0.226542
0.226506
0.226469
0.226433
0.226403
0.226371
0.226341
0.226306
0.22628
0.226252
0.226229
0.226201
0.226176
0.226154
0.226132
0.226111
0.226088
0.226064
0.226044
0.226027
0.226005
0.225988
0.225966
0.225948
0.225927
0.225903
0.225882
0.225859
0.225839
0.225819
0.225799
0.225777
0.225755
0.225733
0.225717
0.225696
0.22568
0.225664
0.225652
0.225636
0.225624
0.22561
0.225598
0.225589
0.225581
0.225578
0.225576
0.225571
0.225566
0.225567
0.225566
0.225568
0.225573
0.225581
0.225589
0.225601
0.225612
0.225627
0.225639
0.225654
0.225673
0.225691
0.225715
0.225734
0.225758
0.22578
0.225808
0.225833
0.22586
0.225886
0.225911
0.225939
0.225965
0.225993
0.226019
0.226043
0.226069
0.226093
0.226117
0.226141
0.226165
0.226187
0.226209
0.226228
0.22625
0.226268
0.226285
0.226302
0.226317
0.226329
0.226345
0.226355
0.226367
0.226375
0.226385
0.22639
0.226392
0.226394
0.226396
0.226393
0.22639
0.226386
0.226377
0.226369
0.226354
0.226343
0.226326
0.226306
0.226281
0.226253
0.226225
0.226192
0.226164
0.226126
0.22609
0.226051
0.226018
0.225977
0.225944
0.2259
0.225867
0.225818
0.225769
0.22572
0.225663
0.225608
0.225554
0.225508
0.225462
0.22541
0.225355
0.225296
0.225241
0.225179
0.225122
0.225073
0.22501
0.224954
0.224889
0.224832
0.224767
0.224706
0.224644
0.224582
0.22452
0.224457
0.224403
0.22435
0.224302
0.224254
0.224214
0.224169
0.224124
0.224081
0.224034
0.223989
0.223944
0.223903
0.223853
0.223809
0.22377
0.223726
0.223692
0.223656
0.223624
0.223593
0.223557
0.223531
0.223503
0.223474
0.223451
0.223425
0.223397
0.223376
0.223355
0.223337
0.22332
0.223303
0.223291
0.223279
0.223265
0.223252
0.223241
0.223231
0.223218
0.223208
0.223195
0.223182
0.22317
0.223155
0.223146
0.223131
0.223121
0.223107
0.223092
0.223074
0.223057
0.223037
0.223018
0.22299
0.222965
0.22294
0.222913
0.222889
0.222859
0.22283
0.2228
0.222778
0.222751
0.222722
0.222692
0.22266
0.222626
0.222592
0.222556
0.222518
0.222479
0.222444
0.222406
0.222371
0.222338
0.222304
0.222266
0.222244
0.22222
0.222185
0.222149
0.22211
0.22207
0.222032
0.221991
0.221957
0.221911
0.221875
0.221831
0.221793
0.221752
0.221716
0.221673
0.221633
0.221598
0.221555
0.221508
0.221459
0.221415
0.221371
0.221325
0.221279
0.22124
0.221197
0.221152
0.221107
0.221058
0.221013
0.220963
0.220911
0.220855
0.220804
0.220752
0.220699
0.220648
0.220595
0.220546
0.220496
0.220449
0.220399
0.220347
0.2203
0.22024
0.220186
0.220126
0.220067
0.220012
0.219947
0.219894
0.219839
0.219783
0.21973
0.219676
0.219625
0.219572
0.219519
0.219466
0.21942
0.219374
0.219338
0.219295
0.219254
0.219215
0.219175
0.219143
0.219106
0.219072
0.219041
0.219011
0.218976
0.218948
0.218917
0.218887
0.218863
0.218834
0.218811
0.218783
0.218756
0.218735
0.218712
0.218691
0.218669
0.218651
0.218634
0.218618
0.2186
0.218586
0.218571
0.218558
0.218544
0.218535
0.21853
0.218517
0.21851
0.218502
0.218493
0.218491
0.218484
0.218483
0.218482
0.218477
0.218476
0.218478
0.218477
0.218476
0.218477
0.21848
0.218482
0.218481
0.218484
0.218487
0.218486
0.218489
0.218494
0.2185
0.218506
0.218512
0.218516
0.218523
0.218536
0.218538
0.218538
0.218538
0.218545
0.218561
0.218577
0.218591
0.21861
0.218631
0.218651
0.218675
0.218699
0.218729
0.218761
0.218799
0.218841
0.218885
0.218932
0.218981
0.219033
0.219083
0.21913
0.219177
0.219225
0.219275
0.219323
0.219375
0.219423
0.219471
0.219524
0.219575
0.21963
0.219682
0.219732
0.219779
0.219828
0.219874
0.219917
0.219959
0.219995
0.220037
0.220073
0.220112
0.220145
0.220181
0.220214
0.220247
0.220277
0.220311
0.220342
0.220372
0.220402
0.220435
0.220461
0.22049
0.22052
0.220553
0.220583
0.220615
0.220648
0.220682
0.220715
0.220745
0.220781
0.220813
0.220852
0.220885
0.220923
0.220961
0.221001
0.22104
0.221084
0.22112
0.221164
0.221203
0.221244
0.22129
0.221331
0.221373
0.22142
0.221461
0.221504
0.221548
0.221591
0.221632
0.221677
0.221719
0.221761
0.221803
0.221845
0.221886
0.221924
0.221965
0.222001
0.222042
0.222077
0.222114
0.222152
0.222189
0.222225
0.222266
0.222301
0.222342
0.222377
0.222416
0.222456
0.22249
0.222528
0.222563
0.2226
0.222632
0.222668
0.222702
0.222737
0.22277
0.222804
0.222835
0.222869
0.222904
0.222938
0.222974
0.223007
0.22304
0.223072
0.223105
0.223137
0.223168
0.223195
0.223227
0.223258
0.223287
0.223315
0.22334
0.223371
0.223399
0.223421
0.223449
0.223472
0.223495
0.223521
0.223543
0.223563
0.223585
0.223604
0.223625
0.223644
0.223664
0.223684
0.223702
0.223718
0.223734
0.223748
0.223762
0.22377
0.223783
0.22379
0.223801
0.223812
0.223819
0.223826
0.223832
0.22384
0.223845
0.22385
0.223854
0.223862
0.223866
0.223871
0.223873
0.223875
0.223876
0.223876
0.223875
0.223874
0.22387
0.223867
0.223867
0.22386
0.223858
0.223851
0.223837
0.22383
0.223822
0.223811
0.223799
0.223784
0.223766
0.223747
0.223721
0.223699
0.223673
0.223643
0.223612
0.223583
0.223551
0.223514
0.223478
0.223446
0.22341
0.223372
0.223328
0.223292
0.223246
0.2232
0.22315
0.223101
0.223041
0.222989
0.222941
0.222891
0.222841
0.222787
0.222726
0.222663
0.222601
0.222536
0.222467
0.222402
0.222331
0.222254
0.222174
0.222093
0.222009
0.221928
0.221845
0.22177
0.221676
0.221583
0.221501
0.221404
0.221311
0.221212
0.221114
0.221009
0.220908
0.220804
0.220699
0.220596
0.220486
0.220382
0.22028
0.220177
0.220091
0.219984
0.219878
0.219772
0.21967
0.219566
0.219462
0.219349
0.219235
0.219122
0.219013
0.218902
0.218794
0.218676
0.21856
0.21844
0.218323
0.218206
0.218082
0.217955
0.217829
0.217707
0.217581
0.217454
0.217329
0.217158
0.217014
0.216865
0.21671
0.216563
0.216421
0.216284
0.216123
0.215878
0.215762
0.215633
0.215504
0.215375
0.21525
0.21513
0.215019
0.214901
0.214785
0.214675
0.214558
0.214455
0.214342
0.214137
0.214029
0.213916
0.213818
0.213719
0.213623
0.213528
0.213415
0.213302
0.213198
0.2131
0.213004
0.212915
0.212811
0.212722
0.212549
0.212485
0.212428
0.212364
0.212299
0.212235
0.212171
0.212108
0.21205
0.211996
0.211942
0.211888
0.211839
0.211779
0.211721
0.211663
0.2116
0.211541
0.211482
0.211424
0.211364
0.211311
0.211252
0.211198
0.211139
0.211085
0.211034
0.210976
0.21093
0.210877
0.210827
0.210771
0.210719
0.210664
0.210608
0.210552
0.210501
0.210446
0.210393
0.210342
0.210285
0.210235
0.210172
0.210111
0.21005
0.209987
0.20992
0.209858
0.209793
0.209726
0.209655
0.209579
0.209506
0.20943
0.209354
0.209278
0.209197
0.209107
0.209022
0.208932
0.208843
0.208753
0.208673
0.208589
0.208515
0.208425
0.208333
0.208242
0.208149
0.208069
0.207987
0.207902
0.207807
0.207718
0.207629
0.20754
0.207451
0.207363
0.207265
0.207166
0.207063
0.206966
0.206867
0.20677
0.206661
0.206553
0.206445
0.206342
0.206234
0.206121
0.206003
0.205885
0.205767
0.205646
0.205519
0.205397
0.205277
0.205151
0.205026
0.204896
0.204767
0.204643
0.204515
0.204382
0.204244
0.204111
0.203979
0.203851
0.203718
0.203586
0.203469
0.203341
0.203213
0.203079
0.202939
0.202805
0.202682
0.202553
0.202418
0.202289
0.202161
0.202037
0.201914
0.201784
0.201655
0.201531
0.201413
0.20129
0.201161
0.201038
0.20092
0.200808
0.200691
0.200569
0.200453
0.200347
0.200242
0.200138
0.200028
0.199924
0.199819
0.199727
0.199635
0.199537
0.199411
0.199285
0.199181
0.199084
0.198982
0.198868
0.198747
0.198656
0.198588
0.198528
0.198432
0.198331
0.198249
0.198184
0.198137
0.198086
0.198012
0.197939
0.197872
0.197812
0.197764
0.197717
0.197683
0.197649
0.197621
0.197606
0.197579
0.197554
0.197517
0.197488
0.197463
0.19744
0.197417
0.197394
0.197379
0.197363
0.197354
0.19724
0.19725
0.197243
0.197223
0.197216
0.197204
0.197209
0.197216
0.197228
0.197241
0.197247
0.197266
0.197273
0.197279
0.197287
0.197299
0.197307
0.19732
0.197328
0.197341
0.197354
0.197361
0.197369
0.197377
0.197383
0.197385
0.197387
0.197388
0.197391
0.197386
0.197389
0.197378
0.197362
0.197353
0.197332
0.197311
0.197291
0.197275
0.197261
0.197248
0.197234
0.197214
0.197194
0.197167
0.197134
0.197101
0.19708
0.197052
0.197037
0.197002
0.196967
0.196932
0.196897
0.196868
0.196838
0.196809
0.196772
0.196736
0.196693
0.19665
0.196613
0.196578
0.196541
0.196498
0.196456
0.196412
0.19637
0.196334
0.196298
0.196262
0.196232
0.196188
0.196146
0.196116
0.196072
0.196041
0.196004
0.195966
0.195929
0.195897
0.195864
0.195837
0.195804
0.195783
0.195756
0.195728
0.1957
0.195672
0.195649
0.195641
0.195619
0.19561
0.195594
0.195578
0.195562
0.195546
0.195529
0.19552
0.195511
0.195502
0.195505
0.195509
0.195505
0.195515
0.195518
0.195521
0.195516
0.195525
0.195533
0.195541
0.195549
0.195562
0.195582
0.195587
0.195606
0.195624
0.195649
0.195659
0.19567
0.195686
0.195702
0.195718
0.195734
0.195756
0.195778
0.195781
0.195784
0.195793
0.195795
0.195798
0.195807
0.195803
0.195805
0.195807
0.195816
0.195818
0.195826
0.19584
0.195847
0.195854
0.195868
0.195874
0.19588
0.195878
0.19589
0.195907
0.195925
0.195942
0.195952
0.195969
0.195986
0.19599
0.196007
0.196017
0.196027
0.196031
0.196034
0.196038
0.196041
0.196032
0.196035
0.196032
0.196029
0.196026
0.196022
0.196018
0.196008
0.19599
0.195972
0.19596
0.195948
0.195935
0.195922
0.195915
0.195901
0.195894
0.195886
0.195871
0.195855
0.195846
0.195837
0.195828
0.195818
0.195815
0.195812
0.195816
0.195813
0.195816
0.195813
0.195816
0.195813
0.195809
0.195811
0.195821
0.195824
0.195833
0.195835
0.195851
0.195867
0.195875
0.195875
0.195904
0.195917
0.195916
0.195922
0.195906
0.195898
0.195882
0.195858
0.195861
0.195864
0.19586
0.195862
0.195858
0.195861
0.195855
0.19585
0.195845
0.195839
0.195832
0.195832
0.195825
0.195818
0.195802
0.195802
0.1958
0.195796
0.195773
0.195743
0.195712
0.195674
0.195635
0.195604
0.195577
0.195564
0.195592
0.195628
0.195691
0.195768
0.195867
0.19597
0.196088
0.196207
0.196332
0.19645
0.196568
0.19668
0.196791
0.196888
0.19698
0.197065
0.197129
0.197183
0.197228
0.197271
0.197306
0.19734
0.197373
0.197391
0.197437
0.197482
0.197528
0.197581
0.197641
0.197701
0.197768
0.197828
0.197896
0.197956
0.198016
0.198076
0.19813
0.198189
0.198249
0.198309
0.19837
0.198428
0.198479
0.198536
0.198592
0.198649
0.198697
0.198752
0.198807
0.198854
0.1989
0.198947
0.198993
0.199038
0.199078
0.199123
0.199176
0.199228
0.199286
0.199337
0.199393
0.199442
0.199498
0.199546
0.199593
0.19964
0.199687
0.199733
0.199778
0.199815
0.199859
0.199903
0.199939
0.199981
0.200022
0.200064
0.200105
0.200145
0.200185
0.200224
0.200263
0.200308
0.200347
0.200384
0.200421
0.200458
0.200488
0.200525
0.20056
0.200596
0.20063
0.200665
0.200706
0.20074
0.200779
0.200812
0.200851
0.200897
0.200934
0.200979
0.201015
0.201059
0.201109
0.201151
0.201193
0.201242
0.201289
0.201344
0.201398
0.201452
0.201505
0.201565
0.201632
0.201691
0.201757
0.201823
0.201889
0.201961
0.202033
0.202112
0.202197
0.202282
0.202367
0.202458
0.202556
0.202661
0.202765
0.202876
0.202987
0.203104
0.203228
0.203351
0.203473
0.203602
0.203737
0.203871
0.204019
0.204166
0.204313
0.20446
0.204598
0.204722
0.204867
0.204997
0.205148
0.205299
0.205456
0.205612
0.205768
0.205924
0.206079
0.206226
0.206388
0.206555
0.206715
0.206881
0.20704
0.207198
0.207355
0.207519
0.207689
0.207851
0.20802
0.208179
0.208339
0.208491
0.20865
0.208814
0.208977
0.20914
0.209288
0.209443
0.20959
0.209743
0.209895
0.210054
0.210206
0.210349
0.210498
0.21064
0.210788
0.210936
0.211089
0.211241
0.211387
0.211531
0.211668
0.211811
0.211959
0.212114
0.212261
0.212401
0.212538
0.212676
0.212818
0.212974
0.213149
0.213315
0.213481
0.213639
0.213993
0.214161
0.214295
0.214419
0.214537
0.21466
0.214781
0.214909
0.215042
0.215169
0.215286
0.21541
0.215532
0.215653
0.215786
0.215912
0.216043
0.216167
0.216323
0.216484
0.21665
0.216789
0.216919
0.217041
0.217169
0.217301
0.217433
0.217562
0.217684
0.217816
0.217941
0.218078
0.2182
0.218327
0.218439
0.218563
0.218684
0.218805
0.218918
0.219023
0.219133
0.219254
0.219361
0.219466
0.219551
0.219647
0.219741
0.219841
0.219939
0.220036
0.220131
0.220206
0.220286
0.220358
0.220436
0.220518
0.220581
0.220654
0.220726
0.220803
0.220873
0.220954
0.221021
0.221086
0.221163
0.221232
0.221312
0.221385
0.221456
0.221526
0.221595
0.221663
0.221735
0.221812
0.221882
0.22195
0.222029
0.222095
0.222167
0.222219
0.222276
0.222326
0.222386
0.222459
0.222511
0.222563
0.222608
0.222658
0.222708
0.222762
0.22281
0.22285
0.222903
0.222964
0.223007
0.22305
0.223062
0.223096
0.22313
0.223167
0.223209
0.223251
0.223286
0.22332
0.223359
0.223398
0.223441
0.223478
0.223513
0.223554
0.223599
0.223644
0.223682
0.223719
0.22375
0.223798
0.223839
0.223884
0.223917
0.22395
0.223998
0.22404
0.224089
0.224124
0.224159
0.224206
0.224251
0.224301
0.224344
0.224384
0.224426
0.224475
0.224519
0.22456
0.224597
0.224646
0.224698
0.224739
0.22478
0.224824
0.224876
0.224931
0.224983
0.225027
0.225076
0.225125
0.225178
0.225227
0.225275
0.225322
0.22538
0.225441
0.22549
0.22555
0.225604
0.225658
0.225704
0.225755
0.225806
0.225862
0.225912
0.225959
0.22601
0.226063
0.226109
0.226148
0.226199
0.226255
0.226299
0.226343
0.226406
0.226461
0.226509
0.22655
0.226602
0.226664
0.226729
0.22678
0.226829
0.226878
0.226938
0.226985
0.227042
0.227076
0.227137
0.227191
0.227251
0.227319
0.227386
0.227444
0.227503
0.227565
0.227631
0.227695
0.227765
0.227833
0.227892
0.227952
0.228019
0.228091
0.228153
0.228217
0.228287
0.228351
0.228425
0.228501
0.228573
0.228615
0.228671
0.22874
0.228802
0.228858
0.228923
0.228991
0.229048
0.229102
0.229171
0.229214
0.229265
0.229327
0.229388
0.229445
0.229501
0.229565
0.229622
0.229677
0.229741
0.229809
0.229866
0.229931
0.230001
0.230063
0.230106
0.230181
0.230249
0.230318
0.230392
0.230472
0.230603
0.230717
0.230833
0.230946
0.231068
0.231147
0.231225
0.231297
0.23137
0.231454
0.231529
0.231603
0.23169
0.231763
0.231839
0.231921
0.231992
0.232075
0.232155
0.232224
0.232309
0.232401
0.232477
0.232557
0.232636
0.232715
0.232787
0.232865
0.232925
0.232962
0.232975
0.23296
0.232996
0.232942
0.232908
0.232874
0.232834
0.23279
0.232739
0.232681
0.232614
0.232539
0.232454
0.232363
0.23227
0.232172
0.232075
0.231978
0.23188
0.231783
0.231683
0.231594
0.231488
0.23139
0.231292
0.231201
0.231115
0.231038
0.230967
0.230903
0.230862
0.23083
0.230806
0.230792
0.230772
0.230752
0.230737
0.230732
0.230732
0.230736
0.230746
0.230759
0.230774
0.230798
0.230824
0.230857
0.230888
0.230918
0.230952
0.230985
0.231019
0.231043
0.231069
0.231092
0.231116
0.231138
0.231159
0.231178
0.231206
0.231223
0.231242
0.231262
0.231273
0.231279
0.231289
0.231295
0.231298
0.231301
0.231301
0.231298
0.231293
0.231288
0.231281
0.231272
0.231258
0.231241
0.231224
0.231205
0.231181
0.231156
0.231135
0.231117
0.231101
0.231091
0.231085
0.231079
0.231076
0.231069
0.231071
0.231073
0.231081
0.231086
0.231098
0.231108
0.231127
0.231146
0.231163
0.23119
0.231216
0.231237
0.231261
0.231294
0.231324
0.231355
0.231397
0.231429
0.23147
0.231518
0.231566
0.231612
0.23166
0.2317
0.231746
0.231783
0.231813
0.231858
0.231903
0.231945
0.231994
0.232034
0.23208
0.232117
0.232151
0.232192
0.232216
0.232248
0.232277
0.232307
0.232333
0.232361
0.23238
0.232405
0.23243
0.232453
0.232472
0.232498
0.232522
0.232546
0.23257
0.232593
0.232618
0.232648
0.232677
0.232711
0.232745
0.232782
0.232821
0.232863
0.232909
0.232949
0.232992
0.233039
0.233088
0.233127
0.233186
0.233239
0.233301
0.233363
0.233429
0.233487
0.233548
0.233607
0.233669
0.233731
0.233795
0.233865
0.233935
0.234003
0.234066
0.234136
0.2342
0.234266
0.234336
0.234399
0.234462
0.234525
0.234591
0.234652
0.234716
0.234783
0.234843
0.234903
0.234966
0.235021
0.235079
0.23514
0.235199
0.235266
0.235328
0.23539
0.235453
0.235516
0.235579
0.23564
0.235703
0.235767
0.235826
0.235915
0.236005
0.236232
0.236298
0.236351
0.236409
0.236473
0.236527
0.236589
0.236646
0.236706
0.236766
0.236829
0.236889
0.236955
0.237022
0.237089
0.23715
0.237212
0.237276
0.237349
0.237411
0.237476
0.237542
0.237605
0.237654
0.23772
0.237786
0.237847
0.237911
0.237978
0.238045
0.238104
0.238163
0.238222
0.238279
0.238333
0.23839
0.238448
0.238502
0.238555
0.23861
0.238654
0.238701
0.238749
0.238791
0.23883
0.238872
0.238906
0.238949
0.238994
0.239037
0.239085
0.239131
0.239179
0.23922
0.239263
0.239303
0.239338
0.239371
0.239406
0.239441
0.239474
0.239501
0.239531
0.239561
0.239588
0.239613
0.239641
0.239668
0.239688
0.239713
0.239735
0.23976
0.239783
0.239815
0.239837
0.23986
0.239886
0.239915
0.23995
0.239979
0.240013
0.240054
0.240095
0.240144
0.240196
0.240254
0.240312
0.240373
0.24044
0.240511
0.240581
0.240668
0.240753
0.240847
0.240943
0.241046
0.241154
0.241253
0.241357
0.241466
0.241584
0.241693
0.241819
0.241943
0.242066
0.242183
0.242307
0.242431
0.242553
0.242676
0.242801
0.24292
0.243046
0.243177
0.243306
0.243441
0.243568
0.243695
0.243823
0.243959
0.2441
0.244262
0.244413
0.244567
0.24472
0.244874
0.245027
0.245177
0.245345
0.245508
0.245681
0.245854
0.246026
0.2462
0.246384
0.246569
0.246762
0.246944
0.247129
0.247312
0.247499
0.247693
0.247885
0.248071
0.248261
0.248447
0.248643
0.248841
0.249037
0.249215
0.249387
0.249552
0.249736
0.249915
0.250108
0.250287
0.250466
0.250651
0.250844
0.251029
0.251217
0.251394
0.251564
0.251745
0.251925
0.252082
0.252261
0.252443
0.252623
0.25281
0.252996
0.25318
0.253354
0.253531
0.253699
0.253868
0.254048
0.254224
0.254397
0.254573
0.254734
0.254903
0.255068
0.255239
0.255404
0.255578
0.255751
0.255927
0.256094
0.256267
0.256428
0.256589
0.25676
0.256937
0.25711
0.257292
0.257464
0.257634
0.257807
0.257984
0.25816
0.258332
0.258504
0.258676
0.258844
0.259006
0.259168
0.259324
0.259479
0.25964
0.259792
0.259951
0.260098
0.260247
0.260393
0.260537
0.260686
0.260832
0.260984
0.261134
0.261273
0.261419
0.261568
0.261714
0.261861
0.262015
0.26216
0.262305
0.262452
0.262601
0.262745
0.262891
0.263042
0.263189
0.263335
0.263485
0.26363
0.263779
0.263922
0.264076
0.264221
0.264371
0.2645
0.264649
0.264792
0.264931
0.265073
0.265213
0.265347
0.265484
0.265623
0.26575
0.265881
0.266059
0.266217
0.266377
0.266535
0.26667
0.266793
0.266948
0.2671
0.267428
0.267583
0.267736
0.267889
0.268046
0.268195
0.268345
0.268505
0.26867
0.268834
0.269188
0.269333
0.269466
0.269589
0.269709
0.269836
0.269962
0.270082
0.270199
0.270311
0.270421
0.270528
0.270633
0.270729
0.270828
0.270929
0.271035
0.271131
0.271233
0.271334
0.271427
0.271513
0.271595
0.271679
0.271756
0.271825
0.271903
0.271977
0.27205
0.272124
0.272195
0.272269
0.272339
0.272409
0.272479
0.272549
0.272615
0.272685
0.272755
0.272821
0.272889
0.272966
0.273037
0.273104
0.273175
0.273249
0.273313
0.27338
0.273448
0.273511
0.273577
0.273638
0.273698
0.273767
0.273834
0.273905
0.273974
0.274046
0.274113
0.274178
0.274244
0.274306
0.27437
0.274431
0.27449
0.274546
0.274604
0.274662
0.274715
0.274776
0.274834
0.274891
0.274948
0.275
0.27505
0.275093
0.275136
0.275182
0.275226
0.275261
0.275295
0.275327
0.275355
0.275391
0.275415
0.275435
0.275463
0.275479
0.275495
0.275508
0.275516
0.275522
0.275527
0.275525
0.275525
0.275516
0.275508
0.2755
0.27548
0.275464
0.275445
0.275421
0.275401
0.275373
0.275353
0.275329
0.275305
0.27528
0.275256
0.275233
0.275206
0.275178
0.275148
0.275119
0.275089
0.275055
0.275029
0.274997
0.274963
0.27493
0.274897
0.274867
0.274834
0.274801
0.274765
0.274726
0.274691
0.27465
0.274611
0.274571
0.274526
0.274486
0.274439
0.274393
0.274344
0.274294
0.274277
0.274261
0.274244
0.274228
0.274212
0.274196
0.27418
0.274164
0.274148
0.274132
0.274116
0.274101
0.274085
0.274069
0.274054
0.274039
0.274023
0.274008
0.273993
0.273978
0.273963
0.273948
0.273933
0.273918
0.273903
0.273888
0.273874
0.273859
0.273844
0.27383
0.273815
0.273801
0.273786
0.273772
0.273757
0.273743
0.273729
0.273714
0.2737
0.273686
0.273672
0.273658
0.273644
0.273629
0.273615
0.273601
0.273587
0.273573
0.273559
0.273546
0.273532
0.273518
0.273504
0.273491
0.273477
0.273464
0.27345
0.273437
0.273423
0.27341
0.273397
0.273384
0.273371
0.273358
0.273345
0.273332
0.273319
0.273306
0.273293
0.273281
0.273268
0.273255
0.273242
0.27323
0.273217
0.273205
0.273192
0.27318
0.273167
0.273155
0.273142
0.27313
0.273117
0.273105
0.273093
0.27308
0.273068
0.273056
0.273044
0.273032
0.27302
0.273008
0.272996
0.272985
0.272973
0.272961
0.27295
0.272938
0.272927
0.272916
0.272904
0.272893
0.272882
0.272871
0.27286
0.272849
0.272838
0.272827
0.272816
0.272805
0.272794
0.272784
0.272773
0.272763
0.272752
0.272741
0.272731
0.27272
0.27271
0.272699
0.272689
0.272679
0.272668
0.272658
0.272648
0.272638
0.272628
0.272618
0.272608
0.272598
0.272588
0.272579
0.272569
0.272559
0.27255
0.27254
0.272531
0.272522
0.272512
0.272503
0.272494
0.272485
0.272476
0.272467
0.272458
0.272449
0.27244
0.272432
0.272423
0.272414
0.272406
0.272397
0.272389
0.27238
0.272372
0.272364
0.272355
0.272347
0.272339
0.272331
0.272323
0.272315
0.272307
0.272299
0.272291
0.272283
0.272275
0.272268
0.27226
0.272252
0.272245
0.272237
0.272229
0.272222
0.272214
0.272207
0.272199
0.272192
0.272185
0.272177
0.27217
0.272163
0.272155
0.272148
0.272141
0.272134
0.272127
0.27212
0.272113
0.272107
0.2721
0.272093
0.272087
0.27208
0.272073
0.272067
0.272061
0.272054
0.272048
0.272041
0.272035
0.272029
0.272023
0.272016
0.27201
0.272004
0.271998
0.271992
0.271987
0.271981
0.271975
0.271969
0.271964
0.271958
0.271952
0.271947
0.271941
0.271936
0.271931
0.271925
0.27192
0.271915
0.271909
0.271904
0.271899
0.271893
0.271888
0.271883
0.271878
0.271873
0.271867
0.271862
0.271857
0.271852
0.271847
0.271842
0.271837
0.271832
0.271827
0.271822
0.271817
0.271812
0.271807
0.271802
0.271797
0.271792
0.271788
0.271783
0.271778
0.271773
0.271769
0.271764
0.271759
0.271755
0.27175
0.271746
0.271741
0.271737
0.271732
0.271728
0.271724
0.271719
0.271715
0.27171
0.271706
0.271702
0.271698
0.271693
0.271689
0.271685
0.27168
0.271676
0.271672
0.271668
0.271663
0.271659
0.271655
0.271651
0.271646
0.271642
0.271638
0.271634
0.27163
0.271626
0.271621
0.271617
0.271613
0.271609
0.271605
0.271601
0.271597
0.271593
0.271589
0.271585
0.271581
0.271577
0.271573
0.271569
0.271565
0.271561
0.271557
0.271553
0.27155
0.271546
0.271542
0.271538
0.271535
0.271531
0.271527
0.271524
0.27152
0.271516
0.271513
0.271509
0.271506
0.271502
0.271498
0.271495
0.271491
0.271488
0.271485
0.271481
0.271478
0.271474
0.271471
0.271468
0.271464
0.271461
0.271457
0.271454
0.271451
0.271447
0.271444
0.271441
0.271438
0.271434
0.271431
0.271428
0.271425
0.271422
0.271418
0.271415
0.271412
0.271409
0.271406
0.271403
0.2714
0.271397
0.271394
0.271391
0.271388
0.271385
0.271382
0.27138
0.271377
0.271374
0.271371
0.271369
0.271366
0.271363
0.271361
0.271358
0.271355
0.271353
0.27135
0.271348
0.271345
0.271342
0.27134
0.271337
0.271335
0.271332
0.27133
0.271327
0.271325
0.271322
0.27132
0.271318
0.271315
0.271313
0.271311
0.271308
0.271306
0.271304
0.271301
0.271299
0.271297
0.271295
0.271293
0.27129
0.271288
0.271286
0.271284
0.271282
0.27128
0.271278
0.271275
0.271273
0.271271
0.271269
0.271267
0.271265
0.271263
0.271261
0.271259
0.271257
0.271254
0.271252
0.27125
0.271248
0.271246
0.271244
0.271242
0.27124
0.271237
0.271235
0.271233
0.271231
0.271229
0.271227
0.271224
0.271222
0.27122
0.271218
0.271216
0.271214
0.271212
0.271209
0.271207
0.271205
0.271203
0.271201
0.271199
0.271197
0.271195
0.271193
0.271191
0.271189
0.271188
0.271186
0.271184
0.271182
0.27118
0.271179
0.271177
0.271175
0.271173
0.271172
0.27117
0.271169
0.271167
0.271165
0.271164
0.271162
0.271161
0.271159
0.271158
0.271156
0.271155
0.271153
0.271152
0.27115
0.271149
0.271147
0.271146
0.271144
0.271143
0.271141
0.27114
0.271139
0.271137
0.271136
0.271135
0.271133
0.271132
0.271131
0.27113
0.271128
0.271127
0.271126
0.271124
0.271123
0.271122
0.271121
0.271119
0.271118
0.271117
0.271116
0.271114
0.271113
0.271112
0.271111
0.27111
0.271108
0.271107
0.271106
0.271105
0.271103
0.271102
0.271101
0.2711
0.271098
0.271097
0.271096
0.271095
0.271093
0.271092
0.271091
0.27109
0.271088
0.271087
0.271086
0.271084
0.271083
0.271082
0.27108
0.271079
0.271078
0.271076
0.271075
0.271074
0.271072
0.271071
0.27107
0.271068
0.271067
0.271066
0.271065
0.271064
0.271062
0.271061
0.27106
0.271059
0.271058
0.271057
0.271056
0.271055
0.271054
0.271053
0.271052
0.271051
0.27105
0.271049
0.271048
0.271047
0.271046
0.271045
0.271044
0.271043
0.271043
0.271042
0.271041
0.27104
0.27104
0.271039
0.271038
0.271038
0.271037
0.271037
0.271036
0.271036
0.271036
0.271035
0.271035
0.271035
0.271034
0.271034
0.271034
0.271033
0.271033
0.271033
0.271033
0.271032
0.271032
0.271032
0.271032
0.271032
0.271032
0.271032
0.271031
0.271031
0.271031
0.271031
0.271031
0.271031
0.271031
0.271031
0.27103
0.27103
0.27103
0.27103
0.27103
0.27103
0.27103
0.27103
0.271029
0.271029
0.271029
0.271029
0.271029
0.271029
0.271029
0.271029
0.271028
0.271028
0.271028
0.271028
0.271028
0.271028
0.271028
0.271028
0.271028
0.271028
0.271027
0.271027
0.271027
0.271027
0.271027
0.271027
0.271027
0.271026
0.271026
0.271026
0.271026
0.271026
0.271026
0.271026
0.271026
0.271025
0.271025
0.271025
0.271025
0.271025
0.271025
0.271025
0.271025
0.271025
0.271025
0.271025
0.271025
0.271025
0.271025
0.271025
0.271025
0.271025
0.271025
0.271025
0.271025
0.271025
0.271026
0.271026
0.271026
0.271026
0.271026
0.271027
0.271027
0.271027
0.271027
0.271027
0.271028
0.271028
0.271028
0.271028
0.271029
0.271029
0.271029
0.271029
0.27103
0.27103
0.27103
0.27103
0.271031
0.271031
0.271031
0.271031
0.271032
0.271032
0.271032
0.271033
0.271033
0.271033
0.271034
0.271034
0.271034
0.271035
0.271035
0.271035
0.271036
0.271036
0.271036
0.271037
0.271037
0.271037
0.271038
0.271038
0.271038
0.271039
0.271039
0.271039
0.27104
0.27104
0.27104
0.271041
0.271041
0.271041
0.271042
0.271042
0.271042
0.271042
0.271043
0.271043
0.271043
0.271044
0.271044
0.271044
0.271045
0.271045
0.271045
0.271046
0.271046
0.271047
0.271047
0.271047
0.271048
0.271048
0.271049
0.271049
0.27105
0.27105
0.271051
0.271051
0.271052
0.271052
0.271053
0.271053
0.271054
0.271055
0.271055
0.271056
0.271056
0.271057
0.271058
0.271058
0.271059
0.27106
0.27106
0.271061
0.271062
0.271062
0.271063
0.271064
0.271064
0.271065
0.271066
0.271066
0.271067
0.271067
0.271068
0.271069
0.271069
0.27107
0.27107
0.271071
0.271071
0.271072
0.271072
0.271073
0.271073
0.271074
0.271074
0.271075
0.271075
0.271076
0.271077
0.271077
0.271078
0.271078
0.271079
0.27108
0.27108
0.271081
0.271082
0.271082
0.271083
0.271084
0.271084
0.271085
0.271086
0.271086
0.271087
0.271088
0.271088
0.271089
0.27109
0.27109
0.271091
0.271091
0.271092
0.271093
0.271093
0.271094
0.271095
0.271095
0.271096
0.271097
0.271098
0.271098
