0.487907
0.487907
0.487907
0.487907
0.487907
0.487907
0.487907
0.487907
0.487907
0.487908
0.487908
0.487908
0.487908
0.487908
0.487909
0.487909
0.487909
0.48791
0.48791
0.48791
0.487911
0.487911
0.487911
0.487912
0.487912
0.487913
0.487913
0.487914
0.487914
0.487914
0.487915
0.487915
0.487916
0.487916
0.487917
0.487917
0.487917
0.487918
0.487918
0.487919
0.487919
0.48792
0.48792
0.48792
0.487921
0.487921
0.487922
0.487922
0.487923
0.487923
0.487924
0.487924
0.487925
0.487925
0.487926
0.487927
0.487927
0.487928
0.487928
0.487929
0.48793
0.48793
0.487931
0.487932
0.487932
0.487933
0.487933
0.487934
0.487935
0.487935
0.487936
0.487937
0.487937
0.487938
0.487938
0.487939
0.487939
0.48794
0.487941
0.487941
0.487942
0.487942
0.487943
0.487943
0.487944
0.487945
0.487945
0.487946
0.487946
0.487947
0.487947
0.487948
0.487949
0.487949
0.48795
0.48795
0.487951
0.487951
0.487952
0.487953
0.487953
0.487954
0.487954
0.487955
0.487956
0.487956
0.487957
0.487957
0.487958
0.487959
0.487959
0.48796
0.48796
0.487961
0.487962
0.487962
0.487963
0.487963
0.487964
0.487964
0.487965
0.487965
0.487966
0.487966
0.487966
0.487967
0.487967
0.487968
0.487968
0.487968
0.487969
0.487969
0.48797
0.48797
0.48797
0.487971
0.487971
0.487971
0.487972
0.487972
0.487972
0.487973
0.487973
0.487973
0.487974
0.487974
0.487974
0.487975
0.487975
0.487975
0.487976
0.487976
0.487976
0.487977
0.487977
0.487977
0.487978
0.487978
0.487978
0.487979
0.487979
0.487979
0.48798
0.48798
0.487981
0.487981
0.487981
0.487981
0.487982
0.487982
0.487982
0.487983
0.487983
0.487983
0.487984
0.487984
0.487984
0.487985
0.487985
0.487985
0.487986
0.487986
0.487987
0.487987
0.487987
0.487988
0.487988
0.487989
0.487989
0.48799
0.48799
0.487991
0.487991
0.487991
0.487992
0.487992
0.487993
0.487993
0.487994
0.487994
0.487994
0.487995
0.487995
0.487996
0.487996
0.487996
0.487997
0.487997
0.487997
0.487998
0.487998
0.487998
0.487998
0.487999
0.487999
0.487999
0.487999
0.487999
0.488
0.488
0.488
0.488
0.488001
0.488001
0.488001
0.488001
0.488002
0.488002
0.488002
0.488002
0.488002
0.488002
0.488003
0.488003
0.488003
0.488003
0.488003
0.488003
0.488003
0.488004
0.488004
0.488004
0.488004
0.488004
0.488004
0.488004
0.488005
0.488005
0.488005
0.488005
0.488005
0.488005
0.488005
0.488005
0.488005
0.488005
0.488005
0.488005
0.488005
0.488005
0.488006
0.488005
0.488005
0.488005
0.488005
0.488005
0.488005
0.488005
0.488005
0.488005
0.488005
0.488005
0.488005
0.488005
0.488005
0.488005
0.488005
0.488005
0.488004
0.488004
0.488004
0.488004
0.488004
0.488004
0.488004
0.488003
0.488003
0.488003
0.488003
0.488003
0.488003
0.488003
0.488002
0.488002
0.488002
0.488002
0.488002
0.488002
0.488001
0.488001
0.488001
0.488001
0.488001
0.488
0.488
0.488
0.488
0.487999
0.487999
0.487999
0.487999
0.487998
0.487998
0.487998
0.487997
0.487997
0.487997
0.487996
0.487996
0.487996
0.487995
0.487995
0.487994
0.487994
0.487993
0.487993
0.487992
0.487992
0.487991
0.48799
0.48799
0.487989
0.487988
0.487988
0.487987
0.487986
0.487986
0.487985
0.487984
0.487983
0.487983
0.487982
0.487981
0.487981
0.48798
0.487979
0.487978
0.487978
0.487977
0.487976
0.487976
0.487975
0.487974
0.487973
0.487973
0.487972
0.487971
0.48797
0.48797
0.487969
0.487968
0.487967
0.487967
0.487966
0.487965
0.487965
0.487964
0.487963
0.487963
0.487962
0.487962
0.487961
0.487961
0.48796
0.48796
0.48796
0.48796
0.48796
0.48796
0.48796
0.48796
0.48796
0.48796
0.48796
0.48796
0.487961
0.487961
0.487962
0.487962
0.487963
0.487964
0.487964
0.487965
0.487966
0.487967
0.487968
0.487969
0.48797
0.487971
0.487972
0.487974
0.487975
0.487977
0.487978
0.48798
0.487981
0.487983
0.487984
0.487986
0.487988
0.487989
0.487991
0.487993
0.487994
0.487996
0.487997
0.487999
0.488
0.488002
0.488004
0.488005
0.488006
0.488008
0.488009
0.488011
0.488012
0.488014
0.488015
0.488016
0.488018
0.488019
0.48802
0.488022
0.488023
0.488024
0.488025
0.488027
0.488028
0.488029
0.48803
0.488031
0.488032
0.488034
0.488035
0.488036
0.488037
0.488038
0.488039
0.48804
0.488041
0.488042
0.488043
0.488044
0.488045
0.488046
0.488047
0.488048
0.488049
0.48805
0.488051
0.488052
0.488053
0.488054
0.488055
0.488056
0.488056
0.488057
0.488058
0.488059
0.48806
0.48806
0.488061
0.488062
0.488063
0.488063
0.488064
0.488065
0.488065
0.488066
0.488067
0.488068
0.488068
0.488069
0.488069
0.48807
0.488071
0.488071
0.488072
0.488072
0.488073
0.488074
0.488074
0.488075
0.488076
0.488077
0.488078
0.48808
0.488081
0.488083
0.488084
0.488086
0.488088
0.48809
0.488092
0.488095
0.488097
0.4881
0.488102
0.488105
0.488108
0.488111
0.488114
0.488117
0.48812
0.488124
0.488127
0.48813
0.488134
0.488137
0.488141
0.488145
0.488149
0.488152
0.488156
0.48816
0.488164
0.488168
0.488171
0.488175
0.488179
0.488183
0.488187
0.488191
0.488195
0.488199
0.488203
0.488207
0.488211
0.488215
0.488219
0.488223
0.488227
0.488231
0.488235
0.488239
0.488243
0.488247
0.488251
0.488255
0.488259
0.488263
0.488267
0.488271
0.488275
0.488279
0.488283
0.488287
0.488291
0.488295
0.488298
0.488302
0.488306
0.488309
0.488313
0.488317
0.48832
0.488324
0.488327
0.48833
0.488334
0.488337
0.48834
0.488344
0.488347
0.48835
0.488353
0.488356
0.488359
0.488362
0.488365
0.488368
0.488371
0.488374
0.488377
0.48838
0.488383
0.488386
0.488388
0.488391
0.488394
0.488397
0.488399
0.488402
0.488405
0.488408
0.48841
0.488413
0.488416
0.488418
0.488421
0.488424
0.488426
0.488429
0.488431
0.488434
0.488437
0.488439
0.488442
0.488444
0.488447
0.48845
0.488452
0.488455
0.488457
0.48846
0.488462
0.488465
0.488467
0.48847
0.488472
0.488475
0.488478
0.48848
0.488482
0.488485
0.488487
0.48849
0.488492
0.488494
0.488497
0.488499
0.488501
0.488504
0.488506
0.488509
0.488511
0.488513
0.488515
0.488518
0.48852
0.488522
0.488524
0.488527
0.488529
0.488531
0.488533
0.488535
0.488537
0.488539
0.488541
0.488543
0.488545
0.488547
0.488549
0.488551
0.488552
0.488554
0.488556
0.488558
0.488559
0.488561
0.488562
0.488564
0.488565
0.488567
0.488568
0.488569
0.488571
0.488572
0.488573
0.488574
0.488575
0.488576
0.488577
0.488578
0.488579
0.48858
0.48858
0.488581
0.488582
0.488583
0.488583
0.488584
0.488584
0.488585
0.488585
0.488586
0.488586
0.488586
0.488586
0.488587
0.488587
0.488587
0.488587
0.488587
0.488587
0.488587
0.488587
0.488587
0.488587
0.488587
0.488587
0.488587
0.488587
0.488587
0.488587
0.488587
0.488586
0.488586
0.488586
0.488586
0.488585
0.488585
0.488584
0.488584
0.488584
0.488583
0.488583
0.488582
0.488581
0.488581
0.48858
0.48858
0.488579
0.488578
0.488578
0.488577
0.488576
0.488575
0.488574
0.488573
0.488572
0.488571
0.48857
0.488569
0.488568
0.488567
0.488566
0.488565
0.488564
0.488563
0.488561
0.48856
0.488559
0.488558
0.488556
0.488555
0.488554
0.488552
0.488551
0.48855
0.488548
0.488547
0.488545
0.488544
0.488542
0.48854
0.488539
0.488537
0.488536
0.488534
0.488533
0.488531
0.488529
0.488528
0.488526
0.488525
0.488523
0.488522
0.48852
0.488518
0.488517
0.488515
0.488513
0.488512
0.48851
0.488508
0.488507
0.488505
0.488503
0.488502
0.4885
0.488498
0.488496
0.488495
0.488493
0.488491
0.488489
0.488487
0.488485
0.488483
0.488482
0.48848
0.488478
0.488476
0.488474
0.488472
0.48847
0.488468
0.488466
0.488465
0.488463
0.488461
0.488459
0.488457
0.488455
0.488453
0.488451
0.488449
0.488447
0.488446
0.488444
0.488442
0.48844
0.488438
0.488436
0.488434
0.488432
0.48843
0.488429
0.488427
0.488425
0.488423
0.488421
0.488419
0.488418
0.488416
0.488414
0.488412
0.48841
0.488409
0.488407
0.488405
0.488403
0.488402
0.4884
0.488398
0.488396
0.488394
0.488393
0.488391
0.488389
0.488387
0.488385
0.488384
0.488382
0.48838
0.488378
0.488376
0.488374
0.488372
0.48837
0.488368
0.488367
0.488365
0.488363
0.488361
0.488359
0.488357
0.488355
0.488353
0.488351
0.488349
0.488347
0.488345
0.488343
0.488341
0.488339
0.488337
0.488335
0.488333
0.488331
0.488329
0.488327
0.488325
0.488323
0.488322
0.48832
0.488318
0.488316
0.488314
0.488312
0.48831
0.488308
0.488306
0.488304
0.488303
0.488301
0.488299
0.488297
0.488295
0.488293
0.488291
0.488289
0.488287
0.488285
0.488284
0.488282
0.48828
0.488278
0.488276
0.488274
0.488272
0.48827
0.488268
0.488266
0.488264
0.488262
0.488261
0.488259
0.488257
0.488255
0.488253
0.488251
0.48825
0.488248
0.488246
0.488244
0.488243
0.488241
0.488239
0.488238
0.488236
0.488234
0.488233
0.488231
0.48823
0.488228
0.488227
0.488225
0.488223
0.488222
0.48822
0.488219
0.488217
0.488216
0.488214
0.488213
0.488211
0.48821
0.488208
0.488207
0.488205
0.488204
0.488203
0.488201
0.4882
0.488198
0.488197
0.488196
0.488194
0.488193
0.488192
0.48819
0.488189
0.488188
0.488186
0.488185
0.488184
0.488182
0.488181
0.488179
0.488178
0.488177
0.488175
0.488174
0.488172
0.488171
0.48817
0.488168
0.488167
0.488166
0.488164
0.488163
0.488162
0.48816
0.488159
0.488158
0.488156
0.488155
0.488154
0.488152
0.488151
0.48815
0.488149
0.488147
0.488146
0.488145
0.488144
0.488142
0.488141
0.48814
0.488139
0.488137
0.488136
0.488135
0.488134
0.488132
0.488131
0.48813
0.488129
0.488128
0.488126
0.488125
0.488124
0.488123
0.488122
0.48812
0.488119
0.488118
0.488117
0.488116
0.488115
0.488114
0.488113
0.488112
0.488111
0.48811
0.488109
0.488108
0.488107
0.488106
0.488105
0.488104
0.488103
0.488102
0.488101
0.4881
0.488099
0.488098
0.488097
0.488096
0.488095
0.488094
0.488093
0.488092
0.488091
0.48809
0.488089
0.488088
0.488088
0.488087
0.488086
0.488085
0.488084
0.488083
0.488082
0.488082
0.488081
0.48808
0.488079
0.488078
0.488077
0.488076
0.488076
0.488075
0.488074
0.488073
0.488072
0.488071
0.48807
0.48807
0.488069
0.488068
0.488067
0.488066
0.488065
0.488064
0.488064
0.488063
0.488062
0.488061
0.48806
0.488059
0.488059
0.488058
0.488057
0.488056
0.488055
0.488054
0.488054
0.488053
0.488052
0.488051
0.48805
0.488049
0.488048
0.488048
0.488047
0.488046
0.488045
0.488044
0.488044
0.488043
0.488042
0.488041
0.488041
0.48804
0.488039
0.488038
0.488037
0.488037
0.488036
0.488035
0.488034
0.488034
0.488033
0.488032
0.488031
0.48803
0.48803
0.488029
0.488028
0.488027
0.488026
0.488026
0.488025
0.488024
0.488023
0.488023
0.488022
0.488021
0.48802
0.48802
0.488019
0.488018
0.488017
0.488016
0.488016
0.488015
0.488014
0.488014
0.488013
0.488012
0.488012
0.488011
0.48801
0.48801
0.488009
0.488008
0.488008
0.488007
0.488007
0.488006
0.488005
0.488005
0.488004
0.488004
0.488003
0.488003
0.488002
0.488002
0.488001
0.488001
0.488001
0.488
0.488
0.487999
0.487999
0.487998
0.487998
0.487997
0.487997
0.487996
0.487996
0.487996
0.487995
0.487995
0.487994
0.487994
0.487993
0.487993
0.487993
0.487992
0.487992
0.487992
0.487991
0.487991
0.487991
0.48799
0.48799
0.48799
0.487989
0.487989
0.487989
0.487989
0.487988
0.487988
0.487988
0.487988
0.487987
0.487987
0.487987
0.487987
0.487987
0.487986
0.487986
0.487986
0.487986
0.487986
0.487986
0.487986
0.487986
0.487986
0.487986
0.487986
0.487986
0.487986
0.487986
0.487986
0.487986
0.487986
0.487987
0.487987
0.487987
0.487987
0.487987
0.487987
0.487987
0.487987
0.487987
0.487987
0.487987
0.487988
0.487988
0.487988
0.487988
0.487988
0.487988
0.487988
0.487989
0.487989
0.487989
0.487989
0.487989
0.487989
0.48799
0.48799
0.48799
0.487991
0.487991
0.487991
0.487991
0.487992
0.487992
0.487992
0.487993
0.487993
0.487993
0.487994
0.487994
0.487994
0.487995
0.487995
0.487995
0.487996
0.487996
0.487996
0.487997
0.487997
0.487997
0.487998
0.487998
0.487998
0.487999
0.487999
0.487999
0.488
0.488
0.488
0.488001
0.488001
0.488001
0.488001
0.488002
0.488002
0.488002
0.488002
0.488002
0.488002
0.488003
0.488003
0.488003
0.488003
0.488003
0.488003
0.488004
0.488004
0.488004
0.488004
0.488004
0.488005
0.488005
0.488005
0.488005
0.488005
0.488005
0.488006
0.488006
0.488006
0.488006
0.488006
0.488006
0.488006
0.488006
0.488006
0.488006
0.488006
0.488006
0.488006
0.488006
0.488006
0.488005
0.488005
0.488005
0.488005
0.488005
0.488005
0.488005
0.488005
0.488005
0.488005
0.488005
0.488005
0.488005
0.488004
0.488004
0.488004
0.488004
0.488004
0.488004
0.488004
0.488004
0.488004
0.488004
0.488004
0.488004
0.488003
0.488003
0.488003
0.488003
0.488003
0.488003
0.488003
0.488002
0.488002
0.488002
0.488002
0.488002
0.488001
0.488001
0.488001
0.488001
0.488001
0.488
0.488
0.488
0.488
0.488
0.488
0.488
0.488
0.487999
0.487999
0.487999
0.487999
0.487999
0.487999
0.487999
0.487999
0.487999
0.487999
0.487999
0.487999
0.487999
0.487999
0.487998
0.487998
0.487998
0.487998
0.487998
0.487998
0.487998
0.487998
0.487998
0.487998
0.487998
0.487998
0.487998
0.487998
0.487998
0.487998
0.487998
0.487998
0.487998
0.487997
0.487997
0.487997
0.487997
0.487997
0.487997
0.487997
0.487997
0.487997
0.487997
0.487997
0.487997
0.487997
0.487997
0.487997
0.487997
0.487997
0.487997
0.487997
0.487997
0.487997
0.487997
0.487997
0.487997
0.487997
0.487997
0.487997
0.487997
0.487997
0.487997
0.487998
0.487998
0.487998
0.487998
0.487998
0.487999
0.487999
0.487999
0.487999
0.488
0.488
0.488
0.488
0.488001
0.488001
0.488001
0.488001
0.488002
0.488002
0.488002
0.488002
0.488003
0.488003
0.488003
0.488004
0.488004
0.488004
0.488004
0.488005
0.488005
0.488005
0.488005
0.488006
0.488006
0.488006
0.488006
0.488007
0.488007
0.488007
0.488007
0.488007
0.488008
0.488008
0.488008
0.488008
0.488008
0.488009
0.488009
0.488009
0.488009
0.488009
0.488009
0.488009
0.48801
0.48801
0.48801
0.48801
0.48801
0.48801
0.48801
0.48801
0.48801
0.48801
0.48801
0.48801
0.48801
0.488011
0.488011
0.488011
0.488011
0.488011
0.488011
0.488011
0.488011
0.488011
0.488011
0.488011
0.488011
0.488011
0.488012
0.488012
0.488012
0.488012
0.488012
0.488012
0.488012
0.488012
0.488013
0.488013
0.488013
0.488013
0.488013
0.488013
0.488013
0.488013
0.488013
0.488013
0.488013
0.488013
0.488013
0.488013
0.488013
0.488013
0.488013
0.488013
0.488013
0.488013
0.488013
0.488012
0.488012
0.488012
0.488012
0.488012
0.488012
0.488012
0.488011
0.488011
0.488011
0.488011
0.488011
0.488011
0.48801
0.48801
0.48801
0.48801
0.48801
0.488009
0.488009
0.488009
0.488009
0.488008
0.488008
0.488008
0.488008
0.488007
0.488007
0.488007
0.488006
0.488006
0.488006
0.488006
0.488006
0.488005
0.488005
0.488005
0.488005
0.488005
0.488004
0.488004
0.488004
0.488004
0.488004
0.488004
0.488003
0.488003
0.488003
0.488003
0.488003
0.488002
0.488002
0.488002
0.488002
0.488002
0.488001
0.488001
0.488001
0.488001
0.488001
0.488001
0.488
0.488
0.488
0.488
0.488
0.488
0.487999
0.487999
0.487999
0.487999
0.487999
0.487999
0.487999
0.487998
0.487998
0.487998
0.487998
0.487998
0.487998
0.487998
0.487998
0.487998
0.487998
0.487998
0.487998
0.487998
0.487998
0.487998
0.487998
0.487998
0.487998
0.487998
0.487998
0.487998
0.487998
0.487998
0.487998
0.487998
0.487998
0.487998
0.487998
0.487998
0.487998
0.487998
0.487998
0.487998
0.487998
0.487998
0.487998
0.487998
0.487998
0.487998
0.487998
0.487998
0.487998
0.487998
0.487998
0.487999
0.487999
0.487999
0.487999
0.487999
0.487999
0.487999
0.487999
0.487999
0.487999
0.487999
0.487999
0.487999
0.487999
0.487999
0.487999
0.487999
0.487999
0.487999
0.487999
0.487999
0.487999
0.488
0.488
0.488
0.488
0.488
0.488
0.488001
0.488001
0.488001
0.488001
0.488001
0.488001
0.488001
0.488002
0.488002
0.488002
0.488002
0.488002
0.488003
0.488003
0.488003
0.488003
0.488004
0.488004
0.488004
0.488004
0.488005
0.488005
0.488005
0.488005
0.488005
0.488006
0.488006
0.488006
0.488006
0.488007
0.488007
0.488007
0.488007
0.488008
0.488008
0.488008
0.488008
0.488009
0.488009
0.488009
0.488009
0.488009
0.48801
0.48801
0.48801
0.48801
0.488011
0.488011
0.488011
0.488011
0.488012
0.488012
0.488012
0.488013
0.488013
0.488013
0.488013
0.488014
0.488014
0.488014
0.488015
0.488015
0.488015
0.488015
0.488016
0.488016
0.488016
0.488017
0.488017
0.488017
0.488018
0.488018
0.488018
0.488019
0.488019
0.488019
0.48802
0.48802
0.48802
0.488021
0.488021
0.488021
0.488021
0.488022
0.488022
0.488022
0.488022
0.488022
0.488023
0.488023
0.488023
0.488023
0.488023
0.488024
0.488024
0.488024
0.488024
0.488024
0.488024
0.488024
0.488024
0.488024
0.488024
0.488024
0.488024
0.488024
0.488024
0.488024
0.488024
0.488024
0.488024
0.488024
0.488024
0.488024
0.488024
0.488024
0.488024
0.488024
0.488024
0.488023
0.488023
0.488023
0.488023
0.488023
0.488023
0.488023
0.488023
0.488023
0.488023
0.488023
0.488022
0.488022
0.488022
0.488022
0.488022
0.488022
0.488022
0.488022
0.488022
0.488021
0.488021
0.488021
0.488021
0.488021
0.488021
0.488021
0.488021
0.488021
0.488021
0.488021
0.488021
0.488021
0.488021
0.488021
0.488021
0.488021
0.488022
0.488022
0.488022
0.488022
0.488022
0.488022
0.488022
0.488022
0.488022
0.488022
0.488023
0.488023
0.488023
0.488023
0.488023
0.488023
0.488024
0.488024
0.488024
0.488024
0.488024
0.488024
0.488025
0.488025
0.488025
0.488025
0.488025
0.488026
0.488026
0.488026
0.488026
0.488026
0.488026
0.488027
0.488027
0.488027
0.488027
0.488027
0.488027
0.488028
0.488028
0.488028
0.488028
0.488029
0.488029
0.488029
0.488029
0.488029
0.48803
0.48803
0.48803
0.48803
0.48803
0.488031
0.488031
0.488031
0.488032
0.488032
0.488032
0.488032
0.488033
0.488033
0.488033
0.488034
0.488034
0.488034
0.488035
0.488035
0.488035
0.488036
0.488036
0.488036
0.488036
0.488037
0.488037
0.488037
0.488038
0.488038
0.488038
0.488038
0.488038
0.488039
0.488039
0.488039
0.488039
0.488039
0.48804
0.48804
0.48804
0.48804
0.48804
0.48804
0.48804
0.488041
0.488041
0.488041
0.488041
0.488041
0.488041
0.488041
0.488041
0.488041
0.488041
0.488041
0.488041
0.488041
0.488041
0.488041
0.488041
0.488041
0.488041
0.488041
0.488041
0.488041
0.488041
0.488041
0.488041
0.488041
0.488041
0.488041
0.488041
0.488041
0.488041
0.488041
0.488041
0.488041
0.488041
0.488041
0.488041
0.488041
0.488041
0.488041
0.488041
0.48804
0.48804
0.48804
0.48804
0.48804
0.48804
0.48804
0.48804
0.48804
0.48804
0.48804
0.48804
0.48804
0.48804
0.48804
0.48804
0.48804
0.48804
0.48804
0.48804
0.488039
0.488039
0.488039
0.488039
0.488039
0.488039
0.488039
0.488039
0.488039
0.488039
0.488039
0.488039
0.488039
0.488039
0.488039
0.488039
0.488039
0.488039
0.488039
0.488038
0.488038
0.488038
0.488038
0.488038
0.488038
0.488038
0.488038
0.488038
0.488038
0.488038
0.488038
0.488038
0.488038
0.488038
0.488038
0.488038
0.488038
0.488038
0.488039
0.488039
0.488039
0.488039
0.488039
0.488039
0.488039
0.48804
0.48804
0.48804
0.48804
0.488041
0.488041
0.488041
0.488042
0.488042
0.488042
0.488043
0.488043
0.488043
0.488044
0.488044
0.488045
0.488045
0.488001
0.487947
0.487897
0.487853
0.487806
0.48776
0.487719
0.487672
0.487629
0.487585
0.487545
0.487507
0.487467
0.487429
0.487385
0.487348
0.487313
0.487272
0.487234
0.487198
0.487163
0.487131
0.487096
0.487064
0.487028
0.486993
0.48696
0.486917
0.486875
0.486831
0.486786
0.486741
0.486709
0.486674
0.48664
0.486605
0.486567
0.486536
0.486508
0.48648
0.486442
0.486411
0.486378
0.486343
0.486312
0.486277
0.48624
0.486202
0.486162
0.486128
0.486087
0.486043
0.485996
0.485956
0.485902
0.485849
0.485791
0.485738
0.485694
0.485644
0.485597
0.485548
0.485492
0.48544
0.485384
0.485326
0.485267
0.485208
0.485153
0.485091
0.485014
0.484937
0.484857
0.484707
0.484637
0.484557
0.484474
0.484401
0.484331
0.484258
0.484171
0.484021
0.483953
0.483887
0.483819
0.48376
0.483704
0.48364
0.483587
0.483528
0.48347
0.48341
0.48336
0.483303
0.483251
0.483198
0.483148
0.483094
0.483051
0.483001
0.482961
0.482917
0.482876
0.482845
0.482807
0.482776
0.482737
0.482698
0.482656
0.482612
0.482575
0.482538
0.4825
0.482473
0.482437
0.482399
0.482364
0.482325
0.482299
0.482269
0.482239
0.482202
0.482152
0.482104
0.482064
0.482026
0.481992
0.481951
0.48191
0.481871
0.481835
0.4818
0.481765
0.481724
0.481683
0.481637
0.481602
0.481563
0.48152
0.481478
0.481433
0.481385
0.48135
0.481317
0.481275
0.481227
0.481175
0.481134
0.481089
0.481037
0.480989
0.480937
0.480891
0.480846
0.480797
0.480739
0.480686
0.48064
0.480592
0.480539
0.480489
0.480433
0.480389
0.48034
0.480287
0.480233
0.480184
0.480142
0.480098
0.480053
0.479996
0.479951
0.479909
0.479866
0.479826
0.479779
0.479747
0.47971
0.479676
0.479639
0.479601
0.47956
0.479521
0.479485
0.479444
0.479409
0.479373
0.479329
0.479287
0.479253
0.479224
0.479178
0.479131
0.479084
0.479043
0.479009
0.478973
0.478932
0.478897
0.478861
0.478824
0.478791
0.478751
0.478704
0.478652
0.478592
0.478545
0.478476
0.4784
0.478312
0.478228
0.47813
0.478037
0.477952
0.477872
0.4778
0.477715
0.477633
0.477548
0.47747
0.477395
0.477311
0.477225
0.477136
0.477051
0.47696
0.476874
0.476789
0.476707
0.47663
0.476551
0.476477
0.476403
0.476331
0.47626
0.476188
0.476126
0.476064
0.476007
0.475949
0.475891
0.475841
0.475788
0.475744
0.475708
0.475661
0.475625
0.475586
0.475549
0.475523
0.475494
0.47548
0.475455
0.475443
0.475422
0.475401
0.475377
0.475359
0.475345
0.475327
0.475316
0.475302
0.475293
0.475276
0.47526
0.475257
0.475249
0.475236
0.475219
0.475217
0.475205
0.4752
0.475202
0.4752
0.475199
0.47519
0.475181
0.475159
0.475157
0.475152
0.475144
0.475131
0.475118
0.475103
0.475093
0.475081
0.475072
0.475057
0.475006
0.474997
0.474991
0.474986
0.474972
0.47496
0.474952
0.474938
0.474925
0.474918
0.474919
0.474908
0.474901
0.474894
0.474881
0.474875
0.474871
0.474871
0.474862
0.474854
0.474851
0.474851
0.474846
0.47485
0.474845
0.474844
0.474839
0.474829
0.474825
0.474822
0.474816
0.474804
0.474795
0.474783
0.474772
0.474767
0.474757
0.474749
0.474736
0.474718
0.474699
0.47468
0.474667
0.474646
0.474625
0.474604
0.474577
0.474548
0.474525
0.474496
0.474479
0.474453
0.474431
0.474412
0.474381
0.474347
0.474311
0.474267
0.474239
0.474206
0.474171
0.474132
0.474097
0.474064
0.474033
0.473998
0.473969
0.473934
0.4739
0.473868
0.473849
0.473824
0.473791
0.473761
0.473728
0.47371
0.473685
0.473659
0.473646
0.473638
0.473626
0.473621
0.473599
0.473588
0.473572
0.473558
0.473549
0.473542
0.473538
0.473531
0.47353
0.47353
0.47353
0.473527
0.473528
0.473526
0.47352
0.473525
0.473526
0.473527
0.473525
0.473524
0.47353
0.473535
0.473534
0.473537
0.473534
0.473529
0.473524
0.473522
0.473523
0.473527
0.473529
0.473525
0.473525
0.473527
0.473535
0.47354
0.473545
0.473551
0.473548
0.473548
0.473551
0.473549
0.473552
0.473564
0.473575
0.473587
0.473607
0.473624
0.473644
0.47367
0.473696
0.473725
0.473751
0.473766
0.473792
0.473816
0.473843
0.473872
0.473902
0.473935
0.473966
0.473994
0.474022
0.474051
0.474082
0.474114
0.474146
0.474184
0.474216
0.474249
0.474285
0.474315
0.474343
0.474379
0.474413
0.474449
0.474486
0.47452
0.474557
0.474591
0.474625
0.47466
0.474697
0.47474
0.474788
0.474832
0.474878
0.474921
0.474961
0.475002
0.475043
0.475092
0.475128
0.475172
0.475216
0.475254
0.475296
0.475334
0.475376
0.475421
0.475465
0.475504
0.475552
0.475591
0.47563
0.475669
0.475708
0.475753
0.475792
0.475839
0.475881
0.475925
0.475963
0.476005
0.476055
0.476094
0.476141
0.476192
0.476236
0.476283
0.47633
0.476379
0.476429
0.476479
0.476529
0.476582
0.476631
0.476687
0.476751
0.476807
0.476866
0.476925
0.476981
0.477034
0.477093
0.477152
0.477214
0.477282
0.477341
0.477398
0.477457
0.477519
0.477576
0.477633
0.477689
0.477746
0.477811
0.477877
0.477946
0.478009
0.478067
0.478151
0.478214
0.478272
0.478328
0.478383
0.478433
0.478497
0.478556
0.478615
0.47867
0.478715
0.478762
0.478824
0.478862
0.478902
0.478943
0.478984
0.479027
0.479065
0.479099
0.479136
0.479177
0.479217
0.479263
0.479303
0.47934
0.479375
0.479412
0.479448
0.479493
0.479529
0.479572
0.479609
0.479649
0.479677
0.479714
0.479751
0.479792
0.479829
0.479868
0.479901
0.47994
0.479976
0.480014
0.480044
0.480078
0.48011
0.480143
0.480179
0.480214
0.480251
0.480289
0.480327
0.480361
0.480396
0.48043
0.480465
0.480492
0.480526
0.480556
0.480581
0.480617
0.480651
0.480686
0.480721
0.480759
0.480795
0.480828
0.480857
0.48089
0.480922
0.480955
0.480987
0.481027
0.481058
0.481086
0.481117
0.481146
0.481174
0.481207
0.481236
0.481272
0.481308
0.481337
0.481375
0.481407
0.481439
0.481468
0.48151
0.481547
0.481583
0.481617
0.481651
0.48168
0.481707
0.481733
0.481769
0.48181
0.481846
0.481888
0.481921
0.481957
0.481993
0.482026
0.482062
0.482091
0.482124
0.482162
0.482197
0.482233
0.482272
0.482314
0.48235
0.482386
0.482427
0.482465
0.482508
0.482552
0.482596
0.482637
0.482684
0.482727
0.48277
0.482819
0.482873
0.482922
0.482973
0.483027
0.483072
0.483123
0.483174
0.483225
0.483276
0.483332
0.483385
0.483435
0.483488
0.483544
0.4836
0.483653
0.483709
0.483759
0.483814
0.48387
0.483934
0.483986
0.484043
0.484095
0.484147
0.484194
0.484252
0.484299
0.484351
0.484399
0.484447
0.484486
0.48454
0.484589
0.484639
0.484685
0.48473
0.484771
0.484812
0.484854
0.484906
0.484952
0.484991
0.48503
0.485066
0.485107
0.485147
0.485195
0.485232
0.485287
0.485325
0.485362
0.48539
0.485425
0.485461
0.485495
0.485522
0.485557
0.485588
0.485619
0.485659
0.485705
0.485743
0.485787
0.485812
0.48584
0.485859
0.48589
0.485924
0.485957
0.485989
0.486028
0.486064
0.486095
0.486132
0.48616
0.486187
0.486217
0.486242
0.486266
0.486292
0.486313
0.486334
0.486348
0.486368
0.486388
0.486399
0.486414
0.486427
0.486442
0.486465
0.486483
0.486492
0.486509
0.486524
0.486533
0.486546
0.486551
0.486563
0.486567
0.486576
0.486581
0.48659
0.48659
0.486595
0.486595
0.486598
0.486597
0.486602
0.486602
0.486596
0.486595
0.486591
0.486586
0.486577
0.48657
0.486565
0.486555
0.486555
0.486551
0.486548
0.486543
0.486536
0.486537
0.486536
0.486533
0.486531
0.486532
0.486533
0.486537
0.486546
0.486549
0.486552
0.486554
0.486561
0.486566
0.486572
0.486581
0.486583
0.486599
0.486606
0.486619
0.486627
0.486639
0.486648
0.486661
0.486674
0.486689
0.486701
0.486717
0.486742
0.486757
0.486774
0.486786
0.486805
0.48682
0.486839
0.486859
0.486882
0.486907
0.486934
0.486957
0.486981
0.487003
0.487026
0.48705
0.487074
0.487098
0.487136
0.487167
0.487207
0.48724
0.487275
0.487311
0.487345
0.487382
0.487424
0.487459
0.487492
0.487525
0.487562
0.487599
0.48764
0.487684
0.487721
0.487765
0.48781
0.487852
0.487899
0.487933
0.487973
0.488015
0.488055
0.488096
0.488137
0.488175
0.488211
0.488245
0.488279
0.488311
0.488345
0.488383
0.488415
0.488451
0.488483
0.488518
0.488542
0.488566
0.488595
0.488623
0.488654
0.488678
0.488707
0.488738
0.488761
0.488786
0.488807
0.488834
0.488865
0.488891
0.488916
0.488943
0.488974
0.488996
0.489016
0.489036
0.489052
0.48908
0.489102
0.489124
0.489144
0.489163
0.48918
0.489194
0.489203
0.489208
0.489219
0.489237
0.489248
0.489252
0.489259
0.489271
0.489278
0.48928
0.489277
0.489279
0.489283
0.489287
0.489282
0.489276
0.489277
0.489277
0.489276
0.489272
0.48927
0.489269
0.489265
0.489265
0.489264
0.489259
0.48926
0.489256
0.489255
0.489244
0.489243
0.489236
0.489231
0.489233
0.489232
0.489225
0.489229
0.489228
0.489219
0.489209
0.489205
0.489188
0.489175
0.489172
0.489161
0.489154
0.489137
0.489128
0.489114
0.489099
0.489086
0.489066
0.489048
0.489038
0.489023
0.489016
0.489007
0.48899
0.488979
0.488969
0.488953
0.488939
0.488922
0.488904
0.488898
0.488887
0.488878
0.488863
0.48886
0.488857
0.488848
0.488842
0.488827
0.48882
0.488813
0.488811
0.488804
0.488793
0.488792
0.488789
0.488784
0.488779
0.488776
0.488776
0.488773
0.48878
0.488775
0.488779
0.488778
0.488784
0.488784
0.488783
0.488784
0.488785
0.488789
0.488794
0.488796
0.488799
0.488798
0.488796
0.488803
0.488802
0.488804
0.488798
0.488803
0.488793
0.48879
0.488792
0.48879
0.48879
0.488784
0.488785
0.488786
0.488782
0.488786
0.488781
0.488781
0.488774
0.488775
0.488768
0.488766
0.488757
0.488751
0.488742
0.488735
0.488721
0.488712
0.488701
0.488688
0.488674
0.488654
0.48864
0.488621
0.488604
0.488592
0.488573
0.48856
0.488545
0.488532
0.488513
0.488501
0.488487
0.488475
0.488459
0.488447
0.488434
0.488419
0.488406
0.488394
0.488382
0.488374
0.488361
0.488353
0.488341
0.488332
0.488321
0.488316
0.488308
0.488299
0.488291
0.488283
0.488278
0.488269
0.488261
0.488256
0.488252
0.488247
0.488239
0.488234
0.488226
0.488221
0.488216
0.488212
0.488207
0.488199
0.488194
0.488189
0.488184
0.488174
0.488169
0.488161
0.48816
0.488156
0.488148
0.488144
0.48814
0.48813
0.488126
0.488119
0.488113
0.488106
0.488096
0.488091
0.488079
0.48807
0.488059
0.488053
0.488042
0.488031
0.488019
0.488008
0.487999
0.487988
0.487976
0.487967
0.48796
0.487951
0.487943
0.487936
0.487929
0.487922
0.487918
0.487911
0.487904
0.487897
0.487887
0.48788
0.48787
0.487868
0.487858
0.487852
0.487844
0.487838
0.487831
0.487821
0.48782
0.487813
0.487804
0.487799
0.487792
0.487783
0.487779
0.48777
0.487765
0.487755
0.487749
0.487738
0.48773
0.487725
0.487714
0.487709
0.4877
0.487694
0.487687
0.487678
0.487674
0.487665
0.487654
0.487646
0.487638
0.487626
0.487619
0.48761
0.487597
0.487591
0.487584
0.487572
0.487565
0.487558
0.487548
0.487538
0.487527
0.487516
0.487509
0.487495
0.487485
0.487478
0.487467
0.487455
0.487447
0.487439
0.487427
0.487416
0.487404
0.487395
0.487385
0.487374
0.487369
0.487362
0.487352
0.487343
0.487335
0.487326
0.48732
0.487316
0.487312
0.48731
0.487307
0.487298
0.487298
0.487299
0.487298
0.487294
0.487293
0.487289
0.487283
0.487278
0.487279
0.487272
0.48727
0.48727
0.487272
0.487276
0.487272
0.48727
0.487271
0.487274
0.487274
0.487274
0.487267
0.487263
0.487267
0.487265
0.487271
0.487287
0.487298
0.48731
0.487323
0.487329
0.487335
0.487345
0.48735
0.487354
0.487366
0.487377
0.48739
0.487403
0.487424
0.487439
0.487452
0.487477
0.487494
0.487509
0.48752
0.487534
0.487545
0.48756
0.487577
0.487594
0.48761
0.487628
0.487647
0.487668
0.48768
0.487701
0.487717
0.487734
0.487757
0.487777
0.487792
0.487808
0.487822
0.487844
0.487871
0.4879
0.487915
0.487927
0.487951
0.487977
0.488007
0.488031
0.488055
0.488076
0.4881
0.488109
0.488113
0.488128
0.488138
0.488147
0.488145
0.488141
0.488137
0.488129
0.488128
0.488126
0.488122
0.488106
0.488092
0.488076
0.488063
0.488052
0.488041
0.488022
0.488006
0.48799
0.487971
0.487956
0.487942
0.487919
0.487895
0.487872
0.487845
0.487823
0.487795
0.487765
0.487741
0.487712
0.487686
0.487651
0.487623
0.487587
0.487566
0.487536
0.487513
0.487492
0.487462
0.487436
0.487415
0.48739
0.487375
0.487364
0.48735
0.487334
0.487313
0.487292
0.487276
0.487261
0.487246
0.487225
0.487208
0.48719
0.487182
0.487176
0.487161
0.487148
0.487141
0.487132
0.487119
0.487109
0.487102
0.487109
0.487102
0.487097
0.487104
0.487117
0.487129
0.487137
0.487138
0.487144
0.487149
0.487147
0.487157
0.487168
0.487178
0.487179
0.48719
0.487211
0.487229
0.487237
0.487247
0.487263
0.487282
0.48729
0.487309
0.487325
0.487333
0.487351
0.487364
0.487386
0.4874
0.487409
0.487426
0.487436
0.487436
0.487442
0.487459
0.487474
0.487487
0.487493
0.487507
0.487518
0.487529
0.487525
0.487535
0.487545
0.48755
0.487564
0.487584
0.487599
0.487591
0.487587
0.487594
0.487608
0.487617
0.487616
0.487624
0.487631
0.487635
0.487633
0.487636
0.487642
0.487639
0.48764
0.487641
0.487642
0.487645
0.487637
0.487627
0.487629
0.487625
0.487611
0.487601
0.487596
0.487598
0.487597
0.487584
0.487571
0.487556
0.487553
0.487552
0.48755
0.487539
0.487533
0.487521
0.48752
0.487511
0.487509
0.487504
0.487499
0.487481
0.487474
0.487464
0.487459
0.487448
0.487435
0.487427
0.487426
0.487411
0.487396
0.487381
0.487363
0.487343
0.487327
0.487301
0.487284
0.487258
0.487215
0.487188
0.487171
0.487146
0.487114
0.487072
0.487048
0.487022
0.486989
0.48695
0.486915
0.486881
0.486847
0.48681
0.486772
0.48674
0.486711
0.486677
0.48664
0.486602
0.486572
0.486541
0.48651
0.486476
0.486462
0.486444
0.486417
0.486398
0.486361
0.486336
0.486314
0.4863
0.486271
0.486255
0.48624
0.486226
0.486213
0.486185
0.486167
0.486156
0.486138
0.486123
0.486101
0.486083
0.48608
0.486085
0.486058
0.486043
0.48603
0.486012
0.485992
0.485978
0.485981
0.48598
0.485961
0.485938
0.485926
0.485926
0.485923
0.485912
0.485903
0.48591
0.485915
0.485894
0.485882
0.485874
0.485879
0.485872
0.485868
0.48587
0.485876
0.485873
0.485874
0.485871
0.485872
0.485869
0.485873
0.485884
0.485889
0.485894
0.485893
0.485899
0.485911
0.485921
0.485937
0.485953
0.485963
0.485973
0.485994
0.48602
0.486035
0.486043
0.486052
0.48608
0.486105
0.486118
0.48614
0.48616
0.486184
0.486204
0.486218
0.48623
0.486244
0.486266
0.486288
0.4863
0.486304
0.486324
0.486341
0.486354
0.486356
0.486368
0.486377
0.486373
0.486376
0.486395
0.486405
0.486408
0.486406
0.48642
0.486428
0.48643
0.48643
0.486442
0.486441
0.48645
0.486455
0.486465
0.48647
0.486474
0.486477
0.486488
0.486491
0.486503
0.486522
0.486537
0.486547
0.486564
0.486566
0.48657
0.486586
0.486614
0.486622
0.486617
0.486622
0.486625
0.48663
0.48663
0.486643
0.486644
0.486689
0.4867
0.486702
0.48671
0.486725
0.486739
0.486741
0.486753
0.486764
0.486781
0.486795
0.486816
0.48684
0.486863
0.486889
0.486911
0.486926
0.486941
0.486955
0.486987
0.487015
0.487043
0.487057
0.487074
0.487091
0.487109
0.487134
0.487155
0.487164
0.487185
0.487205
0.487217
0.487229
0.487241
0.487263
0.487281
0.487296
0.487298
0.487305
0.487315
0.487333
0.487342
0.487352
0.487355
0.487369
0.487383
0.487391
0.487393
0.48739
0.487393
0.487389
0.487376
0.487359
0.487347
0.487342
0.487328
0.487307
0.487289
0.487263
0.487248
0.487227
0.487215
0.487191
0.487172
0.487161
0.487147
0.487138
0.487137
0.487143
0.487161
0.487181
0.487212
0.487238
0.487273
0.487302
0.487335
0.487371
0.487404
0.487436
0.487469
0.487503
0.487541
0.487581
0.487622
0.487657
0.487698
0.48773
0.48776
0.487785
0.487811
0.487837
0.487863
0.487886
0.487906
0.487926
0.487941
0.487965
0.487978
0.487994
0.488012
0.488031
0.488043
0.488056
0.488067
0.488069
0.488079
0.488085
0.488088
0.488097
0.4881
0.488101
0.488096
0.4881
0.488095
0.48809
0.488075
0.488067
0.48806
0.488051
0.488045
0.488037
0.48803
0.488022
0.488016
0.488008
0.488002
0.487998
0.487984
0.487976
0.487963
0.487953
0.487942
0.487924
0.487912
0.487897
0.487885
0.487869
0.487851
0.487832
0.487813
0.487794
0.487772
0.487748
0.487725
0.487702
0.487681
0.487661
0.487637
0.487615
0.487594
0.48757
0.487549
0.487526
0.487505
0.487484
0.487457
0.487436
0.487411
0.487387
0.487359
0.487338
0.487311
0.487284
0.487257
0.487232
0.487207
0.48718
0.487156
0.487131
0.48711
0.487084
0.48706
0.487038
0.487013
0.486989
0.486967
0.486943
0.486924
0.486903
0.486881
0.486859
0.48684
0.486815
0.486796
0.486775
0.486756
0.48674
0.486719
0.486702
0.486684
0.486665
0.486648
0.48663
0.486614
0.486595
0.486578
0.486561
0.486539
0.486526
0.486503
0.486487
0.486465
0.486445
0.486427
0.486407
0.486385
0.48636
0.486341
0.486317
0.486296
0.486277
0.486256
0.486235
0.486214
0.486196
0.486179
0.486162
0.486147
0.486132
0.486115
0.4861
0.486082
0.486068
0.48605
0.486035
0.486031
0.486027
0.486022
0.486018
0.486014
0.48601
0.486005
0.486001
0.485997
0.485992
0.485988
0.485984
0.485979
0.485975
0.485971
0.485967
0.485963
0.485959
0.485954
0.48595
0.485946
0.485942
0.485939
0.485935
0.485931
0.485927
0.485923
0.48592
0.485916
0.485912
0.485909
0.485905
0.485902
0.485898
0.485895
0.485891
0.485888
0.485884
0.485881
0.485878
0.485874
0.485871
0.485868
0.485864
0.485861
0.485858
0.485854
0.485851
0.485848
0.485844
0.485841
0.485838
0.485835
0.485831
0.485828
0.485825
0.485822
0.485818
0.485815
0.485812
0.485809
0.485806
0.485803
0.485799
0.485796
0.485793
0.48579
0.485788
0.485785
0.485782
0.485779
0.485776
0.485773
0.48577
0.485768
0.485765
0.485762
0.48576
0.485757
0.485754
0.485751
0.485749
0.485746
0.485743
0.485741
0.485738
0.485735
0.485732
0.48573
0.485727
0.485724
0.485721
0.485718
0.485716
0.485713
0.48571
0.485707
0.485704
0.485702
0.485699
0.485696
0.485693
0.48569
0.485687
0.485685
0.485682
0.485679
0.485676
0.485674
0.485671
0.485668
0.485665
0.485663
0.48566
0.485658
0.485655
0.485653
0.48565
0.485648
0.485645
0.485643
0.485641
0.485638
0.485636
0.485634
0.485632
0.485629
0.485627
0.485625
0.485623
0.485621
0.485619
0.485617
0.485615
0.485613
0.485611
0.48561
0.485608
0.485606
0.485604
0.485602
0.485601
0.485599
0.485597
0.485595
0.485594
0.485592
0.48559
0.485589
0.485587
0.485585
0.485584
0.485582
0.48558
0.485579
0.485577
0.485576
0.485574
0.485573
0.485571
0.48557
0.485569
0.485567
0.485566
0.485564
0.485563
0.485562
0.485561
0.485559
0.485558
0.485557
0.485556
0.485554
0.485553
0.485552
0.485551
0.485549
0.485548
0.485547
0.485546
0.485545
0.485544
0.485542
0.485541
0.48554
0.485539
0.485538
0.485537
0.485535
0.485534
0.485533
0.485532
0.485531
0.48553
0.485529
0.485528
0.485527
0.485526
0.485525
0.485525
0.485524
0.485523
0.485522
0.485521
0.485521
0.48552
0.485519
0.485519
0.485518
0.485517
0.485517
0.485516
0.485515
0.485515
0.485514
0.485514
0.485513
0.485513
0.485512
0.485512
0.485511
0.485511
0.48551
0.48551
0.485509
0.485509
0.485508
0.485508
0.485507
0.485507
0.485506
0.485506
0.485505
0.485505
0.485504
0.485504
0.485503
0.485503
0.485503
0.485502
0.485502
0.485501
0.485501
0.485501
0.4855
0.4855
0.4855
0.485499
0.485499
0.485499
0.485498
0.485498
0.485497
0.485497
0.485497
0.485496
0.485496
0.485496
0.485495
0.485495
0.485494
0.485494
0.485494
0.485493
0.485493
0.485492
0.485492
0.485491
0.485491
0.48549
0.48549
0.485489
0.485489
0.485488
0.485488
0.485487
0.485486
0.485486
0.485485
0.485485
0.485484
0.485484
0.485483
0.485482
0.485482
0.485481
0.485481
0.48548
0.485479
0.485479
0.485478
0.485478
0.485477
0.485476
0.485476
0.485475
0.485474
0.485474
0.485473
0.485472
0.485472
0.485471
0.48547
0.48547
0.485469
0.485468
0.485467
0.485466
0.485465
0.485465
0.485464
0.485463
0.485462
0.485461
0.48546
0.485459
0.485458
0.485457
0.485456
0.485455
0.485454
0.485453
0.485452
0.485451
0.48545
0.485449
0.485448
0.485447
0.485446
0.485445
0.485444
0.485443
0.485442
0.485441
0.485439
0.485438
0.485437
0.485436
0.485435
0.485434
0.485433
0.485432
0.485431
0.48543
0.485429
0.485428
0.485427
0.485426
0.485425
0.485424
0.485423
0.485422
0.485421
0.48542
0.485419
0.485418
0.485417
0.485416
0.485415
0.485414
0.485414
0.485413
0.485412
0.485411
0.48541
0.485409
0.485409
0.485408
0.485407
0.485407
0.485406
0.485405
0.485404
0.485404
0.485403
0.485402
0.485402
0.485401
0.485401
0.4854
0.485399
0.485399
0.485398
0.485397
0.485397
0.485396
0.485396
0.485464
0.485521
0.485586
0.485646
0.4857
0.485752
0.485801
0.485839
0.485889
0.485925
0.485962
0.485997
0.486031
0.486066
0.486092
0.48612
0.486139
0.486158
0.486171
0.486181
0.486191
0.4862
0.486211
0.486211
0.486211
0.486209
0.486209
0.486205
0.486198
0.486191
0.486176
0.486169
0.486166
0.486147
0.486132
0.486118
0.4861
0.48608
0.486053
0.486025
0.486006
0.485975
0.485952
0.485933
0.485914
0.485892
0.485872
0.485846
0.485822
0.485788
0.485761
0.485718
0.485682
0.485649
0.485616
0.485584
0.485546
0.485504
0.485466
0.48541
0.485371
0.485322
0.485275
0.485228
0.485179
0.485131
0.485092
0.485056
0.484998
0.484953
0.484901
0.484856
0.484807
0.484752
0.484699
0.484644
0.484596
0.484544
0.48449
0.484437
0.484391
0.484341
0.484287
0.484232
0.484187
0.484138
0.484085
0.484036
0.483983
0.483933
0.483875
0.483822
0.483778
0.483726
0.483669
0.483629
0.483586
0.483536
0.483481
0.483435
0.48339
0.483338
0.48329
0.483236
0.483198
0.483159
0.48311
0.483061
0.483025
0.482983
0.482925
0.482845
0.482788
0.482753
0.482704
0.482643
0.482603
0.48257
0.482529
0.482485
0.482454
0.482407
0.482373
0.482332
0.482291
0.482261
0.482236
0.482191
0.482142
0.482112
0.482068
0.482025
0.481993
0.481955
0.481894
0.481853
0.481805
0.481752
0.481709
0.481673
0.481609
0.481527
0.481466
0.481395
0.481326
0.481247
0.481161
0.481085
0.481015
0.480922
0.480841
0.480673
0.48061
0.480546
0.480457
0.480361
0.48028
0.480182
0.480104
0.480017
0.479941
0.479866
0.479798
0.479719
0.479648
0.479568
0.479488
0.479395
0.479323
0.47924
0.47915
0.479087
0.479029
0.478963
0.478891
0.478814
0.478748
0.478688
0.478626
0.478554
0.478495
0.478445
0.478383
0.478323
0.478249
0.478187
0.478119
0.47806
0.47802
0.47798
0.477946
0.4779
0.477859
0.477828
0.477803
0.477766
0.477721
0.477671
0.477607
0.47754
0.477476
0.477406
0.477334
0.477264
0.477198
0.477128
0.477068
0.477012
0.476953
0.476892
0.47684
0.476802
0.476754
0.476727
0.476688
0.476652
0.476628
0.476595
0.476575
0.476562
0.476554
0.476544
0.476533
0.476526
0.476519
0.476512
0.476515
0.476519
0.476525
0.476518
0.476521
0.476522
0.476523
0.476539
0.476553
0.476567
0.476577
0.476591
0.476601
0.476621
0.476644
0.476667
0.47669
0.476708
0.476724
0.476748
0.476776
0.4768
0.47682
0.476831
0.476847
0.476857
0.476877
0.476897
0.476913
0.476931
0.47695
0.476959
0.476979
0.476993
0.477008
0.47702
0.477035
0.477042
0.477051
0.477065
0.47707
0.477086
0.4771
0.477105
0.477115
0.477124
0.477127
0.477129
0.477136
0.477134
0.477132
0.477131
0.477133
0.477133
0.477133
0.477133
0.47713
0.47713
0.477128
0.477124
0.477115
0.477114
0.477113
0.477113
0.477122
0.477125
0.477132
0.477137
0.477146
0.477147
0.477149
0.477161
0.477171
0.47718
0.477195
0.477204
0.477213
0.477226
0.477242
0.477253
0.477263
0.477276
0.477283
0.477289
0.477304
0.477313
0.477319
0.477325
0.477327
0.477328
0.477334
0.477344
0.477354
0.477357
0.477366
0.477375
0.477382
0.477383
0.477387
0.477388
0.477377
0.477388
0.477401
0.477412
0.477422
0.47743
0.477447
0.477469
0.477493
0.477507
0.477521
0.477532
0.477544
0.477562
0.477577
0.477597
0.477608
0.477626
0.477644
0.477657
0.477673
0.477683
0.477714
0.477739
0.47775
0.477768
0.47778
0.477798
0.477826
0.47785
0.477878
0.477903
0.477934
0.477962
0.477985
0.478015
0.478036
0.478069
0.478105
0.478141
0.478172
0.478203
0.478234
0.478274
0.478315
0.478359
0.478392
0.478421
0.478451
0.478493
0.478531
0.478574
0.478607
0.478638
0.478675
0.478711
0.478751
0.478797
0.478828
0.478859
0.478891
0.478923
0.478961
0.479004
0.479034
0.479069
0.47911
0.479146
0.479196
0.479232
0.479268
0.479301
0.479338
0.479377
0.479423
0.479468
0.479508
0.479553
0.479596
0.479638
0.479684
0.479736
0.479791
0.479844
0.479898
0.479951
0.480003
0.480058
0.480119
0.480171
0.480227
0.480267
0.480311
0.480361
0.480409
0.480459
0.480504
0.480543
0.480588
0.480631
0.480681
0.480727
0.480773
0.480811
0.480849
0.480884
0.480927
0.480976
0.481023
0.481059
0.481095
0.481129
0.481172
0.481206
0.481252
0.481286
0.481327
0.48137
0.481411
0.481455
0.481502
0.481552
0.481593
0.48164
0.481686
0.481735
0.481787
0.481841
0.481888
0.481934
0.48198
0.482032
0.48208
0.482127
0.482178
0.482232
0.482277
0.482319
0.482357
0.482395
0.482436
0.482482
0.482526
0.482574
0.482619
0.482658
0.482705
0.482753
0.482791
0.482833
0.482875
0.482916
0.482957
0.483
0.483036
0.483071
0.483112
0.483156
0.483199
0.483247
0.483294
0.483334
0.48338
0.483416
0.483459
0.483498
0.483549
0.483598
0.483645
0.483691
0.483733
0.483772
0.48382
0.483871
0.483911
0.483957
0.483996
0.484035
0.484089
0.484133
0.484169
0.484202
0.484235
0.484262
0.484301
0.484343
0.484384
0.484422
0.484463
0.484505
0.484543
0.484586
0.484633
0.484677
0.484724
0.484765
0.484806
0.484853
0.484903
0.48495
0.485001
0.485042
0.485086
0.485138
0.485185
0.48524
0.485287
0.485342
0.485382
0.485433
0.485477
0.48553
0.485586
0.485632
0.485682
0.485733
0.48578
0.485828
0.485877
0.485924
0.48598
0.486019
0.486067
0.486105
0.486149
0.4862
0.486245
0.48629
0.486335
0.486379
0.486428
0.486487
0.486535
0.486586
0.486622
0.486664
0.486712
0.486768
0.486834
0.486881
0.486926
0.486976
0.487023
0.487077
0.487129
0.487178
0.487225
0.487278
0.487325
0.487372
0.487413
0.487442
0.487484
0.48752
0.487561
0.487608
0.487652
0.487694
0.487729
0.487767
0.487803
0.487851
0.487889
0.487921
0.487956
0.487985
0.488023
0.488056
0.488088
0.488114
0.488149
0.488185
0.48822
0.488254
0.488288
0.488328
0.488367
0.488415
0.488457
0.488499
0.488535
0.488568
0.488597
0.488644
0.488692
0.488746
0.488792
0.488837
0.488885
0.488936
0.488989
0.489031
0.489071
0.489111
0.489152
0.489191
0.489233
0.489271
0.48931
0.489348
0.489381
0.489419
0.489461
0.489495
0.489534
0.489577
0.489614
0.489661
0.489701
0.489738
0.489776
0.489823
0.489865
0.489909
0.489952
0.489997
0.490042
0.490089
0.490128
0.490169
0.490213
0.490243
0.490282
0.490331
0.490374
0.49042
0.490464
0.490512
0.490554
0.490604
0.490646
0.490692
0.490743
0.490788
0.490828
0.490877
0.490919
0.490967
0.491011
0.491052
0.4911
0.491144
0.491196
0.491237
0.491279
0.491317
0.491354
0.491399
0.491442
0.491485
0.491531
0.491576
0.491619
0.491665
0.491711
0.491757
0.491803
0.491845
0.491891
0.49194
0.491983
0.492026
0.492066
0.492103
0.492149
0.492194
0.492236
0.492282
0.492324
0.492362
0.492408
0.492452
0.4925
0.492551
0.492598
0.492649
0.492702
0.492753
0.492809
0.492852
0.492891
0.492942
0.492998
0.493049
0.493102
0.493155
0.4932
0.493255
0.493303
0.493355
0.493401
0.49345
0.493491
0.493544
0.493585
0.493632
0.493674
0.493703
0.493745
0.493777
0.493807
0.493839
0.49387
0.493903
0.493935
0.493967
0.494001
0.494046
0.494088
0.494123
0.494151
0.494169
0.494191
0.494211
0.494223
0.494228
0.494231
0.494232
0.494239
0.494251
0.494263
0.49428
0.494291
0.494296
0.494296
0.494294
0.494289
0.494283
0.494262
0.494238
0.494208
0.494167
0.494125
0.494078
0.494031
0.493977
0.493924
0.493868
0.493805
0.493734
0.493664
0.493599
0.493524
0.493452
0.493382
0.493311
0.493241
0.493173
0.49311
0.493048
0.492994
0.492934
0.492882
0.492833
0.492781
0.492727
0.492679
0.492634
0.492589
0.492542
0.492499
0.492449
0.492407
0.492371
0.492343
0.492313
0.492284
0.492255
0.492224
0.492197
0.492173
0.492145
0.492116
0.492087
0.492064
0.492037
0.492019
0.491995
0.491979
0.491963
0.491946
0.491933
0.491917
0.491909
0.491895
0.491888
0.491878
0.491871
0.491865
0.491857
0.491852
0.491846
0.49185
0.491852
0.491861
0.491867
0.49188
0.491888
0.491892
0.491905
0.491918
0.49193
0.491938
0.491954
0.491975
0.491993
0.49202
0.492046
0.492069
0.492092
0.492122
0.492151
0.492169
0.492188
0.492196
0.49221
0.492229
0.492245
0.492262
0.492272
0.492286
0.492299
0.492318
0.492328
0.492339
0.492347
0.492364
0.492371
0.492386
0.492392
0.492404
0.492407
0.492411
0.492415
0.492422
0.49243
0.492437
0.492446
0.492451
0.492455
0.492454
0.492459
0.492456
0.492454
0.492449
0.492439
0.492426
0.492408
0.492395
0.492385
0.492374
0.492366
0.492361
0.49235
0.492336
0.49232
0.492307
0.492296
0.492289
0.492274
0.492261
0.492253
0.492249
0.492248
0.492237
0.492206
0.492189
0.492177
0.492166
0.492153
0.492134
0.492116
0.4921
0.492083
0.492065
0.49205
0.492024
0.492001
0.491983
0.491965
0.491941
0.491922
0.491908
0.491892
0.491872
0.491851
0.491834
0.491802
0.49178
0.49176
0.491737
0.491714
0.491693
0.491673
0.491652
0.491621
0.4916
0.491574
0.491556
0.491532
0.491511
0.491487
0.491465
0.491448
0.491431
0.491406
0.49138
0.49136
0.491347
0.491315
0.491292
0.491262
0.491236
0.491216
0.491199
0.491176
0.491149
0.491139
0.491115
0.491089
0.491077
0.491059
0.491046
0.491035
0.49103
0.491004
0.490988
0.490976
0.490957
0.490969
0.490973
0.490971
0.490978
0.490965
0.490975
0.490989
0.49099
0.491013
0.491024
0.491046
0.49107
0.491085
0.491107
0.491124
0.49116
0.491206
0.491225
0.491261
0.491293
0.491336
0.491377
0.49143
0.491476
0.491513
0.491574
0.491624
0.491673
0.491737
0.491804
0.491855
0.491905
0.491992
0.492058
0.492145
0.492212
0.492266
0.492333
0.49239
0.492462
0.492524
0.492577
0.492646
0.49271
0.492778
0.492833
0.49289
0.492962
0.493023
0.493088
0.493174
0.49326
0.493337
0.493406
0.493492
0.493565
0.493635
0.493701
0.493755
0.493805
0.493857
0.493907
0.493971
0.494025
0.494073
0.494129
0.494179
0.494227
0.494292
0.494357
0.494398
0.494448
0.494499
0.49454
0.494588
0.494635
0.494681
0.494729
0.494764
0.494796
0.494836
0.494885
0.494934
0.494965
0.494999
0.495043
0.495088
0.49513
0.495171
0.495216
0.495277
0.495334
0.495394
0.495439
0.495479
0.495525
0.495577
0.495683
0.495722
0.495761
0.495804
0.495843
0.495876
0.495898
0.495931
0.495953
0.495971
0.495993
0.496015
0.496042
0.496065
0.496082
0.496098
0.496109
0.496128
0.496141
0.496157
0.496163
0.49618
0.496197
0.496208
0.49621
0.496212
0.496214
0.496215
0.496215
0.496198
0.496192
0.496174
0.496139
0.496102
0.496085
0.49605
0.496014
0.495969
0.495935
0.495901
0.495869
0.495839
0.495803
0.495771
0.495738
0.495699
0.495663
0.495631
0.495602
0.495571
0.495539
0.495511
0.49549
0.495466
0.495435
0.495408
0.495392
0.495382
0.495358
0.495328
0.495291
0.495277
0.49526
0.495235
0.495208
0.49519
0.495181
0.49516
0.495135
0.495108
0.495083
0.49506
0.495041
0.495015
0.494987
0.494965
0.494944
0.494916
0.494888
0.494866
0.494844
0.494833
0.49482
0.494804
0.4948
0.494795
0.494791
0.494797
0.494807
0.494812
0.494815
0.494825
0.494848
0.494876
0.494894
0.494903
0.494922
0.494952
0.494986
0.495012
0.495042
0.495067
0.495094
0.495134
0.495168
0.495195
0.495216
0.495254
0.495286
0.495311
0.495334
0.495359
0.495388
0.495411
0.495425
0.495445
0.495473
0.495486
0.495496
0.495512
0.495517
0.495525
0.495528
0.495538
0.495553
0.495561
0.49557
0.49558
0.495589
0.495604
0.495623
0.495638
0.495656
0.495676
0.495697
0.495723
0.49574
0.495766
0.495791
0.495812
0.495833
0.495842
0.495858
0.495874
0.495899
0.495911
0.495922
0.495938
0.495945
0.49596
0.495971
0.495976
0.495995
0.496014
0.496031
0.496049
0.496064
0.496084
0.496099
0.496118
0.496141
0.496168
0.496198
0.496225
0.496255
0.496281
0.496315
0.496355
0.496397
0.496442
0.496474
0.496508
0.496536
0.496571
0.496606
0.496646
0.496679
0.496711
0.496748
0.496789
0.496831
0.496866
0.496889
0.496922
0.496952
0.496995
0.497031
0.497072
0.497106
0.497142
0.497178
0.497217
0.49726
0.497303
0.497351
0.497389
0.497436
0.497467
0.497517
0.497567
0.497612
0.497658
0.497708
0.497751
0.497797
0.497866
0.49793
0.497994
0.498051
0.498107
0.498156
0.498214
0.498283
0.498339
0.498387
0.498433
0.498483
0.498531
0.498583
0.498629
0.498679
0.498725
0.498763
0.498802
0.498835
0.498877
0.498921
0.498966
0.499005
0.499047
0.499088
0.499129
0.499172
0.499223
0.499267
0.499306
0.499355
0.499398
0.499428
0.499461
0.499493
0.499519
0.499548
0.49958
0.499614
0.499638
0.499671
0.499698
0.499722
0.499742
0.49977
0.499798
0.499831
0.499857
0.499883
0.499908
0.499938
0.499967
0.499992
0.500015
0.500041
0.500068
0.500101
0.500133
0.500169
0.500204
0.500234
0.500266
0.500299
0.50033
0.500362
0.500394
0.500431
0.500466
0.500504
0.500539
0.500571
0.500602
0.500636
0.500668
0.500698
0.50073
0.500762
0.500796
0.500831
0.500866
0.500897
0.500922
0.500949
0.500978
0.501001
0.501023
0.50104
0.501061
0.501077
0.501091
0.501105
0.501115
0.50112
0.501127
0.501134
0.501136
0.501138
0.501136
0.501132
0.501128
0.501121
0.501114
0.501106
0.501099
0.501087
0.501074
0.501062
0.501048
0.501032
0.501016
0.500998
0.500978
0.500962
0.500943
0.500927
0.500908
0.500886
0.500866
0.500844
0.500821
0.5008
0.500774
0.50077
0.500766
0.500763
0.500759
0.500755
0.500751
0.500748
0.500744
0.50074
0.500736
0.500733
0.500729
0.500725
0.500722
0.500718
0.500715
0.500711
0.500707
0.500703
0.5007
0.500696
0.500692
0.500688
0.500684
0.500681
0.500677
0.500673
0.500669
0.500665
0.500661
0.500657
0.500654
0.50065
0.500646
0.500643
0.500639
0.500635
0.500632
0.500628
0.500624
0.500621
0.500617
0.500614
0.50061
0.500607
0.500603
0.5006
0.500597
0.500593
0.50059
0.500587
0.500583
0.50058
0.500577
0.500574
0.500571
0.500567
0.500564
0.500561
0.500558
0.500554
0.500551
0.500548
0.500544
0.500541
0.500538
0.500535
0.500531
0.500528
0.500525
0.500521
0.500518
0.500515
0.500511
0.500508
0.500505
0.500502
0.500498
0.500495
0.500492
0.500489
0.500486
0.500482
0.500479
0.500476
0.500473
0.500469
0.500466
0.500463
0.50046
0.500457
0.500454
0.500451
0.500448
0.500445
0.500442
0.500439
0.500436
0.500433
0.50043
0.500427
0.500425
0.500422
0.500419
0.500416
0.500414
0.500411
0.500408
0.500406
0.500403
0.500401
0.500398
0.500396
0.500393
0.500391
0.500388
0.500386
0.500384
0.500382
0.50038
0.500377
0.500375
0.500373
0.500372
0.50037
0.500368
0.500366
0.500364
0.500362
0.500361
0.500359
0.500357
0.500355
0.500354
0.500352
0.500351
0.500349
0.500348
0.500346
0.500345
0.500344
0.500342
0.500341
0.50034
0.500338
0.500337
0.500336
0.500335
0.500334
0.500333
0.500332
0.500331
0.50033
0.500329
0.500328
0.500328
0.500327
0.500326
0.500325
0.500325
0.500324
0.500323
0.500322
0.500322
0.500321
0.50032
0.50032
0.500319
0.500319
0.500318
0.500317
0.500317
0.500316
0.500316
0.500315
0.500314
0.500314
0.500313
0.500313
0.500312
0.500311
0.50031
0.50031
0.500309
0.500308
0.500307
0.500306
0.500305
0.500305
0.500304
0.500303
0.500302
0.500301
0.5003
0.500299
0.500298
0.500297
0.500296
0.500295
0.500294
0.500293
0.500292
0.500291
0.50029
0.500288
0.500287
0.500286
0.500285
0.500284
0.500282
0.500281
0.50028
0.500279
0.500277
0.500276
0.500275
0.500273
0.500272
0.500271
0.500269
0.500268
0.500267
0.500265
0.500264
0.500262
0.500261
0.50026
0.500258
0.500257
0.500255
0.500254
0.500252
0.50025
0.500249
0.500247
0.500245
0.500244
0.500242
0.500241
0.500239
0.500237
0.500236
0.500234
0.500232
0.500231
0.500229
0.500227
0.500226
0.500224
0.500222
0.50022
0.500219
0.500217
0.500215
0.500213
0.500212
0.50021
0.500208
0.500206
0.500204
0.500202
0.5002
0.500199
0.500197
0.500195
0.500193
0.500191
0.500189
0.500187
0.500185
0.500183
0.500181
0.500179
0.500177
0.500175
0.500173
0.500171
0.500169
0.500167
0.500165
0.500163
0.500161
0.500159
0.500157
0.500155
0.500153
0.500151
0.500149
0.500147
0.500145
0.500143
0.500141
0.500139
0.500137
0.500135
0.500133
0.500131
0.500129
0.500127
0.500126
0.500124
0.500122
0.50012
0.500118
0.500116
0.500114
0.500112
0.50011
0.500108
0.500106
0.500104
0.500102
0.500101
0.500099
0.500097
0.500095
0.500093
0.500091
0.500089
0.500087
0.500086
0.500084
0.500082
0.50008
0.500078
0.500076
0.500074
0.500072
0.50007
0.500068
0.500066
0.500064
0.500063
0.500061
0.500059
0.500057
0.500055
0.500053
0.500051
0.500049
0.500047
0.500046
0.500044
0.500042
0.50004
0.500038
0.500036
0.500034
0.500032
0.50003
0.500028
0.500026
0.500024
0.500022
0.50002
0.500018
0.500016
0.500015
0.500012
0.50001
0.500008
0.500006
0.500004
0.500002
0.5
0.499998
0.499996
0.499994
0.499992
0.49999
0.499988
0.499986
0.499984
0.499982
0.49998
0.499978
0.499976
0.499974
0.499972
0.499969
0.499967
0.499965
0.499963
0.499961
0.499959
0.499957
0.499954
0.499952
0.49995
0.499948
0.499946
0.499943
0.499941
0.499939
0.499937
0.499935
0.499933
0.49993
0.499928
0.499926
0.499924
0.499922
0.49992
0.499918
0.499916
0.499914
0.499912
0.49991
0.499908
0.499906
0.499904
0.499902
0.4999
0.499898
0.499896
0.499894
0.499892
0.49989
0.499888
0.499886
0.499884
0.499882
0.49988
0.499878
0.499876
0.499875
0.499873
0.499871
0.499869
0.499867
0.499866
0.499864
0.499862
0.49986
0.499859
0.499857
0.499855
0.499854
0.499852
0.49985
0.499849
0.499847
0.499846
0.499844
0.499843
0.499841
0.49984
0.499839
0.499837
0.499836
0.499835
0.499833
0.499832
0.499831
0.49983
0.499829
0.499827
0.499826
0.499825
0.499824
0.499823
0.499822
0.499821
0.49982
0.499819
0.499818
0.499817
0.499815
0.499814
0.499813
0.499812
0.499811
0.49981
0.499809
0.499808
0.499808
0.499807
0.499806
0.499805
0.499804
0.499803
0.499802
0.499801
0.499801
0.4998
0.499799
0.499798
0.499798
0.499797
0.499796
0.499796
0.499795
0.499794
0.499794
0.499793
0.499792
0.499792
0.499791
0.499791
0.49979
0.499789
0.499789
0.499788
0.499788
0.499787
0.499787
0.499786
0.499786
0.499786
0.499785
0.499785
0.499784
0.499784
0.499784
0.499783
0.499783
0.499782
0.499782
0.499782
0.499781
0.499781
0.499781
0.499781
0.49978
0.49978
0.49978
0.499779
0.499779
0.499779
0.499778
0.499778
0.499778
0.499777
0.499777
0.499776
0.499776
0.499775
0.499775
0.499774
0.499774
0.499773
0.499773
0.499772
0.499772
0.499771
0.499771
0.49977
0.499769
0.499769
0.499768
0.499767
0.499767
0.499766
0.499765
0.499765
0.499764
0.499763
0.499762
0.499762
0.499761
0.49976
0.499759
0.499759
0.499758
0.499757
0.499756
0.499755
0.499755
0.499754
0.499753
0.499752
0.499751
0.499751
0.49975
0.49975
0.499749
0.499749
0.499748
0.499748
0.499747
0.499747
0.499746
0.499746
0.499745
0.499745
0.499744
0.499743
0.499743
0.499742
0.499742
0.499741
0.499741
0.49974
0.499739
0.499739
0.499738
0.499738
0.499737
0.499737
0.499736
0.499736
0.499735
0.499735
0.499734
0.499734
0.499733
0.499733
0.499732
0.499732
0.499731
0.499731
0.49973
0.49973
0.499729
0.499729
0.499728
0.499728
0.499727
0.499726
0.499726
0.499725
0.499725
0.499724
0.499724
0.499723
0.499723
0.499722
0.499722
0.499722
0.499721
0.499721
0.499721
0.499721
0.49972
0.49972
0.49972
0.499721
0.499721
0.499721
0.499721
0.499721
0.499722
0.499722
0.499723
0.499723
0.499724
0.499725
