0.307146
0.307146
0.307146
0.307146
0.307146
0.307146
0.307146
0.307146
0.307146
0.307146
0.307146
0.307146
0.307147
0.307147
0.307147
0.307147
0.307147
0.307147
0.307147
0.307147
0.307147
0.307147
0.307147
0.307147
0.307147
0.307147
0.307147
0.307146
0.307146
0.307146
0.307146
0.307146
0.307146
0.307146
0.307146
0.307146
0.307146
0.307146
0.307145
0.307145
0.307145
0.307145
0.307145
0.307145
0.307145
0.307144
0.307144
0.307144
0.307144
0.307144
0.307144
0.307143
0.307143
0.307143
0.307143
0.307143
0.307142
0.307142
0.307142
0.307142
0.307142
0.307141
0.307141
0.307141
0.307141
0.307141
0.307141
0.30714
0.30714
0.30714
0.30714
0.30714
0.307139
0.307139
0.307139
0.307139
0.307139
0.307138
0.307138
0.307138
0.307138
0.307138
0.307138
0.307137
0.307137
0.307137
0.307137
0.307136
0.307136
0.307136
0.307136
0.307136
0.307135
0.307135
0.307135
0.307135
0.307134
0.307134
0.307134
0.307134
0.307134
0.307134
0.307134
0.307134
0.307134
0.307134
0.307134
0.307134
0.307134
0.307134
0.307134
0.307134
0.307134
0.307134
0.307134
0.307134
0.307133
0.307133
0.307133
0.307133
0.307133
0.307133
0.307133
0.307133
0.307133
0.307133
0.307133
0.307133
0.307133
0.307133
0.307133
0.307133
0.307133
0.307133
0.307133
0.307133
0.307133
0.307133
0.307133
0.307133
0.307133
0.307133
0.307133
0.307133
0.307133
0.307133
0.307133
0.307133
0.307133
0.307133
0.307134
0.307134
0.307134
0.307134
0.307134
0.307134
0.307134
0.307134
0.307134
0.307135
0.307135
0.307135
0.307135
0.307135
0.307135
0.307135
0.307135
0.307135
0.307136
0.307136
0.307136
0.307136
0.307136
0.307136
0.307137
0.307137
0.307137
0.307137
0.307137
0.307137
0.307138
0.307138
0.307138
0.307138
0.307138
0.307139
0.307139
0.307139
0.307139
0.30714
0.30714
0.30714
0.30714
0.307141
0.307141
0.307141
0.307141
0.307142
0.307142
0.307142
0.307142
0.307143
0.307143
0.307143
0.307143
0.307144
0.307144
0.307144
0.307144
0.307145
0.307145
0.307145
0.307145
0.307145
0.307146
0.307146
0.307146
0.307146
0.307146
0.307147
0.307147
0.307147
0.307147
0.307147
0.307148
0.307148
0.307148
0.307148
0.307149
0.307149
0.307149
0.307149
0.30715
0.30715
0.30715
0.30715
0.307151
0.307151
0.307151
0.307152
0.307152
0.307152
0.307153
0.307153
0.307153
0.307154
0.307154
0.307154
0.307155
0.307155
0.307155
0.307156
0.307156
0.307156
0.307156
0.307157
0.307157
0.307157
0.307157
0.307158
0.307158
0.307158
0.307158
0.307159
0.307159
0.307159
0.307159
0.307159
0.307159
0.30716
0.30716
0.30716
0.30716
0.30716
0.30716
0.307161
0.307161
0.307161
0.307161
0.307161
0.307161
0.307161
0.307162
0.307162
0.307162
0.307162
0.307162
0.307162
0.307162
0.307163
0.307163
0.307163
0.307163
0.307163
0.307163
0.307163
0.307163
0.307163
0.307164
0.307164
0.307164
0.307164
0.307164
0.307164
0.307164
0.307164
0.307164
0.307164
0.307164
0.307164
0.307164
0.307164
0.307164
0.307165
0.307165
0.307165
0.307165
0.307165
0.307165
0.307165
0.307165
0.307165
0.307165
0.307166
0.307166
0.307166
0.307166
0.307166
0.307166
0.307166
0.307166
0.307166
0.307166
0.307166
0.307166
0.307167
0.307167
0.307167
0.307167
0.307167
0.307167
0.307167
0.307167
0.307167
0.307168
0.307168
0.307168
0.307168
0.307168
0.307169
0.307169
0.307169
0.307169
0.30717
0.30717
0.30717
0.307171
0.307171
0.307171
0.307171
0.307172
0.307172
0.307172
0.307173
0.307173
0.307173
0.307174
0.307174
0.307174
0.307175
0.307175
0.307175
0.307176
0.307176
0.307176
0.307177
0.307177
0.307178
0.307178
0.307178
0.307179
0.307179
0.30718
0.30718
0.30718
0.307181
0.307181
0.307182
0.307182
0.307183
0.307183
0.307184
0.307184
0.307185
0.307185
0.307186
0.307186
0.307187
0.307187
0.307188
0.307188
0.307189
0.307189
0.30719
0.30719
0.307191
0.307191
0.307192
0.307192
0.307193
0.307193
0.307194
0.307194
0.307195
0.307195
0.307196
0.307196
0.307197
0.307197
0.307198
0.307198
0.307199
0.307199
0.3072
0.3072
0.307201
0.307201
0.307202
0.307202
0.307203
0.307203
0.307204
0.307204
0.307205
0.307205
0.307206
0.307206
0.307206
0.307207
0.307207
0.307208
0.307208
0.307209
0.307209
0.307209
0.30721
0.30721
0.307211
0.307211
0.307211
0.307212
0.307212
0.307213
0.307213
0.307213
0.307214
0.307214
0.307214
0.307215
0.307215
0.307216
0.307216
0.307216
0.307217
0.307217
0.307217
0.307218
0.307218
0.307219
0.307219
0.307219
0.30722
0.30722
0.307221
0.307221
0.307222
0.307222
0.307222
0.307223
0.307223
0.307224
0.307224
0.307225
0.307225
0.307225
0.307226
0.307226
0.307227
0.307227
0.307228
0.307228
0.307228
0.307229
0.307229
0.30723
0.30723
0.30723
0.307231
0.307231
0.307231
0.307232
0.307232
0.307233
0.307233
0.307234
0.307234
0.307234
0.307235
0.307235
0.307236
0.307236
0.307236
0.307236
0.307237
0.307237
0.307237
0.307238
0.307238
0.307238
0.307239
0.307239
0.307239
0.30724
0.30724
0.30724
0.307241
0.307241
0.307241
0.307241
0.307242
0.307242
0.307242
0.307242
0.307242
0.307243
0.307243
0.307243
0.307243
0.307244
0.307244
0.307244
0.307244
0.307245
0.307245
0.307245
0.307245
0.307245
0.307245
0.307246
0.307246
0.307246
0.307246
0.307246
0.307247
0.307247
0.307247
0.307247
0.307247
0.307248
0.307248
0.307248
0.307248
0.307249
0.307249
0.307249
0.307249
0.307249
0.30725
0.30725
0.30725
0.30725
0.307251
0.307251
0.307251
0.307252
0.307252
0.307252
0.307252
0.307253
0.307253
0.307253
0.307254
0.307254
0.307254
0.307255
0.307255
0.307256
0.307256
0.307256
0.307256
0.307257
0.307257
0.307257
0.307258
0.307258
0.307258
0.307259
0.307259
0.30726
0.30726
0.30726
0.307261
0.307261
0.307261
0.307262
0.307262
0.307263
0.307263
0.307263
0.307264
0.307264
0.307264
0.307265
0.307265
0.307265
0.307266
0.307266
0.307267
0.307267
0.307268
0.307268
0.307268
0.307269
0.307269
0.30727
0.30727
0.307271
0.307271
0.307272
0.307272
0.307272
0.307273
0.307273
0.307274
0.307274
0.307275
0.307275
0.307275
0.307276
0.307276
0.307277
0.307277
0.307277
0.307278
0.307278
0.307278
0.307279
0.307279
0.307279
0.307279
0.30728
0.30728
0.30728
0.307281
0.307281
0.307281
0.307282
0.307282
0.307282
0.307282
0.307283
0.307283
0.307283
0.307283
0.307284
0.307284
0.307284
0.307284
0.307285
0.307285
0.307285
0.307285
0.307286
0.307286
0.307286
0.307286
0.307286
0.307287
0.307287
0.307287
0.307287
0.307288
0.307288
0.307288
0.307288
0.307288
0.307289
0.307289
0.307289
0.307289
0.30729
0.30729
0.30729
0.307291
0.307291
0.307291
0.307291
0.307292
0.307292
0.307292
0.307293
0.307293
0.307293
0.307294
0.307294
0.307294
0.307295
0.307295
0.307295
0.307296
0.307296
0.307296
0.307297
0.307297
0.307297
0.307298
0.307298
0.307299
0.307299
0.307299
0.3073
0.3073
0.307301
0.307301
0.307301
0.307302
0.307302
0.307303
0.307303
0.307304
0.307304
0.307305
0.307305
0.307306
0.307306
0.307307
0.307307
0.307308
0.307308
0.307308
0.307309
0.307309
0.30731
0.30731
0.307311
0.307311
0.307312
0.307312
0.307313
0.307313
0.307313
0.307314
0.307314
0.307315
0.307315
0.307316
0.307316
0.307317
0.307317
0.307318
0.307318
0.307319
0.307319
0.30732
0.30732
0.307321
0.307321
0.307322
0.307322
0.307323
0.307323
0.307324
0.307324
0.307325
0.307326
0.307326
0.307327
0.307327
0.307328
0.307328
0.307329
0.30733
0.30733
0.307331
0.307331
0.307332
0.307332
0.307333
0.307333
0.307334
0.307334
0.307335
0.307335
0.307336
0.307336
0.307336
0.307337
0.307337
0.307338
0.307338
0.307339
0.307339
0.307339
0.30734
0.30734
0.30734
0.307341
0.307341
0.307342
0.307342
0.307342
0.307343
0.307343
0.307344
0.307344
0.307344
0.307345
0.307345
0.307346
0.307346
0.307347
0.307347
0.307348
0.307348
0.307348
0.307349
0.307349
0.307349
0.30735
0.30735
0.30735
0.307351
0.307351
0.307352
0.307352
0.307352
0.307353
0.307353
0.307353
0.307354
0.307354
0.307354
0.307355
0.307355
0.307355
0.307356
0.307356
0.307356
0.307357
0.307357
0.307357
0.307358
0.307358
0.307358
0.307359
0.307359
0.307359
0.30736
0.30736
0.30736
0.307361
0.307361
0.307361
0.307362
0.307362
0.307362
0.307363
0.307363
0.307364
0.307364
0.307364
0.307365
0.307365
0.307366
0.307366
0.307366
0.307367
0.307367
0.307367
0.307368
0.307368
0.307368
0.307369
0.307369
0.307369
0.307369
0.30737
0.30737
0.30737
0.307371
0.307371
0.307371
0.307371
0.307371
0.307372
0.307372
0.307372
0.307372
0.307372
0.307373
0.307373
0.307373
0.307373
0.307373
0.307373
0.307373
0.307374
0.307374
0.307374
0.307374
0.307374
0.307374
0.307374
0.307374
0.307374
0.307374
0.307374
0.307375
0.307375
0.307375
0.307375
0.307375
0.307375
0.307375
0.307375
0.307375
0.307375
0.307376
0.307376
0.307376
0.307376
0.307376
0.307376
0.307376
0.307376
0.307377
0.307377
0.307377
0.307377
0.307377
0.307377
0.307377
0.307377
0.307377
0.307377
0.307377
0.307378
0.307378
0.307378
0.307378
0.307378
0.307378
0.307378
0.307378
0.307378
0.307378
0.307378
0.307378
0.307379
0.307379
0.307379
0.307379
0.307379
0.307379
0.307379
0.307379
0.307379
0.307379
0.30738
0.30738
0.30738
0.30738
0.30738
0.30738
0.30738
0.30738
0.307381
0.307381
0.307381
0.307381
0.307381
0.307381
0.307382
0.307382
0.307382
0.307382
0.307382
0.307382
0.307383
0.307383
0.307383
0.307383
0.307383
0.307354
0.307332
0.30731
0.307279
0.307259
0.307238
0.307217
0.307195
0.307176
0.307155
0.307135
0.307116
0.307097
0.30708
0.307054
0.307036
0.307018
0.306993
0.306976
0.30695
0.306935
0.306911
0.306894
0.306878
0.306859
0.306834
0.30682
0.306803
0.306786
0.306772
0.306755
0.30674
0.306724
0.306709
0.306693
0.306678
0.306662
0.306644
0.30663
0.306613
0.306587
0.306573
0.306557
0.306541
0.306523
0.306499
0.306481
0.306464
0.306446
0.306428
0.306409
0.306392
0.306372
0.306355
0.306345
0.306326
0.306308
0.306289
0.306278
0.306257
0.30624
0.306221
0.306201
0.306182
0.306161
0.306142
0.306123
0.306095
0.30607
0.306045
0.306019
0.305996
0.305972
0.305939
0.305916
0.305888
0.305858
0.305837
0.305806
0.305776
0.305755
0.305724
0.305701
0.305667
0.305644
0.30561
0.305578
0.305544
0.30552
0.305484
0.305449
0.305421
0.305381
0.305352
0.305323
0.305299
0.305279
0.305245
0.305223
0.305201
0.305176
0.305154
0.305129
0.305104
0.30508
0.305054
0.305029
0.304995
0.304967
0.304931
0.304904
0.30487
0.304835
0.304799
0.304765
0.30473
0.304693
0.304648
0.304614
0.304569
0.304518
0.304475
0.304433
0.304384
0.304335
0.304286
0.304227
0.304172
0.304115
0.304058
0.304
0.303942
0.303875
0.303814
0.303746
0.303686
0.303614
0.303544
0.303472
0.303392
0.303309
0.303229
0.303146
0.303069
0.302988
0.302907
0.302826
0.302747
0.302666
0.302595
0.302524
0.302452
0.30239
0.302327
0.302267
0.302214
0.302158
0.302106
0.302056
0.301995
0.301942
0.301883
0.301828
0.301766
0.301702
0.301647
0.301585
0.301522
0.301464
0.301405
0.301351
0.301286
0.30123
0.301177
0.30112
0.301072
0.301017
0.300967
0.300918
0.300879
0.300837
0.300794
0.300751
0.300716
0.300682
0.300652
0.300623
0.300594
0.300568
0.30054
0.300511
0.300493
0.300476
0.300449
0.300433
0.300416
0.3004
0.300384
0.300376
0.300369
0.300364
0.300358
0.300353
0.30035
0.300355
0.300355
0.300365
0.300367
0.300377
0.30039
0.300404
0.300419
0.300435
0.300451
0.300468
0.300494
0.30052
0.300548
0.300577
0.300613
0.30065
0.300688
0.300741
0.300788
0.300826
0.300874
0.300929
0.300976
0.301023
0.301072
0.301123
0.301165
0.301206
0.301248
0.30129
0.301335
0.30137
0.301406
0.30145
0.301487
0.301517
0.301554
0.301593
0.301631
0.301662
0.301701
0.301741
0.301772
0.301802
0.301841
0.301871
0.301909
0.301939
0.301983
0.302019
0.302064
0.302109
0.302158
0.302213
0.302256
0.302307
0.302353
0.302398
0.302439
0.302478
0.302513
0.302555
0.302597
0.302629
0.30267
0.302711
0.302751
0.3028
0.302846
0.302885
0.30294
0.302988
0.303034
0.303087
0.303141
0.303205
0.303259
0.30332
0.303381
0.303447
0.303515
0.30359
0.303664
0.303737
0.303808
0.30388
0.303958
0.304037
0.304113
0.30419
0.304273
0.304349
0.304441
0.304531
0.304623
0.304721
0.30482
0.304926
0.305025
0.305126
0.305227
0.305327
0.305429
0.305524
0.305622
0.305726
0.305831
0.305937
0.306036
0.306152
0.30626
0.306367
0.306483
0.306592
0.3067
0.306809
0.306925
0.307043
0.307159
0.307283
0.307403
0.307535
0.30766
0.307785
0.307909
0.308034
0.308159
0.308291
0.308439
0.308586
0.308733
0.308895
0.309049
0.309203
0.309363
0.309516
0.309683
0.309865
0.310038
0.31021
0.310375
0.310529
0.310702
0.310871
0.311055
0.311224
0.311401
0.31158
0.311758
0.311937
0.312101
0.312275
0.31245
0.312625
0.312801
0.312961
0.313137
0.313309
0.313482
0.313662
0.313833
0.314016
0.31419
0.314365
0.314532
0.314705
0.314879
0.315055
0.31523
0.315397
0.315565
0.315724
0.315883
0.316035
0.316187
0.316341
0.316502
0.316655
0.316814
0.316969
0.31712
0.317276
0.317434
0.317592
0.317749
0.317904
0.318059
0.318215
0.318358
0.318507
0.31865
0.318796
0.318957
0.319126
0.31928
0.319452
0.319617
0.319788
0.319951
0.320129
0.3203
0.320485
0.320671
0.320856
0.32105
0.321249
0.321442
0.32164
0.321854
0.322082
0.322294
0.322517
0.322724
0.322937
0.323138
0.323366
0.323605
0.323845
0.324082
0.324319
0.324557
0.324816
0.325073
0.32534
0.325594
0.325847
0.326115
0.326391
0.326676
0.326909
0.32717
0.327445
0.327718
0.327993
0.328251
0.328505
0.328765
0.329027
0.329294
0.32954
0.329777
0.330026
0.330265
0.330486
0.330738
0.330966
0.331194
0.331433
0.331665
0.331903
0.332135
0.332358
0.332587
0.332819
0.333051
0.333282
0.333521
0.333748
0.333974
0.334198
0.334434
0.334664
0.3349
0.335132
0.33535
0.335563
0.335778
0.335987
0.336203
0.336417
0.336624
0.336815
0.337012
0.33721
0.337409
0.3376
0.337801
0.337991
0.338174
0.33836
0.338545
0.33873
0.338915
0.339083
0.339249
0.339394
0.339555
0.339714
0.339864
0.340013
0.34017
0.340311
0.340445
0.340571
0.340698
0.340825
0.340952
0.341073
0.341191
0.341311
0.341432
0.341552
0.341669
0.341782
0.341886
0.342001
0.342089
0.342191
0.342299
0.342396
0.342496
0.342586
0.342681
0.342769
0.34285
0.34293
0.343009
0.343078
0.343144
0.343212
0.343282
0.343335
0.343399
0.343452
0.343509
0.343556
0.343603
0.343653
0.343693
0.343731
0.343765
0.343796
0.343823
0.343838
0.343855
0.343876
0.343891
0.343902
0.343915
0.343924
0.343925
0.343936
0.343936
0.343937
0.343932
0.343934
0.343929
0.343922
0.343913
0.343906
0.343892
0.343878
0.343862
0.343845
0.343825
0.343806
0.343783
0.343758
0.343733
0.343699
0.343671
0.343637
0.343608
0.343578
0.343544
0.343507
0.343471
0.343435
0.343398
0.343362
0.343317
0.343275
0.343232
0.343189
0.343141
0.343091
0.343048
0.343002
0.342952
0.342899
0.342844
0.342789
0.342734
0.342679
0.342624
0.342567
0.342503
0.342447
0.342383
0.342321
0.342264
0.34219
0.342126
0.342062
0.341998
0.341933
0.34186
0.341787
0.341719
0.341646
0.341569
0.341494
0.341414
0.341332
0.341249
0.341169
0.34108
0.340993
0.340896
0.340809
0.34072
0.34063
0.340533
0.340444
0.340347
0.34025
0.340144
0.34004
0.339932
0.339835
0.33972
0.339616
0.339506
0.339397
0.339291
0.339174
0.339064
0.338937
0.338829
0.338698
0.33858
0.338451
0.338316
0.338181
0.338043
0.3379
0.337755
0.337603
0.337447
0.337293
0.337141
0.336993
0.33683
0.336667
0.336503
0.336333
0.336162
0.335998
0.335819
0.335655
0.335475
0.335297
0.335115
0.334946
0.334758
0.334554
0.33436
0.334167
0.333977
0.333784
0.333589
0.333394
0.333194
0.332993
0.332791
0.332597
0.332402
0.332205
0.331999
0.331789
0.331586
0.33138
0.331188
0.330977
0.330769
0.330555
0.330373
0.330162
0.329957
0.32976
0.329556
0.329344
0.329135
0.328923
0.328712
0.3285
0.328299
0.328082
0.327866
0.327644
0.327429
0.327216
0.327001
0.326758
0.326537
0.326303
0.326089
0.325871
0.32566
0.325433
0.325215
0.324987
0.324782
0.324564
0.324352
0.324124
0.323913
0.3237
0.323501
0.32331
0.323102
0.322883
0.322652
0.32243
0.322241
0.322051
0.321837
0.321624
0.32141
0.321197
0.320999
0.320801
0.320586
0.320366
0.320152
0.319932
0.319744
0.319538
0.319334
0.319124
0.318913
0.318696
0.318493
0.318297
0.318095
0.317893
0.317699
0.317496
0.317311
0.317116
0.316914
0.316713
0.316519
0.316319
0.316132
0.315938
0.315751
0.315557
0.315361
0.315167
0.314979
0.314793
0.314606
0.314426
0.314238
0.314052
0.31388
0.313693
0.313522
0.313336
0.313149
0.312963
0.312784
0.312605
0.312435
0.312286
0.312123
0.311976
0.311815
0.311652
0.311489
0.311318
0.311166
0.311026
0.310879
0.310742
0.310595
0.31045
0.310312
0.310183
0.310061
0.30994
0.309835
0.30973
0.309632
0.309535
0.309446
0.309357
0.309274
0.3092
0.309133
0.309074
0.309016
0.308964
0.30892
0.308884
0.308847
0.308819
0.30879
0.308776
0.308777
0.308777
0.308778
0.308778
0.308778
0.308779
0.308779
0.308779
0.308779
0.308779
0.308779
0.308779
0.308778
0.308778
0.308778
0.308777
0.308777
0.308776
0.308775
0.308775
0.308774
0.308773
0.308772
0.308771
0.30877
0.308769
0.308768
0.308767
0.308766
0.308765
0.308764
0.308763
0.308762
0.30876
0.308759
0.308758
0.308757
0.308755
0.308754
0.308752
0.308751
0.30875
0.308748
0.308747
0.308745
0.308744
0.308742
0.308741
0.308739
0.308738
0.308736
0.308734
0.308733
0.308731
0.30873
0.308728
0.308727
0.308725
0.308724
0.308722
0.308721
0.308719
0.308717
0.308716
0.308714
0.308713
0.308711
0.30871
0.308708
0.308707
0.308705
0.308704
0.308702
0.308701
0.3087
0.308698
0.308697
0.308696
0.308694
0.308693
0.308692
0.308691
0.308689
0.308688
0.308687
0.308685
0.308684
0.308683
0.308681
0.30868
0.308679
0.308678
0.308676
0.308675
0.308674
0.308672
0.308671
0.30867
0.308668
0.308667
0.308666
0.308664
0.308663
0.308662
0.30866
0.308659
0.308658
0.308656
0.308655
0.308654
0.308653
0.308651
0.30865
0.308649
0.308648
0.308646
0.308645
0.308644
0.308643
0.308642
0.30864
0.308639
0.308638
0.308637
0.308636
0.308635
0.308634
0.308632
0.308631
0.30863
0.308629
0.308628
0.308627
0.308626
0.308625
0.308624
0.308622
0.308621
0.30862
0.308619
0.308618
0.308617
0.308616
0.308614
0.308613
0.308612
0.308611
0.30861
0.308609
0.308608
0.308606
0.308605
0.308604
0.308603
0.308602
0.308601
0.3086
0.308599
0.308598
0.308597
0.308596
0.308595
0.308594
0.308593
0.308592
0.308591
0.30859
0.308589
0.308588
0.308587
0.308587
0.308586
0.308585
0.308584
0.308583
0.308583
0.308582
0.308581
0.30858
0.30858
0.308579
0.308578
0.308578
0.308577
0.308576
0.308575
0.308575
0.308574
0.308573
0.308573
0.308572
0.308571
0.308571
0.30857
0.308569
0.308569
0.308568
0.308567
0.308567
0.308566
0.308566
0.308565
0.308564
0.308564
0.308563
0.308563
0.308562
0.308562
0.308561
0.308561
0.30856
0.30856
0.308559
0.308559
0.308558
0.308558
0.308558
0.308557
0.308557
0.308557
0.308556
0.308556
0.308555
0.308555
0.308555
0.308554
0.308554
0.308554
0.308553
0.308553
0.308553
0.308553
0.308552
0.308552
0.308552
0.308551
0.308551
0.30855
0.30855
0.30855
0.308549
0.308549
0.308548
0.308548
0.308548
0.308547
0.308547
0.308546
0.308546
0.308545
0.308545
0.308544
0.308543
0.308543
0.308542
0.308542
0.308541
0.30854
0.30854
0.308539
0.308539
0.308538
0.308537
0.308537
0.308536
0.308535
0.308535
0.308534
0.308533
0.308533
0.308532
0.308532
0.308531
0.30853
0.30853
0.308529
0.308529
0.308528
0.308527
0.308527
0.308526
0.308525
0.308525
0.308524
0.308523
0.308523
0.308522
0.308521
0.30852
0.30852
0.308519
0.308518
0.308517
0.308517
0.308516
0.308515
0.308514
0.308513
0.308513
0.308512
0.308511
0.30851
0.30851
0.308509
0.308508
0.308507
0.308507
0.308506
0.308505
0.308505
0.308504
0.308503
0.308502
0.308502
0.308501
0.3085
0.3085
0.308499
0.308499
0.308498
0.308497
0.308497
0.308496
0.308496
0.308495
0.308495
0.308494
0.308483
0.308479
0.30847
0.308452
0.308422
0.308391
0.308345
0.308302
0.308245
0.308187
0.308113
0.308042
0.307959
0.307863
0.307768
0.307669
0.307562
0.307442
0.307313
0.307185
0.307048
0.306911
0.306759
0.306603
0.306439
0.306277
0.306101
0.305928
0.305747
0.305567
0.305375
0.305181
0.30497
0.304762
0.304565
0.304348
0.304121
0.303905
0.303666
0.303426
0.303182
0.302935
0.302672
0.302408
0.302136
0.301863
0.301575
0.301276
0.300982
0.300686
0.300379
0.300058
0.299735
0.299416
0.299085
0.298745
0.298419
0.298072
0.29772
0.297352
0.296982
0.296611
0.296258
0.295911
0.29553
0.295159
0.294796
0.294436
0.294066
0.293681
0.293348
0.29303
0.292662
0.292284
0.291899
0.291533
0.291165
0.290818
0.290451
0.290087
0.289725
0.289345
0.288978
0.288598
0.288226
0.287856
0.28753
0.287164
0.28679
0.286415
0.286056
0.285689
0.285317
0.284931
0.284554
0.284193
0.283823
0.283449
0.283079
0.282714
0.282335
0.28195
0.281583
0.281204
0.280813
0.280445
0.280062
0.279667
0.279278
0.278901
0.278511
0.278113
0.277738
0.277342
0.276949
0.276563
0.276171
0.275773
0.275353
0.274927
0.274533
0.274166
0.273806
0.273405
0.273005
0.272627
0.272243
0.271865
0.271504
0.27112
0.270737
0.270392
0.270024
0.269652
0.26929
0.268907
0.268525
0.268182
0.26783
0.26744
0.267098
0.266761
0.266419
0.266076
0.265742
0.265415
0.265117
0.264797
0.264479
0.264145
0.263811
0.263507
0.263226
0.262928
0.262633
0.262343
0.262086
0.261819
0.261546
0.261286
0.261051
0.260807
0.260571
0.260342
0.260112
0.259908
0.259701
0.259509
0.259308
0.259132
0.258955
0.258793
0.258647
0.258508
0.258367
0.258235
0.258117
0.258007
0.257903
0.257817
0.257729
0.257648
0.257575
0.257511
0.257452
0.257395
0.257353
0.257311
0.257269
0.257234
0.257206
0.257178
0.257164
0.257144
0.257139
0.257133
0.257127
0.25713
0.257139
0.257142
0.257158
0.257168
0.257184
0.257201
0.257216
0.257234
0.257256
0.257272
0.257294
0.257319
0.25734
0.257353
0.257384
0.257405
0.257427
0.257449
0.257462
0.257483
0.257505
0.257526
0.257547
0.257568
0.25759
0.257611
0.257632
0.257653
0.257674
0.257695
0.257718
0.257738
0.257767
0.257795
0.257832
0.257866
0.257895
0.257937
0.25798
0.25803
0.25808
0.258147
0.258212
0.258286
0.258358
0.258447
0.258527
0.258615
0.258721
0.258825
0.258931
0.259042
0.259042
0.259042
0.259041
0.259041
0.259041
0.259041
0.259041
0.259041
0.259041
0.259041
0.259041
0.259042
0.259042
0.259042
0.259042
0.259043
0.259043
0.259043
0.259044
0.259044
0.259045
0.259045
0.259046
0.259046
0.259047
0.259048
0.259048
0.259049
0.25905
0.259051
0.259051
0.259052
0.259053
0.259054
0.259055
0.259055
0.259056
0.259057
0.259058
0.259059
0.25906
0.25906
0.259061
0.259062
0.259063
0.259064
0.259065
0.259066
0.259067
0.259067
0.259068
0.259069
0.25907
0.259071
0.259072
0.259072
0.259073
0.259074
0.259075
0.259075
0.259076
0.259077
0.259078
0.259078
0.259079
0.25908
0.25908
0.259081
0.259082
0.259083
0.259083
0.259084
0.259084
0.259085
0.259086
0.259087
0.259087
0.259088
0.259088
0.259089
0.25909
0.25909
0.259091
0.259092
0.259092
0.259093
0.259093
0.259094
0.259095
0.259095
0.259096
0.259096
0.259097
0.259097
0.259098
0.259098
0.259098
0.259099
0.259099
0.2591
0.2591
0.259101
0.259101
0.259101
0.259102
0.259102
0.259102
0.259103
0.259103
0.259103
0.259104
0.259104
0.259104
0.259104
0.259104
0.259105
0.259105
0.259105
0.259105
0.259105
0.259106
0.259106
0.259106
0.259106
0.259106
0.259106
0.259106
0.259106
0.259107
0.259107
0.259107
0.259107
0.259107
0.259107
0.259108
0.259108
0.259108
0.259108
0.259108
0.259109
0.259109
0.259109
0.259109
0.259109
0.25911
0.25911
0.25911
0.25911
0.25911
0.259111
0.259111
0.259111
0.259111
0.259111
0.25935
0.259589
0.259826
0.260053
0.26028
0.260505
0.260719
0.260926
0.261144
0.261354
0.261559
0.261758
0.261952
0.262147
0.262337
0.262511
0.26269
0.262862
0.263033
0.263192
0.26335
0.263506
0.263664
0.263817
0.263952
0.264084
0.264213
0.264349
0.264478
0.264606
0.264732
0.264841
0.264949
0.265048
0.265148
0.265248
0.265341
0.26543
0.265514
0.265601
0.265687
0.265771
0.265846
0.265922
0.26599
0.266055
0.266115
0.266174
0.266233
0.26629
0.266344
0.266397
0.266447
0.266491
0.266528
0.266565
0.266606
0.266638
0.266666
0.266703
0.266737
0.266763
0.266795
0.266818
0.266845
0.266866
0.266884
0.266901
0.266922
0.266939
0.266961
0.266977
0.266992
0.267007
0.267017
0.267033
0.267041
0.267046
0.267049
0.267061
0.267073
0.267075
0.267082
0.267094
0.267103
0.267113
0.267131
0.267145
0.267162
0.267183
0.267201
0.267222
0.267239
0.267252
0.267271
0.26729
0.267306
0.267319
0.267339
0.267359
0.267372
0.26739
0.267398
0.267412
0.267416
0.267423
0.267423
0.267422
0.267412
0.267398
0.267381
0.267358
0.267329
0.2673
0.267263
0.267222
0.267177
0.267123
0.267061
0.266992
0.266921
0.266842
0.26676
0.266667
0.266573
0.266467
0.266356
0.266242
0.266115
0.265978
0.265843
0.265695
0.265556
0.265405
0.265257
0.265098
0.264934
0.264759
0.264589
0.264422
0.264247
0.264067
0.263891
0.26371
0.263528
0.26334
0.263145
0.26295
0.26276
0.26257
0.262367
0.262164
0.261975
0.261767
0.261574
0.261353
0.261133
0.260908
0.260669
0.260416
0.260173
0.259936
0.259694
0.259437
0.259169
0.25892
0.258654
0.258386
0.258125
0.257851
0.257572
0.257291
0.257014
0.256726
0.256441
0.256166
0.255875
0.255592
0.255304
0.255015
0.254729
0.254455
0.254166
0.253876
0.253594
0.253318
0.253025
0.252734
0.252452
0.252171
0.251882
0.251588
0.251312
0.251027
0.250732
0.250455
0.250172
0.249885
0.249599
0.249329
0.249047
0.24876
0.248486
0.248218
0.24793
0.247646
0.247374
0.247102
0.24682
0.246545
0.246274
0.245991
0.245715
0.245441
0.245172
0.244856
0.244614
0.244359
0.244056
0.243731
0.243447
0.24317
0.242859
0.242589
0.242284
0.241967
0.241692
0.241429
0.241147
0.240866
0.240584
0.240316
0.240077
0.239813
0.239544
0.239273
0.239001
0.238747
0.238487
0.238218
0.237987
0.237737
0.237485
0.237226
0.236979
0.236762
0.236501
0.236235
0.23598
0.235749
0.235518
0.235274
0.235023
0.234796
0.234569
0.23433
0.234097
0.233877
0.233657
0.233443
0.233215
0.232994
0.232786
0.232579
0.232369
0.232167
0.231964
0.231783
0.231592
0.23141
0.231219
0.231042
0.230864
0.230693
0.230521
0.230357
0.230197
0.230052
0.229899
0.229768
0.229627
0.229495
0.229363
0.22923
0.229112
0.229007
0.228894
0.228796
0.228693
0.228604
0.228502
0.228424
0.228342
0.228267
0.228205
0.22815
0.228088
0.228047
0.228005
0.22797
0.227941
0.22792
0.227905
0.227897
0.227888
0.227889
0.227894
0.227907
0.22792
0.227939
0.227958
0.227983
0.228015
0.228047
0.22808
0.228124
0.22816
0.228212
0.228263
0.228475
0.228566
0.228652
0.228735
0.228818
0.228904
0.228992
0.229079
0.229172
0.229257
0.229349
0.229442
0.229546
0.229651
0.229754
0.229864
0.22998
0.230112
0.230228
0.230358
0.23048
0.230618
0.230754
0.230895
0.231053
0.231207
0.231378
0.231539
0.231728
0.231897
0.232099
0.2323
0.232461
0.232642
0.232834
0.233049
0.233255
0.233475
0.233701
0.233892
0.234104
0.234329
0.234541
0.234752
0.234978
0.235209
0.235439
0.23567
0.235895
0.236143
0.236392
0.23662
0.236855
0.237108
0.237375
0.237635
0.237886
0.238132
0.238385
0.238642
0.238891
0.239154
0.239417
0.239671
0.239927
0.240189
0.240456
0.240716
0.240969
0.241229
0.241481
0.241741
0.241998
0.242264
0.242522
0.242767
0.243005
0.243263
0.243513
0.243751
0.243982
0.244212
0.244442
0.244665
0.24489
0.245105
0.245339
0.245555
0.245736
0.245929
0.246126
0.246324
0.246526
0.246712
0.246897
0.247074
0.247252
0.247423
0.247594
0.247745
0.247898
0.248045
0.248196
0.248334
0.248475
0.248602
0.248722
0.248835
0.248944
0.24905
0.249157
0.249247
0.249341
0.249418
0.249492
0.249555
0.249613
0.249662
0.249708
0.249746
0.249773
0.249799
0.24982
0.24983
0.249838
0.249834
0.249824
0.249809
0.249787
0.24976
0.249724
0.249675
0.249627
0.249567
0.2495
0.249427
0.249347
0.249254
0.249153
0.249053
0.248942
0.248824
0.248699
0.248577
0.248448
0.2483
0.248148
0.247985
0.247815
0.247644
0.247468
0.247305
0.247105
0.246912
0.246723
0.246522
0.246314
0.246089
0.245862
0.245642
0.245427
0.24521
0.244962
0.244698
0.244449
0.244199
0.243938
0.24368
0.243421
0.243165
0.242887
0.242609
0.242351
0.242086
0.241804
0.24152
0.241242
0.240952
0.240675
0.240385
0.240088
0.239785
0.239482
0.239193
0.238883
0.238579
0.238274
0.237969
0.237662
0.237361
0.237043
0.236715
0.236394
0.236099
0.235782
0.23546
0.235151
0.234839
0.234516
0.234211
0.233906
0.233582
0.233263
0.232965
0.232651
0.232339
0.232043
0.231743
0.23144
0.231138
0.230848
0.230546
0.230254
0.229978
0.229694
0.229409
0.229139
0.22887
0.228605
0.228326
0.228063
0.22781
0.227566
0.227322
0.22707
0.226833
0.226617
0.226399
0.226175
0.225966
0.225761
0.225578
0.225397
0.225222
0.225054
0.2249
0.224759
0.224627
0.224508
0.224403
0.224312
0.224221
0.224151
0.224086
0.224031
0.223987
0.223958
0.223943
0.223942
0.223948
0.223961
0.223988
0.224022
0.22407
0.224124
0.224194
0.224264
0.224347
0.224437
0.224527
0.224638
0.22475
0.224876
0.225009
0.225154
0.225307
0.225467
0.225633
0.2258
0.225974
0.226159
0.226361
0.226567
0.226776
0.226989
0.227202
0.227428
0.227668
0.227902
0.228135
0.228375
0.228619
0.228886
0.229165
0.229417
0.229667
0.229903
0.230166
0.230423
0.230685
0.230946
0.231221
0.231492
0.231763
0.232039
0.232321
0.232589
0.232865
0.233145
0.233401
0.233676
0.233956
0.234243
0.234495
0.234763
0.235039
0.235319
0.235599
0.235832
0.2361
0.236379
0.236652
0.236897
0.23715
0.237412
0.237679
0.23791
0.238149
0.238386
0.238616
0.238848
0.239065
0.239275
0.239494
0.239702
0.239899
0.240086
0.240269
0.240443
0.240612
0.240778
0.240933
0.241074
0.241208
0.241328
0.241442
0.241536
0.241621
0.241702
0.24178
0.241845
0.241905
0.24195
0.241985
0.242009
0.24202
0.242021
0.242016
0.241995
0.241963
0.241922
0.241873
0.241818
0.241747
0.241672
0.241581
0.241485
0.241381
0.241257
0.241132
0.240988
0.240837
0.240671
0.240499
0.240313
0.240121
0.239928
0.23975
0.23953
0.239294
0.239082
0.238841
0.238592
0.238331
0.238064
0.237798
0.237507
0.237202
0.236889
0.236615
0.236353
0.236028
0.235698
0.235372
0.235084
0.234739
0.234405
0.234071
0.233758
0.233411
0.233068
0.232727
0.232372
0.232038
0.231704
0.231356
0.231012
0.230669
0.230326
0.229991
0.229662
0.22932
0.228993
0.228674
0.228348
0.228018
0.227694
0.227391
0.227088
0.22678
0.226486
0.226207
0.225928
0.225642
0.225371
0.225123
0.224874
0.224619
0.224387
0.224168
0.223961
0.223764
0.223566
0.223389
0.223226
0.223077
0.222941
0.222826
0.222716
0.222621
0.222531
0.222462
0.222415
0.222381
0.222352
0.222351
0.222357
0.222383
0.222416
0.22247
0.222536
0.222625
0.222726
0.222834
0.222955
0.22309
0.223246
0.22342
0.223604
0.223813
0.224029
0.224252
0.224501
0.224772
0.225047
0.22533
0.225638
0.225969
0.226296
0.226644
0.227012
0.227387
0.227774
0.228195
0.228608
0.229032
0.229477
0.229923
0.230401
0.230924
0.231367
0.231849
0.232357
0.232917
0.233397
0.233903
0.234448
0.234972
0.235528
0.236052
0.23662
0.237166
0.237715
0.238262
0.238815
0.239368
0.239932
0.240469
0.241021
0.241577
0.242106
0.242658
0.243185
0.243719
0.244254
0.244796
0.245279
0.245796
0.246288
0.246789
0.247263
0.247752
0.24821
0.248665
0.249115
0.249543
0.249969
0.250367
0.250775
0.251156
0.251516
0.251874
0.25221
0.252528
0.252842
0.253133
0.253407
0.253665
0.253921
0.254152
0.254355
0.254542
0.254714
0.254879
0.255018
0.255138
0.255246
0.255331
0.255393
0.255442
0.255473
0.255485
0.255478
0.255458
0.255418
0.255361
0.2553
0.255216
0.25512
0.255007
0.254877
0.254734
0.254578
0.254412
0.254225
0.254029
0.253816
0.253575
0.25333
0.253083
0.252815
0.252523
0.252224
0.251925
0.251594
0.251253
0.250904
0.25054
0.250161
0.249782
0.24942
0.249011
0.248597
0.248213
0.247779
0.247333
0.246874
0.246422
0.245948
0.245476
0.244983
0.244509
0.24403
0.243508
0.243003
0.242506
0.241991
0.241482
0.240988
0.240465
0.239957
0.239459
0.23896
0.238443
0.237947
0.237446
0.23695
0.236461
0.23599
0.23549
0.235015
0.23457
0.234095
0.233659
0.233216
0.232791
0.23238
0.231964
0.231574
0.231192
0.230825
0.230469
0.230134
0.2298
0.229487
0.229187
0.228895
0.228637
0.228392
0.228153
0.227934
0.227729
0.227553
0.227397
0.227253
0.227137
0.227029
0.22694
0.226864
0.226803
0.226769
0.226756
0.226763
0.226784
0.226831
0.226899
0.226982
0.227076
0.227199
0.227334
0.227477
0.227646
0.227835
0.228043
0.228271
0.228513
0.228759
0.22904
0.229333
0.22964
0.229959
0.230305
0.230644
0.231001
0.231391
0.231775
0.232192
0.232608
0.233031
0.233479
0.233922
0.234406
0.234862
0.235361
0.235872
0.236365
0.236874
0.237399
0.237927
0.238468
0.23901
0.239557
0.240103
0.240672
0.241218
0.2418
0.242357
0.24293
0.24353
0.244085
0.244653
0.245225
0.245806
0.246376
0.246966
0.247527
0.248095
0.248654
0.249216
0.249765
0.250312
0.250853
0.251373
0.2519
0.252406
0.252915
0.253404
0.253879
0.254346
0.254796
0.255239
0.255661
0.256074
0.256457
0.25683
0.257193
0.257561
0.257851
0.258159
0.258437
0.258697
0.258942
0.259167
0.259362
0.259541
0.259698
0.259839
0.259962
0.260051
0.260128
0.260176
0.2602
0.2602
0.26018
0.260138
0.260073
0.259988
0.259875
0.259746
0.259603
0.259441
0.259261
0.259053
0.258822
0.258575
0.258321
0.258039
0.257732
0.257402
0.257061
0.256693
0.256343
0.255985
0.255557
0.255121
0.254649
0.25417
0.253675
0.253162
0.252628
0.252065
0.251497
0.250905
0.250313
0.249695
0.249056
0.248417
0.247746
0.247079
0.246386
0.24569
0.244983
0.244252
0.243523
0.24282
0.24205
0.241296
0.240545
0.239771
0.239002
0.238236
0.23747
0.236687
0.235908
0.235139
0.234381
0.233582
0.232831
0.232068
0.231302
0.230554
0.229813
0.229089
0.228367
0.227657
0.226979
0.226299
0.225645
0.224986
0.224361
0.223755
0.223159
0.222641
0.222131
0.221596
0.221061
0.220558
0.220071
0.219604
0.219155
0.218729
0.218338
0.217949
0.217596
0.217267
0.216949
0.216668
0.216433
0.216207
0.215989
0.215784
0.215614
0.215483
0.215374
0.215287
0.215233
0.215201
0.215201
0.215222
0.215277
0.215353
0.215455
0.215583
0.215739
0.215915
0.216117
0.216354
0.216624
0.216908
0.217183
0.217497
0.21785
0.218226
0.218611
0.219031
0.219472
0.21993
0.220414
0.220897
0.221429
0.221958
0.222526
0.223086
0.223678
0.224272
0.224896
0.22552
0.226162
0.226818
0.227484
0.228148
0.228813
0.229506
0.230193
0.230877
0.231573
0.23228
0.232971
0.233675
0.234386
0.235069
0.235791
0.236471
0.237153
0.237843
0.238524
0.239191
0.239854
0.240519
0.241159
0.241827
0.242464
0.243106
0.243771
0.244365
0.244989
0.245603
0.246208
0.246822
0.247401
0.247987
0.248543
0.249091
0.249623
0.250136
0.250626
0.251104
0.251549
0.25199
0.25239
0.252775
0.25315
0.253486
0.253793
0.254085
0.254354
0.254584
0.254788
0.254966
0.255118
0.255246
0.25534
0.255412
0.255449
0.255466
0.255444
0.255406
0.255345
0.255264
0.25516
0.255036
0.254899
0.254748
0.254577
0.25438
0.254175
0.25396
0.253732
0.253484
0.253218
0.252943
0.252672
0.252386
0.252086
0.251775
0.251457
0.251122
0.250775
0.250432
0.25006
0.249697
0.249323
0.248933
0.248556
0.248168
0.24777
0.247385
0.24699
0.246591
0.246207
0.245814
0.245432
0.245055
0.244673
0.24431
0.24398
0.24363
0.243279
0.242966
0.242656
0.242366
0.242102
0.241857
0.241616
0.241403
0.241219
0.241057
0.240913
0.240785
0.240682
0.240599
0.24054
0.240508
0.240496
0.240504
0.240541
0.240598
0.240671
0.240773
0.240884
0.241027
0.241185
0.241364
0.241556
0.241756
0.241983
0.24224
0.242518
0.242816
0.243118
0.243432
0.243768
0.244125
0.244489
0.244886
0.245279
0.245654
0.246055
0.246479
0.2469
0.247335
0.247779
0.248215
0.248677
0.249146
0.249591
0.25006
0.250524
0.25099
0.251466
0.251924
0.25239
0.252859
0.253309
0.253764
0.254218
0.254659
0.255111
0.255537
0.255947
0.256382
0.256796
0.257185
0.257559
0.257936
0.258291
0.258627
0.258954
0.259264
0.259557
0.259833
0.260089
0.260318
0.260531
0.260729
0.260894
0.261034
0.261147
0.261231
0.261294
0.261327
0.261332
0.26132
0.261274
0.261207
0.261108
0.260987
0.260831
0.260656
0.260451
0.260213
0.259961
0.259682
0.259381
0.259047
0.258702
0.258329
0.257928
0.257512
0.257093
0.256635
0.256176
0.255705
0.255202
0.254684
0.254146
0.253605
0.253057
0.252479
0.251912
0.251307
0.250729
0.250103
0.249502
0.248873
0.248254
0.247602
0.247005
0.246346
0.245695
0.245043
0.244417
0.243762
0.243147
0.242502
0.241885
0.241282
0.240684
0.240095
0.239528
0.238964
0.238439
0.23793
0.237452
0.237001
0.236551
0.236194
0.235796
0.235419
0.235091
0.234787
0.234498
0.234242
0.234025
0.233836
0.233659
0.233519
0.233402
0.233313
0.233255
0.233226
0.233212
0.233228
0.233272
0.233334
0.233409
0.23352
0.233639
0.233782
0.23394
0.234123
0.234316
0.234521
0.234738
0.234976
0.235235
0.235509
0.23578
0.236062
0.236364
0.236694
0.237017
0.237331
0.237666
0.238018
0.238393
0.238744
0.239103
0.239434
0.239767
0.240143
0.24053
0.240916
0.241301
0.241688
0.242092
0.24248
0.242869
0.24326
0.243654
0.244044
0.244444
0.244831
0.245171
0.245499
0.245879
0.246245
0.246569
0.246918
0.247232
0.247565
0.247898
0.248212
0.248509
0.24877
0.249043
0.249288
0.249521
0.249731
0.249927
0.250119
0.25029
0.250439
0.25056
0.250658
0.250731
0.25079
0.25082
0.250836
0.250829
0.250794
0.250737
0.25066
0.250568
0.250447
0.250324
0.250156
0.24996
0.249732
0.249491
0.24923
0.248977
0.248677
0.248386
0.248046
0.247682
0.247296
0.246886
0.246482
0.246044
0.245582
0.245108
0.244613
0.244113
0.243591
0.243056
0.24252
0.241974
0.241413
0.240847
0.240284
0.239715
0.239062
0.238457
0.237878
0.237265
0.236766
0.236223
0.235704
0.235178
0.234669
0.234167
0.233706
0.233257
0.232822
0.232412
0.232013
0.231646
0.231319
0.231012
0.230731
0.230496
0.230283
0.230114
0.22996
0.229847
0.229757
0.229703
0.229682
0.229698
0.229738
0.229808
0.229908
0.230035
0.230188
0.230366
0.230559
0.230775
0.23101
0.231266
0.231545
0.231849
0.232151
0.232463
0.232787
0.233128
0.233475
0.233824
0.234175
0.23454
0.234896
0.235263
0.235652
0.236034
0.236407
0.236798
0.237186
0.237565
0.23793
0.238287
0.23865
0.23899
0.239326
0.239682
0.240023
0.240339
0.240662
0.240986
0.2413
0.241609
0.241893
0.242149
0.2424
0.24263
0.242843
0.243044
0.243216
0.24337
0.243517
0.24364
0.243753
0.243844
0.243918
0.243974
0.244
0.244
0.243987
0.24394
0.243879
0.243791
0.243681
0.243558
0.243406
0.243245
0.243063
0.242855
0.242639
0.242399
0.242136
0.241854
0.241549
0.241228
0.240883
0.240514
0.240143
0.239773
0.23939
0.239003
0.238606
0.238187
0.237789
0.237401
0.236991
0.236582
0.236195
0.235802
0.235406
0.235028
0.234664
0.234312
0.233979
0.233667
0.233376
0.233109
0.23288
0.232659
0.232469
0.232315
0.232182
0.232088
0.232024
0.232001
0.232003
0.232052
0.232127
0.232242
0.232388
0.232566
0.232775
0.233002
0.233267
0.233558
0.233882
0.234217
0.234582
0.234971
0.235374
0.235781
0.236233
0.236674
0.237153
0.237638
0.238106
0.238627
0.239142
0.239642
0.240145
0.240657
0.241178
0.241686
0.242194
0.242718
0.243216
0.243695
0.244186
0.244665
0.245136
0.245575
0.246012
0.24644
0.246828
0.247198
0.247558
0.247897
0.248209
0.248502
0.248779
0.249026
0.249236
0.249427
0.249567
0.249693
0.249798
0.249863
0.249901
0.249909
0.249895
0.249851
0.249773
0.249666
0.249546
0.249397
0.249209
0.248989
0.248727
0.248444
0.248143
0.247809
0.247456
0.247077
0.246669
0.246244
0.245795
0.245306
0.244825
0.244311
0.243772
0.24322
0.242654
0.242087
0.241508
0.240932
0.240332
0.239735
0.239146
0.238552
0.237972
0.237401
0.236845
0.236304
0.235753
0.235236
0.234762
0.234293
0.233845
0.233446
0.233084
0.232734
0.232432
0.232173
0.231967
0.231798
0.231672
0.231587
0.231557
0.231569
0.231623
0.231717
0.231858
0.232044
0.232271
0.232548
0.232848
0.233189
0.233586
0.233985
0.234437
0.234934
0.23545
0.235974
0.236521
0.237107
0.237694
0.238319
0.238944
0.23958
0.240235
0.24089
0.241557
0.242226
0.242906
0.243587
0.244273
0.244925
0.245586
0.246247
0.246893
0.247538
0.248164
0.248781
0.249384
0.249977
0.250549
0.251109
0.251654
0.252154
0.252601
0.25303
0.253467
0.253897
0.254291
0.254659
0.255004
0.255324
0.255615
0.25587
0.256085
0.256278
0.256449
0.256585
0.256692
0.256761
0.256805
0.256811
0.256795
0.256741
0.256665
0.256557
0.256422
0.256263
0.256074
0.255868
0.255625
0.255363
0.255065
0.254752
0.254419
0.254056
0.253668
0.253265
0.252854
0.252406
0.251943
0.251459
0.250974
0.250471
0.249974
0.249475
0.248986
0.248487
0.247998
0.24751
0.247014
0.246551
0.246066
0.245609
0.245162
0.244721
0.244316
0.243937
0.243585
0.243273
0.243
0.242772
0.242584
0.242422
0.242302
0.242215
0.242163
0.242133
0.242129
0.242158
0.242221
0.242307
0.242413
0.242545
0.242705
0.242896
0.243111
0.243357
0.243619
0.243896
0.244186
0.2445
0.244826
0.245172
0.245522
0.245883
0.246245
0.246629
0.247017
0.247404
0.2478
0.248204
0.248618
0.249029
0.249434
0.249838
0.250255
0.250663
0.251062
0.251444
0.25184
0.252216
0.252578
0.252928
0.253247
0.253557
0.253853
0.254115
0.254371
0.254599
0.254793
0.254955
0.255092
0.255207
0.255291
0.255356
0.255391
0.255393
0.255376
0.255323
0.255244
0.255139
0.255006
0.254842
0.254656
0.254446
0.254214
0.253945
0.253663
0.253356
0.253034
0.252674
0.252298
0.251914
0.251502
0.25106
0.250615
0.250151
0.249665
0.249177
0.248681
0.248167
0.247655
0.247138
0.246605
0.246108
0.245581
0.245044
0.244528
0.244009
0.243504
0.243004
0.242508
0.242038
0.241591
0.241127
0.240696
0.240299
0.239912
0.239557
0.23923
0.23892
0.238645
0.238401
0.238189
0.238013
0.237879
0.237778
0.237713
0.237688
0.237695
0.237735
0.237803
0.237904
0.238027
0.238184
0.238359
0.238562
0.238788
0.239041
0.23931
0.239588
0.239886
0.240196
0.240519
0.240855
0.2412
0.241558
0.241922
0.242272
0.24263
0.243006
0.243383
0.243743
0.244102
0.244463
0.244817
0.245158
0.2455
0.245839
0.246155
0.246457
0.246723
0.24699
0.247231
0.247465
0.247691
0.247893
0.248075
0.248243
0.248389
0.248509
0.248598
0.248673
0.248721
0.24875
0.248759
0.248737
0.248696
0.24863
0.248535
0.248425
0.248289
0.24813
0.247951
0.247761
0.247519
0.247249
0.24694
0.246624
0.246284
0.245917
0.245538
0.245132
0.244714
0.24429
0.243831
0.243328
0.242794
0.242253
0.241698
0.241128
0.240522
0.239911
0.239289
0.238667
0.238035
0.237409
0.236762
0.23611
0.235494
0.234901
0.23429
0.233719
0.233127
0.232525
0.232002
0.231434
0.230946
0.230435
0.229941
0.22952
0.229075
0.228698
0.228331
0.227985
0.227668
0.227411
0.227165
0.226997
0.226842
0.226727
0.22665
0.226622
0.226632
0.226673
0.226753
0.226864
0.227021
0.227206
0.227417
0.227648
0.227917
0.228203
0.228531
0.228875
0.229235
0.229623
0.230034
0.230462
0.230895
0.231354
0.23181
0.232273
0.232758
0.233235
0.233721
0.234222
0.234715
0.235205
0.235701
0.236176
0.236655
0.23715
0.237604
0.238053
0.238517
0.238982
0.239415
0.239791
0.240159
0.240544
0.240914
0.24127
0.241612
0.241943
0.242226
0.242483
0.242722
0.242945
0.243153
0.243354
0.24355
0.243723
0.243868
0.243982
0.244077
0.244142
0.244184
0.24419
0.244176
0.244128
0.244053
0.243957
0.243831
0.24367
0.243492
0.243279
0.243046
0.242788
0.242513
0.242201
0.241861
0.241499
0.241117
0.240716
0.240286
0.239836
0.239361
0.238853
0.238346
0.237846
0.237327
0.236777
0.236243
0.235692
0.235138
0.234605
0.234048
0.233509
0.232968
0.232432
0.231916
0.231406
0.230913
0.230437
0.229972
0.22954
0.229131
0.228736
0.22838
0.228052
0.227741
0.227468
0.227227
0.227021
0.226863
0.226748
0.226663
0.226628
0.226626
0.226655
0.226726
0.22683
0.22697
0.227151
0.227366
0.227611
0.227896
0.22821
0.228539
0.228894
0.229295
0.229703
0.230132
0.230594
0.231079
0.231573
0.232081
0.232593
0.233135
0.233678
0.234232
0.234801
0.235354
0.235928
0.236498
0.237065
0.237651
0.238194
0.238766
0.239332
0.23988
0.240414
0.24094
0.241458
0.241963
0.24246
0.242931
0.243385
0.24383
0.244257
0.244652
0.245032
0.245381
0.245717
0.246037
0.246324
0.246588
0.246834
0.247061
0.247266
0.247433
0.247577
0.247691
0.247775
0.247833
0.247853
0.247848
0.247814
0.247751
0.247664
0.247525
0.247372
0.247194
0.247002
0.24677
0.246497
0.246205
0.24588
0.245521
0.245129
0.244706
0.24427
0.243811
0.243298
0.242784
0.242243
0.241674
0.241107
0.240539
0.239892
0.239339
0.23868
0.238013
0.237342
0.23667
0.235981
0.235292
0.234605
0.233927
0.233255
0.232583
0.231906
0.231252
0.230607
0.229978
0.229374
0.228761
0.228195
0.227638
0.22712
0.226632
0.226151
0.225729
0.22533
0.224966
0.224636
0.224357
0.22412
0.223911
0.223751
0.223626
0.223548
0.223512
0.223517
0.223561
0.223633
0.223743
0.223894
0.224075
0.224284
0.224534
0.224794
0.225085
0.225395
0.225745
0.226116
0.226492
0.226892
0.227319
0.227745
0.22818
0.22863
0.229104
0.229554
0.230032
0.230522
0.231
0.231469
0.231954
0.232428
0.232888
0.23335
0.233813
0.234253
0.234693
0.235124
0.235534
0.23592
0.236297
0.236667
0.237013
0.237338
0.237644
0.23794
0.238203
0.238452
0.238675
0.238874
0.239043
0.2392
0.239316
0.239411
0.239492
0.23954
0.239563
0.23956
0.239527
0.23948
0.239406
0.23931
0.239189
0.239042
0.238881
0.238686
0.238457
0.238208
0.237934
0.237649
0.237341
0.237007
0.23665
0.236277
0.235892
0.235504
0.235094
0.234655
0.234216
0.233772
0.233303
0.232898
0.232442
0.232022
0.231556
0.231111
0.230703
0.230257
0.229845
0.229414
0.228994
0.228573
0.228174
0.227793
0.227434
0.227073
0.226743
0.226436
0.226158
0.225897
0.225662
0.22546
0.2253
0.225173
0.225084
0.225038
0.225016
0.225031
0.225086
0.225171
0.225284
0.225445
0.225634
0.225854
0.226109
0.226383
0.22668
0.227014
0.227381
0.227761
0.228159
0.228583
0.229022
0.229471
0.229943
0.230439
0.230929
0.231422
0.23195
0.23245
0.232964
0.233501
0.234021
0.234539
0.235058
0.235558
0.236069
0.236562
0.237047
0.23753
0.238
0.238446
0.238876
0.239293
0.239698
0.240072
0.240418
0.240769
0.241088
0.241378
0.241641
0.241871
0.242087
0.242263
0.242432
0.242561
0.242686
0.242771
0.242821
0.242858
0.242859
0.24284
0.242797
0.242725
0.242619
0.242497
0.242351
0.242184
0.24198
0.241766
0.241508
0.241216
0.240884
0.240542
0.240195
0.239808
0.239383
0.238939
0.238487
0.238009
0.237499
0.236976
0.236431
0.235871
0.235307
0.234737
0.234147
0.233551
0.232946
0.232356
0.23176
0.231163
0.230586
0.229978
0.229401
0.228845
0.228281
0.227757
0.227236
0.226729
0.226253
0.225792
0.22535
0.224943
0.224573
0.224225
0.22391
0.223644
0.223413
0.223209
0.223042
0.222931
0.22284
0.222799
0.222797
0.22283
0.222898
0.223005
0.223139
0.223322
0.223521
0.223805
0.224067
0.224373
0.224703
0.225047
0.225405
0.225803
0.226227
0.22665
0.227093
0.227562
0.228024
0.228513
0.229005
0.229491
0.229992
0.230509
0.231008
0.231507
0.232011
0.232502
0.232979
0.233464
0.233941
0.2344
0.234859
0.235295
0.23566
0.236025
0.236407
0.236786
0.237133
0.237421
0.23773
0.237993
0.238254
0.238483
0.238675
0.238839
0.239
0.239145
0.23925
0.239321
0.239375
0.239403
0.239411
0.239389
0.23934
0.23926
0.239162
0.239041
0.238899
0.238717
0.238507
0.238272
0.238019
0.237735
0.23743
0.237089
0.236731
0.236349
0.235947
0.235525
0.235078
0.234617
0.234131
0.233632
0.233136
0.232623
0.232089
0.23157
0.231055
0.230504
0.229974
0.22947
0.22894
0.228433
0.227954
0.227456
0.226989
0.226549
0.226106
0.225684
0.22531
0.224944
0.224597
0.224282
0.224012
0.223778
0.223577
0.223405
0.223268
0.223171
0.22312
0.223102
0.223119
0.223178
0.223271
0.223398
0.223551
0.22374
0.223953
0.224193
0.224478
0.224791
0.225123
0.225475
0.225858
0.226276
0.226692
0.227133
0.227591
0.228064
0.228551
0.229057
0.229556
0.23007
0.230609
0.231128
0.231652
0.232197
0.232654
0.233123
0.233652
0.234168
0.23467
0.23518
0.235655
0.236127
0.236595
0.237033
0.237455
0.237864
0.238255
0.238617
0.23896
0.239265
0.239554
0.239796
0.240012
0.240228
0.240412
0.240569
0.24071
0.240816
0.240893
0.240946
0.24097
0.240964
0.240931
0.240878
0.240791
0.240684
0.240552
0.240391
0.240194
0.239981
0.239737
0.239463
0.239171
0.23886
0.238516
0.238149
0.237757
0.237365
0.236941
0.236499
0.236035
0.235566
0.235074
0.234565
0.234058
0.233531
0.233008
0.232484
0.23194
0.231422
0.230901
0.230354
0.229837
0.229336
0.228838
0.228352
0.227897
0.227452
0.227017
0.226611
0.226233
0.225868
0.225542
0.22525
0.224993
0.224765
0.224566
0.224407
0.224292
0.224213
0.224153
0.224134
0.224148
0.224196
0.224278
0.224385
0.224527
0.224701
0.224892
0.225116
0.225359
0.225642
0.225949
0.226275
0.226612
0.226979
0.227371
0.227771
0.228185
0.228623
0.229057
0.229494
0.229961
0.230433
0.230889
0.231338
0.231813
0.232268
0.232729
0.233189
0.233641
0.234079
0.234511
0.234933
0.235341
0.235738
0.23613
0.236499
0.236838
0.23716
0.237467
0.237755
0.23801
0.238246
0.238459
0.238633
0.238782
0.238907
0.239014
0.239092
0.239144
0.23917
0.239172
0.23915
0.239106
0.239036
0.238943
0.238833
0.238696
0.238535
0.238353
0.238142
0.2379
0.237643
0.237361
0.237057
0.236724
0.23637
0.235998
0.235619
0.235231
0.234825
0.234403
0.233967
0.23357
0.233132
0.232724
0.232277
0.231847
0.231443
0.231001
0.230618
0.230197
0.229765
0.229405
0.229025
0.228697
0.228335
0.227997
0.227718
0.22743
0.227188
0.226935
0.226714
0.226522
0.226373
0.226259
0.226163
0.226102
0.226084
0.226085
0.226117
0.226178
0.226274
0.226395
0.226537
0.226721
0.226929
0.227157
0.227426
0.227706
0.228008
0.228334
0.228685
0.229049
0.229421
0.229819
0.23023
0.230644
0.231052
0.231461
0.231885
0.232313
0.232729
0.233139
0.233554
0.233963
0.234355
0.23474
0.235117
0.235476
0.235812
0.236131
0.236436
0.236734
0.237009
0.237254
0.237472
0.237668
0.237843
0.237992
0.238113
0.238215
0.238294
0.238347
0.238378
0.23838
0.238353
0.238308
0.238242
0.238152
0.238047
0.237913
0.237764
0.237584
0.237384
0.237162
0.236919
0.236655
0.236372
0.236081
0.235752
0.235444
0.235082
0.234699
0.234296
0.23389
0.233471
0.233048
0.232611
0.232175
0.23175
0.231316
0.230879
0.230463
0.230062
0.229672
0.22928
0.228915
0.228579
0.228266
0.227993
0.227705
0.227472
0.227241
0.227045
0.226875
0.226734
0.226618
0.226538
0.226474
0.226446
0.226453
0.226478
0.226538
0.226617
0.226717
0.22685
0.226996
0.227174
0.227386
0.227615
0.22787
0.228137
0.228393
0.228672
0.228996
0.229346
0.229692
0.230053
0.230434
0.230831
0.231228
0.231611
0.232011
0.232426
0.232825
0.233219
0.233624
0.234029
0.23441
0.234788
0.235159
0.235521
0.235857
0.236148
0.236467
0.23673
0.237
0.237242
0.237449
0.237651
0.237804
0.237963
0.238101
0.238206
0.23829
0.238354
0.238387
0.238401
0.238393
0.23836
0.238311
0.238236
0.238146
0.238031
0.237896
0.237739
0.237559
0.23737
0.237152
0.236929
0.236664
0.236401
0.23612
0.235842
0.235537
0.235233
0.234912
0.234594
0.234272
0.233956
0.233646
0.233328
0.233032
0.232739
0.232472
0.232202
0.231957
0.231731
0.23151
0.231309
0.231115
0.230949
0.230812
0.230688
0.230584
0.230489
0.230418
0.230352
0.230306
0.230274
0.230253
0.230249
0.230267
0.230295
0.230334
0.230383
0.230457
0.230537
0.230632
0.230737
0.23086
0.230999
0.231148
0.231307
0.231472
0.231646
0.231826
0.232013
0.232212
0.232391
0.232601
0.232808
0.233011
0.233219
0.233428
0.233631
0.233836
0.23404
0.234236
0.234404
0.234584
0.234755
0.234898
0.235057
0.235191
0.235323
0.235448
0.235558
0.235659
0.235748
0.235826
0.235887
0.235938
0.235979
0.236007
0.236019
0.236023
0.236014
0.235997
0.235969
0.23593
0.235879
0.235825
0.235761
0.235688
0.235595
0.235594
0.235594
0.235594
0.235593
0.235593
0.235592
0.235592
0.235591
0.235591
0.23559
0.23559
0.235589
0.235589
0.235588
0.235588
0.235587
0.235587
0.235586
0.235586
0.235585
0.235585
0.235584
0.235584
0.235584
0.235583
0.235583
0.235583
0.235583
0.235582
0.235582
0.235582
0.235582
0.235581
0.235581
0.235581
0.235581
0.235581
0.235581
0.235581
0.235581
0.235581
0.235581
0.235581
0.235581
0.235581
0.235581
0.235581
0.235581
0.235582
0.235582
0.235582
0.235582
0.235582
0.235583
0.235583
0.235583
0.235583
0.235583
0.235584
0.235584
0.235584
0.235584
0.235585
0.235585
0.235585
0.235586
0.235586
0.235586
0.235587
0.235587
0.235587
0.235588
0.235588
0.235588
0.235589
0.235589
0.23559
0.23559
0.23559
0.235591
0.235591
0.235591
0.235591
0.235592
0.235592
0.235592
0.235592
0.235592
0.235592
0.235592
0.235592
0.235592
0.235592
0.235593
0.235593
0.235593
0.235592
0.235592
0.235592
0.235592
0.235592
0.235592
0.235592
0.235592
0.235591
0.235591
0.235591
0.235591
0.23559
0.23559
0.23559
0.235589
0.235589
0.235588
0.235588
0.235587
0.235587
0.235586
0.235585
0.235585
0.235584
0.235583
0.235582
0.235582
0.235581
0.23558
0.235579
0.235579
0.235578
0.235577
0.235576
0.235575
0.235574
0.235573
0.235573
0.235572
0.235571
0.23557
0.235569
0.235568
0.235567
0.235567
0.235566
0.235565
0.235564
0.235563
0.235562
0.235561
0.235561
0.23556
0.235559
0.235558
0.235556
0.235555
0.235554
0.235553
0.235552
0.235551
0.23555
0.235549
0.235547
0.235546
0.235545
0.235544
0.235543
0.235542
0.235541
0.23554
0.235539
0.235537
0.235536
0.235535
0.235534
0.235533
0.235532
0.235531
0.235531
0.23553
0.235529
0.235528
0.235527
0.235526
0.235525
0.235525
0.235524
0.235523
0.235522
0.235521
0.235521
0.23552
0.235519
0.235518
0.235518
0.235517
0.235516
0.235515
0.235515
0.235514
0.235513
0.235513
0.235512
0.235511
0.23551
0.23551
0.235509
0.235508
0.235508
0.235507
0.235506
0.235506
0.235505
0.235504
0.235504
0.235503
0.235502
0.235502
0.235501
0.235501
0.2355
0.2355
0.235499
0.235499
0.235498
0.235498
0.235497
0.235497
0.235497
0.235496
0.235496
0.235495
0.235495
0.235495
0.235494
0.235494
0.235493
0.235493
0.235493
0.235492
0.235492
0.235492
0.235492
0.235491
0.235491
0.235491
0.23549
0.23549
0.23549
0.23549
0.235489
0.235489
0.235489
0.235488
0.235488
0.235488
0.235488
0.235487
0.235487
0.235487
0.235487
0.235486
0.235486
0.235486
0.235485
0.235485
0.235485
0.235484
0.235484
0.235484
0.235484
0.235483
0.235483
0.235482
0.235482
0.235482
0.235481
0.235481
0.235481
0.23548
0.23548
0.235479
0.235479
0.235479
0.235478
0.235478
0.235477
0.235477
0.235477
0.235476
0.235476
0.235475
0.235475
0.235474
0.235474
0.235473
0.235473
0.235473
0.235472
0.235472
0.235471
0.235471
0.23547
0.23547
0.23547
0.235469
0.235469
0.235469
0.235468
0.235468
0.235467
0.235467
0.235467
0.235466
0.235466
0.235466
0.235465
0.235465
0.235464
0.235464
0.235464
0.235463
0.235463
0.235462
0.235462
0.235461
0.235461
0.235461
0.23546
0.23546
0.23546
0.235459
0.235459
0.235458
0.235458
0.235458
0.235457
0.235457
0.235456
0.235456
0.235456
0.235455
0.235455
0.235455
0.235454
0.235454
0.235454
0.235453
0.235453
0.235453
0.235452
0.235452
0.235452
0.235452
0.235451
0.235451
0.235451
0.23545
0.23545
0.23545
0.23545
0.235449
0.235449
0.235449
0.235449
0.235448
0.235448
0.235448
0.235447
0.235447
0.235447
0.235447
0.235446
0.235446
0.235446
0.235445
0.235445
0.235445
0.235445
0.235444
0.235444
0.235444
0.235443
0.235443
0.235443
0.235443
0.235442
0.235442
0.235442
0.235441
0.235441
0.23544
0.23544
0.23544
0.235439
0.235439
0.235438
0.235438
0.235438
0.235437
0.235437
0.235437
0.235436
0.235436
0.235435
0.235435
0.235434
0.235434
0.235434
0.235433
0.235433
0.235432
0.235432
0.235431
0.235431
0.23543
0.23543
0.235429
0.235429
0.235428
0.235428
0.235427
0.235427
0.235426
0.235426
0.235425
0.235425
0.235424
0.235424
0.235423
0.235423
0.235422
0.235422
0.235421
0.235421
0.23542
0.23542
0.235419
0.235418
0.235418
0.235417
0.235417
0.235416
0.235416
0.235415
0.235415
0.235414
0.235414
0.235413
0.235413
0.235412
0.235412
0.235411
0.235411
0.23541
0.23541
0.235409
0.235409
0.235408
0.235408
0.235407
0.235407
0.235406
0.235406
0.235405
0.235405
0.235404
0.235404
0.235403
0.235403
0.235402
0.235402
0.235401
0.235401
0.2354
0.2354
0.235399
0.235398
0.235398
0.235397
0.235397
0.235396
0.235396
0.235395
0.235395
0.235395
0.235394
0.235394
0.235393
0.235393
0.235392
0.235392
0.235391
0.235391
0.23539
0.23539
0.235389
0.235389
0.235388
0.235388
0.235387
0.235387
0.235386
0.235385
0.235385
0.235384
0.235384
0.235383
0.235382
0.235382
0.235381
0.235381
0.23538
0.235379
0.235379
0.235378
0.235378
0.235377
0.235376
0.235376
0.235375
0.235374
0.235374
0.235373
0.235373
0.235372
0.235371
0.235371
0.23537
0.23537
0.235369
0.235369
0.235368
0.235368
0.235367
0.235367
0.235366
0.235366
0.235365
0.235365
0.235365
0.235364
0.235364
0.235364
0.235363
0.235363
0.235363
0.235362
0.235362
0.235362
0.235361
0.235361
0.235361
0.23536
0.23536
0.23536
0.235359
0.235359
0.235359
0.235358
0.235358
0.235358
0.235357
0.235357
0.235357
0.235357
0.235356
0.235356
0.235356
0.235356
0.235355
0.235355
0.235355
0.235355
0.235355
0.235354
0.235354
0.235354
0.235354
0.235354
0.235354
0.235354
0.235353
0.235353
0.235353
0.235353
0.235353
0.235353
0.235354
0.235354
0.235354
0.235354
0.235354
0.235354
0.235354
0.235354
0.235354
0.235354
0.235354
0.235354
0.235355
0.235355
0.235355
0.235355
0.235355
0.235356
0.235356
0.235356
0.235356
0.235357
0.235357
0.235357
0.235358
0.235358
0.235358
0.235358
0.235359
0.235359
0.235359
0.235359
0.23536
0.23536
0.23536
0.23536
0.235361
0.235361
0.235361
0.235361
0.235361
0.235362
0.235362
0.235362
0.235362
0.235362
0.235362
0.235362
0.235362
0.235362
0.235362
0.235362
0.235362
0.235362
0.235362
0.235362
0.235362
0.235361
0.235361
0.235361
0.235361
0.235361
0.235361
0.23536
0.23536
0.23536
0.23536
0.23536
0.235359
0.235359
0.235359
0.235359
0.235359
0.235358
0.235358
0.235358
0.235358
0.235358
0.235358
0.235357
0.235357
0.235357
0.235357
0.235357
0.235357
0.235356
0.235356
0.235356
0.235356
0.235356
0.235356
0.235355
0.235355
0.235355
0.235355
0.235355
0.235354
0.235354
0.235354
0.235354
0.235354
0.235354
0.235354
0.235353
0.235353
0.235353
