0.271104
0.271104
0.271104
0.271104
0.271104
0.271104
0.271104
0.271103
0.271103
0.271103
0.271103
0.271103
0.271102
0.271102
0.271102
0.271101
0.271101
0.2711
0.2711
0.271099
0.271099
0.271098
0.271097
0.271097
0.271096
0.271095
0.271095
0.271094
0.271093
0.271092
0.271092
0.271091
0.27109
0.271089
0.271089
0.271088
0.271087
0.271086
0.271085
0.271085
0.271084
0.271083
0.271082
0.271081
0.271081
0.27108
0.271079
0.271078
0.271078
0.271077
0.271076
0.271075
0.271074
0.271074
0.271073
0.271072
0.271071
0.27107
0.271069
0.271068
0.271067
0.271066
0.271065
0.271065
0.271064
0.271063
0.271062
0.271061
0.27106
0.271059
0.271058
0.271057
0.271056
0.271055
0.271054
0.271053
0.271052
0.271051
0.27105
0.271049
0.271048
0.271047
0.271046
0.271045
0.271043
0.271042
0.271041
0.27104
0.271039
0.271037
0.271036
0.271035
0.271034
0.271032
0.271031
0.27103
0.271028
0.271027
0.271026
0.271024
0.271023
0.271022
0.27102
0.271019
0.271018
0.271016
0.271015
0.271014
0.271012
0.271011
0.27101
0.271008
0.271007
0.271005
0.271004
0.271003
0.271002
0.271
0.270999
0.270998
0.270996
0.270995
0.270994
0.270992
0.270991
0.270989
0.270988
0.270987
0.270985
0.270984
0.270982
0.270981
0.27098
0.270978
0.270977
0.270976
0.270974
0.270973
0.270971
0.27097
0.270969
0.270967
0.270966
0.270964
0.270963
0.270961
0.27096
0.270958
0.270957
0.270955
0.270954
0.270952
0.270951
0.270949
0.270948
0.270946
0.270945
0.270943
0.270942
0.27094
0.270939
0.270937
0.270935
0.270934
0.270932
0.27093
0.270929
0.270927
0.270926
0.270924
0.270923
0.270921
0.27092
0.270918
0.270916
0.270915
0.270913
0.270912
0.27091
0.270909
0.270907
0.270906
0.270904
0.270902
0.270901
0.270899
0.270898
0.270896
0.270895
0.270893
0.270892
0.27089
0.270889
0.270887
0.270886
0.270884
0.270883
0.270881
0.27088
0.270878
0.270877
0.270875
0.270874
0.270872
0.270871
0.270869
0.270868
0.270866
0.270865
0.270863
0.270862
0.27086
0.270859
0.270857
0.270856
0.270854
0.270853
0.270851
0.27085
0.270848
0.270847
0.270845
0.270844
0.270842
0.270841
0.270839
0.270838
0.270836
0.270835
0.270833
0.270832
0.27083
0.270829
0.270827
0.270826
0.270824
0.270823
0.270822
0.27082
0.270819
0.270817
0.270816
0.270815
0.270813
0.270812
0.270811
0.270809
0.270808
0.270807
0.270805
0.270804
0.270803
0.270801
0.2708
0.270799
0.270797
0.270796
0.270795
0.270793
0.270792
0.270791
0.270789
0.270788
0.270787
0.270785
0.270784
0.270783
0.270781
0.27078
0.270779
0.270777
0.270776
0.270775
0.270773
0.270772
0.27077
0.270769
0.270768
0.270766
0.270765
0.270764
0.270762
0.270761
0.270759
0.270758
0.270756
0.270755
0.270754
0.270752
0.270751
0.270749
0.270748
0.270746
0.270745
0.270743
0.270742
0.27074
0.270739
0.270737
0.270735
0.270734
0.270732
0.270731
0.270729
0.270728
0.270726
0.270724
0.270723
0.270721
0.27072
0.270718
0.270717
0.270715
0.270713
0.270712
0.27071
0.270709
0.270707
0.270706
0.270704
0.270702
0.270701
0.270699
0.270698
0.270696
0.270695
0.270693
0.270692
0.27069
0.270689
0.270687
0.270686
0.270684
0.270683
0.270681
0.27068
0.270678
0.270677
0.270675
0.270674
0.270673
0.270671
0.27067
0.270669
0.270667
0.270666
0.270665
0.270663
0.270662
0.270661
0.27066
0.270658
0.270657
0.270656
0.270655
0.270654
0.270653
0.270652
0.270651
0.27065
0.270648
0.270647
0.270646
0.270645
0.270644
0.270643
0.270642
0.270641
0.27064
0.270639
0.270638
0.270637
0.270636
0.270635
0.270634
0.270633
0.270632
0.270631
0.27063
0.270629
0.270627
0.270626
0.270625
0.270624
0.270623
0.270622
0.270621
0.27062
0.270619
0.270618
0.270616
0.270615
0.270614
0.270613
0.270612
0.270611
0.27061
0.270609
0.270608
0.270607
0.270606
0.270605
0.270604
0.270603
0.270602
0.2706
0.270599
0.270598
0.270597
0.270596
0.270595
0.270594
0.270593
0.270592
0.270591
0.27059
0.270589
0.270588
0.270587
0.270586
0.270585
0.270584
0.270583
0.270582
0.270581
0.27058
0.270579
0.270578
0.270577
0.270576
0.270575
0.270574
0.270573
0.270572
0.270571
0.27057
0.270569
0.270569
0.270568
0.270567
0.270566
0.270565
0.270564
0.270563
0.270563
0.270562
0.270561
0.27056
0.270559
0.270558
0.270558
0.270557
0.270556
0.270555
0.270555
0.270554
0.270553
0.270552
0.270552
0.270551
0.27055
0.27055
0.270549
0.270548
0.270548
0.270547
0.270546
0.270546
0.270545
0.270544
0.270544
0.270543
0.270542
0.270542
0.270541
0.27054
0.27054
0.270539
0.270538
0.270538
0.270537
0.270537
0.270536
0.270535
0.270535
0.270534
0.270533
0.270533
0.270532
0.270532
0.270531
0.27053
0.27053
0.270529
0.270529
0.270528
0.270528
0.270527
0.270527
0.270526
0.270526
0.270525
0.270524
0.270524
0.270523
0.270523
0.270522
0.270522
0.270522
0.270521
0.270521
0.27052
0.27052
0.27052
0.270519
0.270519
0.270519
0.270519
0.270518
0.270518
0.270518
0.270517
0.270517
0.270517
0.270516
0.270516
0.270516
0.270515
0.270515
0.270514
0.270514
0.270514
0.270513
0.270513
0.270513
0.270512
0.270512
0.270512
0.270511
0.270511
0.270511
0.270511
0.27051
0.27051
0.27051
0.27051
0.27051
0.27051
0.270509
0.270509
0.270509
0.270509
0.270509
0.270509
0.270509
0.270508
0.270508
0.270508
0.270508
0.270508
0.270508
0.270508
0.270507
0.270507
0.270507
0.270507
0.270507
0.270506
0.270506
0.270506
0.270506
0.270506
0.270505
0.270505
0.270505
0.270505
0.270505
0.270505
0.270504
0.270504
0.270504
0.270504
0.270503
0.270503
0.270503
0.270503
0.270502
0.270502
0.270502
0.270502
0.270501
0.270501
0.270501
0.270501
0.270501
0.2705
0.2705
0.2705
0.2705
0.2705
0.2705
0.270499
0.270499
0.270499
0.270499
0.270499
0.270498
0.270498
0.270498
0.270498
0.270498
0.270497
0.270497
0.270497
0.270496
0.270496
0.270496
0.270495
0.270495
0.270495
0.270495
0.270494
0.270494
0.270494
0.270494
0.270493
0.270493
0.270493
0.270493
0.270492
0.270492
0.270492
0.270492
0.270491
0.270491
0.270491
0.270491
0.27049
0.27049
0.27049
0.27049
0.270489
0.270489
0.270489
0.270489
0.270489
0.270488
0.270488
0.270488
0.270488
0.270487
0.270487
0.270487
0.270487
0.270487
0.270486
0.270486
0.270486
0.270486
0.270486
0.270485
0.270485
0.270485
0.270485
0.270485
0.270484
0.270484
0.270484
0.270484
0.270483
0.270483
0.270483
0.270483
0.270482
0.270482
0.270482
0.270481
0.270481
0.27048
0.27048
0.27048
0.270479
0.270479
0.270478
0.270478
0.270478
0.270477
0.270477
0.270476
0.270476
0.270475
0.270475
0.270475
0.270474
0.270474
0.270473
0.270473
0.270472
0.270472
0.270471
0.270471
0.27047
0.27047
0.270469
0.270469
0.270468
0.270468
0.270467
0.270467
0.270466
0.270466
0.270465
0.270465
0.270464
0.270464
0.270463
0.270463
0.270462
0.270462
0.270461
0.270461
0.270461
0.27046
0.27046
0.270459
0.270459
0.270459
0.270458
0.270458
0.270457
0.270457
0.270456
0.270456
0.270456
0.270455
0.270455
0.270455
0.270454
0.270454
0.270453
0.270453
0.270453
0.270452
0.270452
0.270452
0.270452
0.270451
0.270451
0.270451
0.27045
0.27045
0.27045
0.270449
0.270449
0.270449
0.270448
0.270448
0.270448
0.270448
0.270448
0.270447
0.270447
0.270447
0.270447
0.270447
0.270447
0.270447
0.270446
0.270446
0.270446
0.270446
0.270446
0.270446
0.270446
0.270446
0.270446
0.270446
0.270446
0.270446
0.270446
0.270446
0.270446
0.270446
0.270446
0.270446
0.270446
0.270446
0.270446
0.270446
0.270446
0.270446
0.270446
0.270447
0.270447
0.270447
0.270447
0.270447
0.270447
0.270447
0.270447
0.270448
0.270448
0.270448
0.270448
0.270449
0.270449
0.270449
0.27045
0.27045
0.27045
0.270451
0.270451
0.270452
0.270452
0.270452
0.270453
0.270453
0.270454
0.270454
0.270455
0.270455
0.270456
0.270457
0.270457
0.270458
0.270458
0.270459
0.27046
0.27046
0.270461
0.270462
0.270462
0.270463
0.270464
0.270464
0.270465
0.270466
0.270467
0.270467
0.270468
0.270469
0.27047
0.27047
0.270471
0.270472
0.270472
0.270473
0.270474
0.270475
0.270475
0.270476
0.270477
0.270478
0.270478
0.270479
0.27048
0.270481
0.270482
0.270482
0.270483
0.270484
0.270485
0.270486
0.270487
0.270487
0.270488
0.270489
0.27049
0.270491
0.270492
0.270493
0.270494
0.270495
0.270496
0.270497
0.270498
0.270498
0.270499
0.2705
0.270501
0.270502
0.270503
0.270504
0.270505
0.270505
0.270506
0.270507
0.270508
0.270509
0.27051
0.270511
0.270511
0.270512
0.270513
0.270514
0.270515
0.270515
0.270516
0.270517
0.270518
0.270519
0.27052
0.270521
0.270521
0.270522
0.270523
0.270524
0.270525
0.270526
0.270526
0.270527
0.270528
0.270529
0.27053
0.27053
0.270531
0.270532
0.270533
0.270534
0.270534
0.270535
0.270536
0.270537
0.270537
0.270538
0.270539
0.270539
0.27054
0.270541
0.270541
0.270542
0.270542
0.270543
0.270543
0.270544
0.270544
0.270545
0.270545
0.270546
0.270546
0.270547
0.270547
0.270547
0.270548
0.270548
0.270549
0.270549
0.270549
0.270549
0.27055
0.27055
0.27055
0.270551
0.270551
0.270551
0.270551
0.270552
0.270552
0.270552
0.270552
0.270553
0.270553
0.270553
0.270553
0.270554
0.270554
0.270554
0.270554
0.270554
0.270554
0.270555
0.270555
0.270555
0.270555
0.270555
0.270555
0.270556
0.270556
0.270556
0.270556
0.270556
0.270557
0.270557
0.270557
0.270557
0.270558
0.270558
0.270558
0.270558
0.270559
0.270559
0.27056
0.27056
0.27056
0.270561
0.270561
0.270562
0.270562
0.270563
0.270563
0.270564
0.270564
0.270565
0.270565
0.270566
0.270567
0.270567
0.270568
0.270568
0.270569
0.27057
0.27057
0.270571
0.270572
0.270572
0.270573
0.270573
0.270574
0.270575
0.270575
0.270576
0.270576
0.270577
0.270578
0.270578
0.270579
0.270579
0.27058
0.27058
0.270581
0.270582
0.270582
0.270583
0.270584
0.270584
0.270585
0.270586
0.270586
0.270587
0.270588
0.270588
0.270589
0.27059
0.27059
0.270591
0.270592
0.270592
0.270593
0.270594
0.270595
0.270595
0.270596
0.270597
0.270597
0.270598
0.270599
0.2706
0.2706
0.270601
0.270602
0.270603
0.270603
0.270604
0.270605
0.270605
0.270606
0.270607
0.270607
0.270608
0.270609
0.270609
0.27061
0.270611
0.270611
0.270612
0.270612
0.270613
0.270614
0.270614
0.270615
0.270615
0.270616
0.270617
0.270617
0.270618
0.270619
0.270619
0.27062
0.270621
0.270621
0.270622
0.270622
0.270623
0.270624
0.270624
0.270625
0.270626
0.270626
0.270627
0.270628
0.270629
0.270629
0.27063
0.270631
0.270631
0.270632
0.270632
0.270633
0.270634
0.270634
0.270635
0.270635
0.270636
0.270637
0.270637
0.270638
0.270638
0.270639
0.270639
0.27064
0.27064
0.270641
0.270641
0.270641
0.270642
0.270642
0.270643
0.270643
0.270643
0.270644
0.270644
0.270644
0.270645
0.270645
0.270645
0.270645
0.270646
0.270646
0.270646
0.270646
0.270646
0.270646
0.270646
0.270646
0.270647
0.270647
0.270647
0.270647
0.270647
0.270647
0.270647
0.270647
0.270648
0.270648
0.270648
0.270648
0.270648
0.270648
0.270648
0.270649
0.270649
0.270649
0.270649
0.270649
0.270649
0.270649
0.27065
0.27065
0.27065
0.27065
0.27065
0.27065
0.270651
0.270651
0.270651
0.270651
0.270651
0.270651
0.270652
0.270652
0.270652
0.270652
0.270652
0.270653
0.270653
0.270653
0.270653
0.270653
0.270653
0.270653
0.270653
0.270653
0.270653
0.270653
0.270653
0.270654
0.270654
0.270654
0.270654
0.270654
0.270654
0.270654
0.270654
0.270654
0.270654
0.270654
0.270654
0.270654
0.270654
0.270654
0.270654
0.270654
0.270654
0.270655
0.270655
0.270655
0.270655
0.270655
0.270655
0.270655
0.270656
0.270656
0.270656
0.270656
0.270656
0.270656
0.270657
0.270657
0.270657
0.270657
0.270657
0.270657
0.270658
0.270658
0.270658
0.270658
0.270658
0.270658
0.270658
0.270659
0.270659
0.270659
0.270659
0.270659
0.270659
0.27066
0.27066
0.27066
0.27066
0.27066
0.270661
0.270661
0.270661
0.270661
0.270661
0.270662
0.270662
0.270662
0.270662
0.270662
0.270662
0.270662
0.270663
0.270663
0.270663
0.270663
0.270663
0.270663
0.270663
0.270663
0.270663
0.270663
0.270663
0.270662
0.270662
0.270662
0.270662
0.270662
0.270662
0.270662
0.270661
0.270661
0.270661
0.270661
0.270661
0.270661
0.270661
0.27066
0.27066
0.27066
0.27066
0.27066
0.270659
0.270659
0.270659
0.270658
0.270658
0.270658
0.270657
0.270657
0.270656
0.270656
0.270656
0.270655
0.270655
0.270654
0.270654
0.270653
0.270653
0.270652
0.270652
0.270651
0.270651
0.27065
0.27065
0.270649
0.270649
0.270648
0.270648
0.270647
0.270647
0.270646
0.270645
0.270645
0.270644
0.270643
0.270643
0.270642
0.270641
0.27064
0.27064
0.270639
0.270638
0.270637
0.270636
0.270636
0.270635
0.270634
0.270633
0.270632
0.270631
0.27063
0.270629
0.270628
0.270627
0.270626
0.270625
0.270624
0.270623
0.270621
0.27062
0.270619
0.270618
0.270617
0.270616
0.270615
0.270613
0.270612
0.270611
0.27061
0.270609
0.270608
0.270606
0.270605
0.270604
0.270603
0.270602
0.270601
0.2706
0.270599
0.270598
0.270597
0.270596
0.270595
0.270594
0.270593
0.270592
0.270591
0.27059
0.270589
0.270588
0.270587
0.270586
0.270585
0.270584
0.270583
0.270583
0.270582
0.270581
0.27058
0.270579
0.270578
0.270577
0.270577
0.270576
0.270575
0.270574
0.270573
0.270573
0.270572
0.270571
0.27057
0.27057
0.270569
0.270568
0.270568
0.270567
0.270566
0.270566
0.270565
0.270564
0.270564
0.270563
0.270563
0.270562
0.270562
0.270561
0.27056
0.27056
0.270559
0.270559
0.270558
0.270558
0.270557
0.270557
0.270556
0.270556
0.270555
0.270555
0.270554
0.270554
0.270553
0.270553
0.270552
0.270552
0.270551
0.270551
0.27055
0.27055
0.270549
0.270549
0.270549
0.270548
0.270548
0.270547
0.270547
0.270546
0.270546
0.270545
0.270545
0.270544
0.270544
0.270543
0.270543
0.270542
0.270542
0.270541
0.270541
0.27054
0.27054
0.270539
0.270538
0.270538
0.270537
0.270537
0.270536
0.270536
0.270535
0.270535
0.270534
0.270534
0.270533
0.270533
0.270532
0.270532
0.270531
0.270532
0.270533
0.270534
0.270544
0.270546
0.270557
0.270567
0.270571
0.270591
0.2706
0.270621
0.270631
0.270659
0.270677
0.270698
0.270722
0.270749
0.270777
0.270802
0.270834
0.270868
0.270901
0.270936
0.270985
0.271025
0.271068
0.271101
0.271144
0.271185
0.271237
0.271277
0.271321
0.271372
0.271424
0.271475
0.271527
0.271589
0.271648
0.271721
0.271791
0.271856
0.271918
0.271982
0.272057
0.27213
0.272197
0.272264
0.272341
0.272408
0.272477
0.272544
0.272611
0.272686
0.272764
0.272837
0.272921
0.273011
0.273103
0.273203
0.273299
0.273397
0.273496
0.273608
0.273722
0.273826
0.273938
0.274051
0.274162
0.274264
0.274368
0.274486
0.274588
0.274697
0.274807
0.274916
0.275019
0.275129
0.27523
0.275329
0.275422
0.275523
0.275624
0.275715
0.275824
0.275919
0.27602
0.276104
0.276199
0.276292
0.276384
0.27647
0.276551
0.276627
0.276696
0.276761
0.27683
0.276892
0.276945
0.277004
0.277066
0.277125
0.277192
0.277259
0.277322
0.277403
0.277473
0.277553
0.277648
0.277723
0.277803
0.277899
0.277991
0.278084
0.27817
0.278255
0.278349
0.278441
0.278534
0.278617
0.278698
0.278786
0.278883
0.278964
0.27905
0.279139
0.279207
0.279285
0.279361
0.279431
0.279502
0.27957
0.27963
0.279704
0.27978
0.27984
0.279916
0.279986
0.280054
0.280135
0.280205
0.280268
0.280334
0.280397
0.280463
0.280536
0.280595
0.280662
0.280745
0.280819
0.280899
0.280972
0.281047
0.281111
0.281178
0.281246
0.281313
0.281385
0.28145
0.281506
0.281571
0.281646
0.281694
0.281748
0.281799
0.281851
0.281906
0.28196
0.282008
0.282064
0.282115
0.282165
0.282215
0.282265
0.282318
0.282361
0.282411
0.282455
0.282489
0.282528
0.28257
0.282604
0.282646
0.282688
0.282728
0.282778
0.282834
0.28289
0.282951
0.283022
0.283094
0.283171
0.28325
0.283355
0.28345
0.283534
0.283631
0.283734
0.283844
0.283954
0.284046
0.284164
0.284248
0.284334
0.284426
0.284518
0.284609
0.284685
0.284761
0.284845
0.284936
0.28502
0.285094
0.285167
0.285241
0.285317
0.285383
0.285446
0.28552
0.285578
0.285649
0.285714
0.285796
0.285864
0.285938
0.286019
0.286105
0.286106
0.286107
0.286108
0.286109
0.28611
0.28611
0.286111
0.286112
0.286113
0.286114
0.286115
0.286116
0.286117
0.286118
0.286119
0.28612
0.286121
0.286123
0.286124
0.286125
0.286126
0.286128
0.286129
0.28613
0.286132
0.286133
0.286134
0.286136
0.286137
0.286138
0.28614
0.286142
0.286144
0.286145
0.286147
0.286149
0.286151
0.286153
0.286155
0.286157
0.28616
0.286162
0.286164
0.286166
0.286169
0.286171
0.286174
0.286177
0.286179
0.286182
0.286185
0.286187
0.28619
0.286193
0.286196
0.286199
0.286201
0.286204
0.286207
0.28621
0.286213
0.286216
0.286219
0.286222
0.286225
0.286228
0.286231
0.286234
0.286237
0.28624
0.286243
0.286247
0.28625
0.286253
0.286257
0.28626
0.286264
0.286267
0.286271
0.286274
0.286278
0.286281
0.286285
0.286288
0.286292
0.286295
0.286299
0.286303
0.286306
0.28631
0.286314
0.286318
0.286321
0.286325
0.286329
0.286333
0.286336
0.28634
0.286344
0.286348
0.286351
0.286355
0.286359
0.286362
0.286366
0.286369
0.286373
0.286376
0.28638
0.286383
0.286387
0.28639
0.286394
0.286397
0.2864
0.286404
0.286407
0.28641
0.286414
0.286417
0.28642
0.286423
0.286427
0.28643
0.286433
0.286436
0.286439
0.286442
0.286445
0.286448
0.286451
0.286454
0.286457
0.286459
0.286462
0.286465
0.286468
0.28647
0.286473
0.286476
0.286478
0.286481
0.286483
0.286486
0.286488
0.286491
0.286493
0.286496
0.286498
0.2865
0.286503
0.286505
0.286507
0.28651
0.286512
0.286514
0.286516
0.286518
0.286521
0.286523
0.286525
0.286527
0.286529
0.286531
0.286533
0.286535
0.286537
0.286539
0.286541
0.286543
0.286544
0.286546
0.286548
0.28655
0.286552
0.286553
0.286555
0.286557
0.286558
0.28656
0.286562
0.286563
0.286565
0.286567
0.286568
0.28657
0.286571
0.286573
0.286575
0.286576
0.286578
0.28658
0.286581
0.286583
0.286585
0.286587
0.286588
0.28659
0.286591
0.286593
0.286595
0.286596
0.286598
0.2866
0.286601
0.286603
0.286604
0.286606
0.286607
0.286609
0.286611
0.286612
0.286614
0.286615
0.286617
0.286618
0.28662
0.286621
0.286623
0.286624
0.286626
0.286627
0.286629
0.286631
0.286632
0.286634
0.286635
0.286637
0.286639
0.28664
0.286642
0.286644
0.286645
0.286647
0.286649
0.28665
0.286652
0.286654
0.286655
0.286657
0.286659
0.28666
0.286662
0.286664
0.286666
0.286667
0.286669
0.286671
0.286672
0.286674
0.286676
0.286678
0.286679
0.286681
0.286683
0.286685
0.286687
0.286688
0.28669
0.286692
0.286694
0.286696
0.286698
0.286699
0.286701
0.286703
0.286705
0.286707
0.286708
0.28671
0.286712
0.286714
0.286716
0.286717
0.286719
0.286721
0.286723
0.286725
0.286726
0.286728
0.28673
0.286732
0.286734
0.286736
0.286737
0.286739
0.286741
0.286743
0.286745
0.286747
0.286749
0.286751
0.286752
0.286754
0.286756
0.286758
0.28676
0.286762
0.286764
0.286766
0.286768
0.28677
0.286771
0.286773
0.286775
0.286777
0.286779
0.286781
0.286782
0.286784
0.286786
0.286788
0.28679
0.286791
0.286793
0.286795
0.286797
0.286799
0.2868
0.286802
0.286804
0.286806
0.286807
0.286809
0.28681
0.286812
0.286814
0.286815
0.286817
0.286818
0.28682
0.286821
0.286823
0.286824
0.286826
0.286827
0.286829
0.28683
0.286831
0.286833
0.286834
0.286836
0.286837
0.286838
0.28684
0.286841
0.286842
0.286844
0.286845
0.286846
0.286848
0.286849
0.28685
0.286851
0.286852
0.286854
0.286855
0.286856
0.286857
0.286858
0.286859
0.28686
0.286862
0.286863
0.286864
0.286865
0.286866
0.286867
0.286868
0.286869
0.28687
0.286872
0.286873
0.286874
0.286875
0.286876
0.286877
0.286878
0.286879
0.28688
0.286881
0.286882
0.286883
0.286884
0.286885
0.286886
0.286887
0.286888
0.286889
0.28689
0.286891
0.286892
0.286893
0.286894
0.286895
0.286896
0.286897
0.286898
0.286899
0.2869
0.286901
0.286901
0.286902
0.286903
0.286904
0.286905
0.286906
0.286907
0.286908
0.286908
0.286909
0.28691
0.286911
0.286912
0.286912
0.286913
0.286914
0.286915
0.286916
0.286917
0.286917
0.286918
0.286919
0.28692
0.28692
0.286921
0.286922
0.286923
0.286923
0.286924
0.286925
0.286926
0.286926
0.286927
0.286928
0.286929
0.286929
0.28693
0.286931
0.286931
0.286932
0.286933
0.286933
0.286934
0.286935
0.286935
0.286936
0.286937
0.286937
0.286938
0.286939
0.286939
0.28694
0.28694
0.286941
0.286942
0.286942
0.286943
0.286943
0.286944
0.286944
0.286945
0.286946
0.286946
0.286947
0.286947
0.286948
0.286948
0.286949
0.286949
0.28695
0.28695
0.286951
0.286951
0.286952
0.286952
0.286952
0.286953
0.286953
0.286953
0.286954
0.286954
0.286954
0.286955
0.286955
0.286955
0.286956
0.286956
0.286956
0.286957
0.286957
0.286957
0.286958
0.286958
0.286958
0.286959
0.286959
0.286959
0.28696
0.28696
0.28696
0.28696
0.286961
0.286961
0.286961
0.286961
0.286962
0.286962
0.286962
0.286962
0.286962
0.286963
0.286963
0.286963
0.286963
0.286964
0.286964
0.286964
0.286964
0.286964
0.286965
0.286965
0.286965
0.286965
0.286965
0.286965
0.286965
0.286966
0.286966
0.286966
0.286966
0.286966
0.286966
0.286966
0.286966
0.286966
0.286966
0.286966
0.286966
0.286966
0.286966
0.286966
0.286966
0.286966
0.286966
0.286966
0.286966
0.286966
0.286966
0.286966
0.286966
0.286966
0.286966
0.286966
0.286966
0.286966
0.286966
0.286966
0.286966
0.286966
0.286966
0.286966
0.286966
0.286966
0.286967
0.286967
0.286967
0.286967
0.286967
0.286967
0.286967
0.286968
0.286968
0.286968
0.286968
0.286968
0.286968
0.286968
0.286968
0.286968
0.286968
0.286968
0.286968
0.286968
0.286968
0.286968
0.286968
0.286968
0.286968
0.286968
0.286968
0.286968
0.286969
0.286969
0.286969
0.286969
0.286969
0.286969
0.286969
0.286969
0.286969
0.286969
0.286969
0.28697
0.28697
0.28697
0.28697
0.28697
0.28697
0.28697
0.286971
0.286971
0.286971
0.286971
0.286971
0.286971
0.286972
0.286972
0.286972
0.286972
0.286972
0.286972
0.286972
0.286972
0.286973
0.286973
0.286973
0.286973
0.286973
0.286973
0.286973
0.286973
0.286973
0.286973
0.286973
0.286973
0.286974
0.286974
0.286974
0.286974
0.286974
0.286974
0.286974
0.286974
0.286974
0.286975
0.286975
0.286975
0.286975
0.286975
0.286976
0.286976
0.286976
0.286976
0.286977
0.286977
0.286977
0.286977
0.286978
0.286978
0.286978
0.286978
0.286979
0.286979
0.286979
0.28698
0.28698
0.28698
0.286981
0.286981
0.286981
0.286982
0.286982
0.286983
0.286983
0.286984
0.286984
0.286984
0.286985
0.286985
0.286986
0.286986
0.286987
0.286987
0.286988
0.286988
0.286988
0.286989
0.286989
0.28699
0.28699
0.286991
0.286991
0.286992
0.286992
0.286993
0.286993
0.286993
0.286994
0.286994
0.286995
0.286995
0.286996
0.286996
0.286996
0.286997
0.286997
0.286998
0.286998
0.286999
0.286999
0.287009
0.287021
0.287037
0.287054
0.287064
0.287077
0.287089
0.287096
0.287107
0.28712
0.287131
0.287141
0.287151
0.287156
0.287162
0.287165
0.287164
0.287162
0.287159
0.287158
0.287149
0.287136
0.287122
0.287103
0.287088
0.287078
0.28706
0.28704
0.287025
0.286999
0.286982
0.28696
0.286943
0.286924
0.286906
0.286885
0.286874
0.286858
0.286837
0.286822
0.286809
0.28679
0.286779
0.286768
0.286753
0.286747
0.286729
0.28672
0.286702
0.286691
0.286675
0.286659
0.286644
0.286624
0.2866
0.286575
0.286558
0.286534
0.286517
0.286496
0.286477
0.286463
0.286448
0.286433
0.286416
0.286398
0.286381
0.286364
0.286342
0.286325
0.286307
0.286287
0.286266
0.286245
0.286235
0.286217
0.286202
0.286184
0.286171
0.286149
0.286139
0.286128
0.286114
0.286104
0.2861
0.286091
0.286083
0.286073
0.286066
0.286062
0.286052
0.286049
0.286036
0.286032
0.286021
0.286012
0.286005
0.285997
0.285985
0.285977
0.285968
0.285959
0.285955
0.285942
0.285938
0.285931
0.285922
0.285919
0.285914
0.285908
0.285899
0.285898
0.285891
0.285887
0.285874
0.28587
0.285864
0.285855
0.285851
0.285843
0.285839
0.285829
0.285822
0.285808
0.285804
0.285796
0.285789
0.285781
0.285782
0.285774
0.285778
0.28577
0.285767
0.285769
0.285771
0.285773
0.28577
0.28577
0.285769
0.285772
0.285775
0.285782
0.285791
0.285798
0.285815
0.285824
0.285842
0.285853
0.285867
0.285885
0.285905
0.285918
0.285936
0.285951
0.285972
0.285984
0.285994
0.286013
0.286037
0.286051
0.286066
0.286086
0.286098
0.286115
0.28613
0.286147
0.286168
0.286178
0.286199
0.286206
0.286224
0.286237
0.28625
0.286262
0.286281
0.286296
0.28631
0.286331
0.286346
0.286361
0.286374
0.28639
0.286403
0.286416
0.286424
0.28643
0.286442
0.286442
0.286446
0.286448
0.286458
0.286468
0.286474
0.286489
0.286501
0.286507
0.286514
0.286524
0.286527
0.286533
0.286543
0.286553
0.286559
0.286567
0.286577
0.286581
0.286583
0.286586
0.286592
0.286594
0.286591
0.286587
0.28658
0.286583
0.286591
0.286594
0.28659
0.286599
0.286602
0.286604
0.286606
0.286607
0.286616
0.286621
0.286635
0.286645
0.286686
0.286701
0.286726
0.286744
0.286766
0.286776
0.286786
0.286811
0.28683
0.286857
0.286889
0.286924
0.286957
0.286999
0.287035
0.287078
0.287119
0.287152
0.28719
0.287231
0.287261
0.287299
0.28734
0.287379
0.287426
0.287456
0.287493
0.287536
0.287569
0.287608
0.287652
0.287701
0.287747
0.287796
0.287846
0.287898
0.287936
0.287977
0.288021
0.288058
0.288108
0.288154
0.288193
0.288239
0.288281
0.288327
0.288369
0.288422
0.288458
0.288503
0.288541
0.288575
0.288602
0.288642
0.288675
0.288713
0.288753
0.288791
0.288825
0.288863
0.288901
0.288927
0.288974
0.28901
0.289046
0.289086
0.289122
0.289162
0.289209
0.289236
0.289272
0.289313
0.289343
0.289375
0.289409
0.289448
0.289483
0.289513
0.289546
0.289584
0.289619
0.289655
0.289685
0.289719
0.289742
0.28977
0.289799
0.289825
0.289854
0.289878
0.289895
0.289916
0.289937
0.289958
0.28998
0.289995
0.290012
0.290028
0.290046
0.290062
0.290075
0.290101
0.29012
0.290128
0.290142
0.29016
0.290169
0.290186
0.290199
0.290199
0.290201
0.290213
0.290218
0.290228
0.290237
0.290249
0.290259
0.290274
0.290286
0.2903
0.290321
0.290342
0.290356
0.290377
0.290393
0.29041
0.290424
0.290437
0.290454
0.290467
0.290484
0.290501
0.290517
0.290536
0.290549
0.290566
0.290584
0.290598
0.29062
0.290637
0.290656
0.290668
0.29069
0.290707
0.290721
0.290733
0.290755
0.290774
0.290795
0.290812
0.290833
0.290849
0.290871
0.290891
0.290911
0.290931
0.290954
0.290969
0.290993
0.291011
0.291034
0.291049
0.291072
0.291095
0.291119
0.291142
0.291161
0.291186
0.291206
0.291233
0.291256
0.291278
0.291296
0.291314
0.291336
0.291357
0.291374
0.291395
0.291414
0.291439
0.291455
0.29148
0.291496
0.291513
0.291528
0.291549
0.291564
0.291578
0.291593
0.291604
0.291615
0.291626
0.291632
0.291638
0.291649
0.29166
0.291659
0.291665
0.291668
0.291664
0.291671
0.291674
0.29168
0.29168
0.291687
0.29169
0.291697
0.291694
0.291694
0.291699
0.291699
0.291697
0.291697
0.291699
0.291697
0.291694
0.291691
0.291694
0.29169
0.291686
0.291686
0.291682
0.291681
0.291673
0.29167
0.291665
0.291661
0.291654
0.291652
0.291643
0.291638
0.291637
0.291631
0.291618
0.291615
0.291605
0.291595
0.291583
0.291571
0.291561
0.291544
0.291533
0.291521
0.29151
0.291499
0.291487
0.291476
0.291465
0.291449
0.291425
0.291413
0.291384
0.291369
0.291357
0.291341
0.291326
0.291317
0.291305
0.291291
0.291279
0.29127
0.291261
0.291249
0.291239
0.291227
0.29122
0.291208
0.291202
0.291189
0.291183
0.291173
0.291166
0.291159
0.291149
0.291137
0.291131
0.291124
0.291114
0.291104
0.291097
0.291087
0.291077
0.291072
0.291062
0.291057
0.29105
0.29104
0.291037
0.29103
0.291025
0.291018
0.291013
0.291003
0.290996
0.290988
0.290984
0.290976
0.290972
0.290967
0.290962
0.290962
0.290957
0.29095
0.290945
0.290937
0.290932
0.29093
0.290925
0.290919
0.290914
0.290906
0.290904
0.290896
0.290894
0.290895
0.290893
0.290885
0.29088
0.290873
0.290868
0.290866
0.290858
0.290853
0.290848
0.290842
0.290839
0.290834
0.290814
0.290803
0.290797
0.290791
0.290785
0.290776
0.290771
0.290762
0.29075
0.290741
0.290732
0.29072
0.290711
0.290708
0.290699
0.290687
0.290678
0.290669
0.29066
0.290653
0.290644
0.290635
0.290625
0.290623
0.290616
0.290609
0.290605
0.290601
0.290591
0.290587
0.290579
0.290569
0.290565
0.29056
0.290556
0.290549
0.290542
0.290537
0.290535
0.290534
0.290525
0.29052
0.290507
0.290507
0.290502
0.290496
0.29049
0.290482
0.290476
0.290471
0.290468
0.290465
0.290462
0.290461
0.290458
0.290455
0.29046
0.290459
0.290456
0.290453
0.29045
0.290448
0.290444
0.290444
0.290446
0.290449
0.290452
0.290454
0.290459
0.290459
0.290458
0.290464
0.290466
0.290466
0.290471
0.290474
0.290477
0.290479
0.290488
0.290491
0.290494
0.2905
0.290501
0.290504
0.29051
0.290513
0.29052
0.290531
0.290538
0.290545
0.290554
0.290562
0.290566
0.29058
0.290596
0.290609
0.290622
0.290635
0.290645
0.290663
0.290676
0.290687
0.290698
0.290704
0.290712
0.29072
0.290723
0.290729
0.290736
0.290747
0.290756
0.290762
0.290767
0.290778
0.290787
0.290791
0.290798
0.290801
0.290807
0.290809
0.290813
0.29082
0.290822
0.290823
0.290827
0.290823
0.290827
0.290832
0.290833
0.29083
0.290831
0.29083
0.290829
0.290828
0.290831
0.290827
0.290826
0.290825
0.290824
0.29082
0.290822
0.290815
0.290815
0.290809
0.290805
0.290798
0.290795
0.290788
0.290785
0.290776
0.290767
0.290759
0.29075
0.290741
0.290735
0.290733
0.290727
0.29072
0.290711
0.290702
0.290693
0.290684
0.290675
0.290669
0.290658
0.290654
0.290639
0.290628
0.290616
0.290611
0.290604
0.290595
0.290591
0.290583
0.290576
0.290565
0.290562
0.290564
0.290553
0.29055
0.290545
0.290544
0.290536
0.290532
0.290527
0.290526
0.290521
0.290513
0.290508
0.290508
0.290503
0.290495
0.29049
0.290482
0.290477
0.290473
0.290468
0.290463
0.290452
0.290447
0.29044
0.290435
0.290428
0.290427
0.290422
0.29041
0.290408
0.290401
0.290396
0.290389
0.290381
0.290377
0.290366
0.290364
0.290357
0.290352
0.290345
0.290342
0.290337
0.290333
0.290328
0.290324
0.290319
0.290311
0.290309
0.290302
0.290297
0.290289
0.290282
0.290272
0.290271
0.290266
0.290259
0.290259
0.290251
0.290248
0.290245
0.290237
0.290242
0.290245
0.290241
0.290244
0.290241
0.29024
0.290234
0.290234
0.290228
0.290222
0.290226
0.290223
0.290217
0.290221
0.290218
0.290223
0.290223
0.29023
0.290235
0.29024
0.290245
0.290249
0.290254
0.290258
0.290267
0.290272
0.290281
0.290286
0.290289
0.290291
0.290295
0.290302
0.290307
0.290311
0.290317
0.290328
0.290335
0.290339
0.290353
0.290359
0.29037
0.290377
0.290385
0.290392
0.290407
0.290417
0.290425
0.290437
0.290447
0.290458
0.290461
0.290472
0.290483
0.290489
0.290503
0.290513
0.290521
0.290527
0.290533
0.290542
0.290553
0.290562
0.290564
0.29057
0.290576
0.290579
0.29058
0.290589
0.290598
0.290603
0.290609
0.290616
0.290625
0.290634
0.29064
0.290646
0.290652
0.29066
0.290669
0.290675
0.290687
0.290699
0.290714
0.290726
0.290748
0.29076
0.290774
0.290796
0.290813
0.290838
0.29086
0.290882
0.29091
0.290943
0.290971
0.290999
0.291031
0.291059
0.291094
0.291128
0.291166
0.291207
0.291245
0.291286
0.291327
0.291376
0.291423
0.291477
0.291533
0.29159
0.291646
0.291698
0.291755
0.29182
0.29188
0.291946
0.292009
0.292077
0.292142
0.292208
0.292268
0.292332
0.292395
0.292462
0.292533
0.292602
0.292677
0.292753
0.292833
0.292906
0.292983
0.293045
0.293107
0.293167
0.293233
0.293297
0.293362
0.293424
0.293476
0.293536
0.293594
0.293658
0.293703
0.293757
0.293798
0.293836
0.293881
0.293914
0.293956
0.293997
0.294034
0.294069
0.294103
0.294134
0.294158
0.294182
0.29421
0.294237
0.294261
0.294285
0.294305
0.29433
0.294347
0.294364
0.294381
0.294398
0.294415
0.294432
0.294441
0.294455
0.294472
0.294486
0.2945
0.294519
0.294539
0.294561
0.294586
0.294608
0.29463
0.294652
0.294672
0.294688
0.294707
0.294723
0.294742
0.294764
0.294786
0.294802
0.29483
0.294852
0.294877
0.294899
0.294921
0.294943
0.294962
0.294986
0.295008
0.295028
0.295052
0.295068
0.295088
0.295107
0.295123
0.295139
0.295158
0.295177
0.295193
0.295209
0.295226
0.295239
0.295248
0.295264
0.295275
0.295288
0.295301
0.295304
0.295317
0.295325
0.295335
0.295345
0.295352
0.295365
0.295378
0.295389
0.295399
0.295407
0.295417
0.295428
0.295433
0.295446
0.295454
0.295458
0.295469
0.295479
0.295487
0.295498
0.29551
0.295518
0.295523
0.295533
0.295541
0.295548
0.295556
0.295569
0.295574
0.295587
0.2956
0.295612
0.295622
0.29563
0.295645
0.295655
0.295665
0.295675
0.295688
0.295698
0.295708
0.295721
0.295734
0.29575
0.29576
0.295773
0.295789
0.295799
0.295812
0.295822
0.295832
0.295845
0.295855
0.29586
0.295873
0.295886
0.29589
0.295898
0.295912
0.295921
0.295929
0.295935
0.295941
0.295947
0.295953
0.295963
0.295963
0.295974
0.295983
0.295991
0.295997
0.296009
0.296022
0.296033
0.296042
0.296058
0.296073
0.296088
0.2961
0.296116
0.296134
0.296149
0.296168
0.296186
0.296207
0.296226
0.296244
0.296265
0.29628
0.296298
0.296318
0.296336
0.296351
0.296366
0.296378
0.296391
0.296402
0.296415
0.296427
0.296437
0.296446
0.296455
0.296461
0.296463
0.296466
0.296473
0.296475
0.296479
0.296488
0.296494
0.296499
0.296508
0.296517
0.296522
0.296529
0.296541
0.296546
0.296559
0.296564
0.29657
0.296578
0.296584
0.296586
0.296598
0.296607
0.296612
0.296621
0.296624
0.296631
0.296637
0.296643
0.29665
0.296663
0.296675
0.296689
0.296698
0.296714
0.296727
0.296743
0.296759
0.296776
0.296798
0.296817
0.296835
0.296863
0.296886
0.296908
0.296933
0.296952
0.296972
0.296994
0.297019
0.297041
0.297064
0.29709
0.297115
0.297141
0.297166
0.297191
0.297216
0.297242
0.297267
0.297303
0.297335
0.297363
0.297398
0.297427
0.297452
0.297481
0.297506
0.297525
0.297553
0.297576
0.297605
0.29763
0.297659
0.29769
0.297716
0.297742
0.297771
0.2978
0.29783
0.297856
0.297886
0.29791
0.297933
0.297955
0.297978
0.297994
0.298024
0.298053
0.298078
0.29811
0.298139
0.298164
0.298193
0.298214
0.298242
0.298271
0.298299
0.29833
0.298351
0.298372
0.298395
0.298406
0.29843
0.298451
0.298476
0.298496
0.298519
0.298539
0.298562
0.298579
0.298598
0.298622
0.298645
0.298667
0.29869
0.298706
0.298727
0.298746
0.298772
0.298795
0.298813
0.298835
0.298854
0.298871
0.2989
0.298925
0.298954
0.298975
0.299004
0.299027
0.299045
0.299058
0.299076
0.299099
0.299115
0.299147
0.299169
0.299196
0.299219
0.299234
0.299257
0.299276
0.299298
0.299314
0.299335
0.299351
0.299373
0.299388
0.299406
0.299424
0.299436
0.29944
0.299449
0.29945
0.299455
0.299453
0.299461
0.29947
0.29947
0.299475
0.299481
0.299479
0.299488
0.299486
0.299494
0.299499
0.299504
0.299504
0.299512
0.299509
0.299506
0.299499
0.299498
0.299496
0.299489
0.299485
0.299474
0.299464
0.299453
0.299446
0.29944
0.299429
0.299425
0.299419
0.299407
0.299396
0.299381
0.299365
0.29935
0.299335
0.299319
0.299304
0.299288
0.299281
0.299263
0.299243
0.299221
0.299202
0.299176
0.299154
0.299127
0.2991
0.299075
0.299051
0.299021
0.298999
0.298966
0.298944
0.29892
0.298892
0.298863
0.298838
0.298814
0.298782
0.298754
0.298723
0.298702
0.298675
0.298651
0.298622
0.29859
0.298569
0.298542
0.298511
0.298484
0.298454
0.298431
0.298407
0.298385
0.298364
0.298331
0.2983
0.298264
0.298237
0.298205
0.298172
0.298152
0.298124
0.298102
0.298081
0.298058
0.298033
0.298013
0.297992
0.297976
0.297953
0.297941
0.297925
0.297913
0.297901
0.29789
0.297877
0.297866
0.297864
0.297856
0.297844
0.297843
0.297838
0.297827
0.297817
0.297813
0.297804
0.297804
0.297799
0.297794
0.297788
0.297785
0.29778
0.297776
0.297768
0.297775
0.29777
0.297778
0.297791
0.297803
0.297813
0.297833
0.297845
0.297862
0.297883
0.297907
0.297934
0.297955
0.297978
0.298009
0.298041
0.298064
0.298095
0.29812
0.298153
0.298195
0.298221
0.298269
0.298309
0.298334
0.298367
0.298388
0.29842
0.298457
0.298499
0.298534
0.298567
0.298605
0.298637
0.298673
0.298711
0.298753
0.298794
0.298846
0.298895
0.29893
0.298968
0.298996
0.299043
0.299089
0.299138
0.299185
0.299217
0.299252
0.299284
0.299323
0.299363
0.2994
0.299452
0.299495
0.299535
0.299573
0.299605
0.299648
0.299693
0.299741
0.299786
0.299834
0.299874
0.299918
0.299954
0.300002
0.300046
0.300086
0.300131
0.300176
0.300214
0.300259
0.300294
0.300334
0.300377
0.300417
0.300449
0.300491
0.30052
0.300563
0.300603
0.30065
0.300694
0.300746
0.300793
0.300838
0.300882
0.300907
0.30095
0.300993
0.301039
0.301095
0.301145
0.301193
0.301236
0.30129
0.301338
0.301391
0.30144
0.301498
0.301547
0.301605
0.301662
0.30172
0.301778
0.301832
0.301882
0.301932
0.301982
0.302032
0.302086
0.302141
0.302196
0.302251
0.302297
0.302344
0.30239
0.302443
0.30249
0.302541
0.302588
0.302636
0.302678
0.302721
0.302769
0.302808
0.302847
0.30289
0.30293
0.302973
0.303017
0.303065
0.303114
0.303158
0.303202
0.303243
0.303287
0.303337
0.303386
0.303435
0.303472
0.303517
0.303558
0.303595
0.303636
0.303677
0.303723
0.303764
0.30381
0.303847
0.303885
0.303922
0.303959
0.304005
0.304043
0.304076
0.30411
0.304139
0.304172
0.304206
0.304244
0.304277
0.30431
0.304344
0.304378
0.304402
0.304422
0.304443
0.304472
0.304492
0.304512
0.304537
0.304558
0.304574
0.304594
0.304619
0.30464
0.30467
0.30469
0.304716
0.304731
0.304734
0.30475
0.304742
0.304758
0.304774
0.304795
0.304806
0.304822
0.304829
0.304836
0.304838
0.304844
0.304856
0.304862
0.304874
0.30489
0.304887
0.304898
0.304899
0.30491
0.304919
0.304917
0.304928
0.304931
0.304928
0.304926
0.304929
0.304931
0.304933
0.304936
0.304938
0.30495
0.304947
0.304945
0.304938
0.304941
0.30493
0.304918
0.304916
0.304914
0.304903
0.3049
0.304894
0.304892
0.30489
0.304888
0.304882
0.304871
0.304864
0.304853
0.304842
0.304836
0.304825
0.304824
0.304814
0.304803
0.304797
0.304797
0.304784
0.304778
0.304763
0.304748
0.304728
0.304718
0.304707
0.304687
0.304662
0.30464
0.304624
0.304609
0.304589
0.304576
0.304561
0.30455
0.304533
0.304517
0.304495
0.304473
0.304441
0.304412
0.304375
0.304334
0.30429
0.304242
0.304191
0.304135
0.30408
0.304031
0.303976
0.303915
0.303857
0.303795
0.303739
0.303679
0.303621
0.303565
0.303504
0.303441
0.303383
0.303312
0.303247
0.303177
0.303106
0.303046
0.302976
0.302908
0.302836
0.302769
0.302701
0.302632
0.302564
0.3025
0.302425
0.302353
0.302278
0.302208
0.302137
0.302055
0.301974
0.301905
0.301824
0.301765
0.301706
0.301642
0.301586
0.301528
0.30146
0.301401
0.301338
0.301277
0.301233
0.301181
0.301137
0.301085
0.301031
0.300979
0.30093
0.300873
0.300795
0.300754
0.300689
0.300658
0.300625
0.300595
0.300567
0.300546
0.300528
0.300505
0.30049
0.300472
0.300461
0.300444
0.300433
0.30042
0.30041
0.300399
0.300393
0.300383
0.300379
0.30037
0.300368
0.300358
0.300355
0.300351
0.300346
0.300344
0.300341
0.300336
0.300333
0.300336
0.300333
0.30033
0.300328
0.300323
0.300326
0.300324
0.300323
0.300329
0.300337
0.300336
0.300333
0.300337
0.300334
0.300326
0.300324
0.300324
0.300317
0.300312
0.300306
0.300301
0.30029
0.300279
0.300272
0.300256
0.300245
0.300235
0.300219
0.300197
0.300188
0.300176
0.30017
0.300162
0.300156
0.300132
0.300123
0.300119
0.300117
0.300114
0.300106
0.300105
0.300092
0.30009
0.300085
0.300085
0.300084
0.300084
0.30008
0.300084
0.30008
0.300074
0.300081
0.300078
0.300079
0.300079
0.300076
0.300078
0.300081
0.300081
0.300083
0.300086
0.300088
0.3001
0.300098
0.300105
0.300108
0.300115
0.300123
0.30013
0.300138
0.300145
0.300153
0.300156
0.300164
0.300171
0.300184
0.300191
0.300194
0.300202
0.300205
0.300212
0.300225
0.300233
0.300241
0.300244
0.300252
0.300256
0.300264
0.300272
0.30027
0.300279
0.300292
0.300305
0.300318
0.300327
0.300328
0.300341
0.30035
0.300363
0.300372
0.30038
0.300384
0.300397
0.300401
0.3004
0.300413
0.300427
0.300436
0.300438
0.300447
0.300453
0.300462
0.300472
0.300476
0.30049
0.300494
0.300499
0.300503
0.300513
0.300525
0.300534
0.300539
0.300549
0.300554
0.300561
0.300571
0.300584
0.300591
0.300597
0.300619
0.300632
0.300635
0.300648
0.300651
0.300653
0.300645
0.300648
0.300648
0.300643
0.300654
0.300659
0.300671
0.300678
0.300682
0.30068
0.300688
0.300686
0.300685
0.300688
0.300699
0.300708
0.300719
0.300717
0.300717
0.300714
0.300717
0.300725
0.300738
0.300732
0.300724
0.300714
0.300719
0.300719
0.300717
0.300717
0.300702
0.300687
0.300674
0.300666
0.300657
0.300639
0.300619
0.300601
0.300579
0.300555
0.300525
0.300511
0.300495
0.300461
0.300428
0.300402
0.300389
0.300361
0.300321
0.30029
0.300259
0.300242
0.300209
0.300188
0.300171
0.300137
0.300095
0.300069
0.30005
0.300016
0.299983
0.29995
0.299921
0.299897
0.299868
0.299827
0.299808
0.299792
0.299769
0.29973
0.299709
0.299682
0.299658
0.299632
0.299603
0.299594
0.299597
0.29957
0.299532
0.299512
0.299496
0.299486
0.299468
0.299434
0.299405
0.299396
0.299371
0.299343
0.299333
0.299313
0.299276
0.299178
0.299159
0.299141
0.299103
0.299076
0.299042
0.29902
0.299016
0.298979
0.298935
0.298908
0.298879
0.298856
0.298824
0.298783
0.298753
0.29872
0.298684
0.29865
0.298609
0.298579
0.298543
0.298508
0.298473
0.298436
0.298394
0.298366
0.29833
0.298291
0.298257
0.298218
0.298189
0.298173
0.298144
0.298117
0.2981
0.298072
0.298053
0.298048
0.298037
0.298018
0.298007
0.297993
0.297992
0.297984
0.29798
0.297979
0.297979
0.297976
0.297982
0.29799
0.298
0.297999
0.298004
0.298035
0.298062
0.298077
0.298105
0.298127
0.298154
0.29818
0.298201
0.298241
0.29828
0.298319
0.298364
0.298397
0.298428
0.298482
0.298562
0.298626
0.298684
0.298739
0.298813
0.298879
0.298958
0.299043
0.299104
0.29911
0.299117
0.299124
0.29913
0.299137
0.299144
0.29915
0.299157
0.299164
0.29917
0.299177
0.299183
0.29919
0.299197
0.299203
0.29921
0.299216
0.299223
0.299229
0.299235
0.299242
0.299248
0.299255
0.299261
0.299267
0.299273
0.29928
0.299286
0.299292
0.299298
0.299304
0.29931
0.299316
0.299322
0.299328
0.299334
0.29934
0.299346
0.299352
0.299357
0.299363
0.299369
0.299375
0.29938
0.299386
0.299392
0.299397
0.299403
0.299408
0.299414
0.299419
0.299425
0.29943
0.299436
0.299441
0.299446
0.299452
0.299457
0.299462
0.299467
0.299472
0.299478
0.299483
0.299488
0.299493
0.299498
0.299503
0.299508
0.299513
0.299518
0.299523
0.299527
0.299532
0.299537
0.299542
0.299546
0.299551
0.299556
0.299561
0.299565
0.29957
0.299574
0.299579
0.299584
0.299588
0.299593
0.299597
0.299602
0.299606
0.299611
0.299615
0.299619
0.299624
0.299628
0.299632
0.299637
0.299641
0.299645
0.299649
0.299653
0.299657
0.299662
0.299666
0.29967
0.299674
0.299678
0.299681
0.299685
0.299689
0.299693
0.299697
0.299701
0.299705
0.299709
0.299713
0.299717
0.29972
0.299724
0.299728
0.299732
0.299736
0.299739
0.299743
0.299747
0.29975
0.299754
0.299758
0.299761
0.299765
0.299768
0.299772
0.299776
0.299779
0.299783
0.299786
0.29979
0.299793
0.299797
0.2998
0.299803
0.299807
0.29981
0.299814
0.299817
0.29982
0.299824
0.299827
0.29983
0.299834
0.299837
0.29984
0.299844
0.299847
0.29985
0.299853
0.299857
0.29986
0.299863
0.299866
0.299869
0.299872
0.299876
0.299879
0.299882
0.299885
0.299888
0.299891
0.299894
0.299897
0.2999
0.299903
0.299905
0.299908
0.299911
0.299914
0.299916
0.299919
0.299922
0.299924
0.299927
0.29993
0.299932
0.299935
0.299937
0.29994
0.299942
0.299945
0.299947
0.29995
0.299952
0.299955
0.299957
0.29996
0.299962
0.299964
0.299967
0.299969
0.299972
0.299974
0.299976
0.299979
0.299981
0.299983
0.299986
0.299988
0.29999
0.299992
0.299995
0.299997
0.299999
0.300001
0.300003
0.300006
0.300008
0.30001
0.300012
0.300014
0.300016
0.300018
0.30002
0.300022
0.300024
0.300026
0.300028
0.30003
0.300032
0.300034
0.300036
0.300038
0.30004
0.300042
0.300044
0.300046
0.300047
0.300049
0.300051
0.300053
0.300055
0.300057
0.300058
0.30006
0.300062
0.300064
0.300066
0.300067
0.300069
0.300071
0.300073
0.300075
0.300077
0.300078
0.30008
0.300082
0.300084
0.300086
0.300087
0.300089
0.300091
0.300093
0.300094
0.300096
0.300098
0.3001
0.300101
0.300103
0.300105
0.300107
0.300108
0.30011
0.300112
0.300113
0.300115
0.300117
0.300119
0.30012
0.300122
0.300124
0.300125
0.300127
0.300129
0.300131
0.300132
0.300134
0.300136
0.300137
0.300139
0.300141
0.300142
0.300144
0.300146
0.300147
0.300149
0.300151
0.300152
0.300154
0.300155
0.300157
0.300159
0.30016
0.300162
0.300163
0.300165
0.300167
0.300168
0.30017
0.300171
0.300173
0.300175
0.300176
0.300178
0.300179
0.300181
0.300182
0.300184
0.300185
0.300186
0.300188
0.300189
0.300191
0.300192
0.300193
0.300195
0.300196
0.300198
0.300199
0.3002
0.300202
0.300203
0.300204
0.300205
0.300207
0.300208
0.300209
0.30021
0.300211
0.300212
0.300214
0.300215
0.300216
0.300217
0.300218
0.300219
0.30022
0.300222
0.300223
0.300224
0.300225
0.300226
0.300227
0.300228
0.300229
0.30023
0.300231
0.300232
0.300233
0.300234
0.300235
0.300236
0.300236
0.300237
0.300238
0.300239
0.30024
0.300241
0.300242
0.300242
0.300243
0.300244
0.300245
0.300246
0.300246
0.300247
0.300248
0.300248
0.300249
0.30025
0.30025
0.300251
0.300251
0.300252
0.300252
0.300253
0.300253
0.300254
0.300254
0.300255
0.300255
0.300256
0.300256
0.300257
0.300257
0.300257
0.300258
0.300258
0.300259
0.300259
0.30026
0.30026
0.30026
0.300261
0.300261
0.300262
0.300262
0.300263
0.300263
0.300263
0.300264
0.300264
0.300265
0.300265
0.300265
0.300266
0.300266
0.300266
0.300267
0.300267
0.300268
0.300268
0.300269
0.300269
0.30027
0.30027
0.30027
0.300271
0.300271
0.300272
0.300272
0.300273
0.300273
0.300274
0.300274
0.300275
0.300275
0.300276
0.300276
0.300277
0.300277
0.300277
0.300278
0.300278
0.300279
0.300279
0.30028
0.30028
0.300281
0.300281
0.300282
0.300282
0.300282
0.300283
0.300283
0.300283
0.300284
0.300284
0.300284
0.300285
0.300285
0.300285
0.300285
0.300286
0.300286
0.300286
0.300286
0.300286
0.300286
0.300286
0.300287
0.300287
0.300287
0.300287
0.300287
0.300287
0.300287
0.300287
0.300287
0.300287
0.300287
0.300287
0.300287
0.300287
0.300286
0.300286
0.300286
0.300286
0.300286
0.300286
0.300286
0.300286
0.300285
0.300285
0.300285
0.300285
0.300285
0.300284
0.300284
0.300284
0.300284
0.300283
0.300283
0.300283
0.300283
0.300282
0.300282
0.300282
0.300282
0.300281
0.300281
0.300281
0.300281
0.30028
0.30028
0.30028
0.300279
0.300279
0.300279
0.300279
0.300278
0.300278
0.300278
0.300278
0.300277
0.300277
0.300277
0.300277
0.300277
0.300276
0.300276
0.300276
0.300276
0.300275
0.300275
0.300275
0.300275
0.300274
0.300274
0.300274
0.300274
0.300273
0.300273
0.300273
0.300272
0.300272
0.300272
0.300272
0.300271
0.300271
0.300271
0.30027
0.30027
0.30027
0.30027
0.30027
0.300269
0.300269
0.300269
0.300269
0.300268
0.300268
0.300268
0.300268
0.300268
0.300268
0.300267
0.300267
0.300267
0.300267
0.300267
0.300266
0.300266
0.300266
0.300266
0.300266
0.300266
0.300265
0.300265
0.300265
0.300265
0.300265
0.300264
0.300264
0.300264
0.300264
0.300264
0.300263
0.300263
0.300263
0.300263
0.300262
0.300262
0.300262
0.300262
0.300261
0.300261
0.300261
0.300261
0.30026
0.30026
0.30026
0.30026
0.300259
0.300259
0.300259
0.300259
0.300258
0.300258
0.300258
0.300258
0.300257
0.300257
0.300257
0.300257
0.300256
0.300256
0.300256
0.300255
0.300255
0.300255
0.300255
0.300255
0.300254
0.300254
0.300254
0.300254
0.300253
0.300253
0.300253
0.300253
0.300253
0.300252
0.300252
0.300252
0.300252
0.300252
0.300251
0.300251
0.300251
0.300251
0.300251
0.30025
0.30025
0.30025
0.30025
0.30025
0.300249
0.300249
0.300249
0.300249
0.300248
0.300248
0.300248
0.300247
0.300247
0.300247
0.300246
0.300246
0.300246
0.300246
0.300245
0.300245
0.300245
0.300244
0.300244
0.300244
0.300243
0.300243
0.300243
0.300243
0.300242
0.300242
0.300242
0.300242
0.300242
0.300241
0.300241
0.300241
0.300241
0.300241
0.300241
0.300241
0.300241
0.300241
0.300241
0.300241
0.30024
